AMBIENT,71.6,52.1,69.4,53.4,51.2,57.7,54.6,56.6,55.4,51.6,56.1,68.2,63.7,55.1,61.0,54.5,50.3,52.3,47.9,42.0,40.9,40.1,39.8,37.5,37.4,37.8,38.6,38.1,37.2,37.8,38.3,38.1,38.9,40.0,40.9,41.9,42.9,43.9,44.9
09:41:51.000,71.5,51.5,69.5,49.3,50.3,55.2,54.6,53.5,51.7,49.2,58.2,67.6,63.5,55.8,61.1,53.7,49.8,51.9,47.4,41.6,40.8,38.5,38.2,35.6,35.4,35.7,34.9,37.5,37.0,40.1,41.0,38.0,39.0,40.0,40.9,41.8,42.9,44.0,44.9
09:41:52.000,72.4,51.3,70.0,51.4,53.6,60.4,58.4,56.9,55.4,50.1,55.6,68.2,62.9,56.0,61.4,54.4,51.3,52.0,46.9,41.4,39.6,38.8,38.1,35.7,35.4,35.4,34.9,37.1,36.5,37.3,38.3,37.7,38.8,39.9,40.6,41.8,42.7,43.8,45.0
09:41:53.000,70.2,50.8,68.0,49.6,49.1,55.3,53.9,55.5,56.5,52.4,53.8,65.0,62.2,53.4,60.9,53.7,49.6,52.8,47.1,40.2,40.5,39.7,38.3,34.6,35.3,35.4,34.4,34.9,35.2,36.2,37.6,38.9,39.0,39.9,40.9,42.0,43.0,44.0,44.9
09:41:54.000,71.7,50.8,69.5,46.9,49.0,54.5,53.2,57.6,56.8,49.5,56.8,70.5,62.3,53.8,60.8,53.7,51.6,52.7,48.2,41.6,39.8,39.0,37.3,34.5,35.4,35.1,34.8,34.6,35.3,35.9,36.9,38.0,38.9,40.0,41.0,41.7,42.9,44.0,44.9
09:41:55.000,71.4,50.8,69.2,45.1,50.2,55.4,55.0,56.1,55.9,50.4,57.4,68.3,64.0,54.6,60.4,53.0,50.2,53.1,48.2,41.0,39.7,39.3,39.1,35.6,34.7,34.7,35.4,35.2,35.1,36.1,36.8,38.3,38.9,40.0,40.7,42.0,42.9,44.0,44.9
09:41:56.000,72.0,50.8,69.9,49.2,51.6,56.2,53.9,57.1,55.7,54.5,56.1,66.3,62.1,54.6,61.0,53.5,50.8,53.0,46.8,41.1,40.1,37.5,38.6,35.4,35.3,35.0,34.9,34.8,35.5,35.9,37.2,37.9,38.9,39.8,40.7,41.9,42.9,43.8,44.9
09:41:57.000,70.3,50.9,68.0,48.2,50.5,53.0,51.8,53.6,51.7,53.6,56.6,65.1,63.4,54.2,60.8,53.3,49.4,52.6,47.9,41.9,40.3,37.6,40.0,35.4,36.0,35.4,34.6,35.2,36.5,36.7,37.1,37.9,38.9,39.9,41.0,42.0,42.9,43.9,44.9
09:41:58.000,71.8,51.2,69.5,49.7,53.1,61.6,59.1,55.6,53.8,48.6,56.6,70.0,62.9,53.9,59.8,53.5,50.0,52.5,47.7,41.5,40.6,37.9,40.8,35.2,35.8,35.1,34.7,37.0,36.7,38.3,38.9,38.1,39.0,40.3,41.0,42.1,42.9,43.9,44.9
09:41:59.000,71.2,51.4,69.1,49.6,51.0,55.1,51.1,56.0,54.7,51.2,56.9,69.8,63.9,54.0,60.1,53.2,49.4,52.0,47.6,40.8,40.3,38.3,38.9,34.5,35.6,34.5,35.0,37.4,36.7,39.9,39.1,37.9,38.8,40.1,40.9,41.8,42.8,44.0,45.1
09:42:00.000,71.6,51.2,69.4,46.0,50.4,56.9,54.1,57.5,55.9,54.4,55.0,65.8,62.1,53.7,60.1,53.2,50.5,52.8,47.7,41.1,39.9,38.7,39.2,35.3,35.9,35.1,35.2,36.5,35.7,36.4,37.3,37.8,39.0,40.0,41.0,41.9,42.9,43.9,44.8
09:42:01.000,70.9,50.8,68.7,52.5,50.5,57.9,55.7,55.9,56.1,50.3,54.1,68.0,63.1,55.1,60.6,53.2,50.2,52.5,48.4,41.9,39.1,37.8,38.4,35.0,35.7,35.2,35.1,34.9,35.4,36.2,36.8,37.7,39.1,40.2,40.9,41.9,42.9,43.9,45.0
09:42:02.000,70.7,50.8,68.5,49.5,49.5,55.0,54.9,57.0,55.4,50.7,55.6,66.1,62.6,55.2,60.5,53.4,50.5,53.0,47.9,41.3,40.2,38.6,38.9,34.6,35.8,36.1,34.8,34.9,34.8,36.3,36.9,37.7,38.5,39.9,40.8,41.7,43.0,43.9,44.9
09:42:03.000,72.0,50.8,69.5,51.9,52.9,59.5,56.9,56.4,55.3,53.2,58.3,70.3,62.9,56.5,60.9,53.9,50.8,52.8,49.0,41.8,40.4,38.8,38.6,34.9,36.5,35.1,34.8,35.1,35.4,36.0,36.8,37.9,38.9,40.0,40.7,42.0,42.9,44.0,44.9
09:42:04.000,71.5,50.8,69.3,56.0,53.5,48.5,48.1,56.7,56.8,52.2,53.0,66.0,64.7,56.3,60.7,53.3,51.1,52.7,48.4,40.4,39.2,38.5,39.3,33.9,36.0,35.4,34.3,35.3,35.4,36.0,37.0,37.9,38.7,39.8,40.8,41.8,42.8,43.9,44.9
09:42:05.000,71.7,50.7,69.4,50.3,49.2,57.0,56.2,57.2,56.4,47.5,56.3,69.7,63.3,54.2,60.8,53.5,49.2,52.2,47.7,41.1,39.3,37.3,39.2,34.2,35.8,35.5,34.3,34.3,35.1,36.0,37.5,37.9,38.9,40.2,40.9,42.0,42.8,43.8,45.0
09:42:06.000,70.5,50.8,68.3,46.5,50.9,54.8,53.1,55.6,54.4,48.9,55.8,63.7,63.1,55.9,61.1,53.3,49.1,52.6,47.0,41.4,39.9,37.9,37.3,34.4,36.6,35.0,34.8,35.2,36.4,36.7,37.3,38.1,39.1,40.0,40.9,41.9,42.9,44.0,45.1
09:42:07.000,70.6,51.1,68.4,50.2,49.6,53.2,51.7,54.2,54.3,51.6,54.6,68.2,63.0,54.2,60.2,53.1,50.0,52.4,47.3,40.8,39.6,38.0,39.3,34.8,35.2,35.5,34.3,35.8,38.3,37.6,39.0,37.8,38.6,39.9,40.8,41.9,43.1,43.9,44.9
09:42:08.000,72.0,51.3,69.5,52.6,52.6,60.5,57.9,56.6,54.3,51.3,54.6,66.9,62.8,55.8,60.3,53.8,50.0,52.5,46.8,41.0,40.1,36.7,38.6,35.6,35.5,36.2,35.2,37.5,37.3,39.2,39.1,37.8,38.9,39.8,40.9,41.8,42.8,44.0,45.0
09:42:09.000,71.1,50.7,69.0,50.8,51.8,55.3,53.6,56.8,55.7,48.2,56.3,69.6,63.5,54.7,60.8,54.2,49.8,52.3,47.4,41.9,39.4,37.3,37.8,34.7,35.5,35.1,35.0,34.7,35.2,35.9,36.8,37.9,38.9,39.9,41.0,42.1,42.9,43.9,44.9
09:42:10.000,71.4,50.7,69.1,47.2,49.1,56.8,54.8,57.1,57.1,54.1,53.8,69.2,62.4,55.7,59.8,53.5,50.6,52.9,48.9,40.7,39.5,36.7,39.9,35.2,35.5,34.5,34.4,34.9,35.3,36.1,37.2,37.9,39.0,39.8,41.0,41.9,42.8,43.8,44.8
09:42:11.000,70.4,50.7,68.2,53.7,51.4,55.1,52.8,55.8,55.0,54.8,54.9,66.2,62.7,53.7,60.5,54.2,50.0,52.4,48.2,41.3,38.7,37.2,39.5,34.4,35.2,34.9,34.3,35.0,35.5,36.4,36.8,37.9,39.0,40.1,41.1,41.9,43.0,43.9,45.0
09:42:12.000,72.1,50.8,69.8,50.1,49.5,57.4,55.9,55.0,54.5,49.6,55.4,66.9,61.3,52.1,61.5,54.5,50.4,52.6,48.2,40.9,39.1,37.8,38.9,35.2,35.4,35.7,35.0,34.8,35.6,35.9,37.5,38.6,39.0,40.1,41.1,41.7,43.0,43.9,45.0
09:42:13.000,70.5,50.8,67.9,51.4,51.6,57.1,56.1,55.8,55.5,46.9,57.5,64.0,62.3,54.4,60.8,53.6,50.1,52.4,47.6,42.0,40.4,37.9,39.7,35.0,35.8,35.5,35.0,34.4,35.1,35.9,36.9,38.2,39.1,39.9,40.9,41.9,42.9,44.0,44.9
09:42:14.000,72.0,50.6,68.6,56.8,55.6,60.2,57.4,55.7,53.7,52.1,55.5,68.9,61.9,53.8,60.4,53.2,49.9,51.8,46.9,41.1,40.2,37.4,39.2,34.3,35.2,34.9,34.5,34.8,35.4,35.8,36.9,37.6,38.8,40.1,41.1,41.9,42.9,43.9,45.0
09:42:15.000,71.1,50.8,68.6,57.8,51.4,49.6,49.4,57.8,58.5,54.7,56.1,65.7,62.7,53.8,60.5,53.2,49.4,51.8,48.0,41.4,41.1,37.5,40.4,35.2,35.9,35.0,35.3,34.9,35.4,36.1,37.0,38.0,38.7,39.9,40.8,42.0,42.9,43.9,45.0
09:42:16.000,71.2,51.0,68.8,55.9,54.2,51.2,55.1,56.7,55.0,48.0,54.4,68.8,63.0,56.9,60.2,53.7,50.0,52.2,47.9,41.2,40.2,37.0,40.3,34.5,35.6,35.5,35.2,35.6,36.6,36.3,37.6,38.0,38.9,40.1,40.7,41.9,42.9,43.8,45.0
09:42:17.000,72.5,51.3,69.3,52.9,54.3,61.5,58.4,55.5,55.1,49.2,54.8,69.5,64.3,54.3,60.1,53.3,50.3,52.3,47.6,42.0,41.2,37.7,39.5,35.4,35.1,34.5,34.9,37.5,36.7,38.6,38.8,38.0,38.9,40.2,40.8,41.9,42.9,43.8,45.1
09:42:18.000,70.6,51.7,68.2,53.1,53.2,54.2,53.0,54.5,53.2,50.9,56.4,66.4,63.8,57.1,60.3,54.1,50.7,52.2,48.1,40.7,40.1,39.7,40.3,35.4,35.7,34.9,34.9,37.6,37.1,40.8,41.0,38.8,38.9,39.9,41.0,41.8,43.0,44.0,45.2
09:42:19.000,71.7,51.0,69.5,53.5,50.8,56.4,56.6,53.8,53.5,53.4,55.7,68.4,63.2,53.4,61.7,53.8,49.0,52.7,48.8,40.7,40.3,41.6,38.9,34.6,34.9,34.9,34.7,35.4,35.7,36.1,36.9,38.0,38.8,40.0,40.7,41.9,42.8,43.8,44.8
09:42:20.000,71.8,50.9,68.6,48.0,49.7,55.7,53.5,56.0,55.8,49.6,54.9,66.0,63.6,55.5,62.6,55.7,50.0,51.9,48.7,41.4,40.4,41.2,37.5,34.8,36.2,35.2,34.9,34.8,35.1,36.4,37.3,38.1,38.8,39.8,41.0,41.9,42.8,43.9,44.9
09:42:21.000,72.1,51.0,70.0,51.2,54.4,54.7,53.6,56.6,56.1,49.9,55.7,68.1,63.2,56.5,62.9,56.1,50.8,50.8,48.1,41.5,41.1,40.6,38.8,34.8,35.6,34.8,35.0,35.4,35.7,35.7,36.7,38.0,38.9,40.1,40.9,42.2,43.1,43.9,45.0
09:42:22.000,71.5,51.1,69.1,51.7,54.1,59.2,58.9,58.2,56.3,54.9,56.0,64.3,64.3,53.8,63.1,55.7,50.4,52.7,49.1,42.3,42.9,41.2,38.2,35.7,35.2,34.9,35.1,35.4,35.7,36.0,37.0,37.9,38.9,40.1,40.9,41.9,42.9,43.9,44.9
09:42:23.000,72.4,52.5,70.4,51.2,50.9,51.9,52.5,57.3,57.3,47.6,55.5,69.2,65.6,55.3,62.5,56.4,51.4,52.4,48.2,43.8,41.1,42.7,40.8,39.1,39.6,40.8,41.9,39.7,37.6,36.6,38.2,38.9,38.8,40.1,40.9,41.9,42.8,43.9,44.8
09:42:24.000,71.8,54.0,69.6,52.7,47.9,55.1,54.1,55.3,54.4,51.5,58.1,63.3,65.4,56.4,62.6,56.8,51.2,52.6,48.7,43.8,43.0,45.0,42.5,42.4,42.2,42.7,45.1,43.3,40.3,38.0,37.7,38.3,39.1,40.1,40.9,41.8,42.7,43.8,44.9
09:42:25.000,73.1,54.5,70.8,56.6,53.8,59.0,58.4,56.3,56.0,54.3,57.9,69.7,66.1,56.2,62.1,57.5,51.3,52.0,48.7,44.9,43.6,44.0,42.3,43.3,41.6,43.8,45.3,44.6,42.2,39.7,37.9,38.1,39.2,40.1,40.7,41.8,42.8,43.7,44.8
09:42:26.000,71.9,54.8,69.7,51.9,53.2,58.0,55.2,57.0,54.6,49.3,55.6,65.2,64.7,55.3,61.6,57.7,50.6,50.5,48.4,44.6,43.3,42.4,41.9,44.0,42.6,43.9,46.5,43.9,42.5,41.3,40.9,38.5,39.0,40.0,41.0,41.9,42.9,43.8,45.0
09:42:27.000,73.2,54.4,71.1,53.6,54.1,58.8,57.1,57.0,58.1,50.7,57.4,69.5,64.7,56.9,61.2,57.2,51.1,50.3,47.3,44.0,43.3,44.0,42.7,42.5,41.7,43.0,44.2,42.9,40.5,42.2,41.6,38.5,38.7,40.1,40.9,41.9,42.8,44.0,44.9
09:42:28.000,71.4,53.2,69.3,48.0,49.4,56.0,55.5,57.3,57.0,53.2,55.4,66.8,65.5,56.0,60.9,56.6,51.0,50.9,47.0,43.7,43.1,43.0,41.4,41.5,40.9,41.1,42.1,42.1,39.9,38.4,38.5,38.8,38.8,39.9,40.9,41.7,42.9,43.8,44.9
09:42:29.000,72.5,52.8,70.5,47.6,53.4,56.3,56.3,56.5,53.5,54.2,55.4,69.7,67.0,57.0,60.5,57.3,50.7,51.2,47.8,43.7,43.4,43.0,42.4,40.1,39.2,41.0,42.3,40.4,38.0,37.2,37.3,38.2,38.7,39.7,40.9,42.0,43.0,44.0,45.1
09:42:30.000,72.9,53.1,70.4,48.6,54.3,57.6,56.9,52.9,53.4,50.7,55.1,67.2,65.3,54.6,59.1,56.5,51.5,51.4,48.9,45.5,43.1,41.9,43.5,41.3,39.2,40.5,40.7,40.0,39.0,38.9,38.8,38.4,39.0,40.1,40.8,42.0,43.0,43.9,44.9
09:42:31.000,72.3,53.4,69.9,48.2,52.6,58.0,57.9,56.5,56.0,48.8,55.4,69.6,66.1,56.0,60.8,56.8,52.0,51.3,47.7,44.0,41.8,39.6,39.7,39.6,38.8,42.5,41.8,42.8,42.1,41.0,39.5,38.5,39.0,39.8,40.8,41.8,42.9,44.0,45.0
09:42:32.000,72.9,54.0,70.9,51.0,49.2,54.6,54.2,58.5,55.6,53.6,55.0,70.5,65.2,55.8,61.6,55.8,52.0,52.9,48.5,45.2,42.8,40.2,42.1,42.8,41.0,42.2,43.7,43.8,42.3,40.4,39.7,38.9,39.1,39.9,40.6,42.1,43.0,44.0,45.0
09:42:33.000,71.0,54.5,69.0,48.5,52.5,54.7,52.3,56.8,55.6,50.8,52.2,67.3,64.0,55.7,61.6,55.3,52.0,53.8,49.0,44.8,42.8,41.5,41.6,44.2,41.8,43.7,44.3,44.2,43.0,42.6,39.4,38.7,39.2,40.0,41.0,41.9,42.9,43.9,44.9
09:42:34.000,72.2,55.5,69.8,48.4,52.1,61.5,59.3,57.5,56.6,48.2,56.1,69.8,66.0,57.6,61.7,54.9,51.7,52.7,49.0,47.0,44.5,41.3,42.6,44.9,42.1,46.0,46.7,45.4,44.8,42.3,40.0,38.5,39.0,39.9,40.9,41.8,42.8,44.0,45.0
09:42:35.000,72.8,57.0,69.6,47.6,51.3,51.3,54.9,56.8,56.3,50.1,55.7,65.3,63.5,55.1,60.9,53.7,51.4,52.9,49.0,47.5,45.9,43.7,42.8,47.3,45.3,48.5,48.5,48.3,45.2,43.3,40.4,39.3,38.9,40.1,41.0,41.9,42.7,44.0,44.9
09:42:36.000,71.7,58.5,69.5,46.9,46.4,52.3,50.3,57.5,56.4,53.1,56.0,69.4,63.6,55.1,59.3,51.9,51.4,52.7,48.8,47.3,46.5,42.7,42.5,48.5,46.6,50.2,51.1,50.5,47.7,43.9,41.2,38.9,39.1,40.1,40.9,41.8,42.9,44.0,44.8
09:42:37.000,71.6,58.6,69.2,51.0,51.3,59.5,57.3,57.5,57.8,48.2,54.8,68.2,64.0,55.7,58.6,51.8,52.5,53.9,49.2,49.8,47.6,45.0,43.1,50.4,47.5,50.5,50.4,49.3,47.2,44.8,42.3,39.6,39.0,39.8,40.8,41.9,42.8,43.9,45.0
09:42:38.000,71.8,58.0,69.8,50.7,46.4,50.8,51.5,57.6,56.5,45.9,55.8,69.6,63.3,55.7,60.7,51.6,50.3,52.3,48.3,50.9,49.5,46.7,43.2,51.2,47.0,49.4,49.0,46.9,46.2,45.6,41.6,39.1,39.0,39.9,40.9,42.0,42.9,43.9,45.0
09:42:39.000,71.8,58.1,69.8,48.3,51.6,58.6,54.6,56.9,56.1,50.6,56.4,69.1,62.8,57.0,60.5,51.9,49.8,52.3,50.2,53.5,49.2,48.3,45.3,51.7,47.7,48.9,47.0,46.3,46.4,45.6,42.2,39.4,39.0,40.1,40.9,42.0,42.8,43.9,45.1
09:42:40.000,71.5,58.2,69.5,42.2,51.0,54.6,52.1,57.3,55.8,52.7,55.7,69.5,63.3,56.9,60.9,52.4,50.6,50.4,50.4,52.0,51.0,47.8,47.1,51.4,47.0,49.0,49.2,47.4,46.3,44.1,41.4,39.2,38.7,40.0,40.9,41.9,43.0,44.1,45.0
09:42:41.000,72.5,58.6,69.8,49.9,53.4,57.0,53.8,58.4,56.3,47.1,56.1,67.8,64.1,54.8,60.2,52.6,48.1,51.2,50.4,54.1,50.9,50.0,46.3,50.0,46.7,47.6,48.1,48.4,47.9,46.3,42.9,39.9,39.4,40.3,41.1,41.8,43.0,43.9,44.9
09:42:42.000,72.3,59.7,69.5,57.1,56.8,60.2,57.0,58.7,56.4,48.2,56.8,69.5,63.3,52.9,59.3,51.7,50.3,51.6,50.5,55.8,49.7,51.1,45.1,49.8,46.0,48.1,51.9,51.5,49.3,48.1,45.0,40.5,39.1,39.7,40.7,41.8,42.8,44.0,44.9
09:42:43.000,107.2,67.1,95.9,92.8,90.7,92.8,97.9,97.7,97.6,94.1,82.6,76.4,69.3,65.4,66.5,67.2,64.2,64.2,61.1,65.0,67.3,63.4,58.6,61.2,55.9,57.0,56.4,55.6,53.8,52.8,48.6,43.6,39.8,40.1,41.1,41.8,42.8,43.8,44.9
09:42:44.000,104.7,67.2,94.5,96.8,95.8,92.0,96.9,94.9,94.0,92.5,79.9,72.5,68.5,63.3,63.6,60.5,57.9,59.8,59.5,61.4,63.5,62.0,56.7,61.1,56.2,58.7,56.7,54.9,54.2,52.7,48.9,43.9,40.1,40.0,41.0,41.9,42.8,43.9,45.0
09:42:45.000,104.8,74.4,93.7,86.5,91.3,98.2,98.9,95.2,91.4,84.1,73.6,71.4,66.5,59.9,62.2,61.1,60.8,62.7,65.7,69.4,70.9,70.6,63.0,67.2,63.1,64.6,63.3,60.8,58.9,56.2,51.1,46.9,41.4,39.9,40.8,41.9,42.9,43.9,44.9
09:42:46.000,102.5,87.8,94.9,89.4,88.5,87.4,88.5,93.0,91.4,85.5,79.2,74.4,71.4,71.7,70.8,72.2,76.7,78.5,79.4,85.7,86.9,85.4,79.5,80.3,77.3,75.8,73.4,72.8,70.6,67.6,64.3,60.3,54.6,47.1,42.3,42.2,43.0,44.0,45.0
09:42:47.000,109.9,95.4,104.1,86.2,92.9,97.1,101.8,105.8,100.4,97.5,85.9,81.7,80.7,82.0,80.2,86.6,88.1,91.0,92.4,95.6,94.7,93.3,86.5,87.4,83.2,81.2,77.6,77.4,76.8,75.1,71.6,69.4,64.1,58.6,53.5,49.1,44.4,43.9,44.8
09:42:48.000,112.3,99.2,108.1,94.2,94.3,97.0,96.1,101.9,101.2,101.0,97.1,93.8,88.9,86.5,88.6,94.1,93.1,97.0,96.8,98.4,100.0,96.1,90.8,91.5,87.9,85.8,82.4,81.7,79.3,77.8,75.8,72.4,68.6,64.1,58.5,52.2,46.9,44.8,45.0
09:42:49.000,118.4,103.3,113.2,97.6,103.3,107.0,109.2,114.6,112.0,103.2,102.8,98.2,94.8,94.1,96.7,99.0,103.5,100.8,99.2,102.2,102.2,100.5,94.3,96.3,93.5,92.2,88.4,86.8,84.9,82.9,79.1,76.9,73.3,70.4,65.9,61.5,57.0,52.6,48.8
09:42:50.000,121.9,106.8,116.7,100.3,101.3,105.3,112.9,113.8,111.7,112.3,109.3,105.8,101.5,101.1,97.6,103.0,102.0,102.9,102.0,104.1,105.4,100.8,96.7,99.8,97.0,97.2,94.1,92.4,89.8,88.0,85.6,82.4,78.8,76.0,73.1,70.3,64.8,60.5,55.1
09:42:51.000,124.6,109.4,119.0,97.1,105.5,111.3,116.2,119.2,118.2,116.8,111.0,107.2,104.5,104.8,102.0,102.7,102.8,104.3,104.0,105.9,107.0,102.5,100.3,103.0,99.4,100.1,97.5,96.0,93.7,92.0,90.8,89.4,86.7,84.8,82.0,79.4,73.8,68.4,64.7
09:42:52.000,124.8,110.5,119.5,105.8,106.9,112.5,117.4,116.6,115.9,115.9,107.4,108.1,107.4,105.4,104.1,105.0,105.1,105.0,105.0,107.0,108.4,104.8,102.6,105.0,100.4,100.6,99.1,97.7,95.9,94.1,92.5,90.2,88.1,86.4,83.9,81.1,75.9,71.1,67.3
09:42:53.000,123.2,112.4,120.5,103.6,103.7,102.7,106.5,110.6,115.7,113.5,113.6,113.8,107.2,106.3,108.1,106.1,106.6,105.6,107.4,110.1,109.7,103.4,106.7,106.3,103.5,101.7,99.8,99.1,97.5,95.6,94.2,92.6,90.6,88.6,85.5,83.4,78.6,74.2,71.7
09:42:54.000,123.9,112.8,121.7,98.8,103.6,109.6,114.1,111.2,109.0,111.9,114.4,115.5,114.5,109.7,109.0,109.8,107.0,105.4,108.5,111.1,110.1,104.1,108.0,105.5,104.1,101.3,99.9,99.1,97.1,95.9,94.7,92.9,90.5,88.0,85.3,83.2,78.7,74.3,71.6
09:42:55.000,122.8,112.3,120.8,96.3,96.2,100.6,108.1,114.0,110.2,110.6,113.3,111.9,112.7,109.1,109.0,105.6,105.2,109.6,109.0,111.1,106.4,105.0,107.3,103.9,102.8,101.9,100.2,99.1,97.4,96.5,95.1,93.6,91.3,89.4,86.8,84.6,79.6,73.7,71.9
09:42:56.000,124.7,113.2,122.6,98.6,102.9,107.0,110.3,108.8,112.0,116.1,115.0,116.0,116.1,113.5,109.3,106.3,106.5,110.9,112.7,112.2,105.0,108.3,106.3,106.1,103.2,103.2,101.9,100.9,98.8,96.8,95.2,94.3,92.2,90.6,88.1,85.5,80.4,75.4,73.4
09:42:57.000,125.3,112.9,123.4,99.0,103.6,108.0,108.9,109.3,107.9,112.9,118.2,116.9,117.1,115.1,107.8,105.8,110.7,112.7,112.4,109.3,104.8,108.7,104.6,105.8,103.9,101.6,100.5,99.3,97.6,95.0,93.6,92.5,90.4,89.1,86.6,84.2,79.5,74.0,72.3
09:42:58.000,126.8,113.4,124.0,102.1,105.2,108.7,114.0,118.6,116.1,117.1,116.9,119.3,117.5,111.4,107.0,108.8,113.1,114.0,113.2,107.2,108.4,108.4,105.2,105.2,104.4,103.4,102.7,101.5,100.0,98.4,96.5,94.6,92.1,90.0,87.5,84.8,80.0,75.1,72.4
09:42:59.000,127.5,114.8,125.1,102.0,107.1,108.2,112.8,115.4,115.0,117.1,120.2,119.9,114.7,108.4,107.4,113.5,114.6,115.5,113.1,108.0,112.0,108.9,109.6,106.9,105.3,103.9,103.5,102.3,101.2,100.3,99.1,97.4,95.6,94.2,92.1,90.0,85.4,82.4,80.1
09:43:00.000,129.1,114.9,125.7,110.4,110.6,113.7,116.8,121.7,118.8,119.0,119.4,117.8,111.0,107.6,106.5,112.8,114.5,113.4,109.3,108.6,110.9,107.1,107.0,106.3,104.8,103.2,102.2,101.1,99.8,98.8,96.8,95.1,93.3,91.8,89.4,86.9,83.5,81.7,78.7
09:43:01.000,129.3,113.0,125.2,109.5,114.8,115.4,120.8,123.8,120.9,122.5,118.3,116.9,111.3,105.8,109.2,114.7,114.9,113.0,106.0,109.0,107.9,107.7,105.6,104.7,103.3,102.2,101.7,101.0,99.5,98.4,96.4,94.5,92.7,91.4,88.7,86.3,83.6,82.2,79.0
09:43:02.000,128.5,111.2,123.6,114.9,116.9,118.5,119.9,116.8,118.1,119.8,119.6,117.6,109.0,105.4,110.5,112.2,112.9,108.2,104.3,109.5,104.1,106.5,103.8,102.1,101.1,100.0,98.9,98.0,96.1,94.7,92.6,90.4,88.5,86.7,84.3,82.0,79.0,77.8,74.7
09:43:03.000,127.8,112.5,123.2,105.7,114.4,121.0,120.5,121.4,117.2,117.3,117.9,112.5,109.4,104.3,112.0,112.7,114.4,107.0,108.5,108.5,105.7,105.8,106.1,103.8,103.3,101.7,100.9,99.8,98.1,97.1,95.0,93.3,91.3,89.6,87.1,85.3,83.2,82.3,79.4
09:43:04.000,128.2,111.9,123.5,109.3,114.5,114.6,117.6,120.9,122.2,121.4,115.6,112.6,106.5,108.3,112.7,113.5,114.1,104.6,108.4,105.9,108.2,106.3,106.8,103.4,102.1,101.2,100.7,99.9,98.2,97.0,95.7,93.8,91.6,89.7,88.0,86.7,85.3,84.2,81.7
09:43:05.000,127.2,111.8,123.1,107.6,109.8,116.2,120.6,117.8,118.3,117.0,116.4,109.3,105.3,110.0,115.3,115.7,112.9,108.1,112.3,106.9,108.7,106.7,106.1,104.9,102.7,100.9,100.3,98.7,96.7,96.0,94.8,92.7,90.0,88.4,86.3,85.1,83.3,81.2,79.2
09:43:06.000,127.2,110.5,122.1,110.3,114.3,116.8,121.9,120.0,119.5,111.8,113.2,107.1,104.2,112.5,113.0,113.7,108.1,108.5,111.3,104.9,105.4,106.1,103.3,101.5,100.2,98.5,97.4,96.4,95.3,93.7,92.1,90.2,87.8,85.7,83.9,82.6,80.7,78.9,77.0
09:43:07.000,127.2,110.8,121.2,117.2,117.0,115.7,118.4,117.7,115.2,115.3,110.7,104.6,106.9,112.2,112.9,113.2,104.8,110.5,107.3,107.2,104.8,105.1,103.1,102.4,102.6,101.2,100.2,98.7,97.7,95.8,94.5,92.8,90.8,89.5,88.0,87.3,85.2,84.0,82.4
09:43:08.000,126.3,109.5,120.2,116.8,116.5,115.5,117.2,116.9,113.2,112.3,109.1,101.8,108.4,110.9,112.9,112.1,103.6,110.7,103.4,106.6,105.2,103.5,101.6,101.9,100.9,99.8,98.1,97.1,94.5,92.9,90.7,88.6,87.2,85.4,83.6,82.9,80.0,78.9,75.5
09:43:09.000,126.0,109.0,120.7,113.3,111.1,114.6,116.1,117.9,112.8,112.9,107.5,101.8,109.7,111.6,114.5,110.8,104.4,110.2,104.4,106.0,105.1,104.0,101.9,100.2,99.5,98.6,96.5,95.2,94.4,93.3,91.8,89.6,87.8,86.0,84.2,83.1,81.0,79.3,76.5
09:43:10.000,124.5,107.5,119.3,113.7,114.3,113.4,111.2,112.7,112.6,114.0,106.7,104.9,110.2,112.2,112.1,107.3,106.7,109.6,104.9,105.7,104.6,102.0,100.5,98.9,97.5,97.4,95.5,93.4,92.5,90.3,87.9,85.3,82.8,81.2,79.0,77.5,74.9,73.0,69.2
09:43:11.000,124.3,106.5,117.9,117.7,115.7,114.1,109.1,110.0,111.9,110.0,103.0,98.7,110.7,109.7,108.5,105.0,105.5,107.9,106.5,103.7,103.8,102.1,99.1,98.6,96.9,96.3,94.7,93.5,92.4,90.6,88.6,86.0,84.8,83.4,82.1,81.4,79.1,76.8,74.4
09:43:12.000,122.4,105.4,117.5,111.9,110.7,112.0,116.0,111.8,110.7,106.1,102.8,102.5,107.3,108.8,109.5,104.2,105.8,105.6,103.8,101.4,101.5,99.6,98.2,96.4,94.8,94.0,92.5,89.8,88.3,85.8,83.3,81.1,79.6,78.1,76.4,74.8,72.0,68.3,65.5
09:43:13.000,121.8,104.6,116.7,107.8,110.1,110.3,109.7,108.8,109.0,108.4,97.2,104.5,108.2,108.9,109.7,101.5,106.1,104.8,104.9,101.5,100.2,99.0,99.0,96.9,94.4,92.5,91.8,90.3,88.3,85.8,84.3,82.8,80.7,78.5,76.4,74.6,72.2,68.7,66.7
09:43:14.000,123.0,103.9,116.9,111.4,113.6,114.7,112.3,111.6,110.6,106.6,98.3,103.7,107.1,111.5,107.2,102.0,108.2,102.3,103.7,101.8,101.3,99.2,97.4,95.6,94.3,92.5,90.9,89.7,88.0,86.2,84.0,81.9,80.1,78.3,76.4,74.6,71.9,68.6,65.8
09:43:15.000,120.7,103.5,115.1,108.9,107.7,111.3,111.6,109.8,108.9,106.5,95.6,101.8,107.6,107.8,106.5,99.4,105.2,100.1,102.5,101.7,99.9,98.2,95.4,95.3,93.0,92.2,91.7,90.1,88.5,86.3,84.1,81.3,79.7,78.0,76.2,74.4,71.7,68.5,65.1
09:43:16.000,120.1,102.1,113.8,110.3,110.4,109.3,108.0,107.3,106.7,100.2,96.5,103.0,104.4,107.7,103.5,101.9,104.0,99.0,101.4,100.8,98.5,97.6,96.3,93.8,92.5,90.2,88.5,86.7,85.6,84.4,81.9,79.5,77.2,75.7,73.0,70.7,68.5,65.6,62.0
09:43:17.000,120.4,101.2,113.4,111.8,112.6,114.7,110.8,107.2,103.6,101.4,93.3,101.2,106.0,106.8,100.3,100.0,104.8,101.2,101.4,99.0,98.6,96.2,94.3,92.0,91.1,89.5,88.9,87.2,85.5,83.7,81.9,79.6,77.4,75.8,73.5,71.4,68.9,65.3,60.8
09:43:18.000,119.1,100.5,113.5,106.4,105.9,110.2,112.2,107.8,106.9,99.8,95.0,102.6,103.9,106.0,103.9,98.5,105.1,99.8,98.2,97.6,96.7,94.7,92.8,91.2,90.0,89.1,87.0,85.3,83.9,81.8,79.0,77.2,74.6,72.0,69.1,65.9,62.8,58.7,53.7
09:43:19.000,119.7,99.3,112.6,110.4,109.9,109.9,106.5,101.5,103.9,98.2,96.0,103.9,106.2,107.2,103.3,100.3,101.3,99.0,98.6,98.0,96.4,93.3,92.8,89.1,87.2,86.2,86.0,84.3,81.9,80.1,77.9,75.4,72.6,70.4,67.6,63.8,60.5,54.9,49.1
09:43:20.000,118.7,97.5,110.8,108.3,106.1,110.1,109.3,107.1,103.5,95.4,97.8,100.7,102.9,103.5,98.1,98.2,100.0,96.2,95.9,96.6,95.5,91.3,90.3,87.0,85.6,84.4,83.9,82.0,79.0,76.2,73.4,70.6,67.8,63.5,59.8,55.4,51.4,46.6,45.3
09:43:21.000,116.6,98.1,111.6,101.7,102.2,105.3,104.4,106.8,103.5,99.0,93.9,101.2,104.5,104.7,99.5,101.9,102.1,98.1,96.8,95.6,95.0,92.1,91.8,89.9,87.3,86.2,86.0,83.1,81.4,79.2,77.9,75.4,72.5,68.5,64.3,59.4,54.7,49.0,46.3
09:43:22.000,116.7,95.8,110.7,107.7,105.5,105.6,104.1,99.9,98.4,94.6,97.8,106.9,105.3,103.9,97.9,98.3,98.1,97.9,94.5,95.2,94.0,90.7,88.6,85.1,84.4,81.4,82.9,78.6,76.7,74.0,70.9,68.4,66.0,62.4,56.6,50.6,45.3,44.3,44.9
09:43:23.000,116.4,94.7,109.6,102.1,107.8,110.7,106.9,102.7,98.1,95.5,96.4,100.6,102.7,104.0,93.4,100.0,99.4,98.0,95.3,96.0,93.7,89.7,85.8,82.7,81.3,80.9,81.1,76.9,75.3,73.2,70.3,69.2,66.0,61.3,55.7,51.9,46.6,44.7,44.9
09:43:24.000,115.0,95.2,109.0,105.9,105.4,105.9,101.3,103.3,102.2,95.7,95.0,97.8,102.2,100.8,95.9,101.4,97.8,97.0,95.0,94.6,94.2,91.1,88.3,85.4,83.2,80.6,79.4,75.8,74.1,71.8,69.9,68.0,63.6,59.6,55.7,51.1,47.2,45.2,45.0
09:43:25.000,115.0,95.9,108.5,107.2,102.8,99.6,101.4,103.1,102.7,94.7,88.1,99.2,99.4,100.5,95.3,99.6,96.0,97.7,94.0,94.4,93.1,91.9,89.2,85.9,83.5,83.3,81.4,78.3,75.3,72.9,69.8,64.7,60.3,56.3,50.8,47.2,43.9,44.0,44.9
09:43:26.000,115.9,95.3,108.5,106.8,104.6,105.0,103.2,105.5,96.2,90.0,92.6,99.3,103.4,100.9,93.4,97.3,95.7,95.9,93.4,93.7,92.1,91.1,87.7,85.5,83.3,82.8,80.6,78.3,76.0,72.6,68.7,66.0,62.6,58.2,54.4,50.6,47.1,45.2,45.2
09:43:27.000,112.4,92.3,105.7,102.7,100.7,104.2,103.1,101.8,94.2,91.2,95.9,100.5,99.5,97.4,92.6,95.7,93.9,96.5,92.8,90.8,90.9,89.0,87.4,83.2,81.0,79.9,77.0,74.6,71.6,67.4,65.2,62.7,59.8,56.4,50.9,45.4,43.5,43.8,44.8
09:43:28.000,113.0,91.4,105.8,101.3,102.7,102.5,102.1,101.7,101.7,96.3,88.4,95.3,97.9,99.7,90.6,96.4,93.5,95.8,92.4,91.4,89.2,87.5,84.9,82.4,80.7,79.1,76.9,75.4,74.1,71.5,69.9,67.1,63.7,61.1,57.8,53.9,49.2,46.6,45.2
09:43:29.000,111.0,90.5,105.7,96.8,98.3,101.7,101.8,99.6,96.9,89.7,92.1,97.7,99.2,100.0,91.1,95.4,92.4,94.0,91.1,88.5,87.4,86.7,83.6,79.6,77.5,77.2,75.9,74.1,71.3,67.1,62.6,58.9,53.6,48.0,43.3,42.6,43.0,43.8,44.9
09:43:30.000,111.8,89.4,104.4,103.1,101.8,98.5,98.6,96.9,96.4,89.8,92.3,95.2,99.0,98.5,89.1,96.1,91.2,92.1,90.0,88.6,87.0,84.9,83.3,79.6,78.3,74.9,75.0,74.1,71.5,68.3,65.4,61.6,56.4,50.3,44.1,42.5,43.0,44.0,44.9
09:43:31.000,110.9,88.4,103.3,99.0,98.8,100.0,97.9,99.2,94.5,90.5,92.6,96.3,98.3,98.4,88.1,91.2,89.6,93.2,89.6,87.7,86.1,83.7,82.2,79.2,77.2,74.5,72.6,70.8,67.8,63.4,61.1,57.9,55.0,49.8,44.6,42.6,42.9,44.0,44.8
09:43:32.000,109.7,87.1,102.8,101.2,105.1,101.6,98.3,97.2,97.5,84.8,89.4,96.9,98.7,94.7,90.0,94.1,87.6,90.3,85.9,86.1,84.6,82.2,80.5,77.2,75.1,73.4,72.2,71.0,68.1,64.6,60.6,55.8,49.7,43.9,41.3,42.0,42.9,44.0,45.0
09:43:33.000,110.5,87.3,102.7,101.4,98.3,99.4,98.7,98.6,94.9,89.9,89.9,95.0,98.1,94.6,90.2,93.4,87.4,91.6,88.3,86.5,86.0,82.6,80.7,77.6,75.3,73.8,71.9,69.2,65.5,61.1,55.3,49.1,44.5,41.0,41.0,42.0,42.8,43.8,44.9
09:43:34.000,108.8,85.3,101.5,94.2,96.5,95.8,93.4,95.2,91.8,90.2,91.0,95.3,95.9,90.8,85.6,91.6,86.6,89.8,86.3,84.5,81.8,79.9,77.6,73.7,71.8,67.6,63.7,61.2,57.6,53.6,49.0,43.7,41.1,39.9,40.8,41.8,42.8,44.0,44.8
09:43:35.000,108.9,85.0,102.1,98.0,101.4,100.3,99.3,100.2,96.5,85.7,90.9,93.4,98.7,93.7,87.0,91.5,88.9,89.2,86.4,85.0,85.3,80.8,75.2,72.4,68.6,69.1,66.6,63.3,58.6,55.0,49.6,44.4,41.4,40.2,40.7,41.9,42.9,43.8,44.8
09:43:36.000,110.0,84.3,101.5,97.8,101.7,100.0,97.3,95.2,89.4,87.8,87.8,95.6,96.4,92.6,84.8,91.4,85.7,88.1,87.7,85.8,81.9,78.4,76.0,71.0,69.4,67.1,64.3,61.6,58.1,54.3,49.5,45.2,41.7,40.4,41.0,41.8,42.9,43.9,45.0
09:43:37.000,109.5,84.0,101.0,98.6,96.3,92.2,96.9,95.9,87.8,88.5,92.0,94.4,96.4,90.7,85.0,91.5,86.8,89.5,85.6,85.4,81.9,79.2,75.5,71.5,67.6,65.0,62.4,59.4,55.9,51.7,47.4,42.7,39.8,40.1,40.7,41.9,42.8,43.9,45.0
09:43:38.000,106.6,82.5,99.6,97.1,95.4,98.2,91.5,93.4,88.2,82.1,84.4,93.6,94.1,92.7,84.7,89.8,84.4,87.2,84.7,84.3,79.4,76.5,73.8,69.4,66.1,64.5,61.4,58.4,55.8,51.3,46.3,42.9,40.3,39.9,40.9,41.8,42.8,43.9,44.9
09:43:39.000,106.5,81.7,98.2,97.7,98.1,98.4,99.3,95.4,90.7,83.5,85.5,89.0,90.7,91.6,85.3,90.6,83.4,87.0,83.6,81.8,79.2,75.7,74.2,71.0,67.8,65.5,63.1,60.0,54.8,49.1,43.8,39.9,39.1,39.8,40.9,42.1,42.9,43.9,45.0
09:43:40.000,107.6,81.2,98.4,95.0,97.0,91.9,93.6,92.1,89.2,82.0,85.8,91.7,91.3,90.1,81.2,87.1,82.3,84.1,83.2,80.4,79.2,76.1,74.0,70.2,65.4,63.4,60.3,56.2,52.0,47.8,43.0,39.9,39.2,40.1,40.9,41.9,43.1,44.0,44.8
09:43:41.000,106.5,80.5,99.0,98.1,97.1,93.2,94.7,94.5,88.7,85.6,90.4,91.3,95.2,89.2,82.4,88.0,81.5,84.6,83.6,80.9,79.6,75.4,72.5,69.1,65.7,61.2,59.4,54.1,50.1,45.6,41.6,39.2,39.1,40.1,40.8,41.6,43.0,44.0,45.0
09:43:42.000,105.5,81.2,97.9,89.0,89.0,92.6,90.3,88.7,84.2,80.0,86.8,94.6,93.3,87.6,82.3,89.4,82.3,84.6,86.1,82.1,79.5,76.5,73.9,69.4,64.9,63.7,60.8,56.9,54.1,50.2,46.3,41.5,39.3,39.8,40.9,41.9,43.0,43.9,45.0
09:43:43.000,104.3,79.8,97.1,93.5,94.4,95.3,94.0,94.6,86.3,81.1,88.1,89.5,90.7,89.7,81.1,87.5,82.9,85.0,83.5,80.0,78.1,74.5,71.1,67.6,66.2,63.5,59.3,54.1,49.6,45.8,41.3,38.8,39.0,39.7,41.0,41.7,42.9,43.9,44.9
09:43:44.000,106.6,77.2,96.1,100.6,102.4,98.7,93.2,93.4,89.0,82.1,85.1,87.5,91.9,87.7,78.5,85.9,83.2,83.2,80.0,79.2,73.2,71.9,68.0,64.1,59.3,55.8,52.8,49.0,46.2,42.8,40.6,39.1,38.9,39.8,40.6,41.8,42.9,43.8,44.9
09:43:45.000,103.9,77.5,95.5,94.6,94.5,91.6,92.8,85.3,84.8,79.3,85.2,89.7,89.6,88.1,79.4,87.1,81.3,84.8,80.2,78.1,74.1,71.4,69.4,65.1,61.2,57.8,54.2,51.6,47.8,43.8,42.6,38.9,38.9,40.0,41.0,41.8,43.0,43.9,45.0
09:43:46.000,104.3,78.0,95.4,93.3,88.0,89.7,92.7,88.7,84.2,80.8,83.8,85.6,91.0,83.8,81.6,87.8,82.1,83.9,81.4,77.2,74.8,71.7,69.1,66.5,63.7,61.2,57.5,53.4,48.7,45.1,43.0,40.1,39.1,39.9,40.9,41.8,42.7,43.8,44.9
09:43:47.000,105.4,76.5,95.5,95.0,98.9,97.1,89.5,88.7,84.8,80.6,84.2,86.5,92.1,87.4,78.0,83.5,77.5,81.7,79.8,75.8,74.2,71.1,68.1,65.0,60.6,57.4,53.5,49.7,46.5,42.6,40.6,39.0,39.0,39.9,40.9,41.7,42.7,43.8,45.0
09:43:48.000,104.6,75.9,94.3,92.0,95.7,93.1,91.6,94.0,85.4,82.7,82.4,88.1,88.8,86.0,77.7,85.1,79.0,80.5,77.9,75.6,72.2,69.0,67.4,62.4,58.8,56.5,52.1,48.9,45.1,42.0,40.8,39.0,38.9,40.0,41.1,41.9,43.0,43.9,44.9
09:43:49.000,102.7,75.9,93.8,87.7,89.8,90.7,90.6,87.7,84.8,79.5,83.3,84.7,90.8,84.7,77.9,83.8,78.9,79.8,78.2,77.6,73.6,69.8,67.0,62.2,60.3,55.6,52.4,50.2,47.6,44.6,41.7,39.5,39.0,39.9,40.8,41.8,42.9,44.0,44.9
09:43:50.000,100.2,75.2,92.5,89.9,87.6,87.7,88.8,85.6,79.5,78.8,84.3,87.8,87.7,84.0,77.2,83.5,79.2,80.6,78.6,76.5,73.1,70.4,67.5,64.6,62.1,58.8,54.6,51.9,48.9,45.2,42.9,40.5,39.2,39.7,40.8,41.8,42.9,43.8,44.9
09:43:51.000,103.4,75.4,93.8,95.8,95.4,90.5,89.8,88.2,85.1,78.6,84.3,89.2,88.1,85.1,77.2,87.4,80.0,81.4,78.7,75.4,73.4,69.7,66.6,62.7,60.3,55.2,52.1,49.2,46.2,43.4,41.5,39.5,39.3,40.0,40.9,41.7,42.8,44.0,45.0
09:43:52.000,104.2,73.7,92.9,93.1,90.5,83.7,91.0,90.3,83.9,82.8,81.0,86.5,88.5,84.2,77.1,81.7,77.4,78.8,76.1,73.8,71.5,68.7,64.7,61.9,58.7,53.9,50.6,47.7,44.3,41.8,39.8,39.0,39.0,40.0,40.9,41.8,42.9,43.9,44.8
09:43:53.000,102.2,73.0,93.0,91.1,97.6,92.3,89.9,90.0,84.9,81.7,80.5,84.3,88.8,84.9,74.5,82.8,78.1,78.6,75.6,73.3,68.7,64.5,63.3,59.7,56.5,53.6,49.5,47.6,44.5,41.1,39.7,39.2,38.9,39.8,40.9,42.0,43.0,43.9,45.0
09:43:54.000,102.6,72.0,91.8,90.7,95.1,94.5,88.6,86.2,80.7,76.0,79.9,83.2,86.0,84.5,74.8,82.1,75.8,79.4,75.2,71.6,69.1,64.6,61.6,57.5,54.7,49.1,47.1,45.6,43.7,41.2,39.7,38.6,39.1,39.8,41.1,41.9,42.7,43.9,44.9
09:43:55.000,104.1,71.7,91.7,94.6,88.9,86.2,88.9,87.4,82.8,79.7,82.5,86.3,87.3,84.4,76.1,82.0,76.9,78.9,74.6,70.7,68.7,64.6,60.4,57.6,52.5,47.2,46.2,45.2,42.9,40.7,39.1,38.5,39.0,39.8,41.0,42.0,42.9,44.0,45.0
09:43:56.000,100.8,72.4,92.5,85.8,87.6,90.6,89.9,87.8,81.2,74.4,78.4,85.5,89.6,85.5,78.1,85.2,75.5,76.4,72.1,70.9,70.5,66.2,61.4,59.5,56.8,53.1,50.6,47.0,45.2,42.2,41.1,38.5,39.0,40.2,40.9,42.0,42.9,44.0,45.0
09:43:57.000,102.3,72.6,91.5,92.4,90.2,89.5,88.1,87.1,82.8,77.4,79.2,85.6,85.0,84.0,75.2,82.7,76.7,76.5,72.4,71.7,69.3,68.9,65.5,60.3,55.8,50.2,47.7,45.9,42.8,40.9,39.1,38.6,38.9,40.1,40.8,41.8,42.8,43.8,44.9
09:43:58.000,101.8,70.7,90.8,91.3,92.9,91.5,87.3,84.7,83.6,77.9,78.0,82.7,85.2,84.0,74.6,81.8,76.4,76.7,74.0,71.4,68.0,62.8,57.5,54.5,50.1,47.6,46.4,44.9,42.7,41.2,40.0,40.0,39.0,39.8,40.8,41.8,42.9,43.9,44.9
09:43:59.000,101.3,71.8,90.4,89.3,91.1,88.9,88.8,86.7,85.1,79.4,75.0,80.1,84.8,82.5,74.9,81.6,75.7,79.1,73.2,68.3,68.5,65.6,62.9,60.1,56.6,52.4,49.3,46.5,44.7,42.0,40.0,38.7,39.0,39.9,40.8,42.0,43.0,44.1,45.0
09:44:00.000,99.9,71.0,90.9,91.0,92.8,88.3,87.7,85.8,84.9,78.5,80.4,84.9,87.4,82.9,75.5,82.2,73.5,75.0,73.5,70.8,69.5,66.0,60.8,58.0,54.0,51.4,49.2,46.9,45.2,43.1,40.4,38.6,38.9,39.9,40.8,41.9,43.0,43.9,45.0
09:44:01.000,101.0,69.8,91.4,95.5,94.6,87.3,89.8,89.1,81.6,78.0,82.1,87.0,87.0,84.7,76.0,81.2,72.9,74.9,71.1,68.7,66.0,64.2,60.8,58.2,52.5,48.9,47.9,46.2,44.8,42.1,39.4,38.9,39.1,40.1,40.9,41.9,42.9,43.9,44.9
09:44:02.000,102.4,69.4,91.0,90.1,92.7,91.0,89.1,86.9,84.2,79.8,80.2,87.6,87.0,81.1,73.2,80.7,74.3,73.3,72.3,68.9,66.3,60.4,56.7,54.6,51.7,51.1,49.0,47.1,44.7,42.6,40.2,39.2,39.6,40.0,40.8,41.7,42.7,43.9,45.0
09:44:03.000,101.4,70.0,91.2,90.5,87.2,85.4,91.1,86.0,81.5,77.5,78.7,84.9,85.3,85.1,76.6,79.7,75.5,76.2,71.2,68.7,66.9,63.9,58.1,54.4,49.2,48.1,47.8,47.1,46.0,43.7,42.0,39.4,39.0,40.1,40.9,41.9,42.9,43.9,45.0
09:44:04.000,100.3,71.1,91.2,89.1,93.4,92.0,90.4,89.2,80.6,76.6,80.2,86.3,83.4,83.0,74.5,80.0,74.9,77.3,73.9,70.7,67.9,65.1,61.6,57.5,54.4,51.3,48.4,46.1,45.0,43.0,43.5,39.3,39.0,40.4,41.0,42.1,42.9,43.8,45.0
09:44:05.000,99.5,72.6,91.0,88.9,83.7,87.8,87.0,85.4,80.0,73.3,74.7,81.7,87.4,82.0,75.1,81.6,76.0,78.7,74.4,73.7,71.1,67.7,63.8,59.5,55.2,50.2,47.1,45.2,43.6,43.3,43.5,38.9,39.1,39.8,41.0,42.0,42.9,43.9,45.0
09:44:06.000,100.5,71.3,90.0,91.2,93.9,90.1,87.3,85.3,82.0,77.0,79.8,83.5,83.9,83.5,74.1,80.6,74.7,77.4,75.6,71.9,68.7,64.5,59.1,54.3,51.8,49.0,46.4,45.1,42.9,40.7,39.5,38.5,39.0,40.1,41.0,41.9,42.9,43.9,44.9
09:44:07.000,97.5,68.6,88.6,82.1,85.7,87.8,89.6,87.7,79.1,71.7,78.8,81.6,82.2,81.5,73.4,81.1,74.7,73.3,72.0,67.4,63.7,59.9,57.0,55.3,51.7,48.8,46.0,44.4,43.8,42.0,39.9,39.0,39.0,40.1,40.9,41.8,42.9,43.9,44.9
09:44:08.000,99.6,68.2,89.2,90.3,87.1,86.2,86.7,87.5,82.5,78.7,79.5,82.3,85.5,80.9,71.9,80.0,74.4,73.8,70.2,64.9,64.5,62.2,54.0,52.2,49.9,48.7,47.5,45.9,43.2,41.8,40.2,39.5,39.1,39.8,40.9,42.0,43.0,43.9,44.9
09:44:09.000,99.2,69.4,89.2,86.7,91.0,88.3,88.9,85.1,82.1,78.7,77.4,81.5,82.5,80.8,73.5,82.6,75.9,75.0,70.4,68.4,65.4,62.2,57.1,54.1,51.2,49.1,47.8,46.7,45.0,42.4,40.7,39.0,39.2,40.1,40.7,42.0,42.9,44.0,44.9
09:44:10.000,101.0,68.7,88.7,95.6,92.4,85.3,89.1,85.8,81.1,76.4,76.0,82.2,83.2,79.5,71.7,79.2,74.2,74.4,73.4,67.0,65.5,61.4,56.8,52.5,49.5,48.7,48.6,49.2,45.8,42.0,40.7,39.1,39.2,40.0,40.7,42.0,42.8,43.9,44.8
09:44:11.000,98.2,69.0,89.2,89.5,91.3,87.5,87.0,89.0,82.5,73.2,74.5,85.4,83.8,81.3,70.0,79.6,74.3,75.2,71.0,68.3,66.8,63.7,57.5,54.3,52.5,49.0,49.2,47.2,44.3,42.9,40.3,39.3,39.2,40.3,40.7,41.7,42.9,43.7,44.8
09:44:12.000,96.8,68.3,88.6,83.9,89.1,88.6,86.8,89.0,80.2,75.1,76.5,83.6,84.7,80.5,70.8,75.7,72.4,74.4,70.4,68.8,66.2,62.5,58.3,53.8,49.2,45.5,46.1,45.7,45.1,42.6,41.0,40.0,39.2,40.1,40.8,41.8,43.1,44.0,44.9
09:44:13.000,97.6,68.4,87.8,82.4,88.0,89.1,87.1,82.0,76.8,77.1,74.4,80.4,81.8,80.4,72.6,78.4,71.9,75.1,70.2,69.1,67.0,61.4,55.9,52.2,47.7,46.8,45.0,45.1,42.5,40.5,39.1,38.8,39.1,40.0,40.8,41.6,43.0,43.9,45.0
09:44:14.000,98.2,68.1,88.3,87.8,86.4,86.8,89.5,86.3,77.8,75.8,75.3,81.6,84.6,78.6,74.4,81.2,74.9,73.3,70.7,67.7,65.4,60.4,56.2,51.6,47.4,46.6,44.8,44.1,43.1,40.4,40.1,39.3,39.1,40.1,40.8,41.9,42.8,44.0,45.0
09:44:15.000,99.6,68.9,88.8,89.5,88.7,89.7,88.4,85.1,82.5,76.6,73.5,79.7,81.5,80.1,73.4,79.4,74.2,75.8,72.4,67.2,66.8,62.1,58.0,53.9,49.4,46.7,45.9,44.7,42.8,41.7,40.1,39.1,38.7,39.8,40.8,42.0,42.8,44.0,44.9
09:44:16.000,96.9,68.2,87.7,78.7,79.5,84.2,87.7,85.2,77.2,77.1,73.7,82.3,80.8,78.9,72.3,79.0,73.2,75.8,70.3,66.8,65.0,58.8,55.4,52.8,48.8,47.5,46.4,45.3,45.2,44.2,43.8,40.9,39.4,39.8,40.7,41.9,42.8,43.9,45.0
09:44:17.000,99.1,69.4,89.1,88.4,88.9,90.3,90.6,85.7,77.0,71.5,76.6,83.7,84.2,78.9,73.1,81.2,76.4,74.4,73.9,67.4,66.0,62.6,59.0,54.9,51.9,49.8,47.4,47.1,45.2,43.4,41.8,41.0,39.2,39.9,40.9,41.9,42.9,43.8,45.0
09:44:18.000,98.4,67.8,87.4,92.7,91.6,89.2,89.0,82.6,74.8,68.9,77.5,80.7,82.1,79.9,70.9,77.2,72.7,75.3,70.8,67.9,65.6,61.7,57.0,54.4,51.3,49.3,47.2,45.7,44.4,43.0,41.0,39.3,39.1,40.0,40.9,41.7,42.8,43.7,44.7
09:44:19.000,95.5,66.3,86.8,86.7,87.0,84.8,85.2,82.2,77.1,69.9,76.0,80.7,83.3,80.6,70.3,76.5,71.3,72.4,69.4,66.7,62.7,55.6,52.6,51.9,51.7,48.7,47.3,46.9,44.4,42.3,40.7,39.4,38.9,40.0,40.9,41.9,42.9,43.8,44.9
09:44:20.000,99.0,65.9,87.7,89.2,83.7,85.9,84.9,83.5,79.3,71.2,77.8,84.5,82.8,79.8,72.1,78.4,72.8,73.0,67.4,62.6,58.5,54.0,50.5,49.6,47.7,47.9,48.1,46.4,44.5,42.7,40.4,39.4,38.8,39.9,41.1,41.8,42.7,43.9,45.0
09:44:21.000,96.7,65.7,87.1,87.8,88.1,83.9,83.1,77.9,77.1,71.5,74.1,82.3,82.3,78.3,73.4,77.4,69.5,72.3,65.9,62.6,59.4,50.6,49.2,50.0,47.5,47.8,48.2,47.0,45.2,43.4,40.5,39.0,38.9,40.1,40.8,41.9,42.9,43.8,44.9
09:44:22.000,97.6,65.2,86.3,84.7,81.2,82.0,84.1,80.5,76.1,76.0,73.7,81.5,81.9,77.2,69.9,76.9,71.5,71.4,67.3,62.4,60.7,56.2,51.2,49.8,48.5,49.4,48.7,49.3,46.4,44.4,42.0,39.8,39.1,39.8,41.1,42.0,42.9,43.9,45.0
09:44:23.000,97.7,66.2,87.2,86.7,87.8,83.8,81.5,81.5,76.3,71.5,73.6,82.0,81.8,78.6,70.3,76.9,68.6,71.9,66.2,65.6,61.8,57.4,52.7,50.4,47.8,48.8,48.4,48.9,48.9,45.2,43.0,40.3,39.4,40.0,40.8,41.7,42.8,43.8,45.0
09:44:24.000,96.6,66.0,86.1,82.2,85.6,85.0,81.0,78.5,77.1,72.5,72.6,78.4,81.0,77.1,69.8,77.9,68.8,71.8,66.4,62.2,58.8,57.0,52.0,49.0,47.3,47.1,47.4,46.5,45.9,43.1,40.6,39.3,39.0,40.0,40.8,41.7,43.0,43.9,44.8
09:44:25.000,97.2,65.0,86.3,88.4,87.5,82.5,85.4,80.2,76.9,74.6,72.9,80.6,79.7,79.3,71.7,77.9,72.3,70.0,67.5,60.3,58.4,53.9,50.3,47.5,45.8,45.8,44.7,44.1,42.5,41.4,39.5,38.7,39.0,40.1,40.9,41.8,43.0,43.8,44.8
09:44:26.000,96.6,65.3,87.6,84.8,89.3,86.6,82.1,78.1,77.0,73.2,76.7,81.4,83.9,80.7,72.2,79.5,72.0,69.7,66.2,62.5,59.9,53.9,50.3,48.8,45.8,44.7,44.1,42.5,41.4,39.8,38.7,38.7,39.3,39.9,40.8,41.9,42.9,43.9,45.1
09:44:27.000,95.5,64.2,86.3,90.4,88.2,84.8,81.9,81.6,78.3,70.4,71.3,80.6,80.4,79.2,74.0,75.4,70.1,69.8,63.4,60.0,60.2,56.4,49.8,47.0,45.0,44.2,43.8,44.7,43.2,41.4,40.2,38.6,38.6,39.8,40.8,41.7,42.7,43.9,44.9
09:44:28.000,96.0,62.7,85.3,87.8,84.4,83.5,80.4,84.7,80.4,74.3,74.5,80.8,80.5,77.0,69.0,72.4,65.5,68.0,62.9,60.6,56.5,54.7,49.6,48.5,44.7,44.3,43.6,44.2,43.0,41.0,40.6,39.2,39.1,40.1,40.9,41.9,43.0,44.0,44.9
09:44:29.000,96.2,61.8,85.3,85.1,84.7,86.5,82.1,81.9,75.2,74.0,73.0,77.2,80.4,76.8,66.9,71.6,64.8,67.1,62.2,60.9,54.9,50.2,47.5,46.3,44.3,43.4,43.9,44.6,43.6,42.3,39.9,39.6,39.2,40.0,40.9,41.9,42.9,43.9,45.0
09:44:30.000,97.1,61.0,84.3,88.7,88.2,88.0,83.4,82.9,77.4,74.0,72.9,76.9,78.5,71.5,68.0,71.6,64.6,65.2,61.7,58.1,56.1,51.7,46.4,45.8,43.6,43.7,45.4,45.4,43.8,42.3,40.2,39.0,39.1,40.2,41.0,41.7,43.0,43.9,44.9
09:44:31.000,97.3,61.7,83.9,90.0,88.1,84.8,84.5,84.0,78.5,70.5,70.4,75.4,77.7,71.0,66.5,71.0,66.9,68.7,62.0,57.6,54.7,51.8,47.9,45.8,44.3,46.5,46.7,44.9,42.9,40.4,39.7,39.1,38.8,39.9,40.8,41.7,42.9,43.8,44.9
09:44:32.000,96.8,61.8,83.6,87.1,83.2,84.6,82.5,81.3,74.2,71.6,72.5,77.1,76.2,73.1,66.8,75.4,69.1,66.3,63.1,58.1,56.8,51.9,47.4,45.1,44.8,44.5,44.7,44.5,41.7,40.0,39.3,38.6,38.9,39.9,40.9,41.8,42.8,43.9,44.9
09:44:33.000,93.9,61.4,83.7,86.5,84.2,82.7,81.1,81.2,75.7,66.4,73.7,80.2,76.9,75.4,67.4,71.0,66.4,69.5,63.4,57.3,56.6,50.4,46.8,45.3,43.7,43.9,43.6,43.3,41.3,39.2,38.6,38.3,39.1,40.3,40.9,41.8,42.8,43.8,45.0
09:44:34.000,96.5,63.0,83.4,87.8,88.9,84.9,80.6,74.3,73.3,68.6,70.9,78.8,78.3,75.4,68.0,72.0,66.8,70.5,68.0,62.9,59.3,53.4,48.2,45.4,42.9,42.2,44.0,43.9,41.2,39.8,38.7,38.6,38.9,40.0,40.8,41.9,42.8,43.9,44.9
09:44:35.000,97.3,64.2,85.2,88.4,87.9,84.9,82.6,81.0,74.4,71.4,72.3,81.3,78.0,75.8,71.0,75.8,67.5,69.2,67.2,62.3,57.4,52.8,50.6,46.0,42.4,42.9,44.6,43.4,42.0,40.1,38.7,38.5,38.9,40.1,40.9,42.1,42.8,43.8,45.0
09:44:36.000,94.8,63.2,85.6,88.5,91.5,85.2,79.6,85.5,78.3,71.0,71.9,78.4,82.5,78.5,69.8,75.6,70.6,68.0,64.5,62.7,57.5,52.7,48.3,45.0,42.2,42.1,42.9,42.2,41.6,41.4,39.8,38.4,38.8,40.2,40.9,42.0,42.9,43.9,44.9
09:44:37.000,96.5,63.6,84.6,90.2,84.9,83.0,82.9,82.3,77.3,72.8,72.2,79.1,80.3,76.7,69.2,74.1,71.1,68.0,64.8,61.0,57.7,53.7,49.2,44.6,41.8,41.7,41.2,40.8,39.4,39.5,38.9,38.3,38.9,40.2,40.9,41.8,43.0,44.0,45.0
09:44:38.000,95.1,61.5,84.4,87.2,89.1,84.1,85.5,79.9,73.1,65.5,70.9,77.5,82.1,78.1,68.6,71.3,67.1,68.8,64.4,59.2,54.7,49.6,45.9,43.0,42.1,41.4,41.2,40.9,40.7,39.4,38.8,38.5,39.1,40.2,41.0,41.9,42.9,43.8,45.0
09:44:39.000,97.1,61.7,83.6,87.4,86.2,88.6,82.0,79.2,75.2,67.6,70.1,74.0,78.9,75.8,67.7,73.7,67.1,68.5,63.8,57.8,56.7,50.5,44.7,43.3,42.0,40.7,41.2,39.8,40.6,39.6,38.8,38.3,38.7,40.1,40.8,42.0,42.9,44.0,44.9
09:44:40.000,94.0,62.5,84.0,79.0,78.5,82.6,82.2,80.3,76.2,69.7,71.2,79.7,81.0,75.2,68.1,75.3,67.9,69.8,64.9,60.2,56.2,54.0,48.4,44.5,41.5,40.8,41.4,41.7,41.6,39.6,39.3,38.6,39.1,40.2,41.0,42.1,43.0,44.0,45.0
09:44:41.000,94.5,63.5,84.7,84.1,87.2,85.5,80.2,80.1,75.5,67.5,75.4,79.1,80.7,78.4,69.8,76.8,70.4,69.0,65.8,61.4,56.9,51.5,47.7,41.8,41.8,40.8,41.6,41.4,40.2,39.6,39.8,39.3,38.8,40.2,41.0,42.1,43.0,43.9,44.9
09:44:42.000,96.5,64.3,85.3,84.1,85.0,86.1,82.0,77.2,77.0,72.8,71.0,79.8,81.4,75.6,68.9,74.0,70.2,72.6,67.0,60.4,57.1,50.8,45.4,42.7,41.4,41.3,41.2,41.1,38.9,39.0,38.1,38.2,39.1,40.0,40.9,42.0,42.8,43.9,44.9
09:44:43.000,97.1,63.4,84.4,92.0,93.3,88.1,77.8,76.7,73.5,68.3,71.1,77.5,79.8,75.9,69.9,76.7,71.2,72.0,65.8,61.1,58.1,52.0,45.7,42.7,42.3,41.2,42.8,41.4,39.4,38.4,37.9,38.1,38.7,39.9,40.7,41.9,43.0,44.0,45.0
09:44:44.000,96.0,63.3,83.9,82.3,81.1,82.8,82.4,76.4,74.4,69.8,72.8,77.4,78.9,76.5,68.0,76.0,68.4,70.5,65.8,59.0,56.5,53.2,47.7,44.1,42.5,40.8,41.6,42.4,40.2,38.9,38.2,38.4,38.8,40.2,40.9,42.0,42.9,43.9,45.1
09:44:45.000,94.5,62.3,83.5,83.6,85.5,83.2,83.2,80.2,75.3,70.6,70.1,77.2,77.0,77.2,67.5,72.5,68.9,70.0,63.5,58.6,57.3,53.7,48.0,43.2,41.8,42.2,42.9,42.3,40.8,39.5,38.4,38.4,38.9,39.9,41.0,42.0,42.9,43.9,44.8
09:44:46.000,95.9,61.2,82.4,87.7,87.9,86.7,84.8,76.4,72.4,69.5,70.0,76.7,77.4,73.1,66.7,71.6,67.0,68.8,62.9,59.5,56.0,51.8,47.1,44.8,41.4,42.2,42.6,41.5,40.9,39.6,39.0,38.8,39.0,40.0,40.9,41.8,42.9,44.0,44.9
09:44:47.000,95.0,62.1,83.4,79.7,82.1,78.8,78.9,79.7,73.8,68.7,71.1,78.4,80.1,76.3,67.1,72.3,67.7,68.9,66.2,61.0,57.6,55.5,49.6,45.1,41.3,41.9,42.1,41.4,41.1,39.4,38.6,38.3,39.0,39.9,40.8,42.0,42.9,43.9,45.0
09:44:48.000,96.1,61.8,82.8,85.1,81.5,80.9,81.5,76.0,73.0,66.3,71.1,75.9,77.6,73.5,66.8,72.7,66.3,68.5,63.2,58.8,56.3,51.6,45.6,43.2,40.3,40.5,41.3,40.7,40.4,40.7,40.6,38.6,39.1,39.9,41.1,41.9,43.0,43.9,45.0
09:44:49.000,93.8,60.4,81.7,86.6,87.7,83.7,79.8,79.3,76.5,71.1,70.6,75.4,75.3,74.6,66.6,70.1,65.6,67.4,62.3,59.3,56.5,51.0,46.7,43.7,40.1,40.8,41.0,41.6,39.9,42.5,42.1,38.4,39.0,40.2,40.9,41.8,42.9,44.0,44.9
09:44:50.000,94.2,60.2,82.0,85.2,85.2,82.4,83.8,81.8,74.7,64.4,66.3,75.0,76.3,74.4,65.3,70.5,66.5,66.7,63.0,56.5,54.3,52.2,46.8,43.5,40.6,40.7,41.8,41.9,41.3,40.7,39.3,38.5,38.8,39.9,41.0,41.9,42.9,43.9,45.0
09:44:51.000,93.6,62.1,82.9,81.8,84.4,85.5,81.5,80.5,72.2,70.7,71.7,76.3,79.1,76.2,67.8,73.5,68.4,70.5,66.6,60.3,54.4,51.7,48.7,45.3,40.5,41.0,41.7,41.6,41.3,41.0,39.8,38.9,39.2,40.1,40.9,42.0,42.8,44.0,45.0
09:44:52.000,92.2,61.0,83.0,81.5,80.1,80.0,80.5,79.6,74.2,68.9,71.6,75.1,79.9,74.8,68.2,74.0,67.7,65.5,61.1,57.8,55.5,47.7,44.2,43.9,40.4,40.1,40.5,40.7,40.0,39.1,38.1,38.1,38.9,40.0,40.6,41.5,42.9,43.9,45.0
09:44:53.000,95.5,62.2,83.9,84.4,88.0,88.2,83.9,76.2,74.6,70.5,73.6,74.9,79.9,76.0,69.2,75.5,69.6,69.5,62.9,57.9,51.7,48.9,46.1,45.1,41.6,40.0,39.7,39.5,39.3,38.8,38.8,38.3,39.1,39.9,41.2,41.9,42.8,43.8,45.1
09:44:54.000,96.2,60.2,82.9,84.6,85.6,84.0,78.6,76.0,71.0,65.1,67.7,73.9,80.1,74.9,66.7,72.1,67.2,65.9,61.7,52.9,50.7,47.4,44.5,44.3,40.3,40.1,40.6,40.2,38.8,38.7,38.0,38.3,39.0,39.9,40.9,42.1,42.9,43.9,44.8
09:44:55.000,93.5,62.1,84.2,84.3,84.6,84.6,80.2,78.8,76.0,69.4,72.9,79.4,81.5,76.2,68.3,75.0,68.8,68.9,63.5,57.9,53.8,49.3,44.9,45.4,41.8,41.4,41.2,41.4,40.0,38.4,38.3,38.2,38.9,39.7,40.7,41.9,42.8,43.9,44.9
09:44:56.000,97.1,61.7,84.0,89.2,89.7,86.6,82.4,79.5,71.6,68.0,71.2,79.1,80.4,74.5,68.6,73.8,68.2,67.6,63.6,60.4,56.4,52.1,46.6,44.9,42.1,41.1,41.7,41.7,40.1,38.8,38.2,38.1,38.9,40.0,40.9,41.9,43.0,44.1,44.9
09:44:57.000,94.8,60.2,82.6,85.7,86.7,81.5,76.5,73.9,72.3,67.3,69.8,77.0,77.5,75.0,67.3,72.4,65.0,64.4,60.0,55.7,53.7,47.7,45.7,45.2,41.7,41.8,42.2,41.0,39.6,38.2,37.9,38.4,38.8,40.0,40.7,41.9,42.7,44.0,44.9
09:44:58.000,93.5,60.2,81.9,83.2,87.2,83.0,79.2,78.5,76.7,65.9,68.8,74.4,76.7,76.6,68.4,74.2,66.6,65.6,61.1,54.2,50.9,46.0,44.1,44.5,41.1,40.5,41.0,39.9,38.6,38.6,38.6,38.3,39.2,40.0,41.0,42.0,42.9,43.9,45.0
09:44:59.000,92.1,59.5,81.8,84.2,82.1,84.3,84.0,79.2,75.3,67.0,70.7,74.7,76.0,73.9,65.0,71.2,65.2,64.4,60.8,56.3,51.9,46.0,45.3,42.2,39.7,40.3,39.9,39.1,40.6,41.4,41.3,38.7,39.0,40.0,40.8,41.9,42.9,43.8,44.9
09:45:00.000,92.1,60.6,81.2,83.7,85.1,83.8,74.8,68.5,72.6,69.1,70.3,76.9,76.3,72.4,65.0,71.5,65.7,66.8,64.6,58.2,51.7,48.4,44.9,40.6,40.5,40.3,38.8,40.8,39.8,39.5,39.6,38.5,39.1,40.2,41.0,41.8,42.9,43.9,44.9
09:45:01.000,95.5,59.7,81.2,82.5,80.0,81.8,81.9,81.3,73.2,67.0,69.9,71.6,76.0,74.6,67.1,71.9,65.8,65.6,62.7,57.3,52.2,47.0,43.9,41.9,40.5,41.1,40.7,40.1,39.2,38.1,37.7,38.1,39.0,39.9,40.7,42.0,42.8,43.9,45.0
09:45:02.000,93.3,60.0,82.1,81.8,83.3,80.3,79.0,80.6,75.7,70.2,70.9,75.9,78.3,73.4,64.7,70.7,66.5,67.1,62.6,58.3,52.3,46.6,43.0,41.6,40.8,40.5,39.9,40.3,39.3,38.0,37.7,38.4,38.9,39.9,40.8,41.9,42.9,43.9,44.9
09:45:03.000,94.3,58.4,80.9,74.2,76.7,81.7,83.9,79.1,71.4,63.5,71.1,76.2,75.2,73.9,64.1,69.5,64.0,62.4,60.6,54.3,50.2,47.8,44.5,41.7,40.8,40.1,40.4,40.1,38.5,38.9,38.2,38.0,38.7,40.1,40.8,41.6,42.9,44.0,44.9
09:45:04.000,93.4,59.5,80.8,85.2,85.1,82.2,77.7,77.3,72.3,69.9,72.1,74.8,75.5,74.4,64.4,69.3,65.3,65.8,61.1,58.5,54.8,51.0,45.7,42.7,41.2,41.2,39.7,39.7,38.9,38.9,38.5,38.4,39.2,40.1,40.9,41.8,43.0,43.9,44.9
09:45:05.000,92.9,61.3,82.0,79.9,79.7,79.5,76.1,77.6,72.4,65.8,67.3,73.1,79.1,73.9,65.8,71.1,65.7,66.9,62.2,59.0,55.5,50.3,45.2,43.1,41.7,41.0,42.2,40.3,38.7,38.1,38.2,38.5,38.9,40.2,40.9,42.0,43.0,44.0,45.0
09:45:06.000,91.9,60.0,81.7,80.7,82.0,84.9,83.1,75.5,74.5,70.6,69.8,75.1,76.9,74.4,66.7,71.9,67.4,66.4,61.1,57.9,52.8,48.6,45.6,43.2,42.4,41.7,41.0,39.8,38.4,37.8,37.9,38.7,38.9,39.9,40.9,42.0,42.8,43.9,44.9
09:45:07.000,93.9,58.9,81.1,84.9,80.9,80.4,80.7,78.7,71.4,68.8,66.9,75.9,76.5,70.6,64.1,72.6,67.5,63.2,59.1,53.9,50.8,47.0,44.0,41.8,40.7,40.2,40.0,39.4,38.3,37.5,37.7,38.0,39.1,39.7,40.9,42.1,43.0,44.0,45.0
09:45:08.000,90.1,59.1,80.5,79.4,80.6,82.7,81.1,76.1,69.8,68.7,69.2,72.1,74.1,70.9,65.5,71.1,65.9,62.5,57.8,54.6,50.6,47.9,44.2,42.0,41.1,41.4,41.6,40.1,39.9,38.8,38.3,38.6,38.8,39.8,40.8,41.7,42.9,43.7,44.9
09:45:09.000,93.1,61.4,82.7,86.3,87.6,82.4,76.3,81.8,77.5,66.3,70.2,75.9,78.4,75.3,66.9,73.3,66.9,65.9,64.1,60.0,56.1,49.9,43.9,42.3,42.0,42.1,42.3,41.3,41.8,40.9,41.0,38.3,39.0,39.8,41.0,41.9,42.9,43.9,44.9
09:45:10.000,95.0,62.4,83.0,80.9,83.5,83.1,80.1,74.1,73.6,69.4,70.5,75.3,78.5,75.7,68.2,76.0,68.9,68.7,61.8,57.2,54.1,49.3,44.5,42.4,41.4,41.6,41.4,41.5,41.3,41.9,41.2,38.7,38.9,39.8,40.8,41.6,43.0,44.0,44.8
09:45:11.000,93.2,61.5,82.3,84.3,83.0,83.7,80.2,78.2,75.2,69.1,71.0,73.6,78.8,76.3,66.5,74.2,68.8,69.1,63.3,58.0,53.6,50.1,45.4,42.6,41.6,40.6,40.1,41.0,40.8,43.1,42.4,38.1,38.8,40.1,41.0,42.0,43.0,43.9,44.9
09:45:12.000,93.5,60.2,81.9,84.3,84.8,84.1,78.9,77.6,71.4,62.4,69.3,74.8,76.9,75.3,65.6,71.6,67.0,64.8,62.4,57.0,53.4,48.6,45.0,42.6,40.4,40.3,38.9,38.8,38.5,37.9,37.7,38.1,38.6,39.7,40.6,41.8,43.0,44.0,45.0
09:45:13.000,93.2,57.2,80.3,80.0,81.2,79.0,76.4,77.3,72.2,67.4,65.6,77.2,73.6,74.2,61.8,67.1,64.7,62.2,55.9,50.6,48.6,45.3,43.3,40.4,40.2,39.6,38.5,38.3,37.8,37.5,37.6,38.0,38.7,39.8,40.7,41.9,42.9,44.0,45.0
09:45:14.000,92.0,58.0,80.2,82.2,80.7,79.3,73.9,73.8,71.3,64.3,66.5,75.7,75.2,74.0,64.7,71.4,66.0,61.0,56.5,50.6,48.5,45.7,43.7,41.3,39.5,39.2,38.9,38.2,37.5,37.9,37.6,38.4,39.1,40.2,40.9,41.8,42.7,43.9,45.0
09:45:15.000,93.0,58.8,81.4,80.8,83.7,84.0,77.5,70.2,70.1,63.7,70.5,75.5,78.0,76.0,67.2,73.2,67.0,64.2,55.3,51.7,49.0,47.7,43.9,41.2,39.3,38.4,38.6,38.5,38.4,38.0,37.5,38.5,39.0,40.0,41.0,41.9,42.8,43.9,45.0
09:45:16.000,90.7,58.0,80.9,78.4,79.2,82.7,79.6,77.6,72.9,64.0,68.0,74.2,77.3,72.3,65.6,71.0,66.0,64.5,55.3,51.3,51.0,47.3,43.1,40.1,39.4,39.0,38.3,38.6,37.9,37.8,37.8,38.3,39.0,40.1,40.8,41.9,43.0,44.0,44.9
09:45:17.000,91.0,57.0,79.4,80.8,77.6,77.1,77.9,76.1,69.7,67.5,69.2,74.9,74.7,72.6,64.2,69.0,65.2,62.0,56.2,51.8,49.1,45.9,42.5,38.9,38.7,38.6,38.4,37.9,37.5,37.5,37.6,37.9,39.0,40.0,41.0,42.0,42.9,43.9,45.0
09:45:18.000,91.3,56.1,79.6,81.8,82.9,82.8,79.1,75.4,72.8,69.3,68.3,72.6,76.0,68.4,61.4,66.5,62.5,61.0,54.1,50.8,47.5,43.6,42.9,40.3,39.0,38.7,37.8,38.2,37.8,37.2,37.4,38.2,39.1,40.1,40.8,42.0,42.9,43.8,44.9
09:45:19.000,94.4,57.9,80.1,87.2,85.8,79.7,80.3,79.0,71.2,65.9,70.2,71.8,73.2,73.7,64.3,68.7,62.5,64.1,58.5,53.9,48.6,45.1,44.4,42.2,39.0,38.9,38.9,39.1,39.6,39.6,42.2,38.3,38.9,40.0,40.9,41.7,42.9,43.9,44.9
09:45:20.000,92.5,58.6,80.9,80.2,80.7,80.7,79.1,78.7,73.0,68.1,70.1,70.4,77.3,75.0,63.2,68.1,63.1,63.2,58.6,54.8,49.5,45.7,43.1,41.9,39.7,39.4,39.6,40.7,39.5,41.1,41.9,38.2,39.0,40.0,41.0,41.9,43.0,43.9,44.9
09:45:21.000,91.9,57.6,78.0,84.6,80.4,74.0,73.0,70.3,70.4,69.0,67.4,70.0,70.3,70.4,61.7,67.1,63.1,62.3,58.8,54.7,50.6,46.2,43.1,41.8,39.8,39.0,38.7,41.3,40.0,42.6,43.1,38.4,39.0,40.4,41.0,41.9,42.9,44.0,45.1
09:45:22.000,94.0,58.0,77.6,82.6,81.7,76.4,70.8,71.0,68.6,65.2,64.6,70.2,70.9,70.2,61.7,70.8,64.4,63.0,59.8,56.7,52.0,48.5,44.6,42.4,39.6,39.3,38.8,38.7,38.0,37.5,38.0,38.3,38.8,40.1,41.1,41.8,42.8,44.1,45.0
09:45:23.000,92.0,56.0,76.9,82.6,82.1,80.9,77.8,74.8,65.6,61.1,65.8,71.7,71.0,67.6,59.4,63.9,61.7,62.3,54.7,53.1,49.2,44.5,41.9,41.5,40.1,39.4,38.2,38.2,37.6,37.7,37.8,38.3,39.1,40.2,40.9,41.8,42.9,43.9,45.0
09:45:24.000,90.5,55.8,77.1,77.7,72.5,80.3,82.3,77.7,73.9,61.1,67.3,68.0,70.0,65.9,61.4,65.7,61.3,60.5,55.2,52.2,46.9,43.3,42.8,41.7,40.5,39.8,40.4,40.3,39.6,39.2,38.1,38.1,38.8,39.8,41.0,42.0,43.1,43.8,45.0
09:45:25.000,90.4,55.5,76.7,81.0,78.5,80.9,79.1,72.9,69.1,62.2,63.1,67.3,70.4,68.8,61.2,63.6,60.1,58.9,57.0,51.5,47.8,44.2,42.5,41.0,40.7,40.9,41.1,40.5,39.4,38.8,38.8,38.7,39.1,39.9,40.9,41.9,43.0,44.0,44.8
09:45:26.000,91.8,56.6,79.3,80.2,79.6,83.0,79.6,71.7,70.8,68.5,68.1,73.1,72.5,74.2,64.9,68.3,61.1,58.9,54.7,48.8,48.5,43.9,43.1,41.5,40.8,40.0,40.1,40.1,41.1,40.4,40.1,39.2,38.8,39.9,40.6,42.1,42.8,44.0,44.9
09:45:27.000,91.3,59.9,80.3,82.1,82.7,79.1,74.3,71.3,71.0,65.4,71.5,72.5,74.6,74.5,65.9,71.9,67.3,66.4,62.3,56.3,51.2,46.3,43.7,42.3,40.9,40.8,40.5,41.0,39.8,38.2,37.9,38.1,38.7,39.9,40.9,42.0,42.9,44.0,45.1
09:45:28.000,89.8,56.6,78.1,79.4,75.6,78.7,79.6,71.6,66.8,64.8,65.2,70.7,73.0,70.7,63.6,66.2,62.4,60.1,56.1,52.2,49.2,47.5,44.3,42.3,41.5,40.8,41.0,40.9,39.0,38.8,38.3,38.3,39.1,40.1,40.9,41.7,43.0,43.9,44.9
09:45:29.000,92.5,56.3,77.5,82.2,76.9,77.9,76.9,75.9,71.7,62.7,64.0,72.6,70.8,68.8,63.6,67.6,61.7,59.6,54.3,51.6,49.3,46.3,45.3,42.3,41.1,40.5,40.0,39.9,40.2,39.3,38.8,38.6,38.7,40.0,40.9,41.7,42.9,43.9,44.9
09:45:30.000,90.2,56.7,77.6,82.6,80.1,76.9,70.4,71.1,69.4,61.6,62.6,74.7,71.5,71.4,64.2,67.0,62.9,60.8,56.7,51.4,50.0,46.4,44.8,43.4,42.2,40.7,40.7,40.5,41.4,40.9,39.1,39.1,39.1,40.0,41.1,41.9,43.1,43.9,45.1
09:45:31.000,91.8,56.8,78.0,82.7,79.6,80.3,78.6,75.3,69.8,63.4,65.3,74.0,72.8,68.3,63.7,67.4,63.4,59.6,55.6,51.1,48.1,45.6,44.8,43.6,41.5,40.4,40.5,40.6,40.9,40.8,40.7,39.7,39.1,39.8,41.0,41.9,42.9,43.9,45.0
09:45:32.000,92.5,58.2,80.1,81.2,82.7,86.2,82.5,74.8,69.7,63.9,68.1,73.0,75.0,72.0,64.6,70.6,64.9,63.8,54.8,51.3,48.3,45.7,44.0,42.9,40.6,40.7,41.2,41.2,41.4,42.8,41.7,40.1,39.2,39.9,40.9,41.8,42.9,44.0,44.9
09:45:33.000,89.0,57.2,77.7,81.8,76.6,71.8,75.1,73.5,66.7,67.2,69.2,71.6,71.8,70.5,65.0,68.3,63.6,61.9,54.4,51.5,47.6,45.6,43.1,41.5,40.3,40.2,40.3,41.6,42.0,43.2,42.1,39.2,39.1,40.1,40.9,41.7,42.9,44.0,44.9
09:45:34.000,90.9,56.3,78.4,86.0,81.5,77.1,74.6,72.0,65.0,66.4,69.1,73.0,75.5,71.3,62.1,67.2,64.0,60.6,54.4,50.3,47.2,44.7,44.1,41.1,39.4,40.0,39.7,40.4,39.7,39.3,38.0,38.2,39.2,39.9,40.9,41.7,42.9,43.7,44.9
09:45:35.000,88.4,55.9,78.0,81.5,81.1,77.2,73.9,71.0,73.5,66.9,65.1,72.6,71.6,70.8,64.0,66.1,63.0,60.0,53.5,50.3,46.7,45.2,44.3,42.7,40.9,40.2,39.5,39.1,38.8,38.3,38.5,38.1,38.6,40.3,40.9,41.9,42.9,44.0,45.1
09:45:36.000,88.9,56.2,76.1,79.2,75.1,76.2,77.8,74.7,65.3,65.6,64.9,70.7,66.3,69.1,61.2,65.4,60.1,61.1,56.0,53.1,50.5,47.1,43.5,41.7,41.8,40.6,39.8,40.2,39.2,39.5,38.9,38.8,39.3,39.9,40.9,41.7,42.8,44.0,45.0
09:45:37.000,91.2,57.2,77.0,82.6,84.2,79.1,73.1,74.8,68.7,66.2,63.6,66.0,71.3,71.1,61.4,65.8,65.0,62.1,54.2,52.8,49.6,47.1,44.6,43.0,41.4,40.8,41.0,42.3,43.2,42.0,39.3,39.0,38.8,40.2,41.0,42.0,42.9,44.0,44.9
09:45:38.000,91.1,57.0,76.7,79.2,75.4,75.3,76.5,74.4,70.4,64.7,64.9,70.2,71.0,71.0,61.6,65.6,61.7,61.7,56.0,54.1,50.6,45.5,44.0,42.2,41.5,40.1,40.4,41.0,42.2,42.3,42.9,41.4,39.6,40.0,41.0,41.9,42.9,43.8,44.9
09:45:39.000,90.6,57.8,78.3,81.3,80.9,77.8,73.6,75.1,72.4,63.9,65.0,74.8,73.4,67.4,61.3,67.7,61.3,62.4,59.2,53.8,51.2,49.5,44.3,42.4,41.7,41.5,40.2,39.6,39.6,38.7,38.9,38.8,38.8,39.9,40.7,41.9,43.0,43.9,44.9
09:45:40.000,89.1,57.1,77.2,77.0,75.9,77.3,77.8,75.3,69.0,62.2,63.7,69.9,71.7,69.0,62.3,65.7,62.3,61.7,57.3,52.3,50.2,47.1,45.4,43.3,42.0,41.4,39.9,39.4,38.9,38.1,38.4,38.7,38.9,40.0,40.8,42.2,42.8,43.8,45.0
09:45:41.000,89.6,57.8,78.4,77.4,73.5,77.0,77.5,77.0,65.8,63.8,63.9,70.2,73.5,69.9,64.0,68.8,64.6,62.6,58.4,53.3,50.1,48.5,44.2,43.2,42.5,41.3,41.1,40.1,40.1,39.8,39.2,39.0,39.0,39.9,40.7,41.8,42.9,43.9,44.9
09:45:42.000,91.8,58.9,79.3,86.8,84.6,81.1,76.8,72.6,66.2,67.9,65.8,72.3,71.4,70.8,65.7,68.4,66.4,62.7,57.4,55.3,50.5,47.0,44.0,43.8,43.0,42.5,41.8,40.7,40.0,38.9,38.2,38.3,38.7,40.0,40.8,41.8,42.8,43.9,45.0
09:45:43.000,91.6,57.6,79.0,76.2,75.2,76.5,75.9,71.5,72.9,69.0,67.5,72.7,73.7,71.1,62.8,65.9,61.3,60.1,55.3,53.3,49.1,47.1,44.9,43.4,43.1,43.5,43.4,42.2,41.9,40.5,40.0,38.2,39.1,40.1,40.8,41.8,42.9,44.0,45.0
09:45:44.000,91.8,57.0,78.2,83.6,79.6,81.2,77.9,74.8,71.7,67.6,65.3,71.9,73.3,70.3,62.3,64.8,62.1,60.4,52.6,51.8,48.0,47.9,44.8,44.6,43.5,42.9,42.3,42.4,42.4,42.5,40.9,38.7,39.2,40.1,40.7,41.9,42.8,43.8,45.0
09:45:45.000,91.3,55.2,75.4,80.2,76.4,78.3,73.7,72.9,69.2,66.0,63.5,68.6,69.2,67.4,60.1,60.9,57.9,54.7,54.4,50.4,45.6,47.0,45.0,43.4,42.6,42.3,41.4,41.8,40.8,41.8,41.1,38.6,39.2,40.2,41.0,41.7,42.8,44.0,45.0
09:45:46.000,89.5,54.6,74.3,82.5,79.8,76.4,72.5,71.5,68.9,66.8,64.4,65.5,66.4,65.2,61.1,61.7,58.8,57.7,51.6,50.2,48.3,46.1,44.4,43.2,41.6,40.6,40.9,40.5,38.8,38.8,39.2,38.7,39.0,40.1,40.9,41.7,42.8,43.9,44.9
09:45:47.000,90.7,54.2,75.0,78.7,77.1,76.7,77.1,74.2,72.4,66.4,62.4,68.4,65.6,66.4,60.4,59.0,55.3,55.7,50.8,50.6,46.1,46.2,44.4,44.3,40.9,41.3,40.5,40.1,39.9,39.1,38.4,38.5,39.1,39.9,40.9,41.9,42.8,44.0,44.8
09:45:48.000,87.7,55.0,75.5,71.5,76.2,80.1,73.9,71.2,65.6,65.5,62.6,67.3,68.5,66.9,62.5,59.1,56.1,54.4,50.3,48.4,46.4,46.2,44.6,44.1,42.2,42.6,43.2,42.7,41.9,40.2,38.5,38.6,39.2,40.1,41.1,41.8,42.9,43.8,44.9
09:45:49.000,86.8,54.7,75.1,78.1,73.8,71.7,71.2,69.7,67.0,63.5,63.7,72.2,70.6,65.2,61.1,59.3,57.5,54.4,47.7,47.8,46.6,45.1,44.0,43.6,42.2,42.0,43.3,42.6,41.7,40.2,38.8,38.4,38.9,40.0,40.9,42.0,42.9,43.8,44.9
09:45:50.000,89.0,54.7,75.0,78.6,79.5,80.4,75.8,66.4,61.3,64.2,60.9,68.3,69.3,67.1,63.3,58.9,57.4,57.0,51.1,49.1,46.1,45.4,44.8,42.3,41.4,40.4,41.5,41.7,41.0,39.6,38.6,38.4,38.7,39.9,41.0,41.9,42.9,44.1,45.0
09:45:51.000,90.0,55.2,74.4,74.6,71.1,74.6,79.2,72.7,67.8,60.7,64.7,68.8,67.5,69.0,61.2,64.9,59.9,59.6,55.1,51.0,47.4,45.0,44.1,43.3,40.8,40.4,41.2,41.4,41.0,40.3,39.0,39.0,39.0,40.0,40.8,41.9,42.8,43.8,45.0
09:45:52.000,91.4,55.1,75.6,76.1,79.2,81.3,78.1,73.5,66.8,63.1,62.5,70.6,71.8,65.8,61.6,61.1,60.9,57.6,53.5,51.1,48.8,44.5,44.7,43.1,41.5,40.5,41.2,41.1,40.2,39.0,38.5,38.5,38.8,39.7,40.8,41.9,42.9,43.9,44.9
09:45:53.000,90.8,54.3,75.8,79.3,78.0,81.1,77.1,70.6,66.5,62.9,63.8,72.5,67.5,65.7,61.2,60.9,58.7,57.2,50.8,49.9,46.7,43.5,43.0,42.2,41.0,40.0,40.5,40.9,38.1,38.2,38.6,38.6,39.1,39.9,40.8,42.0,43.0,44.0,44.9
09:45:54.000,90.4,53.6,73.8,75.9,78.8,75.3,75.2,71.0,71.0,62.4,61.9,68.2,68.1,68.1,60.5,59.6,56.3,54.3,50.5,47.5,45.4,42.2,42.9,41.7,41.2,39.2,39.7,39.5,39.7,39.4,41.2,38.3,39.1,40.2,41.0,42.0,43.1,43.8,45.0
09:45:55.000,88.2,53.6,74.0,81.0,76.1,76.0,77.1,72.7,66.4,63.6,63.5,66.4,68.6,65.3,61.4,57.7,54.9,53.6,49.8,47.6,44.9,43.4,43.8,40.7,39.1,38.7,39.7,41.1,39.3,39.8,41.1,38.2,38.9,40.1,41.1,41.8,42.7,44.0,44.8
09:45:56.000,90.3,53.7,73.8,79.9,80.8,77.1,72.8,64.9,66.2,66.0,61.8,68.9,69.3,63.2,60.5,60.2,57.9,55.9,50.4,47.9,45.2,42.6,42.5,41.3,39.1,38.3,39.3,41.1,39.2,41.2,42.6,38.3,39.1,40.0,41.0,41.8,43.0,44.0,45.0
09:45:57.000,89.9,53.6,74.6,78.6,75.8,71.4,72.9,74.8,67.5,62.6,60.3,70.3,69.9,65.8,62.2,61.3,56.2,55.4,52.4,49.7,45.1,42.1,41.5,39.9,39.2,38.3,39.0,38.7,39.7,38.0,37.9,38.2,38.9,39.8,40.9,41.9,42.9,43.9,45.0
09:45:58.000,89.5,53.4,73.8,81.1,79.8,77.7,76.1,74.3,67.0,62.9,60.4,67.3,64.9,64.6,60.6,60.2,58.8,54.3,50.7,46.3,44.4,40.7,40.9,40.1,39.7,38.5,38.8,38.9,39.7,40.1,40.7,39.1,38.9,39.7,40.8,41.9,43.0,43.8,45.0
09:45:59.000,89.2,53.9,73.9,80.8,79.3,72.3,70.2,63.4,63.8,65.3,61.0,69.1,67.6,67.0,60.2,63.0,59.6,55.6,49.9,49.0,46.5,42.4,43.0,39.9,40.1,39.2,40.0,38.7,38.6,39.2,39.4,39.1,39.0,40.2,40.8,42.0,42.9,44.0,44.9
09:46:00.000,90.7,53.5,74.2,79.0,82.0,80.1,75.7,72.3,70.6,59.5,62.1,64.8,67.2,65.7,61.1,58.7,58.1,55.9,51.7,48.5,45.4,42.3,42.5,40.7,40.6,38.7,38.9,38.9,37.8,37.3,37.9,39.1,38.7,40.2,41.0,41.7,42.9,43.9,44.9
09:46:01.000,89.2,53.6,73.8,79.8,78.3,71.1,70.9,72.3,65.6,65.9,63.7,68.9,68.1,67.9,60.1,58.1,59.5,57.7,51.8,49.2,48.5,43.2,41.9,39.7,39.0,37.8,38.1,38.0,37.4,37.0,37.4,38.2,38.9,40.0,41.2,42.0,42.9,43.9,44.9
09:46:02.000,88.2,54.6,74.8,78.1,78.0,77.2,75.2,70.3,66.6,64.9,59.3,68.2,70.6,66.3,61.8,63.4,61.1,58.7,52.6,50.2,49.7,44.7,41.6,39.4,39.3,38.0,36.8,37.9,38.0,37.9,38.9,38.2,38.7,39.9,40.9,41.9,43.1,43.9,44.9
09:46:03.000,87.0,53.9,74.8,76.2,72.1,73.2,73.2,68.5,65.1,59.1,60.1,71.1,68.4,65.9,59.0,60.2,57.3,54.6,51.9,47.6,46.9,44.8,41.6,38.5,38.0,38.0,37.9,40.4,38.5,39.4,40.9,37.9,38.9,39.9,41.0,42.0,42.8,43.9,44.9
09:46:04.000,88.6,54.8,74.3,76.1,76.2,76.1,74.0,72.3,65.7,63.9,61.7,64.2,68.0,66.9,61.9,62.5,59.8,56.0,50.9,51.2,49.6,44.9,41.2,39.4,38.7,38.2,38.1,40.2,38.9,41.2,42.0,38.1,38.8,39.9,40.6,42.0,42.9,44.1,45.1
09:46:05.000,87.5,54.1,74.9,81.4,78.3,78.3,74.0,72.4,67.2,64.5,62.0,69.9,68.5,68.3,62.6,60.8,58.4,56.6,51.4,51.2,49.9,42.3,41.8,38.3,39.0,38.3,38.4,38.8,38.1,38.1,38.1,38.1,39.0,39.8,40.9,42.0,42.9,44.1,45.0
09:46:06.000,86.4,54.7,74.6,74.6,75.7,74.3,74.1,71.5,69.1,69.3,58.8,64.8,68.0,69.3,62.0,60.4,62.0,58.7,52.9,50.8,48.7,43.8,41.9,39.3,39.4,38.4,38.5,39.1,39.2,37.9,38.0,38.3,39.1,40.1,40.9,41.9,43.0,44.0,44.9
09:46:07.000,87.9,54.6,73.8,77.3,78.4,76.4,73.4,67.3,63.8,63.4,61.0,68.7,67.2,65.3,60.1,60.5,60.7,57.6,52.3,51.1,47.6,42.3,42.2,40.0,39.1,38.6,37.8,38.1,39.0,40.3,40.9,39.8,39.1,39.7,40.9,41.8,42.9,43.8,44.9
09:46:08.000,87.3,54.7,73.8,76.4,77.6,78.5,71.8,69.8,67.4,60.8,60.0,67.1,65.0,66.7,58.7,61.8,61.9,59.5,54.4,51.1,45.6,41.6,42.7,39.9,39.1,37.0,38.3,38.8,40.4,39.3,38.9,38.9,39.2,40.1,40.9,42.0,42.9,44.0,44.9
09:46:09.000,84.2,53.1,72.9,75.2,74.3,68.4,71.6,70.8,65.3,63.3,61.2,68.2,66.5,63.8,62.5,59.5,59.7,55.0,50.1,46.8,43.2,41.1,41.5,40.4,39.0,37.7,37.9,38.2,38.3,37.1,37.3,37.8,38.9,40.2,40.7,41.8,42.8,43.7,44.9
09:46:10.000,91.5,53.1,73.7,79.3,73.0,72.3,77.9,73.5,66.1,59.8,59.7,64.3,65.1,66.5,61.5,56.9,57.6,53.8,48.1,46.5,42.8,41.0,42.3,39.9,38.6,37.8,37.3,37.3,37.3,37.3,37.8,38.1,39.0,40.2,41.0,42.0,42.8,43.9,45.0
09:46:11.000,88.2,53.6,74.7,77.5,78.5,76.7,76.1,73.2,64.8,60.8,64.8,69.8,68.6,68.6,61.7,60.3,59.0,56.2,51.3,48.0,45.9,41.8,42.5,39.4,38.8,38.4,38.4,38.2,38.5,38.0,38.2,38.4,39.1,39.9,40.9,41.8,42.9,43.9,45.0
09:46:12.000,89.3,55.1,74.8,77.9,74.3,73.3,77.9,73.2,67.7,62.9,60.3,66.7,65.9,67.9,62.0,63.9,62.4,57.3,50.7,48.8,46.0,42.0,42.2,40.6,39.1,38.0,39.7,40.9,41.7,42.8,43.0,38.6,38.9,39.8,40.8,41.8,42.8,44.0,44.9
09:46:13.000,86.6,55.9,75.6,69.0,69.1,76.0,79.2,71.2,66.6,62.1,61.0,72.1,68.7,70.5,64.0,63.6,60.7,59.4,53.8,50.8,48.6,42.6,42.7,40.7,39.8,40.3,39.9,42.4,42.2,44.3,44.6,39.6,38.8,39.9,40.8,42.0,42.9,43.9,44.9
09:46:14.000,88.4,56.0,74.7,78.7,73.0,72.2,74.0,73.8,64.7,63.4,61.8,68.0,69.7,65.9,63.3,62.1,59.3,58.3,51.2,47.1,44.7,42.8,43.1,41.3,41.0,41.1,42.1,44.7,42.7,42.4,43.0,39.4,39.1,39.6,40.7,42.0,42.8,44.0,45.0
09:46:15.000,86.0,55.6,75.3,77.3,74.0,74.1,73.6,69.3,62.7,64.8,60.8,70.7,69.9,68.5,62.3,61.1,58.9,58.4,52.5,47.7,45.6,43.2,42.7,41.4,41.2,42.1,43.8,45.4,40.7,39.5,38.7,39.2,39.0,40.1,41.1,42.1,42.9,44.0,45.0
09:46:16.000,88.6,55.1,74.4,72.0,72.5,75.1,76.4,73.0,68.6,60.5,62.8,69.8,66.9,64.9,61.7,60.3,59.9,59.1,53.1,50.8,46.1,44.0,43.7,40.9,41.1,41.7,42.5,42.6,41.5,39.7,39.0,38.5,38.9,40.1,41.0,42.0,43.1,44.1,45.0
09:46:17.000,88.3,53.9,73.5,75.3,79.0,75.6,72.9,71.7,63.9,62.8,62.3,70.8,66.2,64.0,58.2,59.3,58.5,56.3,49.0,45.5,45.3,44.4,42.8,41.0,39.7,40.2,40.7,41.1,39.7,38.7,38.9,38.5,38.9,40.0,40.9,42.0,42.7,44.0,45.0
09:46:18.000,88.2,53.3,72.7,71.5,74.0,77.6,71.7,69.9,67.2,64.1,61.1,67.4,68.5,63.7,59.7,59.1,58.6,51.8,49.5,45.8,45.8,45.0,44.0,41.7,39.9,38.9,39.9,40.4,37.5,37.8,37.9,38.0,38.7,40.1,40.9,41.9,42.8,44.0,45.1
09:46:19.000,87.5,52.8,72.9,76.6,71.6,73.0,76.7,71.7,68.3,61.1,61.7,65.2,64.6,64.3,58.4,56.7,57.7,53.0,47.7,44.4,44.1,43.6,43.3,41.3,40.2,38.4,38.8,38.2,37.0,37.0,37.7,38.3,39.3,40.0,40.9,42.0,42.9,44.1,45.1
09:46:20.000,87.5,53.1,73.9,79.3,77.2,75.0,67.8,68.2,68.7,62.5,62.8,70.2,68.0,66.5,59.8,58.0,59.5,54.6,48.8,44.0,44.0,43.4,43.1,41.7,39.7,39.0,38.1,37.4,37.2,37.1,37.4,38.0,39.1,40.0,40.8,42.0,42.9,43.9,44.8
09:46:21.000,83.3,53.1,73.4,70.8,67.9,70.9,66.2,69.4,68.3,59.4,60.0,72.1,67.6,64.1,60.1,58.3,58.2,54.8,48.9,46.0,45.0,44.2,43.4,41.1,39.5,38.1,37.7,37.1,36.8,37.5,37.7,38.3,38.8,40.0,40.8,41.9,42.8,44.0,44.9
09:46:22.000,87.7,53.4,73.7,82.3,79.8,75.1,74.6,74.9,67.2,64.2,59.4,66.6,64.6,65.4,61.5,60.8,59.0,56.7,50.9,48.1,45.3,44.3,43.1,39.1,40.4,38.2,38.0,37.8,37.8,37.3,38.5,37.9,38.8,39.9,41.0,42.0,42.8,44.0,45.1
09:46:23.000,86.7,53.3,72.1,76.9,76.9,70.3,68.4,67.4,62.5,59.2,61.0,66.9,69.3,64.4,60.5,59.1,58.7,54.0,49.4,46.8,45.8,43.1,43.1,39.0,39.2,38.0,38.7,40.0,38.5,39.5,40.6,38.3,39.0,39.8,40.8,41.8,42.9,44.0,44.9
09:46:24.000,85.7,53.8,72.3,76.8,73.4,71.7,72.1,69.9,66.6,59.8,59.8,68.1,66.8,65.6,62.8,58.0,57.7,54.6,49.8,47.3,46.1,42.6,43.9,40.1,39.4,37.1,38.7,40.8,38.7,41.4,43.0,38.0,38.6,39.9,41.1,41.8,43.1,43.8,44.9
09:46:25.000,87.1,53.2,72.5,73.4,73.0,71.3,72.8,70.1,63.9,62.0,60.4,67.4,64.0,64.4,62.0,58.5,58.8,56.2,50.7,48.5,45.6,42.3,43.0,40.4,39.1,38.0,38.7,38.3,37.4,37.3,37.5,37.7,39.1,39.9,40.8,41.8,43.0,43.9,45.0
09:46:26.000,86.0,53.6,73.4,72.0,73.7,75.8,73.3,71.6,67.5,61.8,61.8,69.7,65.8,65.7,61.7,60.6,60.4,55.9,49.8,48.2,46.5,40.9,43.1,41.0,39.4,38.5,38.0,39.0,37.7,36.9,37.4,38.3,38.9,39.9,40.8,41.8,43.0,44.0,44.9
09:46:27.000,88.3,52.5,71.9,76.6,77.1,73.7,73.2,68.7,65.5,60.6,63.1,68.6,63.9,63.4,60.8,55.1,57.6,55.2,48.3,45.2,44.2,41.6,43.3,40.8,39.5,38.0,38.7,39.3,38.0,37.4,37.5,38.1,39.0,39.9,40.7,41.8,42.9,43.8,44.9
09:46:28.000,83.4,52.3,72.0,70.3,70.5,74.7,74.5,70.8,63.7,62.1,59.3,65.7,65.6,63.5,57.8,56.0,54.2,53.1,48.0,44.2,45.0,41.2,42.3,39.7,38.8,38.3,39.2,39.1,38.4,37.5,37.4,38.1,39.0,39.8,41.0,42.1,42.9,44.1,45.0
09:46:29.000,84.3,52.5,71.4,73.0,71.8,76.0,72.7,67.8,66.5,59.6,59.3,65.6,64.5,64.1,58.8,55.7,57.6,50.6,46.7,45.9,45.3,42.8,42.8,40.0,38.8,38.5,38.5,38.8,38.6,38.0,38.0,38.0,38.8,40.1,41.0,41.8,42.8,44.0,44.9
09:46:30.000,89.6,52.4,71.5,71.3,74.0,75.7,70.1,64.7,66.8,58.9,58.5,68.7,65.3,62.6,57.8,52.8,54.9,54.4,47.6,46.0,47.8,41.9,42.7,40.5,39.0,38.7,37.7,37.3,37.1,37.1,37.5,37.5,38.9,39.9,41.0,42.0,43.0,44.0,45.0
09:46:31.000,85.5,52.8,71.9,70.8,70.1,71.4,68.3,66.1,65.1,61.6,57.9,69.1,64.9,62.1,57.3,57.2,57.2,54.7,49.5,45.5,46.1,41.6,42.2,40.4,40.0,38.6,38.9,37.3,37.1,37.0,37.8,38.2,39.0,40.0,40.8,41.9,42.8,43.9,45.0
09:46:32.000,82.1,52.9,70.5,67.3,65.6,66.6,67.4,66.1,64.6,60.0,59.6,66.8,65.2,62.9,59.4,57.6,58.6,55.5,49.6,48.2,45.8,41.6,42.2,39.9,39.8,38.3,38.4,37.2,37.6,38.8,39.3,39.2,39.1,39.9,40.6,41.8,42.9,44.1,44.8
09:46:33.000,86.8,53.0,72.3,74.2,74.3,74.2,74.8,71.1,65.4,59.1,59.0,65.1,66.6,63.7,58.9,57.0,57.9,55.2,51.1,48.3,46.7,41.5,42.5,39.9,39.9,38.5,38.7,38.6,37.9,37.2,37.8,38.0,39.2,39.9,40.8,41.9,42.8,43.9,45.0
09:46:34.000,88.1,52.9,73.2,80.4,77.6,75.7,70.9,71.1,67.7,61.6,58.9,70.3,66.8,67.3,60.5,54.9,57.8,54.7,50.8,46.9,45.6,40.3,42.1,40.6,38.3,38.6,37.6,39.5,37.2,37.3,37.8,38.3,38.9,40.0,40.9,41.8,42.8,43.9,44.9
09:46:35.000,87.3,52.7,71.3,75.4,72.4,69.9,70.7,68.9,65.3,60.3,58.9,67.9,64.4,63.3,58.0,53.8,56.9,55.2,50.0,45.4,44.1,40.1,42.4,39.9,38.6,38.7,38.2,39.8,37.9,38.0,39.0,38.3,38.9,40.0,40.9,41.8,42.8,44.0,45.0
09:46:36.000,85.6,52.8,71.3,71.8,72.7,74.3,69.4,67.2,63.4,60.2,60.2,68.3,64.5,62.5,57.1,53.2,53.6,53.2,48.9,45.3,43.8,41.4,42.1,39.6,38.3,38.8,37.8,39.3,39.2,40.3,41.6,38.4,38.9,39.9,40.8,41.7,42.8,44.0,44.9
09:46:37.000,87.1,53.3,70.9,70.7,74.2,72.1,73.1,66.9,64.4,61.1,59.7,63.3,66.5,62.4,60.1,52.2,53.3,52.9,48.0,45.6,44.8,41.4,42.4,40.4,38.4,38.2,38.3,40.7,38.9,42.0,42.4,38.8,38.9,40.0,40.9,41.9,42.8,44.0,45.0
09:46:38.000,86.4,53.6,71.2,75.2,72.7,71.9,68.4,67.1,60.5,57.0,58.3,67.1,63.7,60.9,59.1,53.6,55.6,52.5,47.2,43.9,44.2,42.5,43.9,42.2,38.6,38.4,39.3,43.1,40.0,42.6,43.1,38.1,38.7,40.0,40.8,41.9,42.9,44.0,44.8
09:46:39.000,84.2,53.9,71.7,74.1,70.7,73.4,72.6,67.6,63.6,58.4,57.1,64.8,64.4,61.7,58.6,57.3,58.0,54.3,49.5,47.2,45.8,42.3,42.3,40.9,38.4,39.7,40.2,41.7,42.0,41.7,41.3,39.9,38.9,40.2,41.0,41.8,42.9,43.8,45.0
09:46:40.000,85.2,52.9,72.4,74.0,74.2,73.0,71.8,65.2,65.0,58.8,61.2,70.2,65.6,61.0,59.6,56.8,55.5,53.7,48.8,45.3,44.5,42.3,41.6,40.4,38.5,39.1,39.6,38.8,40.2,39.8,38.8,38.5,38.8,40.2,40.9,41.9,43.0,43.9,45.0
09:46:41.000,83.7,52.7,71.5,69.3,68.1,69.9,72.6,70.1,63.7,60.0,59.6,67.9,63.6,62.8,59.1,58.5,59.0,55.6,49.0,47.6,45.3,42.1,41.5,39.1,38.4,37.5,37.1,36.9,37.1,37.1,38.1,38.2,38.8,40.2,40.9,41.9,42.8,43.9,44.9
09:46:42.000,82.1,53.1,71.5,71.7,70.4,67.2,70.9,69.9,64.8,57.6,59.3,64.3,66.2,63.5,60.9,55.9,60.4,54.8,50.9,47.5,47.5,40.8,41.7,40.2,38.5,38.9,38.8,38.9,39.5,37.8,37.6,38.2,39.1,39.9,40.9,41.9,42.7,43.9,44.8
09:46:43.000,81.9,52.2,71.0,69.4,69.9,68.9,74.0,72.0,65.6,60.3,56.5,62.3,66.4,62.2,60.7,55.0,55.9,53.1,48.1,44.3,43.9,40.8,41.6,39.3,38.0,38.7,37.4,38.4,37.7,37.2,38.2,38.9,39.1,39.8,41.0,42.0,42.9,43.7,44.9
09:46:44.000,86.6,52.0,71.8,75.7,73.4,71.0,71.1,66.8,61.9,56.7,57.6,68.8,65.4,60.0,58.8,53.7,56.5,53.7,48.2,45.7,43.7,41.3,41.4,38.7,37.5,38.4,37.1,37.7,36.9,37.5,37.7,38.1,38.9,40.0,40.8,42.0,42.9,43.9,44.9
09:46:45.000,85.1,52.3,72.0,67.0,71.5,73.2,71.7,65.2,62.4,59.0,54.2,67.7,67.8,61.7,60.5,56.2,57.5,51.7,48.1,44.5,43.2,39.6,41.3,38.1,37.6,36.4,37.0,37.4,37.8,37.6,39.2,38.2,39.1,40.3,41.0,42.0,43.1,44.1,45.0
09:46:46.000,84.5,53.0,71.6,67.2,65.2,66.4,69.9,71.6,67.5,59.4,59.1,66.8,66.1,61.7,61.2,55.2,56.4,53.5,49.8,45.4,44.3,39.2,41.8,38.9,38.3,38.5,37.4,39.0,38.2,39.9,41.6,38.0,38.6,40.2,40.9,41.8,43.0,43.9,44.9
09:46:47.000,85.7,53.7,71.8,73.9,68.6,69.4,72.3,71.2,67.4,59.0,57.2,62.2,66.3,65.7,60.5,58.9,58.7,53.2,49.3,45.9,44.9,39.6,41.8,39.6,38.7,38.2,38.0,39.7,38.3,42.4,43.9,38.3,38.9,39.9,40.9,42.0,42.9,44.0,44.9
09:46:48.000,86.2,52.6,72.1,74.1,69.9,69.1,65.8,69.3,66.2,58.9,55.8,71.0,65.6,61.5,59.5,53.6,53.7,53.6,48.3,43.5,43.0,40.7,41.4,39.9,37.5,37.1,38.8,40.0,38.6,39.1,39.2,38.4,38.9,39.9,40.9,41.9,42.9,43.9,44.9
09:46:49.000,85.7,52.2,70.7,73.4,71.0,70.4,70.9,68.9,63.7,57.4,60.8,69.1,63.3,61.4,59.0,54.2,56.1,53.1,46.2,43.7,42.2,39.5,41.2,40.4,39.2,38.3,38.2,39.4,38.2,38.7,39.2,39.0,38.9,40.0,40.7,41.8,42.8,43.9,44.9
09:46:50.000,86.8,52.6,71.1,74.7,67.6,71.9,70.7,69.4,65.5,59.5,58.6,68.6,63.6,58.9,60.4,52.6,55.7,53.9,47.8,44.4,42.8,39.9,42.0,39.8,38.8,38.2,39.3,39.5,40.4,38.7,38.6,38.6,38.9,39.8,40.9,41.9,42.9,43.9,45.0
09:46:51.000,86.9,53.3,70.7,70.9,68.0,69.8,71.8,72.1,62.7,59.9,57.4,62.1,66.2,62.7,61.3,53.4,57.6,54.0,50.9,46.7,44.1,40.2,42.4,39.6,38.8,39.3,40.3,40.8,41.7,39.3,38.4,38.3,38.9,40.0,40.8,42.0,42.9,43.8,45.0
09:46:52.000,86.0,53.2,71.6,73.7,74.2,70.4,66.6,70.0,64.5,60.0,60.5,68.0,65.3,62.6,60.7,54.9,60.3,56.0,51.7,48.1,45.2,40.8,41.5,39.6,38.8,38.5,37.9,38.9,39.4,40.4,39.8,38.9,39.0,39.9,40.8,41.8,42.9,43.8,44.9
09:46:53.000,85.2,52.5,71.2,68.7,68.1,68.6,66.5,66.5,64.4,56.3,59.9,67.5,64.7,62.1,59.9,54.0,57.5,54.6,47.9,43.4,42.0,39.7,42.2,39.4,37.9,37.6,37.9,40.1,38.8,37.8,38.2,38.2,39.0,39.9,41.0,41.9,43.0,44.0,45.0
09:46:54.000,84.7,52.5,72.3,73.5,73.3,72.5,73.6,71.0,64.2,57.6,58.5,70.5,66.9,64.8,59.7,55.2,55.2,53.2,48.6,43.2,42.7,40.2,42.3,40.6,38.1,37.5,38.0,39.7,40.1,38.6,38.2,38.6,39.0,39.9,40.8,41.9,42.8,44.0,44.8
09:46:55.000,86.0,53.0,70.7,71.9,68.3,72.0,73.9,70.1,64.7,59.1,58.2,65.5,60.8,61.7,58.0,55.0,57.2,53.9,48.3,45.6,43.6,40.1,42.6,41.1,38.9,37.8,38.8,40.3,39.6,39.5,40.5,39.8,39.1,39.9,40.8,41.9,42.8,44.0,44.8
09:46:56.000,84.9,52.9,71.3,71.4,72.6,71.7,71.6,70.4,65.3,58.2,56.5,65.7,65.7,61.8,60.6,54.3,56.3,53.5,50.0,46.1,44.3,39.5,42.3,41.1,39.9,39.0,38.9,39.4,40.2,38.7,38.5,39.1,38.9,39.9,40.7,41.9,43.0,43.9,44.9
09:46:57.000,84.1,53.5,71.1,76.8,76.3,73.1,69.8,68.5,62.9,58.3,61.5,63.4,64.2,63.6,61.2,57.3,59.3,55.1,50.8,47.7,44.2,39.5,42.2,40.2,39.2,39.2,38.7,40.9,41.7,39.2,39.8,41.2,38.8,39.9,40.8,42.0,42.9,43.8,44.9
09:46:58.000,81.9,53.0,72.1,70.3,72.0,72.1,70.8,67.3,61.9,58.5,59.2,69.9,65.1,59.7,60.0,56.2,57.4,53.4,47.2,45.7,43.6,40.8,41.9,40.0,39.0,39.4,37.7,39.9,40.9,40.2,39.6,40.9,38.8,40.0,40.7,41.8,42.9,43.8,44.9
09:46:59.000,86.0,52.5,71.4,72.0,73.4,71.1,71.0,66.8,63.8,57.5,58.2,65.3,67.3,62.5,61.7,55.9,59.2,53.3,50.5,46.4,43.3,40.7,42.1,39.2,39.0,38.1,37.7,38.0,37.5,37.2,37.7,38.2,38.8,39.9,40.7,41.9,43.0,44.0,45.0
09:47:00.000,86.6,52.3,71.8,75.8,72.6,73.7,73.8,72.1,64.1,57.9,56.5,66.6,65.8,63.9,61.1,55.1,56.9,53.2,48.8,47.1,43.7,40.3,41.8,39.1,38.1,38.1,38.4,36.9,37.6,37.4,38.3,38.5,39.2,39.9,40.8,42.0,42.9,43.9,45.0
09:47:01.000,86.7,52.1,71.4,74.1,72.9,73.3,70.3,72.2,65.4,58.2,53.5,63.7,66.2,63.5,61.4,54.7,55.8,53.4,46.7,46.2,42.4,39.7,41.8,39.3,38.1,37.9,37.2,37.0,37.3,37.2,37.8,38.7,39.2,39.8,40.8,41.8,42.9,43.8,45.0
09:47:02.000,84.1,52.4,72.2,72.9,70.8,69.5,73.0,70.8,63.2,61.8,60.8,69.2,66.4,62.0,60.4,57.1,57.1,53.0,47.0,44.9,42.2,39.6,41.8,39.8,39.0,38.4,37.1,37.5,37.8,37.1,38.1,38.4,39.0,40.0,41.0,42.0,42.8,44.0,44.9
09:47:03.000,85.4,53.2,73.2,73.0,75.4,75.5,76.1,74.3,65.1,60.8,58.6,67.9,65.1,65.5,64.2,59.1,60.9,55.2,51.4,47.5,42.8,41.0,41.8,38.3,38.1,38.3,37.9,37.7,38.3,37.2,37.7,38.7,39.0,39.9,40.9,41.9,43.0,43.8,45.0
09:47:04.000,85.6,52.7,71.6,73.2,73.7,70.9,66.0,67.4,63.2,60.4,59.8,70.5,65.0,62.8,62.1,56.8,59.8,55.6,51.2,49.4,43.3,40.8,41.8,38.7,37.7,38.7,38.4,37.9,37.7,37.4,37.7,38.2,39.0,40.0,41.0,41.8,43.0,43.8,44.9
09:47:05.000,83.6,52.6,70.5,76.0,76.9,74.1,71.4,68.7,65.6,55.8,57.9,62.6,62.2,60.5,60.2,52.3,56.1,53.6,47.3,45.4,42.8,40.8,41.4,39.9,37.9,39.2,37.0,38.7,40.4,38.6,39.4,40.6,39.2,40.0,40.6,41.8,42.9,44.1,45.0
09:47:06.000,85.5,53.3,71.9,71.7,71.4,70.2,71.4,68.5,67.0,62.1,57.4,67.1,64.3,60.5,60.6,52.7,55.2,53.1,47.6,45.6,42.5,40.8,41.9,39.7,38.1,38.4,36.7,39.8,42.4,39.8,39.9,42.2,38.8,40.0,40.9,42.0,42.9,44.0,45.0
09:47:07.000,86.7,53.1,71.5,77.3,76.5,72.6,68.3,66.2,64.1,56.8,58.5,69.0,64.0,59.1,60.0,53.8,54.6,52.9,46.9,46.3,43.4,42.6,43.4,39.2,39.2,37.9,37.0,40.2,41.2,41.1,40.6,41.3,38.9,39.8,40.9,41.8,42.8,43.9,44.9
09:47:08.000,84.7,52.4,71.5,75.0,70.5,72.1,71.6,65.7,63.7,59.0,62.9,68.6,65.6,63.2,59.2,54.0,58.4,52.0,49.4,48.2,45.3,41.8,41.9,39.7,38.2,37.4,37.6,38.1,37.6,37.8,38.2,37.9,39.1,39.8,40.9,41.8,43.0,44.0,44.9
09:47:09.000,85.2,52.1,70.2,76.0,75.5,73.1,71.6,69.1,63.2,59.7,56.4,64.5,64.9,60.3,59.4,54.3,55.9,54.4,49.1,45.0,44.2,41.7,41.9,38.0,37.7,37.7,36.7,36.6,36.7,37.0,37.6,38.3,39.1,40.0,40.8,41.9,42.9,44.0,45.0
09:47:10.000,85.7,51.9,70.7,74.1,73.0,73.2,74.9,71.0,66.2,58.2,54.2,65.7,65.0,62.5,58.5,53.2,56.1,53.7,49.4,47.1,44.6,41.3,40.3,36.3,36.4,36.3,37.5,36.9,37.9,37.1,38.0,38.4,39.0,40.3,40.7,41.9,42.8,43.9,45.0
09:47:11.000,84.3,52.1,71.7,70.3,71.6,72.8,73.1,72.7,64.6,59.5,59.4,69.9,63.9,58.5,58.4,51.7,55.3,52.5,47.2,43.9,42.8,40.2,41.9,38.0,37.5,37.1,36.0,38.8,40.7,39.8,39.8,38.2,38.8,40.1,40.9,42.1,42.9,44.0,45.0
09:47:12.000,83.5,52.0,70.4,71.8,69.0,70.0,67.7,66.6,63.8,55.9,55.1,68.3,60.4,57.9,57.0,48.1,51.4,52.2,46.4,43.5,42.0,39.8,41.5,37.9,38.2,38.9,38.3,38.1,39.0,39.5,39.4,39.0,39.2,39.8,40.8,42.0,43.0,43.9,44.9
09:47:13.000,84.2,52.9,68.3,70.3,67.9,68.0,69.4,66.8,63.9,54.3,57.3,61.1,59.6,58.1,55.0,50.7,53.9,52.4,46.8,45.2,43.6,39.7,41.0,38.6,37.9,38.9,39.0,39.6,41.1,42.3,42.3,40.7,39.2,40.0,40.9,41.9,43.0,44.0,45.0
09:47:14.000,83.7,52.1,69.0,70.9,72.4,71.1,70.6,68.3,66.2,61.9,56.3,63.4,60.9,57.8,56.7,50.7,54.0,52.2,47.3,44.6,42.3,39.0,40.8,37.6,36.9,37.2,38.2,40.1,41.5,40.0,39.6,38.7,39.0,40.1,40.8,41.7,42.9,43.9,44.9
09:47:15.000,84.4,51.6,70.2,71.0,69.9,72.3,73.3,72.1,64.2,58.1,56.9,67.8,63.3,58.8,56.7,51.4,55.5,53.5,46.8,44.6,42.0,38.9,40.5,37.6,36.9,36.9,36.5,36.3,38.0,38.5,39.4,38.5,39.1,39.9,40.9,42.0,42.9,43.9,45.0
09:47:16.000,85.7,52.4,70.4,77.1,76.0,73.8,70.9,66.7,64.3,55.1,59.3,67.0,62.6,61.3,55.9,53.4,54.9,52.4,47.0,44.9,42.6,37.7,40.7,35.9,36.8,36.7,36.1,38.5,42.5,40.0,41.0,40.9,38.7,39.9,40.9,41.9,42.8,43.9,45.0
09:47:17.000,87.0,53.1,71.0,70.9,68.6,70.9,72.4,68.5,62.6,57.8,57.8,63.4,64.3,61.3,60.3,52.1,54.2,53.6,47.7,45.0,41.9,38.5,41.6,37.0,36.7,36.7,36.0,39.5,41.9,39.6,40.9,42.5,38.8,40.0,41.0,41.9,42.9,44.0,44.8
09:47:18.000,86.9,52.7,69.2,75.0,75.0,70.9,63.6,66.8,65.0,59.0,54.6,62.0,61.0,61.4,60.1,51.4,54.2,53.5,46.7,45.1,41.7,38.9,41.7,37.4,37.1,37.3,36.4,41.0,42.5,40.9,41.3,38.5,38.9,40.1,40.9,41.9,42.9,43.9,44.9
09:47:19.000,83.0,52.2,71.1,70.6,72.2,70.2,69.4,65.1,60.2,59.1,58.5,67.5,65.4,62.0,61.7,52.5,57.2,54.8,48.3,43.5,42.0,38.2,41.4,37.6,36.9,37.0,37.1,37.4,38.1,39.2,40.2,38.6,39.0,39.9,40.7,41.8,42.9,44.0,45.0
09:47:20.000,85.1,52.3,70.6,74.3,69.1,71.3,71.4,65.8,62.8,55.1,58.1,66.7,64.1,62.0,59.1,52.4,55.5,53.7,46.4,42.5,41.6,39.0,41.3,39.8,39.0,38.2,38.3,37.4,37.4,39.6,39.3,38.0,39.1,40.0,40.9,41.7,42.9,43.9,44.9
09:47:21.000,86.5,52.9,71.0,72.2,67.9,71.1,72.2,65.3,64.1,56.5,59.7,69.8,64.4,62.1,61.1,52.1,56.7,51.9,47.1,43.6,41.5,38.0,41.5,40.8,39.3,40.1,41.0,40.0,40.1,40.2,39.6,39.1,38.9,40.1,40.9,41.8,42.9,44.0,44.9
09:47:22.000,85.0,52.4,68.9,74.1,70.3,67.6,69.2,68.9,58.7,54.0,57.6,63.3,62.5,60.3,58.6,51.4,54.5,51.5,46.1,43.9,42.5,38.9,41.6,41.3,39.0,39.5,39.9,40.3,39.5,38.8,39.0,38.9,39.1,39.9,40.9,42.1,42.9,43.9,45.1
09:47:23.000,85.8,52.1,69.4,74.5,66.4,67.1,68.2,68.9,64.8,57.7,55.4,64.0,59.4,59.4,59.1,49.8,52.9,52.7,45.6,43.2,41.3,38.8,41.4,40.8,39.1,39.5,40.0,38.4,38.2,37.8,38.3,38.2,38.8,40.0,41.0,42.0,42.9,44.1,45.0
09:47:24.000,82.4,52.5,69.1,67.0,70.2,73.6,68.3,66.5,62.9,56.8,59.6,66.0,62.8,59.1,57.9,51.1,53.8,53.8,46.2,43.4,42.8,38.9,41.6,39.6,38.4,38.8,38.6,40.5,41.2,39.0,39.2,40.7,39.1,39.7,40.9,41.8,43.0,44.0,45.0
09:47:25.000,86.5,52.2,70.4,73.3,69.1,68.5,63.9,63.0,62.5,58.1,59.0,71.0,63.3,59.0,58.0,49.0,53.2,52.4,46.1,43.0,42.2,39.1,41.7,38.4,38.0,36.8,36.8,39.5,41.3,38.8,39.9,40.5,38.8,39.9,41.0,41.9,42.9,44.0,44.8
09:47:26.000,81.6,52.0,68.8,65.2,68.3,71.2,71.6,65.6,60.3,58.0,54.0,64.5,60.1,61.5,59.7,49.9,53.2,52.7,47.1,42.8,41.9,38.8,41.3,37.7,37.7,36.5,36.1,40.2,40.7,39.5,39.6,38.4,38.8,40.2,40.9,42.1,43.0,43.9,45.0
09:47:27.000,83.7,51.6,70.3,71.9,68.9,66.6,65.4,69.3,64.7,56.7,58.1,62.5,67.1,61.3,60.9,51.5,55.9,53.0,46.5,43.0,42.5,39.9,41.1,37.4,37.3,36.1,36.9,36.7,37.4,37.9,38.0,38.0,39.0,40.0,41.1,42.0,42.8,43.8,45.0
09:47:28.000,84.5,51.4,69.7,70.6,73.9,76.2,72.6,63.0,60.6,59.2,59.0,65.5,63.3,62.5,60.5,50.2,53.5,52.7,46.1,43.4,41.2,37.7,41.7,37.5,37.2,36.9,37.9,37.2,37.0,37.4,37.4,38.2,38.9,40.1,40.8,42.0,43.0,43.8,44.9
09:47:29.000,84.3,51.5,70.7,67.4,62.3,64.5,70.5,64.4,59.8,54.9,58.6,69.2,62.9,60.3,58.9,50.6,53.3,52.3,47.3,42.7,40.8,39.0,40.3,37.7,37.9,36.2,37.2,37.7,38.0,37.7,38.0,38.5,38.7,40.1,40.8,42.1,42.9,43.9,45.1
09:47:30.000,83.5,51.8,69.7,71.4,71.6,68.8,68.6,64.8,58.6,56.4,56.9,62.7,61.0,58.5,59.2,52.2,54.6,52.8,47.3,44.3,40.9,38.5,40.4,38.1,37.8,36.6,37.2,37.1,37.1,38.1,37.5,37.9,38.9,40.0,40.9,41.9,43.0,44.0,44.9
09:47:31.000,84.6,51.7,70.2,73.2,71.0,69.9,70.9,67.2,60.3,53.6,56.9,64.8,62.5,58.1,57.9,52.7,55.4,52.4,47.5,44.0,41.3,39.4,40.3,38.7,37.8,37.2,36.1,36.1,37.0,37.5,37.8,38.6,38.9,39.9,41.0,41.9,43.0,44.0,45.0
09:47:32.000,83.2,52.4,68.2,68.8,64.7,68.9,68.6,67.1,63.3,56.6,57.1,64.1,62.0,60.2,59.0,51.7,55.0,53.1,46.9,45.2,41.8,39.4,40.3,37.6,38.9,36.6,37.0,39.5,40.8,39.6,40.7,41.0,38.9,40.1,40.9,41.9,43.1,43.9,44.9
09:47:33.000,81.7,52.9,68.4,69.9,69.1,68.5,61.9,62.6,58.9,56.7,60.3,66.1,58.7,57.0,57.6,49.3,52.4,53.8,46.2,43.1,42.0,38.5,40.3,37.7,39.1,37.4,38.9,41.4,42.1,40.7,40.7,43.1,39.0,40.2,40.9,41.8,42.9,43.9,45.0
09:47:34.000,83.9,53.6,69.1,72.8,70.0,69.9,70.0,70.4,63.9,59.0,59.3,63.3,60.2,57.0,59.1,51.9,51.7,52.3,46.7,44.9,41.6,38.8,40.2,38.1,38.6,38.5,39.7,42.9,43.2,43.6,43.8,41.2,39.0,39.8,40.8,41.9,42.8,44.0,45.0
09:47:35.000,82.4,51.9,69.9,67.4,71.1,73.9,69.8,64.3,60.8,58.0,59.4,69.5,62.4,56.7,56.9,49.1,52.7,52.3,45.2,42.9,42.6,38.6,40.8,38.0,37.7,38.2,38.1,40.0,40.6,39.4,38.1,37.7,38.9,40.1,40.8,41.9,42.9,44.0,44.9
09:47:36.000,80.8,51.4,67.3,71.7,70.1,66.7,69.1,66.6,62.8,59.1,56.8,61.5,54.4,55.9,56.3,49.6,51.5,52.5,44.9,42.9,41.1,38.6,41.6,38.9,38.1,37.2,37.3,37.4,38.4,37.8,38.0,38.3,39.0,39.8,40.9,41.8,42.8,43.9,44.9
09:47:37.000,81.4,51.4,68.5,71.5,73.6,74.3,71.9,68.0,63.5,58.0,58.1,64.1,59.1,54.9,56.8,50.4,54.9,51.6,47.3,43.6,41.5,38.5,41.1,38.8,37.9,36.6,37.0,37.3,37.1,38.3,38.6,38.6,38.8,40.0,40.9,41.9,43.0,44.1,45.0
09:47:38.000,82.9,51.1,68.5,70.5,65.5,66.9,69.4,64.4,61.1,58.0,60.0,66.8,60.2,55.7,55.6,50.7,52.9,51.2,45.2,43.9,41.0,38.5,40.7,38.1,37.2,36.5,36.3,36.1,37.2,37.4,38.0,38.4,38.9,40.0,40.9,41.9,43.0,44.0,44.9
09:47:39.000,83.6,51.3,69.3,67.9,69.0,66.6,66.6,65.9,60.2,55.3,58.9,69.7,61.2,56.2,56.0,48.9,51.4,51.5,44.8,44.3,40.5,38.3,41.0,38.3,38.1,36.3,37.4,36.8,36.7,37.1,38.0,38.1,39.1,40.0,41.0,42.0,42.9,43.9,45.0
09:47:40.000,84.3,51.4,66.6,69.6,69.5,66.2,65.1,62.7,61.7,53.5,55.3,61.5,59.2,57.9,56.8,50.4,52.7,51.7,44.8,42.7,41.3,38.6,42.1,38.8,37.3,36.5,38.2,37.0,37.8,38.3,38.1,38.1,38.8,39.9,40.9,41.8,43.0,43.9,44.8
09:47:41.000,82.5,52.4,66.7,70.2,65.7,63.3,64.1,66.8,58.8,56.2,58.9,62.6,58.0,55.9,55.0,49.8,53.3,52.8,45.3,44.0,41.2,38.7,41.2,38.5,38.3,37.0,38.2,39.4,42.0,39.6,40.6,40.8,38.8,39.9,41.1,41.8,42.9,44.0,44.9
09:47:42.000,83.3,52.7,69.6,67.5,69.6,69.7,66.2,64.8,59.9,52.5,57.9,68.8,63.1,56.7,55.6,51.0,51.6,52.1,47.3,43.8,41.0,37.7,41.4,37.4,38.8,37.8,38.5,39.6,41.9,40.5,41.3,41.3,38.9,39.9,40.7,41.8,42.9,43.9,44.9
09:47:43.000,80.6,52.5,68.7,71.8,69.2,63.8,62.9,62.2,61.5,53.0,55.9,68.5,59.2,55.0,55.6,47.7,50.6,52.0,45.2,43.9,41.4,38.5,41.6,37.8,39.1,36.7,37.5,40.9,42.6,40.2,40.6,39.3,39.0,40.0,40.8,41.8,42.8,43.8,44.9
09:47:44.000,81.9,51.5,67.5,61.1,60.7,66.9,68.3,68.3,65.2,57.2,58.3,62.7,60.4,56.7,55.6,47.3,51.2,52.4,46.7,43.2,41.1,38.8,40.8,36.9,36.6,36.7,37.1,39.0,38.5,37.9,37.8,38.5,39.0,39.8,41.1,41.8,42.9,44.0,45.0
