AMBIENT,NaN,37.0,NaN,53.7,47.4,45.9,44.4,49.1,47.7,45.5,50.9,44.9,44.1,44.5,44.3,43.0,42.5,38.8,38.5,35.3,33.5,31.8,28.1,27.3,27.5,28.1,29.0,29.8,30.7,31.6,32.6,33.7,34.6,36.0,37.2,38.1,39.3,40.2,42.1
09:41:54.000,NaN,36.4,NaN,50.9,47.1,42.5,42.7,46.0,40.2,43.8,44.8,43.3,42.3,43.3,44.7,42.1,42.3,38.8,36.8,33.0,32.3,30.5,27.9,27.9,27.2,28.3,29.8,29.9,31.0,31.7,32.7,33.2,34.6,36.0,37.2,38.2,39.2,40.3,41.9
09:41:55.000,NaN,36.0,NaN,50.8,42.6,47.3,40.3,39.4,46.7,45.9,47.9,46.2,44.2,43.4,42.8,42.8,42.3,38.2,35.8,34.3,32.7,30.8,27.7,27.6,27.7,28.5,28.6,29.7,30.7,31.5,32.1,33.2,34.5,36.0,37.2,38.1,39.2,40.2,42.1
09:41:56.000,NaN,36.0,NaN,52.8,45.6,46.5,44.4,42.4,48.2,45.5,48.9,45.4,45.0,44.7,43.4,42.4,42.2,37.9,35.1,34.0,32.2,30.8,28.3,27.7,27.8,27.9,28.3,29.3,30.9,31.4,32.4,33.6,34.4,36.1,37.1,38.0,39.2,40.1,41.9
09:41:57.000,NaN,36.5,NaN,52.7,47.2,43.9,42.4,47.1,44.6,44.7,47.1,42.8,41.4,43.4,42.8,42.6,43.1,38.2,36.5,34.0,32.2,31.7,28.0,28.5,27.2,27.9,29.3,29.7,30.5,31.4,32.7,33.5,34.4,36.0,37.2,38.1,39.3,40.0,42.0
09:41:58.000,NaN,36.8,NaN,46.7,45.4,45.6,48.3,46.1,45.6,47.9,48.5,46.3,44.2,45.3,43.1,41.2,42.3,39.1,37.9,35.3,32.7,32.9,27.8,27.6,27.5,28.5,29.5,29.6,30.7,31.5,32.5,33.6,34.4,36.2,37.2,38.1,39.3,40.2,42.0
09:41:59.000,NaN,36.4,NaN,53.6,43.9,41.1,43.3,49.2,45.9,47.5,47.7,45.8,43.2,46.0,41.9,43.2,42.5,39.2,36.3,34.1,31.6,31.5,28.0,27.2,27.6,28.3,28.7,29.7,30.8,31.9,32.8,33.5,34.7,35.9,37.3,38.0,39.2,40.1,42.0
09:42:00.000,NaN,36.4,NaN,51.1,45.8,46.0,48.1,49.8,46.6,48.6,47.9,46.8,43.6,44.8,43.8,40.7,43.9,40.1,35.7,33.2,32.3,30.7,27.6,27.0,27.6,27.9,28.9,29.6,30.6,31.6,32.6,33.4,34.8,35.7,37.2,38.0,39.3,40.1,42.0
09:42:01.000,NaN,36.1,NaN,51.4,43.0,43.3,46.1,48.3,45.7,43.9,46.5,44.9,43.0,45.8,42.8,42.3,43.8,37.2,36.6,33.7,31.0,29.8,27.3,27.1,28.0,27.5,29.2,29.9,30.7,31.8,32.5,33.7,34.4,35.8,36.9,38.0,39.3,40.2,41.9
09:42:02.000,NaN,35.8,NaN,53.8,46.3,43.4,48.9,50.4,48.2,43.7,45.7,45.4,43.1,44.5,43.1,42.7,41.8,37.3,36.8,33.6,32.1,31.0,27.9,27.5,27.6,28.6,28.9,29.5,30.6,31.4,32.6,33.1,34.7,36.0,37.2,38.1,39.2,40.1,42.2
09:42:03.000,NaN,36.2,NaN,56.6,45.7,41.9,50.2,49.8,44.3,46.6,48.0,43.6,42.4,43.0,42.7,43.1,42.5,37.7,34.9,33.0,32.0,31.4,28.1,28.8,27.6,28.6,29.0,30.2,30.7,31.8,32.2,33.5,34.7,35.9,37.3,38.2,39.3,40.1,42.0
09:42:04.000,NaN,35.7,NaN,50.2,47.7,48.1,49.2,50.5,47.8,46.6,45.3,44.8,44.3,43.5,43.3,42.3,41.3,38.6,35.2,33.4,32.1,30.2,27.9,27.3,27.0,28.6,29.1,29.7,30.6,31.7,32.5,33.5,34.5,35.6,37.4,38.1,39.2,40.1,42.0
09:42:05.000,NaN,35.8,NaN,55.7,43.7,47.5,46.8,49.2,46.5,44.0,46.5,47.3,44.6,42.2,44.3,39.7,42.8,37.9,34.8,33.0,32.9,30.2,27.2,27.3,27.7,28.6,29.0,29.5,30.3,31.7,32.6,33.6,34.6,35.9,37.2,38.1,39.2,39.9,42.1
09:42:06.000,NaN,35.6,NaN,57.3,46.4,45.8,46.8,47.7,43.1,47.5,46.5,45.9,41.3,41.7,43.5,41.2,39.7,37.5,34.3,33.5,31.7,30.5,27.8,26.9,27.8,27.9,28.5,30.0,30.6,31.7,32.5,33.5,34.6,35.9,37.0,38.0,39.3,40.2,42.0
09:42:07.000,NaN,35.8,NaN,58.9,46.3,50.9,46.9,49.2,43.1,45.3,45.0,43.6,43.6,44.9,42.9,42.8,40.7,36.1,34.7,32.4,31.6,29.9,28.2,27.4,27.1,27.6,28.8,30.1,31.1,31.4,32.6,33.3,34.5,35.9,37.1,38.0,39.3,40.1,42.0
09:42:08.000,NaN,36.5,NaN,61.6,51.9,49.2,41.1,49.9,45.2,44.9,43.5,46.3,45.6,42.4,42.1,42.8,41.8,38.0,35.6,34.5,33.0,30.0,28.4,27.6,27.1,28.2,28.9,30.1,30.7,31.9,32.6,33.6,34.4,36.0,37.2,37.9,39.2,40.0,42.0
09:42:09.000,NaN,36.3,NaN,59.4,49.4,46.7,48.4,49.0,48.6,44.3,44.8,45.6,42.6,45.1,43.9,42.1,41.5,36.8,36.6,33.9,32.8,30.2,27.5,27.8,27.8,28.0,28.8,29.9,30.8,32.0,32.4,33.7,34.4,35.9,37.1,38.1,39.3,40.1,42.1
09:42:10.000,NaN,36.0,NaN,57.9,49.1,42.5,47.8,48.4,49.7,47.1,46.3,44.1,42.7,46.7,43.8,44.2,41.7,37.2,34.3,33.5,33.0,31.2,27.4,27.2,27.2,27.7,29.3,29.8,30.8,31.7,32.3,33.3,34.7,35.9,37.1,38.1,39.3,40.1,42.0
09:42:11.000,NaN,35.8,NaN,49.0,49.0,49.4,49.0,49.3,49.3,47.6,47.8,45.4,44.1,45.7,43.3,42.7,40.4,37.3,35.9,33.6,31.9,30.6,27.9,27.1,27.6,28.1,29.0,30.0,30.3,31.6,32.5,33.3,34.5,35.7,37.2,38.2,39.3,40.1,42.0
09:42:12.000,NaN,35.9,NaN,46.5,46.9,46.5,50.3,49.6,45.4,46.5,47.0,44.5,42.6,43.4,42.7,41.6,40.4,37.7,35.4,32.9,32.8,31.2,28.1,27.1,27.0,28.1,29.1,30.0,30.6,31.5,32.5,33.3,34.7,35.8,37.0,38.2,39.2,40.2,42.1
09:42:13.000,NaN,35.7,NaN,38.1,47.2,46.5,48.2,48.9,46.9,44.8,41.2,46.8,43.6,45.8,43.0,41.3,38.3,37.1,35.1,32.6,32.9,30.7,27.3,28.1,27.6,27.8,28.7,29.8,30.7,31.5,32.1,33.4,34.6,35.8,37.2,38.0,39.3,40.0,42.0
09:42:14.000,NaN,35.8,NaN,46.6,46.7,41.6,51.4,50.1,46.3,43.7,44.8,44.6,43.0,45.0,42.2,43.4,39.3,36.6,36.2,32.5,32.6,31.3,28.1,27.4,27.6,27.8,28.7,29.7,30.7,31.4,32.3,33.8,34.5,35.9,37.1,38.2,39.3,40.1,42.0
09:42:15.000,NaN,36.3,NaN,45.4,50.3,42.9,52.2,48.2,46.7,45.6,44.4,43.6,43.1,43.6,41.3,40.6,40.8,37.3,37.4,34.5,33.0,32.0,28.3,27.8,27.0,27.8,29.2,30.4,30.6,31.7,32.5,33.5,34.5,35.8,37.2,38.0,39.2,40.0,42.1
09:42:16.000,NaN,36.3,NaN,47.9,47.8,43.4,45.9,48.9,47.9,45.7,43.0,46.2,43.8,44.9,40.6,39.6,41.1,39.3,36.4,34.0,33.0,30.5,28.0,26.7,27.2,27.9,28.7,29.9,30.8,31.9,32.9,33.4,34.6,35.8,37.1,38.1,39.1,40.0,42.1
09:42:17.000,NaN,37.0,NaN,55.8,50.4,47.8,45.8,48.3,43.4,46.4,44.1,44.1,43.9,45.0,43.7,42.1,41.7,38.2,36.1,35.3,32.9,31.6,29.3,27.6,27.5,27.6,29.0,29.8,31.0,32.4,32.5,33.6,34.5,36.1,37.1,38.1,39.3,40.2,42.0
09:42:18.000,NaN,37.0,NaN,55.1,50.3,46.3,47.9,45.4,44.2,43.9,44.9,47.1,41.8,44.8,41.2,39.6,42.8,38.3,37.7,36.5,34.3,31.4,28.4,27.7,27.7,27.9,28.9,29.4,30.7,31.7,32.6,33.7,34.6,35.9,37.0,38.1,39.2,40.1,42.0
09:42:19.000,NaN,36.5,NaN,60.0,47.4,48.5,48.8,47.2,47.5,47.1,47.8,43.7,44.7,44.5,42.3,41.1,42.5,38.3,36.3,36.4,33.6,31.5,29.6,28.2,27.8,27.9,28.8,29.4,30.5,31.3,32.4,33.1,34.5,36.0,37.2,37.8,39.1,40.0,42.0
09:42:20.000,NaN,36.0,NaN,59.7,51.5,40.2,46.9,50.1,50.6,46.6,44.3,45.8,43.2,44.0,44.5,39.9,41.1,37.3,37.5,35.3,33.3,30.3,28.4,27.2,28.0,28.4,28.7,29.3,30.8,31.5,32.2,33.3,34.5,35.9,37.3,38.0,39.1,40.2,42.0
09:42:21.000,NaN,36.0,NaN,57.3,43.6,42.9,45.2,46.7,45.6,46.0,43.7,43.2,42.6,44.2,43.2,41.7,40.3,37.9,37.1,33.8,33.3,30.4,26.9,27.4,27.6,27.8,29.2,29.8,30.4,31.6,32.6,33.3,34.5,35.7,37.3,37.9,39.3,40.0,42.1
09:42:22.000,NaN,36.3,NaN,51.1,46.7,42.9,48.3,42.3,49.8,46.3,44.1,42.6,43.5,43.7,45.1,42.8,41.8,37.6,36.3,34.7,33.1,29.6,28.2,26.8,27.3,28.1,29.4,29.8,30.8,31.5,32.2,33.3,34.6,35.8,37.2,38.0,39.2,40.1,41.9
09:42:23.000,NaN,36.3,NaN,51.1,44.7,44.7,41.7,46.8,50.6,48.8,45.5,45.9,43.3,44.7,44.5,41.8,41.5,35.6,37.1,34.6,35.5,30.6,27.9,27.4,27.7,28.4,29.0,29.9,30.2,31.4,32.5,33.4,34.8,35.9,37.3,38.2,39.4,40.2,42.0
09:42:24.000,NaN,36.2,NaN,48.3,47.6,43.2,48.3,44.1,46.0,42.2,43.5,43.3,41.7,45.1,42.9,42.4,39.1,37.7,38.0,34.8,33.5,30.6,27.9,27.9,27.7,27.4,28.8,29.8,30.6,31.4,32.4,33.4,34.7,35.7,37.2,38.1,39.3,40.4,42.0
09:42:25.000,NaN,36.2,NaN,45.0,49.2,46.4,50.9,45.1,48.1,43.9,46.2,46.0,44.9,45.5,42.8,40.6,42.3,37.4,35.7,32.7,33.3,29.9,27.6,27.0,27.4,27.9,28.7,29.9,30.4,31.7,32.4,33.3,34.6,35.9,37.1,38.0,39.2,40.2,42.1
09:42:26.000,NaN,36.3,NaN,45.6,50.2,46.8,50.2,45.5,45.2,47.7,45.6,46.1,45.7,44.5,43.9,42.4,41.1,36.6,36.0,34.4,33.0,30.5,27.3,26.5,27.2,28.1,29.1,29.6,30.6,32.0,32.8,33.6,34.6,36.0,37.0,38.0,39.2,39.9,42.0
09:42:27.000,NaN,36.6,NaN,52.0,48.5,46.3,46.8,45.1,44.3,47.0,45.5,44.7,42.7,45.3,44.0,41.9,43.0,38.2,35.1,33.8,33.9,31.4,28.0,27.7,27.6,28.1,28.6,29.9,30.8,32.3,32.5,33.6,34.4,35.8,37.1,38.0,39.1,40.1,42.0
09:42:28.000,NaN,36.2,NaN,45.4,50.4,44.6,47.6,46.0,48.3,46.6,46.2,42.7,43.5,44.0,43.1,41.0,44.3,37.1,35.8,35.3,33.4,30.8,27.7,28.2,27.5,27.9,28.7,29.7,30.8,31.7,32.3,33.5,34.4,36.2,37.2,38.2,39.3,40.0,42.1
09:42:29.000,NaN,36.0,NaN,47.8,45.3,40.3,45.1,47.1,45.1,46.3,41.5,42.7,44.6,44.1,42.8,41.2,43.3,38.1,36.5,34.2,32.5,31.2,27.8,28.2,27.7,27.7,29.0,29.2,30.5,31.7,32.7,33.5,34.7,35.9,37.2,38.1,39.3,40.1,42.1
09:42:30.000,NaN,36.2,NaN,49.5,49.3,44.0,43.4,45.4,47.3,42.2,45.4,43.6,43.7,44.7,44.4,41.4,43.2,37.5,35.8,33.6,32.8,30.7,27.3,27.5,27.4,28.4,29.4,29.8,30.6,31.8,32.5,33.3,34.6,35.9,37.1,38.0,39.2,40.3,42.1
09:42:31.000,NaN,36.2,NaN,51.3,45.2,40.5,41.8,45.4,45.6,43.5,46.0,39.9,41.5,43.5,44.4,39.4,43.8,37.7,36.9,33.3,32.5,31.0,27.7,27.3,27.6,27.3,28.7,29.9,30.3,31.5,32.6,33.7,34.3,36.2,37.2,38.1,39.2,40.2,42.0
09:42:32.000,NaN,36.2,NaN,51.0,44.9,48.2,42.4,48.0,47.2,43.1,44.9,43.8,43.0,47.0,42.5,42.1,42.3,38.7,35.5,33.7,31.8,31.1,27.6,27.3,27.3,27.9,29.1,29.8,30.3,31.6,32.3,33.6,34.4,35.8,37.1,38.0,39.2,40.2,42.1
09:42:33.000,NaN,36.2,NaN,55.4,44.6,41.9,45.0,48.5,47.4,46.8,45.2,41.2,44.2,45.0,45.7,43.4,41.4,39.1,36.4,33.6,32.2,30.6,28.4,27.8,27.6,28.2,28.6,30.1,30.9,31.3,32.6,33.4,34.3,36.0,37.2,38.0,39.1,40.1,42.0
09:42:34.000,NaN,36.1,NaN,54.8,49.7,47.2,45.5,49.1,46.6,45.3,47.5,44.4,42.7,43.7,44.0,41.4,43.3,36.9,35.7,34.5,33.5,31.0,28.6,27.3,26.9,28.0,28.9,29.9,30.9,31.5,32.4,33.6,34.4,36.0,37.2,38.0,39.3,40.1,42.0
09:42:35.000,NaN,36.3,NaN,53.2,46.1,49.8,49.6,47.9,47.9,45.6,48.6,41.4,44.1,45.0,41.6,41.5,41.9,36.5,37.0,34.1,33.4,31.0,28.4,27.0,27.5,28.2,29.0,29.5,30.7,31.6,32.5,33.6,34.5,36.0,37.3,38.1,39.3,40.0,42.1
09:42:36.000,NaN,36.6,NaN,53.8,49.1,47.5,46.4,47.8,48.6,48.5,46.6,44.7,43.6,47.0,44.4,43.9,41.7,38.3,37.1,34.1,32.0,31.0,28.3,27.5,27.7,28.3,29.0,30.3,30.6,31.4,32.4,33.6,34.5,36.2,37.3,38.1,39.0,40.1,42.0
09:42:37.000,NaN,36.6,NaN,55.1,42.6,47.9,44.7,46.6,48.1,47.5,47.4,46.3,44.0,46.2,42.1,43.2,40.8,37.8,36.8,34.3,33.7,32.1,29.2,27.7,27.7,28.1,28.7,29.9,30.5,31.4,32.6,33.7,34.6,36.1,37.3,38.1,39.1,40.0,42.1
09:42:38.000,NaN,36.7,NaN,50.9,44.9,45.6,43.5,46.4,48.4,48.5,44.8,45.8,41.5,44.6,43.2,44.2,41.5,38.0,36.2,33.3,33.1,31.3,28.1,26.7,27.4,28.1,29.3,30.5,30.9,32.0,33.0,33.6,34.6,36.3,36.9,38.2,39.3,40.2,42.0
09:42:39.000,NaN,37.1,NaN,56.2,47.2,48.9,46.9,49.5,48.6,47.3,49.2,45.8,42.4,44.7,43.4,40.9,41.5,39.4,36.4,34.9,32.4,31.4,27.5,27.3,27.2,28.3,29.5,30.4,31.1,32.4,32.6,33.4,34.8,36.0,37.2,38.1,39.3,40.1,42.0
09:42:40.000,NaN,36.2,NaN,54.5,46.9,50.6,47.6,47.9,48.3,42.9,46.7,41.4,40.4,44.4,43.5,44.0,41.0,38.5,35.2,34.1,33.2,31.0,28.8,27.0,26.9,27.9,28.7,29.8,30.2,31.3,32.2,33.7,34.5,36.0,37.0,38.0,39.3,39.9,42.0
09:42:41.000,NaN,36.6,NaN,56.5,48.1,43.6,47.9,47.2,47.5,49.6,45.9,44.8,43.9,45.0,42.5,42.9,41.2,38.0,37.3,34.7,33.2,31.3,29.1,27.3,27.8,27.8,28.4,29.6,30.7,31.6,32.6,33.6,34.6,35.9,37.1,38.0,39.3,40.0,42.2
09:42:42.000,NaN,37.3,NaN,48.2,47.7,45.6,49.1,48.6,46.7,47.2,45.7,46.5,40.1,43.7,43.1,43.1,39.9,38.4,38.5,35.2,36.8,33.6,29.8,27.9,27.5,27.8,28.8,30.0,30.2,31.4,32.6,33.7,34.8,35.8,37.2,38.1,39.3,40.1,42.0
09:42:43.000,NaN,37.6,NaN,50.2,47.3,46.5,47.2,50.0,43.8,46.8,45.0,45.2,41.2,43.2,42.4,41.4,41.2,39.4,40.4,34.0,36.3,33.1,30.6,27.8,27.1,27.3,28.5,30.1,30.6,31.9,32.3,33.7,34.4,35.9,37.1,38.0,39.3,40.2,42.0
09:42:44.000,NaN,36.2,NaN,56.1,50.0,47.0,47.4,46.4,46.9,48.9,49.3,44.5,42.0,44.7,42.3,40.2,39.1,38.4,37.6,34.5,34.6,31.0,29.5,28.4,27.6,28.4,29.2,29.6,30.3,31.6,32.5,33.6,34.6,36.0,37.1,38.1,39.2,40.1,42.1
09:42:45.000,NaN,36.1,NaN,52.7,50.8,48.3,49.4,43.8,47.9,45.7,46.0,45.6,41.6,44.9,41.7,41.6,41.8,38.0,35.1,33.5,34.2,31.0,27.2,27.7,27.6,27.8,28.8,29.5,30.6,31.7,32.7,33.6,34.4,36.1,37.2,38.2,39.3,40.1,42.0
09:42:46.000,NaN,36.7,NaN,46.5,45.4,42.4,50.9,46.2,47.1,48.2,50.2,42.3,43.6,45.0,42.8,42.2,40.9,39.3,36.7,34.6,34.4,31.0,28.8,27.9,27.7,28.3,28.2,29.5,30.5,31.3,32.5,33.4,34.6,35.9,37.3,38.0,39.1,40.0,42.1
09:42:47.000,NaN,36.9,NaN,47.5,37.5,44.2,49.2,46.4,48.0,46.0,51.7,44.2,42.1,44.2,44.6,41.8,40.4,39.0,34.8,34.2,37.5,31.0,29.1,27.6,27.1,27.7,28.9,30.1,30.5,31.2,32.3,33.4,34.4,35.7,37.1,38.0,39.1,40.2,42.0
09:42:48.000,NaN,37.1,NaN,45.6,46.8,46.1,50.0,45.6,47.0,48.5,48.8,44.0,41.5,44.6,43.1,42.0,40.0,40.8,35.8,34.9,37.0,31.8,28.4,27.9,27.2,27.6,28.7,30.0,30.6,31.6,32.3,33.5,34.5,36.1,37.3,38.0,39.3,40.2,42.1
09:42:49.000,NaN,37.1,NaN,41.4,44.3,44.8,43.7,47.3,47.3,47.3,45.3,44.4,43.8,44.9,39.7,41.4,41.2,40.0,37.1,35.2,34.9,31.2,29.1,28.5,27.5,28.4,28.9,29.4,30.7,31.4,32.4,33.7,34.6,35.8,37.1,38.0,39.2,40.1,42.0
09:42:50.000,NaN,38.3,NaN,47.5,43.2,49.9,44.8,45.5,51.0,55.8,54.5,55.3,49.5,49.6,46.0,40.6,40.0,39.3,36.7,34.9,34.0,31.5,29.1,29.1,28.3,27.6,29.1,29.9,30.3,31.5,32.5,33.7,34.5,35.7,36.8,38.1,39.1,40.2,42.0
09:42:51.000,NaN,38.0,NaN,51.3,48.1,45.8,47.7,66.4,73.5,71.7,66.5,62.1,54.6,52.7,43.5,41.7,40.5,39.0,36.3,35.3,34.1,31.8,28.6,28.7,28.6,28.5,29.3,29.6,30.6,31.6,32.5,34.4,34.5,35.7,37.0,38.1,39.0,40.3,42.0
09:42:52.000,NaN,45.0,NaN,50.4,47.3,61.0,67.5,71.8,68.1,72.5,61.4,57.5,54.7,50.5,45.9,42.0,40.2,40.5,39.2,42.0,44.9,41.1,37.3,35.2,33.3,32.2,30.6,30.2,30.3,31.9,32.4,34.4,34.7,35.7,36.9,38.1,39.1,40.1,41.9
09:42:53.000,NaN,56.6,NaN,54.0,53.9,75.5,73.4,68.8,67.1,67.7,63.4,56.8,59.3,58.3,53.1,46.0,44.7,50.4,49.7,56.8,58.3,53.4,47.3,43.7,42.3,36.6,33.6,32.0,31.2,31.6,32.4,34.0,34.6,35.7,37.1,38.2,39.1,40.1,41.9
09:42:54.000,NaN,62.4,NaN,61.4,71.1,73.2,69.5,60.9,72.4,71.0,69.6,64.6,68.7,68.0,61.3,62.1,53.7,59.9,59.5,59.9,64.1,57.6,53.1,49.6,46.3,42.7,37.3,34.7,32.9,31.7,32.5,34.7,34.7,35.8,37.0,38.0,39.3,40.3,41.9
09:42:55.000,NaN,68.1,NaN,77.3,77.3,66.5,71.1,64.8,76.9,76.9,80.0,74.0,82.9,84.8,76.5,71.9,66.3,67.7,67.1,64.6,67.6,61.4,58.2,54.1,50.6,47.8,43.0,39.2,36.3,33.1,32.6,34.4,34.7,35.8,37.0,38.2,39.3,40.3,42.0
09:42:56.000,NaN,71.9,NaN,80.7,77.8,73.1,74.2,75.8,81.7,85.2,87.0,81.1,87.4,88.2,80.3,75.6,75.7,72.6,71.6,70.6,70.4,64.7,63.4,61.1,55.3,51.2,46.5,43.4,40.5,36.4,33.3,34.0,34.7,35.8,37.0,38.1,39.2,40.3,41.9
09:42:57.000,NaN,75.8,NaN,72.2,75.7,77.8,72.3,81.6,88.2,90.9,91.7,90.9,89.6,89.7,84.6,82.5,79.5,78.0,74.0,75.2,74.7,67.7,65.2,63.3,61.0,57.6,51.3,49.5,46.4,41.9,35.8,33.9,34.6,36.0,37.0,38.2,39.3,40.2,42.0
09:42:58.000,NaN,80.1,NaN,75.8,78.2,84.6,84.1,88.4,90.0,94.6,95.7,93.5,88.8,90.4,89.4,86.7,83.0,80.3,76.9,80.0,79.7,70.8,69.5,66.2,66.0,63.6,58.5,57.7,54.5,49.4,41.5,38.6,35.7,36.1,36.8,38.1,39.2,40.1,41.9
09:42:59.000,NaN,83.7,NaN,78.1,79.6,86.2,86.9,87.7,98.3,98.5,96.5,94.7,93.1,94.6,91.4,91.4,88.2,84.3,80.1,82.3,83.6,74.6,74.6,71.5,71.8,70.3,64.3,63.9,61.4,56.5,49.8,47.3,41.0,38.1,37.6,38.2,39.3,40.3,42.0
09:43:00.000,NaN,86.2,NaN,80.4,84.3,91.7,91.1,98.1,97.6,98.8,101.2,97.1,96.0,96.8,96.0,93.6,90.6,85.6,82.8,84.9,83.2,77.2,81.9,78.7,72.9,71.2,67.6,66.3,64.7,60.3,54.9,54.3,50.2,47.2,43.6,40.2,39.5,40.3,42.0
09:43:01.000,NaN,87.1,NaN,88.0,85.9,93.0,100.4,98.8,99.0,98.9,99.4,100.8,96.7,97.2,96.5,94.8,91.8,85.5,81.4,84.4,83.7,78.3,82.8,78.9,75.4,74.6,71.1,70.8,68.1,65.0,59.3,56.6,53.6,49.7,46.6,41.8,39.7,40.4,41.9
09:43:02.000,NaN,88.6,NaN,91.0,90.3,87.8,97.7,96.8,94.1,98.6,99.6,100.6,100.1,100.6,96.5,92.5,91.7,87.2,84.4,84.7,83.9,80.8,85.1,80.1,79.0,78.2,73.3,71.8,70.3,66.4,59.2,56.8,51.3,48.7,45.0,41.4,39.4,40.3,42.0
09:43:03.000,NaN,89.1,NaN,92.2,94.7,95.2,94.6,93.4,99.0,102.1,102.0,100.2,99.8,98.7,95.4,91.2,89.5,87.5,86.8,89.1,85.9,81.1,86.6,80.5,79.0,77.6,72.5,73.3,70.5,66.5,62.3,57.8,53.3,48.6,45.0,41.3,39.6,40.4,42.1
09:43:04.000,NaN,88.0,NaN,90.2,93.8,92.3,94.7,97.3,95.5,101.9,102.1,100.0,98.7,98.3,94.0,87.8,88.4,88.7,86.7,90.5,85.1,81.0,82.8,77.1,77.3,75.4,71.8,70.1,68.9,66.6,59.3,58.2,52.4,50.3,46.4,41.9,39.8,40.3,42.0
09:43:05.000,NaN,86.3,NaN,97.3,89.0,91.2,91.8,98.4,99.8,102.6,103.4,103.1,97.0,96.7,89.4,84.9,91.7,88.2,85.8,89.5,83.9,80.6,79.2,75.0,74.2,73.2,66.8,64.1,62.1,58.6,53.9,49.6,43.4,40.1,38.5,38.5,39.3,40.2,42.0
09:43:06.000,NaN,84.8,NaN,89.8,90.8,92.1,94.9,100.3,105.2,104.2,102.7,101.9,95.4,90.9,86.2,85.2,88.0,86.8,82.9,87.6,84.7,80.8,76.2,74.7,71.6,68.5,63.9,62.1,59.5,55.7,49.8,46.7,39.9,38.0,37.4,38.2,39.4,40.2,41.9
09:43:07.000,NaN,89.3,NaN,89.6,89.1,94.3,99.2,100.7,99.9,106.2,106.1,102.1,93.5,90.4,91.8,91.2,90.3,82.6,85.5,87.8,85.7,84.9,81.4,80.6,76.9,74.3,72.2,69.3,71.6,66.0,60.8,59.7,55.3,51.8,47.3,43.2,40.2,40.3,42.2
09:43:08.000,NaN,97.1,NaN,88.0,89.4,94.5,100.7,102.6,101.0,108.9,106.1,102.2,95.1,95.2,95.7,99.1,95.3,92.8,96.2,99.1,92.8,93.3,88.6,86.6,85.4,82.5,79.9,78.9,78.5,74.5,69.9,69.3,65.8,63.2,61.3,61.8,59.7,52.5,47.8
09:43:09.000,NaN,101.9,NaN,80.8,91.7,97.5,95.8,102.1,105.6,109.3,102.8,100.8,102.3,100.9,102.0,102.3,100.0,97.1,102.2,101.0,93.5,97.8,91.9,91.6,92.7,91.1,88.3,88.7,89.3,86.7,81.3,81.8,80.7,79.5,79.8,77.5,73.4,68.1,61.7
09:43:10.000,NaN,97.0,NaN,93.7,91.4,95.2,101.4,105.0,108.1,105.7,105.2,102.1,106.0,102.7,102.9,101.7,96.8,99.7,99.2,97.0,92.7,91.5,87.3,85.9,87.7,86.6,84.0,83.8,84.1,80.4,75.0,75.4,73.3,71.8,70.1,69.6,65.5,57.9,48.7
09:43:11.000,NaN,99.9,NaN,91.9,95.5,99.6,106.4,104.6,107.7,106.3,103.8,102.5,106.7,105.4,101.7,99.5,99.3,101.3,101.2,97.6,95.8,94.0,91.3,89.5,89.6,88.3,84.1,85.0,84.5,81.1,74.4,77.3,74.9,75.6,75.0,74.2,70.7,67.3,62.4
09:43:12.000,NaN,103.9,NaN,96.5,100.5,103.2,106.0,108.1,107.8,108.4,109.9,105.0,110.9,106.5,105.8,104.0,105.7,106.8,102.1,101.6,100.3,98.0,95.0,94.0,94.9,92.5,90.0,90.6,88.5,87.3,81.9,83.8,81.7,81.0,80.6,78.4,75.1,70.2,63.0
09:43:13.000,NaN,104.1,NaN,97.2,99.4,104.7,105.3,108.0,109.9,109.8,112.0,109.8,111.9,107.2,106.4,106.2,107.7,106.2,102.4,101.7,98.9,97.8,93.8,93.3,94.8,94.2,91.6,91.5,88.5,88.8,84.6,86.5,82.6,83.5,83.2,81.6,77.5,71.9,64.8
09:43:14.000,NaN,104.4,NaN,95.3,96.7,102.8,105.2,109.2,109.0,113.6,109.2,111.5,110.9,109.5,108.9,108.3,108.3,106.5,104.5,103.5,100.2,98.6,95.4,94.9,94.6,92.5,89.0,88.4,86.1,85.6,81.3,81.7,79.5,80.4,79.3,77.2,74.1,68.2,59.5
09:43:15.000,NaN,105.5,NaN,93.7,99.9,104.0,109.1,110.3,110.7,113.6,111.5,112.4,108.1,110.1,109.6,109.2,107.0,105.0,105.0,103.6,100.9,98.9,97.2,97.8,98.0,95.3,91.9,89.3,88.8,87.4,82.5,83.0,82.5,82.9,81.4,79.3,76.3,68.8,61.9
09:43:16.000,NaN,104.5,NaN,96.6,102.3,103.7,108.7,106.1,112.0,113.5,114.3,113.4,108.5,110.9,109.3,108.9,106.8,105.0,104.3,103.1,99.6,97.9,97.4,97.1,96.3,93.6,89.6,88.8,88.5,88.0,81.6,83.1,82.8,83.4,82.2,80.7,76.3,69.0,62.4
09:43:17.000,NaN,103.5,NaN,94.2,100.9,109.1,107.6,108.8,112.9,111.7,112.4,110.4,109.5,108.2,107.4,107.7,106.2,105.1,103.4,100.9,98.4,97.1,95.7,96.1,94.7,91.1,87.5,86.7,86.7,86.0,80.5,82.5,82.5,82.8,80.9,78.2,72.6,65.3,57.4
09:43:18.000,NaN,103.3,NaN,96.4,101.6,102.4,107.1,108.3,113.0,112.3,115.5,112.2,109.5,108.6,109.0,107.4,105.8,104.0,102.7,100.1,98.3,97.1,96.9,96.2,94.7,91.9,88.2,87.9,85.6,86.3,81.0,82.9,82.0,82.8,80.1,77.9,72.1,67.8,60.2
09:43:19.000,NaN,103.8,NaN,102.1,106.6,103.6,107.7,113.5,111.7,113.9,113.5,111.7,111.2,110.4,109.6,108.2,106.5,104.7,103.7,101.7,99.8,99.1,97.7,95.9,93.9,91.3,89.8,87.3,84.6,83.9,78.7,78.9,79.1,79.4,74.1,72.0,67.6,63.5,54.6
09:43:20.000,NaN,102.9,NaN,98.9,99.8,108.8,106.5,112.7,112.8,112.1,108.1,109.3,110.7,109.5,107.9,106.7,105.4,103.9,101.9,99.9,99.2,97.5,95.9,93.6,92.5,91.3,87.7,87.1,85.1,85.2,80.2,81.4,81.1,82.5,78.7,74.2,68.8,64.0,56.9
09:43:21.000,NaN,102.6,NaN,100.5,101.2,105.1,109.0,113.5,111.8,111.3,112.5,111.7,108.3,107.2,106.8,104.0,105.6,104.9,101.6,100.4,99.2,97.8,95.8,94.0,93.7,91.2,87.6,85.7,84.5,85.5,81.0,81.1,81.9,82.0,78.5,74.8,68.5,65.5,59.1
09:43:22.000,NaN,102.4,NaN,100.4,109.2,110.0,111.9,114.0,113.3,109.4,110.3,109.2,111.1,109.5,107.2,106.7,104.5,103.7,100.8,100.4,99.4,99.1,95.8,94.3,94.1,90.3,87.2,84.6,83.0,82.5,78.8,79.6,77.8,79.0,74.2,69.0,64.0,58.6,50.8
09:43:23.000,NaN,101.3,NaN,98.5,106.1,108.7,109.2,110.5,112.0,111.6,109.5,110.3,109.2,107.4,106.1,104.2,103.4,103.2,99.6,97.8,97.8,96.3,93.2,93.3,91.8,89.6,86.3,82.7,83.2,83.5,81.1,81.5,81.9,81.3,73.3,71.5,65.5,59.7,53.1
09:43:24.000,NaN,99.6,NaN,101.3,105.3,107.0,107.3,109.8,112.7,109.3,110.4,110.0,105.7,107.6,106.4,104.7,102.5,101.7,98.9,98.6,95.7,94.7,91.8,92.4,89.5,87.0,84.3,81.4,81.0,82.5,78.7,78.6,77.1,77.7,70.9,69.5,63.3,58.4,49.3
09:43:25.000,NaN,99.5,NaN,102.6,108.8,110.5,114.5,109.3,110.4,110.6,111.4,108.0,108.3,106.6,105.9,103.9,102.9,101.5,98.5,99.0,97.0,94.4,91.3,91.1,88.6,86.5,82.6,80.5,79.0,80.1,77.5,75.9,75.6,73.9,66.1,65.2,58.2,51.6,45.3
09:43:26.000,NaN,99.1,NaN,105.8,106.8,112.1,111.2,110.4,110.9,109.1,107.6,109.1,107.9,105.0,104.7,103.7,102.3,99.7,99.6,97.5,95.7,93.5,90.8,91.7,88.7,85.7,83.1,80.4,79.6,80.8,79.3,77.3,75.5,75.8,71.4,69.4,63.0,57.4,48.0
09:43:27.000,NaN,99.8,NaN,101.7,108.4,112.9,112.5,108.9,110.4,109.6,108.5,110.0,107.0,106.7,106.3,103.5,102.3,99.3,98.0,98.4,97.4,95.1,92.1,92.3,89.1,87.3,86.3,81.9,82.0,82.5,80.8,79.0,76.3,74.6,71.1,69.7,63.1,57.5,48.9
09:43:28.000,NaN,98.6,NaN,106.5,106.5,110.1,112.9,103.5,110.7,107.7,108.4,109.0,105.8,107.2,105.1,103.7,102.7,100.9,97.3,96.9,95.8,93.9,91.1,90.6,88.6,85.6,84.8,81.2,80.5,81.1,80.6,77.4,75.6,72.4,70.1,66.7,61.4,54.8,46.1
09:43:29.000,NaN,98.1,NaN,104.9,111.0,106.4,110.4,111.1,106.7,107.9,110.5,104.7,105.2,104.1,102.8,102.2,102.3,99.9,98.1,96.6,94.7,92.2,89.9,89.2,87.2,84.3,82.7,79.4,81.2,81.2,81.1,75.8,75.1,72.5,70.7,69.0,62.9,55.2,46.9
09:43:30.000,NaN,97.5,NaN,102.9,106.7,108.5,112.0,108.4,107.4,108.3,108.6,108.7,106.9,104.9,102.9,103.8,99.2,99.6,97.0,95.5,95.0,91.8,88.6,87.7,86.1,84.4,81.6,78.3,79.4,79.1,78.4,75.0,72.6,70.1,69.4,67.3,60.1,53.3,45.8
09:43:31.000,NaN,97.1,NaN,105.6,111.0,112.5,107.5,106.3,104.2,109.5,111.0,106.7,104.5,104.1,104.1,101.8,100.1,99.2,98.2,96.9,93.6,92.3,89.5,87.9,86.5,84.8,82.9,78.9,79.6,80.9,80.3,74.2,72.1,70.6,68.6,68.0,60.8,52.7,45.4
09:43:32.000,NaN,95.6,NaN,103.2,108.8,108.5,110.9,112.0,111.0,110.5,108.7,107.4,103.7,104.8,103.6,102.0,99.9,98.4,96.1,95.6,93.2,90.8,89.2,85.7,84.1,82.5,79.6,75.7,76.0,76.2,75.2,69.8,65.4,62.8,60.4,54.6,46.3,42.0,42.7
09:43:33.000,NaN,94.5,NaN,107.3,108.4,110.3,106.7,106.2,107.0,106.9,107.3,106.5,103.3,103.4,102.8,101.2,97.8,97.5,95.1,94.8,91.9,89.2,86.9,84.2,82.8,81.3,78.8,74.4,74.1,72.8,72.6,66.7,64.4,62.9,59.7,59.1,50.9,44.0,42.8
09:43:34.000,NaN,94.0,NaN,109.0,111.0,105.2,109.7,101.0,107.3,110.7,107.7,102.5,103.1,102.0,98.7,99.3,96.7,97.8,92.9,94.8,91.9,87.9,86.3,83.5,82.9,81.1,80.3,74.6,75.0,74.1,72.2,66.7,63.2,61.8,57.9,53.9,44.5,41.1,42.4
09:43:35.000,NaN,94.0,NaN,108.6,103.6,105.5,103.4,107.6,108.7,107.8,104.3,105.1,104.4,104.7,100.2,99.4,97.5,96.8,94.7,95.0,91.6,89.2,86.0,82.8,80.3,78.3,77.4,72.6,72.9,72.1,70.4,64.2,60.6,59.2,54.0,48.3,42.3,40.8,42.5
09:43:36.000,NaN,92.2,NaN,99.1,104.8,104.7,104.7,106.2,109.4,107.7,107.6,101.6,105.1,102.4,100.6,97.0,97.2,95.7,93.0,92.7,89.6,86.9,84.6,81.9,80.1,76.5,75.2,70.7,70.1,70.4,66.6,59.2,56.2,54.7,46.7,42.8,39.8,40.6,42.4
09:43:37.000,NaN,92.0,NaN,95.5,104.3,99.2,105.2,107.7,106.4,107.0,100.1,102.1,100.9,102.2,100.3,96.9,96.6,94.3,91.4,93.0,89.8,87.1,83.5,82.0,79.9,78.1,76.4,70.2,72.2,69.6,68.0,61.4,56.7,57.0,52.1,46.3,40.3,40.7,42.4
09:43:38.000,NaN,92.3,NaN,99.0,97.5,102.7,100.4,105.2,106.8,105.1,105.1,103.5,105.2,99.3,100.7,96.8,95.6,94.7,92.5,92.1,89.3,86.9,83.5,82.7,80.0,78.0,77.3,73.6,73.1,71.7,69.4,64.5,60.9,57.2,52.4,46.5,40.8,40.5,42.2
09:43:39.000,NaN,91.5,NaN,104.2,107.9,105.7,105.2,103.2,108.5,105.3,104.1,102.0,101.6,100.9,100.7,95.8,95.6,94.5,93.0,92.5,88.9,85.9,83.5,82.4,80.0,76.9,76.7,69.9,70.2,68.1,64.7,60.1,56.3,52.9,45.0,41.7,39.9,40.6,42.3
09:43:40.000,NaN,91.1,NaN,106.1,105.0,105.6,106.3,102.4,106.6,103.5,104.6,103.0,103.3,100.7,100.0,96.6,96.0,93.1,91.6,91.2,88.2,84.9,83.1,81.7,78.9,76.8,75.4,70.7,69.7,66.5,64.4,61.2,57.5,56.1,49.7,46.4,40.7,40.5,42.3
09:43:41.000,NaN,91.4,NaN,101.5,107.6,104.3,103.1,106.9,106.9,106.1,106.1,102.4,101.2,100.2,99.2,96.8,94.2,94.1,91.3,91.5,87.9,85.6,82.7,82.0,79.0,77.2,75.4,72.4,71.6,70.2,65.4,63.6,60.8,58.5,52.9,50.0,42.5,40.7,42.3
09:43:42.000,NaN,89.7,NaN,107.2,102.7,102.9,104.8,101.2,103.2,106.2,101.6,102.3,99.4,101.2,99.5,95.5,93.6,94.6,91.7,91.3,86.1,83.2,80.7,78.6,75.5,73.5,72.5,68.5,67.5,65.3,61.3,61.5,57.3,52.9,48.6,43.8,40.0,40.4,42.0
09:43:43.000,NaN,87.9,NaN,97.6,104.2,104.2,103.1,105.1,104.1,103.2,102.1,100.3,99.8,98.5,97.9,95.5,92.4,93.0,90.3,89.6,85.3,82.9,78.2,77.1,74.1,72.0,70.8,65.5,62.6,59.3,52.8,51.4,45.2,38.6,37.4,38.2,39.3,40.3,42.1
09:43:44.000,NaN,87.0,NaN,93.4,102.1,102.0,103.5,103.5,103.7,101.3,99.2,101.3,99.4,96.9,94.8,93.6,92.2,92.0,88.6,87.5,83.0,81.3,76.6,75.3,72.8,71.2,69.3,65.2,62.2,58.3,51.5,50.0,44.2,37.1,37.4,38.3,39.2,40.3,42.1
09:43:45.000,NaN,86.8,NaN,103.4,101.8,100.4,100.3,103.5,103.7,99.7,98.4,98.6,98.5,97.2,96.8,92.0,92.3,91.0,89.3,86.5,83.2,81.7,77.1,75.7,73.0,71.9,70.1,63.5,61.8,58.3,52.4,52.5,47.4,40.0,38.1,38.5,39.3,40.3,42.1
09:43:46.000,NaN,86.5,NaN,91.7,103.1,102.5,104.4,102.9,100.7,98.7,98.6,98.1,99.0,99.7,94.8,92.5,91.2,89.7,88.4,86.2,83.0,80.4,77.2,75.4,72.6,71.2,70.0,64.6,63.2,60.3,53.8,54.7,49.4,40.3,38.3,38.3,39.4,40.3,42.1
09:43:47.000,NaN,85.2,NaN,103.2,104.6,101.4,99.8,98.5,102.4,100.9,98.9,97.7,97.8,97.9,94.1,89.5,92.8,88.8,87.6,86.0,82.2,80.0,76.2,74.4,72.7,70.6,69.4,63.6,61.1,56.7,50.7,51.0,47.0,39.7,37.9,38.4,39.3,40.3,42.0
09:43:48.000,NaN,85.4,NaN,98.2,99.1,95.9,103.6,105.1,101.7,97.0,98.6,98.3,97.3,95.4,95.9,91.7,91.0,87.9,87.7,85.8,82.3,79.5,76.8,73.6,70.5,68.9,68.0,62.6,60.0,55.7,49.1,48.2,41.7,36.4,37.1,38.0,39.4,40.3,41.9
09:43:49.000,NaN,83.0,NaN,99.1,97.7,98.1,101.4,99.3,100.7,99.1,99.8,95.4,96.2,96.4,92.2,91.0,89.8,88.2,86.5,84.6,79.2,76.3,72.7,69.6,66.3,64.3,62.5,56.2,53.0,47.4,40.3,38.9,35.7,36.0,37.2,38.2,39.4,40.3,42.2
09:43:50.000,NaN,83.1,NaN,102.8,98.0,96.2,93.9,94.2,99.7,98.6,97.3,96.2,97.5,94.5,93.9,91.2,91.1,86.3,86.3,83.2,79.2,76.6,73.1,69.6,68.1,65.6,62.9,58.8,52.8,47.0,41.1,38.5,35.9,36.0,37.2,38.3,39.2,40.2,42.0
09:43:51.000,NaN,82.7,NaN,98.4,102.0,98.5,94.2,100.0,99.7,98.7,97.3,97.8,92.3,93.8,91.9,88.4,88.2,87.0,85.2,83.4,79.7,77.1,72.3,69.2,68.0,66.4,63.3,59.0,54.6,48.4,42.0,40.9,36.5,36.0,37.2,38.2,39.2,40.3,41.9
09:43:52.000,NaN,83.3,NaN,98.0,104.2,97.5,101.2,99.2,95.4,96.3,97.3,93.7,94.1,94.6,90.8,88.6,88.8,87.3,85.0,83.5,80.0,77.9,73.4,69.7,68.9,67.7,67.6,61.5,57.0,51.9,45.8,46.5,42.1,36.2,37.0,38.0,39.2,40.1,42.0
09:43:53.000,NaN,80.6,NaN,101.3,96.1,102.2,100.3,97.5,100.2,97.8,96.6,93.5,93.8,94.0,91.7,88.7,89.7,86.7,84.1,81.4,77.3,74.1,70.2,66.6,65.2,62.7,58.0,54.3,47.4,39.6,34.0,34.1,34.7,36.0,37.0,38.2,39.4,40.4,42.1
09:43:54.000,NaN,81.3,NaN,99.0,99.1,95.1,96.5,97.6,98.3,91.7,95.8,94.0,92.9,92.3,91.9,90.1,89.1,86.2,83.4,81.1,77.6,74.3,69.0,65.1,64.3,62.6,59.5,55.1,48.8,41.3,35.1,34.2,34.6,35.8,37.1,38.0,39.4,40.2,41.9
09:43:55.000,NaN,81.6,NaN,99.5,100.2,98.3,99.0,99.1,99.3,92.8,95.7,95.2,94.5,93.4,89.4,89.2,89.0,85.4,84.3,80.7,78.4,75.6,72.4,68.7,68.5,66.5,64.0,59.7,55.9,49.2,44.1,43.1,39.7,36.0,37.2,38.1,39.1,40.3,41.9
09:43:56.000,NaN,80.1,NaN,94.0,102.1,98.4,96.2,98.6,98.2,95.5,96.9,91.8,92.5,95.3,90.1,88.9,86.9,83.2,82.4,80.3,76.5,74.5,70.2,66.8,64.5,63.2,60.3,58.0,50.6,41.2,36.0,34.9,35.0,36.1,37.1,38.2,39.3,40.3,41.9
09:43:57.000,NaN,80.0,NaN,97.6,90.2,100.2,98.2,95.6,97.0,95.8,96.2,93.3,92.6,91.1,89.8,87.6,85.1,85.0,83.3,79.9,75.2,72.7,68.6,65.0,62.0,59.7,57.9,51.5,46.3,38.1,34.1,33.9,34.5,35.8,36.8,38.2,39.3,40.3,41.9
09:43:58.000,NaN,79.0,NaN,97.2,97.3,96.1,98.0,95.0,97.8,94.4,95.6,91.7,94.5,90.5,88.7,86.5,85.9,82.5,82.1,80.0,75.1,73.0,68.5,63.7,61.8,61.1,58.1,53.5,47.9,40.2,35.7,34.6,34.8,35.9,37.1,38.2,39.1,40.2,41.9
09:43:59.000,NaN,79.3,NaN,91.7,97.8,95.5,95.5,96.8,92.6,95.5,93.5,93.3,90.6,90.9,89.2,86.6,86.1,83.9,81.7,79.2,76.2,73.0,69.3,64.3,63.1,61.1,58.2,51.9,44.6,37.1,33.6,33.8,34.8,35.7,37.0,38.2,39.1,40.2,42.0
09:44:00.000,NaN,76.7,NaN,94.8,99.0,97.4,96.2,93.0,94.9,95.9,91.1,91.6,88.3,91.4,88.3,85.6,83.6,81.3,78.8,76.0,73.4,70.5,66.6,62.4,59.1,56.9,54.3,48.1,39.7,33.3,32.8,33.6,34.7,36.0,36.9,38.0,39.3,40.2,42.0
09:44:01.000,NaN,77.1,NaN,90.6,100.8,91.6,92.1,95.8,97.2,92.1,92.4,89.4,91.5,92.1,84.4,85.7,84.3,80.5,78.3,77.0,72.9,70.9,66.1,62.0,59.4,58.2,53.7,46.8,39.5,33.4,32.5,33.7,34.7,36.0,36.9,38.1,39.3,40.2,42.0
09:44:02.000,NaN,78.2,NaN,91.1,94.2,95.3,93.3,99.0,94.9,89.2,90.6,91.4,93.2,90.3,87.4,84.9,83.3,82.7,80.2,78.6,75.7,73.6,68.5,65.0,63.6,61.0,58.4,51.8,44.1,36.0,33.8,34.0,34.5,35.6,37.0,38.3,39.2,40.2,42.0
09:44:03.000,NaN,75.3,NaN,99.0,90.5,95.0,97.2,95.2,96.5,94.9,92.5,89.1,89.7,87.8,86.2,84.2,82.1,79.4,78.3,75.8,72.0,69.7,65.0,59.3,57.2,53.7,49.4,42.4,35.5,32.2,32.5,33.6,34.6,35.9,37.1,38.0,39.3,40.4,41.9
09:44:04.000,NaN,75.3,NaN,93.8,91.4,97.9,93.6,95.3,95.2,94.6,87.8,91.5,92.4,85.6,85.2,82.7,80.7,80.3,78.4,76.0,72.6,67.9,63.4,58.1,57.4,54.6,52.0,44.7,38.2,32.7,32.8,33.9,34.5,35.8,36.9,38.2,39.3,40.2,41.9
09:44:05.000,NaN,74.1,NaN,96.4,96.2,93.0,90.6,94.9,92.4,90.6,93.2,89.8,89.1,85.8,86.2,82.9,81.4,79.6,77.0,73.9,70.2,68.2,63.0,58.0,56.3,55.2,52.2,44.8,36.6,32.5,33.0,34.2,34.8,35.6,36.9,38.1,39.1,40.3,41.9
09:44:06.000,NaN,74.0,NaN,91.2,92.3,97.5,93.7,94.8,93.4,88.9,91.4,90.1,89.5,86.5,83.3,81.5,79.4,78.4,76.8,74.6,71.1,68.0,62.8,57.7,55.6,52.4,47.5,39.8,33.0,31.8,32.4,33.3,34.6,35.9,37.1,38.1,39.2,40.2,41.9
09:44:07.000,NaN,74.0,NaN,96.5,93.4,92.6,93.4,94.6,94.2,91.5,91.3,90.1,90.2,85.0,84.2,81.8,80.8,79.2,78.3,72.8,71.4,65.7,62.0,56.8,55.1,52.7,49.6,42.9,32.6,32.1,32.7,33.6,34.6,36.0,37.2,38.2,39.2,40.3,41.9
09:44:08.000,NaN,73.9,NaN,89.7,94.1,96.8,95.4,91.9,90.3,90.8,90.1,88.3,87.8,85.8,85.3,81.7,79.6,79.9,75.8,72.7,69.7,67.8,63.0,57.8,55.5,52.1,48.2,40.0,33.1,32.1,32.5,33.6,34.5,36.0,36.9,38.1,39.2,40.2,41.9
09:44:09.000,NaN,73.4,NaN,89.5,99.1,94.8,95.9,97.6,89.6,88.5,88.5,88.0,86.7,86.9,83.6,82.3,80.4,77.9,77.8,73.6,70.2,66.9,60.9,54.8,51.4,47.0,42.5,35.7,31.8,32.0,32.2,33.9,34.6,35.7,36.9,38.0,39.1,40.2,41.9
09:44:10.000,NaN,71.4,NaN,87.0,93.8,92.9,94.4,93.3,89.9,88.5,86.7,85.5,84.5,84.4,81.4,79.4,78.5,77.9,76.1,70.3,66.7,63.5,57.7,51.5,48.9,46.1,40.4,32.5,31.2,31.9,32.7,33.9,34.7,35.7,37.0,38.2,39.3,40.2,41.9
09:44:11.000,NaN,72.4,NaN,92.8,97.9,93.2,91.3,95.5,89.2,90.6,85.6,88.0,86.4,85.6,82.8,81.8,78.6,77.6,74.0,71.6,68.2,65.5,59.4,55.2,53.0,49.8,44.5,34.7,31.3,32.0,32.6,33.8,34.8,35.7,36.9,38.2,39.2,40.2,41.9
09:44:12.000,NaN,71.8,NaN,93.4,88.1,94.4,94.9,93.7,89.9,85.2,86.7,86.0,87.9,86.1,85.0,81.5,77.2,76.6,74.8,71.7,68.2,65.1,60.2,55.0,53.8,48.7,45.4,35.8,31.6,31.8,32.6,33.5,34.6,35.9,36.9,38.1,39.2,40.2,42.0
09:44:13.000,NaN,71.1,NaN,92.3,94.2,89.3,92.8,96.5,88.0,91.5,85.4,86.9,85.0,85.3,81.2,79.6,79.4,77.2,74.5,71.5,66.1,62.0,56.2,50.6,47.5,43.6,39.6,32.3,30.9,31.9,32.5,33.7,34.8,35.7,37.1,38.2,39.3,40.2,41.9
09:44:14.000,NaN,68.6,NaN,94.0,88.9,94.3,93.0,91.3,90.1,87.1,89.2,85.4,86.3,82.6,81.8,78.5,75.7,76.1,71.4,66.2,63.7,58.5,52.3,45.5,40.8,35.0,32.3,30.2,31.2,32.2,32.5,33.7,34.7,35.9,36.9,38.1,39.3,40.3,41.8
09:44:15.000,NaN,69.6,NaN,89.4,93.9,88.8,94.9,90.9,87.9,86.8,86.0,83.4,84.6,83.5,81.7,78.5,75.7,75.0,71.9,68.7,64.6,60.8,56.0,50.8,48.4,44.5,39.3,33.0,31.2,32.2,32.6,33.6,34.5,35.7,37.0,38.0,39.3,40.2,41.9
09:44:16.000,NaN,68.4,NaN,90.6,89.7,87.3,92.7,91.2,89.6,83.8,86.8,84.2,82.7,81.5,81.5,79.4,77.0,74.4,70.3,68.9,63.7,60.2,54.9,49.3,44.6,40.2,35.4,31.0,31.2,31.7,32.5,33.8,34.6,35.7,37.1,38.3,39.3,40.2,41.9
09:44:17.000,NaN,66.6,NaN,87.4,87.7,87.5,89.8,90.8,88.7,87.7,88.0,84.2,84.3,80.6,80.6,76.7,74.7,72.8,69.8,65.5,58.9,54.0,48.8,41.8,38.4,33.2,30.1,29.7,30.7,31.0,32.7,34.1,34.5,35.6,36.9,38.0,39.3,40.2,41.9
09:44:18.000,NaN,68.2,NaN,95.1,87.9,93.7,88.8,91.5,88.3,85.6,84.8,83.4,80.6,82.3,76.9,75.2,74.8,74.5,70.5,67.2,62.6,58.2,54.7,45.6,42.7,37.2,34.3,30.6,30.5,31.8,32.4,33.6,34.5,35.8,37.0,38.1,39.3,40.2,41.9
09:44:19.000,NaN,68.5,NaN,84.9,92.2,90.5,90.2,89.6,88.7,85.7,87.1,85.6,83.1,82.3,77.6,77.2,76.8,74.3,72.3,70.4,62.8,59.2,53.4,46.7,44.5,40.5,36.3,30.6,30.9,31.8,32.7,33.9,34.7,35.8,36.9,38.1,39.1,40.3,41.9
09:44:20.000,NaN,67.3,NaN,84.4,88.2,87.4,85.9,92.7,87.2,83.6,86.9,85.0,83.4,81.7,77.8,75.9,73.1,72.5,71.0,66.2,62.2,55.6,49.7,43.3,38.0,31.9,29.8,29.5,30.8,31.8,32.4,33.8,34.5,35.8,36.9,38.1,39.2,40.2,41.9
09:44:21.000,NaN,66.5,NaN,84.4,86.1,84.9,91.9,90.9,85.1,86.0,86.4,83.6,82.2,78.8,81.2,75.1,75.0,73.2,70.3,65.9,61.0,54.9,48.2,41.9,37.1,32.2,29.7,30.2,30.9,32.0,32.5,33.9,34.6,35.8,37.1,38.3,39.3,40.1,41.9
09:44:22.000,NaN,66.2,NaN,93.3,90.1,88.0,92.7,89.1,86.2,84.1,84.6,82.2,81.7,82.4,79.4,76.2,74.1,71.9,67.7,64.2,61.0,56.2,49.7,43.6,39.8,34.7,33.0,30.7,30.8,31.9,32.6,33.8,34.4,35.8,36.9,38.1,39.1,40.2,41.8
09:44:23.000,NaN,66.9,NaN,93.8,87.2,92.0,94.0,88.9,87.3,84.8,84.2,83.2,83.8,80.1,79.4,75.5,75.7,72.8,69.9,65.8,60.1,55.0,48.1,42.3,38.2,31.9,29.4,29.7,31.0,32.0,32.5,33.8,34.8,35.7,37.0,38.1,39.3,40.0,41.9
09:44:24.000,NaN,66.1,NaN,86.0,90.7,87.7,88.7,90.4,85.8,85.8,84.3,81.6,80.1,81.1,79.1,76.2,74.0,72.6,68.5,65.6,58.3,53.0,44.9,36.7,31.8,28.6,28.8,29.9,30.7,31.7,32.2,33.9,34.7,35.8,37.0,38.1,39.2,40.2,42.0
09:44:25.000,NaN,65.2,NaN,83.2,92.1,89.3,87.3,87.2,85.2,85.8,83.3,82.6,81.4,77.5,76.9,74.7,72.6,71.5,69.7,65.0,57.9,49.9,41.8,35.0,30.7,28.8,28.8,30.0,30.7,31.7,32.6,33.6,34.7,35.7,36.9,38.1,39.3,40.2,41.9
09:44:26.000,NaN,64.8,NaN,90.8,91.7,82.0,89.6,87.6,84.6,83.4,84.9,80.7,79.7,83.1,78.6,72.6,71.0,70.0,68.8,63.3,56.6,49.7,42.4,35.6,30.7,28.2,29.4,30.0,30.8,31.5,32.3,33.8,34.6,35.9,37.1,38.1,39.4,40.3,41.9
09:44:27.000,NaN,63.2,NaN,89.6,90.7,89.4,89.2,89.6,88.4,85.8,82.6,80.1,80.5,81.8,77.8,70.7,71.3,70.8,64.8,60.1,53.8,48.8,40.0,33.6,29.7,28.7,28.7,30.5,30.9,31.7,32.4,34.0,34.6,35.9,37.0,38.1,39.3,40.2,41.9
09:44:28.000,NaN,61.5,NaN,88.7,87.8,86.3,85.2,86.5,82.9,84.5,83.2,81.7,79.5,78.3,75.0,71.5,71.2,67.1,63.6,60.4,53.8,50.3,44.0,37.9,36.5,32.9,29.8,29.8,30.6,31.1,32.5,33.7,34.6,35.8,37.2,38.0,39.2,40.1,41.9
09:44:29.000,NaN,62.4,NaN,83.7,85.2,84.2,86.1,84.9,83.6,86.5,84.5,81.1,79.0,78.3,75.3,71.4,71.4,67.4,63.2,58.2,54.1,48.8,43.5,34.9,30.1,28.1,29.0,29.7,31.0,31.5,32.5,33.7,34.8,36.0,37.0,38.1,39.2,40.2,41.8
09:44:30.000,NaN,63.4,NaN,88.1,90.2,83.9,85.9,85.2,84.0,82.3,82.0,82.0,81.3,78.4,75.5,73.2,72.0,69.1,65.3,61.4,56.5,50.7,42.7,35.0,31.9,29.3,28.5,29.8,30.5,31.6,32.8,33.9,34.5,35.6,37.0,38.1,39.3,40.3,42.0
09:44:31.000,NaN,61.6,NaN,83.4,89.7,87.8,85.5,86.0,85.9,83.5,78.9,80.5,78.4,77.9,76.8,71.8,69.7,67.1,62.8,59.8,54.8,49.8,39.8,32.8,30.0,28.5,29.5,29.7,30.5,31.9,32.5,34.2,34.4,35.7,37.0,38.2,39.2,40.3,41.9
09:44:32.000,NaN,61.0,NaN,89.0,87.7,84.8,83.1,84.9,80.8,84.5,79.0,79.4,78.8,77.0,75.2,71.6,70.7,65.3,62.3,57.7,52.4,47.4,38.4,31.6,28.3,28.9,29.1,29.5,30.1,31.8,32.5,33.8,34.9,35.8,37.0,38.0,39.2,40.2,42.0
09:44:33.000,NaN,59.8,NaN,88.8,85.9,88.7,89.7,85.3,84.3,82.5,81.5,82.7,77.3,76.8,73.9,70.6,70.5,65.0,60.0,55.2,48.9,43.4,35.0,29.5,28.2,28.1,28.8,30.0,30.5,31.8,32.5,33.9,34.7,35.9,36.9,38.0,39.3,40.2,42.0
09:44:34.000,NaN,59.7,NaN,85.6,84.0,90.0,83.6,85.0,86.7,83.6,81.7,81.2,78.1,78.8,74.4,70.7,67.8,63.4,57.3,52.3,47.6,42.7,34.1,30.5,27.7,28.2,28.9,29.6,30.7,31.5,32.6,33.9,34.8,35.9,37.0,38.2,39.1,40.1,41.8
09:44:35.000,NaN,62.3,NaN,90.5,84.2,84.1,83.4,86.6,76.3,81.7,82.2,78.4,78.1,77.6,75.0,71.5,70.0,68.6,62.9,59.2,51.8,49.1,41.6,34.0,29.5,28.1,28.9,29.8,30.5,31.6,32.4,34.0,34.8,35.7,36.7,38.1,39.2,40.2,41.9
09:44:36.000,NaN,62.8,NaN,85.6,80.6,85.4,86.8,81.4,84.3,77.4,79.8,78.0,80.8,77.7,75.8,71.4,70.5,69.1,65.4,61.0,55.5,52.1,42.8,35.5,30.5,29.2,28.9,29.8,30.9,31.8,32.9,33.7,34.8,35.6,37.0,38.1,39.2,40.2,41.9
09:44:37.000,NaN,62.0,NaN,84.7,88.0,80.3,84.4,80.5,84.9,82.4,79.4,77.9,79.6,79.9,73.8,71.0,72.0,67.6,64.7,60.5,56.1,51.5,42.8,35.5,30.1,28.7,28.7,29.3,30.6,32.0,32.5,33.8,34.5,35.7,37.0,38.1,39.3,40.2,42.0
09:44:38.000,NaN,61.4,NaN,87.0,81.1,89.4,87.5,88.7,82.0,81.7,80.1,76.7,77.9,75.0,77.4,72.2,68.8,68.3,65.7,60.2,54.2,47.3,39.0,33.2,28.9,28.2,28.7,29.6,30.6,31.7,32.9,33.8,34.5,35.8,36.9,38.1,39.2,40.3,41.9
09:44:39.000,NaN,60.0,NaN,90.9,84.9,81.0,83.8,84.4,83.0,79.1,77.0,79.1,76.1,73.9,72.8,68.5,67.8,64.5,62.1,57.7,51.4,46.4,38.3,30.4,28.3,28.5,29.3,29.9,30.8,31.5,32.6,33.4,34.9,35.9,36.9,38.0,39.2,40.3,42.0
09:44:40.000,NaN,58.8,NaN,89.0,83.1,80.5,85.3,87.1,82.2,82.4,81.1,78.5,77.4,76.2,73.9,71.2,67.1,64.1,61.5,55.3,49.2,45.3,36.1,29.6,27.7,28.2,28.8,30.2,30.8,31.7,32.4,33.9,34.7,35.5,36.9,38.1,39.3,40.1,41.9
09:44:41.000,NaN,60.3,NaN,90.3,79.4,84.8,89.0,87.6,82.6,84.0,78.2,80.0,76.6,75.1,75.0,69.5,67.2,65.1,60.8,57.1,50.5,43.2,34.7,30.6,28.8,28.0,29.4,29.5,30.9,31.5,32.6,33.8,34.3,35.9,36.8,38.0,39.2,40.2,42.0
09:44:42.000,NaN,59.5,NaN,86.4,86.4,86.2,86.2,82.8,85.7,81.5,78.0,77.5,76.6,76.9,74.4,68.9,67.6,67.0,61.1,57.4,50.0,44.8,35.1,29.2,27.7,28.3,28.6,29.4,30.9,31.8,32.5,34.0,34.5,35.7,37.0,38.1,39.3,40.3,42.0
09:44:43.000,NaN,58.9,NaN,80.0,88.1,86.5,90.1,83.9,80.1,77.1,78.0,77.2,76.4,74.9,71.1,68.2,67.8,65.2,59.7,57.2,49.4,44.7,35.4,30.4,28.1,27.2,28.9,30.1,30.7,31.7,32.3,33.9,34.4,35.8,36.9,38.2,39.4,40.3,41.9
09:44:44.000,NaN,58.9,NaN,84.7,89.2,85.5,88.4,85.3,78.9,80.4,79.6,76.1,77.4,76.0,72.0,69.7,68.0,65.8,60.1,56.1,51.1,44.5,36.1,30.7,28.6,28.4,28.4,30.0,30.7,31.5,32.5,33.7,34.8,35.5,36.9,38.2,39.0,40.1,42.0
09:44:45.000,NaN,57.8,NaN,89.9,89.3,82.5,84.2,82.9,80.8,81.4,81.2,77.0,75.5,73.6,74.1,69.1,66.5,63.5,59.5,55.0,48.4,42.7,32.9,29.0,27.5,28.0,29.2,29.7,30.4,31.5,32.4,33.5,34.7,36.2,37.0,38.1,39.2,40.2,41.9
09:44:46.000,NaN,57.1,NaN,84.5,85.1,78.8,83.5,84.8,78.3,80.3,76.4,74.7,75.7,73.2,72.0,65.2,64.8,62.8,57.9,54.5,47.5,42.3,32.5,28.6,27.4,28.4,29.5,29.9,30.8,31.5,32.5,33.9,34.3,35.8,36.8,38.0,39.3,40.3,41.9
09:44:47.000,NaN,57.4,NaN,84.4,86.6,85.4,80.9,81.4,78.0,78.0,78.6,78.0,75.3,74.6,72.8,65.4,63.2,62.7,59.7,53.0,48.0,43.6,33.3,28.7,28.2,28.4,29.3,30.2,30.3,31.6,32.7,33.7,34.3,35.6,37.0,38.4,39.3,40.2,41.9
09:44:48.000,NaN,57.7,NaN,80.7,80.9,84.4,83.9,77.1,80.5,80.4,76.5,76.3,74.7,74.2,72.2,66.5,67.0,63.3,60.1,54.2,48.7,44.2,35.0,29.4,27.2,28.1,28.7,30.1,30.8,31.7,32.6,34.2,34.2,35.7,37.0,38.2,39.4,40.2,42.1
09:44:49.000,NaN,59.1,NaN,82.9,85.1,84.4,86.8,79.9,78.5,79.0,78.4,76.7,76.8,74.1,70.3,67.6,65.5,65.2,62.5,57.7,50.4,44.6,34.6,28.8,28.2,27.9,28.9,29.4,30.8,31.8,32.3,34.6,34.6,35.7,37.0,38.0,39.3,40.3,41.8
09:44:50.000,NaN,61.3,NaN,83.7,86.9,83.5,83.2,79.8,81.3,80.0,78.7,76.8,76.0,75.0,74.2,69.1,69.9,67.2,63.4,60.8,53.9,48.6,37.8,30.9,27.4,28.4,29.2,29.9,30.4,31.8,32.5,34.4,34.8,36.0,37.0,38.0,39.2,40.1,42.0
09:44:51.000,NaN,58.7,NaN,87.5,83.9,84.2,82.5,81.9,75.4,79.8,77.3,75.6,75.8,76.1,73.1,67.6,67.9,67.5,63.5,57.3,50.6,44.7,34.3,29.4,28.4,27.9,29.1,29.9,31.0,31.6,32.2,34.0,34.4,35.7,36.9,38.2,39.3,40.2,41.9
09:44:52.000,NaN,57.2,NaN,87.9,87.3,82.2,84.3,82.0,78.4,79.6,78.2,75.9,76.3,72.8,72.7,67.8,64.8,61.5,58.8,52.1,44.9,41.2,34.0,29.5,27.8,27.6,28.8,29.5,31.0,31.4,32.6,33.9,34.6,35.9,37.0,38.2,39.2,40.2,41.9
09:44:53.000,NaN,57.1,NaN,81.7,83.3,81.1,82.6,80.4,77.2,81.5,77.6,77.6,74.4,73.7,72.6,67.3,64.5,60.4,56.5,54.3,47.6,40.9,33.5,28.3,27.5,28.5,29.1,29.0,30.8,31.4,32.8,34.1,34.8,36.0,37.0,38.1,39.2,40.0,41.9
09:44:54.000,NaN,57.0,NaN,88.8,86.6,79.3,81.9,82.2,77.6,79.2,78.0,75.8,77.6,75.8,73.5,66.2,64.1,59.7,56.6,53.0,49.3,43.0,33.6,28.3,27.8,28.1,28.7,29.9,30.8,31.4,32.5,34.4,34.5,35.9,36.8,38.2,39.2,40.2,41.9
09:44:55.000,NaN,55.3,NaN,86.4,83.9,82.9,84.9,82.0,80.5,81.8,79.4,76.4,76.3,73.1,69.6,64.6,63.9,61.4,55.6,48.0,43.4,37.9,30.9,28.2,27.6,27.8,29.4,29.9,30.3,31.7,32.6,34.4,34.7,35.9,36.8,38.0,39.3,40.2,41.9
09:44:56.000,NaN,56.6,NaN,86.9,84.1,83.0,82.0,83.4,80.2,81.9,78.2,76.2,75.4,71.6,71.2,64.9,64.1,63.0,58.5,52.6,43.2,38.8,31.1,28.3,28.1,28.0,28.8,29.7,30.7,31.8,32.8,34.6,34.6,35.9,37.0,38.1,39.1,40.2,42.0
09:44:57.000,NaN,58.8,NaN,83.7,85.1,81.1,86.0,80.7,78.7,79.6,79.2,76.5,74.2,72.2,71.5,68.9,67.8,63.2,59.9,55.3,47.5,40.1,32.0,28.4,28.2,28.5,28.7,29.7,31.0,31.4,32.4,34.9,34.5,35.8,37.0,38.1,39.2,40.3,42.0
09:44:58.000,NaN,58.9,NaN,82.1,83.7,83.2,83.8,81.2,76.7,78.5,78.7,76.3,76.2,75.1,71.9,70.6,67.3,66.1,60.7,56.1,49.2,42.2,35.0,29.7,27.9,28.2,29.4,29.4,30.7,32.0,32.1,34.3,34.6,35.8,36.9,38.1,39.2,40.2,41.9
09:44:59.000,NaN,58.6,NaN,77.4,81.5,83.5,80.2,80.5,80.5,78.9,75.9,76.9,76.9,73.2,74.5,68.3,67.2,62.5,56.8,53.6,50.8,47.2,37.5,32.4,28.3,28.2,29.5,30.5,30.6,31.7,32.5,33.4,34.6,35.8,36.7,38.2,39.2,40.2,41.9
09:45:00.000,NaN,58.9,NaN,78.4,82.8,85.5,82.6,83.7,76.3,79.1,78.6,76.2,75.1,73.7,73.4,67.6,67.0,66.2,61.6,55.3,51.8,45.1,35.8,30.3,27.9,28.5,29.0,29.4,30.3,31.7,32.4,33.6,34.7,35.8,37.0,38.0,39.1,40.3,41.9
09:45:01.000,NaN,58.3,NaN,78.8,80.8,84.6,82.3,82.5,81.6,78.3,75.3,75.0,73.2,71.4,72.3,67.4,67.3,64.3,59.8,57.5,51.7,46.3,36.3,30.2,27.9,28.3,28.8,29.6,30.9,31.7,32.8,33.5,34.7,35.8,37.2,38.1,39.1,40.1,41.9
09:45:02.000,NaN,58.9,NaN,82.5,85.0,84.6,83.2,78.9,76.4,76.4,77.0,75.0,73.8,70.4,73.4,66.0,67.3,64.5,62.8,58.4,51.4,46.4,37.2,31.4,28.0,28.5,28.9,30.0,30.6,31.6,32.2,33.7,34.6,35.8,37.0,38.2,39.2,40.2,42.0
09:45:03.000,NaN,58.4,NaN,86.0,86.4,85.6,77.2,82.4,79.7,78.1,75.1,73.1,72.6,74.3,70.7,65.9,65.3,64.6,61.6,57.2,51.1,45.9,37.3,30.4,27.9,28.4,29.2,30.2,30.7,31.7,32.3,33.9,34.4,35.8,37.2,38.2,39.2,40.2,41.9
09:45:04.000,NaN,55.5,NaN,84.8,89.5,82.4,83.8,81.0,79.1,77.8,77.8,73.5,74.9,74.6,70.3,65.1,65.2,64.4,57.5,53.9,46.5,42.3,33.6,29.2,27.8,27.9,28.7,29.4,30.6,31.2,32.7,33.8,34.7,36.2,36.9,38.2,39.1,40.2,42.0
09:45:05.000,NaN,55.3,NaN,80.9,89.2,82.3,78.4,77.0,80.7,78.2,74.3,72.6,72.2,69.1,70.1,65.7,63.7,59.5,56.1,50.3,48.0,40.3,31.4,27.9,27.7,28.3,29.3,29.8,30.6,31.6,32.2,33.8,34.4,35.7,36.9,38.2,39.3,40.3,41.9
09:45:06.000,NaN,53.5,NaN,79.7,83.6,81.7,80.2,82.9,78.7,77.6,75.9,73.1,72.9,71.9,69.5,65.0,62.0,58.0,54.4,52.2,48.3,41.0,32.3,28.1,27.6,28.1,28.9,30.0,30.7,31.6,32.2,34.1,34.7,36.0,36.9,38.1,39.2,40.2,42.0
09:45:07.000,NaN,56.5,NaN,83.9,79.4,85.3,76.2,82.1,78.4,79.4,77.0,71.8,72.1,70.1,67.8,63.6,63.8,61.6,58.7,53.5,48.4,45.2,36.1,31.2,27.6,28.2,29.1,29.9,30.7,31.2,32.6,33.6,34.4,35.8,37.0,38.2,39.0,40.1,42.0
09:45:08.000,NaN,56.5,NaN,81.9,83.9,82.5,80.0,78.2,78.2,76.5,74.4,72.8,74.5,72.5,71.2,65.9,64.5,62.3,59.2,53.4,47.7,41.8,33.0,28.5,27.8,28.3,28.9,29.9,30.6,31.6,32.4,33.8,34.4,35.8,36.9,38.2,39.1,40.1,41.9
09:45:09.000,NaN,53.4,NaN,81.3,84.4,80.9,78.9,78.9,77.4,77.2,77.5,73.2,73.4,72.5,70.5,64.2,64.3,60.2,55.8,49.3,42.7,37.3,29.2,27.1,27.8,28.2,29.1,29.9,30.4,31.6,32.7,33.7,34.5,35.8,37.0,38.1,39.0,40.2,41.9
09:45:10.000,NaN,53.1,NaN,81.9,82.2,78.7,84.3,79.2,78.0,76.3,76.0,72.3,70.1,70.0,67.3,61.2,60.3,59.5,55.1,50.7,43.5,37.5,30.2,28.0,27.8,28.0,29.0,29.8,30.6,31.7,32.5,33.7,34.6,35.8,36.9,38.0,39.2,40.2,41.9
09:45:11.000,NaN,53.4,NaN,86.1,84.3,83.2,81.6,75.3,76.5,72.3,75.3,70.8,69.5,69.6,67.4,64.2,61.0,58.4,54.2,49.3,45.0,35.5,30.4,28.0,27.4,27.8,28.9,30.0,30.4,31.5,32.6,34.0,34.4,35.8,37.0,38.0,39.1,40.2,42.0
09:45:12.000,NaN,53.3,NaN,84.5,81.9,82.2,78.3,74.5,76.5,74.6,73.0,75.3,72.9,69.9,70.4,64.2,59.9,57.4,53.3,45.8,40.8,37.3,30.7,27.2,26.7,28.3,28.9,30.3,30.7,31.5,32.6,33.5,34.5,35.7,37.1,38.1,39.1,40.2,41.9
09:45:13.000,NaN,52.2,NaN,83.5,79.5,80.7,79.1,76.4,77.6,74.2,75.7,74.2,72.3,68.8,69.1,64.3,59.2,55.9,52.4,45.3,41.6,35.4,29.3,28.2,27.1,28.4,28.9,29.4,31.0,31.4,32.4,33.6,34.6,35.8,36.9,38.1,39.1,40.2,42.0
09:45:14.000,NaN,53.6,NaN,82.9,79.5,76.4,80.2,82.8,77.7,78.1,73.7,74.4,72.4,72.0,67.8,62.9,58.4,56.1,52.7,48.9,41.1,35.5,31.0,28.3,27.6,28.4,29.0,29.8,30.6,32.0,32.3,33.5,34.6,35.9,37.0,38.3,39.2,40.3,41.9
09:45:15.000,NaN,54.7,NaN,82.8,79.8,77.1,80.6,80.6,77.0,77.9,76.2,75.8,71.6,71.3,70.7,63.8,62.8,59.2,55.7,47.9,42.5,38.5,31.9,29.1,28.0,28.2,28.8,29.7,30.1,31.7,32.5,33.6,34.6,35.7,37.0,38.1,39.2,40.1,41.9
09:45:16.000,NaN,54.8,NaN,82.8,80.2,81.1,80.7,80.0,76.8,76.4,77.0,73.8,72.7,70.8,69.1,65.9,61.7,59.7,58.1,50.2,43.6,36.5,30.5,27.5,27.7,27.8,28.7,29.3,30.6,31.5,32.4,33.9,34.7,36.0,36.8,38.0,39.2,40.0,41.8
09:45:17.000,NaN,55.5,NaN,84.1,81.4,84.4,77.9,79.2,69.0,75.5,75.3,74.3,71.1,71.0,71.1,64.7,63.4,60.1,58.4,49.3,44.2,38.8,31.4,28.5,28.0,28.4,28.8,29.6,30.1,31.3,32.5,33.8,34.5,35.8,37.2,38.0,39.3,40.2,42.0
09:45:18.000,NaN,56.9,NaN,79.8,82.1,82.2,82.4,80.4,75.5,75.8,74.3,75.0,72.6,72.0,72.1,65.8,63.6,62.7,58.1,54.1,49.5,43.2,34.8,31.1,27.7,28.0,28.4,29.6,30.6,31.4,32.2,33.9,34.6,35.8,37.0,38.0,39.2,40.3,41.9
09:45:19.000,NaN,57.6,NaN,75.5,82.0,82.3,80.1,82.9,78.8,72.3,77.9,74.0,73.8,70.0,69.7,66.6,64.9,62.2,60.4,55.0,50.0,42.7,34.1,29.6,28.1,27.9,29.8,30.0,30.8,31.7,32.3,33.8,34.4,35.9,37.2,38.1,39.3,40.1,42.0
09:45:20.000,NaN,55.5,NaN,82.8,80.4,76.9,81.8,77.5,75.6,79.5,75.2,75.9,74.9,73.7,68.9,63.9,62.4,62.0,59.8,51.9,46.4,40.9,33.0,27.5,27.7,28.9,28.9,29.4,30.4,31.7,32.3,33.9,34.8,35.8,36.9,38.1,39.1,40.0,42.0
09:45:21.000,NaN,56.0,NaN,81.5,81.7,86.0,80.1,79.7,73.8,76.1,76.2,75.9,72.4,71.2,72.6,65.2,63.7,62.3,57.2,50.9,45.8,38.0,33.1,27.9,28.1,28.5,29.5,29.9,30.8,31.4,32.3,33.9,34.7,35.9,37.2,38.2,39.3,40.2,42.0
09:45:22.000,NaN,55.8,NaN,82.8,81.2,83.1,83.0,79.6,77.5,77.2,74.3,74.6,72.5,70.6,70.8,66.5,63.6,62.0,57.0,51.7,48.0,41.0,33.5,29.0,27.6,28.0,28.9,29.7,30.3,31.8,32.5,33.7,34.6,35.8,37.0,38.1,39.2,40.1,41.9
09:45:23.000,NaN,57.2,NaN,84.7,85.0,79.7,82.9,77.2,80.3,77.9,74.1,75.7,74.6,72.2,72.8,68.2,63.7,62.5,59.2,52.9,45.7,41.3,33.4,28.1,27.4,27.9,29.8,30.1,31.1,31.7,32.6,33.7,34.5,36.0,37.0,38.0,39.4,40.1,42.0
09:45:24.000,NaN,56.9,NaN,81.5,77.3,81.8,84.0,81.5,78.4,76.0,74.7,74.4,72.9,73.9,72.6,67.8,65.9,63.4,57.0,51.6,42.4,37.6,31.1,29.2,27.4,27.9,29.1,29.5,30.4,31.6,32.6,34.2,34.6,35.8,36.9,38.1,39.2,40.2,42.0
09:45:25.000,NaN,56.6,NaN,81.5,75.2,79.1,80.3,85.6,79.5,74.9,78.2,75.6,72.5,71.4,71.1,66.7,64.9,62.9,60.7,54.3,48.6,40.3,32.1,28.1,26.9,27.9,29.0,29.7,30.9,31.7,32.8,33.8,34.7,35.9,37.1,38.2,39.2,40.0,42.1
09:45:26.000,NaN,52.7,NaN,83.4,76.1,80.4,80.5,76.8,76.3,77.8,76.8,73.6,69.9,71.3,69.6,62.6,61.1,57.9,56.4,51.5,46.2,37.3,30.8,27.6,28.3,28.4,29.0,30.0,30.4,31.4,32.4,33.5,34.8,35.8,36.8,38.0,39.2,40.3,42.0
09:45:27.000,NaN,54.1,NaN,87.1,83.6,77.1,80.8,79.0,74.9,75.9,72.4,68.7,70.1,69.0,67.7,65.2,58.6,56.6,56.6,51.4,47.0,37.8,31.0,27.7,27.2,28.4,29.3,30.5,30.7,31.7,32.5,33.5,34.5,35.5,36.9,38.0,39.1,40.2,42.1
09:45:28.000,NaN,55.0,NaN,85.6,80.5,74.8,78.8,77.7,76.4,70.5,73.3,70.0,70.7,69.2,69.1,65.0,63.1,61.8,57.5,53.0,48.0,40.9,33.6,28.6,27.3,28.6,28.6,29.5,30.7,31.3,32.4,33.6,34.8,35.8,37.1,38.1,39.1,40.1,42.4
09:45:29.000,NaN,55.7,NaN,82.5,77.4,81.1,80.4,76.6,75.5,72.2,75.4,71.0,69.7,70.3,68.9,65.6,61.0,63.5,57.9,54.3,48.1,41.2,35.3,30.6,27.5,28.2,28.9,29.3,30.3,32.1,32.5,33.6,34.6,36.0,37.0,38.1,39.1,40.1,42.3
09:45:30.000,NaN,54.6,NaN,78.2,82.3,82.0,81.8,76.3,72.7,76.5,73.0,68.4,70.4,69.4,69.8,65.1,61.7,61.7,58.7,53.1,49.1,41.0,32.4,28.9,27.7,28.2,29.1,29.6,30.4,31.2,32.5,33.5,34.5,36.0,37.0,37.9,39.2,40.2,42.9
09:45:31.000,NaN,53.3,NaN,80.5,83.0,77.8,77.4,77.6,76.8,75.6,76.2,73.0,71.2,68.1,64.5,62.7,61.1,59.0,55.1,51.0,45.7,39.7,32.6,28.0,27.4,27.7,28.6,29.6,31.0,31.3,32.7,33.9,34.7,35.9,37.1,38.0,39.1,40.2,44.0
09:45:32.000,NaN,54.5,NaN,73.9,76.7,83.4,81.6,78.6,75.0,78.2,77.1,70.7,70.8,70.7,68.4,62.8,61.6,58.5,57.5,51.0,44.1,35.2,30.8,28.7,27.5,28.1,29.1,29.8,30.7,31.7,32.6,33.6,34.6,35.5,37.0,38.0,39.1,40.3,41.9
09:45:33.000,NaN,55.8,NaN,76.6,80.9,77.4,72.9,74.5,76.8,79.3,76.6,72.4,72.0,72.0,69.5,67.7,64.1,61.3,56.1,49.8,43.1,34.4,31.2,28.1,27.8,28.2,28.8,29.2,30.5,31.4,32.5,33.7,34.7,35.9,37.0,38.1,39.2,40.1,42.1
09:45:34.000,NaN,54.9,NaN,84.3,77.8,76.3,75.2,78.1,77.8,78.5,74.5,74.4,73.6,70.2,71.2,67.4,64.3,60.2,56.1,51.5,46.9,40.9,30.7,27.2,27.8,28.3,29.4,29.8,30.4,31.6,32.7,33.4,34.6,35.8,37.0,38.1,39.2,40.2,41.9
09:45:35.000,NaN,51.7,NaN,78.1,78.5,80.5,78.8,82.3,78.4,74.9,75.2,71.1,71.9,69.1,68.3,63.8,57.7,55.1,51.8,50.0,44.1,35.7,30.1,27.9,27.9,28.3,29.6,29.8,30.4,31.2,32.2,33.5,34.5,36.0,37.0,38.0,39.3,40.2,42.4
09:45:36.000,NaN,49.8,NaN,77.4,79.4,75.2,75.7,78.2,78.2,77.2,77.3,69.6,67.6,67.0,66.0,60.3,55.8,53.8,51.7,45.4,41.3,31.6,30.0,27.2,27.3,28.0,29.1,29.7,30.6,31.6,32.3,33.4,34.6,35.9,36.8,38.2,39.1,40.2,44.6
09:45:37.000,NaN,50.1,NaN,82.9,83.7,77.1,78.3,82.6,74.8,75.7,72.9,70.6,67.3,65.8,65.1,59.8,54.8,52.7,51.6,47.1,40.9,32.1,29.7,27.7,27.7,28.3,29.1,30.0,30.6,31.7,32.6,34.0,34.9,36.1,37.1,38.2,39.2,40.2,42.5
09:45:38.000,NaN,52.5,NaN,83.5,80.3,84.6,81.0,75.4,77.4,78.3,74.1,71.3,70.4,67.4,67.9,63.6,57.3,55.8,50.6,44.6,41.2,33.6,30.1,28.2,27.8,27.5,29.1,29.7,30.6,31.3,32.8,33.4,34.3,35.8,36.8,38.3,39.1,40.1,42.3
09:45:39.000,NaN,57.0,NaN,82.7,80.8,82.3,79.8,75.9,76.4,75.4,76.3,70.3,71.9,71.0,70.4,67.0,63.9,60.8,57.9,53.6,49.6,40.8,34.2,28.7,27.8,28.2,28.8,30.0,30.6,31.6,32.4,33.8,34.5,35.9,37.1,38.2,39.3,40.1,42.0
09:45:40.000,NaN,55.8,NaN,80.7,82.7,81.7,78.1,74.0,73.4,77.3,75.7,73.7,74.4,71.9,71.9,67.0,63.2,62.2,57.1,52.6,49.4,40.8,34.5,29.4,27.8,28.0,29.4,30.0,30.9,31.6,32.6,33.9,34.6,35.8,37.0,37.9,39.2,40.1,42.0
09:45:41.000,NaN,54.5,NaN,81.6,79.8,81.0,79.4,73.5,74.7,76.0,74.5,74.3,75.1,72.5,71.0,66.0,60.4,58.4,52.7,46.9,44.9,37.1,31.8,27.7,27.5,28.2,28.8,30.1,31.1,31.4,32.5,34.1,34.6,35.8,37.0,38.2,39.1,40.2,41.9
09:45:42.000,NaN,52.2,NaN,85.5,77.6,79.5,81.9,75.5,74.6,74.5,72.8,74.2,73.3,69.8,69.0,64.6,61.9,59.1,52.3,46.2,40.8,32.1,29.3,26.9,28.0,28.2,29.3,29.3,30.6,31.6,32.2,33.7,34.6,35.9,37.2,38.1,39.3,40.1,42.0
09:45:43.000,NaN,51.4,NaN,81.4,75.4,76.8,80.0,76.2,72.6,73.0,73.0,68.4,70.6,68.0,67.4,63.3,59.6,55.8,51.7,46.4,42.5,33.3,29.1,27.9,27.5,28.1,29.0,30.0,30.6,31.6,32.6,33.9,34.6,36.0,37.0,38.2,39.3,40.2,42.0
09:45:44.000,NaN,50.4,NaN,76.2,76.5,79.1,79.2,72.1,73.8,71.1,71.6,71.6,67.3,67.1,64.2,61.4,56.9,55.3,51.8,47.6,44.1,36.4,29.1,27.0,26.8,27.8,28.4,29.7,30.9,31.5,33.1,35.2,34.7,35.9,36.9,38.1,39.2,40.1,42.0
09:45:45.000,NaN,48.8,NaN,78.1,81.1,73.0,75.6,77.6,72.5,73.9,72.4,70.8,69.4,66.1,64.0,61.1,55.6,51.4,50.4,43.9,42.3,34.6,29.8,27.5,27.6,28.6,29.4,29.4,31.0,31.8,32.4,33.9,34.8,35.9,36.9,38.0,39.1,40.0,42.1
09:45:46.000,NaN,51.4,NaN,74.8,72.9,77.0,80.9,76.9,74.6,74.9,72.8,71.0,68.7,65.2,66.1,63.3,56.6,55.7,51.4,45.8,43.4,34.5,28.8,26.9,27.4,28.7,29.1,30.1,30.9,31.4,33.3,35.7,35.0,35.7,36.9,38.2,39.2,40.3,42.0
09:45:47.000,NaN,50.5,NaN,79.0,79.8,79.2,78.6,76.4,74.4,74.9,73.1,69.3,69.9,64.5,66.6,62.3,56.9,57.6,52.2,46.6,40.8,34.2,30.5,26.9,27.1,27.5,29.1,29.7,30.4,31.4,32.7,34.1,34.7,36.0,36.8,38.1,39.2,40.2,42.0
09:45:48.000,NaN,51.4,NaN,80.9,77.5,77.8,80.9,75.7,76.4,73.4,73.8,70.3,70.2,65.4,65.9,61.2,58.7,56.5,52.8,47.5,40.8,32.6,29.5,27.7,27.5,27.9,28.8,29.9,30.7,31.6,33.1,35.7,34.9,35.8,37.0,38.0,39.1,40.1,42.0
09:45:49.000,NaN,53.2,NaN,78.3,78.9,79.0,77.9,77.3,75.3,74.4,68.5,69.6,68.7,68.7,68.3,63.7,58.4,57.5,52.9,47.0,43.6,35.4,30.3,27.5,28.1,27.8,29.1,29.6,30.7,31.4,32.5,34.0,34.3,35.7,37.1,38.1,39.1,40.1,42.0
09:45:50.000,NaN,53.5,NaN,81.4,83.2,80.9,75.0,74.1,72.8,76.1,74.2,72.3,69.9,68.5,69.6,65.9,60.1,56.9,53.7,49.5,42.6,33.7,29.6,26.8,28.1,28.2,28.7,29.4,30.6,31.6,32.8,35.6,34.7,35.7,37.0,38.1,39.1,40.1,41.9
09:45:51.000,NaN,52.9,NaN,81.3,75.3,79.3,71.4,75.1,74.6,75.5,72.3,71.5,71.8,71.3,69.6,64.6,59.8,58.8,52.7,48.8,44.3,37.0,30.6,28.2,27.8,28.5,28.9,30.2,30.9,31.5,32.6,33.9,34.7,35.8,36.8,38.1,39.3,40.2,42.0
09:45:52.000,NaN,53.4,NaN,73.6,70.7,75.5,75.2,72.4,72.8,71.6,71.8,73.4,70.4,67.1,69.0,66.1,61.6,59.7,53.9,44.9,38.5,31.3,28.9,27.1,27.1,28.1,28.9,29.7,30.4,31.5,32.4,33.9,34.5,35.8,37.1,38.1,39.2,40.1,41.9
09:45:53.000,NaN,52.0,NaN,68.9,76.0,77.7,79.7,77.3,73.6,74.8,76.0,70.2,69.8,68.9,69.3,63.7,59.8,56.9,50.9,43.2,37.5,32.7,28.6,27.4,27.7,28.0,28.8,29.9,30.9,31.7,32.7,34.0,34.6,35.9,37.1,38.2,39.2,40.2,42.0
09:45:54.000,NaN,52.6,NaN,73.5,76.4,75.7,78.7,74.0,70.1,73.0,72.3,71.5,69.7,68.9,66.8,63.4,59.3,57.8,53.9,45.9,40.2,34.0,29.5,27.1,28.2,27.9,29.2,29.5,31.1,31.5,32.6,34.0,34.7,36.0,36.9,38.0,39.2,40.2,42.0
09:45:55.000,NaN,51.4,NaN,81.8,76.4,77.3,75.3,75.7,72.7,71.9,73.8,72.0,70.7,67.0,66.5,66.0,59.2,57.8,54.0,46.4,39.8,33.6,28.8,27.1,27.8,28.0,29.2,29.2,30.5,31.8,32.6,33.9,34.5,36.0,37.1,38.2,39.2,40.0,42.0
09:45:56.000,NaN,51.2,NaN,80.8,76.8,71.0,75.7,75.7,74.0,71.9,71.5,69.5,69.0,66.9,63.7,64.3,57.2,55.9,51.5,47.1,41.0,33.5,28.8,27.4,27.6,27.9,29.3,30.3,30.9,31.4,32.3,34.0,34.5,35.7,36.9,37.9,39.4,40.1,42.0
09:45:57.000,NaN,52.1,NaN,77.5,74.2,71.4,75.2,75.3,71.6,72.4,67.9,69.4,69.2,68.4,68.0,65.0,59.0,52.4,51.6,48.6,40.5,34.1,29.5,27.6,28.0,28.5,29.0,29.7,30.6,31.3,32.6,33.9,34.7,36.0,37.0,38.1,39.1,40.0,41.9
09:45:58.000,NaN,51.7,NaN,76.0,76.3,75.8,72.9,74.4,71.7,71.0,71.6,68.1,69.7,69.6,67.0,63.2,57.7,55.1,52.7,47.9,40.4,31.9,28.5,27.3,27.7,27.9,29.6,30.1,30.6,31.8,32.4,34.2,34.7,35.9,36.9,38.0,39.3,40.2,42.0
09:45:59.000,NaN,51.4,NaN,68.7,74.8,78.5,79.4,76.1,74.4,74.6,70.4,69.4,68.8,66.7,67.2,65.0,59.5,57.7,53.9,46.3,40.8,32.3,28.2,28.1,28.6,28.2,29.2,29.6,30.5,31.4,32.6,34.3,34.6,35.8,37.1,38.1,39.1,40.2,42.0
09:46:00.000,NaN,49.9,NaN,63.1,75.0,78.4,76.5,73.1,71.6,76.3,70.3,70.8,68.2,62.8,64.5,60.9,58.9,55.0,52.0,47.1,42.0,33.9,30.1,27.6,28.2,28.2,29.0,30.0,30.9,31.3,32.4,34.2,34.7,35.9,37.1,38.0,39.3,40.2,41.9
09:46:01.000,NaN,51.7,NaN,72.8,75.3,75.3,77.2,72.5,71.3,70.9,73.0,71.1,69.9,66.1,65.4,64.4,57.7,57.9,52.2,46.5,41.8,35.5,30.1,27.7,27.3,28.1,28.9,29.7,30.8,31.7,32.2,34.0,34.5,35.7,36.9,38.0,39.2,40.3,41.9
09:46:02.000,NaN,54.4,NaN,78.7,79.4,75.4,74.1,72.1,75.2,74.0,71.2,68.7,69.5,64.8,64.1,61.7,60.9,60.6,57.4,52.8,46.7,38.5,32.6,28.1,27.9,28.2,29.3,29.9,30.6,31.3,32.1,34.0,34.8,36.0,37.1,38.1,38.9,40.0,41.8
09:46:03.000,NaN,55.8,NaN,77.2,78.4,76.1,73.7,76.1,72.1,71.5,73.8,70.0,70.4,66.2,67.0,66.0,63.4,62.6,59.6,54.6,48.5,40.8,32.9,28.1,28.1,28.3,29.0,29.7,30.7,31.5,32.6,34.0,34.7,35.9,37.1,37.9,39.2,40.2,41.9
09:46:04.000,NaN,54.0,NaN,77.6,82.7,74.2,74.8,76.9,71.0,73.9,72.0,71.8,72.2,70.0,69.4,66.1,59.7,59.9,57.1,51.2,42.5,34.4,29.4,27.3,27.3,28.5,28.8,29.6,31.0,31.4,32.6,34.1,34.8,35.8,36.8,38.0,39.2,40.2,42.0
09:46:05.000,NaN,52.0,NaN,71.2,77.6,76.8,69.9,77.3,73.1,74.0,70.6,72.2,70.2,67.9,68.3,63.5,58.6,56.8,53.4,48.1,41.2,32.3,28.0,27.4,27.6,27.9,28.5,29.6,30.2,31.5,32.2,34.1,34.7,35.8,37.1,38.0,39.3,40.2,42.0
09:46:06.000,NaN,52.6,NaN,77.7,77.4,80.7,72.3,72.7,71.0,72.9,73.7,71.1,70.3,69.7,65.1,63.9,59.1,57.2,53.8,49.3,44.5,36.6,30.5,28.1,26.7,28.0,29.0,29.3,30.4,31.4,32.2,34.1,34.6,35.9,37.0,38.2,39.2,40.2,42.0
09:46:07.000,NaN,52.2,NaN,78.1,75.7,75.9,70.3,76.4,73.5,75.6,73.6,68.8,65.0,68.4,67.7,64.5,61.8,59.2,53.2,48.8,45.4,38.4,32.7,28.8,28.2,28.5,28.7,29.6,30.6,31.2,32.8,34.1,34.4,35.9,37.0,38.2,39.2,40.3,41.9
09:46:08.000,NaN,50.9,NaN,83.7,80.1,76.4,78.3,75.7,71.9,73.7,71.0,67.8,67.6,65.7,66.0,63.3,58.6,57.1,50.3,44.1,40.0,33.1,27.9,27.6,27.9,28.3,28.8,29.4,30.7,31.9,32.8,34.1,34.4,35.9,37.0,38.3,39.1,40.1,42.0
09:46:09.000,NaN,50.4,NaN,76.5,79.9,78.9,74.4,74.3,73.8,74.5,71.1,68.6,67.8,67.6,65.3,62.4,60.6,57.0,50.9,43.7,37.3,30.7,29.1,27.5,27.8,28.1,28.5,29.7,31.0,31.6,32.8,34.1,34.7,35.8,37.0,38.0,39.3,40.0,42.0
09:46:10.000,NaN,50.3,NaN,77.7,77.2,77.4,78.8,76.9,73.8,73.0,72.6,70.1,67.8,65.7,64.2,63.3,58.1,55.0,50.7,43.2,37.7,31.2,29.4,27.5,28.0,28.4,29.3,29.6,30.5,31.6,32.6,33.8,34.6,36.0,37.1,38.3,39.1,40.2,42.0
09:46:11.000,NaN,49.0,NaN,79.4,73.1,79.0,76.0,72.8,72.1,72.0,72.9,70.8,67.6,66.9,65.4,60.1,52.8,52.0,48.5,41.2,35.0,31.4,28.1,28.3,27.5,27.8,28.9,29.7,30.6,31.9,32.3,34.1,34.9,35.7,36.9,37.9,39.1,40.2,41.9
09:46:12.000,NaN,48.2,NaN,77.5,78.0,75.3,77.9,75.1,72.3,73.0,72.4,70.5,69.3,66.3,64.1,60.4,51.9,51.3,47.6,42.3,35.2,30.2,27.8,28.2,27.6,27.6,29.0,30.1,30.6,31.5,32.3,34.0,34.8,35.9,36.7,38.0,39.1,40.2,42.1
09:46:13.000,NaN,50.5,NaN,73.9,76.0,77.9,76.6,76.1,70.5,75.3,70.8,69.8,69.5,66.4,64.8,61.6,54.1,52.7,51.2,41.4,36.8,31.3,28.5,27.6,28.3,28.0,29.1,29.8,30.6,31.6,32.7,34.1,34.7,36.0,36.9,38.1,39.3,40.2,41.9
09:46:14.000,NaN,49.8,NaN,78.8,78.9,75.9,74.9,75.4,71.8,73.5,73.7,70.9,67.5,67.5,68.1,63.6,55.1,54.6,49.6,44.2,37.2,31.8,28.4,27.6,27.7,28.1,29.2,30.1,30.5,31.4,32.4,33.7,34.7,36.0,36.8,38.0,39.1,40.2,42.1
09:46:15.000,NaN,50.3,NaN,78.6,79.2,74.0,74.0,74.9,73.6,72.3,73.3,68.0,68.2,66.5,65.2,62.8,58.7,56.0,51.4,44.9,38.2,32.1,28.7,26.9,27.4,28.1,28.7,29.7,30.4,31.7,32.3,33.9,34.8,35.8,37.0,37.9,39.1,40.1,41.9
09:46:16.000,NaN,51.3,NaN,79.3,77.5,72.9,79.7,73.2,74.1,74.0,72.8,70.6,67.7,67.6,63.8,60.4,57.8,56.9,53.5,50.1,42.9,35.3,28.6,27.4,27.3,28.3,28.9,30.0,30.7,31.3,32.6,34.2,34.6,35.9,36.9,38.0,39.2,40.3,41.9
09:46:17.000,NaN,51.4,NaN,80.5,74.1,76.8,80.2,73.0,70.5,72.2,70.5,71.4,68.7,66.6,64.8,63.1,56.2,56.3,50.7,46.8,42.5,35.8,29.6,27.5,26.8,28.4,29.4,29.8,30.7,31.6,32.6,34.3,34.4,35.7,37.1,38.0,39.3,40.1,41.9
09:46:18.000,NaN,50.9,NaN,76.0,71.7,77.0,77.7,73.2,76.2,72.5,70.4,74.1,70.7,66.7,65.6,64.6,59.8,56.9,52.0,44.5,39.0,33.3,28.9,27.5,27.6,28.2,29.0,30.1,30.5,31.5,32.6,34.0,34.8,35.9,37.1,38.1,39.1,40.2,42.0
09:46:19.000,NaN,51.4,NaN,79.2,78.4,76.4,76.7,75.7,75.9,73.6,71.5,71.3,68.0,66.7,66.5,64.9,59.3,56.1,52.2,45.0,41.3,34.0,29.7,28.1,27.6,27.8,28.7,29.5,30.6,31.8,32.6,34.2,34.6,35.9,37.1,38.1,39.1,40.1,41.9
09:46:20.000,NaN,52.3,NaN,77.3,78.9,75.9,77.6,76.8,71.4,71.7,71.2,71.1,71.7,68.4,66.0,64.5,58.4,55.2,52.3,44.6,36.8,33.0,28.2,27.7,28.0,28.3,29.5,29.6,30.8,31.6,32.7,34.2,34.7,35.9,36.9,38.2,39.2,40.0,42.0
09:46:21.000,NaN,51.5,NaN,78.2,70.2,76.0,76.5,74.9,75.0,73.2,73.5,70.0,69.9,69.4,66.7,64.7,60.2,57.3,53.0,44.1,36.9,29.9,28.2,27.4,27.7,28.5,28.8,30.0,30.7,31.7,32.7,33.8,34.6,36.1,37.2,38.1,39.2,40.2,41.9
09:46:22.000,NaN,50.6,NaN,77.3,78.1,78.1,78.6,77.8,74.7,74.8,67.9,71.0,70.3,66.9,65.2,62.4,58.9,55.4,49.8,40.8,38.5,31.6,28.6,27.4,27.8,28.0,28.6,29.7,30.1,31.4,32.6,33.9,34.5,35.7,37.0,38.1,39.1,40.3,41.8
09:46:23.000,NaN,48.9,NaN,79.9,75.4,72.0,77.5,73.7,72.7,72.8,70.8,71.0,69.2,68.8,66.3,61.8,54.3,52.7,48.9,43.4,36.6,33.4,28.9,27.6,27.7,28.0,29.2,29.5,30.7,31.9,32.5,34.3,34.6,35.9,36.9,38.2,39.2,40.3,42.1
09:46:24.000,NaN,48.9,NaN,81.7,73.7,76.2,75.5,74.5,70.5,71.9,72.0,68.7,67.1,65.7,64.9,58.4,55.5,52.0,49.6,43.2,36.4,32.7,28.6,26.8,28.5,28.3,29.2,29.8,30.7,31.5,32.6,34.2,34.7,35.8,36.9,38.2,39.2,40.2,42.0
09:46:25.000,NaN,49.5,NaN,74.5,73.1,79.6,78.1,71.4,75.2,73.7,70.8,70.3,67.1,65.8,63.8,60.5,55.2,54.0,51.2,44.9,39.6,35.1,29.8,27.5,27.6,28.5,28.6,29.5,30.4,31.4,32.7,34.0,34.8,35.8,37.0,38.1,39.2,40.1,42.0
09:46:26.000,NaN,49.2,NaN,71.7,76.3,77.2,76.2,74.5,72.2,71.1,70.6,70.6,69.1,63.9,64.6,61.6,55.4,54.8,51.1,45.7,38.5,32.1,28.5,27.6,27.8,27.7,28.4,29.8,30.5,31.7,32.4,34.0,34.7,35.8,37.0,38.1,39.3,40.0,41.9
09:46:27.000,NaN,47.5,NaN,77.8,79.1,76.1,76.9,68.9,70.6,69.4,70.4,67.4,68.3,67.0,63.3,59.6,56.1,51.0,46.6,40.1,36.1,31.6,27.6,27.4,27.2,27.8,29.0,29.3,30.7,31.9,32.6,34.0,34.3,35.8,36.7,38.0,39.2,40.2,42.0
09:46:28.000,NaN,46.5,NaN,75.6,72.9,77.5,77.6,74.6,69.5,67.6,67.7,65.2,62.9,64.0,62.9,58.8,52.1,51.3,45.8,39.3,34.3,33.3,28.4,27.9,27.2,28.2,28.2,29.8,30.5,31.8,32.5,34.3,34.7,35.7,37.1,37.9,39.1,40.1,42.0
09:46:29.000,NaN,46.9,NaN,75.3,73.8,74.3,76.4,75.2,72.5,72.0,67.3,67.6,67.6,64.6,62.5,58.3,52.4,47.4,47.6,42.1,36.7,32.9,28.3,28.1,27.6,28.0,29.0,29.6,31.3,31.8,32.4,34.2,34.6,35.9,37.0,38.0,39.1,40.0,41.9
09:46:30.000,NaN,47.7,NaN,77.6,76.9,70.8,73.8,72.9,71.5,70.2,70.2,67.5,64.1,64.7,61.2,60.2,52.4,46.8,45.0,41.4,35.2,31.7,28.3,27.4,27.5,28.2,28.9,29.8,30.6,31.7,32.6,33.8,34.5,35.9,37.2,38.0,39.2,40.1,41.9
09:46:31.000,NaN,47.9,NaN,83.5,71.7,75.0,77.0,74.0,68.0,73.0,67.2,68.4,66.0,62.4,63.5,61.1,55.3,51.4,46.2,41.0,34.3,31.7,28.5,27.1,27.5,27.9,29.2,29.5,31.0,31.8,32.5,33.8,34.5,36.0,37.1,38.2,39.1,40.2,41.9
09:46:32.000,NaN,47.6,NaN,77.8,73.4,76.5,78.2,75.8,70.0,71.2,71.3,66.0,65.5,62.7,65.8,59.8,54.3,51.4,50.6,44.2,36.9,30.7,28.2,27.8,27.2,27.7,29.0,29.9,31.1,31.4,32.5,34.1,34.6,36.0,37.0,37.9,39.1,40.2,41.9
09:46:33.000,NaN,46.4,NaN,76.2,75.8,76.3,75.1,74.0,72.7,71.0,68.8,65.2,64.8,61.6,60.9,59.1,53.6,51.0,46.4,41.4,34.7,31.7,28.3,27.4,27.0,28.1,28.7,30.0,30.3,31.3,32.6,34.0,34.5,36.1,37.0,38.1,39.2,40.2,42.1
09:46:34.000,NaN,46.7,NaN,76.5,77.7,73.8,75.6,76.7,71.5,71.7,67.6,66.9,64.3,62.8,60.5,57.6,50.9,47.7,47.2,40.8,34.8,30.5,28.6,27.3,27.3,27.9,28.6,29.9,30.9,31.4,32.6,34.3,34.7,36.0,37.1,38.1,39.2,40.2,41.9
09:46:35.000,NaN,48.0,NaN,72.5,77.0,72.2,73.9,68.3,72.8,67.3,71.7,66.8,62.8,64.6,64.2,61.9,54.5,51.6,48.7,41.7,34.2,31.1,28.1,27.4,27.2,27.9,28.8,29.6,30.6,31.2,32.8,34.2,34.4,35.8,37.1,38.1,39.1,40.1,41.9
09:46:36.000,NaN,46.2,NaN,75.3,78.2,78.2,75.9,72.3,70.3,72.8,71.4,66.2,62.9,62.9,63.7,60.3,52.4,49.9,46.5,40.0,35.4,32.6,29.0,27.5,27.4,27.9,29.3,29.8,30.6,31.5,32.3,34.0,34.5,36.0,36.9,38.1,39.2,40.2,41.9
09:46:37.000,NaN,46.0,NaN,72.3,67.6,71.0,75.4,71.4,71.5,72.2,71.0,66.5,63.2,61.2,60.2,58.7,52.7,50.2,46.1,41.4,37.0,33.4,28.6,27.5,28.3,28.6,28.8,29.8,30.5,31.6,32.8,33.9,34.6,35.8,37.1,38.2,39.2,40.2,41.9
09:46:38.000,NaN,45.4,NaN,72.0,74.2,73.7,72.9,74.1,69.9,71.8,70.8,66.1,63.0,61.1,60.3,58.7,54.4,49.9,43.5,38.8,33.6,31.0,27.4,27.3,27.4,28.1,29.3,29.8,31.0,31.4,32.5,34.5,34.6,35.8,37.1,38.1,39.2,40.2,42.0
09:46:39.000,NaN,46.2,NaN,76.5,77.7,72.0,75.6,74.5,70.5,71.8,68.2,65.2,62.7,59.8,59.3,57.0,53.0,48.8,45.9,38.5,33.6,29.8,27.7,27.4,27.7,28.4,29.2,29.9,30.7,31.7,32.6,33.9,34.7,36.0,36.8,37.9,39.2,40.3,42.0
09:46:40.000,NaN,47.0,NaN,75.3,71.9,77.7,73.2,72.9,69.6,70.4,69.5,68.3,65.4,63.1,63.5,59.1,54.0,46.4,48.9,42.8,34.9,31.2,27.2,27.1,27.9,28.4,28.8,29.8,30.8,31.5,32.8,34.2,34.5,35.6,36.9,38.1,39.1,40.2,41.9
09:46:41.000,NaN,48.8,NaN,71.1,78.1,77.4,73.2,72.5,71.9,71.0,69.6,67.0,62.1,62.3,64.1,61.6,53.7,50.9,47.5,43.0,38.3,35.1,28.8,26.9,27.7,27.8,28.6,29.5,30.6,31.5,32.5,34.4,34.7,36.0,36.9,38.2,39.3,40.2,42.0
09:46:42.000,NaN,47.6,NaN,79.8,79.5,74.1,70.7,72.4,69.8,68.8,70.1,68.3,65.7,63.9,63.5,61.7,52.5,51.3,49.5,43.8,37.9,32.2,27.6,27.4,28.6,28.6,29.4,29.5,30.5,31.5,32.4,34.8,34.7,35.8,36.9,38.0,39.2,40.1,41.9
09:46:43.000,NaN,49.3,NaN,82.2,77.5,72.1,73.5,70.8,71.8,67.8,68.4,65.2,64.6,65.8,63.1,60.3,56.8,53.2,49.5,44.4,36.9,33.1,28.3,27.5,27.5,28.4,28.8,30.1,30.5,31.6,32.7,34.2,34.6,36.0,37.0,38.0,39.1,40.1,42.0
09:46:44.000,NaN,51.4,NaN,76.8,72.0,71.2,69.9,69.4,69.8,68.8,69.7,66.6,68.0,68.5,64.0,62.3,58.6,57.3,53.6,45.4,38.1,31.4,28.4,27.6,27.6,27.9,28.5,29.9,30.4,31.8,32.9,35.0,34.7,35.9,37.1,38.0,39.3,40.2,42.0
09:46:45.000,NaN,49.7,NaN,69.1,78.4,74.1,73.4,70.9,70.4,69.4,74.1,69.0,68.9,65.4,63.4,61.0,56.5,55.0,50.6,43.6,36.1,31.7,28.0,28.0,27.0,28.4,29.2,29.9,31.2,31.6,32.5,34.5,34.6,35.9,37.0,38.0,39.1,40.2,41.9
09:46:46.000,NaN,48.8,NaN,74.1,80.6,71.7,75.0,70.8,72.5,67.3,68.7,68.9,69.0,64.6,65.4,62.3,56.6,54.4,50.0,41.6,35.1,30.8,28.0,27.0,27.4,27.4,29.1,29.6,30.6,31.2,32.5,34.4,34.6,35.9,36.8,38.1,39.2,40.2,42.1
09:46:47.000,NaN,47.7,NaN,77.7,67.2,76.9,73.1,70.9,71.4,70.5,67.1,66.9,67.5,66.5,62.7,59.9,55.0,51.4,48.3,37.3,34.0,31.8,28.3,27.1,27.7,28.2,28.7,29.8,31.0,31.6,32.6,34.5,34.7,35.6,37.0,38.2,39.2,40.1,42.0
09:46:48.000,NaN,46.2,NaN,76.9,73.5,76.1,74.9,73.1,68.4,67.9,66.9,69.0,68.3,64.1,64.2,56.3,55.2,51.1,46.6,40.3,36.1,31.0,28.5,28.0,27.4,27.9,29.0,29.8,30.6,31.4,32.6,34.3,34.6,35.9,36.9,38.0,39.1,40.3,42.0
09:46:49.000,NaN,46.0,NaN,72.9,73.6,73.9,74.3,71.5,70.3,71.7,67.7,67.9,66.8,62.1,60.5,55.1,52.0,48.5,47.2,40.1,34.9,31.2,27.0,27.4,27.6,27.6,29.2,29.6,30.9,31.4,32.6,34.1,34.3,35.8,36.9,38.1,39.2,40.2,42.0
09:46:50.000,NaN,46.1,NaN,72.7,71.5,71.2,74.4,72.8,69.3,67.3,68.4,68.1,65.9,61.0,60.9,57.1,53.3,46.8,46.0,38.0,33.4,30.3,27.8,26.7,27.8,28.5,28.7,30.0,30.7,31.8,32.2,34.2,34.7,35.8,36.8,38.2,39.1,40.1,42.0
09:46:51.000,NaN,46.3,NaN,73.4,73.1,72.8,70.9,68.8,66.2,70.8,66.8,67.1,63.1,63.4,60.0,59.1,56.6,49.7,47.9,39.6,31.9,29.5,27.3,27.3,27.7,28.1,28.8,29.7,30.8,31.5,32.2,33.8,34.6,35.9,36.9,38.1,39.2,40.2,41.9
09:46:52.000,NaN,44.8,NaN,74.0,70.3,69.5,72.3,68.0,69.1,71.9,67.7,66.3,67.3,63.9,57.2,57.2,53.0,49.6,45.2,38.0,33.1,29.4,27.9,27.9,27.7,27.7,28.7,29.9,31.2,31.5,32.6,33.7,34.7,36.0,36.8,38.1,39.1,40.1,42.0
09:46:53.000,NaN,46.2,NaN,73.8,73.0,69.2,69.3,65.9,71.7,68.2,68.1,66.9,64.1,61.7,60.4,57.6,52.1,48.9,44.4,36.5,33.0,29.5,27.7,27.5,27.6,27.9,28.8,29.3,30.7,31.2,32.4,34.0,34.6,36.0,36.9,38.0,39.2,40.2,41.8
09:46:54.000,NaN,47.6,NaN,65.5,76.6,71.8,72.5,70.9,69.0,70.9,67.6,65.9,63.9,63.5,62.1,58.9,55.2,52.9,48.8,42.0,35.0,31.3,27.8,27.9,28.1,27.7,29.2,29.6,30.4,31.7,32.3,35.0,34.7,35.8,36.9,38.0,39.1,40.1,42.2
09:46:55.000,NaN,49.0,NaN,73.6,74.4,70.6,73.6,69.8,71.5,69.1,66.5,67.2,65.1,64.6,62.5,61.8,57.0,53.9,51.0,43.6,36.7,30.8,28.4,28.2,27.7,28.1,29.2,29.6,30.7,31.9,32.9,34.6,34.7,35.8,37.1,38.0,39.1,40.3,42.0
09:46:56.000,NaN,47.6,NaN,72.9,70.3,65.6,73.0,69.7,67.8,69.8,68.4,68.9,67.8,63.1,59.9,61.1,55.8,50.9,48.4,42.6,36.8,31.7,29.4,27.9,27.4,27.4,28.7,29.9,30.6,31.8,32.8,33.7,34.7,35.7,37.0,38.0,39.1,40.3,42.0
09:46:57.000,NaN,46.7,NaN,77.5,74.2,73.0,69.3,73.7,69.4,70.0,70.1,68.2,65.4,62.3,61.5,60.4,54.3,50.1,44.4,40.3,35.9,31.2,28.1,27.2,27.3,28.4,29.0,29.8,31.0,31.9,32.7,34.0,34.6,36.0,37.1,38.1,39.3,40.1,41.9
09:46:58.000,NaN,47.0,NaN,78.6,76.1,74.6,72.2,69.4,71.1,68.6,67.4,66.1,62.3,60.7,59.8,61.2,54.4,48.5,43.9,41.1,36.4,30.4,28.3,26.9,27.3,28.3,28.9,30.1,30.6,31.7,32.3,34.0,34.8,36.1,36.9,38.1,39.1,40.3,42.0
09:46:59.000,NaN,47.7,NaN,66.5,75.8,72.8,70.2,67.7,69.9,70.5,67.2,64.1,63.0,63.3,63.5,60.2,53.6,48.8,46.9,42.2,37.0,31.5,28.4,27.6,27.8,27.9,28.9,29.6,31.3,31.5,32.6,33.1,34.4,35.9,36.9,38.1,39.0,40.1,42.0
09:47:00.000,NaN,47.7,NaN,72.6,70.8,69.6,72.5,69.1,71.4,69.4,68.8,65.3,65.8,64.9,63.9,61.4,56.3,52.0,49.6,43.5,38.9,33.0,28.6,27.3,27.9,28.5,28.7,30.4,30.9,31.6,32.7,33.7,34.6,35.8,37.2,38.2,39.2,40.1,41.9
09:47:01.000,NaN,44.9,NaN,72.4,75.9,74.6,68.2,72.4,71.8,69.5,68.8,64.2,62.1,63.4,62.4,58.6,51.6,47.2,44.9,36.8,33.4,31.1,28.4,27.6,27.5,28.0,28.7,29.3,30.7,31.5,32.4,33.4,34.3,35.8,36.9,38.0,39.2,40.1,42.0
09:47:02.000,NaN,43.6,NaN,77.6,69.5,74.0,76.8,71.7,68.6,67.2,62.8,63.7,63.8,60.6,58.1,54.7,51.1,43.7,42.1,36.9,32.4,31.8,29.9,28.2,27.6,28.0,28.7,29.7,30.7,31.8,32.3,33.7,34.4,35.9,37.1,38.3,39.3,40.3,42.0
09:47:03.000,NaN,44.2,NaN,66.1,70.8,74.4,69.1,72.1,69.9,67.2,65.7,61.6,62.3,58.4,57.5,58.0,51.1,44.0,42.7,37.8,33.9,30.7,29.8,27.8,27.7,27.9,28.7,29.3,30.6,31.3,32.8,33.7,34.6,36.1,37.0,38.0,39.1,40.2,41.9
09:47:04.000,NaN,45.8,NaN,72.8,70.7,73.9,72.6,66.6,69.7,70.6,65.2,65.7,64.3,63.2,60.1,59.1,53.9,44.9,44.7,40.1,34.2,32.3,28.7,28.0,27.4,27.7,28.4,30.0,30.7,31.7,32.1,33.5,34.6,35.7,37.0,38.2,39.0,40.2,42.0
09:47:05.000,NaN,45.1,NaN,69.8,74.0,71.3,65.4,71.2,70.8,73.7,65.0,66.5,63.2,61.7,59.4,56.4,47.9,48.6,45.0,38.4,34.1,30.6,27.8,27.9,28.2,28.1,28.5,30.0,30.9,31.3,32.3,33.4,34.8,36.0,37.2,38.1,39.1,40.2,42.0
09:47:06.000,NaN,44.0,NaN,71.5,74.0,71.1,73.6,71.4,66.9,71.2,65.1,66.9,65.0,64.3,60.1,53.7,47.9,46.8,44.0,38.3,32.7,31.2,27.7,27.0,27.0,28.1,29.0,30.1,31.0,32.7,32.3,33.5,34.6,36.0,37.2,38.0,39.0,40.2,41.9
09:47:07.000,NaN,46.4,NaN,73.4,70.8,72.4,71.4,71.3,69.2,67.1,69.5,67.1,64.9,61.6,61.6,56.8,52.3,42.0,41.7,39.5,34.7,30.6,28.2,27.9,27.5,28.2,29.0,30.0,31.1,32.4,32.6,33.5,34.4,35.7,37.0,38.1,39.2,40.1,42.0
09:47:08.000,NaN,46.6,NaN,71.0,70.0,71.0,68.8,66.9,66.2,69.5,70.0,64.0,65.8,63.2,60.6,58.9,54.8,47.1,43.3,36.9,36.1,32.9,29.1,29.2,27.8,28.5,29.0,29.3,30.8,31.7,32.5,34.1,34.7,35.8,37.0,38.2,39.1,40.2,41.9
09:47:09.000,NaN,47.4,NaN,66.5,72.1,74.8,72.1,73.5,69.3,68.8,67.9,64.6,64.7,64.3,63.8,60.7,56.0,49.9,47.9,39.9,34.6,31.5,27.9,27.2,27.2,27.8,29.4,30.1,30.5,31.8,32.5,34.9,34.9,36.0,37.2,38.0,39.2,40.2,42.0
09:47:10.000,NaN,48.2,NaN,74.9,74.5,63.6,72.4,67.9,64.7,71.9,66.0,65.2,63.3,63.2,62.2,60.2,56.5,51.6,48.1,43.2,39.1,32.1,29.3,27.7,27.9,28.5,29.5,29.8,30.4,31.7,32.1,35.1,34.5,36.0,37.0,38.0,39.1,40.3,41.9
09:47:11.000,NaN,45.6,NaN,69.2,71.3,65.5,68.4,63.6,70.7,66.6,67.6,64.4,62.7,62.6,61.0,58.6,54.6,48.2,46.6,42.2,38.5,31.6,28.7,28.3,28.0,27.9,29.5,29.6,30.8,31.1,32.4,34.6,34.7,36.0,37.0,38.0,39.2,40.1,42.0
09:47:12.000,NaN,44.0,NaN,77.6,74.9,73.2,69.0,69.4,70.4,68.8,65.6,61.5,62.6,62.4,60.8,57.4,53.7,45.9,45.7,38.3,35.0,30.8,29.1,27.5,27.7,28.0,28.9,29.4,31.1,31.7,32.5,33.7,34.6,35.7,37.1,38.1,39.1,40.1,42.0
09:47:13.000,NaN,43.3,NaN,72.7,71.5,72.0,70.9,68.1,67.1,68.1,68.5,62.6,63.7,59.0,58.0,53.0,50.7,47.2,45.2,37.6,35.4,32.5,28.3,27.3,28.4,28.1,28.8,29.5,30.5,32.2,32.2,33.7,34.8,35.7,37.0,38.1,39.2,40.1,41.9
09:47:14.000,NaN,44.6,NaN,71.0,74.7,73.1,71.3,64.9,70.2,68.2,68.2,66.6,61.4,60.0,54.4,52.1,51.9,48.2,45.6,44.2,37.5,32.2,29.4,28.3,27.6,28.1,28.5,29.7,30.9,32.6,32.5,33.5,34.5,35.9,37.1,37.9,39.1,40.2,42.0
09:47:15.000,NaN,41.8,NaN,67.3,70.7,71.3,72.4,71.7,70.5,68.5,69.7,66.4,62.8,59.8,54.5,52.3,48.5,45.3,42.9,39.8,35.4,33.9,30.7,28.5,28.2,28.2,29.0,29.8,30.7,31.5,32.8,33.4,34.8,36.2,36.9,38.1,39.1,40.2,42.0
09:47:16.000,NaN,42.0,NaN,71.5,68.6,72.7,70.8,69.7,69.8,67.8,67.2,64.5,60.5,57.8,53.6,52.8,47.4,42.5,41.3,38.3,35.8,33.4,29.7,28.1,27.2,27.9,28.9,29.5,30.4,31.2,32.3,33.7,34.7,35.9,37.1,38.2,39.2,40.2,41.9
09:47:17.000,NaN,43.6,NaN,70.6,73.3,67.7,73.2,71.0,68.3,67.6,65.9,64.3,59.4,58.1,56.5,55.7,50.2,43.5,43.9,41.4,38.0,33.9,32.3,29.3,28.2,28.2,28.9,29.6,30.6,31.6,32.6,33.7,34.7,35.9,37.2,38.0,39.1,40.0,41.9
09:47:18.000,NaN,43.3,NaN,74.9,73.4,75.2,73.3,71.5,66.6,67.3,68.6,63.2,58.4,57.6,56.7,55.6,49.6,41.8,40.6,38.9,36.2,32.8,30.2,27.5,27.8,28.2,28.3,29.9,30.7,31.6,32.5,33.3,34.6,36.1,37.1,38.0,39.2,40.3,42.1
09:47:19.000,NaN,43.1,NaN,72.9,69.6,73.4,71.0,71.5,67.2,65.4,63.3,61.0,57.7,60.0,56.8,56.9,49.2,46.3,44.7,39.1,35.3,30.8,28.7,28.1,28.2,28.2,29.3,30.0,30.6,31.7,32.3,33.7,34.5,35.8,37.0,38.2,39.1,40.2,42.1
09:47:20.000,NaN,44.0,NaN,71.1,65.8,71.6,71.2,70.0,68.6,67.6,64.3,61.5,62.1,59.0,58.8,54.9,49.7,48.0,45.2,39.9,34.6,32.6,28.8,27.4,27.7,28.1,28.7,29.8,30.8,31.6,32.7,33.7,34.6,35.5,36.9,38.0,39.2,40.2,41.9
09:47:21.000,NaN,43.3,NaN,74.3,69.2,71.4,71.8,68.6,67.7,66.8,65.5,63.8,61.2,59.7,59.7,56.7,52.5,46.0,44.2,37.7,34.3,31.3,28.3,27.1,27.2,28.0,29.0,29.5,31.0,34.5,32.5,33.6,34.5,35.8,37.1,38.2,39.2,40.1,41.9
09:47:22.000,NaN,45.0,NaN,73.9,69.8,71.3,71.8,65.6,70.1,66.3,62.5,63.7,60.7,61.6,58.2,58.0,50.3,45.2,42.5,42.5,37.4,35.3,32.9,29.5,28.0,28.1,29.4,29.7,31.0,34.6,32.4,33.4,34.6,36.0,36.8,38.1,39.2,40.2,42.1
09:47:23.000,NaN,42.5,NaN,70.1,71.8,70.8,69.7,69.7,67.8,69.2,66.3,62.5,60.5,57.0,56.8,53.7,47.8,41.8,40.6,38.4,37.2,33.0,30.4,28.8,28.2,28.3,29.1,29.7,31.0,31.5,32.6,33.6,34.6,35.9,37.0,38.0,39.1,40.1,42.2
09:47:24.000,NaN,42.1,NaN,66.3,65.9,70.3,67.3,70.8,65.5,63.5,66.4,60.2,59.4,59.0,57.7,54.2,48.7,43.3,41.6,36.9,34.7,30.9,28.8,27.4,28.2,28.0,28.8,30.0,30.8,32.0,32.4,33.5,34.5,35.9,36.9,38.3,39.3,40.3,42.0
09:47:25.000,NaN,45.7,NaN,72.6,71.1,72.3,69.9,68.4,64.7,65.0,64.2,60.3,61.1,61.0,58.9,57.0,53.5,45.3,46.4,38.8,36.0,31.6,28.1,28.0,28.4,28.3,28.4,29.5,30.7,31.4,32.7,33.4,34.6,36.0,37.0,38.1,39.2,40.2,41.9
09:47:26.000,NaN,45.1,NaN,76.7,70.5,70.1,65.6,64.3,66.2,68.7,64.9,62.1,59.0,59.0,59.6,58.2,54.9,49.0,46.5,39.3,35.1,31.1,28.1,27.3,27.7,28.0,29.2,29.5,30.6,31.6,32.8,33.9,34.6,35.9,37.0,38.2,39.3,40.2,42.0
09:47:27.000,NaN,42.4,NaN,76.4,71.9,72.4,70.6,65.0,65.2,66.5,63.0,62.1,61.0,59.0,58.5,56.3,51.0,45.9,43.4,37.4,34.2,30.6,27.6,27.7,27.7,28.6,29.2,29.8,30.8,31.2,32.4,33.6,34.5,35.7,37.1,38.0,39.2,40.1,41.9
09:47:28.000,NaN,41.8,NaN,74.8,74.1,76.3,73.2,69.6,69.4,63.7,60.8,61.7,58.4,57.7,55.3,53.8,50.1,44.1,40.4,36.6,35.0,30.8,28.4,27.3,27.2,28.0,29.1,29.9,30.8,31.4,32.6,33.6,34.4,35.8,37.1,38.0,39.2,40.1,41.9
09:47:29.000,NaN,40.7,NaN,72.7,68.4,72.9,71.3,71.1,65.2,65.9,63.3,60.3,57.9,58.5,54.6,52.6,46.5,41.2,39.0,34.0,32.4,30.7,28.5,27.0,27.7,28.8,29.2,30.4,30.9,31.6,32.7,34.0,34.7,36.0,37.0,38.1,39.0,40.2,42.0
09:47:30.000,NaN,41.3,NaN,67.5,74.6,71.0,72.2,69.1,67.3,63.5,59.3,58.9,58.2,59.1,57.3,53.6,46.4,41.0,40.0,37.6,33.3,29.8,27.6,27.1,27.8,28.3,29.3,29.8,30.5,31.6,32.6,33.9,34.6,35.8,37.0,38.1,39.2,40.1,42.1
09:47:31.000,NaN,41.8,NaN,70.6,72.4,74.1,71.2,66.8,67.0,66.7,63.7,58.4,56.6,56.7,56.2,52.5,47.2,39.9,40.5,37.0,32.9,29.8,28.2,27.7,28.4,28.1,28.5,29.9,31.1,31.7,32.3,33.9,34.9,35.8,37.1,38.1,39.3,40.1,42.1
09:47:32.000,NaN,42.2,NaN,75.2,68.4,69.6,66.6,64.2,66.4,62.9,62.2,61.5,60.1,59.9,57.4,54.8,48.0,42.5,41.6,36.2,32.7,29.0,27.4,27.1,27.5,28.0,28.6,29.3,30.4,31.8,32.4,34.0,34.4,35.9,36.9,38.1,39.3,40.1,41.9
09:47:33.000,NaN,40.3,NaN,67.1,65.9,74.3,70.6,66.4,71.0,64.7,66.6,62.3,62.0,56.7,56.1,52.4,47.0,44.5,38.7,35.8,32.5,29.8,27.6,27.4,28.3,28.2,29.2,30.0,30.9,31.1,32.3,33.4,34.7,35.8,37.1,38.1,39.3,40.2,42.0
09:47:34.000,NaN,41.2,NaN,65.5,66.3,70.9,71.3,69.0,65.7,67.9,64.0,63.1,56.4,56.2,53.4,53.5,48.6,41.2,40.1,35.4,33.5,29.7,28.1,27.9,27.4,28.4,29.1,30.3,30.5,31.2,32.4,33.9,34.8,35.7,37.0,38.0,39.2,40.1,41.9
09:47:35.000,NaN,41.9,NaN,66.4,69.0,73.0,71.4,64.2,67.1,67.2,63.8,63.3,56.3,56.3,54.8,51.9,49.6,38.5,39.2,36.8,33.8,31.3,28.4,27.4,27.6,28.6,29.3,30.2,30.5,31.7,32.6,33.7,34.7,36.0,37.1,38.0,39.2,40.2,42.0
09:47:36.000,NaN,41.2,NaN,66.0,67.6,71.8,72.6,68.3,66.9,68.9,64.1,62.7,59.4,56.2,56.5,51.6,49.6,39.8,39.5,38.1,34.3,31.3,29.1,27.5,27.6,28.4,28.7,29.7,30.9,31.3,32.2,33.7,34.9,36.0,37.1,38.1,39.3,40.1,41.8
09:47:37.000,NaN,40.8,NaN,71.5,71.1,68.9,66.1,66.8,66.6,68.5,64.5,62.9,58.5,58.1,57.1,50.4,47.6,39.8,38.3,37.5,33.5,30.6,28.4,27.6,27.8,28.5,29.1,29.6,30.8,31.3,32.7,33.7,34.6,35.8,37.0,38.1,39.3,40.1,42.0
09:47:38.000,NaN,42.0,NaN,68.5,70.0,71.9,67.7,66.8,68.3,67.9,63.3,61.1,61.0,57.1,54.2,50.5,48.3,42.0,40.3,36.3,33.5,31.1,28.7,27.5,27.2,28.1,29.1,30.0,30.7,31.9,32.3,33.3,34.4,35.9,37.1,38.0,39.1,40.1,41.8
09:47:39.000,NaN,42.1,NaN,71.3,74.7,69.4,69.3,68.1,69.0,63.3,65.3,63.9,62.5,58.9,57.6,52.4,48.8,42.0,41.7,36.2,34.0,30.8,28.3,27.5,27.3,28.1,29.2,29.6,31.1,32.8,32.4,33.5,34.4,36.1,36.9,37.9,39.2,40.2,42.0
09:47:40.000,NaN,42.6,NaN,69.0,74.5,69.0,68.4,65.7,64.8,68.9,64.6,62.6,60.2,59.0,58.0,54.6,48.0,41.8,40.9,37.0,34.0,30.8,28.0,27.3,27.3,28.0,29.3,30.2,30.9,32.6,32.7,33.7,34.4,35.9,37.1,38.1,39.3,40.2,42.0
09:47:41.000,NaN,43.2,NaN,66.8,66.2,71.7,67.9,68.4,68.1,64.8,62.2,62.9,58.9,57.8,55.3,55.3,51.3,43.3,40.2,36.3,33.7,30.5,28.8,27.8,27.4,28.3,29.3,29.8,30.9,32.0,32.4,33.6,34.5,35.7,36.9,38.2,39.0,40.0,41.9
09:47:42.000,NaN,41.9,NaN,70.9,70.2,71.9,67.9,66.4,68.5,67.3,61.0,63.1,60.7,59.4,58.7,54.8,49.8,42.8,41.4,37.2,34.5,31.0,28.2,27.5,27.6,28.0,29.0,30.2,30.7,31.3,32.5,33.7,34.5,36.1,37.1,38.1,39.3,40.2,42.0
09:47:43.000,NaN,39.9,NaN,75.5,71.7,71.2,65.7,69.3,68.3,67.1,64.3,61.8,59.1,56.7,53.9,51.7,47.9,41.2,37.5,36.8,34.1,30.2,28.8,28.1,27.4,28.3,29.7,29.8,30.5,31.3,32.6,33.4,34.6,36.2,37.1,38.2,39.2,40.2,41.9
09:47:44.000,NaN,41.4,NaN,70.3,71.9,74.0,71.2,67.9,67.0,63.1,59.3,57.6,59.6,57.7,54.5,53.2,47.7,40.7,39.3,36.4,33.3,30.6,28.3,27.6,27.9,28.0,28.6,29.7,30.8,31.1,32.7,33.6,34.6,36.0,36.9,38.1,39.2,40.1,42.1
09:47:45.000,NaN,39.0,NaN,70.6,69.5,72.5,65.7,66.9,66.0,66.3,63.6,61.8,57.4,56.0,53.7,50.1,45.7,42.1,38.1,33.2,33.6,30.8,28.0,27.1,28.3,28.2,28.8,30.2,31.3,31.7,32.6,34.1,34.6,36.0,36.9,38.3,39.1,40.2,41.9
09:47:46.000,NaN,39.0,NaN,75.1,70.6,70.7,65.1,67.0,68.7,65.1,60.1,56.6,53.3,54.6,49.2,47.1,44.3,41.8,38.2,34.7,32.7,30.5,28.5,27.0,27.5,28.2,29.0,29.9,30.3,32.2,32.3,33.6,34.4,35.9,37.0,38.2,39.2,40.2,42.0
09:47:47.000,NaN,39.0,NaN,69.1,62.0,66.1,65.0,64.4,65.7,59.7,59.4,58.1,55.2,54.0,51.8,49.0,47.1,41.4,38.9,35.0,32.7,29.9,27.3,27.4,27.0,28.5,29.3,29.7,30.8,31.8,32.8,33.9,34.6,35.8,36.9,38.2,39.1,40.1,42.1
09:47:48.000,NaN,39.9,NaN,67.3,68.6,66.3,64.4,68.8,65.5,65.3,63.5,59.0,55.8,52.2,48.6,50.0,46.2,40.3,38.3,33.9,31.9,29.8,27.3,27.2,28.3,28.5,29.2,29.6,30.7,32.0,32.5,33.9,34.6,35.8,36.9,38.1,39.1,40.2,42.0
09:47:49.000,NaN,38.9,NaN,60.9,68.6,68.5,64.5,65.0,64.4,61.4,58.2,59.9,56.3,56.6,49.8,49.7,48.1,41.2,40.1,34.1,33.9,30.9,28.0,27.5,27.6,27.8,28.8,29.5,30.6,31.6,32.6,34.1,34.7,36.0,37.0,38.2,39.4,40.2,42.0
09:47:50.000,NaN,38.5,NaN,69.9,65.6,70.7,63.7,64.5,65.4,63.7,63.4,58.6,54.3,52.9,51.1,49.1,43.6,39.3,38.5,35.4,32.0,29.9,27.6,27.8,27.9,28.5,28.8,30.2,30.9,32.0,32.6,33.8,34.8,36.0,37.1,38.0,39.2,40.3,42.0
09:47:51.000,NaN,38.5,NaN,73.6,69.9,66.0,68.4,66.1,58.6,61.2,60.5,57.1,54.5,52.7,52.1,49.6,46.2,40.2,37.6,33.5,32.0,30.0,27.9,27.3,27.5,28.1,29.0,29.8,31.1,31.6,32.5,33.5,34.5,36.1,37.1,38.0,39.1,40.0,42.1
09:47:52.000,NaN,39.0,NaN,72.4,68.5,66.3,63.3,61.3,63.4,61.0,58.7,56.9,54.0,51.3,51.2,48.3,44.7,38.0,38.2,35.6,33.1,29.9,28.1,27.6,28.3,28.3,29.1,30.2,31.4,33.3,32.4,33.6,34.6,36.1,37.2,38.1,39.3,40.1,42.0
09:47:53.000,NaN,38.7,NaN,72.2,62.9,70.4,66.7,63.6,58.3,60.2,59.2,56.3,52.4,52.9,52.4,48.2,44.5,37.9,36.2,35.1,33.1,29.9,27.4,27.9,27.3,27.7,29.0,30.1,30.4,32.9,32.6,34.1,34.7,35.9,37.1,38.0,39.1,40.1,42.0
