AMBIENT,NaN,42.2,NaN,50.8,47.1,43.9,45.0,50.4,47.6,47.4,46.8,48.2,47.2,47.5,46.5,45.0,45.4,41.4,38.0,38.9,33.2,29.3,30.4,28.6,27.0,27.0,27.6,28.3,29.2,30.2,31.1,39.8,34.7,35.4,36.5,37.1,38.3,39.1,40.7
09:42:06.000,NaN,42.2,NaN,43.8,44.7,46.4,45.9,45.2,49.8,46.3,43.4,46.3,45.8,43.8,44.7,43.3,44.3,39.3,36.4,38.9,31.6,28.4,30.3,28.1,26.6,26.7,27.8,27.8,29.4,30.3,30.7,40.0,34.5,35.4,36.3,37.0,38.3,38.9,40.7
09:42:07.000,NaN,41.8,NaN,46.5,47.2,45.1,40.7,45.4,46.7,47.1,41.0,48.0,45.4,46.7,44.2,43.4,45.5,40.1,35.5,38.7,30.5,29.1,30.1,28.6,27.2,27.2,27.6,28.7,28.9,29.7,31.1,39.5,34.5,35.4,36.7,37.0,38.0,39.0,40.7
09:42:08.000,NaN,42.1,NaN,42.1,45.7,42.9,43.1,45.4,47.5,46.7,45.4,49.3,46.9,45.3,43.8,43.0,46.0,38.3,37.6,38.9,34.2,30.3,31.2,28.8,26.9,26.8,27.6,28.2,29.2,29.9,31.1,40.0,34.9,35.3,36.4,37.0,38.2,39.0,40.7
09:42:09.000,NaN,42.2,NaN,42.7,46.0,37.7,37.6,47.9,48.8,47.4,47.1,44.7,45.2,47.2,45.7,43.4,44.7,40.2,36.4,38.1,33.5,28.2,31.5,28.4,27.0,26.7,27.8,28.7,29.1,30.2,31.1,39.6,34.6,35.4,36.8,36.9,38.2,39.1,40.8
09:42:10.000,NaN,42.3,NaN,47.0,45.9,44.2,43.0,43.8,46.6,46.1,46.7,46.0,47.4,48.0,42.9,44.3,45.0,39.2,36.3,39.0,32.2,28.2,30.5,27.9,26.9,27.2,27.7,28.1,29.2,30.2,31.1,40.2,34.4,35.3,36.4,37.0,38.2,39.1,40.7
09:42:11.000,NaN,42.0,NaN,44.1,45.5,45.5,43.2,45.3,47.2,46.5,45.1,47.7,47.0,46.6,43.9,43.8,45.5,39.6,37.9,39.5,30.9,28.8,31.2,28.5,27.0,26.8,27.5,28.7,29.4,30.1,31.1,39.8,34.7,35.4,36.5,37.0,38.3,39.1,40.8
09:42:12.000,NaN,41.9,NaN,52.8,48.2,46.5,47.6,44.9,50.9,42.9,43.6,47.1,46.9,44.5,43.0,43.6,44.6,39.6,37.4,38.9,31.1,29.1,30.4,28.0,27.1,26.8,27.7,28.5,29.1,30.2,30.7,39.7,34.6,35.5,36.2,36.9,38.1,39.0,40.7
09:42:13.000,NaN,42.2,NaN,46.1,46.0,44.5,37.9,47.6,47.9,42.0,43.6,46.6,45.3,46.9,45.2,41.8,44.0,40.0,37.4,39.9,32.5,29.3,30.9,28.6,27.2,26.6,27.8,28.6,28.9,30.1,31.1,39.9,34.5,35.3,36.5,36.9,38.2,39.1,40.8
09:42:14.000,NaN,42.2,NaN,50.2,51.1,45.9,43.2,43.0,47.4,46.4,43.5,45.0,44.5,46.8,45.1,42.2,44.5,39.2,36.3,39.7,31.5,29.5,30.9,28.7,27.1,26.8,27.4,28.6,29.1,30.3,31.2,40.1,34.7,35.1,36.3,37.0,38.3,39.0,40.6
09:42:15.000,NaN,42.2,NaN,46.4,43.7,45.4,41.9,46.9,45.3,44.0,45.3,48.4,43.6,47.5,42.1,42.7,45.9,40.6,36.4,39.5,33.4,29.0,31.7,29.4,27.4,26.9,27.4,28.4,29.1,29.9,31.1,39.7,34.8,35.2,36.4,36.9,38.2,39.0,40.7
09:42:16.000,NaN,42.4,NaN,44.8,45.6,39.0,39.4,44.6,44.6,45.9,44.6,46.6,47.3,46.4,43.2,42.1,45.0,40.9,36.2,39.2,38.1,28.5,31.0,28.9,27.4,27.2,27.6,28.2,28.9,30.2,31.2,40.1,34.7,35.3,36.6,36.9,38.1,39.0,40.6
09:42:17.000,NaN,42.4,NaN,44.6,43.7,44.1,49.7,45.0,46.0,48.4,45.7,50.8,46.8,46.7,45.2,43.8,44.3,40.2,36.7,38.9,34.1,28.7,30.8,29.1,27.0,26.8,27.3,28.0,29.2,29.9,31.3,40.1,34.5,35.3,36.4,37.0,38.2,38.9,40.7
09:42:18.000,NaN,42.0,NaN,48.5,48.8,46.2,39.8,42.7,43.8,46.5,47.1,48.0,44.1,47.7,45.2,39.8,45.2,40.4,37.0,39.0,31.6,28.0,30.6,28.5,27.2,26.9,28.3,28.2,29.4,30.1,31.1,39.9,34.7,35.4,36.5,36.8,38.2,39.2,40.7
09:42:19.000,NaN,42.4,NaN,48.0,46.4,41.9,46.1,42.2,46.1,46.9,43.0,46.8,45.7,48.1,46.0,42.5,45.3,39.1,37.2,40.6,33.1,29.5,30.6,28.8,27.3,26.7,27.8,28.2,29.3,30.1,31.2,40.0,34.8,35.3,36.4,36.8,38.1,39.0,40.7
09:42:20.000,NaN,42.4,NaN,43.0,45.8,40.4,41.5,42.3,48.8,45.7,43.6,44.4,45.1,48.0,45.4,43.5,45.0,45.7,38.1,38.4,32.0,29.5,30.4,29.0,26.6,27.4,27.6,28.4,29.1,30.1,30.9,39.7,34.4,35.2,36.3,36.9,38.3,39.1,40.8
09:42:21.000,NaN,42.2,NaN,46.8,44.1,39.2,36.9,44.4,50.0,46.2,43.8,48.1,45.1,46.9,48.8,43.2,45.0,42.8,36.9,39.0,33.0,28.0,30.7,29.1,26.7,26.8,27.6,27.9,29.3,30.5,30.8,39.9,34.8,35.2,36.4,37.0,38.3,39.1,40.7
09:42:22.000,NaN,42.3,NaN,49.9,46.0,44.1,44.0,41.7,49.2,48.4,47.1,45.1,45.7,47.5,45.9,45.5,44.4,42.2,36.6,39.0,31.2,28.1,30.2,28.9,27.6,27.1,27.6,28.0,29.0,30.1,31.0,39.7,34.4,35.1,36.3,36.9,38.2,39.1,40.6
09:42:23.000,NaN,42.6,NaN,40.6,48.4,42.1,45.8,42.9,46.3,48.5,43.6,48.4,47.8,48.4,47.1,41.1,44.3,44.6,38.1,39.7,32.4,28.7,30.7,28.4,27.2,27.2,27.4,28.4,28.8,30.2,31.2,40.0,34.6,35.1,36.4,37.1,38.2,39.1,40.7
09:42:24.000,NaN,42.1,NaN,44.8,47.0,43.8,42.5,45.3,45.5,47.0,45.8,49.2,45.2,48.4,47.0,43.8,43.4,40.1,38.1,38.5,32.3,29.1,30.9,28.6,27.3,26.5,27.4,28.3,28.8,29.9,31.1,39.9,34.8,35.3,36.3,37.1,38.1,39.1,40.7
09:42:25.000,NaN,42.1,NaN,43.4,42.7,41.0,44.9,42.7,45.2,46.1,47.9,48.8,46.3,48.0,46.8,44.7,43.5,38.1,36.9,38.4,31.8,28.7,30.5,28.4,26.8,26.6,27.2,28.2,29.2,29.8,31.4,40.0,34.8,35.1,36.3,37.0,38.3,39.1,40.6
09:42:26.000,NaN,42.3,NaN,50.4,46.1,44.1,46.2,43.5,47.8,47.9,45.5,44.9,40.9,47.6,44.8,44.0,43.0,41.3,36.8,37.5,32.2,27.7,30.0,28.2,26.6,26.7,27.5,27.9,28.9,30.3,31.0,40.4,34.7,35.2,36.5,37.0,38.4,39.1,40.7
09:42:27.000,NaN,42.4,NaN,42.4,47.2,42.7,40.6,44.2,48.0,49.1,46.8,47.6,43.0,45.9,48.5,43.1,45.6,40.9,37.6,38.1,33.5,28.9,30.5,28.3,26.8,27.0,27.6,28.5,29.2,30.3,31.1,40.2,34.7,35.3,36.4,36.8,38.4,39.1,40.7
09:42:28.000,NaN,42.1,NaN,47.9,49.6,43.3,41.2,42.5,45.3,46.4,45.7,47.0,45.3,47.6,47.6,45.3,45.0,41.2,36.9,38.6,31.9,29.2,31.1,28.7,27.1,27.5,27.3,28.5,28.7,30.3,31.2,39.6,34.6,35.2,36.4,37.0,38.2,39.0,40.7
09:42:29.000,NaN,42.1,NaN,48.1,42.6,44.5,46.1,40.4,46.8,47.0,44.8,47.1,44.4,46.8,46.3,42.5,46.0,39.2,38.1,38.1,32.7,28.7,30.5,28.9,27.0,26.6,27.4,28.3,29.2,30.0,31.1,40.0,34.9,35.2,36.3,37.0,38.2,39.2,40.7
09:42:30.000,NaN,42.4,NaN,46.7,48.4,44.7,47.7,45.4,46.7,47.7,44.8,48.9,43.6,47.0,46.3,43.8,45.1,38.9,37.9,38.7,32.7,29.5,30.7,29.1,26.3,26.6,27.3,28.4,29.2,30.0,30.9,40.3,34.8,35.5,36.1,37.1,38.4,38.9,40.6
09:42:31.000,NaN,42.3,NaN,42.2,45.2,40.8,46.0,44.1,46.8,45.8,42.5,47.2,43.6,46.2,43.6,44.3,44.9,39.0,37.6,38.5,32.0,28.9,31.3,29.0,26.6,27.2,27.6,28.0,29.2,30.2,30.9,39.9,34.7,35.5,36.4,36.8,38.1,39.1,40.7
09:42:32.000,NaN,41.8,NaN,32.1,44.3,43.7,43.4,42.6,47.1,43.8,44.0,48.1,45.6,47.3,45.2,46.3,45.4,38.8,35.7,37.8,31.8,29.1,30.8,28.5,26.5,26.9,27.7,28.3,28.9,30.0,30.9,39.8,34.7,35.4,36.2,37.0,38.2,39.1,40.7
09:42:33.000,NaN,42.4,NaN,44.5,48.1,42.5,45.8,44.6,46.9,45.2,47.5,47.0,45.4,47.5,44.0,42.9,43.9,40.5,38.4,38.3,32.9,28.8,30.9,28.7,27.3,27.2,27.9,28.3,29.4,30.1,31.0,40.2,34.9,35.4,36.2,37.0,38.2,39.0,40.6
09:42:34.000,NaN,42.0,NaN,45.0,42.8,43.1,47.6,43.7,47.5,47.6,45.9,43.6,45.2,46.6,46.3,44.5,45.8,40.2,37.9,38.2,31.4,30.1,31.0,29.4,26.7,27.6,27.5,27.9,29.3,30.4,31.1,39.6,34.6,35.3,36.3,36.9,38.2,38.9,40.7
09:42:35.000,NaN,42.6,NaN,45.1,46.7,39.9,43.6,46.7,48.1,47.5,42.4,47.1,45.5,46.8,45.1,43.7,48.0,41.2,38.1,38.1,32.2,29.4,31.5,29.5,26.5,26.7,28.2,28.5,29.4,30.1,31.2,40.3,34.9,35.3,36.3,37.1,38.3,38.9,40.8
09:42:36.000,NaN,42.7,NaN,46.4,46.4,45.7,39.6,43.6,48.4,47.0,42.7,48.1,46.0,44.9,44.0,45.3,47.2,40.7,40.3,38.7,33.6,28.7,31.1,28.9,27.0,27.5,27.4,28.2,29.2,30.1,30.9,40.4,34.8,35.3,36.4,36.9,38.2,39.1,40.8
09:42:37.000,NaN,42.5,NaN,43.1,43.6,45.6,38.8,42.4,43.7,44.3,45.2,45.4,45.5,44.8,46.6,43.9,47.2,41.4,41.1,38.5,33.1,28.5,30.6,28.7,26.6,26.6,27.2,28.3,29.2,29.8,31.3,39.9,34.8,35.3,36.1,37.1,38.4,39.0,40.6
09:42:38.000,NaN,42.5,NaN,41.6,48.2,36.9,45.8,41.5,45.7,47.8,45.0,45.9,44.2,47.0,45.4,44.9,46.6,40.5,40.2,38.3,32.5,27.9,30.5,29.4,27.2,27.0,27.6,28.5,28.9,29.9,30.9,40.0,34.6,35.5,36.2,36.9,38.2,39.1,40.6
09:42:39.000,NaN,42.0,NaN,44.7,43.9,42.5,42.8,42.1,44.6,47.7,43.2,43.9,44.9,45.8,45.4,43.4,48.0,39.1,37.8,37.8,31.5,29.4,30.1,28.6,27.0,26.8,27.0,27.8,28.9,30.0,30.8,39.6,34.7,35.3,36.2,37.1,38.2,38.9,40.6
09:42:40.000,NaN,42.7,NaN,49.5,43.0,42.5,44.0,38.4,45.1,44.8,47.1,43.2,42.7,44.8,46.7,45.0,45.5,41.0,38.3,38.5,31.6,28.4,30.5,28.5,27.0,26.7,27.5,28.7,28.8,29.7,30.8,40.4,34.7,35.4,36.6,37.2,38.3,39.1,40.8
09:42:41.000,NaN,42.5,NaN,42.8,44.2,44.2,45.3,43.7,48.1,44.8,45.7,44.6,44.7,46.2,42.8,44.8,45.6,40.1,38.1,38.6,32.3,28.6,30.7,29.2,27.4,26.7,27.0,28.4,29.5,30.0,31.1,40.3,34.9,35.2,36.6,37.0,38.2,39.0,40.7
09:42:42.000,NaN,42.1,NaN,46.8,43.8,50.8,42.2,41.8,47.5,46.8,44.7,45.8,43.7,46.3,46.8,46.1,45.6,40.7,37.9,38.1,33.8,27.8,30.8,28.2,27.4,27.4,27.4,28.6,28.9,30.2,31.3,39.6,34.7,35.2,36.2,37.0,38.2,39.0,40.6
09:42:43.000,NaN,42.3,NaN,48.8,42.7,44.4,49.6,44.8,46.7,46.8,47.4,47.2,45.6,48.3,45.6,46.7,45.1,41.5,37.7,38.6,32.6,28.2,30.3,27.9,27.2,27.7,28.0,28.2,29.0,30.4,31.3,40.1,34.8,35.2,36.1,37.0,38.3,39.1,40.6
09:42:44.000,NaN,42.5,NaN,47.1,41.1,44.6,44.9,44.1,46.2,46.2,44.8,47.0,43.4,47.3,46.5,47.2,44.9,39.1,38.3,37.9,34.0,28.2,30.4,28.3,26.6,26.7,27.6,28.0,29.0,30.1,30.9,40.1,34.9,35.4,36.4,37.1,38.1,39.1,40.7
09:42:45.000,NaN,42.5,NaN,42.3,47.3,44.2,47.6,47.5,47.1,47.1,42.6,46.6,45.0,46.1,46.6,46.3,47.5,41.2,38.2,37.7,32.5,29.4,30.7,28.2,26.7,27.5,27.5,28.3,29.3,30.0,30.8,40.0,35.0,35.3,36.4,36.9,38.3,39.0,40.7
09:42:46.000,NaN,42.2,NaN,43.1,52.0,46.1,45.6,41.3,43.7,49.2,45.7,45.2,44.1,46.6,44.2,45.5,48.7,41.0,37.8,37.9,32.5,29.0,30.6,28.3,26.3,27.1,28.0,28.1,29.0,30.0,31.0,40.0,34.7,35.4,36.3,36.9,38.3,39.2,40.6
09:42:47.000,NaN,41.9,NaN,49.0,50.4,45.3,47.5,40.5,43.4,47.6,45.8,45.4,41.5,46.6,45.1,43.4,45.7,40.2,38.1,38.9,31.5,29.4,31.1,28.4,26.9,27.4,27.5,28.0,29.0,30.1,31.2,39.4,34.2,35.2,36.5,37.0,38.1,39.0,40.6
09:42:48.000,NaN,41.3,NaN,50.4,49.1,44.9,45.4,46.6,47.1,44.8,45.1,45.1,44.1,46.6,44.5,43.1,49.6,39.1,37.1,39.0,31.7,29.8,30.4,28.3,26.1,27.2,27.4,27.7,29.3,29.7,31.0,38.5,34.8,35.7,36.4,36.9,38.1,39.0,40.7
09:42:49.000,NaN,41.1,NaN,47.2,48.7,43.7,44.3,39.6,47.4,49.4,43.2,45.0,44.7,47.3,43.8,43.2,45.4,40.5,38.5,38.8,31.2,29.3,30.7,28.6,27.2,27.2,27.7,28.4,29.3,30.2,30.8,38.4,34.5,35.4,36.3,36.9,38.1,38.9,40.7
09:42:50.000,NaN,42.2,NaN,45.1,45.2,41.6,44.1,45.9,42.6,46.4,45.0,45.7,46.1,46.0,42.9,42.7,43.5,38.9,37.8,37.8,32.1,28.7,30.6,29.0,27.2,26.9,27.8,28.3,29.0,29.8,30.9,40.1,34.7,35.5,36.4,37.0,38.3,39.0,40.8
09:42:51.000,NaN,42.1,NaN,43.0,39.8,39.4,45.2,43.9,45.8,47.1,45.4,45.7,43.0,46.5,42.0,43.8,44.0,39.8,36.1,37.5,33.4,29.7,31.0,28.3,26.9,26.2,27.2,28.2,29.2,30.2,31.0,40.0,34.7,35.4,36.2,36.9,38.1,38.9,40.6
09:42:52.000,NaN,41.8,NaN,38.4,50.4,43.0,46.0,42.6,46.7,43.8,45.8,44.4,44.6,46.7,43.0,43.7,45.9,40.6,38.0,38.3,34.1,29.8,30.8,27.8,27.4,26.9,27.5,28.2,29.0,30.0,31.2,39.6,34.7,35.6,36.2,36.9,38.1,39.0,40.7
09:42:53.000,NaN,42.6,NaN,42.1,46.1,41.6,47.2,44.8,44.3,45.8,43.4,46.7,46.2,46.8,43.6,43.6,46.6,39.6,36.5,38.5,34.0,28.8,30.9,28.4,26.8,27.2,27.5,28.2,29.0,30.1,31.2,40.4,34.9,35.3,36.4,37.0,38.1,38.9,40.8
09:42:54.000,NaN,42.4,NaN,44.7,43.7,45.0,49.4,43.1,44.0,46.0,45.8,44.3,45.3,47.6,44.2,43.9,48.5,40.4,37.4,37.5,35.3,28.1,30.3,28.3,27.1,27.0,27.4,28.4,29.2,30.1,31.1,39.8,34.5,35.3,36.3,37.0,38.2,39.0,40.7
09:42:55.000,NaN,42.2,NaN,39.9,40.6,45.7,48.7,44.4,43.7,45.6,42.5,43.0,44.6,46.8,45.6,45.0,45.8,41.1,37.8,38.2,34.2,29.2,30.9,29.1,27.3,27.4,27.6,28.1,29.4,29.9,31.2,39.9,34.7,35.2,36.4,36.9,38.2,39.2,40.6
09:42:56.000,NaN,42.6,NaN,47.9,41.6,42.1,47.6,45.9,44.8,49.6,42.4,45.7,44.8,47.7,45.7,43.3,44.2,40.5,37.4,38.7,33.9,27.6,30.8,28.1,26.1,27.0,27.3,28.3,29.1,30.5,30.9,40.5,34.9,35.2,36.5,36.9,38.2,39.0,40.7
09:42:57.000,NaN,41.4,NaN,42.5,46.0,43.1,45.3,44.2,48.4,50.2,44.8,45.7,44.5,45.6,45.9,44.7,46.3,39.3,38.7,38.4,33.7,28.4,30.6,28.4,27.1,27.1,27.9,28.1,29.2,30.1,31.0,39.0,34.3,35.4,36.4,37.0,38.3,39.1,40.7
09:42:58.000,NaN,41.9,NaN,46.2,47.1,43.9,43.8,45.6,47.6,47.9,46.0,44.4,44.3,46.4,44.6,42.6,45.1,40.7,37.8,38.4,33.2,28.5,30.4,28.2,26.3,26.8,27.9,28.3,29.0,30.3,31.2,39.6,34.7,35.2,36.2,36.9,38.3,38.9,40.8
09:42:59.000,NaN,40.2,NaN,43.9,45.3,45.7,45.3,39.9,46.7,48.2,45.4,41.2,43.4,43.8,44.1,42.7,43.9,40.4,38.4,38.7,33.5,28.8,30.9,28.9,26.9,26.8,27.4,28.4,29.1,30.3,31.0,37.2,34.4,35.2,36.4,37.0,38.1,38.9,40.6
09:43:00.000,NaN,39.8,NaN,45.8,37.4,39.4,45.8,42.3,44.5,48.8,44.9,43.4,45.3,43.6,42.2,42.7,45.6,40.1,38.9,38.7,33.8,28.9,30.7,28.7,27.2,26.9,27.6,28.2,29.0,30.1,31.2,36.2,34.2,35.4,35.9,36.9,38.1,39.0,40.8
09:43:01.000,NaN,40.4,NaN,43.7,44.2,45.0,45.5,40.4,45.4,48.8,46.4,43.4,45.1,44.9,44.0,43.2,45.0,40.6,38.1,38.0,33.0,27.0,30.8,28.6,27.4,27.1,27.6,28.4,29.2,30.0,30.9,37.5,34.6,35.3,36.2,37.0,38.1,38.9,40.7
09:43:02.000,NaN,39.9,NaN,48.1,42.9,38.4,43.5,42.9,45.6,47.6,47.7,47.3,41.9,45.8,44.7,44.3,46.3,39.3,37.7,38.0,33.7,28.5,30.3,28.3,26.4,26.6,27.8,28.8,29.3,30.3,31.3,36.4,34.2,35.1,36.2,37.0,38.2,38.9,40.6
09:43:03.000,NaN,40.3,NaN,49.2,42.2,43.9,43.8,46.1,48.4,49.0,45.6,47.0,45.4,42.6,42.2,40.7,48.3,42.0,37.2,39.1,33.2,28.3,31.2,27.9,26.9,27.2,28.2,28.1,29.1,30.0,31.6,36.9,33.7,34.9,36.1,36.9,38.1,39.1,40.7
09:43:04.000,NaN,39.7,NaN,46.0,45.9,41.9,47.0,44.6,51.0,50.3,45.5,45.8,45.1,45.4,45.1,41.5,48.0,39.0,37.9,38.6,32.8,30.0,31.1,28.6,26.9,27.1,27.0,28.1,29.0,30.4,31.3,36.6,34.3,35.2,36.0,36.8,37.9,39.1,40.7
09:43:05.000,NaN,38.8,NaN,38.4,44.3,45.8,52.9,53.0,48.1,48.6,45.7,43.8,45.4,45.6,40.9,42.6,45.7,40.0,37.6,39.3,34.3,30.5,30.5,28.9,26.6,27.1,27.1,28.2,29.4,30.0,31.0,34.8,34.0,35.4,36.1,37.1,38.1,39.1,40.7
09:43:06.000,NaN,38.8,NaN,43.4,45.2,55.3,52.3,50.7,48.2,50.0,45.3,44.4,43.2,42.7,45.4,43.0,45.6,40.6,38.4,38.3,34.0,29.6,29.9,29.4,26.9,27.0,27.4,28.6,29.2,30.2,31.2,34.2,33.7,35.3,35.8,36.9,38.1,39.1,40.6
09:43:07.000,NaN,38.4,NaN,45.8,47.9,54.1,51.1,46.7,44.1,48.2,43.0,46.3,44.4,47.0,45.5,43.7,46.1,39.2,38.6,39.1,34.8,31.2,31.0,28.6,27.2,27.0,27.3,28.3,29.2,30.2,31.4,32.9,33.3,35.1,35.9,37.0,38.2,39.1,40.6
09:43:08.000,NaN,40.6,NaN,52.9,58.1,51.6,51.5,53.5,50.9,55.6,49.6,47.1,49.3,48.9,48.6,46.6,46.7,43.0,42.6,42.0,36.4,32.6,31.6,29.0,27.5,26.9,27.6,28.0,29.0,30.1,31.1,32.3,33.5,35.0,36.2,36.9,38.1,39.0,40.6
09:43:09.000,NaN,43.9,NaN,62.1,52.7,50.2,55.8,57.8,51.3,52.8,52.2,49.3,51.5,51.1,53.8,50.8,51.4,48.1,45.4,44.3,39.6,35.2,31.8,29.8,27.4,27.2,27.3,28.0,29.3,29.9,31.2,32.4,33.7,34.9,36.1,36.9,38.1,38.9,40.7
09:43:10.000,NaN,46.4,NaN,56.5,59.1,60.3,57.6,62.2,56.8,65.3,60.5,55.3,59.1,57.5,58.2,54.4,53.4,51.2,48.3,46.8,41.7,37.9,34.5,30.4,28.4,27.4,27.4,28.6,29.2,30.2,30.9,32.0,33.7,35.0,36.1,36.8,37.9,39.0,40.7
09:43:11.000,NaN,49.0,NaN,58.4,59.5,62.1,69.2,71.6,62.6,64.0,63.0,63.3,63.5,59.1,59.2,58.3,54.6,52.9,50.5,49.2,43.5,39.8,36.8,32.9,28.7,27.9,27.9,28.4,29.3,30.6,31.4,32.4,33.5,34.6,36.0,37.1,38.1,38.9,40.7
09:43:12.000,NaN,50.4,NaN,62.7,51.1,69.5,67.5,71.9,69.5,74.2,66.4,66.8,66.5,62.6,62.4,60.2,57.0,55.2,51.8,49.5,44.7,42.2,38.6,32.4,29.0,28.5,28.3,28.6,29.4,30.6,31.0,32.4,33.4,34.8,36.1,37.1,38.1,39.0,40.8
09:43:13.000,NaN,50.6,NaN,66.3,64.9,71.5,74.5,78.8,70.1,70.4,68.9,65.3,67.4,66.6,62.1,60.1,58.9,55.3,51.9,51.0,46.1,42.5,38.9,33.8,30.0,28.6,27.8,28.6,29.1,30.2,31.3,33.5,33.5,34.7,36.1,36.7,38.0,39.0,40.7
09:43:14.000,NaN,51.1,NaN,66.4,67.4,80.7,78.1,80.0,74.0,73.0,69.6,69.6,68.1,64.4,62.3,60.3,57.9,55.9,53.0,50.2,47.7,43.4,37.8,33.8,30.3,29.0,28.2,28.5,29.5,30.3,31.2,35.0,33.4,34.6,36.1,37.0,37.8,39.0,40.6
09:43:15.000,NaN,51.7,NaN,72.0,71.7,76.8,77.1,77.6,71.9,75.2,69.3,69.7,69.1,65.6,62.6,59.3,58.7,55.9,53.3,52.2,47.2,44.7,39.9,35.5,30.5,29.1,28.5,28.7,29.1,30.2,31.4,34.7,33.5,34.8,36.2,36.9,38.1,39.0,40.6
09:43:16.000,NaN,53.3,NaN,70.3,76.8,73.9,72.8,77.7,73.3,71.4,72.0,67.7,69.6,63.3,62.4,62.0,59.5,56.5,55.0,52.8,49.0,46.0,42.2,37.6,32.5,30.5,28.6,29.0,29.4,30.6,31.3,33.8,33.7,34.7,36.1,37.0,38.1,39.0,40.7
09:43:17.000,NaN,55.2,NaN,76.0,78.7,80.4,79.6,74.3,75.1,71.2,69.3,68.0,67.6,66.2,65.7,61.9,60.8,57.8,56.5,54.9,53.1,49.8,45.8,41.7,37.6,34.0,31.0,30.2,30.3,30.1,31.6,33.4,33.9,34.8,36.3,36.9,38.0,39.1,40.8
09:43:18.000,NaN,55.1,NaN,78.2,79.4,76.6,70.7,76.4,78.3,70.0,69.2,66.8,69.7,70.0,65.8,63.1,62.9,59.6,55.1,56.0,53.0,49.2,45.2,41.3,36.7,33.8,31.3,30.6,29.8,30.7,31.3,34.4,33.9,34.9,36.2,36.9,38.1,39.0,40.6
09:43:19.000,NaN,54.2,NaN,79.0,76.0,72.4,69.6,73.5,78.3,73.6,71.0,72.2,70.4,68.7,65.7,63.3,61.5,57.2,55.2,54.4,50.8,48.4,42.9,39.3,34.3,31.1,29.8,29.4,29.5,30.3,31.1,34.0,33.7,34.8,36.2,37.0,38.1,39.0,40.6
09:43:20.000,NaN,56.8,NaN,74.1,69.3,73.9,72.7,77.9,74.4,74.0,72.6,71.3,68.4,67.8,65.4,65.0,63.7,59.4,58.6,56.4,53.8,50.8,46.3,42.1,38.4,34.1,31.3,30.0,30.0,30.9,31.5,34.2,34.0,34.7,36.0,36.9,37.9,39.0,40.6
09:43:21.000,NaN,58.9,NaN,73.1,65.2,70.8,74.6,78.5,73.3,74.6,77.3,76.4,66.2,70.6,66.4,66.5,62.4,58.8,60.0,56.9,55.0,53.7,49.6,46.3,42.1,37.6,33.1,31.8,30.9,30.9,31.6,34.1,33.7,34.8,35.8,36.8,37.9,39.0,40.8
09:43:22.000,NaN,60.7,NaN,67.6,66.4,76.6,72.6,81.4,76.3,77.5,77.7,77.0,73.6,73.5,71.4,69.6,65.5,62.9,61.7,59.4,57.6,55.7,51.7,47.8,43.0,38.8,36.2,33.1,32.1,32.1,31.6,34.3,33.9,34.6,35.9,37.0,38.0,38.9,40.9
09:43:23.000,NaN,61.3,NaN,70.0,65.0,72.9,78.5,82.3,83.6,83.2,82.7,82.5,76.3,74.1,69.7,65.9,66.3,65.5,61.8,60.5,59.9,56.7,52.5,48.4,43.4,39.6,35.1,33.0,32.2,31.6,31.8,34.9,33.9,34.5,35.9,36.9,38.0,39.1,40.6
09:43:24.000,NaN,62.3,NaN,69.7,69.4,75.1,86.1,84.7,82.1,88.3,86.1,84.5,76.3,71.7,67.3,67.2,68.3,63.9,64.8,62.0,58.9,56.2,53.3,49.4,45.3,40.7,37.0,35.0,33.6,32.7,32.3,34.5,33.9,34.4,35.7,37.0,38.0,39.0,40.7
09:43:25.000,NaN,63.4,NaN,68.0,74.8,83.7,86.6,85.4,83.8,92.1,86.0,79.8,78.0,75.4,71.8,68.1,69.1,65.6,64.6,63.9,60.3,58.4,56.0,50.6,47.2,42.6,39.2,37.1,34.9,33.7,32.7,34.6,33.7,34.7,36.0,37.1,38.1,39.0,40.7
09:43:26.000,NaN,66.1,NaN,69.3,77.1,80.8,79.5,85.4,90.1,90.3,86.1,79.5,78.9,76.6,73.9,69.3,69.2,69.3,66.1,66.3,62.3,61.4,58.0,55.2,51.0,46.7,43.5,40.3,38.8,36.5,34.1,34.1,33.8,34.7,36.0,36.9,38.0,39.0,40.6
09:43:27.000,NaN,69.0,NaN,72.9,82.9,86.8,83.8,87.5,83.8,85.9,82.5,80.3,81.4,79.2,76.4,75.4,72.5,69.7,70.7,68.7,62.5,63.0,61.5,57.5,53.8,49.7,45.4,43.3,42.0,40.2,36.7,35.5,34.5,34.9,35.8,37.1,38.0,39.1,40.7
09:43:28.000,NaN,73.2,NaN,74.6,81.0,83.0,90.4,88.4,90.4,93.9,92.8,86.5,84.0,78.3,78.0,76.8,77.7,75.9,73.8,72.3,68.1,69.4,66.9,62.0,56.4,53.0,50.7,47.2,45.2,42.9,39.6,38.3,35.6,35.3,35.8,36.9,38.0,38.9,40.8
09:43:29.000,NaN,75.6,NaN,79.8,85.4,89.1,90.6,96.9,98.2,95.4,98.0,95.4,91.8,85.8,79.3,78.1,78.5,76.2,75.5,74.4,71.5,70.0,67.2,64.1,60.2,54.9,51.2,48.3,49.0,44.6,42.7,40.1,37.6,36.2,36.0,37.0,38.1,39.2,40.9
09:43:30.000,NaN,81.2,NaN,83.6,84.2,94.6,90.0,94.5,103.2,100.3,99.7,98.8,95.4,89.7,85.9,78.4,79.1,82.3,79.5,77.6,77.3,78.5,76.8,73.8,68.4,61.4,57.0,55.3,53.8,51.0,47.4,44.6,41.6,38.3,37.3,37.3,38.0,38.9,40.8
09:43:31.000,NaN,84.3,NaN,83.7,88.0,86.0,90.9,94.8,102.9,102.0,104.0,98.9,96.3,95.1,89.8,89.1,83.5,80.3,83.7,84.3,82.6,77.9,77.4,75.4,71.4,66.8,62.5,60.3,58.0,56.1,53.1,49.6,46.7,43.0,39.5,38.2,38.3,39.3,40.9
09:43:32.000,NaN,90.0,NaN,81.8,84.3,91.1,95.0,99.7,102.3,106.3,106.4,99.7,97.3,97.1,94.9,93.1,92.1,88.4,88.3,88.6,86.9,84.0,83.8,81.2,77.0,75.4,72.7,69.7,67.6,65.1,61.2,61.6,60.0,55.3,51.1,47.6,42.8,40.3,41.1
09:43:33.000,NaN,93.1,NaN,88.4,85.1,93.4,93.8,104.9,107.4,105.8,100.4,98.5,99.3,98.7,98.4,97.2,96.6,94.9,93.5,89.7,89.3,88.0,87.1,86.0,83.5,77.6,73.9,72.6,72.8,71.5,69.3,66.9,63.2,58.9,55.1,49.9,44.0,40.5,41.1
09:43:34.000,NaN,94.1,NaN,88.6,89.6,92.4,93.5,104.9,103.5,103.8,101.1,100.9,101.0,102.1,99.0,97.9,97.9,96.9,95.2,92.4,91.8,90.7,89.2,86.6,82.2,77.6,72.3,71.4,70.3,65.5,65.0,62.1,57.3,54.4,49.2,47.2,41.8,39.8,40.9
09:43:35.000,NaN,96.5,NaN,83.7,92.2,93.7,99.7,103.2,105.7,100.9,98.9,98.8,103.8,101.1,101.6,100.5,99.9,98.2,95.8,94.3,93.4,92.5,91.6,89.6,85.1,81.1,77.5,77.8,74.7,72.0,68.1,62.0,63.9,61.6,52.2,49.2,44.3,41.3,41.4
09:43:36.000,NaN,93.8,NaN,84.0,96.5,96.5,100.4,103.7,106.5,101.4,101.7,102.6,103.9,102.2,101.6,102.2,98.7,97.5,93.8,93.9,92.5,90.9,86.8,81.8,77.4,75.2,72.2,69.8,69.0,68.6,65.7,63.1,57.2,51.1,46.8,42.5,39.4,39.4,40.9
09:43:37.000,NaN,93.9,NaN,91.4,97.6,101.0,103.3,104.6,102.0,103.8,102.8,101.2,105.6,100.9,101.9,97.3,98.2,95.8,92.0,93.7,93.1,89.5,85.9,83.9,82.1,77.4,72.3,73.1,72.3,72.2,67.3,63.7,62.2,63.9,58.0,56.1,52.4,48.5,43.2
09:43:38.000,NaN,94.1,NaN,94.7,96.9,95.6,104.8,104.8,103.4,101.6,100.1,103.3,104.5,104.4,100.6,99.7,97.1,94.0,95.5,95.9,94.4,88.2,86.0,83.7,80.1,73.9,70.6,65.2,64.2,62.5,58.4,56.8,50.9,44.2,39.7,37.6,38.2,39.3,41.1
09:43:39.000,NaN,93.5,NaN,91.2,93.5,98.9,100.3,101.5,100.3,101.3,101.4,104.5,104.0,102.3,98.8,96.9,94.3,92.9,94.8,94.9,91.4,88.3,84.9,83.3,76.7,75.5,75.0,74.0,75.1,73.2,70.5,66.6,63.7,61.1,53.1,48.6,43.1,40.9,41.1
09:43:40.000,NaN,90.3,NaN,89.3,95.8,100.6,105.3,103.5,103.2,96.5,102.1,106.4,104.1,100.9,97.8,95.1,93.5,93.5,93.2,93.9,90.0,87.4,83.2,79.4,73.9,71.9,69.0,67.4,63.7,61.6,56.2,49.5,45.4,42.9,39.1,37.9,38.3,39.2,40.8
09:43:41.000,NaN,95.0,NaN,92.1,96.7,101.0,102.6,102.7,100.3,104.1,102.4,104.5,100.5,100.2,97.9,95.0,96.2,96.0,96.5,94.5,90.4,88.8,86.7,84.1,81.4,81.6,80.5,80.1,78.8,76.9,74.9,71.7,66.1,65.4,58.0,54.2,46.6,42.6,41.1
09:43:42.000,NaN,92.9,NaN,89.9,97.7,101.7,102.5,100.7,99.9,102.5,103.1,103.9,102.5,101.3,96.8,98.2,96.2,96.8,95.2,93.3,91.8,89.0,86.6,81.3,78.5,77.4,74.6,74.0,75.1,73.1,69.4,65.7,61.0,61.9,57.6,55.6,49.3,41.5,41.2
09:43:43.000,NaN,90.9,NaN,89.0,96.0,101.7,99.8,102.6,104.4,103.2,104.6,104.3,100.0,100.5,95.8,96.7,95.2,95.6,93.9,91.8,89.3,85.9,82.0,77.1,77.5,76.1,72.7,70.9,68.2,65.7,61.0,55.3,54.6,51.8,46.0,45.4,40.0,39.3,41.0
09:43:44.000,NaN,90.6,NaN,92.8,96.7,99.9,101.6,103.6,102.2,101.5,103.6,102.9,103.0,97.3,95.0,95.6,95.4,95.3,92.1,90.3,87.0,86.7,82.0,77.4,78.2,78.1,74.4,69.8,64.9,60.0,55.9,51.4,49.8,46.1,39.6,38.5,38.1,39.3,40.8
09:43:45.000,NaN,91.5,NaN,93.3,99.3,101.1,101.9,100.8,101.8,103.2,102.6,100.6,99.7,97.7,96.7,96.1,95.0,95.6,92.6,91.5,88.5,86.1,80.1,77.6,78.6,78.3,76.6,72.9,70.2,69.3,64.4,59.6,56.4,54.3,48.3,44.9,39.1,39.2,41.0
09:43:46.000,NaN,91.2,NaN,95.1,99.1,103.1,104.3,101.5,101.8,104.1,104.5,102.4,101.0,97.7,95.6,97.2,96.6,96.1,92.6,90.8,88.1,85.4,80.0,78.4,79.2,77.9,75.1,70.4,69.6,65.7,61.5,57.6,55.4,55.6,49.6,43.6,38.9,39.4,41.1
09:43:47.000,NaN,89.9,NaN,93.0,99.3,100.2,99.7,101.0,103.5,103.9,105.0,103.6,101.1,96.8,97.4,96.6,97.8,95.7,93.3,90.1,88.7,84.8,80.4,77.8,77.2,74.4,68.4,62.3,59.0,58.6,54.1,48.8,42.9,40.3,37.2,37.1,38.1,39.1,41.0
09:43:48.000,NaN,89.4,NaN,93.0,97.3,100.5,97.9,101.4,101.2,105.2,102.9,102.7,98.4,96.2,97.4,96.3,97.0,93.4,91.1,88.3,87.3,81.5,77.9,76.4,76.2,73.6,69.2,67.1,64.6,61.1,56.6,50.3,45.0,43.2,37.8,37.1,38.2,39.2,41.0
09:43:49.000,NaN,88.7,NaN,91.2,97.3,102.7,101.0,103.9,100.7,106.1,101.5,100.9,97.1,97.1,97.7,96.8,96.5,93.7,91.7,88.4,86.7,81.4,78.8,77.4,75.4,72.0,67.8,65.2,60.8,56.3,50.8,47.8,39.7,37.6,36.1,37.2,38.3,39.1,40.9
09:43:50.000,NaN,87.8,NaN,93.4,95.9,99.5,102.4,101.3,102.3,104.8,101.1,99.6,98.3,97.7,96.9,96.6,95.2,92.5,89.8,88.7,85.0,79.6,77.9,76.0,74.4,70.6,66.7,65.3,62.3,57.1,50.1,51.9,47.7,45.5,40.8,37.6,38.1,39.1,40.9
09:43:51.000,NaN,87.7,NaN,96.7,98.5,102.6,102.0,96.1,102.3,102.5,101.8,99.4,96.5,97.4,95.1,95.0,93.0,92.7,89.1,87.8,82.9,80.3,78.0,76.7,74.9,70.0,65.1,61.8,56.1,52.9,47.3,45.4,40.1,35.8,36.0,37.0,38.3,39.2,40.9
09:43:52.000,NaN,85.6,NaN,100.8,98.1,98.9,100.5,102.9,104.1,102.2,100.8,98.6,97.7,97.8,95.4,96.7,93.0,93.1,86.6,86.1,82.0,78.5,75.7,73.0,71.5,66.0,61.2,55.2,49.2,42.6,38.4,39.4,34.7,34.9,36.0,36.9,38.1,39.2,40.9
09:43:53.000,NaN,87.4,NaN,97.6,95.2,98.0,102.0,102.4,102.2,100.6,96.7,96.7,95.7,95.9,94.5,94.2,93.6,91.4,88.2,86.4,82.9,79.9,78.2,76.1,72.4,66.2,63.2,62.1,56.2,51.3,46.3,42.3,41.2,36.3,36.0,37.1,38.2,39.2,41.0
09:43:54.000,NaN,83.7,NaN,102.0,99.0,98.7,98.6,102.7,102.2,97.9,97.7,98.2,96.4,99.0,97.3,94.0,92.6,89.1,87.3,84.2,81.9,78.5,76.1,73.8,69.9,67.0,64.5,58.1,50.7,51.4,46.0,42.6,34.9,34.5,35.9,37.0,38.3,39.2,40.9
09:43:55.000,NaN,85.1,NaN,96.6,101.4,97.3,98.9,97.2,102.4,96.5,98.0,96.4,93.6,95.4,94.4,92.5,92.1,87.1,86.4,83.3,79.9,78.7,77.1,74.6,71.4,65.7,62.3,57.4,52.4,48.6,41.9,40.8,35.2,34.9,35.8,37.0,38.2,39.2,40.8
09:43:56.000,NaN,85.0,NaN,91.6,100.3,101.2,98.6,98.9,100.7,96.5,96.9,96.2,97.1,97.3,93.9,94.3,93.1,89.2,88.2,84.9,81.2,78.7,76.4,73.9,69.0,62.7,59.0,53.2,47.9,46.7,40.1,40.1,35.3,34.5,35.9,37.0,38.0,39.1,40.9
09:43:57.000,NaN,85.0,NaN,92.3,101.2,98.7,101.3,99.6,100.9,95.9,96.0,97.2,96.1,92.7,96.8,94.0,90.7,87.5,86.8,83.8,81.0,79.2,77.4,73.6,69.3,64.2,63.2,56.2,49.3,55.1,48.7,48.4,44.3,39.9,36.2,37.0,38.1,39.2,40.8
09:43:58.000,NaN,85.1,NaN,99.9,104.2,95.9,100.6,96.9,99.3,95.9,97.3,99.2,95.8,96.9,94.8,95.3,91.2,87.8,85.1,83.1,80.1,78.4,77.6,73.9,70.6,68.5,63.8,60.0,56.4,54.3,49.6,46.1,45.3,38.6,36.2,37.0,38.0,39.2,40.8
09:43:59.000,NaN,81.0,NaN,92.9,96.8,93.6,100.3,97.4,100.7,96.1,98.6,96.8,96.3,96.4,94.7,93.3,90.2,88.2,84.5,82.3,78.2,74.8,72.1,69.1,64.0,59.1,53.6,49.3,43.6,41.0,34.9,40.5,34.5,34.7,35.7,37.0,38.1,39.1,40.8
09:44:00.000,NaN,81.6,NaN,97.2,97.6,93.1,99.2,97.2,98.7,96.9,99.4,95.8,92.6,92.5,90.2,91.3,87.0,84.8,82.5,81.3,78.9,75.5,73.2,68.8,65.0,60.7,54.5,48.7,42.9,42.0,36.9,40.1,34.7,34.7,35.7,36.8,38.1,39.0,41.0
09:44:01.000,NaN,81.3,NaN,95.9,94.2,95.2,93.4,98.2,97.8,90.8,95.4,95.6,93.0,93.8,91.9,90.9,88.3,87.2,82.4,80.4,77.8,75.6,73.0,69.1,62.3,60.2,54.1,46.4,42.7,40.4,34.1,39.5,34.4,34.9,35.8,36.8,38.0,38.9,40.8
09:44:02.000,NaN,81.8,NaN,97.4,99.1,97.7,98.0,103.3,95.9,96.1,96.9,95.9,95.7,91.5,93.3,90.6,86.2,86.4,83.0,80.4,76.8,73.6,72.1,66.6,63.8,60.9,56.5,50.4,44.2,43.3,37.7,38.6,34.1,34.6,36.0,36.9,38.1,39.1,40.8
09:44:03.000,NaN,83.0,NaN,92.3,95.1,94.6,100.6,100.0,94.8,93.9,96.0,95.5,94.6,93.4,92.2,93.1,90.8,87.7,85.5,83.0,80.4,77.6,74.0,70.2,65.5,59.8,56.7,55.6,49.4,46.4,43.8,38.6,35.3,34.6,36.1,37.0,38.1,39.0,40.7
09:44:04.000,NaN,82.8,NaN,91.0,92.8,96.7,99.1,94.5,97.4,97.4,95.5,95.7,96.4,93.4,92.8,90.4,89.0,88.2,86.0,83.0,79.3,77.3,73.7,69.3,65.0,59.9,54.5,48.2,41.2,39.5,35.8,36.3,34.2,34.5,35.9,37.0,38.0,38.9,40.8
09:44:05.000,NaN,77.9,NaN,96.2,94.5,98.2,98.0,101.0,95.1,94.0,95.0,93.6,94.1,92.0,90.1,87.6,86.8,83.9,79.3,78.1,74.0,71.1,68.5,61.5,56.7,52.3,47.1,40.7,34.7,33.3,31.9,35.1,34.0,34.6,35.7,36.9,38.1,39.1,40.8
09:44:06.000,NaN,80.2,NaN,93.0,99.6,93.6,96.8,97.2,97.5,94.6,95.2,92.5,94.6,90.7,90.6,88.0,86.8,84.2,81.9,79.6,76.5,73.1,70.1,64.7,61.8,54.9,50.5,43.4,35.8,35.2,32.2,35.0,34.0,34.8,36.0,36.8,38.1,39.1,41.0
09:44:07.000,NaN,79.4,NaN,91.1,96.0,95.8,93.9,94.8,93.3,91.4,94.5,95.0,94.2,94.8,92.5,88.4,88.0,83.7,80.7,79.3,76.3,73.8,69.2,64.3,60.4,55.0,52.3,46.4,38.4,36.5,33.5,35.8,34.2,34.7,35.7,36.8,37.9,39.0,40.8
09:44:08.000,NaN,78.5,NaN,91.9,95.5,96.6,96.1,96.8,96.3,93.0,96.0,95.9,94.0,90.6,88.7,86.2,86.9,81.3,80.2,78.2,76.2,73.2,67.5,63.5,59.3,54.6,51.0,45.3,40.8,40.9,35.0,37.8,34.0,34.6,35.9,37.0,38.1,39.2,40.9
09:44:09.000,NaN,76.5,NaN,92.9,95.1,94.4,94.8,95.5,90.4,97.4,96.9,90.6,92.7,91.3,88.6,87.4,85.5,82.1,77.6,76.8,74.4,69.4,64.4,58.8,53.3,47.6,42.4,37.1,33.8,31.5,31.5,38.1,34.1,34.5,36.0,36.9,38.1,39.0,40.8
09:44:10.000,NaN,79.4,NaN,93.1,95.0,97.3,96.3,95.5,91.3,95.0,93.9,93.5,90.8,87.8,89.0,87.3,86.4,81.6,81.2,79.0,76.7,73.3,69.8,65.1,60.5,57.2,52.7,47.6,40.4,40.3,37.2,39.2,34.1,34.5,35.8,37.0,37.8,39.1,40.9
09:44:11.000,NaN,78.3,NaN,90.7,98.4,93.8,93.3,93.5,93.2,93.2,92.9,91.3,91.7,89.7,89.0,88.2,85.6,84.7,79.6,78.5,74.2,70.7,67.3,62.3,57.2,52.0,47.3,41.7,36.2,34.5,32.2,35.9,33.6,34.5,35.9,36.9,38.0,39.1,40.7
09:44:12.000,NaN,79.4,NaN,87.1,96.3,96.3,98.4,96.8,93.6,93.4,96.5,92.7,92.3,91.6,90.1,87.3,85.6,82.7,80.1,79.5,77.0,74.7,71.3,66.3,62.9,59.2,55.9,49.2,44.1,41.6,35.9,39.1,34.3,34.5,36.0,36.8,38.1,39.1,40.8
09:44:13.000,NaN,75.6,NaN,95.4,89.5,91.1,95.6,91.7,92.6,93.2,93.3,92.4,92.8,92.3,91.2,85.5,84.2,80.3,78.7,75.4,73.5,67.5,63.5,59.5,54.4,50.6,46.3,39.0,33.9,32.4,31.4,39.1,34.7,34.7,35.9,37.0,38.0,39.0,40.7
09:44:14.000,NaN,76.3,NaN,93.0,90.8,93.4,93.0,94.0,92.1,93.8,91.5,92.2,90.6,89.8,87.4,85.4,83.2,81.3,79.3,76.3,71.8,68.9,63.6,58.6,53.0,49.5,45.9,39.1,32.6,31.4,31.6,39.1,34.2,34.5,35.8,36.9,38.0,39.0,40.7
09:44:15.000,NaN,74.7,NaN,93.2,96.7,90.3,91.4,93.2,96.4,91.4,91.1,91.5,87.4,84.9,85.3,86.2,82.1,79.8,76.9,75.4,71.2,66.2,61.7,57.4,53.2,48.6,43.5,36.8,31.8,31.0,31.5,39.8,35.1,34.6,35.9,36.9,38.0,39.0,40.7
09:44:16.000,NaN,75.6,NaN,93.0,89.7,95.1,94.2,96.3,92.9,90.9,92.1,90.1,89.0,87.3,86.9,83.4,83.1,80.8,76.1,73.9,71.3,68.0,63.5,59.2,54.4,50.3,43.9,36.1,32.3,31.4,31.8,39.7,34.6,34.6,36.0,37.1,38.2,39.1,40.7
09:44:17.000,NaN,77.8,NaN,93.9,94.1,93.0,92.0,87.7,93.6,92.8,91.2,93.8,90.1,88.9,86.5,86.2,84.9,83.5,79.6,78.2,74.0,69.9,66.6,61.7,55.9,51.7,45.4,40.3,35.6,32.3,31.8,39.0,34.2,34.7,35.9,37.0,38.2,39.1,40.6
09:44:18.000,NaN,76.2,NaN,75.6,94.9,94.1,90.5,91.5,91.2,89.8,91.1,91.6,89.5,90.3,86.4,87.1,83.8,81.2,77.8,76.5,74.0,68.8,63.4,58.2,52.1,46.0,41.9,34.9,30.3,30.6,31.6,39.7,34.8,34.8,35.9,36.8,38.0,39.0,40.7
09:44:19.000,NaN,73.1,NaN,89.3,95.3,91.3,90.3,94.4,89.9,89.2,90.0,89.6,89.3,87.6,85.9,86.5,82.1,78.6,75.8,71.7,69.0,62.4,56.4,51.4,47.6,42.9,37.5,29.9,29.4,30.5,31.3,40.7,35.2,34.6,35.8,36.9,38.0,38.9,40.7
09:44:20.000,NaN,73.2,NaN,91.5,96.0,92.6,93.2,89.0,93.0,90.5,85.8,91.9,90.7,87.3,84.2,83.5,82.1,77.5,73.7,69.5,66.3,61.1,58.6,52.2,46.3,42.2,38.9,32.1,29.9,30.8,31.4,40.3,35.4,34.6,35.7,37.1,37.9,39.0,40.9
09:44:21.000,NaN,75.1,NaN,91.7,93.2,93.0,89.8,96.2,93.7,90.1,92.3,89.8,88.5,89.0,86.2,85.4,83.5,80.9,76.7,74.1,69.6,62.2,58.0,52.7,46.1,40.0,36.0,30.6,29.7,30.2,31.3,41.2,35.8,34.7,35.9,36.8,38.2,39.0,40.7
09:44:22.000,NaN,72.6,NaN,90.4,93.1,94.1,93.8,90.8,92.2,89.2,91.9,91.0,89.0,87.2,85.3,84.6,83.0,78.0,75.4,71.9,68.3,63.3,57.3,52.6,47.6,39.8,33.8,30.3,29.3,30.4,31.4,40.4,35.1,34.8,35.8,36.9,38.2,38.9,40.8
09:44:23.000,NaN,69.3,NaN,89.1,91.7,93.9,87.3,89.6,92.0,91.0,89.0,88.9,87.8,86.0,83.4,81.1,77.6,74.4,70.5,68.4,64.8,57.9,54.0,46.6,38.5,33.5,28.8,28.9,29.8,30.2,31.4,40.9,35.5,34.7,35.7,37.0,38.2,39.1,40.8
09:44:24.000,NaN,69.8,NaN,82.2,89.4,89.3,89.2,89.2,91.2,88.1,88.8,88.4,86.3,82.7,81.1,78.1,77.7,74.7,70.3,68.4,65.3,60.9,57.7,52.1,44.5,34.5,29.4,29.1,29.6,30.1,31.0,40.9,35.6,34.6,35.8,36.9,38.1,39.0,40.8
09:44:25.000,NaN,71.4,NaN,90.1,91.1,87.2,90.6,90.1,88.8,88.9,84.0,88.6,85.4,83.1,82.4,79.2,78.3,75.2,72.5,71.1,67.0,62.0,57.2,52.1,48.5,46.9,42.5,35.8,31.6,30.7,31.3,40.3,34.9,34.8,35.7,37.0,38.1,39.0,40.8
09:44:26.000,NaN,69.0,NaN,90.7,92.6,84.1,85.6,89.7,92.1,85.9,84.5,85.3,85.4,84.8,82.1,80.8,79.1,74.8,71.7,69.7,65.5,59.2,55.4,50.1,44.6,39.5,33.4,29.9,29.5,30.8,31.3,39.6,34.3,34.8,36.0,36.8,38.1,39.1,40.7
09:44:27.000,NaN,70.2,NaN,93.2,91.0,89.6,86.8,87.3,87.5,85.9,89.3,84.6,84.0,83.9,84.1,78.7,77.4,75.1,72.7,70.5,66.0,60.0,54.8,48.1,41.9,36.1,31.6,28.7,29.6,30.5,31.3,39.4,34.4,34.7,36.0,37.0,38.0,39.1,40.8
09:44:28.000,NaN,68.4,NaN,89.3,90.4,85.5,87.9,89.9,86.1,89.2,86.9,87.1,84.1,82.2,82.3,78.2,77.6,73.5,69.0,67.9,63.7,58.6,53.7,48.2,42.1,36.1,30.8,28.9,29.8,30.6,31.2,38.7,34.0,34.5,35.8,36.9,38.1,39.0,40.8
09:44:29.000,NaN,65.8,NaN,81.0,88.6,87.3,88.6,86.8,86.3,86.3,86.8,85.0,83.8,80.6,79.0,76.8,73.9,71.3,67.2,64.2,60.0,54.2,48.8,40.9,35.4,29.4,28.0,28.4,29.5,30.7,31.4,39.1,33.9,34.7,35.8,37.0,38.1,39.0,40.7
09:44:30.000,NaN,67.4,NaN,80.1,85.9,82.0,88.0,88.2,87.1,82.7,86.4,81.8,82.7,80.8,79.8,78.8,75.0,72.6,70.1,65.3,61.4,57.7,51.8,41.7,36.3,30.2,28.0,28.5,29.4,30.4,31.4,39.5,34.1,34.7,35.7,37.1,38.1,39.2,40.7
09:44:31.000,NaN,68.2,NaN,86.7,86.6,85.2,87.1,90.2,90.1,85.0,84.5,83.6,81.9,81.7,79.4,79.0,75.7,72.9,70.1,65.0,61.4,55.1,49.9,42.6,37.3,30.8,28.4,28.6,29.4,30.5,31.6,39.0,34.1,34.7,35.8,37.0,38.1,39.1,40.7
09:44:32.000,NaN,67.8,NaN,90.8,81.8,88.5,88.4,85.3,89.3,84.9,87.8,83.4,82.1,82.9,80.8,78.4,78.1,74.7,70.2,65.9,61.1,54.5,47.4,40.4,32.7,30.2,28.8,28.2,29.7,30.6,31.4,38.6,34.0,34.6,36.0,36.9,38.0,39.0,40.6
09:44:33.000,NaN,65.5,NaN,85.1,85.7,86.3,87.6,89.2,87.6,84.1,87.0,82.0,82.7,82.2,78.1,78.8,73.6,71.1,66.8,63.8,57.8,50.9,43.1,37.5,30.9,27.7,27.9,28.4,29.8,30.5,31.4,38.9,34.1,34.7,35.9,37.0,38.1,39.1,40.7
09:44:34.000,NaN,65.4,NaN,80.9,88.7,92.6,84.4,84.4,84.5,83.3,86.5,83.8,82.5,77.8,79.2,75.6,73.6,70.8,66.9,63.1,60.0,53.8,52.0,44.6,37.7,32.4,29.3,28.4,29.2,30.7,31.5,39.1,33.8,34.5,35.8,36.9,38.1,39.0,40.7
09:44:35.000,NaN,64.3,NaN,87.5,90.1,87.3,77.9,82.4,85.1,85.7,83.5,85.0,81.5,79.3,78.6,73.4,73.3,69.7,66.5,62.5,59.0,52.1,48.9,39.9,34.5,29.9,28.1,28.4,29.4,30.6,31.5,39.1,33.9,34.4,35.7,36.8,38.0,39.0,40.7
09:44:36.000,NaN,63.2,NaN,88.8,89.5,87.4,83.2,87.0,88.2,84.9,85.7,83.9,82.1,77.7,76.5,74.0,72.0,65.8,63.2,60.9,56.0,49.0,43.1,35.3,29.3,27.4,27.7,28.6,29.4,30.4,31.5,39.5,33.8,34.5,36.0,37.0,38.1,39.0,40.5
09:44:37.000,NaN,62.3,NaN,89.1,89.9,87.9,86.2,86.9,81.8,84.2,84.9,81.2,82.0,79.8,77.2,75.4,70.0,67.8,61.5,56.4,52.7,47.9,40.5,32.0,27.6,26.8,28.0,28.2,29.7,30.5,31.2,39.5,34.0,34.5,35.8,37.0,38.1,39.0,40.8
09:44:38.000,NaN,62.7,NaN,83.7,89.1,82.1,86.4,84.2,82.6,82.6,82.2,80.9,79.8,79.2,77.4,75.2,71.2,68.1,62.7,59.1,51.3,44.8,37.8,32.5,27.9,27.1,27.5,29.0,29.3,30.1,31.5,39.2,34.1,34.8,35.8,37.0,38.0,38.9,40.7
09:44:39.000,NaN,62.0,NaN,82.8,85.0,86.2,83.0,79.3,81.8,80.4,80.7,83.1,78.2,77.7,78.1,72.8,70.3,65.9,64.2,60.2,55.0,48.5,39.7,32.0,27.2,26.6,27.7,28.1,29.1,30.2,31.1,40.0,34.8,34.7,35.7,37.0,38.0,38.9,40.7
09:44:40.000,NaN,63.3,NaN,84.5,87.2,86.2,84.0,86.1,83.7,82.7,80.8,80.3,75.3,78.3,75.4,73.4,71.7,68.4,63.2,60.1,54.2,45.9,40.5,32.5,27.4,26.9,27.5,28.5,29.6,30.4,31.3,40.7,35.2,34.7,35.8,36.9,38.1,39.0,40.7
09:44:41.000,NaN,61.2,NaN,86.3,83.5,80.4,87.6,85.3,80.0,81.8,81.6,82.1,77.4,78.7,76.6,73.6,71.0,68.7,61.4,55.7,49.3,45.1,40.5,32.8,28.3,27.2,27.0,28.7,29.1,30.2,31.4,40.4,35.2,34.9,35.9,37.0,38.1,39.2,40.7
09:44:42.000,NaN,60.5,NaN,88.1,82.7,79.2,87.9,85.2,79.0,81.7,80.1,75.8,78.0,76.1,76.0,72.0,68.8,67.4,62.0,58.6,54.5,47.1,39.4,31.2,27.7,27.2,27.6,28.1,29.4,30.2,31.2,40.6,35.0,34.6,35.8,36.9,38.1,39.0,40.7
09:44:43.000,NaN,59.8,NaN,85.3,83.2,84.5,86.5,80.5,82.2,80.0,79.3,78.1,76.4,75.8,73.0,70.5,68.4,66.3,62.2,58.0,53.2,46.8,41.0,33.3,28.8,27.7,27.6,28.4,29.4,30.5,31.6,41.1,35.6,34.6,35.8,37.1,38.0,39.1,40.6
09:44:44.000,NaN,59.9,NaN,87.7,77.4,81.6,83.3,83.8,82.3,82.4,77.4,76.8,75.3,72.9,72.3,70.3,67.7,64.7,60.7,56.7,51.7,46.7,38.0,30.2,27.0,27.5,27.6,28.6,29.4,30.1,31.1,39.8,35.0,34.8,35.8,37.0,38.0,39.0,40.9
09:44:45.000,NaN,58.2,NaN,87.2,87.6,86.1,83.7,82.4,78.7,81.4,78.8,77.3,76.5,73.8,74.7,70.9,69.6,62.4,57.7,53.8,47.8,40.2,33.3,31.1,27.9,27.2,27.6,28.5,29.3,30.3,31.2,40.8,35.0,34.8,35.8,37.0,38.0,39.1,40.7
09:44:46.000,NaN,58.1,NaN,84.1,86.3,82.6,83.1,77.3,83.0,81.9,78.7,76.6,74.2,73.8,73.4,68.9,66.4,63.0,58.0,53.3,47.0,39.5,34.4,31.0,27.2,26.8,27.8,28.3,29.2,30.5,31.0,40.3,34.6,34.9,36.0,36.8,38.1,39.0,40.8
09:44:47.000,NaN,58.5,NaN,89.6,83.3,87.7,82.0,84.5,84.1,81.1,77.9,76.4,75.6,75.8,74.1,69.6,65.5,63.5,57.9,57.0,50.4,42.6,36.7,31.1,28.8,27.0,27.8,28.7,29.2,30.5,31.4,40.4,34.9,34.6,35.8,37.0,38.1,39.0,40.7
09:44:48.000,NaN,59.1,NaN,91.8,76.1,84.3,79.3,83.0,82.3,78.0,78.7,77.1,73.4,72.8,72.8,71.7,67.9,62.7,59.6,53.4,47.1,40.7,34.2,30.8,27.6,27.1,28.0,28.3,29.2,30.4,31.0,39.7,34.9,34.5,35.9,37.0,38.0,39.1,40.8
09:44:49.000,NaN,58.6,NaN,87.5,82.7,82.4,77.1,79.5,80.0,80.7,79.5,77.1,76.8,75.1,69.9,72.1,68.6,64.1,55.4,50.8,42.4,39.1,34.9,30.8,28.0,27.3,27.7,28.5,29.2,30.7,31.4,40.3,35.0,34.6,35.9,37.0,38.1,39.0,40.7
09:44:50.000,NaN,57.8,NaN,83.2,83.5,81.0,79.5,80.4,80.9,82.2,79.9,80.0,74.4,74.8,74.1,70.3,65.4,63.9,58.4,53.7,48.3,40.1,34.1,30.3,26.8,26.9,27.9,28.5,29.3,30.2,31.1,39.7,34.6,34.7,35.9,36.9,38.1,38.9,40.7
09:44:51.000,NaN,57.5,NaN,86.6,83.1,85.0,79.6,82.2,80.6,79.9,77.9,76.8,73.0,73.3,69.5,68.6,65.1,62.6,60.5,53.5,47.5,39.2,34.0,29.7,27.8,26.8,27.7,28.2,29.6,30.5,31.3,40.5,35.2,34.6,35.9,37.0,37.9,39.0,40.8
09:44:52.000,NaN,55.8,NaN,82.1,80.1,83.1,82.2,80.1,78.4,80.4,77.8,75.3,74.2,73.7,69.5,67.6,66.0,62.0,56.7,50.3,43.9,37.1,32.6,29.2,27.3,27.4,27.9,28.8,29.1,30.6,31.3,40.5,35.0,34.9,36.0,37.0,38.1,39.1,40.8
09:44:53.000,NaN,54.9,NaN,86.1,87.2,82.4,76.2,78.2,77.1,78.9,76.7,76.9,72.2,73.8,69.1,65.0,64.9,59.5,54.6,52.3,45.6,37.9,32.7,28.6,27.5,27.1,27.3,28.9,29.2,30.3,31.5,40.6,35.0,34.7,35.9,37.1,38.2,39.1,40.7
09:44:54.000,NaN,53.7,NaN,85.0,81.6,82.9,76.8,78.4,78.9,78.7,76.4,75.9,73.0,69.9,67.1,63.8,62.6,60.5,53.5,52.5,43.9,34.4,32.4,29.0,27.3,26.7,27.5,28.9,29.2,30.4,31.5,40.3,34.7,34.5,35.8,37.0,38.0,39.0,40.7
09:44:55.000,NaN,53.2,NaN,86.7,81.4,78.7,80.3,82.7,80.9,78.2,73.9,71.9,70.5,67.4,66.6,64.4,60.5,58.1,55.3,49.6,43.4,35.6,32.3,29.1,27.3,26.9,27.5,28.6,29.5,30.9,31.2,40.9,35.3,34.8,35.8,37.0,38.0,39.0,40.8
09:44:56.000,NaN,51.4,NaN,76.3,80.5,81.5,80.1,78.1,77.1,77.0,72.8,73.8,68.3,69.2,66.0,63.5,59.2,57.8,53.2,49.3,43.5,36.3,31.0,29.4,27.0,27.0,27.7,28.1,29.3,30.3,31.3,40.8,35.3,34.7,36.1,37.1,37.9,39.0,40.6
09:44:57.000,NaN,50.7,NaN,78.0,80.7,77.9,77.3,77.8,73.8,73.2,72.1,71.1,65.6,66.3,61.9,61.7,60.1,53.8,50.1,46.3,40.6,33.3,31.5,28.8,27.1,26.9,27.7,28.4,29.3,30.3,31.4,41.0,35.3,34.8,35.8,37.1,37.9,39.1,40.6
09:44:58.000,NaN,50.3,NaN,79.3,83.0,78.7,78.4,78.5,74.8,75.3,71.4,68.3,68.5,66.5,63.3,61.6,59.5,54.8,50.0,45.7,38.9,34.0,31.6,28.7,26.5,26.8,27.7,28.1,29.1,30.5,31.4,41.0,35.1,34.7,36.0,37.0,38.1,39.0,40.7
09:44:59.000,NaN,49.8,NaN,83.1,82.2,78.5,81.7,75.7,75.0,70.7,70.0,69.2,67.4,65.4,63.7,60.2,58.4,54.9,50.8,47.1,37.2,31.9,30.4,28.3,27.5,27.0,27.8,28.5,28.6,30.2,31.2,40.6,35.1,34.9,36.2,37.1,38.0,39.1,40.6
09:45:00.000,NaN,48.9,NaN,81.6,73.2,77.3,79.1,73.2,77.5,70.8,70.6,68.1,66.0,65.0,63.2,59.7,57.3,53.0,48.9,44.9,36.2,31.7,31.1,28.7,26.9,27.4,27.6,28.7,29.6,30.2,31.1,40.8,35.1,34.8,35.9,37.0,38.0,39.0,40.8
09:45:01.000,NaN,49.7,NaN,75.8,79.2,78.3,72.7,74.3,71.3,71.3,71.6,65.8,63.9,64.4,62.4,61.5,57.6,52.4,48.4,43.4,36.5,31.8,31.5,28.5,26.9,27.5,27.2,28.8,29.7,30.4,31.1,40.9,35.0,34.8,35.9,36.8,37.8,39.1,40.7
09:45:02.000,NaN,49.5,NaN,74.1,80.9,77.1,76.1,75.4,74.7,73.0,67.1,65.3,65.0,66.0,61.5,60.1,56.2,54.6,48.6,43.7,36.2,31.7,30.8,28.6,27.3,26.3,27.1,28.0,29.4,30.1,31.0,41.4,35.4,35.0,36.3,36.9,38.1,39.1,40.8
09:45:03.000,NaN,48.6,NaN,80.4,79.8,72.9,76.6,74.0,75.2,71.3,68.1,66.4,68.2,64.9,61.1,59.4,57.9,53.1,47.8,43.5,37.3,31.7,30.7,28.6,26.8,27.0,27.5,28.2,29.3,30.2,31.2,41.1,34.7,34.8,36.0,37.0,38.0,38.9,40.7
09:45:04.000,NaN,47.4,NaN,76.0,78.4,73.5,75.5,72.7,74.9,71.8,68.6,65.1,65.2,64.1,61.5,59.4,54.0,52.9,45.4,43.4,36.7,30.4,30.3,29.3,26.8,27.4,28.0,28.7,29.5,30.4,30.9,41.0,35.0,35.2,36.1,37.1,38.1,38.8,40.8
09:45:05.000,NaN,46.7,NaN,79.4,78.0,76.3,71.0,74.0,74.4,71.1,68.3,65.8,62.0,58.7,58.0,55.8,53.1,49.4,45.8,43.9,36.2,30.3,31.1,29.3,27.0,26.9,27.7,28.5,29.2,30.1,31.2,40.9,35.1,35.0,36.2,36.9,38.0,39.0,40.7
09:45:06.000,NaN,46.7,NaN,78.0,78.0,77.9,74.9,77.1,73.8,68.1,68.2,65.3,61.2,60.7,60.3,55.6,54.1,49.3,44.2,42.5,36.2,30.8,30.7,29.3,26.1,26.9,28.0,28.9,29.4,30.3,31.3,41.1,35.2,34.7,36.0,36.9,37.8,39.0,40.7
09:45:07.000,NaN,46.5,NaN,79.1,76.4,72.8,67.5,73.7,71.5,68.2,68.4,63.7,61.0,60.7,58.2,56.4,53.3,48.7,45.0,42.1,35.6,31.2,31.1,29.1,26.3,26.4,27.4,28.2,29.5,30.4,31.5,40.7,35.0,34.7,36.0,37.2,38.0,39.1,40.7
09:45:08.000,NaN,46.3,NaN,78.2,79.9,73.9,76.8,69.2,68.5,70.2,65.4,62.0,61.5,59.3,59.3,55.1,53.6,48.2,44.2,42.0,34.4,29.6,30.8,28.9,27.0,27.5,27.5,27.8,29.6,30.8,31.2,41.1,35.1,34.9,36.0,37.0,38.1,39.1,40.6
09:45:09.000,NaN,45.9,NaN,77.6,74.5,68.2,73.8,70.2,70.1,66.3,63.6,62.7,61.0,59.0,58.0,56.6,52.2,48.6,43.2,40.0,33.8,29.6,30.4,29.2,26.4,26.6,27.6,28.6,29.0,30.4,31.0,41.2,35.3,35.0,36.3,36.8,38.1,39.0,40.7
09:45:10.000,NaN,46.0,NaN,76.9,71.9,74.9,71.1,72.1,69.0,66.3,66.4,59.4,57.1,62.0,58.3,55.0,51.2,49.6,44.4,41.2,33.8,28.9,30.6,28.7,27.6,27.0,27.4,28.0,28.9,30.4,31.3,40.9,35.2,35.0,36.1,36.9,38.0,39.0,40.7
09:45:11.000,NaN,45.7,NaN,76.7,74.3,76.0,69.8,72.8,67.2,66.8,64.8,61.0,61.9,59.1,56.8,54.3,52.1,49.5,43.4,41.5,35.7,29.3,30.5,29.3,27.7,26.7,27.3,28.3,29.6,30.4,31.2,41.2,35.4,34.8,36.0,36.9,38.1,39.0,40.6
09:45:12.000,NaN,45.6,NaN,79.0,76.6,72.4,72.3,70.4,68.5,67.0,65.5,60.1,57.3,58.4,57.5,55.8,52.0,48.6,44.2,42.4,33.4,30.0,30.4,28.9,27.0,26.6,27.6,28.2,29.1,30.8,31.1,40.8,34.8,34.8,36.2,37.0,38.0,38.9,40.6
09:45:13.000,NaN,46.2,NaN,75.8,76.6,66.8,67.7,70.5,68.8,69.1,62.4,60.1,56.7,59.1,56.1,54.9,51.2,48.4,44.7,42.3,34.5,29.5,30.5,29.3,26.4,26.7,27.3,28.2,29.3,30.1,31.1,41.7,35.4,34.9,36.0,37.0,38.1,38.9,40.8
09:45:14.000,NaN,45.6,NaN,74.7,76.7,68.2,70.3,70.5,72.0,69.8,63.0,62.4,60.6,60.6,57.6,54.7,51.1,46.4,43.3,40.3,32.7,29.7,30.6,29.0,26.9,27.3,27.3,28.3,29.2,30.4,31.4,41.3,35.1,35.0,36.0,37.1,38.0,38.9,40.8
09:45:15.000,NaN,45.8,NaN,73.7,75.0,73.4,75.7,69.8,68.6,66.9,62.5,60.8,62.4,60.4,57.7,53.9,52.2,48.2,43.9,41.1,33.5,29.5,30.6,28.4,26.9,27.0,27.5,28.2,29.0,30.3,31.3,41.4,35.3,34.9,35.9,37.1,38.0,39.1,40.8
09:45:16.000,NaN,45.9,NaN,77.9,78.4,67.3,68.9,68.9,68.7,69.1,66.6,61.7,60.6,58.8,57.6,54.1,53.4,47.6,42.9,40.2,32.6,29.3,30.7,28.5,26.6,27.2,27.3,28.4,29.2,30.4,31.2,41.2,35.4,35.0,35.8,37.0,38.1,39.1,40.7
09:45:17.000,NaN,45.5,NaN,70.2,75.2,64.4,71.6,66.9,68.5,65.4,65.5,61.2,61.1,60.7,56.3,55.7,51.4,48.2,42.1,41.5,34.0,29.0,30.1,28.8,26.9,26.8,27.4,28.5,29.1,30.3,31.5,40.9,35.2,35.0,36.2,37.0,38.1,38.9,40.5
09:45:18.000,NaN,45.5,NaN,74.9,72.8,60.7,72.1,68.8,69.2,64.4,63.5,60.4,59.5,58.8,56.9,53.5,52.3,50.6,43.9,40.9,33.5,29.1,30.4,28.6,27.1,27.1,27.3,28.2,29.1,30.1,30.9,40.8,35.2,34.7,36.2,36.8,38.0,39.0,40.6
09:45:19.000,NaN,45.5,NaN,71.8,72.9,71.5,70.8,69.4,68.9,63.9,64.6,62.7,59.7,57.4,56.2,54.2,53.0,47.3,43.1,39.7,33.9,28.3,30.1,28.1,27.0,26.5,27.7,28.4,29.2,30.1,30.8,41.0,35.1,35.0,35.9,37.1,37.8,39.0,40.7
09:45:20.000,NaN,45.1,NaN,76.5,67.3,67.0,71.2,70.1,67.1,63.9,63.1,61.9,61.5,58.3,56.0,52.7,50.6,46.3,42.4,38.4,34.6,30.0,30.6,28.9,26.7,27.2,27.7,28.3,29.1,30.4,31.6,41.0,35.2,34.9,36.1,36.8,38.0,38.9,40.7
09:45:21.000,NaN,46.0,NaN,77.5,68.0,60.4,67.4,66.5,67.1,65.1,65.8,62.9,59.2,60.7,57.2,53.8,52.0,50.6,41.8,41.7,38.6,29.4,30.6,28.6,27.0,26.6,27.2,28.1,29.4,30.2,30.9,41.2,35.5,34.6,36.3,37.0,38.1,39.1,40.8
09:45:22.000,NaN,46.0,NaN,75.2,64.8,72.0,62.7,64.5,69.2,66.5,62.8,61.1,59.1,59.6,56.0,54.9,52.0,48.6,41.8,42.6,39.3,29.5,30.3,28.9,27.1,26.7,27.3,28.5,29.1,30.6,31.6,40.9,35.0,34.5,36.1,36.9,38.0,39.0,40.7
09:45:23.000,NaN,45.7,NaN,76.0,69.5,65.5,68.7,68.7,64.5,65.2,64.1,64.4,59.3,58.9,57.9,54.2,51.0,50.6,42.3,41.7,40.8,29.6,30.3,29.1,27.4,26.9,27.7,28.2,29.8,30.5,31.0,41.1,35.1,34.9,36.1,36.8,38.1,38.9,40.6
09:45:24.000,NaN,45.4,NaN,69.9,73.0,70.0,67.1,66.0,64.4,65.2,63.2,59.8,59.0,57.6,54.9,53.5,51.4,48.4,42.9,42.9,37.5,32.8,32.0,29.8,26.8,26.7,27.8,28.5,29.3,30.0,31.0,40.5,34.7,35.1,36.4,36.9,38.1,38.9,40.7
09:45:25.000,NaN,46.3,NaN,70.7,69.8,73.8,66.1,68.4,65.6,65.1,63.7,63.0,60.1,58.9,55.4,53.7,52.0,49.7,42.8,42.6,42.4,36.0,34.1,31.0,27.2,26.7,27.5,28.4,29.2,30.1,31.1,40.9,35.1,34.8,36.0,37.2,37.9,39.0,40.7
09:45:26.000,NaN,48.2,NaN,73.4,67.2,71.0,69.5,62.5,63.0,65.4,65.6,59.2,61.8,59.4,57.4,54.6,53.8,50.0,48.1,48.3,44.9,43.9,39.0,34.9,28.0,27.2,27.3,28.3,29.0,30.2,31.1,40.7,34.9,35.0,36.4,36.9,38.1,39.0,40.8
09:45:27.000,NaN,46.3,NaN,67.5,70.4,70.5,68.7,67.6,67.9,66.8,63.0,58.5,58.9,59.8,56.7,55.4,52.5,47.1,42.7,43.8,36.5,36.7,35.1,30.5,27.7,27.2,27.6,28.6,29.3,30.1,31.3,41.1,35.3,35.1,36.2,36.9,37.9,39.0,40.6
09:45:28.000,NaN,47.6,NaN,63.4,76.4,69.7,70.0,69.9,68.8,64.1,59.4,59.9,57.4,57.5,58.1,54.8,51.9,51.3,50.6,46.4,41.8,39.1,34.7,31.3,26.8,27.2,27.7,28.0,29.3,30.6,30.9,41.3,35.3,35.0,36.2,36.9,38.1,39.0,40.8
09:45:29.000,NaN,48.9,NaN,72.1,72.1,73.7,70.8,64.3,64.4,65.3,61.6,60.3,58.4,57.5,55.0,58.3,52.1,50.3,54.6,47.2,45.3,36.5,35.5,31.9,27.4,26.8,27.4,28.2,29.5,30.2,31.4,41.0,35.3,35.0,35.9,37.1,37.9,39.1,40.6
09:45:30.000,NaN,46.5,NaN,70.2,70.6,67.8,66.7,66.1,63.1,63.1,63.5,60.8,57.4,58.3,56.5,57.9,50.0,47.9,49.8,46.4,39.9,34.6,32.8,30.6,27.0,26.7,27.9,28.6,29.3,30.4,31.3,40.7,35.4,34.9,36.0,36.9,38.1,38.9,40.7
09:45:31.000,NaN,45.8,NaN,71.5,70.2,65.2,71.3,65.7,63.7,65.5,62.7,60.9,57.9,58.4,53.9,53.0,53.6,47.0,45.0,43.0,36.9,33.4,32.8,30.9,26.6,27.0,27.8,28.8,29.3,30.5,31.0,41.1,35.1,34.9,36.3,36.8,38.2,39.0,40.7
09:45:32.000,NaN,45.9,NaN,70.2,63.6,67.2,69.6,68.0,67.3,65.1,61.6,58.6,60.3,57.9,54.7,56.5,49.9,47.1,46.5,41.8,37.8,35.7,32.2,29.8,27.6,26.8,27.2,28.2,29.3,30.5,31.2,40.8,35.1,34.8,36.0,36.9,38.1,39.0,40.7
09:45:33.000,NaN,45.7,NaN,70.6,70.1,67.7,72.6,69.1,64.7,66.1,63.1,63.8,60.6,57.8,55.0,56.4,50.3,45.0,46.0,40.3,37.5,37.0,31.6,30.0,27.0,27.2,27.5,28.4,28.8,29.9,31.2,41.2,35.2,35.0,36.0,36.9,37.9,38.9,40.6
09:45:34.000,NaN,45.1,NaN,73.0,69.0,60.5,66.5,64.2,69.7,67.1,63.2,61.1,59.9,57.5,54.7,54.6,49.5,47.3,43.4,41.8,36.3,34.5,31.6,29.3,27.2,27.0,27.5,28.5,29.2,30.2,31.4,41.2,35.2,34.7,36.2,36.8,38.1,39.1,40.5
09:45:35.000,NaN,44.7,NaN,70.6,68.3,65.7,67.1,66.5,64.5,62.7,59.0,59.6,58.1,57.5,54.9,52.1,50.4,47.8,40.8,39.2,34.6,32.8,30.7,29.7,27.3,26.9,27.4,28.3,29.3,30.2,31.6,40.5,35.1,34.8,36.1,37.0,37.9,39.1,40.7
09:45:36.000,NaN,44.9,NaN,70.0,67.2,69.8,68.1,64.6,63.2,63.0,63.9,61.5,55.1,55.5,56.4,52.0,50.2,46.5,39.9,39.5,33.3,32.0,30.5,30.2,26.8,27.0,27.6,28.2,29.3,30.6,31.3,41.2,35.3,35.2,36.5,37.0,38.2,39.0,40.6
09:45:37.000,NaN,44.7,NaN,70.5,68.5,64.7,69.8,69.9,67.6,62.4,62.0,60.9,58.3,56.6,55.6,54.1,49.3,45.0,39.9,39.8,34.4,31.0,30.6,29.6,26.7,26.6,27.5,28.5,29.1,30.2,31.4,41.2,34.9,34.8,36.2,37.1,38.0,39.0,40.7
09:45:38.000,NaN,45.1,NaN,67.9,69.7,68.2,66.7,66.9,67.7,62.9,64.0,59.9,57.0,56.7,57.2,52.5,50.5,44.8,40.0,39.3,34.4,30.0,30.8,29.8,27.1,26.7,27.3,28.6,29.1,30.0,31.1,41.4,35.3,34.9,36.1,37.0,38.2,39.1,40.8
09:45:39.000,NaN,44.6,NaN,63.6,67.5,70.4,64.2,65.9,66.3,64.9,59.2,58.5,58.7,56.5,55.9,52.7,49.3,46.5,41.4,39.8,35.3,30.6,31.1,29.4,27.3,27.1,27.6,28.5,29.2,30.6,31.1,41.1,35.2,34.9,36.2,37.0,38.1,38.9,40.6
09:45:40.000,NaN,45.1,NaN,64.4,67.0,69.8,69.6,59.7,65.7,64.9,58.3,58.3,57.8,56.1,54.9,53.7,48.5,47.2,41.4,40.0,34.4,32.3,31.1,29.6,27.2,26.9,27.7,28.5,29.2,30.3,31.4,41.4,35.4,35.1,36.2,36.9,38.2,39.0,40.6
09:45:41.000,NaN,44.5,NaN,69.4,65.9,70.8,70.1,66.3,67.3,64.0,62.0,58.6,59.5,57.6,56.3,53.3,49.2,45.9,40.4,40.2,35.4,30.7,31.4,29.5,27.2,27.3,27.9,28.5,29.3,30.0,31.1,40.4,34.9,35.1,36.3,36.7,38.1,39.1,40.8
09:45:42.000,NaN,44.8,NaN,71.9,70.0,68.7,70.1,64.4,69.0,62.5,61.2,57.6,59.1,56.2,55.2,52.7,50.1,46.3,41.9,39.5,34.3,29.3,30.4,29.2,26.7,27.2,27.6,28.0,29.5,30.4,31.4,41.6,35.5,34.9,36.2,36.8,37.9,39.0,40.7
09:45:43.000,NaN,44.9,NaN,70.0,70.6,65.3,63.9,57.3,66.3,66.3,63.1,59.9,56.6,55.4,53.4,51.5,49.1,45.3,41.4,40.4,34.5,30.2,30.0,29.7,27.2,26.6,27.7,28.7,29.0,30.3,31.2,41.5,35.2,35.0,36.2,36.9,38.1,39.1,40.7
09:45:44.000,NaN,45.4,NaN,72.4,70.1,71.1,66.9,64.2,67.1,63.9,64.7,61.4,56.7,57.7,54.8,56.0,49.8,46.6,40.6,40.0,36.7,29.7,29.8,29.5,26.8,27.1,27.5,28.6,29.3,30.2,31.0,41.0,35.4,34.9,36.2,36.9,38.0,39.0,40.6
09:45:45.000,NaN,44.9,NaN,68.0,67.7,70.5,67.3,67.7,64.9,67.2,64.2,59.8,58.0,57.8,53.6,54.0,49.6,46.7,40.9,40.9,37.0,30.2,30.0,29.3,26.3,26.8,27.6,28.6,29.2,30.1,31.0,41.1,35.0,35.1,36.0,36.8,38.0,39.0,40.7
09:45:46.000,NaN,44.8,NaN,68.7,63.1,67.5,60.8,71.3,66.0,68.3,61.5,61.8,56.6,58.3,56.3,53.9,48.0,45.5,39.5,40.2,36.1,29.9,30.2,29.5,26.8,27.2,27.8,28.6,29.4,30.4,31.4,41.0,35.2,35.1,36.1,36.8,38.2,39.0,40.7
09:45:47.000,NaN,45.2,NaN,71.5,69.9,71.6,65.9,65.3,66.0,63.0,61.9,61.8,59.9,58.8,55.0,54.7,49.5,45.8,41.3,40.9,35.7,29.9,30.6,29.4,26.7,27.3,27.6,28.6,29.3,30.3,31.4,41.4,35.6,35.2,36.1,36.8,38.1,39.0,40.6
09:45:48.000,NaN,45.2,NaN,66.6,70.2,75.3,68.6,59.0,68.8,66.3,61.0,61.3,60.2,56.9,54.0,54.4,49.9,46.6,38.9,40.5,35.7,30.4,29.9,30.1,27.6,26.8,27.8,28.3,28.8,30.3,31.1,41.0,35.0,35.3,36.2,36.8,38.1,39.1,40.7
09:45:49.000,NaN,45.2,NaN,69.7,69.6,67.7,66.9,66.2,67.7,64.1,64.8,66.3,58.6,59.3,55.6,54.0,50.9,46.4,41.2,40.4,33.8,28.4,30.0,29.5,27.1,26.9,28.1,27.9,29.2,30.3,31.2,41.2,35.1,34.9,36.3,36.7,38.0,39.0,40.6
09:45:50.000,NaN,45.2,NaN,67.0,66.9,69.1,64.6,65.0,65.6,67.6,62.1,60.6,58.4,60.5,55.6,53.2,50.3,47.8,42.5,40.7,33.1,30.7,29.7,29.5,27.2,26.7,27.5,28.2,29.3,30.5,31.0,40.6,35.1,34.9,36.0,36.8,38.1,39.0,40.6
09:45:51.000,NaN,46.2,NaN,71.8,67.4,69.8,69.2,69.8,65.5,64.0,62.7,64.0,60.0,59.2,56.0,56.3,50.5,47.2,43.1,41.2,33.7,29.5,30.4,29.5,27.2,26.9,27.5,28.2,29.2,30.3,31.2,41.7,35.5,34.9,36.1,36.9,38.2,38.9,40.7
09:45:52.000,NaN,46.9,NaN,71.9,69.5,70.1,71.1,65.8,63.3,66.5,66.2,63.2,58.3,59.3,60.8,55.8,52.6,49.8,43.4,40.9,34.8,29.5,30.5,29.5,26.7,27.4,27.6,28.7,29.0,30.6,31.2,41.4,35.3,35.1,36.1,37.1,38.0,38.9,40.8
09:45:53.000,NaN,47.1,NaN,66.6,71.5,70.1,62.1,65.8,65.6,66.9,64.5,65.0,63.2,62.3,61.2,58.0,53.8,50.2,45.1,43.2,35.6,30.1,30.3,29.2,26.6,27.0,27.9,27.8,29.2,30.7,31.2,41.5,35.3,34.8,36.0,37.0,37.9,39.0,40.7
09:45:54.000,NaN,47.7,NaN,67.4,69.1,70.1,64.2,67.0,68.7,67.1,66.4,65.3,62.9,61.7,61.7,59.4,55.5,50.7,45.2,43.1,36.1,30.6,30.5,28.9,27.5,26.7,27.2,28.4,29.1,30.5,31.1,41.0,35.3,34.6,36.1,36.9,38.0,39.1,40.8
09:45:55.000,NaN,48.6,NaN,66.0,66.9,70.1,61.4,63.7,66.3,67.8,67.4,64.5,61.7,61.8,61.5,57.3,55.4,50.5,47.3,42.3,35.8,31.1,30.6,29.2,27.0,27.7,27.8,28.6,29.3,30.6,31.1,41.2,35.3,35.1,36.5,36.9,38.0,39.1,40.8
09:45:56.000,NaN,49.2,NaN,64.5,70.4,72.1,67.5,68.1,70.4,67.0,65.5,63.3,61.0,63.4,61.3,61.2,60.0,54.7,47.7,42.8,37.5,30.8,30.6,29.4,26.3,26.8,27.8,28.0,29.0,30.3,31.4,41.0,35.1,35.0,36.1,36.9,38.0,39.0,40.6
09:45:57.000,NaN,50.3,NaN,66.6,71.9,71.5,67.7,65.8,69.5,68.4,66.1,63.8,63.9,63.4,61.2,59.6,59.1,55.6,48.5,42.7,36.0,30.5,30.0,29.5,27.0,27.0,27.8,28.0,29.1,30.6,31.3,41.5,35.5,35.0,36.1,37.0,38.0,38.9,40.6
09:45:58.000,NaN,48.4,NaN,74.0,67.2,67.6,66.9,68.0,71.5,69.1,69.2,68.3,65.1,63.8,63.5,58.8,58.2,54.2,47.2,41.5,33.7,29.1,29.6,29.3,27.1,26.9,28.0,28.3,29.6,30.3,31.4,38.9,34.4,35.0,36.1,36.8,37.9,38.9,40.6
09:45:59.000,NaN,48.2,NaN,66.8,69.0,68.8,69.8,65.8,68.7,68.0,70.2,67.3,65.2,66.7,62.0,60.7,56.6,51.7,47.1,41.5,35.4,30.3,29.8,29.1,27.3,27.2,27.5,28.3,29.4,30.3,31.0,41.6,35.4,34.8,36.4,36.9,38.0,38.9,40.7
09:46:00.000,NaN,46.5,NaN,71.4,75.1,69.7,68.8,67.7,68.1,68.8,69.6,66.8,64.1,64.4,61.0,56.4,52.5,47.8,44.1,41.5,35.2,29.3,29.6,29.3,27.4,26.9,27.8,28.1,29.4,30.3,31.1,40.8,35.2,34.8,36.1,37.0,37.9,38.9,40.6
09:46:01.000,NaN,46.0,NaN,71.2,66.9,68.7,64.5,64.2,68.9,69.7,67.6,68.6,63.1,62.3,58.5,54.5,51.1,45.8,41.1,40.9,34.6,30.1,29.8,29.1,26.8,26.9,27.8,28.6,29.0,30.0,31.3,40.8,35.1,35.1,36.3,36.9,38.0,38.8,40.7
09:46:02.000,NaN,46.2,NaN,66.0,68.4,69.3,68.6,67.4,67.4,64.2,68.7,64.1,61.8,64.3,58.1,55.2,50.5,46.8,42.4,39.7,34.3,29.2,29.8,29.4,26.8,27.3,27.6,27.7,29.3,30.4,31.2,41.4,35.2,35.2,36.0,36.8,38.0,39.0,40.6
09:46:03.000,NaN,45.9,NaN,68.8,66.7,68.4,69.2,66.2,64.9,69.4,67.6,63.7,63.2,62.2,58.7,51.6,50.2,47.8,43.7,41.2,34.9,30.2,29.8,28.5,26.9,27.0,27.5,28.5,29.7,30.5,31.5,41.7,35.4,35.1,36.3,36.8,38.1,39.1,40.7
09:46:04.000,NaN,46.0,NaN,68.2,67.9,64.4,65.3,66.8,63.5,66.3,65.3,63.6,62.2,60.9,57.4,55.8,51.8,48.5,44.8,41.5,35.9,29.4,30.1,29.4,26.7,27.0,27.6,28.2,29.2,30.0,31.4,40.9,35.0,35.1,36.0,36.8,38.0,38.8,40.7
09:46:05.000,NaN,46.0,NaN,75.0,71.3,63.1,65.6,63.6,67.7,67.4,66.1,63.0,61.2,61.7,57.7,54.1,51.7,49.3,45.1,41.4,35.4,30.5,30.2,29.3,27.2,27.0,27.1,27.9,28.8,30.2,31.3,41.3,35.2,35.0,36.4,36.9,38.1,39.0,40.7
09:46:06.000,NaN,46.0,NaN,70.9,63.6,65.9,65.8,62.9,69.3,66.4,67.2,62.7,62.2,60.6,55.9,54.5,51.1,47.6,44.5,40.6,33.7,28.9,30.8,29.2,27.0,27.9,27.6,28.8,29.6,30.0,31.2,41.1,34.9,35.1,36.3,37.0,38.0,39.0,40.7
09:46:07.000,NaN,46.8,NaN,66.8,68.2,68.8,70.0,67.3,69.1,66.5,65.9,62.0,62.3,62.5,58.9,59.0,50.0,49.6,44.0,40.9,32.2,28.8,30.3,29.2,26.6,26.8,27.6,27.7,29.3,30.4,31.3,41.6,35.5,35.0,36.1,37.0,38.0,39.1,40.7
09:46:08.000,NaN,46.3,NaN,69.7,69.2,67.3,70.2,68.6,67.7,68.7,66.5,64.8,61.8,58.7,58.6,55.2,51.2,48.8,45.0,41.2,33.5,30.2,30.3,29.4,27.4,27.1,27.8,27.9,29.0,30.1,31.6,41.5,35.3,34.9,36.1,36.9,38.0,39.0,40.7
09:46:09.000,NaN,46.5,NaN,68.0,71.2,72.1,70.6,64.5,68.4,70.7,66.2,65.0,61.9,59.1,59.4,54.8,52.6,48.4,42.6,39.7,31.0,28.7,29.9,29.1,27.1,26.9,27.7,28.1,29.5,30.2,31.2,41.4,35.3,34.9,36.4,36.9,38.1,38.9,40.7
09:46:10.000,NaN,46.5,NaN,65.9,63.4,70.1,69.4,66.3,68.3,69.3,67.3,65.0,63.1,60.2,57.7,56.4,53.9,50.1,44.4,40.0,32.1,30.2,30.1,29.1,27.0,27.4,27.4,28.3,29.6,30.0,31.3,40.8,35.2,35.0,35.9,36.8,38.0,39.0,40.6
09:46:11.000,NaN,46.2,NaN,66.6,71.3,67.0,63.6,61.3,69.9,69.2,66.3,67.0,60.8,61.4,59.0,58.1,50.4,48.8,43.2,40.7,33.8,29.3,30.3,29.1,26.6,27.1,27.9,28.7,29.1,30.3,31.3,41.2,35.2,35.1,36.1,37.2,37.9,39.0,40.7
09:46:12.000,NaN,46.3,NaN,63.4,71.1,70.9,67.2,67.4,68.7,69.8,65.2,65.0,63.6,63.2,59.5,54.2,50.5,46.8,42.5,39.1,33.4,28.3,30.3,28.8,26.9,27.3,27.1,28.5,29.1,30.4,31.6,41.8,35.5,35.1,36.3,36.9,38.1,39.1,40.6
09:46:13.000,NaN,47.0,NaN,71.3,69.9,70.0,63.7,70.9,67.7,65.8,62.4,63.4,62.8,61.3,60.6,55.6,51.3,48.1,44.7,41.2,34.6,28.0,30.0,28.8,26.9,26.6,27.7,28.8,29.5,30.5,31.2,41.7,35.5,35.0,36.0,36.7,38.1,39.0,40.8
09:46:14.000,NaN,46.6,NaN,73.1,69.4,71.0,64.9,67.9,67.5,66.6,64.5,66.8,62.9,62.1,59.9,56.6,52.0,50.0,45.6,40.7,33.5,29.1,30.8,28.7,26.6,27.0,27.4,27.9,28.8,30.1,31.3,41.8,35.7,34.9,36.3,36.9,38.1,39.0,40.6
09:46:15.000,NaN,46.0,NaN,72.1,70.7,71.4,70.0,63.8,68.9,65.3,65.6,65.2,63.0,61.6,59.3,53.3,51.0,48.4,45.7,41.1,33.9,27.9,30.4,28.4,26.9,27.3,28.0,28.6,29.0,30.2,31.1,41.3,35.4,35.2,36.4,37.0,38.0,39.0,40.8
09:46:16.000,NaN,45.8,NaN,65.5,70.5,70.6,67.1,65.5,68.8,63.2,66.3,63.1,61.1,58.3,57.3,55.1,52.8,49.3,45.3,41.5,33.8,30.0,30.1,28.5,27.3,27.0,27.0,28.4,29.3,30.3,31.3,41.2,35.3,35.2,36.3,37.0,38.1,39.0,40.6
09:46:17.000,NaN,45.9,NaN,68.6,68.7,68.7,66.7,67.2,64.2,66.0,65.9,63.2,59.5,60.4,57.6,54.5,51.4,48.6,44.4,40.3,32.9,29.0,30.2,28.2,26.6,26.8,27.3,28.3,29.0,30.2,31.4,41.8,35.5,35.1,36.2,36.7,38.0,38.9,40.7
09:46:18.000,NaN,45.3,NaN,74.1,67.9,65.3,65.0,67.9,65.0,68.9,66.5,63.2,61.4,60.4,53.6,53.2,49.3,46.2,41.9,39.8,34.9,29.5,30.2,29.4,27.1,26.9,27.1,27.8,29.4,30.3,31.2,41.1,35.1,35.3,36.2,37.1,37.9,39.0,40.7
09:46:19.000,NaN,45.5,NaN,69.8,71.7,70.7,64.5,69.7,68.9,69.3,65.1,65.8,58.6,59.1,57.7,53.8,48.2,45.0,43.7,40.5,32.8,30.3,30.1,28.6,27.2,26.9,27.3,27.9,29.3,30.4,31.1,41.8,35.4,34.8,36.1,36.9,38.0,39.0,40.6
09:46:20.000,NaN,44.8,NaN,71.9,67.4,72.0,66.4,67.3,70.5,67.9,68.1,64.8,59.3,60.6,55.7,52.0,48.9,44.0,42.1,40.1,35.6,31.3,30.4,29.5,26.4,26.9,27.4,28.5,29.3,30.4,31.7,41.1,35.4,35.3,36.2,37.1,38.1,39.1,40.5
09:46:21.000,NaN,44.5,NaN,73.0,71.9,66.3,64.9,67.6,69.3,68.4,65.7,62.3,60.5,56.4,55.1,50.0,49.7,41.6,41.9,40.6,34.5,30.0,30.4,29.2,27.2,27.3,27.9,28.9,29.0,30.4,31.3,41.4,35.3,35.1,36.6,36.9,38.0,38.9,40.7
09:46:22.000,NaN,44.9,NaN,69.7,72.4,69.4,64.5,68.1,71.6,65.7,63.5,58.4,59.7,58.2,53.1,52.8,51.4,42.4,41.3,39.1,33.9,28.6,30.0,28.8,27.2,26.7,27.2,28.7,29.2,30.1,31.1,41.2,35.3,35.1,36.1,37.0,38.0,38.9,40.7
09:46:23.000,NaN,45.0,NaN,67.5,66.9,69.7,67.5,66.0,64.3,68.0,66.7,60.9,60.8,59.1,52.1,51.6,50.1,47.1,40.3,39.3,33.6,29.6,30.4,29.8,26.6,27.0,27.4,28.7,29.3,30.6,31.3,41.6,35.2,35.1,36.2,36.9,38.0,39.2,40.6
09:46:24.000,NaN,45.4,NaN,68.1,64.8,62.2,70.3,70.7,67.1,66.9,65.4,59.8,62.2,57.6,52.0,52.8,50.5,46.7,42.7,40.1,33.2,30.5,29.6,29.3,26.8,26.3,27.7,28.7,29.5,30.4,31.5,41.5,35.6,35.0,36.2,36.9,38.0,39.0,40.7
09:46:25.000,NaN,44.1,NaN,61.8,67.8,65.7,65.3,68.5,71.3,69.2,65.0,60.5,59.7,57.3,55.1,53.9,50.9,42.4,40.5,38.6,32.9,29.7,30.0,29.5,27.2,27.5,27.5,28.4,29.3,30.3,31.3,41.0,35.0,35.0,36.3,37.1,37.9,39.1,40.7
09:46:26.000,NaN,44.6,NaN,69.2,70.0,67.0,67.2,65.0,67.5,66.1,61.6,60.3,58.7,57.0,50.5,51.1,48.7,42.7,39.2,39.2,32.9,29.8,29.9,29.6,27.4,27.1,27.3,28.3,29.2,30.1,31.3,41.2,35.2,35.2,36.2,37.0,38.0,39.1,40.7
09:46:27.000,NaN,44.5,NaN,69.3,71.3,70.5,66.6,67.8,67.2,70.4,63.4,59.1,59.2,56.7,56.4,54.8,49.5,44.0,40.7,39.8,33.4,30.4,30.2,29.4,27.2,27.0,27.3,28.2,29.1,30.5,31.4,40.6,35.1,35.1,36.5,37.0,38.0,39.0,40.7
09:46:28.000,NaN,44.8,NaN,68.0,63.3,70.0,67.3,66.7,70.9,67.7,65.7,62.1,59.5,56.9,56.0,53.7,49.8,44.5,41.3,40.1,35.5,30.7,29.9,28.4,26.8,27.3,27.3,28.4,29.4,30.0,30.9,41.1,35.4,35.2,36.2,36.7,38.0,38.9,40.7
09:46:29.000,NaN,45.5,NaN,68.8,65.0,69.7,66.7,65.2,71.1,66.4,65.6,62.2,60.3,56.6,56.0,54.8,47.9,44.6,42.2,39.4,33.1,31.1,29.8,28.9,27.2,26.6,27.9,28.3,29.1,30.4,31.3,41.4,35.4,35.1,36.4,36.7,38.1,38.9,40.6
09:46:30.000,NaN,46.8,NaN,70.9,71.3,67.8,64.0,65.4,69.2,69.2,66.0,64.4,63.6,61.1,60.4,55.6,51.5,46.6,42.7,41.0,33.0,30.9,30.6,29.1,27.1,27.4,27.5,28.6,28.7,30.8,30.9,41.0,35.1,35.4,36.1,36.9,38.1,38.9,40.6
09:46:31.000,NaN,46.1,NaN,73.6,63.0,69.6,66.7,68.4,71.0,67.0,65.8,66.1,60.6,64.3,61.1,57.5,50.7,44.8,42.8,39.9,33.5,30.3,29.7,28.8,26.4,26.7,27.5,28.3,29.5,29.8,31.4,41.3,35.3,34.7,36.2,36.8,37.9,38.9,40.6
09:46:32.000,NaN,46.5,NaN,72.4,67.1,65.6,66.8,69.6,70.7,70.3,65.9,66.3,62.1,60.8,60.2,56.9,49.9,46.1,42.0,40.6,34.0,31.1,31.3,29.7,27.1,27.1,27.7,28.2,29.4,30.1,31.1,40.8,35.0,35.1,36.5,36.8,38.0,39.0,40.7
09:46:33.000,NaN,47.4,NaN,72.3,68.4,60.7,68.9,65.8,69.5,67.2,64.9,63.3,60.7,61.7,63.1,58.2,52.3,49.5,42.5,41.4,33.2,31.3,31.0,29.0,27.4,27.3,27.8,28.4,29.2,30.2,31.6,41.1,35.5,34.8,36.2,36.9,38.1,38.9,40.7
09:46:34.000,NaN,47.5,NaN,67.9,69.4,64.9,69.0,70.8,69.9,66.6,64.0,66.4,62.6,65.0,62.9,58.7,53.5,50.4,43.7,40.7,34.1,32.2,31.4,29.5,26.8,27.1,27.7,28.5,28.9,30.5,31.3,41.1,34.9,35.0,36.5,37.0,38.1,39.0,40.6
09:46:35.000,NaN,48.4,NaN,69.3,65.0,69.9,66.6,72.3,67.4,67.1,65.9,65.1,60.8,62.6,60.7,60.5,56.4,49.8,44.8,41.2,34.8,31.4,30.7,29.6,27.1,26.9,27.5,27.7,29.2,30.0,31.2,41.0,35.4,35.3,36.3,37.0,38.0,39.0,40.6
09:46:36.000,NaN,48.3,NaN,58.1,66.8,71.7,69.1,68.4,68.8,66.4,67.2,65.8,65.4,63.4,62.5,59.9,56.9,51.1,44.3,41.1,34.0,30.8,30.3,29.5,27.4,27.5,27.9,28.3,29.3,30.1,31.4,40.3,34.8,34.9,36.1,36.8,38.0,39.0,40.7
09:46:37.000,NaN,47.6,NaN,69.8,68.7,69.6,70.1,69.3,68.2,65.1,68.4,67.1,64.4,64.7,62.4,59.7,54.8,49.6,43.3,42.8,34.7,31.3,30.5,29.5,27.7,26.6,27.4,28.5,29.2,30.3,31.5,41.3,35.2,35.2,36.2,36.9,38.1,38.9,40.6
09:46:38.000,NaN,47.7,NaN,67.4,65.4,68.5,66.6,68.6,70.1,69.8,65.3,64.8,64.8,62.5,59.5,59.9,55.2,49.0,45.2,40.8,35.3,30.1,31.1,28.9,26.7,26.9,27.7,28.7,29.3,30.4,31.1,41.1,35.1,35.2,36.4,36.8,38.0,39.0,40.8
09:46:39.000,NaN,47.1,NaN,65.2,68.1,70.2,65.4,69.5,67.1,68.5,64.9,64.2,63.8,61.4,60.6,58.9,53.9,46.7,42.6,40.4,32.7,30.1,30.2,28.5,26.6,27.3,27.8,28.6,29.1,30.2,31.1,41.4,35.1,35.2,36.4,36.9,37.9,39.0,40.6
09:46:40.000,NaN,46.8,NaN,69.2,70.5,69.1,66.0,70.5,70.5,69.3,66.9,65.7,64.7,63.4,61.4,59.2,53.5,47.1,42.7,41.7,33.9,30.8,29.2,28.6,27.1,27.0,27.7,28.6,29.5,30.3,31.0,40.2,34.8,34.8,36.2,36.9,38.1,39.1,40.6
09:46:41.000,NaN,46.5,NaN,77.2,70.3,60.1,59.1,68.8,67.1,70.7,64.5,65.6,63.5,62.2,60.9,55.0,51.1,46.6,41.3,40.3,32.7,29.6,30.1,28.5,25.8,26.9,27.6,27.9,29.2,30.3,31.1,40.6,35.2,35.0,36.5,37.0,38.0,39.1,40.7
09:46:42.000,NaN,46.4,NaN,74.8,70.1,68.9,71.8,70.2,71.8,69.9,63.3,64.0,64.7,62.1,61.6,57.6,53.3,49.8,42.7,40.4,33.8,31.1,30.2,28.7,26.3,27.1,27.6,28.6,29.1,30.4,31.2,40.2,35.0,35.0,36.4,37.1,38.0,39.0,40.7
09:46:43.000,NaN,47.1,NaN,72.9,68.5,68.2,66.5,70.5,67.9,67.6,66.4,64.0,62.6,59.3,57.9,57.8,54.4,48.8,44.2,41.7,32.6,30.1,29.5,29.3,27.1,27.4,27.8,28.2,29.1,30.2,31.1,40.9,35.3,35.0,36.1,36.9,38.0,39.1,40.5
09:46:44.000,NaN,46.7,NaN,66.4,72.2,68.3,67.6,70.7,69.8,65.3,62.6,64.5,63.4,62.2,60.9,58.6,54.7,49.6,46.2,40.6,34.4,30.1,30.3,28.7,27.2,26.6,27.9,28.5,29.4,30.4,31.3,41.1,35.4,35.0,36.0,36.9,37.9,39.0,40.6
09:46:45.000,NaN,45.0,NaN,68.9,72.4,69.6,68.9,66.4,68.1,68.4,66.1,65.2,62.0,57.7,57.8,55.6,51.1,46.6,40.1,40.5,32.5,29.3,29.3,28.2,27.7,26.7,27.3,28.0,29.1,30.2,31.4,40.8,34.8,35.1,36.1,37.0,37.9,38.9,40.7
09:46:46.000,NaN,45.3,NaN,67.6,74.7,69.5,72.4,66.9,69.6,64.0,66.7,61.7,62.3,61.3,56.5,53.7,51.5,44.8,40.2,38.6,32.2,28.0,30.6,28.5,27.3,27.0,27.3,28.0,29.4,30.2,31.2,41.2,34.8,35.4,36.4,37.0,38.1,39.1,40.6
09:46:47.000,NaN,45.0,NaN,72.9,70.0,71.0,68.7,68.0,68.2,68.8,65.4,64.0,63.3,59.9,58.2,52.8,48.4,45.1,41.7,39.9,30.7,29.0,30.1,28.4,26.7,26.3,27.9,28.6,29.1,30.3,31.2,40.4,34.7,35.0,36.3,37.0,37.8,39.0,40.6
09:46:48.000,NaN,46.2,NaN,65.1,71.4,70.7,70.7,64.6,69.0,67.2,67.2,61.3,62.2,62.4,59.4,53.8,47.2,46.0,42.1,39.4,32.2,28.8,30.3,29.0,27.4,27.1,27.7,28.4,29.1,29.9,31.2,40.9,35.2,34.9,36.4,36.9,38.2,39.0,40.7
09:46:49.000,NaN,46.1,NaN,64.8,68.0,66.9,66.6,66.9,65.0,69.7,64.7,69.1,64.4,60.2,58.3,55.7,50.5,45.6,42.4,40.8,34.7,29.8,30.6,28.9,26.9,26.7,27.4,28.2,28.7,29.8,31.3,40.8,34.9,34.8,36.0,37.0,38.0,39.0,40.8
09:46:50.000,NaN,46.8,NaN,67.3,73.1,67.2,65.7,70.2,67.6,67.3,68.6,63.9,63.7,61.9,59.9,57.0,51.9,48.6,44.2,41.2,32.7,29.4,30.1,28.7,26.9,26.6,28.0,28.4,28.9,30.2,31.2,40.8,34.6,35.1,36.3,37.0,38.0,39.0,40.7
09:46:51.000,NaN,46.0,NaN,69.3,64.7,69.1,65.7,68.6,65.9,66.8,67.0,66.4,63.5,62.7,59.5,57.5,51.9,50.5,44.1,41.4,32.8,27.9,30.4,29.1,27.4,27.0,27.1,28.3,29.0,30.3,31.2,41.1,35.0,35.0,36.0,36.8,38.0,39.0,40.6
09:46:52.000,NaN,45.7,NaN,67.2,72.1,70.6,68.9,65.0,66.3,67.2,65.3,63.3,60.4,61.8,58.7,55.7,49.9,48.6,42.9,39.9,32.8,29.7,29.2,28.9,26.9,27.2,27.4,28.4,28.8,30.3,31.0,41.3,35.3,35.0,36.1,37.0,37.9,39.0,40.7
09:46:53.000,NaN,45.7,NaN,75.2,67.7,72.3,66.5,66.7,65.0,66.3,66.1,63.5,58.3,59.9,57.2,55.7,51.8,48.6,43.0,40.0,34.2,29.4,30.1,28.9,27.1,26.7,27.7,28.1,29.4,30.8,31.2,40.2,34.9,35.1,36.4,36.9,38.0,39.1,40.7
09:46:54.000,NaN,46.1,NaN,77.8,67.0,66.1,68.3,67.0,66.4,67.4,60.4,60.2,60.4,59.7,58.7,55.8,52.7,48.1,39.7,40.6,32.6,30.2,30.5,29.1,27.5,26.6,27.9,28.4,29.2,30.1,31.4,40.8,35.0,34.9,36.2,37.0,38.2,39.0,40.6
09:46:55.000,NaN,46.7,NaN,71.9,70.3,68.6,68.6,63.2,67.0,62.9,65.7,66.6,59.4,62.8,59.2,54.7,54.4,49.0,41.1,40.3,33.8,30.9,30.1,28.5,27.3,26.8,27.9,28.3,29.2,30.3,31.0,41.3,35.1,34.9,35.9,36.9,38.1,39.0,40.7
09:46:56.000,NaN,45.9,NaN,66.1,71.9,68.2,69.1,67.3,64.9,64.8,65.9,65.6,62.9,63.7,60.5,54.0,52.9,46.1,42.1,38.0,33.2,29.9,30.7,28.8,26.8,26.7,27.7,28.4,29.2,30.3,31.5,41.0,35.0,35.0,36.3,36.9,37.9,39.0,40.6
09:46:57.000,NaN,45.1,NaN,67.2,67.8,65.4,67.5,68.6,66.7,63.2,64.5,64.5,64.6,60.3,55.5,54.0,51.1,46.7,40.9,40.4,33.6,30.0,30.1,28.2,27.0,26.9,27.9,28.4,29.2,30.3,31.0,41.0,34.9,34.9,36.0,36.9,38.1,39.1,40.6
09:46:58.000,NaN,45.0,NaN,69.5,64.7,71.8,64.5,66.1,67.5,70.2,67.2,63.9,62.1,56.9,55.5,53.2,51.2,45.5,41.1,39.6,34.2,29.7,30.6,29.1,26.9,26.8,27.3,27.9,29.3,30.3,31.0,40.8,34.9,35.2,36.4,36.8,38.1,39.1,40.6
09:46:59.000,NaN,45.2,NaN,67.4,63.6,63.6,65.3,66.2,65.2,65.6,64.1,63.0,61.5,56.3,56.6,52.3,50.1,45.3,40.4,39.7,33.6,28.4,30.8,28.9,27.5,27.1,27.6,28.1,29.4,30.2,31.3,41.6,35.2,35.0,36.3,36.9,37.9,39.0,40.9
09:47:00.000,NaN,45.1,NaN,64.2,70.0,62.8,65.9,65.9,66.4,65.8,66.1,63.6,59.7,56.7,56.0,53.1,49.6,45.5,40.5,39.6,36.6,31.2,31.0,28.6,26.5,27.2,27.6,28.2,29.4,30.4,31.2,41.2,34.9,35.0,36.0,37.0,38.1,39.0,40.7
09:47:01.000,NaN,44.8,NaN,59.4,65.9,65.7,69.2,63.8,66.1,63.4,66.6,61.4,59.7,56.5,56.1,53.4,49.8,45.3,40.2,40.0,36.4,31.0,31.0,29.1,26.8,27.1,27.3,28.3,29.3,30.0,31.0,41.0,34.7,35.0,36.2,37.0,38.0,39.1,40.7
09:47:02.000,NaN,45.4,NaN,66.2,60.2,65.7,62.2,62.1,63.1,65.9,61.5,61.5,57.7,56.2,55.4,54.0,50.8,43.9,40.8,39.5,37.5,31.5,31.2,29.3,26.9,26.7,27.6,28.4,29.4,30.5,31.5,41.2,35.0,35.0,36.5,36.9,37.9,38.9,40.7
09:47:03.000,NaN,45.2,NaN,65.6,67.0,65.9,65.5,63.8,66.8,66.7,63.2,62.6,59.8,58.0,56.5,53.8,50.5,45.2,42.1,40.1,37.9,33.3,31.1,28.9,26.4,26.5,27.6,28.3,29.2,30.3,31.2,40.8,35.1,35.0,36.3,37.0,38.0,39.0,40.7
09:47:04.000,NaN,45.3,NaN,74.3,72.5,53.6,65.7,67.8,67.4,64.3,63.3,62.8,59.7,61.7,58.1,55.3,50.6,46.6,43.1,40.4,36.1,34.0,31.9,29.4,27.1,27.2,27.8,28.3,29.5,30.4,31.0,40.9,35.2,34.9,36.3,36.9,38.1,38.9,40.6
09:47:05.000,NaN,45.3,NaN,66.4,74.1,66.1,66.8,65.4,66.5,66.6,64.6,59.3,59.3,57.0,58.0,53.5,48.8,45.8,41.1,41.2,35.2,35.9,31.1,29.2,27.7,27.4,27.5,28.3,29.2,30.2,31.1,41.1,35.2,35.2,36.2,37.0,38.0,39.0,40.7
09:47:06.000,NaN,45.2,NaN,70.7,66.7,63.8,69.2,65.7,67.5,62.6,60.7,60.9,61.6,60.4,55.2,52.7,50.1,46.4,43.0,40.5,36.5,35.9,31.2,29.3,27.9,27.2,27.5,28.2,29.3,30.5,31.2,41.1,34.9,34.7,36.1,36.9,38.1,39.0,40.6
09:47:07.000,NaN,44.9,NaN,72.7,67.0,62.4,65.8,66.1,67.6,65.8,66.8,60.3,57.9,57.8,54.7,51.5,48.7,45.2,40.3,40.8,34.7,34.0,31.9,29.3,27.9,27.0,27.3,28.6,29.3,30.3,31.2,41.5,35.5,35.0,36.2,36.7,38.0,39.0,40.7
09:47:08.000,NaN,45.0,NaN,71.4,70.4,66.4,68.3,65.8,65.3,63.5,63.4,60.4,62.7,57.4,54.6,49.3,49.5,45.3,41.4,40.6,34.8,35.8,31.8,29.5,27.8,27.4,27.4,28.1,29.1,30.1,31.5,40.6,34.8,35.2,36.3,37.0,38.0,39.1,40.8
09:47:09.000,NaN,45.1,NaN,72.6,71.3,65.3,69.4,69.8,68.2,61.5,61.4,63.6,63.5,58.2,55.4,53.3,48.9,46.4,42.6,41.1,35.0,32.3,30.8,29.3,26.9,27.3,27.3,28.1,29.0,30.0,31.2,41.2,35.0,35.0,36.2,37.0,37.9,38.9,40.8
09:47:10.000,NaN,45.3,NaN,65.8,67.7,67.7,65.6,66.8,67.3,65.8,65.3,63.0,59.5,59.5,55.1,54.7,49.9,47.3,43.3,40.6,33.9,32.4,30.5,29.1,26.6,27.4,27.6,28.5,29.1,30.1,31.3,40.9,34.5,34.9,36.2,36.9,38.0,39.1,40.6
09:47:11.000,NaN,45.3,NaN,71.1,71.3,65.1,64.5,62.1,66.1,64.9,62.8,60.9,58.4,62.0,56.8,55.1,49.6,45.7,42.8,41.4,34.5,31.0,30.2,29.4,27.7,27.2,27.4,28.4,29.2,29.8,31.1,41.3,35.0,35.0,36.3,37.0,38.1,39.0,40.7
09:47:12.000,NaN,44.6,NaN,66.8,71.9,66.7,65.3,64.4,69.1,65.1,64.3,63.3,56.7,57.9,55.9,52.3,48.1,42.1,39.6,40.0,33.4,30.6,30.3,29.2,26.6,26.9,27.3,28.1,29.1,30.3,31.3,41.2,35.2,35.0,36.4,36.8,38.1,39.0,40.6
09:47:13.000,NaN,44.8,NaN,72.9,67.5,66.3,69.5,65.2,66.4,63.3,64.6,62.2,59.7,56.8,57.4,52.5,48.9,44.3,40.4,40.8,33.6,30.6,30.3,30.0,27.0,26.7,27.6,29.0,29.4,30.2,31.3,41.1,34.8,34.8,36.4,36.9,38.2,39.0,40.6
09:47:14.000,NaN,44.6,NaN,64.5,69.5,67.9,68.3,68.9,65.0,65.5,63.7,62.1,59.9,59.8,54.8,54.8,46.8,44.9,40.0,40.4,34.0,31.0,30.2,29.3,27.3,26.8,28.0,28.0,29.1,30.2,31.4,40.9,34.8,35.1,36.1,36.7,38.0,39.0,40.6
09:47:15.000,NaN,44.8,NaN,69.4,66.8,63.8,63.5,67.9,66.6,66.5,62.6,62.1,58.6,57.0,53.2,51.4,48.8,45.7,41.2,39.6,33.3,29.8,29.9,29.4,27.6,27.1,27.9,28.1,29.4,30.4,31.2,41.3,35.0,34.9,36.3,36.9,38.0,39.2,40.6
09:47:16.000,NaN,44.0,NaN,65.1,59.7,64.5,67.9,67.7,61.9,64.7,63.6,59.8,58.0,59.6,55.1,48.8,47.8,44.5,41.6,40.0,33.2,30.7,30.8,29.1,26.8,26.7,27.3,29.2,29.1,30.5,31.2,41.0,34.8,35.0,36.3,36.9,38.1,39.2,40.7
09:47:17.000,NaN,44.4,NaN,62.8,71.6,59.4,65.8,65.0,63.4,66.3,60.9,60.2,58.1,55.2,55.8,51.9,47.2,44.3,40.4,39.0,33.9,30.8,29.9,29.9,26.6,26.3,27.7,28.9,29.6,30.5,30.9,40.9,34.8,34.9,36.3,37.0,38.0,39.1,40.7
09:47:18.000,NaN,44.4,NaN,67.7,65.8,67.1,66.9,68.5,68.7,65.2,63.2,60.4,58.7,53.7,55.7,51.8,47.0,46.2,38.7,39.8,32.7,30.7,30.0,28.6,27.2,27.0,27.4,28.3,29.5,30.6,31.0,41.4,34.9,35.3,36.3,36.8,37.9,38.8,40.7
09:47:19.000,NaN,45.1,NaN,63.6,65.1,61.7,62.2,65.9,64.5,63.0,64.9,57.8,60.6,58.3,55.0,51.7,50.6,45.3,39.0,39.8,31.9,31.3,30.7,29.1,27.3,27.0,27.4,28.3,28.9,30.2,31.3,41.6,35.1,34.8,36.2,36.9,38.1,39.0,40.6
09:47:20.000,NaN,43.4,NaN,65.1,64.9,66.6,62.7,65.1,65.4,60.9,65.5,62.5,59.4,57.5,54.3,50.8,48.0,42.6,39.8,39.3,33.1,30.5,30.4,29.3,27.5,26.9,27.6,28.5,29.3,30.2,31.0,40.6,34.8,35.3,36.0,36.9,38.1,39.0,40.6
09:47:21.000,NaN,44.1,NaN,65.8,70.8,63.5,67.7,66.5,64.9,64.9,61.5,61.3,58.9,53.3,50.4,49.6,46.4,42.6,40.9,40.0,32.2,31.2,30.5,29.2,27.6,26.8,27.5,28.1,29.0,30.4,31.3,40.9,34.9,35.1,36.2,36.8,38.0,39.0,40.7
09:47:22.000,NaN,44.4,NaN,68.6,69.2,66.7,66.6,66.0,65.2,65.4,63.2,61.5,60.7,58.0,52.6,51.6,48.7,44.1,40.9,40.1,31.5,31.1,30.5,29.6,27.2,26.8,27.6,28.6,29.1,30.3,31.0,41.2,35.0,35.0,36.2,36.8,38.0,38.9,40.7
09:47:23.000,NaN,44.4,NaN,67.5,72.3,64.5,65.1,64.7,63.1,63.2,65.7,63.1,58.7,57.9,56.2,49.3,47.3,42.8,39.9,39.7,32.8,30.9,29.7,29.2,27.2,26.7,27.6,28.4,29.3,29.9,31.3,41.1,34.8,35.0,36.1,37.0,38.1,39.1,40.6
09:47:24.000,NaN,44.3,NaN,68.0,59.6,66.3,64.5,67.7,63.3,65.1,63.4,61.6,58.8,59.1,53.9,51.1,46.4,43.0,40.5,39.4,34.4,30.7,30.2,29.3,26.8,27.4,27.9,28.6,29.1,30.4,31.1,41.0,35.0,34.9,36.3,36.8,38.0,39.1,40.7
09:47:25.000,NaN,44.0,NaN,69.9,64.5,61.4,67.0,66.6,66.0,64.4,63.4,61.9,57.2,59.0,53.7,49.3,47.6,42.9,39.4,39.6,33.3,31.5,30.8,28.8,26.8,26.9,27.5,28.5,29.2,30.2,31.5,40.9,35.1,35.1,36.1,36.7,38.0,39.0,40.7
09:47:26.000,NaN,44.0,NaN,65.5,66.5,65.0,64.3,64.3,63.1,65.3,64.2,59.7,58.4,56.4,51.8,52.7,47.3,40.9,38.1,39.5,32.9,30.5,30.7,28.8,27.1,27.5,27.6,28.7,29.0,30.3,31.2,41.3,35.1,35.1,36.3,36.9,37.9,38.9,40.7
09:47:27.000,NaN,44.6,NaN,68.6,64.4,64.8,67.2,66.4,64.5,64.7,63.0,57.6,58.5,55.8,54.6,53.2,50.5,43.5,40.7,38.9,32.2,31.2,31.4,29.3,27.2,26.8,27.2,28.6,29.4,30.4,31.2,41.1,34.9,35.2,36.5,36.8,38.0,39.0,40.7
09:47:28.000,NaN,44.4,NaN,67.4,67.1,65.5,65.0,62.7,63.7,62.7,64.6,60.3,57.3,55.6,56.0,52.4,49.0,43.7,40.5,40.7,33.5,30.9,31.2,29.1,27.2,26.3,27.9,28.6,29.0,29.9,31.1,41.1,34.6,35.1,36.1,37.0,38.2,39.1,40.7
09:47:29.000,NaN,43.9,NaN,68.1,70.2,65.0,68.3,63.7,67.2,64.7,62.4,61.7,53.2,56.0,53.5,51.8,46.9,42.8,39.3,39.0,34.0,31.8,30.6,28.9,26.7,26.9,27.3,28.5,29.1,30.0,31.3,41.0,35.2,35.2,36.4,36.9,38.0,38.9,40.7
09:47:30.000,NaN,43.9,NaN,67.9,64.1,63.3,67.8,62.0,63.4,64.5,62.4,56.7,55.0,53.4,51.6,51.1,46.8,41.6,38.5,39.6,34.1,31.8,31.3,29.0,26.8,27.8,27.5,28.5,29.2,30.6,31.4,41.2,35.1,35.2,36.1,37.0,38.2,39.0,40.6
09:47:31.000,NaN,44.0,NaN,65.3,62.2,67.0,63.6,65.4,66.3,64.3,63.2,56.8,56.3,54.0,52.8,52.1,47.4,43.2,40.8,39.9,34.4,32.5,31.5,29.8,26.8,27.1,26.9,28.3,29.3,30.0,31.3,41.2,34.9,35.1,36.2,36.8,38.0,39.1,40.7
09:47:32.000,NaN,44.5,NaN,67.6,63.8,64.4,61.6,65.3,61.4,63.4,58.9,58.2,55.9,52.0,51.0,52.1,45.9,42.9,41.5,39.4,34.8,33.6,31.3,29.1,27.1,26.9,27.3,28.2,29.3,30.2,31.3,41.4,35.1,34.8,36.3,36.9,38.0,39.0,40.7
09:47:33.000,NaN,44.0,NaN,69.9,64.1,67.1,66.9,68.7,69.0,62.8,57.6,59.0,54.4,53.0,53.4,52.2,49.2,45.2,40.9,39.5,35.0,32.2,31.1,29.6,27.3,27.1,27.2,28.9,29.5,30.5,31.1,41.0,35.0,35.2,36.2,36.9,37.9,39.0,40.7
09:47:34.000,NaN,44.2,NaN,66.6,65.8,59.4,63.9,64.5,65.2,64.1,58.5,56.5,54.6,53.5,53.9,49.9,46.9,44.0,39.2,39.5,35.0,31.7,31.5,29.0,26.9,26.9,27.7,28.0,29.0,30.4,31.2,41.5,35.1,34.9,36.2,36.9,38.1,39.1,40.7
09:47:35.000,NaN,44.4,NaN,61.1,65.8,64.3,60.8,64.8,66.6,63.1,55.7,53.4,55.2,53.1,53.1,51.2,48.5,46.5,39.3,38.7,33.6,31.3,31.4,28.9,26.9,26.9,27.4,28.1,29.3,30.3,31.2,41.1,34.8,35.0,36.1,37.0,38.0,39.0,40.6
09:47:36.000,NaN,44.1,NaN,58.3,62.2,57.4,64.1,68.0,64.9,62.8,60.7,57.1,57.7,55.0,53.5,51.5,46.0,44.5,39.9,39.9,33.5,30.9,31.1,29.0,26.9,27.0,27.2,28.3,29.6,30.0,31.3,40.7,34.8,35.0,35.9,36.9,38.0,39.0,40.6
09:47:37.000,NaN,44.3,NaN,70.6,66.6,63.2,62.8,63.8,67.7,60.8,60.3,59.5,58.7,55.3,56.1,52.9,48.5,44.8,37.4,39.6,33.0,31.7,31.1,29.4,27.4,26.4,27.6,28.3,29.1,30.1,31.2,40.9,34.7,35.1,36.0,36.8,38.0,38.9,40.6
09:47:38.000,NaN,44.6,NaN,62.1,58.9,66.0,65.1,62.5,61.1,61.3,58.7,63.5,57.8,52.9,54.1,52.3,48.5,43.8,37.9,39.1,33.0,32.2,30.7,29.3,27.0,26.7,27.4,28.5,29.2,30.5,31.3,41.3,34.8,35.2,36.2,37.0,38.1,39.0,40.7
09:47:39.000,NaN,44.3,NaN,61.5,61.8,67.5,63.7,66.5,62.7,59.6,62.0,61.4,56.8,55.1,56.6,52.8,47.5,42.3,40.0,39.3,32.8,31.2,31.3,29.2,27.5,27.0,27.7,28.6,29.3,30.3,31.3,41.7,35.4,35.0,36.4,37.0,38.2,39.0,40.6
09:47:40.000,NaN,43.6,NaN,70.8,66.4,64.2,63.8,63.9,61.9,62.0,63.0,58.6,55.8,56.9,51.8,51.3,46.5,41.9,39.9,38.8,33.4,31.9,31.3,29.4,26.7,27.1,27.3,28.4,29.6,30.5,30.9,40.7,34.8,35.0,36.2,36.8,38.0,38.9,40.7
09:47:41.000,NaN,43.6,NaN,64.4,67.1,61.7,66.2,66.9,62.6,62.1,61.2,61.1,55.7,52.6,53.3,47.3,45.5,42.7,40.7,39.6,34.2,30.8,29.9,28.5,27.2,27.1,27.5,28.6,29.1,30.2,31.4,40.9,35.0,34.9,36.2,37.0,38.0,38.8,40.6
09:47:42.000,NaN,43.6,NaN,66.5,68.8,62.2,62.6,60.6,60.9,61.2,61.0,55.8,57.1,54.5,51.6,48.6,43.8,39.7,40.2,38.8,33.3,30.3,31.3,29.5,27.2,26.8,27.7,28.4,29.3,30.4,31.2,41.4,35.0,34.9,36.3,36.9,38.0,38.9,40.6
09:47:43.000,NaN,43.8,NaN,66.6,61.0,68.0,59.9,59.4,63.3,61.7,60.6,56.6,54.3,51.3,51.9,47.2,43.7,41.5,39.6,39.2,33.2,30.1,30.9,29.3,27.2,26.7,27.1,28.1,29.1,29.8,31.4,41.2,35.1,35.3,36.0,36.8,38.0,38.9,40.6
09:47:44.000,NaN,43.7,NaN,62.9,61.5,62.0,64.3,62.3,63.6,63.7,59.2,59.9,56.5,55.9,53.1,47.9,45.1,39.6,41.3,39.1,33.2,30.3,31.5,29.0,26.9,26.5,27.8,28.3,29.4,30.3,31.3,41.1,34.9,35.0,36.3,36.9,38.0,39.1,40.8
09:47:45.000,NaN,43.4,NaN,64.5,63.3,64.4,63.2,62.2,66.1,64.7,60.0,59.0,54.2,52.0,51.0,47.2,42.3,41.6,39.5,39.7,33.3,30.5,30.3,29.1,26.4,26.7,27.6,28.1,29.6,30.4,31.1,40.8,34.8,35.1,36.2,36.9,38.0,38.9,40.7
09:47:46.000,NaN,43.5,NaN,52.3,62.6,63.5,63.3,66.0,61.9,60.7,58.5,60.4,55.2,54.9,52.6,49.1,44.0,42.0,37.7,39.6,34.6,30.0,30.7,29.3,27.1,27.4,27.8,28.6,29.4,30.6,31.5,41.2,34.7,35.2,36.0,37.0,38.0,39.0,40.6
09:47:47.000,NaN,43.7,NaN,57.5,64.0,66.4,57.1,61.1,65.3,61.6,62.5,57.5,52.9,52.8,52.2,48.5,45.1,40.7,37.9,40.1,34.3,31.4,31.2,28.6,27.1,26.7,27.3,28.8,28.8,30.8,31.4,41.0,34.8,35.1,36.2,36.7,38.1,39.0,40.7
09:47:48.000,NaN,43.7,NaN,61.6,66.4,64.8,68.7,65.2,62.9,61.0,61.7,57.1,55.3,51.7,52.1,49.8,44.8,39.8,38.0,39.6,34.1,31.8,30.4,28.9,25.9,27.4,27.5,28.6,28.9,30.3,31.4,41.4,34.8,35.1,36.3,36.8,37.9,39.0,40.6
09:47:49.000,NaN,43.4,NaN,62.0,63.2,62.0,61.2,60.2,62.0,61.5,63.5,60.6,56.2,50.9,50.6,48.4,45.2,39.6,38.5,39.5,34.2,30.3,31.1,27.6,27.3,27.2,27.3,28.3,29.2,30.1,31.3,41.0,35.2,35.2,36.1,36.9,38.0,39.0,40.6
09:47:50.000,NaN,43.7,NaN,67.3,65.2,60.9,64.0,63.8,60.0,59.2,61.7,56.8,54.3,51.9,48.6,48.7,44.3,40.3,39.7,38.8,32.5,29.5,30.9,28.4,27.0,27.0,27.7,27.7,29.1,30.2,31.2,40.8,34.8,35.0,36.1,37.0,37.9,39.1,40.7
09:47:51.000,NaN,43.7,NaN,64.0,65.8,63.6,64.0,61.8,62.3,60.7,61.0,61.5,54.8,54.9,51.3,51.9,46.6,41.0,37.1,39.6,32.4,29.7,31.1,28.9,27.0,26.5,26.9,28.3,29.2,30.2,31.3,41.1,34.9,35.0,36.3,36.7,38.0,38.9,40.6
09:47:52.000,NaN,43.6,NaN,60.9,69.6,64.8,58.2,63.4,64.7,59.1,61.5,62.3,55.8,54.8,50.8,50.1,45.4,41.2,39.2,38.9,32.5,29.7,31.1,29.2,27.2,27.4,27.3,28.3,29.2,30.2,31.6,41.2,34.9,35.1,36.0,37.0,37.9,38.9,40.6
09:47:53.000,NaN,43.7,NaN,62.3,63.8,57.5,65.5,63.4,59.0,60.0,59.8,57.3,53.0,51.0,51.5,48.2,45.1,42.3,41.2,39.4,32.1,29.3,30.4,29.1,26.6,26.7,27.3,28.3,28.9,30.3,31.5,41.3,34.8,34.9,36.4,37.0,38.0,39.0,40.7
09:47:54.000,NaN,44.0,NaN,64.7,60.8,69.5,61.1,60.6,61.6,59.0,59.6,55.1,55.1,52.8,52.1,49.5,46.4,43.4,42.0,38.7,33.1,29.7,30.5,28.5,27.8,26.8,27.5,28.2,29.2,30.2,31.4,41.0,34.8,35.2,36.4,36.8,38.0,38.8,40.6
09:47:55.000,NaN,43.4,NaN,68.6,68.5,62.0,62.0,64.0,59.3,58.6,60.4,59.5,53.6,53.4,50.3,50.3,45.7,41.1,41.0,39.3,34.1,29.8,31.3,28.6,26.5,26.7,27.3,28.3,29.1,30.6,31.3,40.4,34.9,34.7,36.2,37.0,38.1,39.1,40.8
09:47:56.000,NaN,43.6,NaN,59.9,67.0,67.0,63.7,65.4,63.1,62.4,60.2,56.6,52.7,49.9,50.6,50.2,48.0,43.5,41.7,38.9,33.8,30.8,30.4,28.6,26.5,25.9,27.4,28.7,29.3,30.0,31.1,41.1,34.7,35.1,36.3,37.0,38.0,39.0,40.5
09:47:57.000,NaN,43.4,NaN,69.7,63.1,62.1,60.5,60.8,64.3,61.8,59.5,53.9,53.1,52.2,50.3,48.9,44.0,40.6,40.3,38.8,33.2,30.7,30.6,28.5,26.9,26.9,27.7,28.3,29.2,30.8,31.1,41.1,34.7,35.2,36.4,36.9,37.9,39.1,40.7
09:47:58.000,NaN,43.7,NaN,64.1,63.1,64.6,63.7,66.1,62.5,58.9,61.4,55.1,51.1,48.4,47.3,48.1,44.7,41.7,39.4,39.1,32.8,29.8,31.1,28.4,27.4,26.5,27.7,28.2,29.3,30.3,31.0,41.6,35.3,35.0,36.1,36.9,38.1,39.0,40.6
09:47:59.000,NaN,43.3,NaN,66.6,62.7,62.5,58.4,58.9,60.3,60.0,58.4,56.9,54.2,48.9,50.8,47.2,43.8,41.4,40.1,39.4,32.0,29.8,30.7,28.9,27.4,27.2,27.4,27.8,29.1,30.3,30.9,41.0,34.5,35.3,36.4,37.0,38.0,39.0,40.7
09:48:00.000,NaN,43.9,NaN,66.9,60.7,60.9,58.3,62.3,61.5,60.7,59.8,57.7,55.0,52.2,51.2,48.8,46.1,42.0,36.9,39.6,33.8,31.0,31.3,28.2,27.1,26.5,27.6,28.0,29.1,30.2,31.3,41.4,34.9,34.9,36.2,37.0,37.9,39.1,40.7
09:48:01.000,NaN,43.4,NaN,62.5,63.6,63.6,58.0,62.8,58.4,59.6,59.5,58.3,52.7,51.3,52.3,49.7,46.7,41.8,40.1,40.4,34.6,31.7,30.8,28.5,27.6,26.7,27.5,28.4,29.3,30.5,31.5,40.7,34.5,35.0,36.1,36.7,38.0,39.1,40.6
09:48:02.000,NaN,43.5,NaN,69.8,65.2,61.5,61.1,62.8,59.9,61.6,60.2,56.9,54.6,51.2,48.4,47.4,44.4,41.7,38.5,40.3,33.5,31.4,30.7,28.8,27.2,26.7,27.9,28.4,29.4,30.4,31.4,41.1,35.1,35.0,36.1,36.7,37.8,39.1,40.7
09:48:03.000,NaN,43.7,NaN,63.5,68.7,61.3,58.0,58.9,58.8,60.3,58.2,53.6,55.8,52.8,51.7,51.0,45.5,41.5,40.8,39.9,33.5,31.6,31.2,28.6,27.6,27.2,27.8,28.0,29.7,30.3,31.2,40.8,34.8,35.1,36.3,36.9,38.0,38.9,40.6
09:48:04.000,NaN,44.1,NaN,62.9,60.1,64.7,58.8,57.8,62.0,60.7,59.8,56.5,53.7,54.8,51.5,49.0,46.8,42.3,40.5,40.9,34.5,31.7,31.4,29.2,26.9,27.1,27.6,28.1,29.3,30.3,31.3,41.6,34.9,35.2,36.1,37.0,38.0,39.1,40.6
09:48:05.000,NaN,44.0,NaN,67.2,61.8,59.5,56.1,61.0,60.1,60.1,55.1,58.5,55.3,54.8,51.2,48.7,43.4,42.6,40.4,41.0,32.9,30.5,31.4,28.4,26.2,26.6,27.3,28.2,29.5,30.3,31.2,41.7,35.2,35.2,36.2,36.8,38.0,39.0,40.7
