AMBIENT,73.5,52.2,71.7,53.4,51.2,57.6,54.6,56.6,55.5,53.9,57.6,69.8,65.7,57.6,65.6,58.5,55.1,52.4,47.3,43.0,40.5,41.3,40.8,36.4,35.9,35.2,34.9,34.7,35.2,36.2,37.2,37.8,38.6,39.6,40.6,41.6,42.6,43.6,44.6
09:41:51.000,73.3,51.5,71.6,49.2,50.3,55.2,54.6,54.1,52.9,50.2,60.1,69.4,65.0,57.9,65.3,57.3,54.3,51.8,46.6,43.2,40.5,40.0,40.2,34.1,32.6,32.7,33.8,34.4,34.7,36.4,37.6,38.1,38.5,39.9,40.7,41.7,42.6,43.5,44.6
09:41:52.000,74.1,51.4,72.0,51.2,53.4,60.0,58.3,56.5,55.5,52.2,57.9,70.0,64.7,58.5,65.4,57.2,55.1,52.0,47.0,42.5,39.8,40.6,40.5,34.3,32.8,32.5,32.9,34.3,34.6,35.9,37.1,37.8,38.9,39.9,40.6,41.6,42.5,43.5,44.6
09:41:53.000,72.0,51.3,70.3,48.8,49.2,55.6,53.8,54.7,55.6,53.9,56.1,66.3,64.0,55.8,65.2,57.9,55.2,52.7,46.2,43.2,39.5,41.2,40.1,34.2,33.0,32.3,32.7,34.2,34.8,35.8,36.5,38.0,38.6,39.6,40.5,41.4,42.6,43.5,44.8
09:41:54.000,73.5,51.3,71.7,46.1,48.0,53.8,52.8,57.7,56.8,51.6,58.8,72.2,64.1,56.1,65.0,57.4,56.2,52.9,47.4,42.7,39.9,40.5,39.8,34.0,33.0,32.6,33.3,33.4,34.7,35.6,36.6,37.3,38.7,39.7,40.6,41.4,42.4,43.6,44.6
09:41:55.000,73.0,51.1,71.1,43.9,49.3,55.0,55.1,56.6,56.9,51.8,57.3,69.9,65.6,57.5,64.5,56.3,54.5,52.5,47.6,42.6,40.6,40.1,41.0,34.3,33.3,32.3,32.7,34.0,34.6,35.5,36.8,37.5,38.5,39.5,40.5,41.7,42.6,43.6,44.7
09:41:56.000,73.7,51.4,71.9,49.2,51.5,56.3,54.3,57.2,56.5,56.1,58.2,68.0,63.7,57.2,64.8,56.7,55.2,52.7,46.2,42.1,39.5,40.0,40.8,33.1,33.5,32.7,33.2,33.7,34.9,35.4,36.5,37.7,38.7,39.7,40.8,41.6,42.7,43.8,44.7
09:41:57.000,71.9,51.2,70.2,48.3,50.5,52.6,50.8,53.8,52.4,55.4,57.5,66.6,65.5,56.2,65.1,57.0,54.8,52.5,47.2,41.4,39.6,39.4,41.2,34.6,33.5,32.7,33.0,33.7,34.8,36.0,37.0,37.5,38.7,39.6,40.6,41.5,42.6,43.7,44.7
09:41:58.000,73.4,51.3,71.4,49.6,53.1,61.6,59.3,55.4,54.0,49.6,58.5,71.6,64.4,55.5,63.4,56.7,54.2,52.2,46.2,41.7,39.8,39.5,40.4,34.0,32.7,32.9,32.7,34.0,35.1,36.3,37.3,38.1,38.8,39.7,40.6,41.6,42.8,43.6,44.6
09:41:59.000,73.0,51.3,71.2,49.4,51.1,54.7,50.7,56.0,54.5,52.1,58.1,71.4,66.0,56.5,64.8,56.4,54.3,52.0,47.5,42.6,39.8,40.5,39.8,34.3,33.5,32.1,32.8,34.2,35.2,37.4,37.9,37.5,38.4,39.7,40.9,41.7,42.5,43.5,44.7
09:42:00.000,73.5,51.6,71.6,45.9,50.5,57.4,54.9,57.3,55.7,57.2,58.1,67.6,64.3,56.5,64.6,57.0,55.7,52.5,46.9,42.7,40.4,40.9,39.9,34.5,32.8,32.7,33.3,34.4,35.0,35.8,36.9,37.5,38.6,39.7,40.4,41.5,42.6,43.6,44.7
09:42:01.000,72.7,51.3,70.8,52.4,50.6,58.0,55.8,56.6,56.4,51.7,56.0,69.3,64.8,57.9,65.3,57.2,54.4,52.3,47.9,44.5,40.7,40.7,40.2,34.1,33.2,32.4,32.7,33.6,34.7,35.6,36.7,37.5,38.5,39.5,40.8,41.5,42.7,43.6,44.5
09:42:02.000,72.7,51.4,70.8,49.5,49.8,55.3,55.2,57.5,55.4,52.2,57.4,67.8,64.9,57.4,64.8,56.7,54.6,52.9,47.3,43.6,41.8,40.6,40.2,34.0,33.3,32.0,33.0,34.0,34.7,35.6,36.7,37.8,38.5,39.6,40.5,41.5,42.5,43.6,44.6
09:42:03.000,73.8,51.4,71.6,51.7,52.8,59.6,56.8,56.1,55.4,55.9,60.1,72.0,64.8,58.8,65.2,57.3,55.4,52.5,48.2,43.6,40.5,40.8,39.8,33.7,33.4,32.9,32.8,33.9,34.9,35.9,36.5,37.9,38.5,39.7,40.5,41.5,42.8,43.7,44.8
09:42:04.000,73.4,51.4,71.5,55.9,52.8,46.8,48.5,56.8,56.9,55.3,55.6,67.9,66.8,58.8,65.1,57.6,55.3,52.9,47.6,42.9,40.6,39.8,39.9,34.4,33.2,32.6,33.5,34.1,34.6,36.0,37.0,37.7,38.4,39.4,40.8,41.6,42.7,43.7,44.6
09:42:05.000,73.3,51.2,71.4,50.1,49.3,56.7,55.8,56.9,56.5,48.6,58.9,71.4,64.8,56.6,65.0,57.0,55.2,52.2,47.1,42.3,39.9,40.2,40.2,34.2,33.0,32.7,33.2,33.8,35.0,35.8,37.2,37.7,38.5,39.5,40.6,41.7,42.7,43.5,44.6
09:42:06.000,72.3,51.3,70.6,46.5,51.1,54.6,52.7,55.7,55.6,51.7,58.2,65.2,65.2,58.5,64.9,56.5,54.3,52.4,46.1,42.9,40.1,40.3,41.0,34.3,33.8,32.5,32.9,34.1,34.5,35.5,36.7,37.6,38.6,39.6,40.6,41.5,42.6,43.5,44.7
09:42:07.000,72.4,51.2,70.5,50.3,49.9,53.3,51.5,53.6,54.4,54.6,55.1,69.7,64.5,56.5,64.7,56.5,54.0,52.8,46.5,42.0,40.1,40.2,40.2,33.4,32.1,32.8,32.8,33.5,34.9,36.8,38.3,37.6,38.6,39.6,40.8,41.4,42.4,43.6,44.6
09:42:08.000,73.6,51.5,71.6,52.9,52.5,60.3,57.9,56.9,55.5,53.2,58.4,68.3,64.6,58.4,64.5,57.2,54.8,52.6,46.1,42.7,39.1,38.8,40.0,32.8,32.5,32.4,33.3,33.8,35.1,37.6,38.7,37.6,38.4,39.8,40.4,41.5,42.7,43.6,44.6
09:42:09.000,73.0,51.3,71.3,50.8,51.6,55.1,53.5,56.8,55.7,50.2,57.1,71.5,65.2,57.4,65.2,58.4,55.0,52.3,47.6,43.0,40.1,39.5,39.6,33.5,32.6,32.9,33.0,34.2,35.0,35.4,36.7,37.5,38.4,39.6,40.5,41.7,42.5,43.5,44.6
09:42:10.000,73.0,51.2,71.1,46.6,48.7,56.7,54.9,56.4,56.9,56.0,54.7,70.9,64.2,58.2,64.1,57.1,55.4,53.2,47.9,43.8,39.7,39.0,40.5,34.3,33.6,33.1,33.3,33.8,34.8,35.7,36.8,37.8,38.6,39.6,40.5,41.7,42.7,43.8,44.6
09:42:11.000,72.2,51.3,70.5,53.6,51.0,54.6,52.4,55.6,54.6,56.9,56.1,67.8,64.1,55.8,64.9,58.0,55.6,52.6,47.4,43.2,40.3,38.7,39.5,34.4,32.5,32.7,32.9,33.9,34.4,35.4,36.5,37.7,38.7,39.5,40.5,41.6,42.4,43.7,44.5
09:42:12.000,73.6,51.3,71.8,50.1,49.3,57.2,55.9,55.9,54.2,52.3,57.2,68.6,62.8,55.4,65.7,58.0,55.4,52.5,48.2,42.9,39.4,38.5,40.1,34.6,32.9,32.5,33.6,33.5,34.8,35.4,37.0,38.1,38.4,39.6,40.4,41.6,42.6,43.7,44.8
09:42:13.000,72.3,51.2,70.2,51.0,51.5,56.1,55.3,55.5,55.6,50.4,58.5,65.3,63.9,56.7,64.6,56.7,54.4,52.1,46.4,43.1,39.8,39.6,40.9,33.7,32.3,32.1,32.9,33.6,34.7,35.9,36.5,37.5,38.6,39.5,40.6,41.5,42.7,43.5,44.7
09:42:14.000,73.3,51.0,70.6,56.8,55.3,60.2,57.8,55.6,54.2,54.0,56.7,70.5,63.5,56.9,64.7,56.6,54.6,51.9,46.5,41.9,39.9,39.1,39.3,33.8,33.1,33.0,33.6,34.1,34.7,35.5,36.4,37.8,38.4,39.3,40.6,41.6,42.6,43.5,44.6
09:42:15.000,72.8,51.1,70.9,57.7,51.3,49.3,49.2,57.9,58.7,55.8,57.9,67.4,64.2,56.3,64.4,56.3,54.1,51.9,47.1,42.4,39.3,38.5,40.2,34.1,33.5,32.4,32.6,33.7,34.3,35.7,36.4,38.1,38.6,39.5,40.6,41.6,42.5,43.5,44.6
09:42:16.000,73.0,51.3,71.0,55.7,53.7,51.4,55.0,56.3,55.2,49.3,57.1,70.9,64.7,58.7,64.3,56.9,54.0,52.5,46.6,41.4,39.8,39.0,40.4,33.5,33.2,32.6,32.8,33.9,34.9,36.0,37.7,39.0,38.8,39.5,40.4,41.5,42.6,43.8,44.7
09:42:17.000,73.6,51.4,71.5,52.8,54.3,61.3,58.1,55.9,56.1,50.9,57.1,71.2,66.2,57.1,64.6,56.7,54.1,52.4,46.6,42.9,39.1,39.4,40.2,34.3,32.6,32.4,33.1,34.3,34.8,36.3,37.4,37.5,38.4,39.6,40.7,41.6,42.5,43.8,44.7
09:42:18.000,72.4,51.5,70.5,52.9,53.8,54.7,52.8,55.1,54.0,54.9,57.3,68.3,65.5,59.4,64.7,57.6,54.5,51.2,47.1,42.2,39.3,39.4,40.3,33.8,32.5,32.2,33.3,34.5,34.8,37.3,38.9,39.1,38.6,39.7,40.6,41.6,42.7,43.6,44.6
09:42:19.000,73.6,51.4,71.8,52.9,50.6,57.0,57.2,53.4,54.5,56.0,55.0,70.3,64.9,55.8,66.2,58.1,53.0,51.8,47.4,41.8,41.0,40.7,39.0,34.1,33.3,32.2,32.6,34.2,34.6,35.5,36.5,37.6,38.7,39.5,40.6,41.7,42.6,43.7,44.6
09:42:20.000,72.9,51.7,71.2,48.3,50.1,55.7,53.3,56.0,56.6,50.8,55.1,67.9,65.8,58.1,66.8,59.1,56.0,52.9,48.2,41.8,40.9,41.4,38.6,33.9,32.9,32.2,33.3,33.9,34.5,35.6,37.1,37.9,38.6,39.7,40.7,41.6,42.6,43.6,44.5
09:42:21.000,73.9,51.8,72.2,51.1,54.5,54.7,54.5,56.7,55.9,51.8,56.5,69.9,64.5,58.0,67.5,59.7,55.8,51.7,47.6,42.6,40.9,41.7,38.6,34.6,33.7,33.0,33.5,33.9,34.5,35.7,36.8,37.6,38.5,39.6,40.8,41.7,42.6,43.6,44.7
09:42:22.000,73.6,52.0,71.9,51.7,53.7,58.8,58.5,57.8,56.9,57.6,56.0,66.0,66.7,56.8,68.6,60.4,54.8,53.0,48.1,42.0,39.9,42.0,39.3,35.6,32.8,32.5,32.6,34.1,34.8,35.5,36.5,37.6,38.5,39.4,40.7,41.5,42.5,43.7,44.6
09:42:23.000,74.6,52.7,73.0,51.1,50.7,51.4,52.6,57.2,56.7,48.6,55.1,70.7,67.8,58.6,67.6,60.5,56.6,53.3,48.0,43.0,39.7,44.3,39.9,38.3,37.9,37.4,36.7,35.6,36.0,36.2,37.4,38.3,38.8,39.5,40.4,41.6,42.6,43.5,44.6
09:42:24.000,74.1,53.2,72.5,52.4,48.0,54.9,53.8,56.5,55.2,53.3,59.4,65.1,68.2,59.3,67.7,60.5,54.8,53.1,48.0,44.6,41.1,44.6,42.2,41.8,41.3,39.6,39.5,36.5,35.7,36.2,36.9,37.5,38.5,39.4,40.5,41.6,42.5,43.6,44.7
09:42:25.000,74.8,53.3,73.0,56.5,53.9,58.8,58.1,55.7,54.4,56.0,58.2,71.2,68.3,59.0,66.9,61.5,56.0,53.0,47.7,43.1,41.8,45.0,43.6,42.3,40.6,39.9,38.7,37.5,36.9,36.6,36.9,37.5,38.4,39.7,40.7,41.6,42.7,43.5,44.7
09:42:26.000,74.4,53.5,72.7,52.1,53.5,58.4,55.7,56.8,53.8,53.5,54.7,67.1,67.1,58.2,67.1,62.4,56.4,51.9,48.5,44.7,43.0,43.9,44.4,42.8,41.9,39.5,38.6,36.9,37.2,37.5,37.7,37.6,38.5,39.6,40.5,41.8,42.8,43.8,44.6
09:42:27.000,75.3,53.6,73.7,53.5,54.3,58.9,57.4,56.6,56.5,52.6,59.3,71.0,67.2,59.6,66.9,62.0,56.3,51.8,47.3,44.0,42.5,44.6,44.1,41.6,40.7,40.3,39.5,36.2,37.6,37.7,38.2,37.6,38.5,39.7,40.6,41.7,42.4,43.6,44.6
09:42:28.000,73.8,53.3,72.3,48.7,48.8,55.5,55.1,57.3,57.5,54.8,57.2,68.7,68.0,59.4,66.4,61.2,56.6,51.7,47.2,43.6,41.7,42.9,42.3,40.0,42.2,40.4,38.8,36.5,37.3,36.5,37.5,38.3,38.7,39.7,40.5,41.5,42.5,43.5,44.6
09:42:29.000,74.8,53.3,73.2,47.9,53.7,56.3,56.3,56.3,53.4,56.8,55.4,71.0,69.8,60.3,66.4,62.5,54.8,51.6,47.9,43.5,41.8,42.9,42.1,38.8,40.2,40.2,39.1,37.9,36.8,36.3,36.9,37.6,38.7,39.7,40.6,41.7,42.7,43.7,44.7
09:42:30.000,74.9,53.5,73.2,48.2,53.7,57.6,56.8,53.1,54.3,51.2,57.1,69.6,67.8,58.6,65.8,62.5,55.9,51.7,47.9,46.3,43.5,42.3,43.3,40.1,38.8,39.8,39.2,38.5,37.9,37.5,37.9,38.2,38.8,39.5,40.4,41.7,42.6,43.6,44.6
09:42:31.000,74.3,53.8,72.7,48.2,52.0,57.6,57.6,56.2,55.8,50.4,57.0,71.2,68.5,58.9,66.9,62.0,57.4,52.5,46.9,44.4,41.0,40.5,42.5,40.4,39.6,41.3,41.3,39.9,41.6,39.5,38.5,38.2,39.1,39.6,40.5,41.6,42.5,43.5,44.7
09:42:32.000,74.9,54.0,73.2,51.7,50.6,55.1,54.2,58.3,56.1,56.1,56.4,72.3,67.3,58.7,66.8,60.1,56.7,54.0,48.0,44.9,42.0,41.1,42.4,43.3,40.5,41.0,41.6,41.2,42.1,40.8,38.4,38.3,38.6,39.5,40.6,41.6,42.4,43.6,44.6
09:42:33.000,73.1,54.0,71.5,48.6,52.9,54.8,52.3,56.6,56.8,53.8,54.8,68.9,66.4,58.3,66.1,59.3,55.4,53.6,47.8,45.5,42.0,42.0,41.1,44.4,41.8,41.7,41.1,40.9,41.8,40.8,38.8,39.2,38.7,39.8,40.4,41.6,42.6,43.7,44.7
09:42:34.000,74.0,54.8,72.1,48.6,52.2,61.5,59.4,57.7,56.5,51.7,55.4,71.9,67.9,60.1,66.1,59.3,56.4,53.8,48.2,46.6,43.7,42.9,43.1,45.7,43.4,43.9,42.1,41.8,43.0,41.1,38.5,38.1,38.6,39.7,40.6,41.6,42.7,43.6,44.5
09:42:35.000,73.5,56.6,71.9,46.0,50.1,50.2,54.5,57.1,56.4,51.2,56.2,67.3,65.0,57.1,65.3,58.2,56.2,54.2,48.2,47.0,45.1,44.0,42.5,49.8,47.9,46.9,44.2,45.7,46.0,41.3,39.0,39.2,38.6,39.3,40.3,41.7,42.4,43.7,44.7
09:42:36.000,73.2,58.1,71.4,47.0,46.2,52.4,51.3,57.9,57.0,55.3,57.7,71.0,65.3,57.5,64.2,56.7,55.8,54.0,47.7,46.8,45.8,44.1,44.9,51.1,50.0,50.8,48.3,45.6,47.0,42.9,39.0,38.8,38.8,39.7,40.7,41.6,42.7,43.7,44.7
09:42:37.000,73.0,59.1,71.1,51.0,51.2,59.5,57.3,56.9,57.6,50.7,56.5,70.0,65.6,57.1,63.0,56.4,55.0,53.7,48.3,46.9,47.3,45.3,44.6,52.5,50.6,52.9,48.9,46.9,46.2,44.7,41.6,39.6,38.8,39.7,40.7,41.5,42.6,43.7,44.6
09:42:38.000,73.4,60.1,71.6,50.9,45.8,50.6,51.8,57.7,57.3,49.0,59.3,71.2,65.0,57.6,63.9,55.4,54.3,52.1,46.9,48.5,48.1,46.7,45.2,52.4,50.5,53.4,51.5,47.9,49.0,47.0,42.6,39.5,39.0,39.4,40.4,41.5,42.6,43.8,44.7
09:42:39.000,73.6,60.9,71.9,48.4,51.7,58.3,54.2,56.8,56.2,53.9,59.0,71.1,64.3,58.8,64.7,56.2,53.1,51.7,48.1,52.4,47.9,47.6,46.2,52.3,51.1,53.4,53.3,50.4,48.8,48.1,43.0,39.9,39.0,39.5,40.8,41.8,42.6,43.6,44.6
09:42:40.000,73.2,60.6,71.4,43.0,51.6,54.7,52.0,56.8,55.8,54.4,57.2,71.3,64.8,58.5,64.7,56.1,53.2,49.9,47.3,50.6,50.1,47.6,47.6,53.2,51.0,54.2,52.8,49.0,46.6,45.9,42.0,39.5,38.8,39.4,40.6,41.5,42.7,43.5,44.7
09:42:41.000,74.0,59.7,72.0,49.8,53.8,57.2,53.3,57.8,55.7,49.3,59.4,69.6,65.9,56.9,63.9,56.6,52.8,51.6,49.8,52.6,49.8,49.5,47.4,52.2,51.6,52.1,50.6,47.6,46.2,46.3,41.8,39.3,39.0,39.7,40.6,41.5,42.4,43.5,44.7
09:42:42.000,73.2,58.8,71.0,56.0,55.6,58.8,55.8,58.8,56.7,50.0,57.9,70.7,64.7,56.4,64.1,57.2,54.5,51.4,49.2,53.5,48.4,50.6,46.9,51.4,50.9,49.8,48.5,46.4,46.0,45.3,41.1,38.8,38.8,39.6,40.6,41.6,42.4,43.7,44.6
09:42:43.000,107.3,66.6,96.2,92.8,90.8,92.9,98.1,97.8,97.9,94.7,83.5,77.6,69.6,67.5,71.6,71.7,68.6,66.5,65.6,63.8,65.7,62.0,60.9,60.9,58.1,55.4,52.5,52.3,50.4,49.0,45.1,41.5,39.0,39.6,40.6,41.5,42.6,43.7,44.6
09:42:44.000,104.6,66.9,94.4,96.9,95.8,91.6,96.9,95.1,92.6,93.1,81.8,71.9,68.4,65.2,66.2,65.1,62.7,61.4,62.6,61.7,61.9,60.0,59.5,60.2,59.9,56.4,54.6,53.4,53.0,51.3,49.4,45.4,40.4,39.8,40.6,41.3,42.5,43.5,44.5
09:42:45.000,104.8,74.1,93.9,86.5,91.2,98.5,98.9,94.5,91.1,85.1,73.4,72.3,68.9,63.3,68.7,65.3,64.7,67.1,69.6,68.2,69.0,68.3,66.0,66.0,66.6,64.3,60.9,60.0,58.1,56.3,52.6,48.5,42.8,39.8,40.7,41.6,42.6,43.6,44.7
09:42:46.000,102.8,86.8,95.3,89.6,88.5,87.7,88.6,93.7,92.3,86.5,79.8,76.2,71.2,75.4,76.6,76.3,81.0,82.6,84.2,84.2,84.4,83.8,81.2,78.8,78.3,75.1,71.2,70.4,68.0,66.9,64.6,61.6,56.4,47.6,42.1,41.7,42.6,43.6,44.7
09:42:47.000,110.3,94.7,104.8,86.2,92.8,97.3,102.1,106.0,100.5,98.5,86.8,84.5,81.9,85.2,84.7,90.4,92.4,95.5,96.8,94.1,92.3,92.3,87.8,84.9,83.1,79.9,76.5,74.4,73.4,71.8,70.9,69.2,64.8,55.3,50.9,46.2,44.2,43.7,44.6
09:42:48.000,113.0,98.9,109.4,94.1,94.4,97.6,96.0,101.7,101.3,101.8,97.4,94.7,90.4,89.0,92.4,98.2,97.6,101.2,101.1,97.8,97.8,94.9,93.3,90.3,86.8,82.9,79.6,78.7,76.7,73.7,71.9,69.4,67.9,62.7,58.4,51.1,47.2,44.6,44.7
09:42:49.000,118.9,103.3,114.7,97.6,103.1,106.9,109.0,114.7,112.0,103.9,103.2,99.4,95.9,96.5,101.2,103.6,107.5,105.1,103.6,102.7,99.9,99.8,97.9,95.7,91.9,88.5,85.3,84.2,81.8,79.8,77.2,75.2,73.3,68.1,66.8,63.2,61.6,57.7,50.6
09:42:50.000,122.4,106.5,117.9,100.4,101.6,105.5,113.2,114.1,112.1,113.1,109.3,106.3,103.2,104.1,102.4,107.2,106.1,107.0,106.4,104.4,103.4,101.3,100.6,99.0,96.5,92.2,89.4,88.8,86.8,85.0,81.8,80.1,79.2,75.4,75.6,71.7,67.2,61.8,55.6
09:42:51.000,125.1,109.6,120.5,96.9,105.4,111.4,116.0,119.1,118.6,116.4,111.8,108.3,107.3,108.4,106.2,107.1,107.3,108.9,108.3,106.8,104.9,103.6,104.4,102.6,100.4,97.6,94.0,92.6,90.8,89.7,87.7,85.8,85.2,82.6,83.6,78.9,75.3,70.7,65.1
09:42:52.000,125.6,111.4,121.1,106.0,107.2,112.4,117.6,116.2,116.9,116.5,108.0,108.8,110.6,108.9,107.2,109.3,109.4,110.4,108.0,107.0,106.5,106.4,105.5,104.6,102.8,100.5,98.3,96.7,95.2,94.7,93.1,92.1,92.1,89.6,90.7,86.9,84.4,80.6,75.9
09:42:53.000,124.8,113.9,122.7,103.9,104.1,102.9,106.9,110.7,116.0,114.0,114.8,114.8,109.1,110.1,111.8,111.3,112.0,111.5,110.2,109.4,108.4,108.8,108.5,107.5,104.9,102.9,101.0,100.0,97.8,97.7,96.2,95.6,95.6,92.8,93.5,90.2,87.9,84.1,79.5
09:42:54.000,126.0,114.1,124.4,98.6,103.7,109.8,114.1,111.5,109.0,111.9,117.2,116.9,116.8,114.3,113.9,115.8,113.8,112.0,111.0,110.4,109.6,110.0,108.7,107.4,104.7,102.9,100.4,98.6,96.9,96.6,94.2,93.6,93.1,90.5,91.2,88.1,85.3,81.7,76.3
09:42:55.000,125.6,113.0,124.2,96.1,95.7,100.3,108.7,113.7,111.1,111.1,114.1,114.7,117.0,113.7,115.5,114.5,112.4,113.6,109.4,110.5,109.4,108.2,107.4,105.2,103.5,101.6,99.0,97.4,97.0,96.4,93.7,93.0,93.1,90.0,91.1,87.0,83.3,79.0,73.3
09:42:56.000,127.2,113.9,125.6,98.7,103.0,107.0,110.2,109.1,112.2,116.2,116.0,118.3,120.1,118.2,117.4,115.8,112.6,112.9,112.6,112.3,108.8,108.3,106.1,105.7,104.5,103.9,100.6,99.3,99.8,99.3,97.0,96.8,96.8,93.9,94.9,91.6,88.4,84.6,78.8
09:42:57.000,128.1,113.4,126.7,98.8,103.2,107.9,109.0,109.1,109.0,113.3,119.9,119.1,119.8,121.4,117.1,116.9,114.3,113.5,112.5,111.4,109.8,108.6,105.4,103.2,103.4,101.2,98.6,96.6,97.8,97.3,95.0,94.9,94.6,91.6,92.1,88.5,84.6,79.2,72.8
09:42:58.000,129.3,114.2,127.2,102.4,105.3,108.7,114.3,119.2,117.0,117.6,118.8,121.7,120.9,118.9,118.1,117.6,115.1,115.1,114.0,111.9,110.8,109.3,107.2,106.5,105.9,102.9,99.0,97.6,96.8,96.7,94.4,95.0,94.5,91.6,90.5,86.9,82.8,77.7,71.6
09:42:59.000,130.3,117.0,128.4,101.9,106.8,108.1,113.3,116.5,115.6,117.3,121.7,122.9,120.1,117.8,119.1,117.7,117.0,116.8,115.1,115.2,113.9,111.9,110.6,109.7,108.5,106.6,103.8,103.8,102.5,102.0,98.7,99.2,98.4,96.1,95.7,92.3,87.9,82.6,78.0
09:43:00.000,131.7,117.6,129.2,110.3,110.7,113.7,117.4,122.2,119.6,120.8,121.9,120.8,119.0,118.2,118.5,117.2,116.8,114.8,113.8,114.7,113.9,110.7,110.0,109.6,107.5,105.3,102.6,102.0,101.2,101.1,98.1,98.4,97.5,94.7,93.4,89.9,85.8,81.3,77.5
09:43:01.000,131.3,115.3,128.2,109.5,114.9,115.5,121.1,124.3,121.5,123.7,120.9,120.9,118.2,117.1,116.3,118.4,116.2,114.9,114.1,113.1,112.3,109.1,108.3,108.5,106.3,104.0,100.7,100.2,99.6,98.4,96.2,96.5,95.6,93.4,92.2,87.9,84.6,81.1,77.3
09:43:02.000,130.8,113.2,127.3,115.2,117.2,119.0,120.3,118.1,119.3,121.1,122.6,122.6,117.7,117.5,116.6,114.6,113.8,112.7,111.0,112.0,109.2,106.9,105.9,104.3,102.6,100.8,98.6,97.9,96.7,95.8,94.4,94.1,92.5,89.9,87.9,82.8,79.5,75.6,70.1
09:43:03.000,130.3,114.3,127.1,105.6,114.7,121.3,121.0,122.3,119.0,120.0,121.4,118.9,120.0,115.2,117.2,115.1,114.9,113.3,112.3,111.6,110.3,108.1,107.5,105.8,104.4,102.8,100.0,99.4,99.0,98.3,96.7,97.0,94.9,92.1,90.2,84.7,82.4,78.2,71.7
09:43:04.000,131.0,114.4,127.5,109.4,114.5,114.9,118.2,121.9,123.8,123.7,120.3,122.2,118.9,116.7,116.2,114.3,116.1,112.8,110.4,111.1,109.9,109.0,107.8,106.3,105.7,104.1,102.0,99.9,100.2,99.5,97.8,98.0,96.6,93.6,92.1,88.0,86.2,81.1,75.9
09:43:05.000,130.2,114.1,127.1,107.8,110.1,116.8,121.4,119.1,120.6,120.0,122.4,118.1,118.6,115.8,117.7,116.7,116.2,115.0,113.9,113.2,110.6,109.3,107.7,106.5,105.6,103.1,100.9,98.7,98.1,97.1,95.5,95.6,93.2,89.9,88.3,84.7,80.2,74.2,69.8
09:43:06.000,129.9,113.2,126.2,110.5,114.6,117.4,122.6,121.0,121.3,115.8,119.2,118.6,118.3,118.2,114.9,115.1,113.4,112.4,113.2,110.6,108.4,108.4,104.7,104.0,102.4,100.0,98.9,97.5,97.1,96.6,95.8,95.0,91.7,88.6,86.8,83.9,77.6,73.5,68.3
09:43:07.000,129.7,113.5,125.4,117.5,117.4,116.7,119.5,119.2,117.9,120.0,118.1,118.0,117.5,116.3,114.3,115.0,113.3,111.9,111.8,109.9,108.0,107.3,106.2,105.6,104.9,103.1,102.6,100.7,100.9,99.8,99.3,97.3,94.1,92.1,91.3,87.8,82.5,79.1,74.7
09:43:08.000,128.6,112.5,124.3,117.0,116.9,115.8,118.2,118.3,116.9,117.2,118.0,116.6,116.4,114.4,114.0,114.2,112.0,111.7,109.7,108.6,107.5,105.8,106.1,105.6,103.6,101.6,100.6,98.0,98.3,97.2,97.2,94.7,91.3,90.3,89.0,84.5,80.1,74.5,70.5
09:43:09.000,128.6,111.7,124.5,113.3,111.4,115.3,117.1,119.7,116.0,117.9,117.0,114.6,116.8,113.9,115.7,114.5,111.0,110.9,110.2,108.3,108.1,105.7,104.9,103.2,101.7,100.8,99.7,97.4,97.0,96.2,96.3,94.8,91.1,91.3,88.9,85.0,81.4,76.2,71.5
09:43:10.000,127.3,110.2,123.5,113.9,114.8,114.3,112.4,114.8,115.9,120.4,115.4,116.6,116.8,113.9,113.2,112.7,110.8,111.2,109.3,108.5,106.4,104.3,103.5,102.3,100.6,98.8,97.2,94.7,93.6,93.0,92.4,91.1,87.5,86.9,83.3,79.7,73.9,68.1,62.2
09:43:11.000,126.6,108.6,122.3,117.9,116.1,114.7,110.6,112.4,115.6,116.4,114.1,117.9,115.0,111.2,110.2,111.1,108.9,110.2,109.2,107.4,105.1,103.7,102.3,100.3,99.3,97.7,96.3,94.2,93.3,92.1,90.8,88.4,85.6,85.4,81.8,80.1,74.1,68.9,64.1
09:43:12.000,125.4,107.5,121.5,112.0,111.3,113.4,117.9,114.4,114.6,111.7,114.8,111.4,112.3,110.4,111.1,110.8,107.5,108.7,106.6,105.3,102.7,101.6,100.0,97.8,96.9,95.8,93.8,90.6,89.4,87.7,87.6,85.6,83.2,82.4,78.2,76.8,70.8,63.3,58.1
09:43:13.000,124.6,107.0,120.7,108.3,110.8,111.0,111.2,111.8,113.8,115.0,112.6,113.5,113.0,110.1,111.7,110.6,107.1,108.4,106.6,103.6,102.6,101.9,100.3,98.5,97.7,96.0,94.7,92.6,92.0,89.6,88.8,87.5,84.3,83.3,79.4,77.3,72.6,65.8,60.4
09:43:14.000,125.4,105.5,120.4,111.7,114.4,115.6,113.7,114.6,115.2,114.9,114.3,111.8,110.7,112.2,110.2,109.0,108.5,107.3,105.1,103.8,102.0,101.4,98.6,96.7,96.1,94.0,92.7,89.9,89.1,86.3,85.2,84.9,82.3,81.1,77.0,73.6,68.5,61.7,55.5
09:43:15.000,123.6,104.6,119.0,109.1,108.6,112.6,113.4,113.5,114.1,115.3,111.3,108.8,111.3,108.8,109.4,107.6,105.6,105.4,104.8,102.6,99.7,99.6,96.0,95.2,93.5,94.0,92.9,89.5,88.1,85.9,84.2,84.5,81.4,79.4,76.4,73.1,67.8,60.7,54.6
09:43:16.000,122.7,103.9,117.6,110.7,111.1,110.4,109.9,111.5,112.1,110.6,109.7,110.0,108.1,108.5,107.0,107.7,104.3,103.7,103.2,102.3,99.7,98.7,97.3,95.4,94.3,93.3,91.3,87.9,86.6,84.4,83.1,82.7,78.5,76.7,73.0,70.4,65.2,59.1,54.0
09:43:17.000,122.3,103.2,116.4,112.1,113.3,115.8,112.4,110.7,108.7,110.5,108.1,106.8,109.1,107.7,104.2,106.0,104.9,105.3,103.4,100.6,99.1,97.8,95.6,94.1,93.7,92.7,92.2,89.6,87.5,83.7,81.8,82.2,77.7,74.9,69.7,65.8,59.2,52.3,47.3
09:43:18.000,121.9,102.7,116.8,106.8,106.6,111.5,114.7,111.2,111.4,108.8,107.2,108.3,106.1,106.7,107.6,104.0,105.6,103.9,100.4,98.5,96.2,95.3,93.6,93.3,93.1,92.2,90.7,88.4,86.4,82.2,81.3,82.0,77.4,77.3,72.6,69.8,63.7,56.5,50.3
09:43:19.000,121.6,101.2,115.9,110.8,110.7,111.1,108.3,105.7,109.7,107.3,107.3,109.8,108.1,107.8,106.2,103.8,102.8,103.0,100.7,98.7,95.5,93.9,92.9,91.3,91.1,90.0,89.8,86.8,85.4,81.2,81.9,81.2,75.0,73.7,68.3,64.7,57.6,50.0,46.4
09:43:20.000,120.7,98.7,114.1,108.6,107.0,111.5,111.6,110.7,109.4,105.9,105.9,107.9,104.8,104.5,102.3,101.0,101.0,99.2,99.2,96.9,96.0,92.5,90.5,88.1,86.5,86.9,86.6,83.6,81.2,75.7,75.4,73.7,66.5,65.4,58.3,53.6,47.7,44.5,44.7
09:43:21.000,119.1,99.2,114.6,102.1,103.0,106.6,106.9,110.7,109.5,108.8,105.7,105.9,106.4,105.7,105.4,103.6,103.2,100.3,99.9,96.3,95.2,93.1,92.2,90.4,88.4,87.5,86.8,83.6,82.0,76.2,75.4,73.6,66.3,67.0,60.6,54.8,47.7,44.5,44.7
09:43:22.000,119.2,97.5,114.3,108.1,106.5,107.0,106.5,104.4,104.3,106.8,107.5,111.7,106.7,104.9,103.9,100.2,99.9,99.5,97.2,95.5,94.3,91.7,89.4,86.3,86.6,85.6,85.8,82.0,79.8,74.7,76.6,76.0,68.3,66.3,57.9,51.9,47.0,44.1,44.7
09:43:23.000,118.9,96.3,113.5,102.6,108.9,112.2,109.2,106.3,106.1,109.0,108.3,108.5,104.2,104.9,101.6,101.5,100.7,100.2,98.4,96.2,93.4,90.3,86.4,84.8,84.2,84.1,83.6,80.5,76.8,71.9,72.1,69.6,62.7,58.6,52.7,47.9,45.2,44.0,44.7
09:43:24.000,117.6,96.5,112.6,106.1,106.5,107.4,104.0,107.2,108.7,107.0,106.4,103.5,103.7,102.1,103.5,103.4,100.5,99.1,97.8,95.4,94.5,90.9,87.2,86.0,85.0,83.7,82.9,80.5,78.3,72.7,73.7,72.6,65.6,64.3,57.1,51.8,47.2,44.8,44.8
09:43:25.000,117.4,96.7,111.8,107.4,103.2,101.4,104.4,107.6,109.2,106.1,105.6,103.6,99.7,101.4,102.0,100.8,99.5,98.8,96.5,93.9,93.3,91.7,89.0,85.2,83.9,84.5,84.8,81.5,75.8,70.7,70.7,69.3,64.4,62.2,53.2,47.3,44.3,43.7,44.7
09:43:26.000,117.8,96.9,111.6,107.1,105.4,106.7,105.7,109.0,102.8,102.4,104.0,102.9,104.5,102.0,102.1,98.2,98.1,97.3,96.0,94.6,92.4,91.9,87.8,86.7,85.7,85.3,84.6,81.8,78.5,73.7,73.9,71.4,64.8,61.6,54.9,49.9,46.1,44.4,44.8
09:43:27.000,115.3,93.8,109.9,103.2,101.7,106.1,105.6,105.4,100.5,103.9,104.9,105.6,100.3,98.5,100.2,96.5,97.5,97.0,96.0,92.1,91.1,89.5,86.8,84.4,84.0,83.2,81.2,77.5,71.8,65.1,64.6,63.4,59.3,55.8,49.2,44.2,43.2,43.7,44.6
09:43:28.000,115.6,92.8,109.5,101.8,103.8,103.9,104.9,106.2,107.5,107.9,102.9,99.7,98.3,100.9,97.0,97.1,97.4,96.5,94.9,91.4,90.0,87.2,85.1,84.7,83.3,81.9,81.1,78.3,74.9,71.3,72.3,71.1,67.7,66.1,58.9,53.5,48.8,45.5,45.1
09:43:29.000,113.8,92.1,108.8,97.3,99.3,103.6,104.3,104.2,104.2,102.5,103.0,102.5,100.2,101.1,98.0,95.8,96.4,94.7,92.8,89.6,87.6,86.7,83.7,81.7,80.4,81.0,80.5,76.2,71.7,66.5,64.9,62.4,55.3,49.5,43.2,41.8,42.5,43.6,44.7
09:43:30.000,113.9,91.2,107.6,103.6,102.6,100.1,101.3,101.4,104.7,102.7,101.9,98.9,100.2,99.5,97.3,96.7,94.0,93.1,92.4,89.2,88.2,85.6,83.6,81.8,80.7,80.1,79.2,75.0,71.9,68.6,67.3,63.2,55.2,49.4,44.0,42.1,42.7,43.7,44.8
09:43:31.000,113.2,89.9,106.9,99.5,100.0,101.6,101.1,104.0,101.5,103.7,100.5,99.1,99.2,99.1,95.4,92.8,93.1,93.5,90.9,87.9,87.4,84.6,82.5,81.5,79.4,78.7,77.8,73.2,66.8,59.8,54.4,53.0,51.8,47.9,42.6,41.8,42.8,43.7,44.7
09:43:32.000,112.4,88.5,106.7,101.9,105.9,103.3,100.7,102.5,104.4,100.1,103.0,100.4,99.7,96.9,96.9,94.2,90.4,90.5,89.0,87.6,86.1,83.3,81.1,79.2,77.7,76.7,74.8,70.5,64.1,57.4,54.4,49.9,42.7,40.3,40.6,41.6,42.6,43.6,44.6
09:43:33.000,113.0,89.1,106.7,102.0,99.6,101.5,101.4,103.5,103.4,104.4,101.8,98.3,98.2,96.6,97.2,94.0,91.7,92.2,89.5,87.0,86.5,83.6,81.5,80.1,78.8,78.7,77.6,72.4,66.7,61.3,56.8,53.9,46.9,43.8,40.7,41.5,42.7,43.7,44.7
09:43:34.000,110.9,86.8,104.9,94.7,97.1,97.6,95.3,99.4,99.6,101.5,97.3,97.6,97.2,92.7,92.9,92.2,91.0,90.2,87.6,85.1,83.1,81.0,78.2,75.7,74.3,71.6,68.3,64.9,61.5,58.3,55.1,50.8,44.2,41.3,40.7,41.5,42.6,43.8,44.7
09:43:35.000,111.7,86.4,105.8,98.5,102.2,102.1,102.3,105.0,102.4,99.3,100.4,98.5,99.7,95.6,95.3,91.7,92.7,90.1,88.0,85.0,85.4,80.8,76.1,74.7,72.7,72.7,71.4,67.0,60.5,55.7,51.7,47.6,41.7,40.5,40.5,41.6,42.4,43.6,44.6
09:43:36.000,111.8,85.6,104.7,98.4,102.6,101.5,100.1,100.2,97.8,101.1,95.5,99.1,96.8,94.8,91.3,91.9,89.1,89.0,89.2,86.1,83.2,79.8,75.8,73.2,72.1,70.6,68.5,65.0,59.4,56.0,51.2,47.0,42.2,40.5,40.7,41.6,42.6,43.7,44.7
09:43:37.000,111.0,85.4,103.9,99.2,97.0,93.6,99.5,100.0,95.0,100.9,97.6,97.8,96.6,92.3,91.9,91.6,91.2,89.5,86.8,86.0,82.8,80.6,77.4,73.7,71.5,69.9,67.3,62.6,57.1,52.8,47.3,43.0,39.1,39.3,40.5,41.6,42.6,43.7,44.6
09:43:38.000,108.8,84.0,102.6,97.7,96.6,99.9,93.7,98.6,95.1,97.3,98.5,96.3,94.4,94.1,91.8,90.0,88.3,87.9,85.7,84.0,80.6,78.6,75.1,73.1,70.3,69.3,66.4,61.6,56.6,53.4,48.8,43.6,39.7,39.5,40.6,41.6,42.5,43.6,44.6
09:43:39.000,108.9,83.3,102.0,98.3,99.0,100.4,102.2,99.4,97.5,96.5,95.9,93.2,90.5,94.2,92.7,91.0,87.4,87.6,85.3,82.1,79.8,77.9,74.9,72.6,71.4,70.7,68.7,63.7,56.9,51.7,45.4,41.2,39.1,39.6,40.6,41.6,42.8,43.6,44.6
09:43:40.000,109.4,82.7,101.8,95.7,97.5,93.7,96.1,96.1,97.4,95.6,93.9,96.4,92.5,92.1,90.1,87.0,86.9,84.6,83.7,80.9,80.1,78.0,74.3,71.9,69.1,68.1,64.4,57.6,52.4,48.1,42.7,40.0,38.9,39.6,40.6,41.6,42.6,43.6,44.7
09:43:41.000,108.3,81.8,101.9,98.7,97.8,94.8,97.7,98.0,95.3,97.7,96.3,94.3,95.8,91.9,89.8,87.6,86.2,85.8,84.0,81.7,80.6,77.3,73.5,71.0,68.8,65.6,62.4,55.8,50.3,45.1,41.5,39.2,38.8,39.8,40.7,41.6,42.6,43.7,44.6
09:43:42.000,107.4,82.4,101.0,89.5,89.7,95.0,93.2,93.9,95.3,92.9,95.4,98.0,93.9,89.6,90.9,89.5,86.9,85.9,85.6,82.1,80.0,78.5,74.5,71.5,67.9,67.2,65.3,60.3,54.6,51.0,45.8,43.1,39.6,39.6,40.8,41.7,42.6,43.6,44.7
09:43:43.000,106.7,81.3,100.6,93.9,95.4,96.9,97.0,99.4,94.1,97.3,95.9,93.3,91.9,91.6,89.0,87.4,87.2,85.9,84.7,80.7,78.6,76.0,71.9,68.9,68.4,68.3,65.5,58.4,51.1,46.4,41.0,39.1,38.8,39.5,40.5,41.7,42.6,43.6,44.6
09:43:44.000,108.2,78.9,99.5,101.1,103.2,100.0,95.9,97.2,96.2,95.1,94.3,91.5,92.2,89.4,87.9,86.5,86.9,84.1,81.3,80.1,74.4,74.3,69.3,65.8,61.6,59.9,57.0,50.2,44.9,42.1,39.6,38.5,38.5,39.6,40.5,41.8,42.6,43.6,44.6
09:43:45.000,105.8,79.1,98.9,95.3,95.3,93.3,95.4,89.6,92.9,94.5,94.5,93.4,90.3,89.7,88.6,87.2,85.4,85.6,81.3,79.2,75.2,74.2,70.4,66.8,63.6,62.2,59.5,53.5,47.0,43.7,41.7,38.9,38.8,39.7,40.4,41.6,42.6,43.6,44.6
09:43:46.000,106.2,79.8,99.0,94.0,88.5,91.8,94.8,93.1,94.0,91.8,90.3,88.2,91.6,86.3,88.1,88.2,85.6,84.4,81.8,78.5,76.2,74.3,70.6,69.2,67.3,66.7,63.8,56.7,49.8,45.8,42.5,39.7,38.8,39.7,40.7,41.7,42.6,43.6,44.6
09:43:47.000,106.9,78.4,98.1,95.5,100.0,98.8,92.4,93.0,92.3,90.5,91.7,89.0,91.9,89.6,85.6,84.0,81.7,82.9,80.8,78.6,75.6,73.2,69.5,67.4,64.6,62.7,59.1,53.0,47.8,44.2,41.0,40.0,38.6,39.5,40.6,41.6,42.5,43.6,44.6
09:43:48.000,106.4,77.3,98.1,92.8,96.7,94.1,94.7,98.2,92.7,95.0,91.1,91.1,89.1,88.2,85.6,84.9,83.0,81.6,78.3,76.9,73.2,71.2,68.1,64.2,61.2,59.7,56.1,50.1,46.0,43.3,41.3,40.3,39.4,39.7,40.7,41.5,42.7,43.6,44.7
09:43:49.000,104.6,77.5,97.4,88.2,91.0,92.4,93.1,93.1,91.8,95.1,92.8,88.4,91.2,86.9,85.1,84.0,83.6,80.8,78.4,78.6,74.7,71.6,68.3,64.1,62.0,59.4,55.5,50.2,46.4,43.0,40.3,39.1,38.8,39.5,40.4,41.5,42.5,43.5,44.6
09:43:50.000,102.4,76.8,96.1,90.7,88.5,90.0,92.1,91.3,88.4,92.1,93.2,90.8,87.3,86.4,84.3,83.5,82.1,81.0,79.6,77.8,74.4,72.8,68.8,66.5,64.6,62.3,58.2,52.2,47.6,44.2,41.4,39.8,38.7,39.5,40.8,41.7,42.7,43.6,44.6
09:43:51.000,105.1,76.5,96.9,96.4,96.2,91.9,93.1,92.9,92.9,91.7,89.8,91.1,88.2,88.3,85.7,87.3,82.4,82.0,79.5,76.3,73.6,71.0,68.0,64.9,62.7,60.2,56.7,50.1,44.5,41.6,40.0,39.3,38.9,39.7,40.6,41.7,42.7,43.7,44.6
09:43:52.000,105.4,75.4,96.3,93.6,91.2,86.5,94.1,94.3,92.5,91.4,91.7,88.2,88.6,86.7,83.9,81.7,81.7,80.1,78.1,75.0,72.1,70.9,65.5,63.6,61.1,58.0,54.6,47.7,42.6,40.2,38.9,38.5,39.0,39.5,40.5,41.6,42.4,43.6,44.6
09:43:53.000,104.2,74.6,96.4,92.1,98.5,93.4,93.2,93.7,93.5,92.5,89.4,86.1,88.5,87.8,84.6,82.9,82.6,79.5,76.6,74.6,69.6,66.5,64.5,61.4,58.3,56.3,52.7,47.8,43.9,40.6,39.2,38.6,38.8,39.5,40.5,41.4,42.5,43.7,44.7
09:43:54.000,104.0,73.3,95.0,91.3,96.1,96.1,91.7,91.3,89.7,86.9,89.5,85.6,87.5,86.0,82.2,81.6,78.6,80.0,76.4,72.9,71.1,66.6,62.5,58.9,56.6,52.2,47.7,43.8,41.9,39.9,38.3,38.2,38.9,39.8,40.9,41.4,42.7,43.7,44.7
09:43:55.000,105.0,73.2,94.7,95.1,89.8,88.4,91.7,91.3,89.9,90.0,88.0,88.6,87.3,86.7,84.1,81.9,80.4,79.5,75.9,72.1,70.0,66.2,61.6,59.2,55.4,50.1,46.4,42.6,41.3,39.7,38.4,38.1,38.8,39.5,40.7,41.6,42.6,43.8,44.7
09:43:56.000,102.5,73.9,95.3,86.1,88.6,92.3,92.6,92.6,89.8,85.9,88.0,88.6,89.3,87.4,84.5,84.7,79.7,77.4,73.9,73.2,71.3,67.7,63.0,60.3,58.5,55.9,52.2,45.2,42.3,40.7,39.3,38.3,38.5,39.5,40.7,41.5,42.6,43.8,44.7
09:43:57.000,103.8,74.3,95.2,93.0,91.1,92.1,91.3,92.0,89.6,91.9,89.6,86.8,85.7,85.8,83.3,82.2,81.0,77.4,74.0,73.0,71.7,70.5,65.8,62.0,57.8,52.9,49.1,44.2,41.9,40.6,38.6,38.4,38.8,39.6,40.5,41.5,42.6,43.7,44.6
09:43:58.000,103.4,72.3,94.0,91.8,93.9,93.6,90.6,89.4,89.1,85.8,86.1,85.8,84.5,85.8,83.2,81.6,79.6,78.0,74.6,73.3,69.4,64.0,59.1,55.5,51.6,49.3,45.4,42.9,40.9,40.2,39.5,38.9,39.0,39.8,40.8,41.5,42.6,43.6,44.7
09:43:59.000,103.2,73.3,95.3,89.9,91.8,90.8,91.0,91.7,93.8,93.9,87.5,84.3,85.7,84.7,84.3,81.1,78.7,80.0,73.7,70.3,68.8,66.6,63.9,60.7,58.6,55.7,51.3,46.3,42.2,40.5,39.2,38.7,38.7,39.5,40.4,41.5,42.6,43.7,44.8
09:44:00.000,101.9,72.3,94.7,91.4,93.4,89.7,90.7,91.0,91.2,90.7,88.7,86.7,87.6,84.6,82.8,81.7,77.8,75.0,73.3,72.4,71.2,67.2,61.8,59.6,56.1,53.2,49.7,47.5,43.7,41.0,39.5,38.5,38.8,39.6,40.7,41.6,42.6,43.6,44.6
09:44:01.000,102.6,71.3,94.4,96.1,95.2,89.1,93.2,93.2,88.3,87.9,90.3,89.1,86.8,86.0,82.6,81.4,75.9,75.2,72.6,70.1,67.5,65.6,61.5,59.7,55.0,50.7,47.9,45.0,42.2,40.8,39.4,38.8,38.6,39.5,40.3,41.5,42.7,43.8,44.7
09:44:02.000,103.7,70.8,94.2,90.7,93.6,92.9,91.1,91.6,91.5,89.6,88.1,88.7,87.4,83.4,81.0,80.8,77.0,74.5,72.5,70.6,66.9,62.6,57.9,54.7,53.7,51.4,48.4,45.8,42.7,40.6,39.4,38.6,38.8,39.5,40.6,41.6,42.5,43.7,44.5
09:44:03.000,102.9,71.8,94.5,90.9,87.8,88.0,94.2,89.5,92.3,88.2,87.4,88.8,85.3,87.7,83.4,80.3,79.3,76.6,71.8,70.8,68.2,64.8,60.3,54.6,51.1,48.1,46.1,45.0,43.7,42.2,39.6,39.1,39.1,39.7,40.6,41.6,42.6,43.6,44.6
09:44:04.000,102.2,72.7,94.7,89.8,94.3,93.3,93.9,93.2,88.2,90.2,87.8,88.0,84.5,85.6,83.9,79.8,78.0,78.4,74.2,71.9,69.0,66.4,63.1,58.4,56.4,52.9,48.3,44.3,42.8,40.6,40.0,38.4,38.6,39.5,40.6,41.6,42.6,43.6,44.7
09:44:05.000,101.2,74.2,94.0,89.4,84.9,90.1,88.7,89.8,87.1,87.6,81.7,86.5,87.7,85.6,84.5,81.3,79.5,79.2,76.2,75.7,72.1,69.0,65.1,60.7,56.9,52.3,47.9,42.7,41.1,39.9,39.5,38.5,38.7,39.8,40.4,41.6,42.5,43.5,44.6
09:44:06.000,101.8,73.3,93.3,92.1,94.8,91.3,89.5,88.2,88.5,90.9,89.0,85.7,83.0,85.8,84.8,80.0,79.6,78.9,76.9,74.8,70.6,65.8,60.7,55.6,53.1,49.9,46.5,43.6,41.0,39.4,38.5,38.3,38.9,39.8,40.8,41.8,42.7,43.6,44.6
09:44:07.000,99.7,70.1,92.3,82.6,86.5,89.5,92.4,91.8,88.0,88.0,87.5,83.0,82.8,84.2,80.6,80.6,78.9,75.1,72.8,68.6,65.1,61.5,58.5,55.7,53.1,49.1,44.6,43.0,41.4,40.2,38.4,38.2,38.6,39.6,40.5,41.6,42.6,43.7,44.6
09:44:08.000,101.3,69.9,93.0,90.9,87.9,88.8,89.3,91.6,90.0,90.3,88.2,85.7,86.1,84.5,80.4,80.1,78.0,74.8,70.9,67.0,64.8,63.0,55.5,52.1,52.4,50.1,46.2,43.8,41.4,39.9,39.8,38.9,38.8,39.7,40.7,41.6,42.6,43.5,44.7
09:44:09.000,101.3,70.9,93.6,87.3,91.6,89.6,91.5,89.3,92.2,89.1,85.7,85.2,83.4,83.3,82.1,82.0,78.0,76.7,73.2,71.0,67.0,63.1,57.6,54.6,52.6,49.2,44.7,43.1,41.8,39.7,38.4,38.6,39.0,39.7,40.6,41.5,42.5,43.7,44.6
09:44:10.000,102.3,70.2,92.3,96.3,93.2,87.2,92.1,89.8,88.6,85.8,88.3,85.4,84.6,81.9,81.3,78.2,77.1,75.4,74.3,69.7,67.1,61.8,57.0,52.3,50.6,49.0,45.3,44.7,41.4,39.5,38.8,38.9,38.9,39.7,40.7,41.6,42.4,43.6,44.8
09:44:11.000,100.0,70.3,92.4,90.1,92.1,88.6,89.7,92.8,89.2,88.6,84.3,86.9,83.9,81.8,77.1,79.4,78.0,76.1,73.0,69.9,68.0,65.1,58.4,54.9,53.6,50.2,47.1,43.6,41.5,40.0,38.7,38.3,38.6,39.7,40.6,41.6,42.5,43.5,44.6
09:44:12.000,99.0,69.6,91.6,84.6,89.9,90.2,90.1,93.1,89.1,86.0,84.7,85.9,85.6,82.4,77.8,75.3,74.7,74.9,72.0,71.2,67.0,62.7,58.7,53.6,49.7,45.9,43.9,41.7,42.3,39.9,39.2,38.6,38.6,39.5,40.6,41.5,42.7,43.6,44.8
09:44:13.000,99.3,69.8,91.6,83.1,88.9,91.4,90.2,85.7,83.8,86.0,86.3,85.8,82.2,82.9,78.7,78.4,75.1,75.6,71.2,71.5,68.2,63.0,56.3,52.9,49.0,46.3,43.6,42.9,41.4,39.6,39.2,38.7,38.9,39.6,40.6,41.6,42.7,43.8,44.7
09:44:14.000,100.0,69.7,91.8,88.5,87.4,88.6,92.0,90.2,85.8,87.4,85.3,84.3,85.6,82.3,81.3,80.3,78.5,74.5,71.5,69.8,66.6,61.5,57.3,52.3,48.7,46.9,43.6,42.5,40.8,39.4,39.4,39.7,38.6,39.7,40.4,41.5,42.5,43.6,44.7
09:44:15.000,101.4,70.5,92.4,90.0,89.5,91.6,91.7,89.5,89.8,86.1,84.7,82.7,81.1,83.1,80.4,79.2,78.8,76.6,74.3,69.2,66.7,63.3,58.3,54.1,50.4,48.0,45.4,43.0,41.4,39.4,38.5,38.7,39.0,39.6,40.8,41.4,42.6,43.6,44.7
09:44:16.000,98.5,69.7,90.8,79.1,80.7,86.4,90.5,88.3,84.9,87.4,84.6,84.4,81.7,81.1,81.3,77.7,76.4,76.2,72.1,69.2,66.1,60.8,56.1,53.0,49.2,47.8,44.4,43.6,42.1,40.7,40.9,39.7,39.1,39.5,40.6,41.5,42.8,43.6,44.6
09:44:17.000,100.7,71.1,92.0,89.0,89.9,92.4,93.6,90.2,86.0,88.2,84.2,85.3,83.9,80.3,81.2,80.5,79.5,76.7,75.6,70.4,67.1,63.8,60.1,56.7,53.5,49.9,45.8,44.0,42.3,41.5,40.0,39.8,38.9,39.8,40.6,41.5,42.5,43.6,44.6
09:44:18.000,99.9,69.4,90.8,93.3,92.4,90.9,91.4,87.4,84.0,86.3,87.3,82.0,82.7,82.4,80.7,76.9,76.7,75.3,71.9,70.0,66.2,62.9,59.5,56.2,53.6,50.0,46.3,42.7,42.0,40.9,39.3,38.8,38.5,39.7,40.5,41.6,42.7,43.5,44.7
09:44:19.000,97.3,67.9,90.0,87.3,88.0,86.6,87.8,86.8,81.5,82.5,86.7,82.3,83.7,82.8,78.2,75.9,75.2,73.3,70.6,69.5,65.5,56.8,53.2,52.5,51.2,49.4,44.3,43.5,43.2,40.8,39.2,38.4,38.7,39.5,40.4,41.6,42.6,43.6,44.7
09:44:20.000,100.1,67.4,90.9,89.8,84.3,87.0,87.6,88.8,86.4,86.1,87.3,86.2,82.9,81.7,80.6,78.0,76.2,74.1,68.5,64.8,59.3,54.3,51.0,48.2,47.9,47.6,45.2,44.4,43.9,41.6,39.3,38.7,38.9,39.5,40.4,41.5,42.5,43.6,44.6
09:44:21.000,98.6,67.2,90.7,88.3,88.8,85.6,86.0,82.5,84.8,83.6,83.6,85.4,83.2,81.4,80.1,76.8,74.0,73.6,68.5,64.8,60.3,51.4,49.6,49.7,47.8,46.4,45.3,44.1,42.8,41.1,39.5,39.2,38.9,39.7,40.6,41.6,42.5,43.6,44.6
09:44:22.000,98.6,66.6,89.6,85.5,82.5,84.1,87.2,84.5,83.9,85.0,80.4,84.6,83.2,79.2,77.3,76.3,75.0,72.6,68.5,65.3,62.0,56.3,52.4,50.2,49.3,48.9,45.5,44.5,43.1,42.4,41.5,39.8,38.9,39.5,40.4,41.5,42.7,43.6,44.7
09:44:23.000,99.0,67.5,90.1,87.4,88.5,85.3,84.6,86.1,84.7,81.1,83.9,84.6,82.8,80.2,78.8,75.9,71.8,72.4,67.2,67.8,63.8,59.2,54.2,51.3,50.7,48.6,46.2,45.0,45.8,42.8,41.9,40.9,39.4,39.6,40.5,41.6,42.4,43.7,44.7
09:44:24.000,97.9,67.4,89.4,82.7,86.7,86.1,82.9,83.9,84.2,84.8,82.0,81.1,82.0,79.0,77.6,77.0,73.8,72.7,68.4,65.4,60.3,56.8,53.4,49.6,47.8,45.9,45.0,43.3,44.3,41.6,40.5,40.2,38.6,39.2,40.5,41.5,42.6,43.6,44.7
09:44:25.000,98.8,66.8,90.4,89.3,88.4,84.5,88.3,84.9,84.0,86.6,87.0,83.9,80.1,81.9,79.0,77.4,76.2,71.4,68.8,63.1,58.3,55.1,52.0,48.3,46.2,44.8,42.9,42.1,41.5,39.6,38.7,38.6,38.8,39.6,40.7,41.6,42.6,43.8,44.6
09:44:26.000,98.0,66.9,90.8,85.4,90.1,88.1,84.3,82.3,83.4,84.2,85.1,84.6,84.6,83.0,79.9,78.7,74.7,71.4,67.9,65.7,61.6,55.3,51.0,48.6,46.8,44.1,41.9,41.1,40.0,38.5,37.6,38.0,38.6,39.7,40.8,42.0,42.5,43.6,44.7
09:44:27.000,97.5,66.2,89.9,91.0,89.1,86.4,84.1,85.5,84.8,81.7,79.5,83.5,82.0,82.1,81.1,76.2,74.1,70.4,65.0,63.4,61.2,57.1,50.4,46.5,47.3,45.0,42.4,41.2,40.8,38.5,38.2,38.3,38.7,39.8,40.6,41.6,42.6,43.9,44.7
09:44:28.000,98.0,64.4,89.8,88.2,85.2,85.0,83.5,89.8,86.6,86.3,85.5,85.0,80.6,79.7,77.9,71.8,69.6,68.8,64.1,62.6,58.3,54.5,50.4,49.1,46.2,44.2,41.3,41.3,40.3,38.3,38.3,38.1,38.8,39.3,40.5,41.7,42.5,43.6,44.5
09:44:29.000,97.7,63.4,88.8,85.6,85.6,88.2,84.6,86.6,84.0,86.3,81.0,79.5,81.0,77.9,77.2,71.3,69.3,68.2,63.9,61.9,57.2,50.2,48.9,46.6,44.8,43.8,41.5,41.0,40.5,39.5,39.3,39.2,39.1,39.5,40.7,41.7,42.7,43.6,44.6
09:44:30.000,98.4,62.4,87.8,89.2,89.3,89.3,85.8,87.4,83.7,84.3,81.8,80.7,77.7,72.9,76.3,71.7,69.8,66.6,63.0,59.4,57.0,52.1,47.2,44.7,44.2,42.3,41.3,41.4,41.1,39.9,41.0,39.7,38.5,39.6,40.6,41.4,42.5,43.7,44.7
09:44:31.000,98.8,62.7,88.0,90.8,89.0,86.9,87.3,88.7,86.8,84.3,81.8,78.4,76.6,72.9,74.4,70.7,70.2,69.1,63.5,60.4,56.4,52.4,48.3,45.9,44.3,43.2,40.5,40.4,40.0,39.5,38.7,38.4,38.5,39.3,40.3,41.5,42.5,43.7,44.7
09:44:32.000,98.1,63.1,87.1,87.5,84.1,86.1,85.1,85.8,83.2,82.8,81.0,77.6,77.0,75.5,72.7,74.1,72.2,68.2,64.9,60.7,58.3,53.4,48.8,46.2,44.4,41.7,40.2,39.9,38.7,37.9,37.5,38.5,38.8,39.5,40.7,41.6,42.6,43.6,44.7
09:44:33.000,95.6,62.9,87.2,87.1,85.1,83.8,83.9,86.6,83.3,77.2,83.2,80.7,76.9,77.0,74.8,70.4,69.9,70.1,64.7,60.2,56.8,50.7,47.7,45.7,45.1,42.0,40.1,39.4,38.3,37.7,37.9,38.1,38.6,39.4,40.6,41.6,42.6,43.5,44.8
09:44:34.000,97.5,64.7,87.3,88.5,89.6,86.2,82.9,79.0,82.7,79.3,82.5,79.7,78.9,77.5,73.8,71.6,72.7,71.8,69.0,64.9,60.0,54.7,48.9,45.6,44.2,42.4,39.7,39.4,38.7,37.9,38.2,38.3,38.8,39.8,40.6,41.4,42.6,43.6,44.7
09:44:35.000,98.5,65.9,89.2,88.9,88.7,86.2,85.1,85.9,84.0,86.0,84.7,83.6,78.7,78.6,78.8,74.9,70.7,70.3,68.3,65.0,59.6,54.9,51.1,47.3,44.0,42.5,40.4,39.5,38.6,38.2,37.8,37.5,38.6,39.7,40.6,41.6,42.6,43.6,44.6
09:44:36.000,97.0,65.0,89.1,89.3,92.4,86.4,84.0,90.8,85.9,83.1,81.9,82.1,83.0,80.7,78.9,74.9,73.5,68.3,65.9,65.3,59.3,54.9,49.1,45.6,43.4,42.0,40.8,39.8,38.5,37.3,37.8,38.0,38.5,39.5,40.6,41.6,42.7,43.5,44.7
09:44:37.000,98.0,65.7,89.0,90.7,85.6,85.2,85.6,87.2,87.3,85.9,81.6,81.7,81.8,78.8,77.2,74.0,75.8,70.0,66.7,63.7,58.9,54.3,49.4,45.5,43.1,41.2,40.0,39.3,38.4,38.1,37.8,38.0,38.7,39.7,40.7,41.6,42.5,43.6,44.6
09:44:38.000,96.6,63.4,87.4,88.0,90.1,86.0,88.5,84.1,81.4,77.7,82.2,80.6,82.2,79.5,77.6,71.5,71.1,69.5,66.0,62.3,57.0,51.3,45.8,44.1,42.1,41.1,39.0,38.3,37.4,37.9,37.8,38.2,38.6,39.7,40.7,41.6,42.5,43.6,44.5
09:44:39.000,98.2,63.3,87.1,87.9,87.2,90.1,84.1,84.4,84.5,81.6,79.5,77.6,79.6,78.3,76.8,72.6,69.6,69.3,65.8,61.8,58.2,51.0,45.4,44.5,42.0,40.8,38.4,38.3,37.3,37.3,37.4,38.1,38.6,39.7,40.5,41.6,42.7,43.7,44.7
09:44:40.000,95.6,64.1,87.7,79.5,79.5,84.6,84.8,85.6,81.9,83.6,82.1,82.2,80.8,78.2,76.0,73.9,70.7,70.4,66.5,63.3,58.8,55.4,48.6,44.9,42.5,40.6,39.0,39.7,38.6,37.7,37.2,37.8,38.7,39.6,40.7,41.6,42.7,43.4,44.6
09:44:41.000,96.3,65.3,88.9,84.9,88.3,87.1,83.0,85.0,82.8,83.7,86.6,83.1,81.5,81.1,77.0,75.7,73.8,70.4,67.8,64.3,59.0,53.5,48.1,43.8,42.8,41.1,39.6,38.6,38.3,37.8,37.7,38.0,38.9,39.6,40.6,41.4,42.5,43.6,44.7
09:44:42.000,97.5,65.8,88.0,84.4,85.9,87.4,84.2,82.8,85.0,82.3,80.9,81.7,81.3,76.8,75.2,73.6,74.5,73.2,68.1,63.7,59.1,52.2,45.8,44.9,42.7,40.4,39.4,39.0,38.0,38.0,37.6,38.0,38.7,39.3,40.7,41.6,42.5,43.6,44.7
09:44:43.000,98.2,65.1,87.9,92.7,94.2,89.2,81.0,81.3,81.3,81.5,84.3,81.3,80.0,77.7,79.1,76.0,74.2,72.9,68.2,64.2,59.4,53.4,47.0,44.2,43.3,41.6,40.4,39.6,38.9,38.3,38.0,38.0,39.0,39.7,40.5,41.8,42.5,43.7,44.8
09:44:44.000,97.3,65.0,88.1,83.0,82.2,84.6,85.7,80.7,84.3,84.3,83.8,81.0,78.6,79.3,79.1,75.3,70.9,71.8,67.3,62.8,57.4,54.4,48.7,45.0,43.7,42.7,39.6,39.8,40.4,38.3,37.9,38.3,38.9,39.6,40.5,41.6,42.7,43.8,44.6
09:44:45.000,96.0,64.0,87.2,84.0,86.2,84.7,86.3,84.8,83.4,82.6,77.8,81.7,77.3,79.5,75.0,72.2,72.8,71.0,65.4,62.1,58.4,54.1,49.9,44.9,42.7,42.4,39.9,41.0,40.4,39.5,37.7,38.0,39.0,39.7,40.7,41.8,42.7,43.7,44.6
09:44:46.000,97.1,62.8,86.0,88.6,88.9,88.5,87.4,80.6,81.6,82.3,79.0,80.6,76.7,74.8,72.9,70.9,71.6,69.2,64.6,62.1,57.4,52.9,48.0,46.2,43.7,43.1,40.6,39.9,40.6,39.4,38.4,38.7,38.7,39.3,40.6,41.5,42.7,43.8,44.6
09:44:47.000,96.2,63.7,86.7,80.5,83.1,80.3,82.4,84.4,82.7,80.8,81.2,81.5,79.9,77.7,77.1,71.5,70.5,70.2,66.7,63.4,59.1,56.2,50.4,46.4,43.5,43.2,40.3,39.6,39.8,39.3,38.1,38.1,38.8,39.5,40.6,41.7,42.6,43.7,44.6
09:44:48.000,97.0,63.2,85.8,85.5,82.5,82.7,84.3,80.5,80.6,80.1,79.3,78.6,77.9,76.3,74.4,71.6,69.6,69.3,64.0,61.8,58.0,53.1,47.0,44.6,42.4,41.3,40.9,39.8,40.2,39.2,39.4,39.2,38.4,39.4,40.3,41.8,42.6,43.7,44.7
09:44:49.000,95.4,62.3,86.5,87.4,88.5,85.0,82.0,84.2,83.4,81.6,80.8,81.1,76.1,76.7,73.1,69.9,69.4,68.8,64.3,61.3,58.0,53.1,47.8,44.7,43.3,41.6,40.1,39.9,39.8,40.2,39.8,39.1,39.6,39.5,40.5,41.5,42.6,43.6,44.6
09:44:50.000,95.3,62.0,85.1,85.6,86.0,83.9,86.0,86.1,82.1,77.1,76.9,79.5,76.7,76.6,75.8,70.2,71.4,66.5,63.7,59.8,57.2,53.3,48.9,44.8,44.5,41.5,41.2,40.5,41.7,40.1,38.9,38.3,38.9,39.7,40.7,41.7,42.7,43.8,44.7
09:44:51.000,95.2,63.3,86.4,82.4,85.4,86.7,83.8,85.4,82.1,85.9,81.3,78.5,79.0,77.7,74.1,72.5,70.9,70.7,67.4,62.9,56.4,53.6,50.4,47.1,44.4,42.7,40.9,41.0,42.2,40.7,39.1,39.0,38.8,39.4,40.7,41.5,42.5,43.6,44.6
09:44:52.000,94.3,62.8,87.0,82.2,81.1,81.5,83.3,84.1,81.0,81.3,83.4,80.4,79.7,77.1,77.5,73.4,70.3,67.3,62.9,59.8,56.8,49.7,46.1,44.4,43.0,41.2,39.8,39.8,39.7,38.3,37.5,38.7,38.7,39.6,40.4,41.3,42.5,43.5,44.5
09:44:53.000,97.1,64.1,88.3,85.0,88.8,89.6,85.9,81.3,85.0,84.1,84.6,80.1,80.1,78.2,76.8,75.1,73.5,70.3,64.9,61.2,55.1,50.2,47.3,45.3,43.7,40.4,38.7,38.3,38.0,37.8,37.9,38.2,38.5,39.6,40.6,41.5,42.6,43.7,44.6
09:44:54.000,96.9,61.8,85.7,85.1,86.4,85.0,81.2,80.1,80.8,78.8,78.7,77.5,79.4,76.2,74.1,72.0,71.1,67.2,64.0,56.1,51.1,48.4,45.4,43.9,42.2,41.3,38.4,38.6,38.6,37.8,37.7,38.3,38.5,39.3,40.4,41.5,42.6,43.7,44.7
09:44:55.000,95.2,63.6,87.5,85.0,85.4,86.0,83.2,83.8,83.4,84.1,82.6,78.9,81.4,78.3,75.3,74.7,71.5,69.7,65.1,60.4,55.1,49.0,46.7,43.7,42.6,41.1,38.9,39.2,37.9,37.3,37.5,37.7,38.7,39.7,40.4,41.6,42.7,43.6,44.8
09:44:56.000,98.1,63.2,87.0,89.9,90.6,87.9,85.0,84.2,79.7,81.5,81.2,80.4,80.3,77.0,77.1,73.2,70.3,68.3,64.5,63.2,58.2,53.6,48.5,45.1,42.9,39.8,38.7,39.2,39.2,38.5,37.6,38.5,38.6,39.6,40.5,41.6,42.4,43.8,44.6
09:44:57.000,95.9,61.6,86.1,86.3,87.6,82.7,78.9,79.2,79.0,77.1,79.5,79.6,78.1,77.5,74.5,71.7,67.5,64.5,60.9,58.8,54.9,50.3,45.6,43.7,42.4,40.1,39.2,38.8,38.0,37.2,37.6,38.0,38.8,39.4,40.4,41.5,42.6,43.8,44.7
09:44:58.000,95.1,61.6,86.2,83.9,88.2,84.4,81.6,84.2,84.1,76.8,82.2,78.9,77.6,78.7,74.7,73.4,69.0,66.6,62.7,57.8,52.8,47.1,44.9,44.1,41.1,39.7,38.0,37.8,37.8,37.5,37.4,38.0,38.7,39.6,40.8,41.6,42.6,43.7,44.7
09:44:59.000,93.8,61.1,85.2,84.6,82.9,85.9,86.6,83.0,82.0,75.5,80.7,78.9,77.0,74.7,74.9,70.3,68.7,66.0,62.7,59.6,53.8,48.3,46.1,40.9,39.8,38.0,38.0,38.4,38.6,40.3,39.8,38.5,38.6,39.5,40.7,41.6,42.6,43.6,44.6
09:45:00.000,93.6,62.2,85.3,84.3,86.2,85.3,77.1,74.3,80.0,81.3,80.2,78.8,77.0,75.1,73.7,70.7,68.9,67.0,66.2,61.0,53.5,49.1,45.6,40.0,39.2,38.1,37.0,37.5,38.2,39.0,39.1,38.3,38.8,39.8,40.5,41.5,42.6,43.5,44.6
09:45:01.000,96.4,61.6,85.3,82.9,81.1,83.6,84.2,85.6,79.7,77.8,81.2,77.7,77.4,77.3,76.4,70.7,69.7,66.8,63.5,60.3,54.9,48.8,44.2,40.8,39.6,39.6,38.0,37.6,37.5,38.3,38.2,38.5,38.8,39.5,40.5,41.4,42.5,43.6,44.7
09:45:02.000,94.9,61.9,86.3,82.6,84.3,81.7,81.6,85.0,82.7,81.7,80.3,78.5,78.9,75.1,74.4,69.9,69.3,68.3,63.9,61.3,52.4,49.0,42.7,41.2,40.3,39.2,38.1,37.9,38.9,38.7,37.5,38.0,38.9,39.5,40.6,41.7,42.7,43.6,44.6
09:45:03.000,95.2,59.8,84.2,75.0,78.1,83.9,86.6,82.9,78.4,77.0,79.8,78.9,74.9,74.5,71.8,68.5,67.2,64.3,61.6,57.9,51.6,48.8,45.5,40.2,40.0,38.1,37.7,38.9,39.1,38.6,37.6,37.7,38.7,39.8,40.5,41.5,42.6,43.6,44.5
09:45:04.000,94.7,61.1,84.7,85.8,86.1,83.5,80.9,81.5,80.0,78.3,81.7,78.4,76.1,75.2,70.7,68.8,69.5,66.9,62.2,60.4,57.3,51.9,46.6,41.1,39.7,38.9,38.0,37.9,37.9,38.0,37.4,37.9,38.7,39.9,40.6,41.6,42.6,43.6,44.7
09:45:05.000,94.3,63.2,85.5,80.2,80.6,81.0,78.8,83.0,79.7,76.0,76.4,76.6,80.3,75.5,74.4,71.1,70.3,68.2,64.0,61.4,56.5,52.2,45.4,42.1,40.2,38.4,38.2,37.3,38.3,37.3,37.5,37.9,38.6,39.5,40.4,41.6,42.6,43.6,44.6
09:45:06.000,93.7,61.8,85.6,81.4,83.0,86.3,85.3,80.9,80.9,83.3,80.4,78.8,76.0,76.1,75.0,71.6,70.3,68.4,62.8,61.0,55.1,47.8,45.0,42.1,40.7,38.0,37.0,36.5,37.2,37.2,37.1,37.9,38.8,39.8,40.6,41.6,42.5,43.6,44.6
09:45:07.000,94.8,60.2,85.0,85.3,81.7,82.0,82.9,81.9,79.0,81.0,79.0,78.1,76.4,73.2,73.2,71.5,69.5,64.8,60.1,56.4,52.9,48.4,44.4,41.1,40.0,38.1,37.0,36.7,36.8,36.8,37.1,37.6,38.4,39.7,40.7,41.6,42.5,43.5,44.7
09:45:08.000,91.9,60.5,84.5,80.1,81.4,83.7,82.6,80.1,76.9,78.3,77.5,74.4,73.3,72.0,74.7,70.5,68.8,63.7,59.3,57.8,52.2,49.0,44.3,39.9,38.9,38.2,37.6,36.4,36.4,37.2,37.5,38.0,38.8,39.4,40.5,41.3,42.5,43.7,44.6
09:45:09.000,94.8,62.9,86.4,87.0,88.4,83.6,79.6,86.6,83.1,79.3,81.1,78.9,78.1,77.0,76.6,73.1,70.5,66.9,65.1,63.3,58.2,51.1,45.3,40.9,39.8,39.2,38.1,36.9,37.4,38.2,39.0,38.2,38.6,39.6,40.4,41.4,42.5,43.7,44.5
09:45:10.000,96.0,63.8,86.2,81.8,84.5,84.4,83.0,78.8,81.7,82.1,79.2,78.4,79.5,77.9,74.9,75.9,71.5,69.4,64.7,60.1,56.9,50.8,44.9,41.6,40.5,40.1,38.4,38.6,38.1,38.9,39.3,38.3,38.6,39.7,40.3,41.4,42.6,43.5,44.7
09:45:11.000,94.4,62.7,85.5,84.9,83.9,85.0,81.8,84.6,82.2,82.0,80.3,77.9,78.7,77.5,75.0,73.4,71.7,70.2,64.9,60.8,56.0,51.0,45.8,42.7,42.4,40.1,38.8,38.0,37.8,39.7,39.6,37.8,38.7,39.7,40.8,41.5,42.6,43.6,44.7
09:45:12.000,94.6,62.1,84.8,84.7,85.7,85.5,81.4,82.3,78.1,76.9,78.1,78.5,75.8,76.4,73.2,71.2,70.6,66.7,63.6,60.2,56.5,50.1,45.0,42.6,40.6,39.0,37.9,37.9,37.6,37.9,37.4,37.9,38.7,39.5,40.6,41.6,42.6,43.6,44.8
09:45:13.000,93.9,58.7,83.3,80.5,82.1,80.5,79.0,81.2,78.6,77.8,77.1,78.5,75.0,74.5,71.8,66.2,68.1,63.5,58.0,52.7,49.0,44.4,42.5,41.5,40.7,39.1,37.4,37.1,37.3,37.1,37.1,38.1,38.6,39.8,40.4,41.5,42.6,43.7,44.7
09:45:14.000,93.1,59.7,83.5,82.7,81.5,80.2,76.7,78.4,77.8,73.5,74.7,77.8,77.2,75.3,72.6,71.0,68.9,62.8,57.5,53.6,49.4,45.7,43.9,40.9,40.3,39.2,37.7,37.3,36.9,36.9,37.0,37.8,38.8,39.4,40.7,41.5,42.5,43.6,44.6
09:45:15.000,94.1,60.3,85.2,81.7,84.7,85.3,79.6,74.0,79.7,79.9,81.7,79.2,78.8,77.0,74.8,73.2,69.7,65.0,58.0,52.2,49.7,49.1,43.8,41.5,39.8,38.9,38.1,37.0,36.6,37.0,37.4,38.0,38.7,39.6,40.8,41.7,42.6,43.6,44.6
09:45:16.000,92.4,59.4,84.0,78.8,80.1,84.4,82.2,82.0,80.2,77.6,79.3,78.3,77.6,74.5,74.7,70.6,67.8,64.8,55.5,52.8,52.1,49.5,43.0,40.9,40.7,38.4,37.3,37.5,36.6,37.7,37.3,37.8,38.4,39.8,40.5,41.7,42.8,43.5,44.7
09:45:17.000,92.4,58.5,83.7,81.2,78.2,78.5,80.0,80.2,78.1,81.8,78.7,79.7,73.9,72.9,72.3,68.5,67.9,63.2,57.1,54.3,51.4,47.1,43.9,39.5,40.1,38.5,37.8,37.1,36.9,37.2,37.0,37.9,38.7,39.5,40.5,41.7,42.5,43.7,44.6
09:45:18.000,92.8,57.3,83.2,82.3,84.0,84.4,81.7,79.5,80.2,80.7,76.6,77.6,76.2,70.8,68.8,65.9,64.6,62.5,56.0,53.2,48.3,45.9,45.2,40.6,38.9,38.3,37.3,37.1,36.4,36.9,36.7,37.7,38.6,39.4,40.6,41.5,42.7,43.7,44.5
09:45:19.000,95.4,59.3,84.1,87.7,86.5,81.1,82.8,82.8,79.6,77.5,78.0,80.1,74.7,74.5,72.6,68.6,65.5,65.3,59.4,55.7,50.4,46.9,44.8,41.9,40.5,38.3,36.3,36.7,36.6,37.5,39.5,37.8,38.5,39.6,40.8,41.8,42.6,43.5,44.6
09:45:20.000,93.9,60.1,84.4,80.8,81.7,82.4,81.6,83.1,80.3,79.4,78.8,75.7,77.0,75.4,73.6,68.1,67.0,64.3,61.6,56.7,51.8,47.0,44.9,42.0,39.8,38.6,38.3,37.3,36.9,37.9,38.7,37.8,38.7,39.5,40.6,41.9,42.7,43.7,44.6
09:45:21.000,92.6,58.7,81.1,85.2,81.2,75.2,75.3,74.6,76.3,76.9,72.7,75.2,70.4,71.9,69.1,66.6,66.1,63.0,60.2,57.3,51.9,47.9,45.6,41.4,39.9,38.6,37.8,37.9,37.5,39.1,40.1,38.2,38.6,39.5,40.4,41.5,42.6,43.8,44.7
09:45:22.000,94.6,59.4,81.6,83.1,82.5,77.3,73.0,75.7,76.8,77.0,73.8,75.5,70.3,71.4,71.5,70.2,67.1,64.4,61.6,59.0,55.3,50.3,46.1,42.8,41.6,38.3,37.7,37.2,36.7,37.1,37.0,37.8,38.6,39.4,40.3,41.5,42.7,43.6,44.6
09:45:23.000,92.7,57.1,80.2,83.1,83.0,82.1,80.1,79.1,76.2,73.7,72.9,72.9,71.5,68.7,66.4,64.5,64.6,63.1,55.9,56.0,50.8,45.8,44.2,42.0,41.5,38.2,36.7,36.5,36.7,36.8,37.2,37.8,38.7,39.6,40.6,41.6,42.6,43.7,44.6
09:45:24.000,91.8,57.0,81.5,78.1,73.4,82.3,84.5,82.7,79.0,75.4,77.0,71.3,71.9,68.8,69.5,65.7,64.8,62.1,58.2,53.3,48.7,44.4,42.9,41.0,41.4,39.1,39.0,37.4,37.3,37.0,38.0,38.2,38.6,39.8,40.6,41.5,42.6,43.7,44.6
09:45:25.000,91.6,57.0,80.5,81.3,79.3,82.4,80.8,76.2,75.4,74.4,71.7,73.3,73.6,70.1,70.4,65.3,63.1,60.1,59.0,53.4,49.8,46.0,44.5,40.4,41.4,39.9,37.6,37.5,37.2,37.4,37.6,38.2,38.9,39.5,40.6,41.5,42.6,43.8,44.5
09:45:26.000,93.0,57.8,83.5,80.5,81.0,84.8,81.3,75.5,80.1,79.2,77.5,77.0,73.5,74.3,72.8,68.5,64.3,60.0,55.7,51.0,50.0,45.0,43.1,41.0,40.6,39.1,37.9,36.9,37.2,37.1,38.6,39.0,38.8,39.5,40.4,41.7,42.5,43.7,44.6
09:45:27.000,92.7,61.5,84.4,82.7,83.8,80.4,76.9,75.7,78.0,80.6,79.6,80.9,75.8,76.1,74.6,71.6,69.8,67.7,63.9,59.5,53.1,48.2,44.6,42.3,41.3,40.0,38.1,38.2,37.5,37.1,37.3,38.4,38.7,39.7,40.6,41.7,42.7,43.6,44.5
09:45:28.000,91.1,58.3,82.1,79.9,76.3,80.2,81.3,74.6,75.3,79.3,75.7,76.3,73.3,72.7,71.0,68.1,65.9,62.6,56.9,53.8,50.1,46.6,43.6,41.5,41.7,40.4,38.1,38.1,39.2,38.4,37.5,38.3,38.7,39.4,40.6,41.8,42.8,43.6,44.8
09:45:29.000,93.3,57.5,81.1,82.5,77.6,79.3,79.3,80.0,77.1,73.7,72.3,75.4,71.9,70.8,69.9,67.9,63.7,60.9,57.3,54.2,51.9,46.3,45.0,40.4,41.7,40.2,37.8,38.0,39.6,39.2,38.8,38.9,38.7,39.6,40.6,41.6,42.5,43.5,44.5
09:45:30.000,91.1,57.7,80.7,83.1,80.9,78.0,72.5,74.4,77.7,74.7,75.2,76.8,73.3,73.2,71.4,66.6,65.3,62.4,58.9,53.0,51.3,45.6,45.0,42.5,42.1,39.8,39.0,38.7,39.0,39.8,38.5,38.4,38.8,39.6,40.5,41.6,42.7,43.5,44.4
09:45:31.000,92.8,57.8,82.4,83.1,80.5,81.8,80.8,79.8,77.6,75.7,78.2,77.7,73.8,70.5,71.8,67.8,66.4,60.7,56.9,52.4,48.1,45.4,45.1,42.1,42.0,39.9,38.4,37.7,39.6,39.3,39.1,38.0,38.5,39.4,40.5,41.6,42.5,43.7,44.6
09:45:32.000,93.8,59.2,83.8,81.7,83.7,87.8,84.4,79.1,76.0,79.1,76.9,76.0,75.4,73.6,72.6,71.0,67.7,64.2,57.5,52.9,49.1,45.9,44.1,41.5,41.4,39.5,38.5,38.0,38.5,39.2,39.3,38.3,38.8,39.7,40.6,41.5,42.6,43.7,44.5
09:45:33.000,90.5,58.4,82.3,82.2,77.0,72.7,77.4,76.2,75.4,80.6,77.5,76.0,73.3,73.0,72.2,68.7,66.6,63.3,56.8,53.5,50.8,45.7,43.4,40.5,40.8,39.4,37.6,37.4,37.7,39.5,40.1,38.4,38.5,39.5,40.4,41.5,42.5,43.7,44.6
09:45:34.000,92.0,57.6,82.4,86.4,82.2,78.5,76.9,75.2,71.6,81.4,77.8,77.6,77.3,72.0,70.5,67.1,66.2,62.8,56.0,51.3,46.8,45.2,44.1,40.2,40.0,39.0,37.9,37.6,37.6,38.2,38.0,38.2,38.4,39.6,40.5,41.7,42.4,43.6,44.6
09:45:35.000,90.1,57.3,82.3,82.1,81.9,78.5,75.7,75.3,79.4,77.2,77.5,77.8,74.3,71.9,70.4,66.8,66.0,60.9,54.8,51.3,47.6,44.9,44.1,41.2,40.4,38.9,37.8,37.6,38.3,37.6,37.5,38.2,38.6,39.5,40.6,41.7,42.5,43.7,44.7
09:45:36.000,90.3,57.3,80.6,79.6,75.8,78.0,80.1,78.9,71.1,70.4,75.1,74.6,68.8,71.0,68.9,64.8,63.6,62.5,58.1,54.8,51.8,46.7,45.1,40.4,40.6,39.3,38.5,38.6,38.8,37.9,37.6,38.1,38.8,39.7,40.5,41.5,42.5,43.6,44.7
09:45:37.000,92.1,58.1,80.9,83.2,85.0,80.5,76.2,78.6,72.0,74.9,75.8,73.6,70.5,70.2,68.6,66.3,66.7,63.3,57.7,53.8,50.5,47.6,44.7,40.7,40.9,38.4,39.1,41.1,38.6,37.7,38.2,38.1,38.7,39.6,40.6,41.5,42.5,43.5,44.6
09:45:38.000,91.7,58.0,80.0,79.6,76.6,76.9,79.0,77.9,77.3,73.2,72.0,74.3,72.4,71.6,70.5,65.8,64.2,63.5,59.5,54.2,50.8,47.0,44.8,41.0,39.9,39.0,38.5,40.5,41.6,40.9,39.1,37.9,38.4,39.5,40.7,41.6,42.6,43.7,44.9
09:45:39.000,91.5,59.0,81.4,81.7,81.7,79.0,75.4,78.6,79.1,76.4,74.0,71.3,74.4,67.6,69.4,68.4,64.5,63.3,61.3,54.2,50.6,48.5,44.4,42.4,41.4,39.4,38.8,39.7,37.5,37.7,39.3,39.4,39.0,39.6,40.5,41.5,42.5,43.7,44.7
09:45:40.000,90.5,58.3,82.0,77.3,76.5,78.6,80.6,78.5,70.8,78.1,76.9,76.2,73.4,70.3,70.8,67.4,64.8,62.7,58.9,53.7,50.0,47.7,44.3,42.4,41.3,39.7,38.6,37.2,38.0,38.1,37.5,38.0,38.7,39.6,40.5,41.6,42.6,43.5,44.7
09:45:41.000,91.2,59.3,82.9,77.9,74.4,78.3,79.4,81.5,73.0,75.8,79.4,75.9,74.6,71.5,71.9,70.1,66.3,63.9,60.5,54.9,50.0,47.6,44.1,41.8,40.6,39.4,38.6,38.7,39.1,38.9,39.4,40.0,38.9,39.3,40.3,41.5,42.7,43.7,44.7
09:45:42.000,92.8,60.5,82.9,87.3,85.4,82.0,78.4,75.3,71.5,75.4,73.2,76.4,71.8,72.8,73.3,68.4,68.5,64.2,60.8,55.4,51.5,47.2,43.6,41.2,41.0,41.0,39.3,38.4,37.9,38.0,38.1,38.4,38.8,39.6,40.6,41.6,42.6,43.5,44.6
09:45:43.000,92.5,58.6,82.4,76.6,76.2,77.2,77.2,76.1,80.0,77.8,75.9,76.5,74.6,71.6,70.2,66.9,64.9,62.1,57.6,53.8,49.5,46.6,44.4,41.7,41.6,41.8,40.2,39.0,37.9,38.3,38.9,38.2,38.7,39.6,40.3,41.5,42.6,43.6,44.6
09:45:44.000,92.7,57.5,81.5,84.0,80.4,82.2,79.9,78.4,78.9,73.5,74.3,75.6,73.0,72.3,68.8,65.3,64.7,62.2,54.6,53.0,47.4,46.4,44.6,42.3,41.6,41.9,40.1,39.6,38.5,39.3,39.2,38.0,38.6,39.5,40.7,41.5,42.7,43.6,44.7
09:45:45.000,91.8,55.1,79.3,80.4,76.9,79.1,75.6,76.7,75.2,77.0,73.4,73.7,71.0,68.9,67.2,62.4,60.4,55.3,50.6,49.4,45.3,46.5,44.5,42.4,41.2,40.6,38.6,38.0,38.2,39.2,39.7,38.2,38.6,39.6,40.7,41.5,42.5,43.6,44.5
09:45:46.000,90.3,55.0,78.6,83.0,80.6,77.4,74.2,75.6,74.4,72.4,70.8,75.2,68.2,66.2,67.0,63.0,58.8,57.4,52.2,49.5,47.9,47.1,44.1,42.6,41.2,39.8,38.2,37.5,37.6,39.4,40.5,39.4,38.8,39.4,40.5,41.6,42.6,43.7,44.6
09:45:47.000,91.4,55.0,78.5,79.1,78.4,78.1,79.3,77.5,77.3,75.2,71.7,69.8,65.4,68.1,67.4,61.9,58.2,56.1,50.4,49.2,46.4,47.5,43.9,44.1,41.7,43.2,39.9,39.1,39.3,39.1,39.4,38.9,38.7,39.4,40.6,41.6,42.7,43.6,44.6
09:45:48.000,89.2,55.9,79.6,71.9,77.4,81.5,75.8,74.3,70.7,73.4,72.6,72.0,71.2,69.3,67.2,61.8,57.7,53.5,49.3,47.4,45.5,46.0,44.8,44.9,43.5,45.3,43.8,43.4,42.2,40.1,38.8,38.0,38.5,39.6,40.5,41.7,42.7,43.6,44.7
09:45:49.000,87.9,55.6,78.0,78.4,74.4,72.5,72.7,75.4,73.5,71.0,72.1,73.6,69.8,67.2,66.8,59.3,57.7,55.2,50.6,48.0,46.2,45.2,44.4,44.9,42.9,44.4,44.6,42.9,43.4,41.1,39.3,38.2,38.6,39.5,40.6,41.6,42.6,43.6,44.7
09:45:50.000,89.8,55.9,78.7,79.1,80.4,81.4,77.2,71.7,70.5,73.0,75.0,72.2,70.7,68.7,68.7,61.9,58.4,57.5,52.7,49.9,46.3,46.2,45.2,43.2,43.1,42.9,43.1,41.7,41.7,40.3,38.9,38.8,38.7,39.6,40.5,41.5,42.5,43.7,44.5
09:45:51.000,90.6,56.3,78.9,74.9,72.3,76.4,81.1,76.0,74.5,73.1,75.5,73.3,70.8,69.9,69.1,64.9,61.5,60.7,57.8,52.2,47.7,44.8,44.5,44.1,44.2,42.6,41.8,41.1,39.4,39.2,39.0,39.0,38.6,39.5,40.5,41.6,42.6,43.7,44.6
09:45:52.000,91.9,56.4,79.3,76.7,80.0,82.4,79.7,76.4,72.7,75.0,73.2,74.1,72.8,67.8,69.4,63.7,62.4,58.2,56.8,51.4,47.5,45.9,45.4,43.4,42.5,42.4,41.9,40.2,39.0,38.4,39.1,39.6,38.8,39.7,40.7,41.5,42.6,43.7,44.6
09:45:53.000,91.4,55.6,79.5,79.6,78.8,82.2,78.8,75.3,72.8,71.3,74.5,77.3,70.1,67.2,68.0,62.1,61.9,57.7,53.0,50.5,46.8,45.3,44.7,43.0,42.2,40.7,40.5,39.1,37.8,39.0,39.7,39.8,39.3,39.8,40.6,41.6,42.6,43.6,44.6
09:45:54.000,91.1,54.4,78.4,76.6,79.6,76.4,77.2,74.3,77.2,74.6,73.2,74.4,69.3,68.4,67.9,60.7,57.8,56.6,52.8,48.8,45.9,44.7,45.4,42.3,41.4,39.0,38.2,38.6,38.7,39.4,38.3,38.0,38.9,39.6,40.6,41.5,42.6,43.7,44.6
09:45:55.000,89.2,53.8,77.8,81.5,76.9,77.3,79.1,76.2,71.9,75.8,69.0,70.1,65.2,66.7,64.8,60.2,55.5,55.5,49.2,48.1,45.5,43.1,44.3,40.8,40.2,38.8,39.0,40.0,38.4,38.1,38.1,38.6,38.8,39.6,40.5,41.7,42.6,43.6,44.7
09:45:56.000,90.9,54.1,77.8,80.5,81.8,78.4,75.0,70.7,72.3,74.3,69.8,72.5,69.5,64.8,67.1,61.5,58.4,56.6,51.9,49.7,46.2,43.7,44.8,40.8,38.6,38.4,38.5,39.3,38.4,39.7,38.7,38.7,38.9,39.7,40.6,41.5,42.7,43.8,44.7
09:45:57.000,90.5,54.9,78.7,79.0,76.5,72.7,75.6,78.2,74.2,73.4,74.6,73.1,70.5,68.5,71.1,62.9,58.6,56.7,54.6,50.1,45.4,43.2,43.6,39.8,38.1,37.5,38.7,39.2,38.9,37.8,37.7,38.2,38.8,39.3,40.7,41.6,42.6,43.5,44.7
09:45:58.000,90.2,54.0,77.5,81.6,80.4,78.7,78.4,77.6,74.5,73.1,69.8,71.2,64.1,65.7,65.5,63.2,58.7,55.3,51.3,46.6,43.6,41.9,42.6,40.2,39.1,38.3,37.2,37.5,38.6,40.4,41.2,39.4,38.5,39.4,40.6,41.4,42.6,43.7,44.8
09:45:59.000,90.0,54.6,78.7,81.2,79.8,73.1,71.4,69.7,72.7,75.9,74.4,74.9,70.8,67.0,66.5,62.9,60.6,56.9,51.4,49.3,45.3,43.4,43.1,40.6,40.0,38.7,37.5,36.9,37.7,38.4,38.9,38.7,39.0,40.0,40.3,41.6,42.7,43.6,44.6
09:46:00.000,91.2,54.3,77.9,79.7,83.0,81.2,77.5,76.0,75.2,68.5,71.0,73.8,70.0,65.2,66.3,61.0,59.8,57.7,53.4,48.1,45.5,44.0,42.4,39.3,39.5,38.5,37.7,37.1,36.7,37.0,37.5,37.9,38.6,39.7,40.7,41.7,42.7,43.8,44.7
09:46:01.000,90.0,55.1,78.5,80.2,78.7,72.0,73.4,77.3,73.7,76.6,72.7,74.8,70.7,68.7,65.9,62.4,62.3,59.6,55.2,50.7,48.4,45.6,42.9,39.3,39.2,37.8,37.3,37.4,38.3,37.2,37.3,37.7,38.5,39.7,40.5,41.4,42.5,43.5,44.6
09:46:02.000,89.3,55.1,78.9,78.3,78.8,78.5,77.5,74.2,74.6,75.1,74.2,73.4,70.2,68.0,66.3,63.2,61.7,59.9,56.3,50.7,48.3,47.7,42.4,39.0,38.9,38.9,36.9,36.8,36.9,36.3,37.5,37.9,38.6,39.4,40.7,41.6,42.5,43.5,44.7
09:46:03.000,87.9,54.4,77.7,76.7,73.1,74.7,75.5,74.2,71.7,71.1,69.0,73.9,67.8,63.7,65.8,63.3,56.8,54.4,53.1,49.5,46.9,46.8,43.2,39.1,39.1,38.8,37.3,37.5,36.8,36.7,38.2,37.9,38.4,39.4,40.5,41.6,42.5,43.5,44.6
09:46:04.000,89.5,55.1,78.5,76.5,77.0,77.4,76.4,75.6,71.8,73.3,75.1,71.3,70.5,67.9,68.0,64.3,60.8,55.8,54.2,51.5,49.1,45.9,42.9,39.6,39.1,38.3,38.1,39.3,37.4,37.6,37.7,37.9,38.9,39.7,40.5,41.7,42.7,43.5,44.6
09:46:05.000,88.6,55.4,78.7,81.8,79.0,79.5,75.5,76.3,73.8,75.6,74.5,73.4,69.3,69.2,69.6,63.7,62.1,59.3,55.1,51.1,49.4,45.1,41.5,38.9,38.9,37.2,38.3,40.7,38.5,37.7,37.0,37.8,38.3,39.6,40.6,41.4,42.5,43.7,44.8
09:46:06.000,87.9,56.4,79.7,75.2,76.5,75.8,75.8,75.5,76.9,75.9,71.2,75.0,72.2,71.1,67.6,64.3,64.0,60.6,55.3,50.3,48.5,46.1,43.0,39.4,38.7,37.4,38.1,39.5,37.4,37.8,37.4,38.0,38.7,39.7,40.7,41.5,42.6,43.6,44.7
09:46:07.000,88.7,55.7,78.0,77.6,79.0,77.7,75.1,69.7,69.7,73.7,70.8,72.7,70.9,65.7,65.2,60.9,62.5,59.6,55.9,51.8,47.5,44.0,43.7,39.6,39.5,37.1,36.9,38.2,40.4,39.1,40.3,38.9,38.7,39.6,40.6,41.7,42.6,43.5,44.6
09:46:08.000,88.3,55.8,77.7,76.9,78.4,79.6,73.5,74.5,73.7,71.9,69.3,70.7,69.2,66.1,67.3,64.0,63.6,61.4,57.7,51.6,46.0,43.0,44.1,38.5,39.1,36.6,35.8,36.0,39.6,39.4,38.0,38.0,38.9,39.6,40.7,41.6,42.6,43.6,44.6
09:46:09.000,85.4,54.0,76.7,75.7,74.9,70.0,73.7,73.9,71.5,70.1,73.0,70.7,68.7,65.8,68.0,62.9,60.2,56.5,52.9,48.2,42.0,43.1,43.5,39.2,38.9,36.0,36.1,36.6,36.5,37.4,37.9,37.9,38.9,39.7,40.6,41.6,42.5,43.7,44.5
09:46:10.000,92.0,54.1,77.9,79.6,73.8,74.2,79.9,75.7,72.5,69.9,72.5,71.3,66.5,66.6,67.0,59.1,59.4,56.0,51.3,47.6,41.3,42.4,43.0,38.7,38.8,36.5,35.8,36.4,36.4,36.6,37.6,38.2,39.0,39.5,40.4,41.5,42.8,43.6,44.6
09:46:11.000,89.1,54.5,78.6,78.0,79.4,78.0,78.2,76.1,70.5,71.6,74.1,73.7,70.5,69.9,67.3,62.5,61.2,58.8,53.9,48.8,46.1,42.1,43.1,39.6,38.3,37.4,36.8,36.9,38.2,37.7,38.1,38.2,38.8,39.5,40.4,41.7,42.4,43.8,44.7
09:46:12.000,90.0,55.8,78.8,78.2,74.7,74.8,79.8,75.9,73.9,73.5,72.6,74.4,69.4,69.7,68.4,65.6,63.6,59.7,53.6,49.5,47.7,42.4,42.8,40.4,39.5,38.5,39.4,39.7,38.3,38.0,38.3,38.6,38.8,39.7,40.7,41.6,42.8,43.6,44.6
09:46:13.000,87.7,56.5,79.1,70.0,70.3,77.8,81.1,75.0,73.7,74.2,71.1,74.6,69.6,72.0,70.8,66.2,62.7,59.7,56.7,51.5,47.4,43.9,44.4,40.8,39.8,39.4,39.8,40.6,39.1,38.7,38.2,39.1,38.8,39.8,40.7,41.6,42.6,43.5,44.7
09:46:14.000,89.2,56.3,78.5,79.1,73.4,73.6,76.1,76.8,71.4,72.8,72.1,71.9,70.9,67.2,68.6,64.4,60.7,59.6,53.4,48.8,44.7,42.4,43.3,41.5,40.3,41.4,41.0,42.5,41.8,39.5,39.1,38.2,38.5,39.6,40.5,41.5,42.6,43.6,44.6
09:46:15.000,87.1,57.0,78.2,77.7,74.7,75.3,75.8,72.2,69.6,72.2,71.9,70.7,71.4,69.9,68.6,64.0,60.8,60.2,55.5,50.0,45.7,43.8,43.2,42.5,41.5,41.9,41.7,46.1,45.4,41.8,38.4,39.0,38.9,39.7,40.4,41.5,42.6,43.5,44.6
09:46:16.000,89.3,56.4,78.2,72.4,73.5,76.5,78.6,76.6,74.4,68.8,72.0,74.0,70.9,66.1,66.9,63.3,60.7,60.8,55.7,50.6,45.3,43.5,43.9,42.5,41.0,40.9,40.8,43.9,43.4,41.7,40.4,39.1,38.8,39.5,40.5,41.6,42.6,43.8,44.7
09:46:17.000,89.1,54.5,77.6,75.9,79.7,76.5,74.6,74.5,69.8,71.2,74.1,73.9,68.0,63.2,65.1,62.7,59.1,57.9,51.6,46.8,43.1,44.1,44.3,40.2,39.3,39.2,38.2,41.2,39.0,38.4,39.6,39.3,38.9,39.5,40.7,41.6,42.7,43.5,44.6
09:46:18.000,88.8,53.6,76.6,71.8,74.7,78.4,73.5,74.8,74.5,72.6,71.6,72.0,66.6,64.2,64.5,62.0,60.0,54.2,52.9,46.7,44.1,45.1,43.9,40.0,39.1,37.8,37.2,38.9,37.4,37.1,37.7,38.4,38.8,39.5,40.6,41.6,42.6,43.7,44.7
09:46:19.000,88.4,53.2,77.2,76.9,72.1,74.4,78.2,73.6,75.7,71.0,69.2,70.1,68.0,66.6,63.8,59.4,58.2,53.1,47.5,45.9,44.4,43.6,43.9,40.6,38.4,36.8,35.3,36.0,35.7,36.6,37.1,37.6,38.4,39.5,40.6,41.6,42.7,43.7,44.6
09:46:20.000,88.4,53.4,77.6,79.7,78.1,76.1,70.1,73.2,75.7,71.5,73.7,70.5,69.0,67.4,66.9,60.8,59.4,54.6,49.6,47.1,43.8,42.9,43.6,39.3,38.4,36.5,35.3,35.5,35.7,36.2,36.9,37.7,38.6,39.4,40.5,41.5,42.6,43.6,44.6
09:46:21.000,84.9,53.4,77.2,71.2,68.9,72.6,68.0,74.2,74.6,71.9,70.8,73.0,67.6,65.6,64.8,61.3,59.5,54.7,50.2,47.3,43.8,43.0,42.9,39.3,36.8,36.5,35.6,35.7,35.8,36.3,37.0,37.9,38.4,39.5,40.5,41.6,42.6,43.5,44.6
09:46:22.000,88.8,54.3,78.0,82.6,80.4,76.1,76.6,78.7,73.3,72.2,71.2,73.6,70.2,66.9,67.7,64.3,60.8,58.8,53.0,49.1,45.7,43.4,42.3,37.6,38.5,37.4,35.8,36.2,36.2,36.4,37.2,37.8,38.7,39.7,40.5,41.6,42.6,43.5,44.6
09:46:23.000,87.2,53.5,75.6,77.4,77.4,71.0,70.4,71.1,66.1,65.9,68.4,70.8,70.2,64.9,67.9,61.5,58.7,56.9,52.0,47.8,44.3,42.6,43.3,38.1,37.8,36.3,36.3,36.9,36.7,37.5,38.1,37.9,38.5,39.6,40.5,41.4,42.6,43.6,44.8
09:46:24.000,86.6,53.9,76.0,77.1,74.2,73.2,74.3,72.8,72.5,68.0,70.5,70.1,68.3,65.2,66.8,63.0,59.6,58.5,53.5,48.5,45.1,42.0,42.9,38.0,37.4,36.5,36.4,37.4,36.5,37.2,38.1,37.9,38.2,39.6,40.5,41.6,42.6,43.6,44.8
09:46:25.000,88.0,53.7,77.3,73.8,73.8,72.7,74.2,72.1,71.9,74.0,72.7,70.6,69.6,65.4,66.8,62.4,59.4,55.7,53.5,49.6,43.4,43.0,41.5,39.3,38.0,37.0,36.0,36.5,35.8,36.7,37.2,37.8,38.6,39.6,40.7,41.7,42.5,43.5,44.5
09:46:26.000,87.1,54.3,77.4,72.3,74.3,76.8,75.1,75.4,72.8,73.8,70.2,70.5,69.9,65.6,66.6,64.3,61.4,57.9,50.9,48.0,45.3,42.2,42.9,39.8,39.0,36.1,34.8,36.4,36.3,36.2,36.9,37.9,38.8,39.7,40.4,41.6,42.5,43.7,44.7
09:46:27.000,88.7,52.9,75.1,76.9,77.7,74.8,74.9,71.7,71.7,68.8,68.0,71.2,66.7,65.0,65.4,61.8,58.7,55.8,49.4,45.6,42.4,42.2,43.5,39.6,39.6,37.8,35.9,36.1,36.1,36.1,37.0,37.9,38.8,39.3,40.5,41.5,42.6,43.6,44.6
09:46:28.000,84.8,52.8,75.5,70.4,71.4,75.9,76.4,73.5,69.7,72.1,67.1,67.7,65.2,63.9,63.5,60.3,55.7,53.5,47.9,45.5,43.9,42.5,43.5,38.2,39.1,39.1,36.7,36.6,36.5,36.2,36.7,37.9,38.6,39.7,40.7,41.8,42.6,43.5,44.7
09:46:29.000,85.1,52.7,75.0,73.4,72.7,77.1,74.0,71.5,72.8,70.7,68.8,69.5,68.9,65.4,64.1,59.4,57.8,51.8,46.3,46.2,44.4,43.8,43.0,38.6,37.7,37.3,36.7,36.2,36.9,36.4,37.2,38.1,38.7,39.8,40.5,41.7,42.6,43.6,44.7
09:46:30.000,89.9,52.5,75.1,71.7,74.9,76.9,71.5,67.1,74.1,67.8,67.3,70.3,69.0,63.8,63.4,56.8,56.1,53.8,48.0,46.3,46.6,43.6,42.9,40.2,37.5,36.4,35.7,35.6,35.3,36.0,37.1,37.8,38.6,39.6,40.6,41.6,42.6,43.7,44.6
09:46:31.000,86.4,53.3,75.9,71.1,70.9,72.6,69.9,69.2,71.0,70.4,68.1,71.7,66.5,64.3,62.1,61.1,57.7,56.2,49.9,46.3,45.9,42.5,43.3,39.2,37.7,36.5,35.8,35.7,35.8,36.4,36.9,37.4,38.3,39.7,40.5,41.7,42.6,43.6,44.5
09:46:32.000,83.3,53.2,74.6,67.8,66.5,67.3,69.0,68.7,71.4,68.9,69.2,68.9,65.8,64.4,63.9,59.2,58.7,57.6,53.8,48.9,44.4,43.4,43.2,38.9,37.9,36.3,35.6,35.1,35.7,36.6,37.1,38.0,38.5,39.6,40.5,41.6,42.7,43.6,44.6
09:46:33.000,87.6,53.6,75.7,74.6,75.0,75.4,76.8,74.4,72.7,67.5,70.0,70.2,68.1,65.2,65.1,61.1,59.0,57.6,53.1,49.3,46.2,43.8,42.8,39.1,39.8,36.4,34.7,35.9,35.7,36.1,36.9,37.9,38.5,39.5,40.5,41.6,42.5,43.5,44.7
09:46:34.000,88.6,53.1,75.9,80.9,78.1,76.4,72.0,74.1,73.3,69.8,70.8,71.5,67.9,67.7,63.1,59.6,57.4,56.7,53.0,48.2,45.9,41.8,43.7,39.5,38.4,36.0,34.5,35.4,35.9,36.3,36.8,38.0,38.6,39.5,40.4,41.6,42.5,43.7,44.7
09:46:35.000,87.7,52.7,75.0,75.7,73.0,71.1,72.9,72.3,70.4,69.0,70.0,71.9,66.6,63.6,63.3,57.5,56.9,55.6,50.7,46.7,43.9,42.5,43.7,39.0,37.9,36.4,35.9,36.1,35.5,36.3,37.1,37.7,38.8,39.7,40.7,41.5,42.6,43.7,44.7
09:46:36.000,86.4,52.5,75.4,72.1,73.6,75.5,71.1,69.4,67.5,71.0,71.7,72.5,68.2,63.7,62.9,57.6,54.1,54.9,49.9,46.4,43.7,42.7,43.9,38.6,36.8,35.9,36.4,36.9,36.2,36.5,37.5,37.7,38.5,39.6,40.6,41.5,42.6,43.7,44.6
09:46:37.000,87.5,52.7,74.4,71.2,75.2,73.5,75.0,68.7,69.4,70.6,64.7,70.7,68.7,62.1,63.8,59.1,53.2,53.0,48.2,45.5,44.5,43.7,44.2,40.4,37.5,36.1,36.3,37.4,36.3,37.8,38.1,37.9,38.6,39.6,40.7,41.8,42.7,43.9,44.6
09:46:38.000,87.0,53.3,75.0,75.5,73.6,73.6,70.1,70.1,66.0,66.6,68.6,68.8,64.5,62.1,64.0,59.2,57.3,54.2,48.8,44.3,44.0,43.3,45.0,40.4,38.5,36.0,36.7,38.8,36.7,37.5,38.1,37.8,38.3,39.8,40.5,41.7,42.6,43.6,44.7
09:46:39.000,84.9,53.4,74.2,74.4,71.3,74.4,74.0,70.6,68.9,69.8,68.4,62.5,65.7,63.3,63.3,62.1,58.4,53.7,50.5,46.7,44.6,43.9,44.9,40.0,39.2,38.4,37.3,40.3,37.0,38.2,37.2,38.0,38.9,39.5,40.5,41.5,42.6,43.7,44.7
09:46:40.000,85.8,53.1,74.8,74.4,74.7,74.2,73.7,69.0,69.7,67.2,72.0,68.7,64.4,62.7,66.1,61.1,57.5,53.4,50.1,47.6,44.2,43.5,44.6,39.8,39.6,37.5,37.0,38.4,36.9,36.9,37.1,37.8,38.7,39.4,40.5,41.5,42.4,43.5,44.7
09:46:41.000,84.6,53.4,74.6,69.7,69.0,71.3,74.7,72.9,69.7,66.9,64.6,68.8,67.7,64.3,63.9,62.2,58.4,56.9,50.5,47.4,45.0,43.0,44.3,37.6,39.1,36.1,35.4,35.6,36.4,36.5,37.5,37.9,38.8,39.7,40.6,41.5,42.5,43.6,44.7
09:46:42.000,83.4,53.5,75.0,72.2,71.1,68.7,73.1,73.1,70.6,70.7,68.1,69.4,67.1,64.4,64.2,61.0,60.5,56.8,52.9,48.3,46.2,42.2,44.2,39.1,38.5,36.6,35.8,35.9,36.7,36.6,36.7,37.7,38.7,39.7,40.3,41.7,42.7,43.8,44.8
09:46:43.000,83.4,52.7,74.9,69.8,70.6,70.3,76.0,74.9,72.0,68.9,66.7,68.1,66.8,61.2,64.9,59.9,55.8,54.6,49.3,44.7,43.2,43.1,43.7,39.2,37.5,36.4,36.2,36.5,36.6,37.1,37.7,37.7,38.5,39.9,40.5,41.8,42.6,43.7,44.8
09:46:44.000,87.1,52.4,74.7,76.3,74.0,72.2,73.1,70.2,68.5,70.2,63.7,70.1,68.5,61.9,62.3,58.8,57.2,54.3,49.2,46.6,44.0,42.1,42.9,38.8,37.4,36.4,35.5,36.3,35.8,36.5,37.2,37.8,38.6,39.5,40.3,41.6,42.5,43.7,44.7
09:46:45.000,86.2,52.7,76.4,67.5,72.3,74.1,73.2,67.7,70.4,69.8,65.9,74.5,68.4,64.5,65.6,59.0,56.7,53.3,48.2,45.5,43.3,41.2,42.8,37.9,36.8,35.8,35.4,35.8,36.4,36.6,37.3,38.1,38.8,39.6,40.6,41.4,42.7,43.5,44.7
09:46:46.000,85.4,53.2,75.9,67.8,65.7,66.8,71.6,74.5,72.4,69.8,70.7,69.4,68.5,62.7,66.6,60.8,56.4,54.8,49.0,44.9,43.4,40.8,43.0,37.8,36.4,36.0,35.5,36.2,37.5,37.7,38.7,38.3,38.5,39.6,40.6,41.6,42.5,43.5,44.7
09:46:47.000,86.6,53.4,76.3,74.2,68.7,70.1,73.9,74.0,73.8,71.7,72.4,70.1,68.1,66.7,65.2,62.8,59.2,56.3,49.1,46.7,43.4,42.2,43.2,37.7,37.1,36.5,35.4,36.2,37.5,38.5,39.2,38.3,38.3,39.8,40.7,41.7,42.6,43.6,44.7
09:46:48.000,86.6,52.6,76.4,74.5,70.6,70.1,67.8,72.2,71.9,70.2,67.0,73.5,68.8,63.3,65.8,58.3,54.7,53.3,47.8,44.1,42.3,41.3,43.1,39.1,38.3,37.3,36.2,35.8,36.3,36.8,37.8,38.2,38.7,39.6,40.5,41.7,42.5,43.8,44.8
09:46:49.000,86.4,52.3,74.6,73.7,71.9,71.5,73.0,71.9,69.6,70.9,69.6,70.2,65.7,62.9,63.6,56.3,54.9,54.4,46.2,44.6,40.8,40.8,43.1,39.0,38.8,37.8,37.3,36.2,36.4,36.8,37.4,38.6,38.7,39.7,40.5,41.6,42.6,43.5,44.7
09:46:50.000,87.3,52.7,74.9,75.1,68.4,73.4,72.6,72.6,70.5,69.6,68.7,71.8,65.4,61.3,65.0,56.8,57.2,54.4,48.5,45.4,42.7,41.2,42.8,38.7,39.2,39.1,37.8,37.4,37.9,37.9,37.9,37.9,38.8,39.6,40.6,41.6,42.6,43.6,44.8
09:46:51.000,87.4,53.3,74.5,71.2,68.6,71.4,74.0,75.0,69.4,69.9,67.3,67.0,69.1,64.1,64.6,59.7,56.0,55.8,53.3,47.9,43.7,41.3,44.0,38.6,38.5,38.5,37.9,38.3,38.2,37.4,37.5,38.6,39.0,39.5,40.5,41.5,42.5,43.6,44.7
09:46:52.000,86.7,53.7,75.6,74.1,74.8,71.4,68.9,72.7,70.2,70.3,72.5,72.4,70.2,64.9,64.7,60.6,60.3,56.9,52.9,49.3,45.4,42.1,44.5,38.8,38.6,38.0,36.0,35.9,37.5,39.6,38.4,38.4,38.8,39.6,40.4,41.5,42.5,43.6,44.6
09:46:53.000,86.0,52.8,75.6,69.3,69.0,69.8,68.3,69.4,69.0,69.3,71.7,70.6,67.8,63.7,66.7,59.9,58.6,53.9,48.3,44.0,40.5,41.1,44.3,38.3,37.6,35.8,36.1,36.9,36.3,37.5,38.4,38.2,38.7,39.5,40.5,41.5,42.5,43.8,44.6
09:46:54.000,85.4,52.6,75.2,73.9,73.9,73.8,75.1,73.0,67.5,69.4,66.2,72.0,69.4,67.0,64.2,59.0,56.7,52.7,48.6,45.6,41.9,40.3,45.5,39.5,36.9,36.3,35.5,35.8,36.8,37.3,37.2,38.2,38.7,39.6,40.4,41.5,42.6,43.6,44.6
09:46:55.000,86.7,52.9,74.6,72.3,69.0,73.3,75.6,73.5,72.0,69.9,66.6,66.3,65.1,63.1,64.5,60.2,56.6,55.8,49.0,46.4,42.4,40.3,45.9,39.6,37.1,35.0,35.0,36.5,36.2,37.0,37.5,38.0,38.9,39.6,40.5,41.4,42.6,43.5,44.7
09:46:56.000,85.5,53.0,75.0,71.6,73.1,72.9,73.4,73.2,70.1,65.9,69.1,70.0,67.0,65.6,65.5,60.6,58.9,57.0,50.9,48.0,42.4,41.4,45.1,39.3,38.4,34.6,35.0,36.0,36.3,36.5,36.8,37.9,38.4,39.4,40.7,41.7,42.7,43.6,44.7
09:46:57.000,85.0,53.2,74.7,77.1,76.9,73.9,71.0,72.1,68.6,69.0,69.8,69.2,67.2,65.9,64.8,61.3,59.1,57.4,51.7,49.0,43.2,41.4,45.6,37.9,38.0,35.2,35.0,35.7,35.7,36.1,37.4,38.9,38.6,39.6,40.5,41.7,42.6,43.7,44.7
09:46:58.000,83.1,52.9,75.4,70.8,72.8,72.9,72.1,70.1,68.5,68.9,73.2,70.7,65.7,62.6,65.2,60.6,58.6,54.9,48.9,44.7,41.8,42.0,44.0,38.1,37.8,35.6,34.4,34.8,35.7,36.3,37.3,38.5,38.5,39.4,40.6,41.6,42.6,43.6,44.7
09:46:59.000,86.6,52.8,74.9,72.3,74.1,72.3,73.0,70.3,71.9,70.2,69.7,69.8,68.6,64.7,64.8,60.6,59.2,56.0,51.7,45.9,41.8,41.9,44.1,38.1,37.6,35.2,34.8,35.6,35.3,36.2,37.0,37.9,38.3,39.5,40.4,41.7,42.6,43.8,44.7
09:47:00.000,87.3,53.0,76.2,76.0,73.2,75.1,75.4,74.9,67.1,69.6,69.0,72.3,69.9,66.0,66.5,62.5,57.3,54.1,50.1,48.1,42.2,41.0,43.4,36.9,36.8,36.1,35.8,34.7,35.3,36.5,36.8,37.6,38.4,39.5,40.7,41.5,42.6,43.6,44.6
09:47:01.000,87.2,52.7,74.8,74.5,73.8,74.4,72.2,75.3,69.8,69.7,67.9,68.0,66.1,63.7,67.2,62.8,57.8,53.4,46.6,45.0,41.5,40.8,43.5,38.4,37.6,35.4,35.0,35.4,35.4,36.0,37.0,37.6,38.8,39.6,40.7,41.6,42.5,43.5,44.6
09:47:02.000,85.1,52.6,75.2,73.3,71.4,70.7,74.6,73.1,70.0,71.0,68.4,71.9,63.0,63.1,66.2,62.9,57.0,53.2,47.4,45.1,40.7,40.8,44.1,38.3,37.6,35.4,35.0,34.8,35.5,36.0,36.7,37.5,38.5,39.4,40.4,41.6,42.6,43.7,44.7
09:47:03.000,86.3,54.2,76.7,73.5,76.0,76.5,77.8,76.9,70.8,69.1,71.9,69.5,66.0,64.4,67.5,64.7,60.8,57.2,54.0,48.1,42.4,41.2,45.3,37.2,37.5,36.0,36.4,35.8,35.6,36.5,36.7,37.7,38.4,39.4,40.6,41.6,42.6,43.6,44.7
09:47:04.000,86.3,53.0,74.6,73.5,74.3,71.9,67.9,71.6,68.6,68.6,70.2,71.7,65.9,63.8,64.3,60.7,58.5,57.4,51.8,49.6,43.3,41.7,43.7,37.8,37.4,36.8,36.1,35.3,35.1,36.6,37.2,37.7,38.6,39.8,40.8,41.6,42.6,43.6,44.6
09:47:05.000,84.5,52.2,74.8,76.4,77.5,75.1,72.8,71.1,70.9,69.0,65.1,68.7,65.1,63.1,64.0,58.5,55.4,53.8,47.9,45.1,41.0,42.0,42.9,37.7,37.2,37.0,35.9,36.0,35.9,36.3,37.1,38.3,38.9,39.7,40.8,41.6,42.4,43.5,44.6
09:47:06.000,86.5,52.7,76.1,72.1,72.1,71.3,73.1,72.1,72.9,72.7,67.2,71.7,65.8,60.8,63.5,59.2,56.3,53.7,47.7,47.0,42.8,42.9,43.2,38.5,36.3,36.6,34.6,36.1,36.9,36.7,37.3,38.6,38.8,39.3,40.3,41.7,42.3,43.5,44.6
09:47:07.000,87.2,52.6,74.0,77.6,77.0,73.6,70.6,68.7,69.1,69.1,68.0,70.7,63.5,62.1,63.9,60.7,55.8,52.2,45.7,45.5,43.2,42.9,44.1,37.8,38.2,35.6,35.0,35.5,37.5,38.7,38.4,38.3,38.7,40.0,40.6,41.4,42.8,43.6,44.8
09:47:08.000,85.4,52.6,74.5,75.4,71.1,73.1,72.9,68.0,68.2,70.3,71.7,70.0,67.1,64.3,63.0,59.5,58.2,54.3,50.2,47.9,43.9,41.9,43.0,38.9,37.4,35.2,34.9,36.6,37.0,37.0,38.3,38.2,38.4,39.5,40.6,41.6,42.6,43.7,44.7
09:47:09.000,85.9,52.7,73.9,76.4,76.0,74.4,73.4,72.0,69.1,69.5,67.9,67.5,65.6,62.1,63.9,61.5,56.9,55.4,51.0,47.6,43.3,42.7,42.8,38.2,36.7,35.5,34.1,34.9,36.0,37.1,37.9,37.9,38.6,39.6,40.3,41.5,42.5,43.6,44.7
09:47:10.000,86.3,52.2,74.7,74.4,73.5,74.3,76.5,73.7,72.1,68.4,70.7,70.3,67.0,63.7,63.5,60.6,55.6,54.4,49.4,46.5,43.9,41.3,42.8,36.8,37.1,35.1,34.8,34.8,35.5,36.7,37.1,37.8,38.7,39.6,40.5,41.5,42.5,43.6,44.7
09:47:11.000,85.2,51.9,74.3,70.9,72.6,74.2,75.0,75.5,68.5,69.1,66.8,68.9,63.2,60.7,62.7,57.4,55.5,52.2,47.6,45.1,41.1,41.0,42.1,35.9,35.7,34.4,34.3,35.7,38.1,39.0,38.6,37.9,38.6,39.6,40.5,41.5,42.6,43.7,44.6
09:47:12.000,84.3,51.6,73.6,72.1,69.4,70.8,69.3,69.5,68.4,63.9,65.2,70.0,63.0,57.9,61.0,55.9,54.8,50.9,46.2,44.8,41.3,40.4,42.4,37.2,36.5,35.0,35.3,36.5,37.0,37.4,37.8,38.2,38.7,39.6,40.5,41.7,42.6,43.5,44.6
09:47:13.000,84.8,52.1,72.2,70.5,68.2,69.2,70.9,71.5,69.4,64.6,66.4,64.5,64.8,59.0,61.3,56.7,53.7,53.4,45.9,44.0,40.7,39.8,41.8,37.5,37.2,35.4,35.8,37.0,39.4,39.8,39.8,38.6,38.6,39.6,40.7,41.6,42.7,43.5,44.7
09:47:14.000,84.4,51.5,73.0,71.3,72.9,72.1,72.2,71.6,71.3,70.1,68.8,67.7,61.7,59.8,62.6,57.0,54.7,51.9,46.9,43.8,40.0,40.4,41.8,36.3,36.0,34.9,34.4,37.0,38.2,37.6,37.4,38.0,38.4,39.6,40.5,41.7,42.6,43.6,44.6
09:47:15.000,85.0,51.2,73.2,71.3,70.6,73.7,74.9,74.9,66.7,65.5,63.9,69.6,63.3,60.1,61.4,56.5,52.8,52.6,45.3,44.6,40.2,40.3,41.8,36.6,36.5,34.5,33.8,35.3,35.6,36.1,37.1,37.6,38.7,39.5,40.5,41.4,42.6,43.6,44.6
09:47:16.000,86.3,51.6,74.1,77.5,76.6,74.7,72.2,69.5,69.2,66.3,67.9,71.5,65.2,62.2,62.1,57.4,55.2,54.0,48.3,44.7,40.6,40.3,41.7,36.1,35.3,33.9,33.7,34.8,35.8,37.0,37.6,38.4,38.8,39.7,40.5,41.6,42.6,43.5,44.6
09:47:17.000,87.6,52.4,75.5,71.0,69.3,72.1,73.7,71.7,68.9,68.3,66.0,68.2,66.6,64.2,63.1,58.5,56.0,55.0,48.0,45.6,40.7,39.5,41.3,35.5,35.9,34.8,33.8,35.1,36.2,36.3,37.3,38.5,38.5,39.5,40.5,41.8,42.7,43.6,44.7
09:47:18.000,87.3,51.9,72.9,75.4,75.6,71.8,65.9,69.1,68.5,67.0,63.3,65.6,67.0,60.6,63.5,56.3,54.9,54.4,47.7,46.1,39.9,40.5,42.3,35.9,35.5,35.5,34.9,35.8,36.6,36.7,37.8,37.9,38.7,39.6,40.6,41.5,42.7,43.6,44.7
09:47:19.000,83.6,51.9,73.4,70.9,72.8,71.3,71.2,67.3,67.8,69.0,67.5,69.9,65.2,64.1,65.9,59.0,55.4,54.2,48.1,44.0,40.1,40.3,43.2,36.4,36.1,34.8,35.1,34.9,35.4,36.3,37.6,38.2,38.7,39.5,40.5,41.7,42.5,43.6,44.6
09:47:20.000,85.7,52.1,73.7,74.5,69.6,72.3,72.6,67.7,66.3,63.4,66.9,70.4,64.2,62.9,63.6,58.7,54.1,54.1,47.5,44.3,40.2,40.5,43.4,37.7,37.3,35.6,36.5,36.0,35.7,36.6,37.1,38.1,38.7,39.6,40.8,41.5,42.6,43.6,44.7
09:47:21.000,86.8,52.5,73.6,72.4,68.4,72.0,73.5,67.7,67.7,65.8,65.3,72.5,64.9,62.1,63.5,59.0,57.1,52.9,46.7,45.6,41.0,40.4,44.3,39.2,37.7,36.9,37.4,39.0,36.9,37.3,37.8,38.3,38.9,39.5,40.4,41.7,42.6,43.6,44.7
09:47:22.000,85.3,52.4,72.1,74.5,70.9,68.5,70.6,71.0,62.8,65.0,65.9,66.6,63.9,62.6,64.8,56.9,53.7,50.4,44.4,45.4,40.1,40.8,44.1,39.8,38.8,38.1,37.6,39.2,38.6,37.6,37.6,38.3,38.7,39.6,40.7,41.7,42.7,43.7,44.6
09:47:23.000,86.0,52.2,72.9,74.7,66.8,68.3,69.7,71.2,68.4,65.1,62.8,68.6,62.6,60.9,62.5,54.4,54.0,53.6,45.9,43.7,40.2,41.2,44.6,40.0,39.9,38.7,36.3,36.9,35.7,37.1,37.2,37.7,38.3,39.6,40.5,41.7,42.6,43.8,44.6
09:47:24.000,83.2,51.9,72.0,67.3,70.9,74.5,69.7,68.9,66.4,67.0,64.1,67.7,62.9,60.5,61.6,57.5,55.0,53.7,46.0,44.3,40.5,41.0,44.1,38.6,40.1,38.5,36.6,35.6,36.3,37.0,37.7,38.8,38.5,39.7,40.6,41.6,42.6,43.7,44.7
09:47:25.000,86.2,51.6,72.6,73.5,70.0,69.5,65.3,64.7,65.1,64.7,64.8,72.8,66.3,61.4,62.1,57.0,54.0,51.7,45.5,43.7,39.9,41.1,43.0,38.0,37.8,35.6,35.0,35.7,36.3,37.0,37.7,38.6,38.7,39.6,40.6,41.6,42.7,43.7,44.7
09:47:26.000,82.7,51.4,71.7,65.4,68.9,72.0,72.9,67.7,66.0,64.1,62.3,66.6,63.2,61.6,63.4,56.5,53.3,52.0,45.8,43.7,40.4,40.1,41.9,36.5,35.6,34.5,34.7,36.0,36.3,36.6,37.4,37.7,38.6,39.8,40.7,41.6,42.7,43.5,44.6
09:47:27.000,84.0,51.9,73.4,72.2,69.3,67.7,67.6,71.5,68.8,65.5,64.5,67.8,67.0,64.4,65.2,58.3,54.3,54.3,46.5,43.9,40.7,41.0,43.4,35.3,35.1,35.1,34.7,34.5,35.3,36.2,37.0,38.0,38.7,39.4,40.5,41.7,42.5,43.6,44.6
09:47:28.000,84.8,51.6,72.5,70.9,74.5,77.1,73.6,64.7,65.1,66.8,63.3,68.8,65.5,63.4,64.9,56.6,53.4,52.5,45.4,45.2,39.9,40.7,42.9,36.7,36.5,35.2,36.9,36.3,36.1,36.5,37.2,38.0,38.7,39.8,40.4,41.7,42.6,43.7,44.6
09:47:29.000,85.0,52.3,73.2,68.3,63.5,66.0,72.0,66.5,63.5,64.1,63.2,70.7,65.0,62.1,64.6,57.4,54.3,52.0,46.7,45.2,40.1,40.3,41.8,37.4,37.3,35.4,36.4,38.3,39.4,38.0,37.5,38.2,38.7,39.7,40.7,41.4,42.6,43.7,44.8
09:47:30.000,84.4,52.6,73.9,71.6,71.9,69.5,69.7,66.8,61.9,66.5,65.3,68.6,62.2,59.9,64.3,57.7,55.8,52.8,46.6,45.1,40.3,40.8,42.2,37.1,37.4,36.4,37.6,37.9,38.0,37.5,37.7,38.7,38.5,39.7,40.6,41.5,42.5,43.6,44.7
09:47:31.000,85.0,52.1,72.3,73.6,71.6,71.0,72.4,69.5,63.4,59.6,61.4,69.5,61.8,60.7,62.6,58.8,56.9,53.0,47.5,44.7,39.6,39.7,41.9,37.7,38.0,37.8,36.5,36.6,36.0,36.9,37.5,37.8,38.4,39.5,40.5,41.6,42.6,43.6,44.6
09:47:32.000,83.8,52.3,71.7,69.2,65.3,69.9,70.0,70.0,67.0,65.2,64.9,66.1,65.5,60.9,65.2,60.5,56.3,53.1,47.2,45.3,39.5,40.4,41.9,37.8,38.3,37.1,36.2,37.6,38.4,38.5,38.3,38.8,38.8,39.7,40.7,41.7,42.6,43.6,44.7
09:47:33.000,82.1,52.3,70.8,70.2,69.5,69.3,63.6,64.0,61.9,66.5,62.5,67.1,61.1,59.5,62.7,54.6,51.5,52.3,46.0,43.0,39.0,40.1,42.0,37.2,38.4,38.0,38.6,39.9,40.6,40.3,38.7,39.8,39.0,39.7,40.6,41.5,42.5,43.7,44.6
09:47:34.000,84.5,53.0,72.4,73.0,70.6,70.8,71.7,72.9,67.9,67.9,64.4,69.4,61.7,58.9,63.4,56.4,55.1,51.6,44.9,44.9,39.3,40.4,41.7,37.2,37.9,39.0,39.3,41.4,41.0,42.3,42.0,39.5,38.8,39.6,40.6,41.6,42.6,43.6,44.7
09:47:35.000,83.2,51.8,72.8,67.8,71.9,75.1,71.2,67.5,65.5,64.4,66.4,71.6,64.0,57.5,62.0,54.7,52.7,52.1,46.0,43.9,40.5,40.8,41.4,38.2,37.5,38.1,37.0,38.8,38.2,38.4,37.4,37.5,38.7,39.6,40.5,41.3,42.6,43.6,44.6
09:47:36.000,81.4,51.2,70.8,72.1,70.6,67.5,70.6,68.8,67.6,65.1,64.9,65.0,60.0,56.3,61.8,54.0,50.0,51.6,45.4,43.6,39.6,40.4,42.2,38.2,36.9,36.0,35.7,36.3,35.6,36.3,37.2,37.8,38.8,39.7,40.7,41.6,42.6,43.6,44.6
09:47:37.000,82.4,51.2,72.2,71.8,74.2,75.2,73.4,70.3,68.4,67.8,67.1,67.7,62.4,56.7,60.8,54.0,55.2,50.3,44.7,44.1,39.9,40.5,43.1,38.8,36.9,34.8,34.2,34.8,36.0,36.1,37.0,37.6,38.9,39.6,40.8,41.5,42.6,43.6,44.6
09:47:38.000,83.4,51.0,71.2,71.0,66.3,67.6,71.0,66.5,65.3,66.7,62.7,69.2,63.3,55.7,62.2,56.0,53.6,50.1,44.0,43.0,39.3,40.8,42.4,37.4,35.3,34.6,34.2,34.8,35.5,35.9,36.8,37.7,38.6,39.7,40.6,41.5,42.5,43.6,44.8
09:47:39.000,83.8,51.1,72.3,68.2,69.6,67.5,68.4,69.1,65.8,63.6,64.4,72.1,65.0,60.5,61.3,54.2,51.1,51.0,44.6,43.3,39.1,39.9,42.5,37.6,36.1,34.4,34.8,34.7,35.1,36.5,37.0,37.8,38.7,39.6,40.6,41.4,42.6,43.6,44.6
09:47:40.000,84.5,51.3,70.1,69.8,69.8,66.4,66.4,64.6,67.3,64.1,62.4,62.5,62.5,59.4,62.2,57.1,54.8,49.4,44.8,44.1,38.8,40.5,43.3,38.2,37.6,35.3,36.6,35.9,35.7,35.9,37.2,38.0,38.7,39.4,40.7,41.5,42.5,43.6,44.7
09:47:41.000,82.8,51.3,69.8,70.6,66.6,64.2,65.5,68.7,63.6,63.5,66.6,63.9,60.4,58.1,62.2,55.6,53.1,51.6,45.2,44.7,39.4,40.4,41.7,37.7,37.7,35.5,36.5,36.9,36.6,36.7,38.0,38.9,38.5,39.6,40.7,41.7,42.7,43.7,44.7
09:47:42.000,83.7,51.5,72.2,68.0,70.6,70.8,67.5,66.6,65.4,63.2,66.4,70.8,65.6,58.8,62.5,56.0,52.3,51.4,45.5,43.6,39.0,39.6,42.0,36.6,37.7,36.4,35.5,35.7,36.4,38.0,38.1,38.4,38.5,39.4,40.4,41.4,42.7,43.7,44.7
09:47:43.000,81.2,51.3,71.2,72.2,69.6,63.8,63.9,63.0,65.2,63.0,60.7,70.8,62.0,56.7,60.2,54.9,51.5,51.0,45.0,43.4,38.9,39.9,42.9,37.2,37.5,35.7,35.0,36.0,37.0,36.6,37.4,38.2,38.6,39.5,40.5,41.8,42.4,43.7,44.7
09:47:44.000,82.2,51.2,70.1,61.4,61.5,68.2,69.7,70.7,68.3,62.8,64.0,60.9,60.7,58.6,62.0,52.7,51.3,52.8,46.2,44.5,39.8,40.7,42.4,36.9,37.2,35.8,36.2,35.8,36.5,36.6,37.3,38.1,38.7,39.6,40.6,41.5,42.6,43.7,44.6
