AMBIENT,67.1,59.8,59.9,51.6,51.0,49.7,49.6,49.6,48.7,46.3,46.0,46.6,44.2,48.7,43.3,41.3,41.9,41.6,41.7,40.2,40.8,41.4,41.4,41.9,42.3,43.4,43.8,44.8,45.6,46.4,47.3,48.3,49.2,50.2,51.2,52.2,53.2,54.2,55.2
07:30:48.011,66.2,59.0,59.5,54.9,53.4,51.2,48.9,48.4,48.6,44.8,42.9,47.0,44.2,51.7,45.0,41.8,43.7,42.3,42.1,39.0,41.3,41.6,39.7,42.4,42.6,42.9,44.2,44.2,45.3,46.4,47.1,48.2,49.1,50.2,51.3,52.1,53.2,54.2,55.3
07:30:49.011,68.0,59.0,59.4,53.3,52.9,54.7,49.0,46.4,46.7,46.1,49.8,46.5,43.6,48.2,43.3,41.7,41.3,40.8,40.3,39.9,41.0,40.9,41.5,41.5,41.8,43.2,43.4,44.6,45.6,46.4,47.3,48.2,49.1,50.3,51.4,52.4,53.1,54.2,55.3
07:30:50.011,67.1,59.0,59.5,50.3,49.5,49.6,54.2,51.2,52.0,46.7,47.7,46.4,43.7,50.7,42.4,41.2,41.7,42.9,41.7,40.4,40.2,41.7,41.3,41.2,42.3,43.6,44.1,44.7,45.2,46.5,47.2,48.1,49.3,50.1,51.4,52.1,53.1,54.3,55.1
07:30:51.011,67.0,59.0,59.3,50.4,50.3,51.6,51.0,46.6,47.9,49.3,42.9,44.7,42.4,50.1,42.8,42.4,41.5,42.4,39.8,40.7,40.9,41.1,42.3,41.7,42.1,43.1,44.0,44.6,45.1,46.3,47.3,48.2,49.1,50.2,51.4,52.1,53.1,54.2,55.2
07:30:52.011,66.4,59.0,59.1,49.4,52.1,54.1,52.7,49.0,44.9,46.7,45.6,46.4,45.5,45.9,42.6,39.4,40.5,42.3,42.2,40.4,39.6,40.7,41.0,41.2,41.7,43.5,43.5,44.3,45.5,46.5,47.3,48.1,49.0,50.3,51.2,52.3,53.1,54.3,55.2
07:30:53.011,68.3,59.7,61.3,51.3,50.2,50.0,54.8,53.7,52.6,49.6,51.3,55.6,50.5,49.3,46.3,43.8,42.3,43.0,45.5,43.0,45.2,44.9,48.7,48.5,46.5,47.3,46.2,46.7,46.8,47.1,47.5,48.3,49.6,49.9,51.2,52.2,53.2,54.2,55.3
07:30:54.011,67.0,59.1,59.5,52.6,51.1,49.8,47.5,48.2,45.9,49.0,46.4,45.6,45.2,44.2,42.6,41.9,41.6,42.1,43.7,40.0,41.5,41.4,42.8,43.4,42.6,43.6,43.7,44.5,45.6,46.4,47.3,48.4,48.9,50.2,51.2,52.2,53.3,54.2,55.2
07:30:55.011,68.1,59.0,59.2,46.6,50.0,52.2,47.7,49.1,47.5,46.7,46.2,44.3,44.6,46.7,40.7,41.0,39.3,40.5,41.1,39.7,41.4,41.0,40.7,41.8,42.3,42.7,44.6,44.6,45.8,46.3,47.0,48.2,49.0,50.4,51.0,52.1,53.3,54.2,55.1
07:30:56.011,66.9,59.1,59.3,49.9,45.3,49.7,48.8,45.7,45.6,46.4,44.8,44.8,42.3,45.5,42.7,41.3,40.4,41.9,42.5,40.8,41.3,40.8,41.0,42.7,42.9,43.4,43.7,44.4,45.3,46.8,47.6,48.5,49.2,50.2,51.2,52.2,53.2,54.2,55.2
07:30:57.011,65.9,59.0,59.3,47.6,53.1,53.4,49.8,48.4,48.2,47.6,44.8,43.2,44.0,47.9,43.3,42.2,42.1,41.3,41.3,40.4,40.5,42.2,41.5,41.8,42.2,43.9,43.4,44.8,45.2,46.4,47.3,48.4,49.3,50.1,51.2,52.2,53.2,54.2,55.3
07:30:58.011,76.4,59.0,69.1,56.0,54.0,56.6,68.7,74.5,69.6,66.0,63.0,57.2,49.7,46.7,44.3,41.8,43.5,42.6,40.4,40.8,40.9,41.4,40.4,42.0,42.5,43.2,43.1,44.1,45.1,46.4,47.3,48.0,49.3,50.3,51.4,52.3,53.1,54.3,55.2
07:30:59.011,69.7,59.0,63.0,40.6,49.7,56.5,57.5,58.2,63.1,58.8,52.7,53.1,44.7,46.7,44.2,42.0,42.3,41.5,41.2,40.7,41.9,42.1,41.0,42.1,41.7,43.0,43.8,44.7,45.7,46.5,47.3,48.1,49.2,50.3,51.4,52.3,53.1,54.2,55.2
07:31:00.011,68.9,59.1,60.5,55.4,53.6,52.6,52.2,56.9,56.3,53.1,50.5,45.4,44.1,47.4,44.4,41.6,40.5,40.7,40.3,40.1,39.7,40.9,41.3,42.0,42.5,42.9,43.9,44.4,45.8,46.4,47.3,48.1,49.3,50.3,51.1,52.0,53.3,54.2,55.2
07:31:01.011,70.6,59.1,61.2,55.8,57.3,55.5,53.6,53.5,54.7,53.6,48.7,48.5,45.7,50.3,41.8,42.2,40.7,41.6,42.1,40.0,40.7,44.5,41.5,41.5,41.8,43.5,43.8,44.8,45.4,46.0,47.3,48.2,49.2,50.1,51.5,52.3,53.2,54.2,55.1
07:31:02.011,69.3,59.1,61.9,52.5,56.0,59.0,58.2,57.3,58.7,57.4,53.5,47.7,44.0,51.4,42.5,41.6,41.2,40.8,41.0,41.0,41.7,43.4,40.7,42.2,42.7,44.1,44.0,44.9,45.4,46.3,47.3,48.2,49.1,50.1,51.3,52.1,53.3,54.1,55.3
07:31:03.011,98.6,79.8,86.0,86.5,83.6,87.2,85.7,82.6,80.4,76.2,79.0,76.8,72.4,63.4,57.0,65.8,74.7,72.9,67.5,70.4,74.0,79.5,77.9,72.9,71.2,70.2,66.6,66.5,67.2,63.6,59.1,55.6,52.2,51.4,51.4,52.2,53.2,54.3,55.2
07:31:04.011,104.0,89.2,98.1,90.2,89.0,90.1,87.7,90.6,90.6,89.0,86.7,93.7,92.8,79.8,74.2,75.6,74.9,77.7,79.7,78.8,79.8,81.6,81.6,80.5,80.5,80.1,78.1,77.9,76.7,73.0,71.1,67.0,60.4,56.3,52.9,52.3,53.2,54.2,55.2
07:31:05.011,107.6,92.2,101.0,93.2,93.4,92.5,93.3,96.6,97.4,93.8,96.2,90.9,88.1,80.6,78.9,79.3,81.7,83.8,86.1,86.9,85.9,86.8,86.5,85.0,83.9,82.4,80.3,80.9,80.2,76.4,73.5,69.0,63.4,59.4,54.7,52.6,53.0,54.2,55.2
07:31:06.011,115.6,93.9,109.4,97.9,98.3,103.1,104.7,103.5,107.6,108.4,105.3,99.5,95.0,85.3,84.0,84.7,83.5,86.4,88.0,89.0,89.4,87.8,87.5,87.4,85.6,82.7,81.5,81.6,80.1,76.7,75.1,70.8,64.5,59.8,55.1,52.9,53.3,54.2,55.2
07:31:07.011,121.0,94.5,114.3,104.8,106.5,108.3,113.2,112.3,113.6,114.6,110.0,106.5,99.5,95.8,88.4,88.3,87.1,88.0,88.4,91.2,90.1,90.4,89.7,88.4,86.2,83.8,80.9,81.0,80.4,76.6,73.9,69.7,63.7,58.8,54.4,52.8,53.2,54.0,55.3
07:31:08.011,120.1,94.2,113.7,105.5,105.1,103.7,106.6,110.4,110.6,113.9,110.2,106.5,101.0,93.8,91.4,87.0,85.6,86.2,87.3,89.3,88.3,89.5,89.0,88.8,86.1,84.1,81.2,81.1,79.8,75.5,73.6,68.7,62.9,58.2,53.9,52.7,53.3,54.3,55.2
07:31:09.011,120.9,95.5,115.9,99.5,104.0,105.6,109.4,109.6,113.3,114.7,115.2,109.6,104.4,95.2,91.6,88.7,90.6,85.0,87.3,88.9,90.1,89.7,89.7,89.7,87.4,84.9,83.3,82.8,82.0,79.3,76.7,72.4,66.5,62.3,57.7,53.6,53.4,54.3,55.1
07:31:10.011,121.3,96.7,116.3,101.8,104.4,105.9,111.5,113.8,111.0,116.1,114.5,110.0,104.3,93.0,91.1,89.6,88.5,87.0,85.9,89.0,91.4,91.3,90.9,90.6,88.7,86.5,84.7,84.1,81.9,78.4,76.3,72.5,66.9,63.0,58.0,53.6,53.5,54.3,55.2
07:31:11.011,122.2,100.3,117.7,98.3,102.5,105.1,109.1,113.6,114.7,117.9,112.8,111.0,108.6,99.1,94.0,91.8,89.4,90.9,91.6,92.0,92.8,94.9,95.2,94.4,91.9,90.2,87.8,87.5,86.4,83.2,81.7,77.5,72.1,68.4,63.8,57.1,54.1,54.4,55.1
07:31:12.011,120.9,103.6,117.2,91.0,93.7,99.7,109.9,109.7,110.9,113.2,116.2,110.6,109.9,99.2,95.7,96.7,96.2,94.0,96.4,97.2,96.6,98.4,98.6,96.3,95.1,93.1,90.7,91.2,90.9,88.0,85.6,81.9,78.2,75.7,73.0,66.2,61.4,57.2,55.9
07:31:13.011,122.8,106.1,118.3,106.3,108.6,111.3,110.6,117.3,115.9,111.8,113.3,109.8,106.2,105.6,105.3,103.2,102.0,102.1,100.3,100.7,101.0,100.8,101.2,99.0,97.8,96.2,93.6,92.7,91.7,89.1,88.4,85.7,82.3,80.5,78.0,72.8,68.9,64.2,59.3
07:31:14.011,125.7,109.8,122.0,111.2,110.4,114.0,115.3,115.7,116.4,116.6,118.7,115.1,112.9,113.4,110.0,109.2,108.3,105.4,105.8,106.0,105.5,104.3,103.3,102.4,100.9,98.8,97.1,97.1,96.1,93.2,91.6,90.0,87.2,85.9,84.6,79.6,77.6,72.9,67.4
07:31:15.011,127.5,112.6,123.3,110.7,114.4,118.1,117.0,114.8,116.9,116.7,115.2,116.4,114.9,113.8,113.2,111.7,109.5,108.6,108.3,109.0,108.7,107.4,105.9,105.1,103.3,101.1,99.7,100.0,99.2,96.6,96.0,93.5,90.1,90.4,90.6,85.9,83.9,79.3,74.8
07:31:16.011,128.4,113.4,124.5,107.5,109.1,115.3,116.3,122.9,122.4,118.1,116.7,117.3,113.5,113.3,114.2,113.7,111.5,110.8,110.8,110.0,107.4,108.8,106.8,105.7,104.0,102.2,101.7,102.2,101.1,98.9,98.4,96.0,92.8,92.6,92.5,89.1,87.7,83.7,80.2
07:31:17.011,127.2,114.9,124.4,109.0,112.6,117.2,115.0,114.6,118.3,115.7,115.9,117.1,116.2,114.6,114.2,114.8,111.9,111.8,112.4,112.1,110.2,110.6,107.5,106.1,104.7,103.5,102.6,102.3,101.9,100.9,100.0,97.5,95.0,94.9,95.4,92.7,90.8,88.3,84.4
07:31:18.011,128.7,117.5,126.5,107.2,111.6,113.2,109.2,112.7,120.6,119.8,119.7,113.4,117.5,119.0,116.8,114.1,113.6,112.6,111.2,112.3,112.7,111.5,110.2,108.2,107.9,106.7,104.8,106.2,105.9,103.5,102.9,100.7,98.0,98.9,98.5,94.3,90.5,87.4,86.5
07:31:19.011,130.2,119.3,128.2,105.8,108.4,115.1,116.0,119.3,114.3,117.8,123.0,119.5,121.5,117.9,116.1,115.3,113.5,113.6,115.2,114.6,114.9,111.8,111.3,110.1,110.1,109.3,108.7,109.4,108.9,106.4,104.5,101.3,98.8,98.2,96.6,94.1,93.0,92.2,92.0
07:31:20.011,130.8,118.6,129.0,107.6,108.8,114.9,113.4,116.3,116.3,117.0,118.4,120.8,123.6,122.3,117.5,116.8,114.9,116.3,115.7,113.1,111.7,110.5,110.1,110.0,109.5,108.7,107.5,107.2,106.6,103.9,101.1,99.3,97.9,96.8,94.1,93.6,92.2,92.0,91.4
07:31:21.011,131.3,117.0,129.2,109.2,115.6,114.6,116.8,120.1,120.4,119.7,122.0,121.5,119.2,120.1,120.1,119.6,118.2,118.4,115.5,113.8,112.0,110.8,108.8,107.6,107.2,105.3,104.0,103.3,101.3,100.2,98.0,95.4,93.9,92.5,90.0,90.6,88.9,89.8,88.0
07:31:22.011,131.1,119.8,129.0,107.5,110.6,109.4,116.6,115.0,120.3,123.9,123.9,118.7,116.9,119.6,119.3,116.8,119.4,116.9,116.9,116.9,115.1,113.6,113.8,113.7,113.0,111.1,108.4,107.6,106.5,105.7,101.9,99.6,99.3,97.6,95.3,96.6,95.3,95.5,91.4
07:31:23.011,130.1,115.6,127.3,110.8,109.5,110.8,115.6,119.2,119.7,120.7,117.8,117.5,116.2,118.2,115.1,117.6,117.4,115.4,112.4,111.9,110.1,110.0,108.5,106.7,105.2,102.3,99.8,100.6,99.2,97.6,92.6,90.4,90.4,89.6,89.3,89.6,86.6,84.4,79.7
07:31:24.011,131.6,118.1,128.7,113.0,117.0,114.2,118.2,122.3,121.0,119.9,117.5,117.4,120.7,118.2,118.3,119.6,117.6,116.7,116.1,114.8,113.5,113.1,112.5,110.5,108.5,107.2,106.0,105.1,103.6,103.1,98.5,98.4,99.3,98.5,97.9,97.6,93.8,91.6,90.1
07:31:25.011,130.4,116.5,127.8,107.0,111.9,115.7,114.7,122.0,120.7,120.7,117.2,119.3,117.6,115.9,117.8,117.2,118.5,118.2,114.7,112.9,112.7,110.8,109.5,107.7,106.6,105.1,102.4,101.3,99.2,99.2,94.2,94.7,95.3,95.2,93.7,92.4,87.8,87.5,85.0
07:31:26.011,129.6,117.2,127.3,110.8,113.5,116.6,118.0,118.8,116.4,118.0,119.4,119.5,117.9,119.3,119.3,116.0,118.0,116.1,113.7,113.7,112.7,111.3,110.2,110.8,110.0,106.6,105.6,104.2,102.4,102.1,98.7,99.2,100.0,99.3,96.1,94.2,91.9,92.8,88.1
07:31:27.011,129.8,113.8,125.7,114.1,119.9,122.3,118.3,117.0,117.0,117.3,118.3,120.3,117.6,118.4,114.0,115.8,114.3,112.6,112.7,111.3,111.0,109.0,106.7,106.2,104.2,103.6,100.6,100.3,98.9,98.0,95.1,95.5,95.4,94.5,90.6,89.2,89.1,86.9,83.7
07:31:28.011,129.2,113.2,125.4,111.7,114.2,120.4,121.0,116.9,116.8,117.9,113.7,118.9,117.9,118.2,116.5,115.1,113.0,112.4,111.4,111.0,109.4,107.0,106.4,105.9,103.9,101.6,100.6,99.2,97.9,96.9,94.9,95.6,95.7,93.9,89.2,88.9,87.9,82.7,80.8
07:31:29.011,128.3,111.6,124.8,116.5,116.3,117.7,117.6,115.9,117.5,116.4,116.0,115.0,116.4,116.4,115.7,114.8,114.8,111.5,110.6,108.7,107.1,105.4,104.7,102.7,101.9,99.6,98.7,97.0,96.3,95.3,93.8,93.0,93.5,89.4,86.4,87.5,84.5,79.3,77.4
07:31:30.011,128.2,112.2,125.5,113.0,114.2,115.5,112.4,110.3,115.8,116.7,117.7,118.0,118.1,117.3,114.3,114.8,111.6,111.9,111.2,109.5,108.3,106.7,105.6,104.0,103.1,102.2,100.6,97.7,97.7,96.8,95.6,94.2,95.1,90.0,90.0,90.8,86.4,84.6,81.3
07:31:31.011,128.8,110.8,125.1,116.5,117.8,118.8,116.4,116.0,115.3,118.0,118.9,119.3,118.0,117.4,114.0,112.9,113.4,112.2,110.6,109.1,107.0,106.0,103.4,101.8,100.5,98.4,97.1,94.0,93.9,93.4,93.0,90.8,91.3,85.2,88.6,87.2,84.0,81.6,78.7
07:31:32.011,128.7,113.6,125.4,114.7,117.3,117.2,118.1,115.2,116.5,119.8,118.2,118.6,116.4,115.8,115.4,112.8,113.2,112.2,112.2,110.5,110.5,108.4,106.4,105.0,104.4,102.9,101.9,98.7,99.4,98.9,98.7,95.5,96.8,91.1,94.6,90.9,90.7,86.6,84.6
07:31:33.011,126.9,110.1,123.4,110.5,115.4,116.6,114.7,113.5,110.6,118.0,118.1,115.3,116.0,115.0,111.7,112.1,111.9,109.7,108.9,107.7,106.2,104.8,104.0,102.1,100.1,99.2,97.9,93.8,94.2,93.1,91.5,87.1,87.6,83.1,83.4,79.8,80.2,74.5,73.0
07:31:34.011,126.5,108.4,122.9,114.0,114.4,114.1,112.2,113.4,114.7,117.4,116.1,115.6,116.3,115.3,111.2,111.6,111.2,110.1,108.1,107.8,104.6,103.0,101.1,99.5,98.3,97.1,95.1,91.1,90.3,89.9,89.4,85.2,86.7,82.4,81.6,79.1,76.3,71.2,68.3
07:31:35.011,126.2,109.8,121.8,113.6,106.5,105.4,110.2,112.8,110.9,112.7,113.6,112.9,112.1,113.2,110.4,111.4,110.5,110.9,108.3,107.2,106.5,105.6,103.9,101.9,101.0,100.1,99.1,96.4,97.6,95.6,93.5,89.5,89.8,86.8,86.5,84.9,84.5,78.1,75.9
07:31:36.011,125.4,107.5,121.3,111.0,112.2,111.6,114.3,112.8,112.7,112.3,113.9,115.8,111.9,111.9,108.9,110.9,109.8,108.4,106.6,105.6,103.9,101.7,98.4,96.2,95.7,95.7,94.1,91.8,92.9,90.7,88.9,86.3,88.3,83.9,83.0,80.3,80.5,72.7,68.7
07:31:37.011,125.0,105.8,120.8,113.6,113.4,114.3,111.1,111.7,114.7,118.1,114.4,113.9,114.5,112.3,107.3,109.4,107.6,107.2,105.0,104.1,102.6,101.1,99.3,97.6,96.6,94.9,93.3,89.5,88.2,84.6,81.9,80.1,81.3,77.7,76.8,73.3,72.2,64.9,60.3
07:31:38.011,124.6,106.4,120.6,107.4,110.7,113.1,112.4,108.4,115.9,113.5,115.1,113.5,110.2,109.2,110.5,108.1,108.4,104.7,105.9,104.3,103.3,101.7,99.7,96.6,94.5,94.2,92.8,89.8,91.1,87.5,85.1,84.9,85.4,79.3,81.0,76.6,77.0,69.1,61.9
07:31:39.011,123.5,106.6,119.3,106.3,110.9,112.4,113.9,113.0,112.4,114.5,113.8,110.0,106.0,109.2,107.2,108.7,107.0,107.6,105.3,104.5,102.1,100.2,99.4,97.4,96.0,95.4,94.4,91.8,91.7,87.0,83.8,84.7,84.4,76.8,77.0,72.0,72.6,65.8,60.7
07:31:40.011,122.7,103.2,118.3,102.3,107.9,110.3,109.2,106.9,114.5,111.8,111.9,110.9,110.5,109.2,107.5,106.4,105.2,104.3,101.7,100.8,99.3,97.8,94.9,93.8,91.7,91.7,90.8,88.5,89.2,85.4,81.2,84.5,83.3,75.9,78.2,73.4,74.3,70.1,63.4
07:31:41.011,122.7,103.7,117.8,109.8,109.5,112.7,111.7,109.5,112.5,111.0,108.6,110.2,110.8,108.2,108.7,107.2,105.5,104.9,101.8,100.8,99.6,97.2,96.4,94.4,93.6,92.8,93.0,90.3,89.4,85.2,82.2,84.7,83.0,74.8,74.7,68.7,69.6,64.1,58.1
07:31:42.011,121.1,101.8,116.7,99.5,109.0,114.2,112.7,106.1,108.9,113.0,111.9,109.4,109.2,105.4,106.1,105.2,102.9,103.7,102.3,99.8,98.0,95.5,93.2,91.8,91.0,90.7,89.2,85.9,86.6,81.7,76.4,79.4,77.3,69.1,70.5,66.0,65.8,59.9,55.9
07:31:43.011,121.0,102.9,116.2,107.0,101.0,101.1,108.3,108.7,109.9,111.3,113.1,107.9,109.4,103.9,102.6,104.5,102.8,103.4,99.9,99.5,100.6,98.5,96.2,95.0,94.1,94.2,92.8,89.1,88.2,82.6,79.0,81.9,79.6,71.5,72.0,68.3,66.6,61.1,55.9
07:31:44.011,119.3,100.1,115.4,105.2,103.9,107.9,105.9,106.6,110.0,111.7,111.2,106.5,106.3,107.0,105.4,102.9,103.4,102.8,99.9,99.6,97.0,93.8,91.9,89.0,88.1,87.5,87.5,85.6,84.3,78.8,77.5,80.5,77.6,71.9,70.8,67.6,67.0,64.5,57.7
07:31:45.011,119.1,99.7,114.5,103.0,103.9,106.5,104.8,107.3,109.0,109.7,107.6,108.7,103.6,104.9,103.2,102.9,102.4,100.3,98.6,98.6,97.6,94.4,92.3,88.7,88.8,88.1,87.9,85.2,83.5,77.9,75.2,78.2,74.7,69.1,66.1,61.7,59.6,56.4,55.5
07:31:46.011,119.3,99.3,114.3,110.0,104.4,103.6,103.2,106.6,111.2,111.8,107.3,108.3,106.4,101.6,100.3,103.3,101.3,101.1,98.4,98.1,95.9,93.6,91.4,89.7,89.4,88.7,88.6,84.6,83.3,77.6,75.3,75.7,70.5,65.2,60.6,56.4,55.9,54.7,55.1
07:31:47.011,118.4,96.7,112.7,107.6,109.8,109.4,106.8,105.5,108.9,107.1,107.5,106.8,104.7,103.6,102.4,102.8,100.3,98.5,97.3,96.7,94.3,91.9,88.5,86.5,85.4,84.9,83.9,79.2,77.2,71.6,71.6,72.6,67.9,62.3,59.5,54.4,53.9,54.3,55.2
07:31:48.011,117.1,97.7,111.4,107.5,109.5,107.3,107.3,108.4,103.1,103.9,98.7,102.8,101.7,101.4,101.5,100.6,99.7,100.2,97.2,96.7,94.7,93.3,91.2,87.9,86.9,86.6,85.6,82.3,80.4,73.8,73.3,73.6,68.3,63.8,59.4,53.0,53.5,54.1,55.2
07:31:49.011,115.9,96.4,111.0,101.2,102.3,104.6,104.1,102.4,103.2,102.4,101.8,102.0,105.3,101.4,98.9,100.0,98.9,97.4,96.0,94.5,93.7,91.8,89.1,87.3,86.5,86.2,85.5,81.7,77.6,70.0,66.8,65.1,59.4,55.8,55.6,52.7,53.2,54.4,55.3
07:31:50.011,116.0,94.3,110.5,105.1,103.3,100.6,106.3,107.6,105.8,105.1,104.0,104.4,101.5,102.0,98.5,98.7,97.2,97.6,95.7,92.7,90.8,88.3,86.4,83.9,82.3,83.1,82.8,78.8,74.5,65.3,64.2,64.1,58.5,56.5,54.0,52.2,53.1,54.3,55.1
07:31:51.011,116.5,93.8,110.0,99.8,105.1,107.7,105.2,102.9,106.6,105.5,103.8,102.6,103.3,99.7,100.3,98.5,96.3,95.5,95.1,92.9,90.4,88.4,86.0,83.8,82.8,81.7,81.4,79.2,76.6,68.8,68.5,66.8,60.2,55.5,53.0,52.3,53.2,54.3,55.3
07:31:52.011,114.9,92.4,109.2,107.3,108.0,101.0,98.1,101.9,103.3,103.6,103.4,100.5,102.4,100.0,99.9,97.4,97.5,95.4,93.2,91.0,88.5,85.9,83.4,80.6,79.1,80.9,79.0,75.7,73.8,66.8,67.7,67.6,61.5,57.3,54.6,52.5,53.2,54.2,55.1
07:31:53.011,113.9,91.3,107.8,103.9,104.8,103.4,103.7,103.8,104.0,101.7,98.4,99.6,99.0,98.4,97.6,96.0,95.1,93.9,92.7,92.2,89.2,86.0,81.2,79.2,79.2,78.8,77.7,75.8,73.2,65.5,65.2,62.1,55.2,52.8,51.8,52.3,53.1,54.2,55.3
07:31:54.011,113.1,91.2,107.2,101.1,102.1,104.6,103.1,98.6,102.4,100.0,98.3,101.3,100.7,96.5,97.6,95.6,94.7,93.0,92.0,90.8,87.4,85.9,84.3,81.2,80.2,80.8,79.9,76.6,73.4,66.3,65.0,64.6,62.6,60.4,59.0,53.3,53.6,54.3,55.2
07:31:55.011,112.4,90.3,106.6,96.4,100.5,102.3,101.2,99.9,99.3,99.0,99.3,98.4,99.2,97.9,95.3,93.1,93.8,92.4,91.3,89.3,86.5,85.0,81.2,79.5,77.0,76.5,75.8,71.8,69.4,62.4,61.0,58.6,53.1,51.6,51.5,52.2,53.2,54.3,55.3
07:31:56.011,111.0,89.2,105.3,101.9,95.2,96.3,98.7,100.5,98.4,100.9,101.6,94.1,94.8,92.7,94.0,95.0,93.2,91.9,91.4,89.2,85.5,82.4,80.0,79.1,78.1,79.2,78.5,74.0,71.0,63.0,60.5,56.9,51.6,50.4,51.2,52.1,53.2,54.2,55.2
07:31:57.011,110.1,88.4,105.2,97.8,96.2,98.8,102.3,100.1,98.7,100.1,97.9,96.6,98.0,96.5,96.8,95.5,92.6,91.6,90.9,87.8,85.9,83.6,80.6,76.9,74.8,75.4,73.0,66.5,58.4,53.7,54.2,52.7,49.7,50.3,51.3,52.3,53.1,54.2,55.2
07:31:58.011,110.1,88.1,104.7,94.4,95.9,99.2,101.3,98.4,101.4,100.2,97.7,94.9,96.0,93.6,95.5,91.5,89.6,90.4,89.9,88.0,85.3,83.8,81.9,78.5,76.5,74.7,74.6,71.3,67.0,58.2,55.2,53.2,49.9,50.2,51.2,52.1,53.1,54.2,55.3
07:31:59.011,110.7,84.5,103.8,99.7,101.0,98.6,99.9,98.3,100.1,98.5,96.9,97.0,97.1,95.4,91.6,91.9,91.3,88.1,86.9,83.9,81.3,78.0,76.1,72.6,70.4,69.4,67.0,60.5,56.3,50.1,48.7,48.6,49.4,50.1,51.3,52.2,53.0,54.4,55.3
07:32:00.011,109.6,84.6,103.4,96.9,98.6,101.7,100.3,98.7,101.0,100.3,97.9,96.6,94.2,91.1,91.6,91.7,90.2,87.3,85.8,83.3,81.2,79.6,76.9,74.4,72.8,73.2,71.6,66.7,60.0,51.5,49.9,50.2,49.4,50.2,51.2,52.4,53.3,54.3,55.3
07:32:01.011,109.0,83.5,102.0,97.1,92.5,99.7,102.0,98.1,94.8,95.5,94.1,95.8,94.3,91.3,90.9,89.4,88.7,86.7,85.7,84.0,80.2,77.8,75.1,72.7,69.3,69.3,67.9,61.2,56.3,49.9,48.6,48.4,49.2,50.2,51.2,52.0,53.3,54.2,55.2
07:32:02.011,108.5,83.8,102.7,93.4,98.9,101.4,99.4,99.6,99.7,96.4,94.0,93.6,94.8,92.4,92.3,91.8,89.8,86.6,84.9,83.9,79.7,77.0,74.9,71.4,69.9,70.1,69.5,65.5,60.3,53.6,50.9,49.2,49.7,50.5,51.1,52.1,53.2,54.0,55.2
07:32:03.011,108.3,84.2,101.8,97.4,95.5,96.5,96.9,95.7,98.4,95.9,94.6,91.1,94.9,94.1,90.8,90.7,89.4,88.2,86.6,85.1,81.9,79.6,75.8,72.2,71.6,71.3,71.1,66.9,60.9,53.5,51.0,49.2,49.2,50.2,51.3,52.3,53.3,54.1,55.1
07:32:04.011,107.1,81.8,101.1,99.0,92.4,91.2,93.8,96.4,97.8,95.3,96.0,92.7,91.2,90.2,90.7,90.0,88.3,84.9,83.5,80.1,79.4,76.0,70.8,69.8,68.4,68.2,66.9,61.8,56.0,49.1,48.2,47.9,49.3,50.2,51.0,52.1,53.1,54.2,55.2
07:32:05.011,107.6,81.1,101.7,97.4,96.3,92.7,91.2,94.7,97.5,99.7,90.4,94.9,93.0,93.4,89.8,87.6,87.4,83.8,82.4,80.1,78.2,75.6,71.6,69.1,68.5,68.2,65.6,60.0,52.7,48.2,47.9,48.5,49.3,50.1,51.1,52.0,53.2,54.2,55.2
07:32:06.011,107.3,81.5,100.2,92.6,94.5,97.8,95.6,94.7,98.7,95.5,92.9,94.3,91.4,89.9,87.5,88.9,88.4,84.4,83.0,80.4,78.5,75.7,73.6,69.7,68.5,69.1,67.7,62.6,55.5,49.6,47.8,48.0,49.5,50.3,51.2,52.3,53.1,54.2,55.2
07:32:07.011,106.1,79.7,99.8,94.4,96.1,96.6,95.3,92.9,95.1,95.6,93.3,90.4,93.8,90.4,88.7,85.6,85.7,83.9,81.0,79.0,77.5,74.1,70.5,67.0,63.6,61.5,57.2,51.8,47.8,46.8,47.3,48.4,49.4,50.1,51.4,52.3,53.3,54.2,55.2
07:32:08.011,106.1,77.2,98.7,95.6,95.5,97.3,96.9,92.5,96.5,94.3,92.2,91.3,91.6,90.5,87.4,84.9,83.5,82.2,79.0,76.8,74.4,70.2,67.9,64.7,61.3,60.1,58.0,52.3,48.3,46.9,47.6,48.7,49.3,50.5,51.0,52.2,53.1,54.1,55.2
07:32:09.011,105.9,78.3,98.6,91.0,96.5,97.9,96.9,93.2,93.9,91.8,93.3,91.4,91.4,89.2,87.8,86.2,84.2,81.9,78.5,78.4,75.0,72.9,67.9,64.7,66.1,65.5,63.1,57.1,49.8,47.3,47.3,48.1,49.2,50.2,51.3,52.2,53.2,54.2,55.2
07:32:10.011,106.6,78.7,98.9,99.2,99.8,95.7,96.1,93.3,93.8,97.3,90.9,93.9,91.4,89.8,90.0,85.9,85.3,81.7,82.1,78.9,74.8,72.6,69.8,65.4,60.7,57.7,53.6,47.8,46.8,46.9,47.4,48.1,49.1,50.0,51.0,52.4,53.2,54.2,55.2
07:32:11.011,107.0,80.5,99.4,96.4,95.3,96.9,96.6,92.8,95.2,97.6,94.1,89.0,90.8,89.3,87.5,86.4,84.6,84.2,82.0,80.9,77.5,74.5,73.7,70.8,68.7,68.3,66.0,60.7,54.6,48.3,47.8,48.1,49.5,50.4,51.1,52.4,53.2,54.2,55.3
07:32:12.011,106.9,78.4,98.4,91.2,94.8,95.6,93.2,97.7,96.4,93.4,90.6,88.7,88.4,88.3,87.7,84.8,85.4,82.5,81.1,77.2,74.3,73.9,69.7,66.2,65.7,65.2,61.4,54.7,49.5,47.8,47.8,48.1,49.5,50.2,51.1,52.2,53.3,54.3,55.3
07:32:13.011,106.3,77.7,97.5,91.6,91.1,92.0,95.2,93.2,94.5,91.7,88.1,88.9,88.5,87.7,83.5,83.1,83.5,80.4,78.4,77.0,74.9,72.6,68.7,65.6,63.4,61.5,58.1,52.4,48.2,46.9,47.5,48.1,49.2,50.3,51.1,52.1,53.2,54.1,55.1
07:32:14.011,104.3,74.7,95.6,92.3,96.2,95.9,92.1,90.5,92.1,92.7,88.3,87.8,86.2,85.9,84.6,83.7,80.7,77.0,76.4,74.7,70.8,69.9,64.7,60.8,57.6,56.7,54.3,48.5,46.8,46.4,47.4,48.0,49.1,50.4,51.3,52.4,53.3,54.3,55.3
07:32:15.011,105.9,75.4,97.5,95.9,97.3,97.5,95.5,95.1,94.3,93.6,91.0,88.6,87.3,88.3,85.3,84.1,83.8,80.2,76.9,74.4,72.3,69.1,64.7,61.2,59.3,58.7,55.3,50.4,46.5,46.0,47.5,48.3,49.4,50.2,51.3,52.3,53.1,54.3,55.2
07:32:16.011,103.6,75.7,96.2,93.5,91.6,96.1,95.6,88.2,90.9,88.5,88.9,86.7,87.5,88.9,86.8,84.4,81.6,81.1,76.9,74.1,71.0,68.3,64.8,61.4,59.3,57.6,54.8,50.1,46.2,46.5,47.3,48.0,49.4,50.1,51.2,52.2,53.2,54.2,55.2
07:32:17.011,104.5,75.0,96.2,89.7,94.0,95.6,94.9,92.6,92.9,92.9,88.3,90.0,87.8,84.6,83.0,82.6,81.4,79.1,76.9,75.4,71.1,68.3,64.2,61.7,57.6,55.8,53.0,47.3,46.1,46.5,47.3,48.2,49.2,50.0,51.0,52.2,53.2,54.2,55.3
07:32:18.011,103.4,74.8,96.1,91.1,93.3,94.9,95.1,95.3,93.0,88.4,87.5,88.2,86.8,87.1,84.2,83.9,82.2,78.0,76.4,74.5,70.6,67.9,64.4,60.4,57.4,55.9,52.4,47.4,46.4,46.7,47.5,48.2,49.1,50.1,51.2,52.2,53.1,54.2,55.2
07:32:19.011,103.4,72.7,95.1,87.2,91.5,93.5,93.4,93.8,91.2,91.1,88.7,86.3,85.5,84.7,81.3,81.2,81.4,78.3,75.4,71.1,69.1,65.1,61.0,56.4,54.3,50.8,47.9,45.6,45.7,46.6,47.3,48.3,49.1,50.3,51.4,52.1,53.3,54.2,55.3
07:32:20.011,104.3,73.7,94.7,91.6,89.9,92.0,94.9,90.8,87.8,86.9,86.6,84.4,84.4,84.9,82.7,82.2,81.5,78.6,77.0,73.5,70.0,66.4,61.5,57.6,55.8,53.1,50.5,46.9,46.0,46.4,47.6,48.2,48.9,50.3,51.3,52.1,53.4,54.3,55.3
07:32:21.011,104.4,72.3,93.8,99.0,96.7,93.7,89.0,93.4,92.0,90.5,86.0,87.4,84.3,86.0,81.7,81.6,77.7,79.2,75.8,71.6,69.8,65.8,59.9,57.4,53.1,51.5,48.8,45.8,45.6,46.9,47.8,48.4,49.1,50.3,51.1,52.0,53.1,54.2,55.1
07:32:22.011,101.9,71.6,93.9,94.3,92.9,91.6,87.1,91.3,95.2,86.7,88.4,84.7,86.2,85.0,82.1,79.7,78.4,77.9,74.1,69.9,67.0,65.1,60.5,56.3,53.2,51.1,48.6,46.5,45.8,46.7,47.4,48.4,49.2,49.8,51.2,52.2,53.2,54.2,55.3
07:32:23.011,103.1,73.4,93.8,91.4,92.6,92.0,90.1,86.2,90.8,90.2,89.9,85.0,86.3,83.1,82.5,81.6,81.4,78.5,76.0,73.6,71.8,67.4,63.1,56.1,54.2,52.2,49.2,47.1,46.2,46.6,47.3,48.1,49.1,50.2,51.4,52.2,53.2,54.2,55.2
07:32:24.011,101.6,72.8,93.6,88.2,90.1,94.4,93.1,91.9,89.1,83.4,89.0,86.3,84.9,85.5,82.1,81.4,78.8,77.8,75.5,73.3,69.5,68.3,62.3,58.5,55.2,53.9,50.6,46.4,45.9,46.5,47.2,48.0,49.2,50.2,51.3,52.3,53.2,54.1,55.2
07:32:25.011,102.5,72.8,93.4,90.6,94.3,96.8,94.7,92.2,93.2,87.6,84.4,87.1,83.3,83.8,80.4,79.1,79.4,78.9,76.5,72.9,70.6,67.5,62.5,57.4,53.1,49.2,46.0,45.2,45.9,46.6,47.1,48.3,49.4,50.3,51.2,52.1,53.2,54.2,55.2
07:32:26.011,104.3,71.8,94.0,98.1,99.4,96.6,93.2,93.0,94.7,88.3,88.5,86.9,83.6,84.3,81.4,79.8,78.3,75.8,74.2,71.6,68.2,64.3,59.5,54.6,51.2,48.5,46.8,45.7,45.7,46.7,47.1,48.1,49.1,50.2,51.2,52.2,53.2,54.2,55.2
07:32:27.011,102.0,70.1,93.1,90.7,89.6,88.3,92.0,91.7,91.9,88.0,86.8,84.7,84.8,83.6,82.0,79.2,75.6,76.0,72.4,69.6,66.4,62.3,58.5,52.0,47.6,44.8,44.7,44.9,46.0,46.8,47.5,48.2,49.3,50.2,51.3,52.2,53.3,54.2,55.1
07:32:28.011,101.6,70.1,92.1,92.8,92.1,88.2,87.1,90.3,90.5,85.8,81.3,83.9,84.5,82.0,77.8,78.1,76.4,76.0,73.4,68.5,63.9,61.3,56.7,52.2,49.3,47.7,45.6,45.2,45.4,46.8,47.5,48.4,49.1,50.2,51.2,52.2,53.3,54.2,55.3
07:32:29.011,101.6,69.0,91.8,91.6,95.8,91.1,85.0,86.0,88.6,84.1,85.2,85.1,83.6,82.3,80.3,77.9,74.3,73.3,71.4,68.2,63.7,61.0,56.3,51.0,47.0,44.7,44.2,45.1,45.5,46.5,47.5,48.3,49.1,50.2,51.2,52.2,53.2,54.2,55.3
07:32:30.011,100.0,67.4,91.4,91.5,93.1,89.5,91.1,92.3,88.5,87.9,87.9,81.9,81.6,80.2,78.8,76.9,74.6,72.8,69.3,67.5,62.7,58.0,51.8,48.0,45.8,44.2,43.8,44.8,45.6,46.5,47.0,48.0,49.2,50.2,51.1,52.2,53.0,54.2,55.1
07:32:31.011,100.4,67.9,90.8,90.8,92.4,90.8,83.8,89.5,88.4,83.1,85.9,81.0,83.4,82.1,80.0,78.8,74.8,72.6,69.5,65.0,62.7,58.5,52.6,47.9,44.4,43.7,43.8,44.3,45.7,46.6,47.3,48.2,49.4,50.1,51.2,52.1,53.1,54.1,55.2
07:32:32.011,99.6,68.4,90.6,87.3,91.3,90.8,94.1,88.9,79.9,83.5,80.7,80.6,82.9,81.8,79.0,77.9,76.0,74.0,69.9,65.9,61.6,59.9,54.0,49.1,45.9,45.0,44.7,45.0,46.1,46.7,47.4,48.2,49.1,50.1,51.2,52.3,53.3,54.2,55.4
07:32:33.011,100.3,67.6,90.3,88.0,89.9,93.2,89.8,86.3,88.3,86.9,84.5,82.9,79.1,80.6,78.7,78.0,75.9,72.8,69.7,66.2,62.9,58.4,52.6,47.8,44.6,43.3,43.9,44.9,45.5,46.4,47.4,48.3,49.1,50.1,51.0,52.3,53.1,54.2,55.2
07:32:34.011,102.5,67.6,91.3,90.6,90.3,90.9,90.9,90.3,87.2,86.4,85.3,84.8,81.1,81.8,78.3,75.8,74.0,71.8,69.7,65.3,62.3,56.7,52.2,46.5,44.6,43.7,43.7,44.4,45.9,46.6,47.4,48.2,49.1,50.3,51.0,52.2,53.4,54.2,55.1
07:32:35.011,100.3,68.7,91.8,86.1,90.5,87.6,88.8,93.1,90.3,87.7,82.8,83.2,80.4,79.0,79.6,75.9,77.4,75.2,70.9,65.7,63.6,58.2,53.3,47.6,45.4,43.4,44.1,44.1,45.0,46.7,47.3,48.1,49.2,50.1,51.2,52.2,53.2,54.3,55.3
07:32:36.011,99.3,68.3,91.5,88.7,90.3,89.5,89.6,87.7,84.7,84.0,85.4,85.7,83.8,81.8,78.6,76.7,74.8,72.8,71.0,65.4,61.8,57.6,51.8,45.0,43.3,43.2,43.8,45.1,46.2,46.7,47.3,48.2,49.5,50.1,51.2,52.0,53.2,54.0,55.2
07:32:37.011,101.4,68.7,92.0,86.4,89.6,92.3,92.5,83.2,89.5,87.5,85.1,83.4,85.3,79.9,80.0,78.5,77.0,73.5,70.8,67.9,63.2,58.4,51.7,46.3,44.3,43.6,43.7,44.4,45.5,46.3,47.4,48.1,49.2,50.1,51.1,52.0,53.3,54.2,55.2
07:32:38.011,99.6,67.3,90.3,91.1,89.0,91.1,92.0,89.8,86.5,85.5,85.6,81.3,80.9,78.6,79.5,74.8,74.1,73.5,70.6,66.2,61.7,56.6,50.6,45.2,43.4,43.4,43.9,44.6,45.4,46.6,47.3,48.5,49.1,50.3,51.2,52.3,53.2,54.2,55.4
07:32:39.011,99.3,67.6,90.7,91.3,90.7,89.0,85.5,87.3,91.6,85.4,85.0,81.9,81.2,79.6,76.7,76.0,75.8,73.8,70.5,66.5,61.6,56.5,51.3,46.6,43.7,43.9,44.2,45.2,45.9,46.6,47.7,48.5,49.4,50.1,51.2,52.2,53.1,54.2,55.3
07:32:40.011,101.7,67.5,90.1,85.8,89.5,89.7,90.5,89.8,83.1,85.3,84.8,82.1,81.9,81.8,79.2,77.6,73.9,73.1,71.2,66.9,63.2,58.5,54.0,50.0,46.6,46.0,45.1,44.7,45.7,46.4,47.1,48.2,49.1,50.1,51.0,52.2,53.1,54.2,55.3
07:32:41.011,100.3,66.8,90.7,81.9,89.1,86.1,82.5,88.4,86.9,88.6,84.4,80.9,80.6,79.7,79.1,77.6,73.9,71.4,68.1,65.3,60.9,55.9,49.8,44.5,43.4,43.1,44.1,44.7,45.7,46.7,47.1,48.4,49.0,50.1,51.1,52.1,53.2,54.3,55.2
07:32:42.011,102.2,67.2,90.1,93.3,87.9,88.7,86.8,90.3,88.1,86.8,85.0,83.2,81.3,78.9,77.2,78.1,73.1,71.6,70.4,67.8,63.2,58.3,52.9,48.1,46.0,44.9,44.3,45.2,45.4,46.4,47.4,48.2,49.0,50.1,51.2,52.0,53.0,54.3,55.2
07:32:43.011,100.3,66.7,89.1,90.2,88.5,92.9,90.2,86.7,84.8,82.3,81.2,82.5,80.3,80.6,76.8,75.9,73.0,72.8,68.7,65.9,61.7,55.9,50.3,45.2,43.1,43.9,43.9,45.0,45.9,46.2,47.6,48.2,49.3,50.2,51.2,52.3,53.3,54.2,55.2
07:32:44.011,101.4,65.7,90.8,91.6,90.6,87.6,89.1,92.6,91.4,88.8,83.1,82.0,78.2,78.7,79.3,78.7,72.2,69.7,65.6,62.7,59.3,53.5,48.2,45.3,43.4,43.0,44.5,45.3,46.3,46.4,47.1,48.6,49.3,50.3,51.0,52.1,53.2,54.2,55.3
07:32:45.011,99.0,65.6,90.0,90.9,91.7,88.9,90.5,90.1,87.9,84.2,83.1,82.6,82.1,76.2,74.4,75.8,73.5,71.5,67.4,63.1,58.6,51.2,45.9,43.2,43.1,43.1,43.9,44.9,46.2,47.2,48.0,48.5,49.3,50.1,51.2,52.3,53.1,54.1,55.2
07:32:46.011,97.6,65.2,88.6,88.9,87.2,85.3,86.3,85.8,84.1,85.2,83.5,83.1,80.5,79.7,75.0,75.2,73.3,70.8,66.0,61.7,58.4,53.0,46.9,43.9,42.9,43.5,43.8,44.6,45.4,46.6,47.5,48.4,49.5,50.0,51.4,52.3,53.2,54.2,55.3
07:32:47.011,98.4,66.8,89.7,85.1,89.8,91.2,85.4,88.3,85.4,84.3,83.6,82.6,82.9,80.6,77.5,77.8,74.2,72.0,69.4,65.0,59.6,54.4,47.7,43.8,43.1,42.8,43.7,44.6,45.3,46.4,47.2,48.0,49.2,50.1,51.1,52.3,53.3,54.2,55.2
07:32:48.011,100.3,66.6,89.6,90.4,86.4,87.8,86.0,83.8,80.4,82.9,79.8,84.4,81.8,79.8,77.1,76.4,72.9,70.1,68.6,65.0,60.0,54.4,47.7,43.0,42.9,43.2,43.9,44.7,45.7,46.0,47.1,48.1,49.3,50.0,51.1,52.1,53.2,54.2,55.2
07:32:49.011,99.9,66.0,89.8,88.7,89.9,87.3,84.1,87.6,88.3,84.3,84.9,81.1,81.1,80.3,77.1,75.6,70.6,69.5,68.2,64.6,60.3,54.0,49.6,43.4,42.6,43.3,43.7,44.6,45.8,46.6,47.5,48.3,49.5,50.3,51.3,52.4,53.2,54.2,55.2
07:32:50.011,98.6,65.7,89.9,84.8,90.5,90.0,86.4,86.0,84.9,82.9,86.5,82.7,84.2,79.0,77.4,73.5,71.5,71.1,67.1,63.0,60.3,54.9,49.5,44.0,43.5,43.2,44.1,44.6,45.5,46.4,47.5,48.4,49.3,50.2,51.2,52.1,53.2,54.1,55.2
07:32:51.011,100.0,65.8,88.8,87.2,91.2,89.1,82.5,82.9,82.0,83.4,81.9,80.7,81.4,79.5,78.0,76.5,71.4,69.9,67.8,62.7,58.5,53.0,48.2,44.3,43.1,43.4,44.2,44.8,46.1,46.5,47.4,48.4,49.2,50.4,51.2,52.3,53.3,54.4,55.1
07:32:52.011,99.0,65.2,88.1,89.1,89.2,84.6,84.7,83.6,80.7,80.2,83.5,80.6,81.7,76.6,74.7,73.7,70.9,70.0,65.8,62.0,58.1,52.0,47.6,42.9,42.8,43.0,43.4,45.0,45.9,46.3,47.5,48.3,49.3,50.3,51.2,52.1,53.3,54.4,55.2
07:32:53.011,98.5,65.0,89.1,93.0,91.8,85.6,87.4,86.5,85.1,89.0,81.9,80.9,80.8,79.3,74.7,73.7,70.2,69.5,65.6,61.3,55.0,48.9,44.6,42.3,41.8,43.0,44.3,44.7,45.8,46.3,47.6,48.5,49.5,50.2,51.2,52.1,53.0,54.1,55.3
07:32:54.011,98.3,64.1,88.2,84.2,90.4,88.5,85.0,87.2,84.6,82.3,82.8,80.7,78.7,77.0,75.2,73.2,70.5,68.0,65.0,58.8,54.9,49.7,44.5,41.7,42.5,43.0,43.9,44.4,45.8,46.7,47.3,48.3,49.3,50.1,51.2,52.3,53.3,54.2,55.3
07:32:55.011,98.2,65.3,88.9,88.5,91.5,90.3,85.5,86.5,85.0,85.0,84.8,81.2,77.7,78.6,76.3,75.9,71.5,69.8,66.7,63.6,59.8,53.8,47.3,43.8,42.6,43.0,43.8,44.7,46.1,46.4,47.3,48.1,49.0,50.3,51.2,52.2,53.3,54.3,55.3
07:32:56.011,96.9,65.1,87.1,81.8,80.6,85.4,89.1,86.2,84.2,81.3,80.8,75.8,78.9,75.1,75.8,75.2,71.9,70.2,67.3,62.9,57.6,51.5,46.6,43.0,42.2,43.0,43.3,44.6,45.5,46.3,47.1,48.3,49.0,50.0,51.2,52.2,53.2,54.3,55.2
07:32:57.011,96.9,63.9,88.2,84.5,89.5,91.0,85.5,88.5,87.7,87.4,82.6,79.8,74.6,76.1,74.9,74.0,72.2,68.1,64.3,59.7,55.7,50.4,45.6,42.7,42.9,43.2,43.6,44.3,45.2,46.5,47.4,48.1,48.9,50.1,51.1,52.0,53.1,54.2,55.2
07:32:58.011,97.6,64.9,87.9,88.5,87.2,86.2,86.9,88.4,83.4,80.8,82.9,78.0,77.1,78.5,75.1,74.9,70.4,68.0,66.5,61.4,57.2,51.9,46.1,43.5,42.5,43.1,43.7,44.9,45.8,46.3,47.4,48.3,49.2,50.0,51.3,52.2,53.1,54.1,55.2
07:32:59.011,96.4,65.0,87.4,82.4,86.1,85.0,82.0,84.5,85.1,84.5,82.2,78.6,77.6,74.8,74.2,73.6,71.3,70.2,65.8,60.8,57.3,51.6,45.9,43.2,42.5,42.7,43.6,44.6,45.6,46.1,47.5,48.3,49.3,50.0,51.2,52.0,53.0,54.1,55.3
07:33:00.011,99.0,64.4,88.1,91.1,89.4,85.1,83.8,86.1,84.2,85.0,82.9,81.6,75.9,76.1,72.7,74.6,71.0,67.3,65.4,62.3,55.9,50.0,45.5,43.8,43.1,43.0,43.5,44.4,45.8,46.9,47.3,48.0,49.4,50.1,51.2,52.1,53.1,54.1,55.3
07:33:01.011,96.6,63.2,86.6,90.2,87.9,84.9,82.7,82.4,83.3,84.4,82.9,79.3,77.1,75.1,73.3,73.3,69.6,66.2,62.1,58.0,53.4,48.0,43.6,41.0,41.8,43.2,43.4,44.7,45.2,46.6,47.3,48.1,49.4,50.4,51.3,52.2,53.1,54.1,55.1
07:33:02.011,97.8,64.3,86.7,85.5,86.1,85.8,81.5,85.1,81.1,81.8,80.5,80.0,78.6,79.2,76.5,73.3,72.4,68.0,65.3,60.8,56.7,50.6,45.6,43.2,42.7,43.0,44.0,44.8,46.1,46.9,47.2,48.3,49.2,50.0,51.3,52.2,53.1,54.2,55.2
07:33:03.011,96.7,63.8,88.2,79.8,79.9,85.2,89.3,90.1,87.4,82.9,80.1,78.7,78.9,77.7,75.1,71.5,69.5,66.6,63.5,60.3,56.8,50.7,44.9,42.8,42.0,43.2,43.9,44.8,45.7,46.5,47.7,48.5,49.0,50.1,51.2,52.2,53.2,54.3,55.2
07:33:04.011,97.9,63.5,86.3,87.4,88.8,90.4,88.4,84.4,82.5,77.4,78.0,76.9,78.4,75.4,73.8,73.5,70.6,67.0,64.3,59.1,53.8,47.5,43.0,42.3,43.0,43.6,44.5,44.8,46.0,46.6,47.4,48.4,49.3,50.2,51.2,52.1,53.3,54.4,55.2
07:33:05.011,96.6,63.7,86.1,86.6,84.7,85.4,83.8,79.8,83.1,78.1,79.8,80.9,79.2,77.5,73.6,72.6,71.5,68.5,62.9,60.2,56.6,51.1,45.7,42.8,42.0,43.2,43.9,45.1,45.5,46.5,47.4,48.2,49.1,50.4,51.2,52.0,53.2,54.2,55.3
07:33:06.011,95.8,64.3,87.3,81.6,81.4,84.2,84.1,83.7,85.2,83.6,80.7,79.9,79.9,76.7,75.1,74.0,69.4,68.0,65.1,61.5,57.3,51.3,46.2,43.0,42.3,43.5,43.5,44.9,45.6,46.6,47.4,48.2,49.3,50.1,51.2,52.3,53.1,54.1,55.4
07:33:07.011,96.6,64.1,87.5,86.5,88.1,85.5,87.7,87.6,85.2,83.4,81.6,78.0,79.2,77.0,75.0,74.4,70.7,68.1,65.7,60.3,56.0,49.8,46.7,43.7,43.4,43.6,44.5,45.7,46.0,46.8,47.8,48.4,48.7,50.1,51.1,52.1,53.2,54.3,55.4
07:33:08.011,96.3,64.3,87.2,86.5,87.6,87.3,86.9,85.3,87.3,82.0,81.0,80.3,79.0,76.6,74.6,74.0,70.2,69.3,65.5,59.9,55.7,50.8,47.7,46.6,45.3,43.1,44.7,45.3,46.0,47.1,47.7,48.6,49.0,50.2,50.9,52.1,53.1,54.2,55.3
07:33:09.011,95.7,64.5,87.0,88.8,88.9,85.0,84.8,84.6,83.8,80.3,81.8,79.6,77.9,76.2,76.9,72.8,69.5,67.5,65.7,61.8,56.7,51.8,48.6,47.5,43.7,44.2,44.9,45.6,45.8,46.6,47.5,48.3,49.0,50.2,51.2,52.1,53.3,54.1,55.2
07:33:10.011,96.9,64.0,87.1,86.9,89.6,88.2,83.8,83.4,83.5,83.8,79.2,80.3,78.8,75.2,76.4,73.1,71.3,67.0,64.2,59.0,55.2,48.6,44.5,44.0,43.0,43.6,44.0,45.2,46.0,46.7,47.3,48.4,49.1,50.1,51.1,52.1,53.1,54.2,55.2
07:33:11.011,96.4,63.5,86.2,80.7,83.1,88.2,88.9,81.0,83.3,78.6,82.6,76.2,79.5,78.4,75.3,73.2,71.0,68.0,63.8,59.6,55.2,49.1,46.2,43.2,42.5,42.9,44.1,44.9,45.6,46.6,47.5,47.9,49.2,50.2,51.1,52.3,53.3,54.2,55.4
07:33:12.011,97.0,64.1,87.1,75.4,83.5,85.9,85.9,86.1,84.4,79.3,79.6,84.3,80.3,76.9,75.2,73.0,71.1,69.1,66.1,61.4,55.7,50.3,46.4,43.9,42.6,43.4,44.0,45.7,46.0,46.4,47.5,48.5,49.1,50.2,51.4,52.4,53.1,54.2,55.2
07:33:13.011,95.2,63.0,86.7,81.8,82.8,80.4,85.3,86.2,86.5,81.7,80.3,77.9,75.3,74.4,74.0,72.2,67.0,66.5,61.4,55.9,51.3,46.9,44.0,42.0,42.2,43.0,44.0,44.7,45.4,46.4,47.4,48.1,49.1,50.2,51.2,52.1,53.2,54.2,55.3
07:33:14.011,96.3,63.1,87.0,88.5,88.5,86.2,79.8,82.2,87.5,85.6,77.3,77.0,77.6,77.5,74.6,72.7,68.9,66.9,62.3,57.8,52.8,48.2,44.7,43.4,43.0,43.2,44.2,45.0,46.0,46.3,47.4,48.4,49.3,50.1,51.2,52.0,53.2,54.2,55.3
07:33:15.011,97.9,64.0,87.2,83.9,88.6,90.5,87.3,84.3,83.3,85.1,80.4,78.0,76.9,78.3,76.3,73.5,69.2,67.6,64.7,59.5,55.4,50.1,45.7,43.4,43.0,43.3,44.3,45.3,45.3,46.4,47.6,48.2,49.4,50.3,51.2,52.1,53.2,54.2,55.2
07:33:16.011,98.3,64.1,87.1,88.8,90.3,87.4,82.2,84.5,83.6,82.1,82.6,81.0,78.9,76.2,75.9,74.2,71.5,67.1,64.7,60.1,56.2,50.3,46.8,44.3,43.4,43.1,44.1,45.5,45.5,46.3,47.6,48.2,49.1,50.2,51.1,52.1,53.1,54.3,55.2
07:33:17.011,95.8,64.2,86.3,84.6,88.8,87.9,82.5,81.9,82.5,78.2,77.1,79.7,80.2,77.6,74.4,73.0,71.2,68.2,63.9,60.6,56.0,50.7,46.4,43.9,43.3,43.4,44.0,45.0,45.6,46.6,47.6,48.2,49.4,50.2,51.1,52.2,53.3,54.3,55.2
07:33:18.011,95.7,63.8,86.2,84.9,86.9,86.2,84.6,79.8,82.7,79.3,81.3,79.6,78.0,77.6,73.7,73.1,70.2,67.4,63.4,61.1,55.0,51.2,46.8,44.1,43.2,43.6,44.0,44.8,46.0,46.6,47.4,48.7,49.3,50.0,51.3,52.3,53.3,54.2,55.3
07:33:19.011,98.9,63.8,86.8,90.4,91.0,87.7,86.2,85.7,84.9,77.9,79.9,81.9,79.7,75.4,76.3,74.0,70.3,67.9,64.6,61.0,54.2,49.6,46.2,44.5,42.9,43.1,44.2,45.5,46.1,46.7,47.4,48.4,49.2,50.2,51.2,52.3,53.1,54.2,55.2
07:33:20.011,96.3,64.7,86.9,85.2,82.6,82.3,86.3,85.3,80.3,80.0,81.0,78.5,77.5,75.0,73.3,72.3,71.1,68.6,65.3,60.7,56.1,49.4,46.3,43.3,43.0,43.5,44.7,45.7,45.7,46.6,47.7,48.1,49.2,49.9,51.1,52.1,53.3,54.1,55.3
07:33:21.011,96.4,64.1,86.8,82.5,87.0,86.4,84.8,81.4,78.9,79.5,81.8,77.4,79.2,74.9,72.5,74.5,68.6,66.7,64.4,59.2,56.2,49.2,45.9,43.4,43.2,43.1,44.3,44.8,45.6,46.6,47.2,48.3,49.4,50.2,51.2,52.1,53.2,54.2,55.2
07:33:22.011,95.4,63.2,85.7,83.5,86.5,86.7,85.0,81.8,80.1,79.5,78.2,80.1,77.7,76.3,72.0,71.1,68.5,67.2,64.0,58.0,51.6,47.3,44.1,43.6,42.4,42.9,44.2,44.7,45.2,46.5,47.4,48.4,49.3,50.1,51.2,52.0,53.2,54.2,55.2
07:33:23.011,96.7,63.6,86.4,83.4,86.8,90.0,84.8,81.9,82.5,80.3,77.9,79.8,79.3,76.9,74.7,72.4,69.6,67.1,64.5,60.4,55.0,49.5,44.5,43.9,42.8,43.1,44.4,44.9,45.7,46.3,47.4,48.2,49.6,50.2,51.4,52.2,53.2,54.3,55.2
07:33:24.011,97.1,63.7,86.2,87.7,92.4,92.0,87.0,83.5,84.5,80.3,75.9,74.4,76.8,75.7,73.0,72.7,69.1,67.3,64.7,60.6,55.2,49.3,45.0,43.3,42.9,43.3,44.4,45.7,46.2,46.8,47.5,48.3,49.2,50.3,51.1,52.3,53.1,54.2,55.3
07:33:25.011,95.4,63.1,85.5,86.7,83.0,81.5,84.2,81.4,83.9,81.1,80.1,79.8,75.6,74.8,72.7,71.8,68.3,66.5,62.9,60.4,52.4,46.5,43.5,42.6,42.2,43.2,43.6,45.3,46.3,46.5,47.7,48.4,49.2,50.2,51.2,52.0,53.3,54.1,55.2
07:33:26.011,96.8,63.5,86.9,88.4,87.6,84.8,84.6,83.0,85.3,82.5,82.3,77.5,78.5,75.7,75.3,72.2,69.5,67.1,62.3,59.3,55.0,49.8,46.6,43.9,43.6,43.8,45.0,46.4,46.8,46.9,47.7,48.6,49.4,50.1,51.2,52.1,53.2,54.1,55.2
07:33:27.011,96.7,63.1,85.6,87.4,87.9,89.5,85.5,85.9,81.2,78.6,78.7,77.8,77.4,75.0,74.6,71.8,68.3,65.3,60.5,57.5,52.4,48.2,45.9,46.2,44.5,45.2,46.2,47.2,48.2,48.2,47.7,48.7,49.4,50.3,51.1,52.4,53.2,54.1,55.3
07:33:28.011,95.2,63.1,85.6,85.8,88.7,87.8,83.9,81.1,82.5,79.3,78.2,80.2,77.6,75.1,75.1,69.3,68.5,68.1,62.6,59.2,54.9,49.9,46.4,45.8,44.7,43.9,44.7,45.7,46.8,47.2,47.6,48.8,49.2,50.4,51.1,52.2,53.0,54.2,55.4
07:33:29.011,95.3,63.5,86.0,86.0,85.7,76.5,79.8,80.1,79.9,81.8,77.1,80.6,77.7,73.8,72.9,74.0,69.0,66.8,62.2,58.5,53.3,48.4,44.8,43.6,43.1,44.1,44.2,45.6,46.2,47.4,47.8,48.5,49.1,50.4,51.2,52.0,53.0,54.2,55.3
07:33:30.011,95.3,63.1,85.4,86.1,84.1,83.6,85.9,84.1,82.2,81.5,80.9,75.9,77.5,76.9,74.6,73.1,70.4,66.3,64.1,59.6,54.5,50.7,45.7,43.4,41.8,43.6,44.1,45.2,45.8,46.9,47.7,48.6,49.2,50.3,51.0,52.3,53.3,54.3,55.3
07:33:31.011,93.9,62.7,84.8,82.9,79.8,80.7,84.2,82.1,82.4,77.7,79.8,79.3,78.1,76.2,75.8,71.1,67.7,65.2,62.1,58.4,52.2,48.5,44.9,44.9,43.2,43.7,43.6,44.7,45.7,46.7,47.7,48.2,49.4,50.1,51.2,52.1,53.2,54.1,55.3
07:33:32.011,95.2,62.7,85.9,85.2,88.8,86.1,82.8,86.9,84.8,81.8,78.6,79.1,78.6,76.8,71.2,73.0,68.5,65.8,62.5,57.4,54.0,47.8,44.7,46.4,44.5,44.1,44.2,45.1,46.1,46.7,47.5,48.0,49.1,50.2,51.1,52.1,53.2,54.1,55.3
07:33:33.011,95.0,63.2,84.9,85.1,86.0,85.1,86.0,84.1,78.0,75.7,79.1,79.5,75.5,75.0,73.5,72.9,68.2,66.4,62.4,58.4,51.6,48.0,45.4,44.5,43.9,43.4,44.7,46.6,47.2,47.0,47.8,48.4,49.1,50.1,51.2,52.3,53.2,54.3,55.3
07:33:34.011,95.2,62.9,85.1,82.0,87.6,88.1,85.7,82.9,82.7,81.6,78.0,78.5,74.6,75.4,75.0,72.2,70.0,66.2,63.7,58.7,53.3,48.6,46.0,45.9,43.5,43.8,44.7,45.6,46.1,47.0,47.5,48.1,49.1,50.3,51.1,52.1,53.2,54.2,55.2
07:33:35.011,95.1,62.9,85.2,86.0,83.6,78.4,78.9,79.0,82.7,80.3,79.9,79.7,78.6,72.7,74.4,71.1,68.5,65.4,61.9,57.0,52.7,48.4,47.5,46.5,44.4,43.7,44.6,45.6,46.2,46.5,47.4,48.0,49.3,50.3,51.1,52.4,53.2,54.2,55.3
07:33:36.011,96.6,62.3,83.9,87.3,81.4,83.5,84.0,80.6,79.6,81.1,76.0,75.6,76.4,73.6,72.0,70.6,66.4,65.1,61.9,56.6,51.7,47.6,47.9,47.0,44.3,44.5,46.0,46.2,46.3,47.0,47.4,48.2,49.3,50.4,51.1,52.1,53.1,54.2,55.2
07:33:37.011,95.7,63.5,86.5,87.1,89.1,86.7,84.8,85.4,79.9,83.4,82.5,78.9,77.8,77.0,74.7,73.4,70.0,66.7,64.6,59.7,53.4,48.4,45.8,46.3,43.9,43.8,44.7,46.4,46.9,46.9,47.7,48.5,49.3,50.4,51.1,52.3,53.2,54.1,55.2
07:33:38.011,95.6,64.4,86.5,85.9,83.5,81.6,82.4,83.6,86.2,80.7,80.5,79.8,76.8,77.3,75.4,74.5,71.0,67.9,63.8,60.0,55.1,51.6,46.0,44.4,43.5,44.0,45.5,45.9,46.8,47.4,47.8,48.6,48.9,50.2,51.2,52.3,53.2,54.2,55.3
07:33:39.011,96.0,64.1,85.5,87.2,85.4,86.9,83.5,84.9,83.1,80.5,79.1,78.4,76.1,75.5,74.1,73.3,70.6,68.7,65.3,62.9,56.4,51.3,46.9,45.6,44.5,46.0,44.9,46.4,46.8,47.1,47.9,48.3,49.1,50.1,51.1,52.4,53.1,54.3,55.3
07:33:40.011,94.3,63.5,85.6,82.8,87.9,83.8,79.3,82.1,81.3,80.8,77.2,76.8,78.3,77.0,73.1,74.0,68.5,68.2,65.0,60.9,55.6,50.1,46.8,44.0,42.6,43.2,44.3,45.9,46.4,47.3,47.9,48.2,49.0,50.1,51.2,52.2,53.2,54.2,55.3
07:33:41.011,93.8,62.4,84.0,86.1,83.9,84.6,82.8,79.9,81.4,78.2,77.6,72.8,76.1,73.5,70.6,69.0,66.6,65.2,63.6,55.4,51.8,47.2,44.6,43.8,43.5,43.4,44.7,45.6,45.9,47.3,47.8,48.5,49.2,50.1,51.1,52.2,53.1,54.1,55.3
07:33:42.011,94.0,62.2,83.2,85.6,84.8,82.8,80.1,78.8,78.8,81.1,78.0,76.7,70.5,72.6,69.6,70.5,68.5,65.1,61.4,57.6,52.6,48.0,45.7,44.2,43.4,43.7,44.5,45.7,46.3,46.9,47.6,48.1,49.3,50.1,51.2,52.0,53.1,54.2,55.3
07:33:43.011,96.4,63.1,85.6,86.3,84.3,82.5,82.0,80.3,81.6,78.5,79.6,76.5,75.0,75.1,72.4,69.7,68.3,65.3,61.7,57.6,53.6,48.2,45.9,44.8,42.9,43.3,44.6,45.4,46.0,46.5,47.4,48.2,49.2,50.3,51.3,52.3,53.1,54.2,55.3
07:33:44.011,94.6,62.3,85.1,79.6,79.7,76.2,77.9,82.7,82.0,80.8,78.3,78.4,76.6,76.1,72.4,69.9,67.5,64.6,60.2,57.0,51.3,45.2,44.5,44.1,43.7,43.4,44.2,45.4,46.3,46.7,47.4,48.5,49.3,50.3,51.3,52.2,53.0,54.1,55.1
07:33:45.011,93.6,62.9,84.7,83.3,85.6,84.6,80.0,78.2,75.9,81.6,81.0,77.5,79.7,74.8,74.5,72.3,69.9,66.9,62.7,58.2,53.8,48.3,44.9,43.4,41.9,43.1,44.7,44.8,46.2,46.6,47.5,48.2,49.1,50.0,51.2,52.1,53.3,54.2,55.4
07:33:46.011,94.0,62.9,86.1,82.2,87.5,85.0,80.1,81.2,81.6,81.6,83.2,78.4,74.8,75.7,72.2,71.9,70.2,67.1,63.4,59.2,54.7,49.6,46.0,43.6,42.5,43.3,44.1,45.0,45.7,46.6,47.4,48.0,49.1,50.0,51.0,52.3,53.3,54.2,55.1
07:33:47.011,94.3,62.1,85.1,83.0,79.2,79.7,81.6,81.8,82.4,80.8,80.2,77.5,74.5,74.6,72.1,70.4,66.1,63.3,59.4,58.1,51.5,47.7,44.8,44.0,43.8,43.7,45.0,45.5,46.0,47.4,47.8,48.4,49.0,50.1,51.0,52.1,53.1,54.2,55.2
07:33:48.011,95.1,62.1,84.5,84.7,78.8,81.4,82.8,83.5,80.2,81.6,76.0,77.0,75.5,74.3,69.5,68.0,67.1,63.1,60.5,58.2,52.1,46.6,46.8,45.6,43.2,44.5,44.7,46.4,46.7,47.1,48.0,48.5,49.1,50.1,51.3,52.2,53.1,54.1,55.3
07:33:49.011,94.9,62.1,83.8,84.1,83.3,83.2,84.6,83.8,82.3,79.7,75.9,75.9,76.4,71.3,71.9,72.3,68.9,64.7,61.8,57.2,52.2,46.7,48.1,47.7,43.9,43.4,44.2,45.6,46.0,46.7,47.3,48.3,49.2,50.1,51.4,52.2,53.3,54.2,55.1
07:33:50.011,95.5,62.9,85.2,83.9,87.2,84.5,82.1,86.2,83.8,80.2,78.6,77.2,75.1,70.7,71.4,70.6,68.0,66.4,62.4,59.0,54.9,49.9,45.7,45.6,44.2,43.5,43.9,44.8,45.5,46.4,47.1,48.3,49.3,50.4,51.1,52.2,53.0,54.3,55.1
07:33:51.011,93.7,64.0,84.9,79.7,87.0,86.3,81.9,78.8,80.6,77.4,77.8,74.3,75.9,76.3,73.5,73.2,71.3,67.6,64.3,60.6,55.6,50.3,46.4,45.4,44.4,44.1,44.4,45.1,45.8,47.0,47.5,48.5,49.5,50.4,51.3,52.2,53.1,54.2,55.2
07:33:52.011,94.5,62.8,84.2,85.1,85.6,84.2,85.0,83.3,77.7,80.8,75.2,77.4,76.4,74.7,72.6,70.8,68.9,65.0,61.9,58.1,54.1,47.3,45.8,46.7,44.3,43.9,44.8,45.5,46.4,46.6,47.4,48.5,49.2,50.1,51.2,52.1,53.3,54.2,55.2
07:33:53.011,93.2,62.1,83.8,82.7,80.9,80.9,81.8,84.6,81.3,78.4,75.3,78.4,77.8,75.0,70.9,72.4,68.3,66.5,60.9,58.1,51.7,47.5,45.4,43.6,43.4,42.9,44.3,45.2,45.8,46.7,47.5,48.2,49.2,50.2,51.5,52.1,53.1,54.2,55.1
07:33:54.011,94.0,61.4,84.2,81.5,79.1,79.9,80.3,80.8,81.1,79.1,76.7,76.5,73.9,74.4,71.0,66.9,64.7,62.1,59.8,55.4,50.0,45.7,42.9,42.3,43.0,43.1,44.0,45.2,45.4,46.3,47.5,48.5,49.3,50.0,51.2,52.2,53.1,54.1,55.3
07:33:55.011,94.3,61.8,83.9,88.1,86.1,82.2,85.4,82.2,80.3,79.2,77.6,76.6,75.8,74.5,69.4,68.5,67.1,64.8,60.3,55.5,50.7,46.4,43.5,43.1,41.9,43.0,44.2,44.7,45.8,46.8,47.6,48.6,49.1,50.2,51.3,52.2,53.2,54.2,55.3
07:33:56.011,94.8,62.7,85.2,83.4,85.2,82.1,81.2,82.5,82.3,78.9,76.7,76.1,75.0,74.2,71.9,71.7,68.0,65.0,60.9,57.9,52.6,45.9,43.6,42.5,43.2,43.2,44.5,45.1,45.7,46.4,47.2,48.4,49.2,50.2,51.1,52.1,53.3,54.2,55.2
07:33:57.011,94.2,63.5,85.9,79.5,84.0,84.7,84.6,82.8,84.2,82.9,79.9,79.3,77.7,76.3,74.4,73.1,70.9,68.0,62.9,59.3,55.2,50.0,46.0,44.7,44.2,43.5,44.4,44.9,45.7,46.2,47.3,48.4,49.5,50.3,51.2,52.1,53.0,54.1,55.3
07:33:58.011,94.9,62.6,84.3,88.5,87.9,86.2,80.1,79.9,80.7,79.9,79.0,76.3,76.0,74.1,72.0,71.5,68.7,66.6,63.7,58.2,52.8,48.9,46.4,45.5,43.7,43.3,44.2,45.0,45.6,46.6,47.2,48.2,49.1,50.2,51.2,52.0,53.2,54.3,55.3
07:33:59.011,94.0,63.2,85.6,84.2,81.0,82.0,83.5,84.7,83.0,80.2,77.1,81.0,78.0,72.4,73.4,70.8,70.1,66.4,63.3,59.1,54.9,50.1,45.9,43.7,43.3,42.8,43.8,44.9,46.3,46.6,47.5,48.4,49.3,50.2,51.1,52.2,53.2,54.3,55.3
07:34:00.011,96.8,63.0,85.9,87.2,91.2,88.9,85.5,83.4,83.0,81.2,82.3,81.0,78.9,76.8,73.8,73.7,70.8,68.1,63.2,60.3,56.7,51.6,47.5,44.9,44.1,43.2,44.3,44.8,45.6,46.3,47.0,48.1,49.1,49.8,51.2,52.1,53.2,54.1,55.3
07:34:01.011,97.0,63.6,87.2,85.0,87.6,86.7,80.2,84.1,85.7,81.5,81.2,80.7,77.0,77.0,75.7,73.3,68.9,66.9,62.7,58.1,51.7,46.6,44.9,42.7,43.2,43.6,43.9,45.6,45.2,46.2,47.5,48.4,49.2,50.4,51.2,52.2,53.1,54.3,55.2
07:34:02.011,93.7,63.5,85.8,87.5,87.2,80.7,79.5,81.6,79.4,77.9,75.9,81.3,78.1,76.3,73.8,74.0,69.1,68.0,61.3,57.3,50.0,45.7,44.6,44.1,43.1,43.6,45.0,46.1,45.6,46.6,47.4,48.2,49.5,50.3,51.1,52.3,53.1,54.2,55.3
07:34:03.011,97.4,63.2,86.0,87.5,86.8,85.1,80.7,80.1,80.6,82.4,79.2,78.3,77.3,76.7,71.6,71.0,69.4,64.6,61.3,57.9,50.9,46.8,44.8,43.6,42.5,43.2,44.6,45.7,46.3,46.6,47.4,48.6,49.0,50.3,51.4,52.1,53.3,54.2,55.1
07:34:04.011,94.4,62.3,84.4,89.6,88.8,82.3,80.5,78.8,85.5,80.3,77.6,77.0,76.3,73.9,72.8,72.2,67.5,65.0,61.4,56.3,52.3,48.1,46.3,42.4,43.5,43.5,44.4,46.0,47.0,47.8,48.2,48.4,49.4,50.2,51.2,52.1,53.3,54.3,55.3
07:34:05.011,94.3,62.6,85.0,86.8,84.9,82.4,81.7,84.4,83.2,77.9,80.0,77.7,74.2,72.6,73.0,71.8,67.2,65.2,63.6,59.2,52.3,47.4,46.1,44.5,43.3,43.2,44.2,45.4,46.1,46.6,47.5,48.2,49.2,50.4,51.2,52.2,53.3,54.2,55.2
07:34:06.011,94.6,62.9,85.3,85.6,88.7,84.8,81.5,80.3,79.2,79.8,79.3,75.8,75.5,72.6,69.9,69.1,68.0,64.9,62.3,57.4,53.5,48.8,44.8,44.0,42.9,43.3,44.3,45.5,46.5,47.1,47.8,48.6,49.5,50.2,51.0,52.2,52.9,54.3,55.3
07:34:07.011,95.9,63.3,86.2,83.8,86.4,84.7,85.4,85.6,84.2,81.8,81.3,79.7,76.3,73.8,72.7,70.9,69.6,67.8,63.9,59.6,55.9,48.5,44.0,42.7,42.7,43.5,44.3,45.1,45.6,46.5,47.7,48.2,49.1,50.2,51.3,52.1,53.1,54.2,55.2
07:34:08.011,96.2,62.7,85.6,85.8,88.0,85.6,81.1,81.9,79.3,82.8,80.2,80.0,74.5,74.9,75.0,71.6,69.7,65.3,62.8,58.9,52.4,46.1,44.6,44.0,42.7,43.4,44.1,45.1,45.8,46.6,47.4,48.2,49.3,50.1,51.2,52.1,53.2,54.2,55.2
07:34:09.011,96.6,63.7,86.6,84.5,87.6,87.7,83.8,84.9,83.4,81.2,81.9,79.1,78.2,76.6,75.0,73.2,70.9,67.5,63.6,60.6,55.9,49.8,46.5,45.0,43.7,43.6,44.0,44.9,45.9,46.6,47.2,48.5,49.3,50.4,51.3,52.2,53.2,54.2,55.3
07:34:10.011,94.1,62.4,84.6,84.2,82.8,82.6,82.7,82.6,82.2,80.2,77.6,74.3,76.6,75.3,72.3,70.7,68.8,64.3,62.0,58.4,52.7,46.5,44.1,43.1,42.6,42.3,44.1,45.0,45.4,46.7,47.5,48.2,49.2,50.3,51.4,52.2,53.1,54.3,55.1
07:34:11.011,95.7,61.8,84.5,88.0,87.2,86.0,85.3,85.3,81.0,81.5,78.2,75.6,76.1,75.1,72.0,71.1,66.8,63.1,62.0,57.4,53.4,49.2,44.6,43.2,42.4,43.5,43.8,45.3,45.7,46.5,47.4,48.4,49.6,50.3,51.2,52.3,53.1,54.2,55.4
07:34:12.011,93.7,61.6,83.4,79.4,82.2,81.6,78.5,84.1,81.6,78.1,75.1,77.2,75.1,71.3,69.5,67.0,66.8,64.4,60.2,56.1,51.3,45.9,43.6,42.8,42.8,43.6,43.7,45.4,45.6,46.4,47.9,48.3,49.1,50.2,51.3,52.1,53.2,54.2,55.3
07:34:13.011,93.8,62.4,83.7,82.6,78.2,81.3,81.9,82.1,79.2,74.4,77.9,77.7,77.5,75.5,70.5,71.1,69.1,66.1,63.0,57.7,50.5,45.3,42.7,42.5,43.0,42.8,44.6,45.2,45.6,46.3,47.4,47.9,49.3,50.4,51.2,52.2,53.1,54.2,55.2
07:34:14.011,94.8,62.8,85.0,85.7,88.1,85.1,86.7,82.8,84.8,80.6,79.3,78.3,75.1,73.6,74.4,71.9,68.9,66.7,64.1,59.3,54.6,47.9,46.0,43.8,43.9,43.2,44.1,44.9,45.7,46.3,47.3,48.1,49.1,50.3,51.2,52.2,53.2,54.2,55.1
07:34:15.011,95.7,62.5,84.7,87.9,88.0,86.5,83.3,85.4,82.5,82.2,76.3,79.0,75.5,72.7,69.4,68.0,67.4,66.3,64.0,60.5,56.7,49.0,46.7,43.8,43.6,43.9,44.5,45.0,46.0,46.5,47.2,48.3,49.2,50.2,51.1,52.1,53.0,54.2,55.2
07:34:16.011,93.9,62.7,84.7,83.6,80.2,81.5,82.8,85.7,80.9,79.6,79.2,77.5,79.2,74.4,72.4,71.1,68.7,67.0,63.6,57.9,53.7,47.6,45.9,45.8,43.8,43.3,44.6,45.5,46.0,46.7,47.2,48.5,49.4,50.1,51.3,52.4,53.2,54.0,55.3
07:34:17.011,94.4,61.8,84.1,84.0,79.3,78.0,80.5,82.8,80.4,77.7,77.8,76.5,74.9,73.5,71.0,69.7,66.4,63.1,58.6,55.1,49.7,45.2,45.0,42.9,42.4,43.1,45.1,45.1,45.8,46.8,47.6,48.4,49.2,50.2,51.1,52.3,53.3,54.2,55.2
07:34:18.011,96.4,62.4,84.5,83.6,80.4,78.9,81.2,82.3,78.6,78.0,78.4,78.2,76.2,73.7,72.1,71.2,67.0,62.8,61.5,57.4,51.7,47.2,44.8,43.4,42.8,43.4,44.0,44.8,45.8,46.8,47.3,48.3,49.2,50.4,51.1,52.1,53.1,54.3,55.3
07:34:19.011,94.9,62.4,84.6,82.6,83.8,82.1,81.6,83.9,82.5,80.8,79.7,76.2,78.4,75.2,73.4,71.1,68.2,67.3,63.0,57.9,51.5,46.9,45.0,44.4,43.2,43.3,44.0,44.3,45.3,46.3,47.4,47.9,49.4,50.1,51.2,52.3,53.3,54.3,55.1
07:34:20.011,94.8,62.2,84.1,88.6,87.6,84.2,82.5,81.2,81.3,80.3,76.4,75.7,77.3,74.5,73.2,69.8,67.8,64.2,60.0,58.6,53.6,46.5,44.3,43.8,42.1,43.4,44.3,45.3,45.8,46.6,47.4,48.2,48.9,50.2,51.0,52.2,53.2,54.2,55.2
07:34:21.011,93.5,62.4,84.5,82.1,78.9,81.8,82.8,82.8,80.7,80.4,79.9,78.8,77.6,70.7,71.5,70.8,68.7,65.8,62.1,58.8,54.7,50.0,45.1,42.8,43.1,42.9,43.5,44.8,46.1,46.4,47.5,48.3,49.3,50.1,51.3,52.1,53.1,54.1,55.2
07:34:22.011,95.1,62.9,85.6,81.4,77.7,81.6,81.5,80.8,81.4,80.5,80.5,76.9,77.8,72.2,72.4,69.2,67.1,65.5,61.6,57.7,53.0,46.5,43.6,42.8,42.9,43.1,44.0,44.5,45.7,46.1,47.5,48.7,49.1,50.2,51.1,52.3,53.2,54.1,55.2
07:34:23.011,96.2,62.2,85.4,81.3,85.4,84.8,85.3,83.2,84.8,79.4,78.9,77.9,77.7,76.0,71.9,70.5,67.1,66.1,59.8,55.5,50.2,44.3,43.0,42.7,42.9,43.7,44.2,45.1,45.7,46.6,47.6,48.3,49.1,50.2,51.1,52.1,53.2,54.2,55.3
07:34:24.011,96.2,62.8,87.3,88.8,87.1,86.0,87.9,89.3,82.9,83.5,82.4,82.4,80.7,78.1,74.0,73.0,69.3,66.5,60.2,56.8,55.5,50.4,44.3,43.5,43.8,43.6,44.2,45.4,45.8,46.8,47.4,48.3,49.4,50.1,51.1,52.1,53.1,54.1,55.3
07:34:25.011,94.4,62.5,84.4,84.6,85.3,82.2,80.5,83.2,83.1,78.3,77.0,77.9,78.7,74.8,74.1,73.7,67.2,62.1,61.0,58.4,55.2,50.0,45.1,42.6,43.5,43.7,44.6,45.4,45.7,46.6,47.4,48.1,49.2,50.5,51.2,52.2,53.1,54.2,55.3
07:34:26.011,96.0,62.5,85.5,87.4,84.4,82.9,87.6,85.5,80.7,79.7,79.2,76.9,78.0,76.5,72.7,71.4,69.1,64.3,61.4,56.4,51.0,46.9,43.8,43.2,43.1,44.1,44.7,46.0,46.1,46.8,47.5,48.3,49.4,50.3,51.3,52.1,53.1,54.3,55.3
07:34:27.011,95.7,61.9,84.4,88.8,87.2,82.8,81.3,83.5,81.1,80.3,77.6,77.0,75.8,72.0,69.6,67.8,65.6,65.6,62.5,58.1,53.0,48.1,45.9,43.0,43.3,43.9,44.0,45.2,45.8,46.7,47.3,48.1,49.1,50.1,51.2,52.3,53.2,54.2,55.2
07:34:28.011,93.9,61.6,83.4,88.3,83.8,76.4,79.3,79.6,81.3,80.1,80.1,76.1,74.3,73.0,71.5,69.4,67.5,64.6,58.5,55.5,52.0,47.9,44.2,43.2,43.2,44.1,44.1,45.0,45.3,46.3,47.5,48.5,49.1,50.5,51.2,52.0,53.1,54.2,55.2
07:34:29.011,95.7,61.7,84.2,88.7,86.5,84.6,87.3,82.4,77.7,80.6,78.2,75.9,75.3,73.3,69.5,70.7,68.1,63.7,60.9,57.0,50.2,44.3,43.6,43.5,43.3,43.4,44.2,44.9,45.4,46.1,47.7,48.5,49.5,50.3,51.3,52.2,53.2,54.2,55.4
07:34:30.011,93.7,60.9,82.3,84.9,81.2,80.3,81.5,83.1,78.5,78.2,79.3,74.8,74.9,73.9,69.3,68.0,65.4,61.3,58.4,52.8,49.5,46.8,43.8,43.7,43.1,43.7,44.1,45.4,45.9,46.4,47.5,48.4,49.3,50.4,51.1,52.2,53.1,54.2,55.2
07:34:31.011,93.4,62.1,84.7,84.8,81.4,74.4,81.7,84.2,82.3,79.9,77.7,79.1,78.0,75.2,72.5,70.7,66.9,63.0,59.1,55.2,50.0,46.1,43.9,43.9,44.2,43.0,44.2,45.0,45.3,46.2,47.2,48.3,49.2,50.1,51.3,52.2,53.2,54.2,55.3
07:34:32.011,94.6,62.3,83.7,86.8,85.4,83.7,86.1,80.4,81.0,77.9,77.0,76.4,75.7,74.1,73.0,71.3,68.1,65.0,63.0,57.7,53.1,47.6,44.9,43.9,42.7,43.3,44.1,44.9,45.9,46.5,47.2,48.5,49.2,50.3,51.1,52.2,53.1,54.4,55.2
07:34:33.011,94.0,61.8,84.6,84.7,83.7,79.4,78.9,78.9,83.3,80.2,80.7,75.5,76.1,73.8,71.7,69.0,67.2,64.3,58.8,54.0,50.0,46.3,44.0,42.6,42.5,43.5,44.2,45.3,45.5,46.7,47.4,48.5,49.2,50.0,51.0,52.1,53.2,54.1,55.2
07:34:34.011,93.0,61.2,83.7,85.5,84.1,84.7,84.3,82.0,79.6,81.3,77.5,77.0,74.2,71.9,70.5,68.7,65.7,61.8,57.8,55.3,48.2,45.2,44.6,44.1,43.4,43.5,44.5,44.8,45.8,46.8,47.6,48.2,49.7,50.3,51.3,52.3,53.2,54.1,55.2
07:34:35.011,94.7,61.4,82.9,83.1,81.5,84.1,82.1,78.6,78.6,79.5,76.7,74.5,74.7,73.5,71.0,68.5,65.1,61.8,58.4,54.2,51.7,47.5,46.9,44.6,44.5,44.1,45.4,45.5,46.1,46.6,47.0,48.3,49.1,50.3,51.2,52.1,53.0,54.2,55.2
07:34:36.011,92.5,61.9,82.6,79.7,79.9,83.2,83.3,79.3,77.2,76.0,78.3,77.4,74.3,72.1,70.4,68.1,67.4,64.5,61.4,57.1,51.7,46.6,48.6,45.7,44.3,43.8,44.7,45.5,46.1,46.7,47.7,48.4,49.1,50.1,51.1,52.0,53.2,54.3,55.3
07:34:37.011,92.6,61.7,82.3,82.9,85.8,83.4,82.6,78.8,75.9,74.2,76.7,73.9,77.4,72.9,68.6,69.9,65.9,62.5,59.3,56.4,51.6,47.4,47.1,46.5,44.9,44.4,45.1,46.3,46.7,46.7,47.7,48.5,49.3,50.2,51.1,52.0,53.3,54.2,55.2
07:34:38.011,92.3,61.6,83.1,81.1,80.2,77.7,76.3,80.8,82.2,79.8,77.2,77.3,75.8,72.5,71.2,68.6,64.6,61.7,57.9,51.9,47.0,46.7,50.3,50.6,47.5,44.8,45.0,45.7,46.3,46.8,47.3,48.3,49.0,50.3,51.3,52.1,53.1,54.4,55.3
07:34:39.011,91.4,61.3,83.4,81.0,79.2,78.3,79.9,80.2,81.7,81.1,78.8,77.7,73.0,72.4,72.0,68.6,65.6,61.3,58.0,54.0,50.6,45.6,48.0,47.9,44.5,44.4,44.8,45.6,45.9,46.8,47.5,48.1,49.0,50.3,51.2,52.0,53.1,54.1,55.1
07:34:40.011,92.2,61.3,82.7,84.3,84.4,82.2,78.9,81.3,78.4,78.2,77.6,76.3,75.0,70.5,66.8,66.3,63.6,61.9,59.0,54.3,50.2,46.4,46.8,46.4,44.2,43.8,45.3,45.9,46.3,46.6,47.3,48.5,49.3,50.3,51.2,52.2,53.3,54.1,55.2
07:34:41.011,93.4,60.9,80.9,80.8,84.4,86.3,78.1,77.8,80.0,75.7,72.3,72.1,71.4,69.4,68.8,65.1,64.2,63.0,59.6,54.4,47.9,45.2,47.6,44.1,43.0,43.7,44.6,46.5,47.9,47.0,47.7,48.3,49.4,50.2,51.2,52.2,53.2,54.4,55.3
07:34:42.011,92.5,61.6,83.0,76.1,76.6,79.7,83.5,81.6,81.2,77.0,76.1,71.8,73.4,71.5,70.2,68.1,66.3,62.7,57.7,53.7,49.6,45.3,46.0,44.5,44.0,44.4,44.5,46.0,46.3,46.8,48.0,48.2,49.1,50.1,51.2,52.1,53.2,54.2,55.2
07:34:43.011,94.1,61.3,82.6,83.3,79.9,80.8,80.9,80.9,82.6,77.1,77.3,73.9,74.0,72.6,70.4,68.2,65.4,62.1,56.2,55.0,49.6,46.7,46.4,44.7,43.5,43.7,44.5,45.8,47.4,47.2,47.6,48.3,49.2,50.3,51.2,52.1,53.3,54.3,55.2
07:34:44.011,93.6,61.8,84.1,81.7,80.6,86.0,85.3,81.8,80.0,80.8,77.5,77.8,73.3,72.1,69.7,67.3,65.0,63.8,59.3,55.0,48.7,45.0,43.9,43.9,43.0,43.5,43.5,45.6,45.9,46.7,47.5,48.4,49.4,50.2,51.1,52.1,53.2,54.3,55.3
07:34:45.011,94.5,63.4,85.0,82.4,82.8,87.2,82.6,84.8,77.1,80.0,78.2,75.4,75.8,75.7,73.3,71.9,69.3,66.8,62.6,56.6,52.6,48.1,45.3,43.2,42.9,43.7,44.9,45.2,46.2,46.8,47.5,48.2,49.1,50.3,51.3,52.1,53.3,54.2,55.2
07:34:46.011,93.9,64.4,85.5,83.6,85.3,82.2,80.9,78.9,79.5,78.1,80.4,78.9,75.3,75.9,73.5,72.0,70.2,68.2,63.7,60.1,56.3,52.2,47.8,45.2,43.6,43.7,44.8,45.7,45.8,46.7,47.6,48.5,49.2,50.0,51.2,52.2,53.1,54.2,55.2
07:34:47.011,94.3,62.0,83.0,86.2,82.9,79.0,80.0,81.5,81.5,77.1,76.7,75.5,73.6,71.1,72.2,70.6,67.3,62.7,59.7,54.7,50.5,45.8,44.7,43.8,43.7,43.5,44.4,44.9,46.1,46.6,47.7,48.2,49.1,50.3,51.1,52.0,53.2,54.2,55.2
07:34:48.011,94.8,62.0,84.3,86.1,84.5,86.5,86.0,84.8,84.4,79.0,77.6,78.0,76.3,76.3,73.6,70.9,70.3,64.7,60.8,56.9,52.5,47.4,46.2,44.7,43.3,43.6,44.6,45.0,46.0,46.9,47.5,48.3,49.3,50.2,51.2,52.2,53.1,54.1,55.3
07:34:49.011,94.2,61.1,82.7,79.4,83.3,81.8,74.0,80.6,81.3,76.7,75.6,74.1,71.7,71.5,68.3,66.8,66.4,61.8,58.0,52.2,49.8,46.8,46.2,45.4,44.1,43.8,44.6,45.7,46.0,46.5,47.6,48.4,49.3,50.2,51.2,52.2,53.1,54.2,55.2
07:34:50.011,94.6,61.1,82.9,80.4,87.6,87.3,81.7,80.2,82.9,78.6,74.3,74.3,72.4,71.2,68.6,66.6,64.4,63.4,58.2,55.6,47.9,45.4,45.6,46.0,44.5,44.6,44.7,45.6,46.5,46.9,47.8,48.4,49.4,50.1,51.1,52.4,53.3,54.3,55.1
07:34:51.011,95.4,62.1,84.7,87.1,88.8,85.6,80.6,83.2,80.6,79.6,78.7,79.3,76.3,72.6,71.7,68.4,67.3,65.0,60.1,55.7,50.0,47.4,48.2,46.1,44.4,43.1,45.1,46.0,45.9,47.1,47.6,48.4,49.4,50.3,51.3,52.3,53.2,54.2,55.3
07:34:52.011,93.1,61.6,82.2,81.2,80.2,83.1,82.4,80.9,75.8,75.3,73.9,77.4,75.9,72.7,70.2,71.9,67.7,63.2,59.4,54.9,49.6,45.6,46.0,45.4,44.1,43.5,44.8,45.4,45.6,46.6,47.7,48.5,49.0,50.0,51.2,52.1,53.1,54.2,55.3
07:34:53.011,95.2,63.6,84.6,83.4,83.6,87.4,84.8,79.4,80.0,80.6,76.3,76.8,73.9,75.9,73.9,71.4,69.3,67.3,64.2,60.8,56.4,50.4,45.9,45.8,43.8,44.0,44.9,45.6,46.1,47.0,47.9,48.2,49.2,50.5,51.1,52.2,53.1,54.2,55.2
07:34:54.011,96.0,63.2,84.3,87.2,86.3,86.2,84.8,85.0,80.6,79.9,73.9,73.3,75.7,76.8,73.7,70.4,68.8,67.7,63.1,60.1,57.1,51.0,47.8,45.9,43.9,44.8,44.4,45.3,46.4,47.1,47.9,48.4,49.3,50.1,51.1,52.1,53.3,54.2,55.3
07:34:55.011,92.7,61.2,82.0,85.1,78.8,78.1,76.9,80.8,81.1,79.2,73.8,72.6,73.0,71.0,71.6,66.0,63.9,61.6,58.2,54.4,50.3,46.6,46.3,46.1,44.4,43.8,43.9,45.4,46.1,47.2,48.1,48.6,49.5,50.4,51.0,52.3,53.0,54.3,55.3
07:34:56.011,91.4,60.8,82.0,80.0,79.3,81.6,82.8,81.8,76.5,78.4,77.6,75.9,74.8,73.1,70.1,67.2,63.1,59.5,54.8,50.4,47.9,46.5,45.0,46.0,45.3,44.2,44.9,45.3,46.0,47.2,47.8,48.3,49.3,50.1,51.1,52.2,53.2,54.3,55.2
07:34:57.011,93.9,61.4,84.4,84.0,80.2,80.0,85.1,83.4,80.9,79.4,78.8,76.9,76.0,74.0,71.8,68.6,62.9,59.7,57.3,52.9,51.1,48.1,46.0,44.9,44.2,43.8,44.6,45.0,45.7,47.1,48.4,48.8,49.3,50.0,51.2,52.1,53.1,54.1,55.2
07:34:58.011,93.5,61.3,84.3,84.3,83.0,84.3,80.5,81.9,79.2,78.2,80.0,77.9,74.2,73.8,71.7,67.0,63.0,59.6,56.2,51.9,48.6,46.6,45.4,45.3,44.9,44.4,44.2,45.3,45.7,46.8,47.3,48.4,49.3,50.4,51.4,52.3,53.1,54.2,55.2
07:34:59.011,93.7,61.2,83.1,77.7,78.0,84.9,83.8,77.9,77.2,81.8,75.9,78.3,75.3,73.8,70.3,67.9,66.1,63.2,59.6,55.4,50.4,47.6,45.8,43.9,43.4,43.8,44.4,45.1,45.9,46.8,47.4,48.5,49.2,50.2,51.1,52.1,53.3,54.2,55.2
07:35:00.011,93.4,61.5,82.5,83.5,85.0,84.3,80.9,79.3,80.6,77.4,77.4,76.5,74.6,73.7,71.1,68.7,66.4,63.6,61.0,56.7,51.9,48.0,44.1,44.6,43.5,43.9,44.0,45.4,46.4,46.9,47.6,48.3,49.2,50.1,51.1,52.2,53.1,54.1,55.2
07:35:01.011,92.1,60.6,81.0,83.6,82.6,78.0,71.0,77.8,80.3,78.4,76.6,72.4,72.0,70.2,67.3,66.3,65.0,60.3,57.5,53.8,46.8,43.5,44.4,43.7,43.7,43.6,44.2,45.4,46.1,46.7,47.4,48.4,49.4,50.1,51.2,52.3,53.0,54.3,55.1
07:35:02.011,91.5,60.5,81.2,83.1,80.4,77.9,74.0,75.1,78.7,75.0,72.5,73.0,72.7,73.4,68.3,63.5,60.2,58.0,54.4,49.5,46.9,46.2,44.0,43.4,42.8,43.1,44.1,45.3,46.5,46.7,47.4,48.1,49.1,50.5,51.3,52.0,53.2,54.2,55.3
07:35:03.011,91.8,60.7,81.3,74.2,74.5,80.2,78.7,79.1,78.2,75.0,74.5,72.8,74.2,68.8,66.8,65.9,63.6,60.8,54.4,49.4,46.4,45.8,46.0,44.9,43.7,43.7,44.7,45.4,46.1,47.1,47.6,48.6,49.2,50.2,51.3,52.3,53.2,54.0,55.3
07:35:04.011,91.1,61.7,80.9,82.2,80.6,77.3,75.5,79.3,75.9,77.1,74.2,73.1,73.8,70.3,71.0,70.2,67.5,65.1,61.4,55.4,49.9,45.8,45.2,43.9,44.0,43.4,44.9,45.4,45.6,46.6,47.6,48.1,49.4,50.3,51.3,52.1,53.4,54.2,55.3
07:35:05.011,92.5,60.9,80.3,83.6,80.9,81.3,78.0,74.5,77.5,76.9,72.6,70.9,71.4,69.5,70.7,68.0,65.4,61.5,57.8,52.4,47.6,44.0,43.1,44.1,44.0,42.8,44.3,45.3,45.3,46.3,47.7,48.5,49.4,50.3,51.2,52.0,53.2,54.1,55.2
07:35:06.011,91.8,60.4,79.7,81.2,80.4,81.2,82.3,78.1,74.6,76.1,75.7,70.8,70.7,70.2,66.0,65.5,62.7,59.4,56.0,52.8,48.4,45.6,43.7,43.7,43.2,43.5,44.7,45.3,46.0,47.0,47.7,48.3,48.9,50.2,51.1,52.1,53.1,54.2,55.3
07:35:07.011,92.3,60.2,80.4,82.5,81.0,79.7,80.0,78.7,77.6,74.4,76.3,70.4,72.6,66.8,63.8,61.5,59.8,57.9,55.4,50.3,46.9,44.0,45.1,44.2,42.9,43.8,44.2,45.7,46.2,46.7,47.8,48.1,49.4,50.3,51.1,52.3,53.0,54.2,55.2
07:35:08.011,91.8,60.1,81.0,84.0,82.8,80.8,81.0,78.3,78.2,77.2,77.1,73.5,73.2,68.9,67.0,64.2,59.7,58.0,54.1,48.9,45.3,44.3,46.3,44.0,43.2,43.1,44.2,44.9,44.9,46.6,47.3,48.1,49.0,50.1,51.0,52.2,53.2,54.2,55.2
07:35:09.011,90.3,60.3,81.1,73.0,75.9,81.1,80.4,78.1,76.2,77.8,75.9,71.8,72.3,71.2,68.3,63.3,60.3,56.8,50.6,48.9,45.5,43.9,44.5,44.6,43.9,43.6,43.9,44.9,45.8,46.6,47.8,48.3,49.4,50.2,51.1,52.0,53.1,54.3,55.1
07:35:10.011,94.0,61.3,83.5,82.5,82.8,84.5,80.4,83.0,78.8,78.3,77.2,74.7,73.3,73.4,70.2,67.6,64.8,61.0,56.0,50.4,45.5,44.1,45.0,44.7,43.5,43.4,44.3,45.2,46.0,46.9,48.0,48.4,49.2,50.2,51.2,52.3,53.3,54.2,55.2
07:35:11.011,91.3,60.8,80.5,83.9,84.0,81.7,78.4,78.9,78.4,76.5,72.6,73.2,72.0,72.0,69.0,65.6,65.0,61.5,57.4,52.5,50.0,45.8,46.2,44.5,43.1,43.3,44.0,44.9,46.1,46.6,47.5,48.0,49.2,50.3,51.2,52.3,53.1,54.3,55.3
07:35:12.011,91.9,60.5,80.0,82.9,81.0,80.1,79.0,80.3,78.8,72.7,73.4,73.2,71.4,71.5,69.4,66.5,64.9,59.3,56.2,51.8,49.3,47.0,46.2,44.7,43.3,43.5,44.0,45.1,45.7,46.5,47.4,48.4,49.2,50.2,51.2,52.2,53.2,54.2,55.2
07:35:13.011,92.7,60.1,79.2,80.2,78.1,74.8,72.9,74.8,73.7,72.5,74.5,71.3,70.1,68.9,65.1,60.4,59.6,57.8,53.7,48.6,45.4,43.3,45.0,43.0,42.3,43.1,44.5,45.1,45.8,46.6,47.3,48.3,49.2,50.3,51.3,52.0,53.3,54.2,55.4
07:35:14.011,92.9,60.0,80.6,79.4,78.4,81.6,80.5,77.9,76.2,76.1,77.3,73.9,72.5,70.3,66.5,62.7,59.5,57.1,55.1,48.2,43.8,43.6,42.9,42.9,42.7,43.1,44.0,45.0,45.8,46.5,47.3,48.3,49.2,50.2,51.1,52.2,53.2,54.2,55.2
07:35:15.011,93.2,60.0,81.9,74.3,78.0,80.2,78.5,81.3,76.3,75.7,74.5,71.8,69.0,67.1,63.4,61.8,56.2,51.7,47.1,46.0,43.2,43.2,43.3,42.9,42.5,43.4,44.1,45.4,45.8,46.5,47.2,48.6,49.1,50.1,51.2,52.3,53.2,54.2,55.4
07:35:16.011,92.0,60.1,80.2,80.7,81.7,84.3,78.1,75.3,79.5,75.0,72.6,69.5,70.2,69.0,66.9,64.5,58.6,56.4,52.0,48.0,44.3,43.5,46.3,44.5,43.2,44.0,44.3,45.4,46.3,46.7,47.6,48.2,49.3,50.3,51.3,52.1,53.0,54.2,55.2
07:35:17.011,91.9,60.5,80.8,80.3,77.7,76.8,79.6,79.3,77.2,74.6,75.2,70.5,72.4,69.3,68.7,65.1,62.5,59.0,57.3,52.0,47.0,44.0,44.8,43.2,42.4,42.6,44.0,44.7,45.9,46.5,47.5,48.0,49.3,50.2,51.1,52.1,53.3,54.2,55.2
07:35:18.011,91.8,60.4,79.7,79.8,82.1,76.8,76.4,77.4,78.6,76.3,74.4,70.7,71.7,69.1,66.8,65.8,64.1,61.9,54.9,50.9,47.3,44.8,43.6,43.3,43.4,43.4,44.4,44.9,45.6,47.0,47.3,48.4,49.2,50.1,51.2,52.2,53.4,54.2,55.2
07:35:19.011,91.9,61.3,81.5,84.5,80.2,77.4,81.1,81.6,78.7,76.9,76.2,75.0,72.6,71.4,68.8,68.8,67.2,65.2,60.8,57.2,52.9,48.3,44.9,44.0,42.9,43.6,44.0,45.6,45.7,46.6,47.3,48.3,49.2,50.2,51.1,52.1,53.4,54.1,55.3
07:35:20.011,89.3,60.0,79.3,82.2,79.3,79.4,80.4,79.3,80.3,75.5,69.1,72.2,68.9,70.5,66.3,63.9,63.4,58.5,54.3,50.2,46.2,43.8,43.9,43.7,43.3,43.4,43.9,45.4,46.0,46.2,47.4,48.2,49.5,50.5,51.4,52.2,53.2,54.1,55.2
07:35:21.011,91.8,59.8,77.0,83.2,79.9,75.6,77.9,72.8,70.0,71.1,71.8,68.9,69.7,69.4,64.2,63.1,58.1,54.4,46.5,44.0,44.4,42.8,42.2,43.4,43.0,43.8,44.3,45.7,46.4,47.0,47.8,48.4,49.0,50.4,51.2,52.1,53.1,54.2,55.2
07:35:22.011,90.7,59.9,79.9,80.3,82.8,82.6,80.7,78.7,79.9,76.2,73.8,73.4,71.9,69.9,68.0,65.3,59.6,56.7,51.7,47.1,44.6,44.6,44.2,43.4,42.5,43.4,43.9,45.0,45.9,46.5,47.9,48.2,49.2,50.2,51.2,52.2,53.1,54.1,55.2
07:35:23.011,92.1,60.0,79.3,80.6,77.4,77.8,79.8,79.5,77.8,73.1,72.9,70.8,70.7,68.8,64.9,63.6,58.8,57.2,54.4,49.5,44.5,43.4,44.1,44.2,43.7,43.0,44.0,45.0,45.7,47.1,47.3,48.2,49.2,50.1,51.4,52.2,53.1,54.2,55.2
07:35:24.011,91.6,60.2,79.7,79.3,82.2,81.5,79.0,78.1,78.4,75.2,72.9,71.7,69.0,67.8,64.1,63.9,62.9,59.2,54.2,49.7,46.5,44.9,43.7,43.4,42.8,43.6,44.1,44.8,45.5,46.6,47.4,48.1,49.2,50.3,51.7,52.1,53.0,54.2,55.2
07:35:25.011,91.9,60.3,79.7,80.9,82.2,82.0,81.5,79.0,76.6,78.6,72.9,71.6,70.8,70.6,66.5,65.5,63.6,62.3,57.4,54.4,48.6,45.2,43.7,43.0,43.3,43.2,44.7,45.0,45.2,46.4,47.4,48.2,49.2,50.2,51.4,52.1,53.2,54.3,55.2
07:35:26.011,88.8,59.9,77.8,80.2,74.8,79.2,78.5,76.3,75.1,75.1,72.3,71.3,69.6,70.4,66.4,62.3,61.2,58.4,54.4,51.9,47.2,42.4,43.2,43.0,42.5,42.9,43.8,44.9,45.7,46.3,47.5,48.5,49.2,50.3,51.3,52.2,53.1,54.2,55.4
07:35:27.011,90.2,60.1,79.8,80.3,82.5,82.7,78.8,77.8,79.6,74.5,72.8,71.0,71.6,69.6,68.3,64.5,61.1,58.0,53.7,51.8,46.9,44.7,43.7,44.2,43.0,43.0,44.0,45.1,45.6,46.3,47.4,48.2,49.1,50.2,51.4,52.2,53.2,54.4,55.1
07:35:28.011,88.4,59.9,78.1,74.6,74.3,71.5,76.8,78.0,74.7,73.1,72.4,70.3,71.5,67.2,66.0,64.9,60.9,57.0,51.2,47.3,45.1,42.8,44.1,44.0,42.4,43.5,43.9,44.8,45.6,46.6,47.2,48.2,49.2,50.4,51.6,52.2,53.1,54.3,55.1
07:35:29.011,91.2,60.2,79.7,81.2,81.3,78.8,75.6,72.8,72.0,73.2,74.3,73.2,72.1,70.2,66.6,62.8,58.2,53.0,51.1,45.9,44.1,43.7,45.8,45.9,43.7,43.2,44.5,45.0,45.6,46.6,47.7,48.3,49.2,50.2,51.5,52.1,53.2,54.3,55.3
07:35:30.011,90.3,59.8,79.1,83.6,80.7,77.2,77.9,75.2,75.0,74.4,73.9,70.9,71.5,69.0,65.2,60.8,58.0,51.8,50.1,45.8,42.8,43.0,45.3,43.5,43.4,43.4,44.2,44.7,45.8,46.5,47.5,48.1,48.9,50.3,51.4,52.2,53.2,54.2,55.2
07:35:31.011,91.7,59.9,79.3,82.7,79.1,72.9,73.9,78.6,79.0,77.1,71.7,74.6,71.3,70.7,66.3,62.1,57.9,56.0,51.8,46.7,43.4,42.5,43.3,43.2,43.3,43.5,44.7,45.5,46.2,46.8,47.4,48.2,49.5,50.3,51.6,52.2,53.3,54.2,55.2
07:35:32.011,90.5,59.8,78.4,78.7,76.1,79.4,80.1,78.6,72.7,76.0,72.8,72.9,68.2,66.4,64.5,61.8,58.1,58.2,54.0,48.9,46.9,43.6,43.6,43.5,43.1,43.2,44.4,45.0,45.6,46.4,47.2,48.4,49.1,50.2,51.4,52.1,53.1,54.2,55.2
07:35:33.011,92.4,60.0,79.2,85.0,82.2,81.3,81.0,80.9,76.2,73.5,73.1,67.6,66.5,68.1,65.4,63.6,60.3,58.1,54.3,47.9,46.0,43.8,44.3,45.3,43.1,43.1,44.3,45.4,45.8,46.6,47.3,48.4,48.9,50.2,51.5,52.2,53.3,54.3,55.1
07:35:34.011,91.0,60.2,79.7,82.6,79.7,82.5,81.3,74.8,77.3,76.6,71.6,71.6,70.5,68.7,65.4,63.7,63.3,59.0,53.8,48.9,44.6,44.6,45.2,44.9,43.8,43.5,45.5,45.8,45.3,46.4,47.2,48.3,49.0,50.2,51.5,52.2,53.2,54.2,55.2
07:35:35.011,90.2,59.8,77.6,82.3,76.6,79.0,79.0,76.1,75.9,74.0,71.5,68.7,69.1,65.9,63.0,60.6,59.6,56.1,49.3,44.2,44.6,44.1,44.9,45.3,43.1,43.4,44.3,45.1,45.9,46.7,47.5,48.1,49.2,50.6,51.5,52.1,53.1,54.2,55.1
07:35:36.011,90.7,60.0,78.3,80.5,78.8,78.8,79.5,76.8,78.2,71.1,73.5,69.9,70.2,66.0,66.5,61.6,60.8,56.2,51.4,48.7,45.4,43.7,45.8,45.1,44.5,43.5,43.8,45.8,46.1,46.6,47.5,48.3,49.2,50.3,51.3,52.3,53.3,54.3,55.3
07:35:37.011,89.7,60.3,79.0,79.3,80.6,75.8,76.9,75.2,74.9,75.2,73.1,70.8,66.6,66.1,65.6,63.9,60.3,55.9,53.3,48.8,44.3,45.1,47.5,48.3,43.3,43.7,44.6,45.4,45.8,46.9,47.4,48.4,49.1,50.4,51.5,52.2,53.2,54.2,55.2
07:35:38.011,90.9,60.4,79.9,80.6,77.5,77.8,77.9,77.4,80.4,77.5,73.1,72.9,69.1,70.1,67.1,65.2,61.4,60.8,56.5,51.5,46.5,44.9,46.5,45.1,43.4,44.0,44.5,45.4,46.1,46.7,47.3,48.4,49.4,50.2,51.4,52.2,53.1,54.2,55.3
07:35:39.011,89.8,60.0,77.2,75.1,76.6,79.0,74.6,74.7,74.4,72.7,72.3,69.0,67.5,66.8,65.9,61.8,58.8,55.4,52.7,49.5,45.5,45.5,46.6,47.4,43.9,43.4,45.0,45.3,45.4,46.5,47.5,48.2,49.2,50.1,51.7,52.0,53.3,54.2,55.2
07:35:40.011,88.2,60.2,77.1,72.2,75.8,79.9,77.7,74.9,73.6,71.8,69.9,71.0,69.5,69.5,65.8,63.9,61.6,55.7,52.6,48.9,46.9,45.1,48.0,47.7,45.0,44.4,44.2,45.1,45.9,46.4,47.5,48.3,49.2,50.3,51.5,52.2,53.3,54.1,55.2
07:35:41.011,88.8,60.6,78.7,77.8,76.3,79.5,79.0,74.4,71.9,71.7,70.1,71.3,69.9,67.1,65.1,63.1,61.8,58.8,53.6,50.8,47.2,46.1,45.4,44.9,44.2,44.3,45.2,45.9,45.8,46.5,47.6,48.2,49.1,50.2,51.4,52.2,53.1,54.3,55.3
07:35:42.011,89.6,60.0,77.5,77.9,78.3,78.7,75.6,79.7,73.3,70.3,72.5,71.3,69.0,68.9,65.4,61.0,58.6,54.6,52.1,48.5,46.7,47.2,47.7,44.7,43.6,44.4,44.8,45.6,46.5,46.5,47.5,48.0,49.3,50.2,51.3,52.2,53.2,54.2,55.3
07:35:43.011,89.3,59.9,76.6,79.6,77.8,79.8,75.0,76.8,73.7,70.3,71.5,68.1,67.8,66.0,63.9,61.3,58.4,56.1,50.1,46.6,45.5,45.8,48.0,47.1,43.8,43.8,44.6,45.5,46.0,46.7,47.5,48.7,49.1,50.4,51.5,52.2,53.1,54.2,55.2
07:35:44.011,88.4,59.8,75.6,75.4,73.6,77.6,79.5,76.3,69.2,72.2,67.6,67.7,66.0,64.2,61.7,59.6,55.9,52.8,49.6,47.3,43.7,45.2,48.9,46.7,43.6,43.2,44.6,45.3,46.1,46.4,47.2,48.5,49.4,50.2,51.4,52.3,53.5,54.2,55.2
07:35:45.011,90.4,59.8,77.0,77.9,77.9,77.0,77.9,76.3,74.3,75.4,69.4,69.4,67.5,65.2,60.9,58.5,54.8,53.7,53.1,50.6,45.9,44.7,46.0,44.7,44.2,43.8,44.5,45.1,45.7,46.7,47.5,48.3,49.3,50.1,51.6,52.0,53.3,54.3,55.3
07:35:46.011,88.7,59.7,74.6,80.0,75.1,76.7,76.6,76.2,73.0,68.2,68.5,69.6,67.6,63.2,61.2,58.2,55.3,53.8,52.0,48.1,44.7,44.7,46.0,44.7,43.6,43.9,44.3,44.8,45.7,46.8,47.4,48.2,49.2,50.6,51.7,52.1,53.1,54.3,55.3
07:35:47.011,88.3,59.6,76.1,75.3,72.6,72.5,75.4,74.7,75.2,69.2,67.7,64.6,65.5,61.7,61.0,57.9,57.2,54.6,49.7,47.9,44.0,45.0,45.6,45.7,43.0,43.1,44.2,44.9,46.1,47.0,47.3,48.4,49.3,50.4,51.3,52.1,53.2,54.1,55.2
07:35:48.011,88.7,59.7,76.6,77.1,76.6,76.2,77.2,78.2,77.3,74.1,70.4,65.2,64.2,64.3,62.2,58.5,58.1,54.6,50.4,47.1,46.4,45.3,45.7,45.3,43.4,44.1,44.5,45.4,45.8,46.9,47.2,48.1,49.1,50.2,51.6,52.2,53.1,54.1,55.3
07:35:49.011,88.7,59.5,75.6,78.4,78.5,73.3,74.4,75.1,75.5,72.1,69.4,64.7,62.8,64.3,60.9,60.2,55.5,50.5,49.6,45.4,44.6,45.7,45.7,44.5,43.5,43.5,44.3,45.5,45.6,46.3,47.2,48.5,49.2,50.2,51.5,52.1,53.1,54.3,55.2
07:35:50.011,90.0,59.7,77.0,81.4,78.2,76.5,78.8,77.6,78.8,71.1,70.0,67.7,65.0,63.1,59.9,59.6,55.4,51.2,47.3,45.8,44.6,45.3,44.2,44.3,43.1,42.7,43.6,45.6,45.9,46.7,47.6,48.6,49.5,50.3,51.5,52.2,53.2,54.2,55.3
07:35:51.011,89.3,59.4,76.1,79.5,78.8,76.5,76.5,77.2,72.2,72.6,66.6,68.8,67.6,61.6,55.3,55.5,55.0,50.2,47.8,45.5,43.7,44.2,44.5,43.1,43.3,43.2,43.5,44.7,46.3,46.9,47.2,48.5,49.1,50.5,51.7,52.2,53.1,54.2,55.3
07:35:52.011,89.8,59.6,77.7,80.8,79.3,77.0,79.5,77.1,77.7,72.7,69.9,71.7,67.7,68.2,64.0,56.9,51.5,54.0,51.9,49.8,45.1,43.7,43.8,43.7,42.6,43.3,44.1,45.2,45.6,46.6,47.6,48.4,49.2,50.3,51.6,52.2,53.1,54.0,55.2
07:35:53.011,89.2,59.7,75.5,80.1,78.1,76.6,74.7,72.8,72.9,69.8,70.3,69.9,68.0,65.7,64.1,60.8,56.7,52.9,49.9,49.9,48.7,46.3,44.9,43.8,42.8,43.0,44.1,45.6,45.5,46.7,47.3,48.2,49.0,50.0,51.4,52.3,53.3,54.2,55.3
07:35:54.011,88.0,60.7,77.5,76.8,80.0,80.6,77.5,72.2,77.3,71.5,72.0,69.3,68.9,68.2,66.5,67.1,63.6,60.6,57.8,55.3,52.0,49.5,47.6,47.5,44.8,43.6,44.2,45.1,45.9,46.6,47.6,48.3,49.2,50.4,51.4,52.3,53.1,54.2,55.2
07:35:55.011,87.5,60.3,75.3,78.2,75.7,75.5,72.5,71.0,69.0,70.1,69.6,70.3,67.2,66.7,63.8,61.8,59.4,56.8,54.5,53.2,53.2,51.4,49.6,46.1,43.8,44.0,43.5,45.1,45.8,46.5,47.5,48.5,49.2,50.4,51.7,52.2,53.1,54.1,55.1
07:35:56.011,89.0,59.9,76.3,79.1,79.5,77.3,75.6,74.4,73.3,71.7,70.8,70.4,69.0,68.2,62.8,61.6,55.1,54.7,50.4,51.0,47.9,46.2,46.2,45.8,44.3,44.0,44.6,45.0,46.5,46.6,47.3,48.2,48.9,50.3,51.6,52.1,53.1,54.2,55.2
07:35:57.011,89.4,59.6,77.0,77.6,78.9,76.3,77.7,76.0,75.3,70.5,68.4,71.1,69.0,67.5,61.3,59.2,54.3,48.8,47.9,46.5,44.4,44.6,43.4,43.8,43.2,43.9,44.0,45.0,46.1,46.9,47.7,48.5,49.3,50.3,51.3,52.1,53.2,54.3,55.2
07:35:58.011,87.4,59.4,76.2,76.6,72.6,77.3,76.1,75.1,72.7,71.0,67.6,70.8,66.9,64.8,60.0,55.9,52.3,47.3,45.3,44.6,43.7,42.5,44.4,43.3,43.3,43.5,43.7,44.5,45.7,46.6,47.5,48.2,49.1,50.2,51.4,52.3,53.2,54.4,55.1
07:35:59.011,89.7,59.5,76.9,78.9,77.3,79.7,78.2,77.5,77.2,75.9,69.1,70.3,69.1,64.5,61.7,59.3,57.0,51.4,49.8,44.9,43.1,43.3,43.5,44.3,42.7,43.5,44.3,44.6,46.0,46.5,47.1,48.2,49.3,50.5,51.6,52.3,53.2,54.2,55.3
07:36:00.011,88.9,59.6,78.1,79.9,77.1,82.0,80.6,78.2,77.4,74.8,73.2,69.7,66.3,66.5,63.6,60.9,57.3,53.3,48.3,46.3,44.0,43.1,43.6,43.2,43.1,43.1,44.0,44.9,45.8,46.8,47.6,48.5,49.1,50.2,51.6,52.1,53.3,54.2,55.3
07:36:01.011,88.0,59.6,76.7,80.2,77.5,78.0,77.7,75.7,77.3,73.2,72.5,65.6,68.9,65.9,64.9,60.9,57.7,52.7,46.2,43.7,42.2,42.2,43.5,44.1,42.6,42.9,44.1,45.1,46.1,46.7,47.5,48.4,49.1,50.2,51.7,52.1,53.4,54.1,55.2
07:36:02.011,89.4,59.8,78.3,80.5,75.2,74.1,72.5,70.3,76.0,76.0,73.5,68.9,68.9,66.0,65.8,63.5,57.8,53.5,50.8,45.4,42.4,43.0,43.3,43.0,43.3,44.0,44.1,45.2,45.8,46.6,47.3,48.1,49.1,50.4,51.6,52.2,53.2,54.2,55.2
