AMBIENT,69.0,59.3,59.5,56.6,55.3,53.4,52.2,51.9,50.3,48.1,46.8,47.0,44.0,47.8,42.3,40.1,40.4,38.9,38.5,38.6,39.5,39.7,40.1,40.8,41.6,43.2,43.3,44.4,45.0,45.8,46.8,47.8,48.7,49.7,50.7,51.7,52.7,53.7,54.8
07:30:48.011,67.4,58.5,59.1,57.8,57.8,55.3,51.8,49.6,48.7,41.3,45.7,47.7,45.1,50.3,41.9,38.6,40.4,38.6,38.4,37.6,39.1,40.3,40.7,40.7,42.0,42.7,43.2,44.4,45.1,45.5,46.7,47.5,48.8,49.7,50.8,51.7,52.7,53.8,54.6
07:30:49.011,68.2,58.4,58.5,55.0,52.5,50.4,50.4,48.2,44.2,44.6,45.0,44.4,42.6,50.0,42.1,39.5,38.1,38.4,37.6,37.5,39.2,39.0,39.6,40.0,41.3,42.1,43.0,44.2,44.8,45.8,46.7,47.7,48.9,49.4,50.7,51.7,52.6,53.7,54.8
07:30:50.011,67.9,58.5,58.8,52.2,53.2,54.2,54.1,51.5,50.6,50.0,44.4,44.5,44.1,49.3,41.4,39.3,42.1,38.3,38.7,38.7,40.1,39.1,40.3,41.1,41.6,42.5,43.3,44.3,44.8,45.5,46.8,47.8,48.7,49.8,50.8,51.8,52.8,53.7,54.6
07:30:51.011,70.2,58.5,58.8,47.7,47.3,49.8,50.7,46.1,48.1,48.3,46.0,47.3,44.3,49.2,42.8,39.7,39.3,40.1,37.9,38.2,39.8,39.4,40.1,40.4,42.1,42.1,42.8,43.5,45.3,45.9,47.1,47.9,48.8,49.5,50.7,51.7,52.9,53.7,54.7
07:30:52.011,72.6,58.4,58.7,58.0,57.1,50.7,53.4,53.2,52.0,49.2,44.6,44.3,43.4,45.3,40.9,40.1,40.6,38.1,38.3,37.9,38.5,39.8,39.8,40.4,40.3,42.5,43.4,43.6,44.5,45.7,46.6,47.8,48.6,49.6,50.6,51.8,52.8,53.7,54.8
07:30:53.011,71.4,59.3,60.8,59.2,51.6,51.3,56.2,52.2,52.2,50.4,50.7,56.6,49.7,48.5,42.3,42.7,40.7,40.8,43.0,42.4,43.4,42.3,46.1,47.3,46.4,49.2,47.4,46.1,46.2,46.1,46.7,48.0,48.7,49.7,50.7,51.6,52.6,53.8,54.8
07:30:54.011,66.5,58.6,58.9,48.1,48.0,49.6,49.8,50.0,47.9,48.6,47.0,45.2,44.2,46.0,40.8,40.2,39.5,38.7,40.8,41.0,40.7,39.7,41.9,42.1,41.8,43.4,43.3,43.7,45.0,45.7,46.9,47.8,48.8,49.6,50.8,51.8,52.8,53.8,54.8
07:30:55.011,69.0,58.6,58.8,48.1,52.0,53.4,51.0,52.6,48.6,49.1,46.0,44.6,44.1,43.6,41.5,39.3,38.9,38.0,39.2,38.9,39.7,39.3,39.7,39.9,41.0,42.9,43.2,44.5,45.1,45.8,47.2,47.6,48.9,49.7,51.0,51.9,52.7,53.7,54.8
07:30:56.011,71.9,58.5,59.1,52.2,53.7,53.6,52.7,50.3,45.9,46.9,45.7,44.6,41.4,45.4,39.3,41.0,38.9,39.5,38.8,38.3,40.6,38.7,39.5,40.7,40.6,42.2,43.5,44.0,45.1,45.6,46.8,47.7,48.8,50.1,50.9,51.7,52.8,53.7,54.8
07:30:57.011,69.2,58.5,60.2,58.1,60.0,60.5,57.8,55.2,55.4,56.1,52.4,49.9,46.3,47.8,43.4,39.8,42.6,39.3,36.7,37.9,39.4,39.4,39.7,40.9,41.2,42.5,43.2,43.8,45.2,45.8,46.4,48.0,48.6,49.8,51.0,51.7,52.7,53.6,54.8
07:30:58.011,76.4,58.5,68.9,52.9,55.6,57.8,68.8,74.2,69.0,66.0,62.8,57.8,47.7,46.0,44.9,42.3,42.5,40.6,38.3,38.0,39.9,39.7,39.5,40.9,41.8,42.9,43.1,43.7,45.2,45.9,46.6,47.7,48.5,49.8,50.9,51.9,52.7,53.8,54.6
07:30:59.011,70.5,58.5,62.9,53.2,51.9,55.3,56.8,57.7,63.2,58.7,52.3,55.1,45.1,45.9,42.4,39.3,41.0,39.4,38.6,38.4,39.8,40.0,39.1,40.5,41.2,42.8,43.3,44.2,44.7,45.6,46.4,47.9,48.8,49.8,50.8,51.6,52.7,53.8,54.7
07:31:00.011,69.0,58.5,60.0,56.8,52.4,52.9,52.7,56.7,55.2,53.0,50.0,45.6,45.0,45.0,42.2,37.9,40.9,39.2,38.1,39.3,39.4,40.9,40.5,40.3,41.1,42.5,43.6,44.1,45.2,45.6,46.6,48.1,48.8,49.7,50.7,51.9,52.7,53.8,54.8
07:31:01.011,70.1,58.5,60.8,58.5,57.8,53.1,52.7,51.5,54.6,54.0,47.9,48.7,44.7,48.5,41.0,38.7,39.8,37.5,38.2,38.2,39.9,41.5,39.5,41.4,41.1,43.0,43.2,44.2,44.6,45.7,46.8,47.8,48.6,49.8,50.9,51.8,52.7,53.8,54.8
07:31:02.011,68.8,58.6,61.5,52.3,51.5,58.5,58.6,58.4,57.6,57.3,53.9,47.1,47.2,48.8,40.9,42.1,40.8,39.5,39.6,38.4,40.7,42.0,40.8,41.5,41.2,43.9,43.9,44.2,44.8,45.9,46.7,47.7,48.6,49.6,50.9,51.7,52.9,53.8,54.7
07:31:03.011,97.8,80.7,85.9,86.3,83.3,87.3,85.8,82.6,80.5,76.3,79.0,76.8,72.7,63.4,55.4,65.3,73.7,71.2,65.9,67.8,71.9,77.5,79.6,73.1,72.9,73.8,71.7,68.7,66.3,65.0,61.4,56.3,51.9,50.6,50.7,52.0,52.8,53.8,54.7
07:31:04.011,103.7,90.5,98.1,89.7,88.7,89.8,87.9,90.7,90.5,89.3,86.7,93.7,92.8,79.8,74.0,75.7,75.1,75.3,78.1,76.5,77.3,80.7,81.0,80.8,82.5,83.1,82.9,80.1,77.4,74.2,71.6,67.0,61.4,55.4,51.9,51.9,52.8,53.6,54.8
07:31:05.011,107.2,92.9,100.9,93.1,93.3,92.6,93.4,96.6,97.4,93.8,95.9,91.4,88.4,80.5,78.4,78.6,80.8,82.4,84.3,85.0,84.4,85.6,85.3,84.9,85.8,85.6,84.2,81.9,78.8,76.3,72.2,67.2,62.4,57.2,52.4,51.8,52.7,53.9,54.9
07:31:06.011,115.5,95.3,109.3,97.6,98.2,103.2,104.8,103.5,107.5,108.5,105.1,99.7,94.6,84.9,83.9,84.2,81.8,84.8,86.0,87.4,88.3,87.3,86.9,87.0,87.5,87.7,87.3,84.2,81.9,78.5,75.7,71.9,66.9,61.6,55.5,52.6,52.9,53.8,54.7
07:31:07.011,121.0,94.9,114.4,104.7,106.4,108.3,113.3,112.3,113.7,114.8,109.8,106.6,98.9,95.1,87.1,87.2,85.8,84.8,86.9,88.8,88.8,88.2,88.4,88.3,87.4,86.4,84.4,83.4,79.9,76.5,73.3,68.5,64.6,58.5,53.0,51.9,52.8,53.8,54.8
07:31:08.011,119.9,94.3,113.6,105.4,105.0,103.7,106.6,110.4,110.6,113.9,110.0,106.8,100.2,93.9,90.4,86.2,85.0,83.8,85.1,85.8,86.7,87.9,87.3,87.0,87.1,86.8,84.2,81.4,78.7,75.4,71.7,67.2,62.4,56.6,52.1,51.9,52.7,53.9,54.8
07:31:09.011,120.9,96.4,115.8,99.3,104.0,105.6,109.6,109.6,113.3,114.9,115.0,109.6,104.9,95.0,91.7,88.6,89.7,85.0,86.3,86.6,87.0,87.6,88.4,89.0,89.3,88.9,87.9,84.9,81.8,78.7,75.4,72.1,68.6,61.4,55.2,52.9,52.9,53.8,54.8
07:31:10.011,121.3,98.4,116.3,101.6,104.4,106.0,111.6,113.9,111.3,116.2,114.5,110.0,104.4,93.6,91.1,89.2,87.8,85.3,85.6,87.1,90.1,90.0,90.4,91.2,91.0,90.1,89.6,87.1,84.4,81.5,78.1,74.1,70.1,64.0,58.0,54.2,53.0,53.7,54.8
07:31:11.011,122.2,101.6,117.7,98.2,102.4,105.1,109.2,113.6,114.7,118.0,112.8,110.8,108.6,99.1,94.1,91.5,88.6,88.6,90.0,90.1,91.6,93.1,93.7,93.1,94.1,93.4,92.8,91.0,89.3,86.3,82.2,78.2,74.5,70.8,65.7,61.0,56.2,54.7,54.9
07:31:12.011,120.8,104.3,117.1,90.7,93.6,99.8,110.0,109.8,110.7,113.3,115.9,110.8,109.8,99.8,95.8,95.6,95.2,92.1,95.4,95.7,94.8,96.6,95.6,96.9,96.7,96.7,94.7,92.8,90.5,87.7,84.6,81.0,78.5,74.4,70.3,66.9,62.3,59.0,56.9
07:31:13.011,122.8,107.4,118.2,106.2,108.5,111.4,110.7,117.4,116.0,112.3,113.4,109.8,106.2,105.2,105.0,103.3,101.1,99.5,99.2,99.5,99.1,99.6,99.1,99.4,99.0,98.7,98.3,96.1,93.8,91.1,87.9,85.0,83.3,80.4,77.4,75.3,70.2,66.1,62.4
07:31:14.011,125.6,111.1,121.9,111.0,110.3,114.0,115.3,115.8,116.3,116.8,118.7,115.2,112.8,112.4,109.0,108.7,107.0,103.4,104.4,104.3,104.2,104.1,102.8,103.0,102.9,102.8,101.8,99.9,97.9,95.0,92.6,90.8,90.2,87.9,86.6,85.4,82.9,81.9,79.8
07:31:15.011,127.4,113.5,123.1,110.5,114.5,118.2,117.1,114.9,117.0,117.0,115.5,116.5,115.1,113.4,112.6,110.8,109.6,107.0,106.7,106.8,106.7,106.7,104.6,104.3,104.4,105.1,103.9,102.7,100.9,99.0,97.0,94.9,94.4,92.2,90.5,90.3,88.6,87.8,86.7
07:31:16.011,128.3,113.9,124.2,107.3,109.0,115.3,116.4,122.9,122.2,118.2,116.7,117.5,113.3,113.2,113.5,113.5,110.5,108.0,108.5,106.8,105.7,107.0,106.5,105.6,106.2,106.2,105.5,104.0,101.3,99.5,97.3,95.1,93.8,92.6,91.7,91.0,88.3,87.4,86.4
07:31:17.011,126.7,112.6,123.6,108.8,112.4,117.1,114.9,114.7,118.2,116.0,115.9,117.5,115.8,114.6,114.2,114.0,110.9,108.7,110.2,109.1,106.8,107.2,105.6,104.8,104.8,104.0,102.3,98.1,96.1,94.1,93.0,91.3,90.1,87.8,86.1,84.8,82.0,80.4,79.1
07:31:18.011,128.3,114.0,125.8,107.1,111.6,113.2,109.3,112.8,120.7,119.9,119.8,113.5,117.8,118.9,116.7,114.3,112.8,110.2,109.9,108.3,108.2,108.0,107.3,107.3,107.0,104.3,101.2,100.6,99.5,97.3,95.4,93.1,92.2,91.0,89.5,88.6,86.0,84.8,83.5
07:31:19.011,129.5,115.1,127.1,105.6,108.3,115.1,116.1,119.4,114.1,118.1,122.9,119.5,121.3,116.9,116.4,115.2,113.4,111.8,112.1,108.9,108.2,107.4,109.1,109.2,107.1,103.2,105.0,103.9,101.9,100.5,98.5,96.4,95.9,94.9,93.8,93.5,91.2,90.6,89.7
07:31:20.011,130.0,113.6,127.8,107.4,108.7,114.9,113.5,116.5,116.2,117.2,118.3,121.6,123.0,120.5,116.2,115.5,113.0,113.5,111.6,106.8,105.0,105.4,108.3,106.9,102.4,100.7,102.8,99.4,99.3,97.8,95.2,92.4,91.0,89.4,87.4,86.3,84.3,83.2,81.2
07:31:21.011,130.3,112.7,127.7,109.0,115.4,114.5,116.9,120.2,120.2,119.8,121.8,121.4,118.2,119.7,120.1,117.6,115.2,113.2,108.6,105.6,105.7,106.8,107.8,104.3,99.6,101.7,99.9,99.2,97.0,95.1,93.0,90.7,89.8,88.3,86.8,85.5,83.7,83.0,82.0
07:31:22.011,129.9,115.5,127.0,107.4,110.5,109.5,116.7,115.0,120.5,124.2,123.2,118.7,115.5,118.4,118.3,113.7,116.0,110.9,107.1,107.3,111.1,112.1,110.9,106.4,106.8,107.1,104.4,103.9,103.0,101.4,99.8,97.5,97.0,96.4,95.5,94.9,92.8,92.2,90.9
07:31:23.011,129.1,111.7,125.4,110.6,109.3,110.8,115.7,119.2,119.7,120.8,117.8,117.0,115.3,116.7,114.3,114.0,113.1,106.6,101.9,106.7,108.4,107.6,103.3,98.6,101.3,97.7,99.2,98.1,97.0,96.2,94.1,91.6,90.3,88.6,87.2,86.3,83.4,81.4,78.9
07:31:24.011,130.3,114.6,126.1,112.9,116.9,114.1,118.2,122.2,120.7,119.7,116.9,116.4,119.2,116.1,116.2,115.2,110.4,106.9,105.6,111.8,111.9,109.8,103.0,107.8,105.0,105.4,103.1,101.9,101.1,99.8,98.3,95.5,94.3,92.8,91.4,90.1,87.9,87.5,86.0
07:31:25.011,129.1,113.5,125.3,106.8,111.9,115.6,114.7,122.0,120.5,120.5,116.9,118.5,116.0,114.9,115.0,111.9,113.1,105.3,108.3,110.1,110.2,106.0,103.9,106.4,103.2,103.1,102.6,100.4,98.8,96.7,94.9,93.0,92.0,90.8,90.2,89.8,87.5,86.1,84.8
07:31:26.011,128.0,114.7,124.7,110.7,113.4,116.6,118.0,118.8,116.2,117.9,118.5,118.6,116.8,117.7,115.1,109.8,108.0,106.2,110.5,112.9,111.4,103.8,109.4,107.4,108.0,104.2,103.1,101.2,100.9,99.6,98.0,96.0,95.4,93.8,91.8,91.5,89.9,89.0,88.3
07:31:27.011,128.9,111.8,123.6,113.8,119.8,122.2,118.2,116.8,116.8,116.6,117.6,119.1,116.0,116.5,110.2,109.2,102.6,106.8,110.2,110.8,107.9,102.2,107.9,102.6,103.7,101.2,98.5,98.5,98.2,96.4,95.0,91.9,91.5,90.9,89.9,89.5,87.3,86.4,85.0
07:31:28.011,128.1,110.6,123.0,111.5,114.1,120.3,120.9,116.7,116.6,117.8,113.0,117.7,116.0,114.3,111.5,106.5,102.9,108.8,109.7,110.0,104.3,103.7,105.0,102.0,100.9,99.2,98.8,98.2,96.9,95.5,94.3,91.6,90.2,90.0,87.9,87.5,85.7,84.8,83.3
07:31:29.011,126.8,109.3,121.9,116.3,116.2,117.7,117.5,115.7,117.2,115.5,115.1,113.9,113.8,112.4,109.8,102.9,105.0,107.7,109.5,107.2,100.5,104.6,102.4,101.7,98.0,98.1,97.8,96.7,95.4,93.4,92.0,89.2,88.5,86.6,85.4,84.1,81.9,81.3,79.8
07:31:30.011,126.6,110.1,122.9,112.9,114.0,115.4,112.3,110.1,115.3,115.9,117.0,116.4,115.1,113.7,107.2,102.8,103.8,109.9,111.1,107.1,100.8,106.6,100.4,103.4,100.9,99.8,98.2,98.0,97.0,94.6,93.5,91.4,90.5,89.6,87.9,87.1,85.4,84.3,83.1
07:31:31.011,127.5,108.9,122.6,116.4,117.7,118.8,116.3,115.6,114.8,117.1,118.0,117.8,115.3,113.1,105.4,102.5,106.9,109.8,110.2,106.2,101.9,105.7,98.8,100.1,98.9,97.2,96.5,95.4,94.9,92.9,90.9,88.4,86.5,85.9,84.9,83.2,80.8,79.8,78.6
07:31:32.011,127.3,111.2,122.8,114.5,117.1,117.1,118.1,114.9,116.2,119.1,117.1,116.7,113.9,110.9,104.2,101.4,108.3,111.4,111.8,105.1,106.7,107.5,103.1,102.4,101.9,100.6,99.1,98.7,97.3,95.4,93.8,91.0,90.3,88.9,88.3,87.4,84.7,83.8,82.0
07:31:33.011,125.2,108.3,120.4,110.2,115.3,116.6,114.7,113.2,110.2,117.2,116.8,113.2,112.4,108.9,100.4,102.4,107.2,109.4,108.0,99.2,105.0,102.2,102.8,99.2,98.8,97.2,96.2,94.7,93.5,92.3,89.7,87.3,85.7,84.8,82.8,81.6,79.2,78.4,76.5
07:31:34.011,124.9,106.1,119.9,113.7,114.2,114.0,112.2,112.6,114.1,116.6,114.9,113.1,112.4,107.6,99.8,103.8,107.6,109.1,106.1,99.0,103.0,98.6,100.7,98.1,96.4,94.9,93.2,91.4,90.1,88.2,85.6,83.2,82.6,81.1,78.7,76.9,73.0,70.3,68.3
07:31:35.011,124.9,108.4,119.1,113.4,106.3,105.5,110.1,112.2,110.3,111.7,112.2,110.3,108.0,105.2,95.1,103.8,108.2,110.0,106.3,100.5,106.1,101.2,103.1,101.2,99.3,98.7,97.6,97.1,97.4,95.6,93.7,91.4,90.5,89.8,88.7,88.2,86.0,85.5,84.2
07:31:36.011,123.9,105.8,118.3,110.8,112.0,111.5,114.2,112.3,112.4,111.2,112.2,113.2,107.5,103.9,96.0,105.1,107.7,108.3,103.9,100.1,103.5,98.1,98.3,96.9,94.6,94.1,92.4,91.7,90.8,88.7,86.9,83.9,83.0,81.8,80.2,78.6,74.7,73.0,71.4
07:31:37.011,123.5,103.7,118.1,113.4,113.2,114.2,110.9,111.0,114.0,116.9,112.6,111.1,108.7,104.3,97.2,104.0,105.5,106.9,100.6,98.7,102.0,97.0,97.2,95.9,94.8,92.6,91.0,89.3,87.4,84.7,83.7,81.0,80.1,78.3,75.8,73.4,70.9,69.1,66.2
07:31:38.011,123.1,104.4,117.7,107.2,110.6,112.9,112.3,107.9,115.3,112.4,113.0,110.3,104.4,98.6,97.1,103.0,106.6,103.8,99.6,100.7,102.0,99.2,98.3,96.1,94.1,92.9,91.5,89.2,88.2,86.0,84.2,81.1,79.3,77.6,75.8,73.4,69.9,66.3,63.6
07:31:39.011,122.1,104.8,116.6,106.2,110.8,112.3,113.7,112.3,111.6,113.2,111.8,106.5,100.2,95.0,95.6,104.2,106.1,107.5,99.8,101.1,100.9,98.4,97.4,96.7,95.2,92.7,92.1,91.3,89.7,87.6,85.5,83.2,81.6,78.4,76.2,75.0,72.0,69.3,66.0
07:31:40.011,121.2,101.0,115.4,102.1,107.8,110.2,109.0,106.6,113.8,110.8,109.9,107.9,104.6,94.6,98.0,102.2,104.3,104.2,95.3,98.8,97.1,96.5,92.2,92.5,89.9,88.0,87.5,87.0,85.9,84.8,82.5,80.1,78.9,77.1,75.1,72.6,68.7,67.9,65.6
07:31:41.011,121.2,101.1,114.3,109.6,109.4,112.7,111.6,108.9,111.6,109.7,106.4,106.2,103.9,95.1,96.7,102.6,104.3,104.0,93.4,99.0,97.0,95.7,94.4,93.7,91.8,88.3,87.4,86.9,85.1,83.5,81.6,78.7,77.1,75.6,74.1,72.1,68.2,66.1,63.9
07:31:42.011,119.6,99.6,113.5,99.1,108.9,114.1,112.5,105.5,108.4,111.6,109.6,105.4,102.9,91.3,96.5,100.8,102.3,102.5,93.3,99.1,94.5,93.8,91.1,91.1,89.2,87.9,85.9,84.7,82.8,80.0,76.9,75.2,73.5,71.8,69.5,66.5,62.8,60.3,58.8
07:31:43.011,119.5,100.5,113.2,106.7,100.7,100.8,107.9,108.1,109.3,109.8,110.8,103.9,101.6,90.7,93.1,100.1,102.4,102.2,91.5,98.8,96.2,98.2,94.4,93.4,90.6,90.1,88.1,86.3,83.4,81.7,79.9,77.9,76.7,74.2,71.1,68.6,65.1,61.6,58.8
07:31:44.011,117.5,97.6,112.4,105.0,103.7,107.7,105.6,106.0,108.9,110.3,108.9,102.2,98.0,88.5,95.0,99.5,103.5,101.1,91.6,98.6,93.2,93.0,89.8,87.2,85.3,84.3,82.5,81.0,79.8,77.8,76.7,74.3,72.2,68.9,67.2,64.7,61.5,59.2,56.5
07:31:45.011,117.5,96.9,111.4,102.6,103.7,106.2,104.4,106.8,108.2,108.4,105.5,104.7,95.9,88.6,94.5,99.8,102.8,97.9,89.5,97.6,92.5,92.4,90.3,87.2,86.6,84.9,82.4,81.3,79.4,78.1,75.5,72.4,70.3,67.5,64.7,60.8,56.3,54.8,55.0
07:31:46.011,117.9,97.1,111.4,109.7,104.1,103.4,103.0,106.3,110.4,110.5,104.5,104.1,97.5,86.5,91.7,100.6,101.5,98.4,90.3,96.9,90.8,93.3,91.5,89.4,87.9,85.3,83.7,82.0,79.8,76.8,75.0,71.5,67.7,63.9,62.7,60.7,57.3,56.2,55.5
07:31:47.011,117.2,94.2,109.6,107.3,109.7,109.3,106.2,104.5,107.9,105.7,104.8,102.8,97.1,87.4,93.2,100.3,100.6,95.1,88.9,96.1,90.4,90.6,87.1,85.4,83.7,81.1,78.7,76.7,74.3,72.2,69.8,67.1,64.8,62.6,58.0,54.1,53.1,53.8,54.9
07:31:48.011,115.9,95.4,108.2,107.4,109.5,107.3,106.9,107.8,102.0,102.3,96.2,97.7,92.8,85.4,93.3,99.1,99.8,97.3,89.9,96.3,90.2,92.4,90.4,86.7,85.2,82.9,80.5,79.3,77.6,75.3,72.4,67.4,65.0,62.1,58.8,55.0,53.4,53.9,54.7
07:31:49.011,114.4,94.1,107.8,100.9,102.2,104.4,103.9,101.5,101.9,100.9,99.2,96.2,95.6,86.2,91.1,98.6,99.0,94.4,89.0,93.7,89.6,90.3,88.2,86.3,84.8,82.2,80.5,78.4,76.1,73.7,71.1,68.1,65.9,62.8,59.5,56.6,54.2,53.9,54.8
07:31:50.011,114.6,91.6,107.2,104.8,103.3,100.3,105.8,107.1,105.1,103.7,101.2,99.4,92.5,86.6,88.4,96.4,96.9,94.3,89.4,91.4,86.1,87.3,85.3,82.7,81.1,78.9,77.5,74.4,71.9,68.0,64.6,60.2,56.8,54.1,51.7,51.8,52.6,53.7,54.7
07:31:51.011,115.3,91.5,106.8,99.6,105.0,107.6,104.7,102.3,105.8,104.1,101.1,96.7,93.6,85.4,93.5,96.9,96.4,91.9,89.1,92.1,86.8,87.2,85.1,82.8,82.3,78.5,77.5,76.4,75.0,71.8,69.2,65.6,63.3,60.2,56.2,54.3,53.6,53.9,54.9
07:31:52.011,113.5,90.1,105.7,107.1,107.9,100.9,98.0,101.4,102.3,101.9,100.6,95.5,92.1,85.0,92.2,96.7,97.1,92.0,87.3,90.5,83.6,84.5,82.3,80.2,79.0,78.1,75.3,73.2,72.1,68.8,66.3,62.8,59.7,56.5,53.5,52.2,52.6,53.6,54.7
07:31:53.011,112.7,88.7,104.8,103.7,104.7,103.2,103.2,103.0,102.9,100.4,95.4,94.2,88.2,84.7,89.4,94.7,95.2,89.9,85.9,91.3,84.6,85.0,80.0,77.5,77.1,74.5,73.0,70.8,69.6,66.2,62.8,59.1,56.2,52.9,51.5,52.0,52.8,53.7,54.8
07:31:54.011,111.7,88.5,103.7,100.9,101.9,104.5,102.8,98.1,101.6,98.3,94.7,95.4,91.6,82.8,90.4,94.0,94.6,89.8,85.8,90.1,83.6,84.0,83.7,79.5,78.4,75.4,72.7,70.5,68.6,64.9,62.6,59.5,53.9,52.8,52.3,52.3,52.8,53.7,54.9
07:31:55.011,111.1,88.1,103.2,96.3,100.4,102.3,100.9,99.3,98.3,97.4,96.3,93.0,87.9,81.4,87.7,92.8,93.3,88.8,85.4,88.9,82.4,84.1,80.7,79.6,76.8,74.0,72.5,69.8,67.7,64.9,61.8,57.6,53.7,51.4,51.1,51.5,52.7,53.8,54.7
07:31:56.011,109.7,86.8,102.3,101.6,94.9,96.1,98.5,100.2,97.7,98.7,98.7,89.3,86.7,79.9,86.7,94.2,92.8,88.0,85.1,87.5,81.4,81.7,79.9,78.4,76.9,74.7,72.7,69.8,67.7,63.3,58.4,52.7,50.0,50.1,50.8,51.7,52.5,53.7,54.8
07:31:57.011,108.5,85.8,101.6,97.6,96.1,98.4,101.8,99.4,98.0,98.5,94.8,90.8,88.7,80.6,89.8,93.5,91.9,87.6,86.0,86.3,81.1,82.5,80.2,75.7,72.5,70.2,67.2,63.1,58.6,54.4,52.4,50.2,49.1,49.6,50.6,51.7,52.8,53.7,54.8
07:31:58.011,108.6,85.8,101.6,94.1,95.6,98.8,101.0,97.9,100.3,98.5,95.0,89.4,84.2,81.8,89.9,89.8,89.6,86.1,83.8,87.2,81.5,82.8,80.7,77.3,76.1,71.6,70.0,67.8,64.4,59.7,55.7,51.8,49.8,49.9,50.6,51.6,52.8,53.5,54.7
07:31:59.011,109.5,82.3,100.5,99.5,100.9,98.4,99.3,97.9,98.8,97.0,93.5,91.0,86.8,80.6,85.9,90.4,91.2,85.2,82.7,83.8,76.1,76.0,74.9,71.1,68.2,64.3,62.1,57.7,53.6,49.7,48.7,48.2,49.1,49.6,50.8,51.8,52.8,53.7,54.7
07:32:00.011,108.4,82.4,100.7,96.7,98.5,101.6,100.0,97.9,100.0,98.9,94.6,90.7,85.6,80.0,84.6,91.5,90.1,83.8,80.2,82.7,77.0,78.2,76.4,73.7,70.8,69.0,66.7,64.2,58.2,52.3,49.1,48.3,49.0,49.7,50.6,51.7,52.8,53.8,54.6
07:32:01.011,107.9,81.3,98.5,97.0,92.3,99.3,101.5,97.4,93.9,94.0,90.6,90.1,84.6,77.5,84.2,88.3,87.3,83.3,81.3,83.1,76.8,76.4,74.4,71.9,69.1,65.1,63.0,58.9,54.7,49.9,48.4,47.9,48.8,49.6,50.6,51.8,52.8,53.8,54.8
07:32:02.011,107.3,81.5,99.7,93.4,98.9,101.2,99.1,99.3,98.6,94.6,90.7,87.9,83.8,78.7,87.5,90.5,89.2,82.6,80.1,82.7,77.4,75.4,74.4,70.7,67.4,65.3,63.8,61.2,57.4,52.0,49.9,48.5,48.9,49.8,50.8,51.6,52.6,53.8,54.9
07:32:03.011,107.2,81.8,98.8,97.3,95.4,96.3,96.5,95.4,97.4,93.9,91.4,85.5,83.8,77.7,84.4,90.3,88.4,84.2,81.6,83.9,78.2,78.2,75.0,71.4,69.4,66.8,64.3,61.7,58.1,53.3,50.1,48.8,49.0,49.8,50.7,51.7,52.8,53.8,54.8
07:32:04.011,105.8,79.9,98.2,98.7,92.3,91.1,93.1,95.6,96.8,93.3,92.9,86.6,82.4,78.3,84.5,89.2,87.8,81.1,78.6,79.7,75.5,75.3,71.2,70.1,67.4,64.6,62.1,59.7,54.3,50.4,47.4,47.9,48.5,49.7,50.6,51.9,52.8,53.8,54.8
07:32:05.011,106.2,78.4,98.8,97.2,96.1,92.6,90.9,94.3,96.2,97.8,87.2,88.7,81.9,78.5,84.8,86.3,86.9,79.4,78.6,79.6,73.9,73.2,70.5,67.6,64.8,62.0,58.4,54.8,49.8,47.1,47.1,47.9,48.7,49.8,50.6,51.7,52.6,53.9,54.8
07:32:06.011,106.1,78.7,97.3,92.3,94.3,97.7,95.2,94.2,97.6,93.6,89.7,87.6,79.8,76.7,82.8,88.7,87.7,80.7,77.7,78.8,74.0,73.6,72.3,68.8,67.0,64.9,62.2,58.7,53.8,49.0,47.5,47.8,48.7,49.7,50.7,51.6,52.6,53.7,54.8
07:32:07.011,104.7,77.4,96.2,94.3,96.0,96.4,94.9,92.1,93.8,93.3,90.0,84.0,83.8,75.7,83.2,84.5,85.1,81.0,76.3,78.4,73.9,72.6,70.1,66.8,61.1,56.7,50.9,48.1,46.5,45.9,46.9,47.9,49.0,50.0,50.8,51.7,52.8,53.8,54.8
07:32:08.011,105.1,75.4,95.9,95.3,95.3,97.0,96.3,91.9,95.3,92.4,89.2,84.9,80.6,76.9,82.9,84.0,83.4,78.7,75.1,75.8,71.0,68.8,67.1,64.5,60.7,57.6,53.6,50.4,48.3,46.7,47.2,47.5,48.7,49.7,50.7,51.8,52.7,53.9,54.8
07:32:09.011,104.8,75.8,95.2,90.7,96.4,97.6,96.5,92.6,92.5,89.9,89.5,85.6,80.8,76.3,84.1,85.1,83.5,77.2,74.2,76.7,70.6,70.5,67.6,64.6,64.1,61.8,58.8,54.6,48.9,47.1,47.0,47.6,48.7,50.0,50.7,51.8,52.8,53.7,54.7
07:32:10.011,105.5,76.2,95.6,99.0,99.7,95.5,95.6,92.7,92.9,95.6,87.6,88.1,80.1,76.0,83.5,84.8,84.5,77.0,77.1,78.5,70.8,70.2,68.4,64.7,58.7,54.3,49.6,46.3,45.6,46.0,47.0,47.6,48.6,49.7,50.5,51.7,52.7,53.6,54.9
07:32:11.011,106.0,78.0,96.7,96.4,95.1,96.7,96.1,92.1,94.2,95.5,90.5,82.3,82.1,76.4,81.3,85.4,84.1,79.7,77.0,79.4,73.4,73.0,73.1,70.0,66.9,64.1,59.6,56.7,53.1,48.7,47.4,47.9,49.0,49.8,50.7,51.8,52.7,53.7,54.7
07:32:12.011,105.9,76.0,95.3,91.0,94.7,95.3,92.7,97.1,95.2,91.5,87.0,83.2,75.5,74.6,82.4,84.5,84.7,78.1,76.3,75.4,72.0,72.3,69.3,65.8,63.1,59.8,54.7,51.0,49.1,47.5,47.4,47.9,48.9,49.7,50.7,51.9,52.9,53.7,54.6
07:32:13.011,105.3,75.4,94.9,91.2,91.1,91.9,94.4,92.7,93.6,89.9,84.9,82.8,77.1,74.5,78.4,82.4,83.8,75.2,74.5,75.7,71.5,70.6,68.0,65.0,60.6,56.4,52.7,49.3,47.1,46.4,46.8,47.7,48.8,49.6,50.6,51.8,52.8,53.8,54.8
07:32:14.011,103.5,72.9,93.0,92.3,96.1,95.6,91.4,90.0,91.1,90.6,85.0,82.2,76.9,75.9,79.4,83.1,80.4,74.2,73.6,74.1,68.7,67.8,64.2,60.1,56.8,54.9,50.9,46.8,45.6,46.0,46.9,48.0,48.5,49.8,50.8,51.7,52.7,53.9,54.7
07:32:15.011,104.9,72.8,94.9,95.7,97.2,97.2,94.9,94.4,93.0,91.7,87.4,82.3,78.5,73.8,80.6,83.0,82.9,75.0,73.2,73.1,68.8,66.6,64.1,60.7,57.5,54.0,48.5,46.9,45.3,45.6,46.9,47.8,48.9,49.9,50.8,51.7,52.9,53.7,54.8
07:32:16.011,102.6,72.9,92.7,93.0,91.4,95.8,95.3,87.8,89.8,86.4,85.1,80.7,77.2,74.4,81.8,82.5,80.7,75.4,72.8,72.9,67.4,64.2,63.7,60.7,56.8,52.4,48.3,45.8,45.4,45.9,46.6,47.6,48.7,49.6,50.6,51.7,52.8,53.7,54.7
07:32:17.011,103.5,72.7,93.4,89.4,93.9,95.2,94.3,91.9,91.7,91.3,84.9,84.1,78.5,74.5,79.3,80.9,80.7,74.3,73.8,74.5,67.6,65.8,63.5,60.9,56.4,52.5,48.0,45.7,45.3,46.2,47.1,47.7,48.8,49.8,50.9,51.7,52.7,53.9,54.7
07:32:18.011,102.3,72.8,93.2,90.6,92.9,94.4,94.6,94.9,92.3,86.4,84.4,81.3,77.4,74.6,78.6,82.7,81.3,73.6,74.1,73.5,67.8,65.8,64.0,59.6,55.8,51.5,47.9,45.5,45.0,45.8,46.8,47.7,48.9,49.9,50.7,51.7,52.8,53.8,54.7
07:32:19.011,102.5,70.1,92.6,87.1,91.3,93.1,92.9,93.2,90.3,89.5,85.4,80.4,76.3,73.9,75.4,79.8,80.8,73.9,71.5,69.5,64.4,62.8,59.6,56.2,52.5,47.8,44.6,44.4,44.9,46.2,46.6,47.8,48.7,49.9,50.9,51.8,52.8,53.7,54.8
07:32:20.011,103.4,71.3,92.0,91.5,89.8,91.7,94.1,89.9,86.9,86.0,83.7,78.3,74.7,70.1,78.2,81.1,80.7,72.2,72.8,72.3,66.9,64.6,61.7,56.7,53.9,49.3,46.1,45.4,45.5,46.1,46.7,47.8,48.8,49.6,50.6,51.6,52.8,53.8,54.7
07:32:21.011,103.7,69.7,91.1,98.8,96.6,93.7,88.9,92.9,91.0,88.9,82.5,82.3,72.6,72.7,77.5,79.4,77.9,74.0,70.8,70.6,66.6,64.3,59.8,57.3,51.7,48.2,45.3,45.0,45.3,46.0,47.1,47.9,48.7,49.5,50.6,52.0,52.6,53.8,54.9
07:32:22.011,100.9,69.0,90.9,94.0,92.7,91.5,86.7,90.6,94.3,85.1,85.2,79.1,77.1,72.8,77.3,79.1,78.1,71.9,70.0,69.6,64.5,62.8,59.5,55.5,51.2,47.0,45.2,44.9,45.2,46.1,47.1,47.7,48.7,49.5,50.6,51.8,52.7,53.6,54.6
07:32:23.011,102.2,71.3,91.0,91.1,92.5,91.5,89.3,85.3,89.6,88.4,87.3,79.8,74.3,71.8,79.4,80.6,81.1,73.6,72.9,72.3,68.4,66.0,63.0,56.5,52.2,48.4,45.5,45.6,45.4,46.4,46.9,47.9,48.5,49.4,50.9,51.7,52.6,53.7,54.8
07:32:24.011,100.8,70.3,90.6,88.4,90.1,94.4,92.8,91.4,88.1,81.0,85.3,80.2,75.4,72.4,78.8,80.0,78.0,72.5,71.8,71.9,66.2,66.1,62.1,57.6,53.2,48.8,46.0,44.7,44.7,45.8,46.8,47.7,48.9,50.0,50.8,51.8,52.8,53.8,54.8
07:32:25.011,101.6,70.1,91.0,90.5,94.2,96.6,94.1,91.7,91.8,85.7,81.7,81.9,75.0,71.0,77.0,78.5,79.8,73.3,72.7,71.2,66.3,64.4,60.7,55.8,51.2,45.9,43.8,44.4,45.0,46.3,47.2,48.0,49.1,49.6,50.6,51.6,52.7,53.9,54.9
07:32:26.011,103.7,69.6,91.7,97.9,99.3,96.4,92.7,92.5,93.4,86.4,84.7,81.6,73.1,72.8,76.5,79.3,78.0,71.2,70.7,70.5,65.3,62.8,59.5,54.4,49.1,44.9,44.5,44.5,45.0,46.3,46.7,47.8,48.8,49.7,50.4,51.6,52.6,53.7,54.8
07:32:27.011,101.2,67.8,90.6,90.5,89.4,87.7,91.4,91.3,90.7,86.6,83.8,77.4,76.2,70.6,77.6,78.6,76.1,69.6,69.0,68.1,63.2,60.2,58.5,53.0,46.7,43.2,43.9,44.5,45.1,46.4,47.0,47.8,48.7,49.9,51.0,51.5,52.5,53.8,54.8
07:32:28.011,100.5,67.8,89.3,92.4,91.9,88.2,86.4,89.4,88.9,83.7,78.1,77.7,73.5,72.1,73.7,76.6,76.2,70.3,69.5,67.5,61.2,59.1,55.8,52.3,48.2,45.4,44.0,44.3,45.0,45.7,47.0,48.0,48.9,49.7,50.8,51.7,52.7,53.8,54.9
07:32:29.011,100.8,66.7,88.7,91.4,95.7,90.9,84.5,85.1,87.3,82.0,81.5,79.6,73.9,72.1,75.5,76.0,73.7,67.1,67.6,66.9,61.7,59.0,55.7,50.7,45.4,42.9,43.9,44.7,45.2,46.1,46.5,47.8,48.6,49.8,50.8,51.7,52.8,53.7,54.7
07:32:30.011,99.2,65.3,89.1,91.4,93.2,89.4,90.6,91.9,87.9,85.8,84.8,76.5,73.0,70.3,73.1,76.3,74.7,68.7,66.3,66.3,58.2,55.4,51.4,48.0,44.3,43.4,43.5,44.0,44.9,45.9,46.8,47.6,48.7,49.8,50.7,51.7,52.9,53.7,54.7
07:32:31.011,99.6,65.6,88.1,90.7,92.3,90.6,84.1,89.1,87.7,80.7,82.6,75.4,71.8,69.3,76.5,76.4,75.0,68.1,66.8,62.7,58.2,55.6,51.8,47.3,43.6,42.5,42.6,43.6,45.3,46.1,46.9,47.9,48.4,49.7,50.7,51.6,52.9,53.9,54.6
07:32:32.011,98.9,66.1,87.7,87.1,91.4,90.7,93.7,88.4,79.1,81.9,77.1,75.3,74.0,70.8,74.7,76.3,75.6,68.7,66.6,65.6,59.8,56.9,53.6,48.2,43.9,43.1,43.6,44.4,45.1,45.9,47.2,47.9,48.8,49.5,50.7,51.6,52.8,53.8,54.8
07:32:33.011,99.6,65.7,88.0,87.6,89.6,93.0,89.7,86.4,87.0,85.5,81.0,78.1,70.7,70.2,76.3,77.2,76.0,68.5,65.8,65.7,58.8,56.1,52.3,47.0,43.2,43.0,43.5,44.3,44.6,45.8,47.0,47.7,48.7,49.7,50.8,51.9,52.7,53.8,54.8
07:32:34.011,101.6,65.0,88.8,90.4,90.3,90.7,90.6,89.8,86.6,84.4,81.5,78.5,72.2,71.6,73.5,74.6,73.4,66.4,65.6,64.1,57.9,54.8,50.6,46.1,42.2,42.6,43.2,44.1,45.1,45.9,46.8,47.7,48.9,49.6,50.5,51.6,52.6,53.8,54.7
07:32:35.011,99.4,66.3,89.5,85.8,90.4,87.3,88.3,92.5,89.5,86.0,79.4,77.2,69.7,69.5,75.6,74.7,77.4,69.2,65.1,64.5,59.7,55.4,52.1,47.9,42.8,42.8,42.8,44.0,44.9,45.6,47.1,47.6,48.7,49.9,50.7,51.7,52.8,53.7,54.9
07:32:36.011,98.1,65.6,88.0,88.3,90.1,89.3,89.2,86.9,83.2,81.8,81.9,79.4,74.2,70.2,75.6,75.1,75.0,66.8,66.3,64.1,58.7,56.2,51.5,45.4,42.4,42.5,43.0,43.7,45.1,45.6,46.9,48.0,48.6,49.5,50.5,51.8,52.6,53.7,54.8
07:32:37.011,100.4,66.3,88.9,86.3,89.5,91.9,91.9,82.6,87.9,85.6,81.3,77.4,72.4,69.3,76.0,78.0,76.1,68.0,67.3,67.2,59.3,55.3,50.6,44.7,42.4,43.0,43.4,44.0,45.0,45.9,47.1,47.8,48.8,49.7,50.8,51.9,52.6,53.9,54.8
07:32:38.011,98.9,65.1,87.7,91.0,88.9,90.8,91.6,89.1,85.4,83.5,82.5,76.7,71.6,72.0,74.9,73.4,73.5,68.8,68.1,64.8,58.0,53.5,50.8,45.2,42.1,42.6,43.6,44.4,45.0,46.0,46.7,47.7,48.7,49.7,50.7,51.9,52.7,53.7,54.7
07:32:39.011,98.4,65.3,87.9,91.1,90.5,88.7,84.9,86.7,90.3,83.6,81.4,75.3,72.9,68.7,72.4,74.2,76.1,67.7,66.6,65.5,57.6,54.4,51.4,46.6,42.4,42.9,43.6,44.5,44.8,45.8,47.0,48.1,49.0,49.9,50.9,51.9,52.7,53.7,54.8
07:32:40.011,100.8,65.3,87.1,85.6,89.6,89.6,90.2,89.2,82.0,83.0,81.3,76.7,73.2,69.2,75.3,76.0,74.0,67.9,67.1,66.3,60.3,56.4,53.8,49.4,45.4,44.7,43.4,44.4,45.0,46.2,47.0,47.6,48.5,49.9,50.6,51.7,52.7,53.7,54.8
07:32:41.011,99.5,64.8,88.1,81.9,89.0,85.8,81.9,87.9,85.9,86.3,80.9,75.9,70.1,69.5,74.9,76.4,74.1,66.6,65.0,64.2,56.9,53.9,49.1,43.9,41.7,42.1,43.2,43.9,44.9,45.6,46.9,48.1,48.7,49.9,50.8,51.7,52.8,53.6,54.8
07:32:42.011,101.3,65.1,87.2,93.2,87.7,88.5,86.5,89.7,86.6,84.5,81.6,77.1,71.2,67.3,75.2,76.3,73.2,66.9,67.4,67.6,60.0,56.0,52.4,48.2,44.8,43.3,43.8,44.3,44.6,46.0,46.8,47.9,48.8,49.7,50.7,51.9,52.6,53.8,54.8
07:32:43.011,99.7,64.6,86.7,90.1,88.4,92.5,89.7,86.2,83.3,80.0,77.7,76.0,71.9,68.0,72.3,75.2,73.1,68.3,66.1,65.4,58.6,53.7,49.4,44.9,42.3,42.8,43.5,44.8,45.3,45.7,46.7,47.8,48.6,49.7,50.9,51.8,52.9,53.8,54.8
07:32:44.011,100.2,63.8,88.5,91.4,90.3,86.9,88.4,92.0,90.5,86.8,79.6,76.3,69.7,69.9,74.6,75.6,72.9,65.8,63.8,62.4,56.1,51.5,47.8,43.6,42.7,42.5,43.6,44.5,45.0,45.6,47.2,48.0,48.7,49.8,50.6,51.8,52.8,53.8,54.7
07:32:45.011,98.1,63.7,87.4,90.7,91.5,88.5,90.1,89.7,86.5,82.3,80.0,75.8,70.6,66.2,72.1,74.4,73.4,66.7,63.7,62.7,53.9,49.7,45.7,41.8,41.7,42.1,43.0,44.6,45.3,45.9,47.0,47.8,48.7,49.5,50.7,51.8,52.6,53.7,54.7
07:32:46.011,96.8,63.2,85.5,88.5,86.9,85.0,85.8,85.0,82.7,83.4,79.3,78.0,70.0,66.7,71.2,73.1,73.4,65.9,63.3,60.4,54.0,50.4,46.4,43.5,41.7,42.9,43.4,44.0,44.9,46.2,46.8,47.9,48.7,49.6,50.8,51.9,52.7,53.7,54.8
07:32:47.011,97.2,64.5,86.5,84.6,89.6,90.9,85.1,87.6,84.4,82.2,79.7,76.9,71.8,68.8,73.0,75.6,74.8,66.2,65.4,64.2,56.1,52.0,46.5,43.2,41.7,42.5,43.6,44.0,45.2,45.8,47.1,47.4,48.9,49.8,50.7,51.7,52.9,53.7,54.7
07:32:48.011,99.4,64.4,86.4,90.0,86.3,87.6,85.5,83.1,78.7,80.6,76.6,78.7,73.2,68.3,72.6,75.5,73.6,65.4,65.7,64.0,55.8,50.9,46.2,42.4,42.5,43.0,43.3,44.1,45.2,46.1,46.6,47.7,48.6,49.5,50.7,51.8,52.8,53.7,54.8
07:32:49.011,98.8,63.9,86.7,88.6,89.8,87.1,83.8,86.9,86.9,82.3,81.3,74.8,72.1,68.5,73.1,74.4,71.4,64.7,64.7,64.0,56.1,51.3,48.8,44.1,41.8,42.5,43.4,44.2,44.8,46.0,46.9,47.8,48.4,49.6,50.6,51.8,52.7,53.7,54.9
07:32:50.011,97.4,63.7,86.8,84.5,90.4,89.8,85.8,85.2,83.5,80.9,82.5,77.2,72.9,67.9,73.9,71.5,72.7,65.6,64.3,62.2,57.0,53.5,49.4,44.7,42.8,42.0,43.2,44.0,45.3,46.0,46.8,47.6,48.6,49.5,50.7,51.7,52.8,53.6,54.8
07:32:51.011,99.1,63.4,85.7,87.2,91.2,89.1,82.1,82.4,80.6,81.3,79.0,76.5,73.1,69.1,72.8,74.9,71.2,64.5,63.5,62.0,54.9,50.9,46.6,42.7,42.0,42.6,43.5,44.2,45.0,45.9,46.9,48.0,48.9,49.5,50.8,51.6,52.8,53.8,54.7
07:32:52.011,98.0,63.0,84.7,89.0,89.1,84.3,84.2,82.7,79.5,77.8,80.5,74.8,71.1,64.1,69.9,72.2,70.9,64.6,62.1,60.7,54.6,49.2,46.4,42.2,41.9,42.8,43.1,44.5,45.2,46.0,46.8,47.7,48.8,49.8,50.9,51.8,52.8,53.7,54.8
07:32:53.011,97.9,63.1,86.6,92.9,91.7,85.4,87.2,86.1,83.8,87.0,78.8,75.5,68.7,67.9,71.6,72.4,70.7,64.2,60.9,60.6,51.9,46.9,44.2,41.9,41.9,42.6,43.4,43.8,45.1,45.8,47.0,47.6,48.7,49.8,50.6,51.8,52.9,53.7,54.8
07:32:54.011,97.3,62.3,85.6,84.2,90.4,88.4,84.4,86.5,83.3,80.3,79.3,75.3,69.7,67.9,71.9,72.7,70.8,63.3,59.5,58.7,51.7,47.1,43.9,41.7,42.0,43.0,43.3,44.4,44.8,46.0,46.7,47.7,48.9,49.9,50.8,51.7,52.8,53.6,54.7
07:32:55.011,97.5,63.0,86.1,88.3,91.4,90.1,85.2,85.8,83.8,82.7,81.4,75.3,69.4,68.1,72.4,73.4,71.7,64.6,62.5,62.0,55.5,51.7,46.2,43.5,42.6,42.4,43.2,43.9,44.8,45.9,46.9,48.0,48.7,49.6,50.6,51.7,52.7,53.7,54.7
07:32:56.011,95.9,62.9,84.6,81.5,80.4,84.8,88.6,85.8,82.9,79.9,77.8,71.4,68.8,67.1,72.9,73.1,70.6,64.6,63.5,62.0,55.4,50.6,46.8,42.3,41.7,42.5,43.0,43.6,44.8,45.9,46.7,47.7,48.5,49.6,50.6,51.8,52.8,53.5,54.7
07:32:57.011,96.0,62.3,86.0,84.7,89.4,90.7,85.1,87.8,86.5,85.3,79.1,73.7,66.3,65.9,69.8,73.3,72.4,63.6,60.7,59.4,53.3,47.3,44.1,40.6,41.7,42.4,43.2,43.7,45.0,46.1,46.7,47.5,48.8,49.8,50.8,51.7,52.7,53.7,54.7
07:32:58.011,96.5,62.6,85.2,88.2,86.9,86.0,86.6,87.5,82.2,79.2,79.5,73.1,67.4,66.4,71.1,73.0,70.3,62.4,61.8,60.6,54.0,50.0,45.8,42.3,41.7,42.5,43.2,44.2,44.8,45.6,46.4,47.7,49.0,49.8,50.7,51.9,52.5,53.8,54.7
07:32:59.011,95.5,62.7,84.6,82.2,85.9,84.7,81.8,83.7,84.0,82.4,78.7,72.4,68.1,65.0,70.2,71.5,70.4,64.0,61.8,59.8,53.4,49.4,44.6,41.2,40.8,41.9,43.5,44.3,45.3,45.8,46.7,47.8,48.5,49.6,50.7,51.7,52.7,53.8,54.8
07:33:00.011,98.1,62.5,85.4,90.9,89.2,84.8,83.4,85.4,83.1,82.6,79.2,76.2,67.6,67.0,69.0,73.0,70.5,62.3,61.8,61.7,52.2,48.0,44.4,42.3,41.6,42.7,43.1,44.5,44.9,45.9,46.5,47.5,48.8,49.8,50.7,51.8,52.7,53.9,54.7
07:33:01.011,95.7,61.8,84.1,90.2,87.9,84.6,81.8,81.8,82.2,82.1,79.1,73.4,68.7,64.4,69.8,72.2,69.3,62.2,59.0,57.4,49.8,45.3,41.8,40.9,40.8,42.7,43.3,44.2,45.2,46.2,46.9,47.7,48.7,49.8,50.5,51.7,52.9,53.7,54.6
07:33:02.011,96.9,62.5,83.9,85.1,86.1,85.6,81.1,84.8,80.2,79.7,77.7,74.7,70.5,68.4,73.5,71.8,72.7,64.1,60.5,60.0,53.3,49.6,44.1,41.3,41.5,42.9,42.8,43.9,44.9,46.2,46.8,47.6,48.8,49.9,50.9,51.9,52.7,53.7,54.8
07:33:03.011,95.9,61.8,85.9,79.2,79.4,84.9,88.9,89.7,86.1,80.8,77.3,72.7,67.9,66.9,71.2,70.2,69.3,61.5,59.1,58.5,52.5,48.3,44.1,42.1,41.5,42.0,43.6,44.7,45.0,45.4,46.9,47.9,49.1,49.7,50.7,51.6,52.8,53.8,54.8
07:33:04.011,97.2,61.8,83.9,87.4,88.7,90.1,87.9,83.5,81.2,75.1,74.4,72.1,69.0,66.6,70.5,72.6,70.9,61.9,60.0,57.6,49.3,44.8,43.2,41.8,41.7,42.6,43.2,44.3,44.9,45.9,47.0,47.7,48.6,49.6,50.7,51.7,52.9,53.7,54.7
07:33:05.011,95.9,61.9,83.2,86.3,84.5,85.1,83.1,79.1,82.0,76.2,76.6,75.5,68.7,64.6,68.7,71.6,71.5,63.5,59.8,58.8,53.2,48.7,43.7,41.5,41.7,42.6,43.8,44.2,45.1,45.8,46.6,47.6,48.7,50.1,50.8,51.5,52.7,53.7,54.8
07:33:06.011,94.8,62.4,84.0,81.6,81.3,83.8,83.5,83.0,84.1,81.6,77.5,74.3,69.3,65.9,71.2,72.2,69.5,62.9,61.0,60.7,54.0,49.9,46.2,42.4,42.3,42.8,43.8,44.9,45.4,46.3,46.6,47.6,48.7,49.3,50.8,51.7,52.7,53.8,54.7
07:33:07.011,95.7,62.3,85.0,86.4,87.8,85.2,87.3,86.9,84.1,81.5,78.1,73.6,68.9,64.0,70.9,72.8,70.6,63.9,60.8,59.5,53.3,48.3,45.7,42.3,42.5,43.0,43.2,45.0,45.0,46.1,47.1,47.9,48.8,49.8,50.6,51.6,52.7,53.7,54.7
07:33:08.011,95.5,62.4,84.5,86.4,87.3,86.9,86.5,84.4,86.0,80.0,77.3,75.1,69.3,65.9,70.4,72.4,70.6,64.8,60.6,58.5,52.2,48.3,47.1,45.2,45.1,44.5,45.5,45.6,45.1,46.5,47.0,47.8,48.6,49.8,50.8,51.6,52.8,53.8,54.8
07:33:09.011,94.9,62.5,83.6,88.7,88.7,84.7,84.3,83.9,82.6,78.3,78.5,74.7,67.7,66.1,71.4,69.7,69.2,62.4,62.2,60.9,53.4,50.7,47.9,46.7,43.4,46.2,47.3,45.9,46.3,46.4,47.3,47.8,48.7,49.8,50.8,51.9,52.9,53.7,54.7
07:33:10.011,96.0,62.3,84.2,86.8,89.5,88.0,83.3,82.5,82.1,81.8,75.7,73.9,68.7,66.8,70.9,72.0,71.8,60.7,59.3,57.9,51.7,46.5,43.9,41.5,42.0,43.0,44.2,44.9,45.6,46.4,47.2,47.9,48.8,49.8,50.7,51.7,52.5,53.8,54.8
07:33:11.011,95.4,61.7,83.5,80.7,83.1,87.8,88.4,80.3,82.2,77.1,79.6,71.6,70.3,65.4,69.3,72.0,70.9,63.0,59.9,58.8,51.6,47.1,44.6,41.3,40.9,43.2,44.3,45.0,45.2,46.3,47.3,47.9,48.8,49.7,50.6,51.7,52.8,53.7,54.9
07:33:12.011,96.0,62.2,84.1,75.4,83.3,85.7,85.6,85.5,83.2,77.2,75.6,78.3,70.7,65.7,71.3,71.6,70.5,63.8,61.1,60.7,53.0,49.4,46.1,42.7,42.2,43.8,44.5,45.9,45.5,46.3,47.1,48.1,48.8,49.8,50.8,51.8,52.6,53.8,54.7
07:33:13.011,94.4,61.4,84.3,81.2,82.9,80.2,84.9,85.5,85.2,80.0,76.8,71.8,67.2,64.1,70.1,71.1,67.3,61.7,58.2,55.6,47.9,46.2,43.5,42.2,41.8,42.4,43.8,44.5,45.0,46.1,47.1,47.8,48.6,49.8,50.6,51.8,52.8,53.8,54.7
07:33:14.011,95.6,61.4,84.4,88.2,88.3,86.0,79.1,81.7,86.2,84.1,74.2,72.2,69.9,64.6,69.7,71.5,69.3,62.0,58.4,57.8,49.9,45.3,43.5,41.6,42.3,42.6,43.9,44.7,45.1,45.9,46.8,48.0,48.7,49.5,50.6,51.7,52.8,53.7,54.8
07:33:15.011,97.2,62.0,84.4,83.7,88.5,90.4,87.0,83.8,81.9,83.0,77.1,72.9,66.7,65.4,71.5,72.2,69.2,62.6,60.3,58.2,51.6,48.4,43.9,42.2,41.5,42.4,43.7,44.7,45.1,46.0,46.7,47.6,48.8,49.9,50.7,51.6,52.8,53.7,54.7
07:33:16.011,97.6,62.3,84.1,88.7,90.2,87.1,81.7,83.8,82.0,80.1,78.9,75.5,68.4,65.5,71.2,71.9,71.9,61.6,60.5,59.3,52.7,49.4,46.1,43.2,42.4,42.9,44.0,44.5,45.9,46.6,47.0,47.8,48.6,49.8,50.5,51.7,52.6,53.9,54.8
07:33:17.011,95.0,62.5,83.0,84.6,88.7,87.5,81.9,80.9,81.3,76.7,74.0,75.2,70.1,64.0,69.4,71.5,71.7,64.1,60.0,59.6,52.6,48.9,45.9,43.6,42.2,42.6,44.1,44.8,45.2,46.0,47.2,48.0,48.8,49.6,50.6,51.8,52.8,53.8,54.7
07:33:18.011,94.7,62.2,82.9,85.0,86.6,85.6,84.3,78.8,81.4,77.5,77.0,73.1,69.6,66.0,69.0,70.8,70.2,62.0,60.4,61.1,52.7,48.8,46.9,42.7,42.2,42.5,43.9,44.5,45.1,46.0,47.0,47.6,48.7,49.9,50.7,51.8,52.8,53.8,54.9
07:33:19.011,98.2,62.1,84.1,90.3,90.9,87.6,86.1,85.0,83.7,75.5,76.6,77.0,70.5,61.8,72.0,71.8,70.7,62.9,61.9,60.9,51.8,48.5,45.7,43.0,42.0,43.0,44.3,45.1,45.9,46.4,47.2,47.9,48.8,49.7,50.6,51.6,52.7,53.8,54.8
07:33:20.011,95.5,62.7,84.0,85.0,82.3,82.3,86.3,84.8,79.1,78.2,77.9,73.5,68.9,62.3,68.6,70.6,71.3,63.5,60.6,59.6,52.9,47.2,44.3,41.8,41.4,42.9,43.6,44.3,45.3,46.0,47.2,47.9,48.7,49.6,50.6,51.7,52.7,53.8,54.8
07:33:21.011,95.5,62.3,84.0,82.3,87.0,86.2,84.2,80.7,77.7,77.4,78.4,71.0,70.1,62.8,68.0,72.5,68.8,61.4,59.6,58.5,52.0,46.7,43.8,41.6,42.0,43.2,43.0,44.3,45.1,45.9,47.1,47.7,48.9,49.9,50.7,51.7,52.7,53.8,54.8
07:33:22.011,94.5,61.4,82.2,83.4,86.2,86.2,84.5,80.8,78.8,77.7,73.8,73.3,69.8,64.3,67.0,69.1,68.3,61.8,59.9,57.1,48.1,45.9,42.7,42.0,42.7,42.6,44.1,44.7,45.7,46.5,47.0,47.7,49.0,49.5,50.7,51.8,52.8,53.7,54.6
07:33:23.011,95.7,61.7,83.0,83.1,86.6,89.7,84.4,81.0,81.3,78.6,74.7,72.8,69.0,62.2,70.8,70.5,69.4,61.6,59.9,59.6,50.6,48.0,43.8,42.4,42.5,42.9,43.2,44.1,45.4,45.9,47.0,48.0,48.8,49.7,50.8,51.6,52.6,53.7,54.7
07:33:24.011,96.6,62.0,84.1,87.5,92.2,91.8,86.8,82.8,83.1,78.0,72.6,68.7,65.6,63.2,69.2,71.5,70.0,62.0,59.6,60.2,52.6,47.9,45.1,42.5,42.2,42.7,43.8,44.6,45.6,46.3,46.9,47.8,48.7,49.7,50.9,51.8,52.6,53.7,54.8
07:33:25.011,94.6,61.5,82.6,86.6,82.8,81.3,84.1,81.0,82.6,79.3,76.7,75.0,65.1,63.5,67.5,70.0,68.3,61.4,58.8,59.8,49.4,44.5,42.4,41.8,41.7,43.1,43.8,44.6,45.5,46.1,47.0,48.1,48.8,49.5,50.8,51.6,52.7,53.8,54.8
07:33:26.011,95.9,61.7,83.7,88.1,87.3,84.3,84.4,82.5,84.1,80.5,77.8,71.6,68.6,65.0,69.8,70.5,69.9,63.2,58.7,58.0,51.5,48.1,44.4,42.0,42.7,44.2,46.1,46.5,45.5,46.5,47.0,48.1,48.7,49.8,50.8,51.7,52.8,53.9,54.8
07:33:27.011,95.9,61.5,82.8,87.4,87.7,89.0,85.0,85.4,80.1,76.6,75.9,71.9,68.4,63.4,70.4,70.3,68.5,60.8,56.5,57.2,49.6,46.5,44.6,45.4,44.3,45.1,47.6,46.8,47.3,47.4,47.1,47.7,48.8,49.5,50.8,51.9,52.8,53.6,54.8
07:33:28.011,94.3,61.4,82.6,85.5,88.6,87.5,83.1,80.1,81.0,77.6,74.6,73.7,67.1,63.3,69.7,67.5,69.4,63.1,58.0,59.1,52.1,48.1,45.5,45.5,44.8,43.4,44.4,45.3,45.6,46.8,47.0,47.6,48.8,49.6,50.7,51.9,52.7,53.7,54.8
07:33:29.011,94.2,61.7,82.5,85.6,85.5,76.3,79.7,79.5,78.6,79.9,73.0,75.1,68.2,60.2,68.1,72.0,68.7,61.7,57.6,57.7,49.9,48.0,44.1,41.7,41.9,43.1,45.0,44.3,46.0,46.3,47.3,48.1,48.6,49.7,50.5,51.5,52.7,53.8,54.8
07:33:30.011,94.4,61.4,82.5,85.8,83.9,83.3,85.5,83.6,80.5,79.6,77.5,71.5,65.0,62.0,70.1,70.8,71.1,61.1,59.0,59.0,51.6,49.4,44.6,42.2,42.2,42.4,44.1,44.5,45.1,46.2,46.9,47.6,48.8,49.8,50.8,51.9,52.7,53.8,54.8
07:33:31.011,92.7,61.0,81.4,82.5,79.6,80.2,83.9,81.5,81.2,75.5,76.2,73.1,69.2,63.8,69.2,68.4,67.3,60.4,57.1,58.0,49.7,47.5,44.2,43.9,41.8,43.8,44.3,45.7,45.6,46.1,46.8,47.9,48.8,50.0,50.7,51.7,52.8,53.7,54.6
07:33:32.011,94.4,61.3,83.4,85.2,88.6,86.0,82.6,86.1,83.6,79.9,75.5,73.5,69.2,63.0,66.6,71.0,69.6,60.7,56.7,56.9,50.7,46.7,43.7,43.7,43.3,43.5,44.8,45.2,46.1,46.3,46.9,47.9,48.8,49.6,50.8,51.9,52.6,53.5,54.7
07:33:33.011,94.3,61.6,81.8,84.9,85.9,84.9,85.7,83.6,76.8,73.5,75.4,74.2,66.3,63.4,69.3,71.0,68.2,62.7,57.7,57.3,49.1,46.6,43.3,43.2,43.1,44.7,46.5,47.3,47.0,47.0,47.1,48.0,49.0,49.8,50.8,51.7,52.7,53.8,54.8
07:33:34.011,94.4,61.4,82.5,81.9,87.4,87.7,85.2,82.6,81.6,79.4,74.5,73.1,65.7,62.3,70.6,70.4,70.4,61.4,59.0,58.7,50.0,47.2,44.5,43.1,43.5,44.0,44.9,46.0,46.0,46.7,47.0,48.1,48.8,49.7,50.7,51.7,52.8,53.7,54.8
07:33:35.011,94.1,61.2,81.8,85.6,83.4,78.2,78.5,78.3,81.4,78.4,76.9,73.9,67.8,61.8,70.7,69.4,68.7,60.5,56.9,56.1,49.0,46.5,46.0,45.4,43.0,43.3,43.9,44.7,45.0,45.9,47.1,47.9,48.8,50.0,50.9,51.7,52.9,53.7,54.7
07:33:36.011,95.9,60.8,80.7,86.9,81.1,82.9,83.5,80.0,78.3,78.7,72.8,70.3,66.4,62.8,67.8,68.6,66.8,60.9,56.5,56.0,47.6,45.9,45.3,45.0,44.7,45.1,47.2,46.0,46.2,46.7,47.1,47.7,49.0,49.6,50.8,51.8,52.7,53.8,54.6
07:33:37.011,94.9,61.7,83.8,87.0,89.1,86.6,84.6,84.8,78.9,80.7,79.3,73.2,67.1,64.2,69.8,71.7,70.3,61.6,58.5,59.0,49.7,47.3,44.8,44.6,43.2,43.9,44.9,45.4,45.5,46.5,47.0,47.6,48.8,49.7,50.8,51.8,52.6,53.6,54.8
07:33:38.011,94.6,62.4,83.2,85.4,83.0,81.2,82.0,83.1,84.8,79.0,76.8,73.6,65.7,61.7,70.1,72.1,71.0,63.1,59.4,59.5,51.4,48.4,45.6,43.3,42.6,44.4,47.1,45.5,45.7,46.1,47.1,47.8,48.8,49.6,50.8,51.6,52.7,53.7,54.8
07:33:39.011,95.1,62.4,83.0,86.9,85.2,86.6,83.2,84.2,81.9,78.8,76.2,72.6,65.8,64.0,70.3,71.9,70.6,64.5,60.7,62.1,52.1,49.4,45.7,44.2,43.7,46.0,45.9,45.7,46.0,46.8,47.1,48.0,48.5,49.8,50.7,51.6,52.9,53.8,54.7
07:33:40.011,93.2,61.9,82.8,82.5,87.6,83.4,79.2,81.6,80.5,79.2,73.8,70.0,66.9,61.0,68.5,72.1,68.4,63.4,59.9,60.7,51.9,50.1,46.4,42.9,43.0,42.7,45.2,45.7,46.8,47.6,47.3,47.9,48.7,49.8,50.7,51.7,52.7,53.7,54.8
07:33:41.011,93.1,60.7,81.2,85.9,83.8,84.2,82.6,79.3,80.2,76.3,75.0,67.7,66.1,63.2,66.3,66.9,66.5,60.5,57.1,54.9,47.5,46.3,43.7,42.5,42.3,43.3,45.3,45.5,46.0,46.5,47.0,47.8,48.6,49.8,50.6,51.7,52.7,53.7,54.7
07:33:42.011,93.3,61.0,80.6,85.6,84.6,82.7,79.9,78.7,77.4,78.9,74.9,71.9,63.3,59.6,64.8,68.6,68.9,60.8,57.4,57.3,49.6,47.2,45.3,43.2,41.8,43.2,44.0,44.9,46.3,46.4,47.0,47.8,48.8,49.7,50.8,51.7,52.6,53.7,54.7
07:33:43.011,95.7,61.5,82.8,86.2,84.1,82.1,81.6,79.9,80.2,76.4,76.3,70.6,64.4,62.4,67.0,68.3,68.9,60.6,55.6,57.3,50.6,48.1,46.0,43.6,42.5,42.7,44.6,45.1,45.7,46.1,46.9,47.9,48.7,49.8,50.9,52.0,52.8,53.8,54.7
07:33:44.011,93.3,60.7,82.0,78.9,78.9,75.9,77.7,81.9,80.8,79.1,75.4,72.1,67.3,63.1,68.0,68.3,67.6,60.6,55.4,56.7,47.6,46.1,43.5,42.7,42.3,42.8,44.1,44.9,45.2,46.2,46.9,47.6,48.6,49.5,50.7,51.9,52.7,53.7,54.8
07:33:45.011,92.6,61.2,81.2,83.2,85.5,84.4,79.7,77.7,74.4,79.5,78.1,71.7,70.1,61.8,69.7,70.2,69.9,62.3,58.2,58.0,49.0,46.5,42.8,43.3,41.4,42.7,44.4,44.4,45.7,46.2,47.5,47.8,48.6,49.7,50.6,51.7,52.8,53.8,54.8
07:33:46.011,93.0,61.4,83.5,82.1,87.4,84.7,79.8,80.5,80.1,79.9,80.3,72.8,66.6,62.6,67.9,70.4,70.9,62.6,58.0,58.9,51.1,48.5,44.7,41.8,42.1,42.4,43.7,45.0,45.5,46.1,46.8,47.5,48.6,49.3,50.7,51.8,52.8,53.7,54.7
07:33:47.011,93.4,60.7,82.2,82.8,78.8,79.3,81.3,81.0,81.3,79.2,76.7,72.1,64.2,61.2,67.4,68.7,66.8,59.2,55.5,58.0,47.8,45.3,42.4,42.1,42.2,43.1,44.5,44.9,45.1,46.4,46.8,47.8,48.9,50.0,50.8,51.7,52.7,53.8,54.8
07:33:48.011,94.1,60.9,81.8,84.3,78.7,81.2,82.5,82.8,79.0,79.3,73.0,70.7,65.7,59.0,65.1,66.7,68.0,59.0,55.3,58.2,48.4,46.3,43.7,42.7,42.4,44.1,44.8,45.7,45.6,46.5,47.1,47.5,48.8,49.9,50.6,51.7,52.7,53.8,54.8
07:33:49.011,94.2,60.8,81.5,84.0,82.9,82.8,84.2,83.4,80.9,78.2,73.5,70.1,67.6,59.2,67.4,70.2,68.6,61.2,55.8,56.0,47.9,45.1,46.7,46.1,44.3,44.5,44.9,45.9,46.3,46.4,46.9,47.9,48.7,49.7,50.7,51.7,52.7,53.6,54.7
07:33:50.011,94.6,61.4,83.0,83.8,86.9,84.0,81.6,85.3,82.3,78.4,75.6,72.1,66.9,58.5,66.4,68.8,68.2,61.7,57.0,58.8,49.8,48.6,45.4,43.8,43.8,43.9,45.7,44.5,45.7,45.8,46.9,47.9,48.8,49.7,50.7,51.7,52.7,53.8,54.8
07:33:51.011,92.9,62.3,82.1,79.5,86.8,86.2,81.7,78.2,79.7,75.5,75.0,70.1,68.4,61.8,68.0,71.3,71.3,62.7,58.7,60.8,52.5,49.7,45.5,45.0,43.3,44.4,45.7,44.9,45.6,46.1,47.0,48.0,48.4,49.6,50.7,51.8,52.6,53.7,54.9
07:33:52.011,93.7,61.2,81.5,84.9,85.3,83.8,84.8,82.9,76.5,78.9,72.5,72.5,67.0,60.9,67.6,69.0,69.0,60.0,55.6,57.4,48.9,46.7,45.4,45.1,43.9,43.9,44.4,45.3,45.7,46.2,47.0,47.9,48.7,49.9,50.8,51.6,52.7,53.7,54.7
07:33:53.011,92.6,60.7,80.6,82.4,80.2,80.5,81.7,83.6,80.1,76.6,71.5,71.8,67.7,61.2,66.3,70.3,68.2,62.3,55.6,57.4,47.8,46.5,45.1,43.2,43.2,43.4,44.8,45.2,45.2,45.8,46.6,47.7,48.8,49.8,50.8,51.7,52.7,53.8,54.8
07:33:54.011,93.3,60.0,81.5,81.3,78.9,79.5,79.9,80.1,79.8,77.3,73.7,69.8,65.7,61.7,65.4,65.0,65.2,57.9,53.7,54.7,46.2,44.1,42.5,41.3,42.3,42.1,43.1,44.7,45.4,46.5,46.8,47.8,48.9,49.6,50.8,51.7,52.8,53.8,54.8
07:33:55.011,93.7,60.3,81.1,88.0,86.0,81.9,85.0,81.5,79.6,77.2,74.2,72.8,65.9,57.9,63.8,67.2,67.1,61.2,54.8,55.3,46.6,44.7,42.0,41.8,40.9,42.3,43.5,44.5,45.4,46.1,46.8,47.9,48.8,49.5,50.6,51.8,52.7,53.9,54.9
07:33:56.011,94.1,61.2,82.9,83.0,84.7,81.7,80.9,81.9,81.0,77.0,73.3,69.9,66.4,62.0,66.8,69.9,68.4,61.0,55.9,57.6,48.1,44.9,43.6,42.4,42.0,42.7,43.4,45.0,45.2,46.1,47.0,47.8,48.5,49.7,50.6,51.6,52.8,53.8,54.8
07:33:57.011,93.2,61.8,82.9,79.2,83.9,84.5,84.3,82.0,83.2,81.1,77.1,74.0,68.1,61.2,69.5,71.1,71.3,63.5,57.8,58.7,50.3,48.2,45.2,43.5,43.3,43.4,44.0,44.5,45.1,46.1,47.2,47.8,48.8,49.8,50.6,51.8,52.8,53.7,54.8
07:33:58.011,94.1,61.1,81.7,88.2,87.5,85.8,79.8,79.0,79.4,77.6,76.1,71.8,67.6,61.5,66.2,69.7,68.9,62.9,58.5,57.3,49.0,47.5,46.0,44.2,42.3,43.4,45.3,45.8,45.2,45.9,47.0,47.7,48.8,49.8,50.7,51.8,52.7,53.8,54.8
07:33:59.011,93.1,61.6,82.6,83.8,80.7,81.7,82.9,83.9,82.1,78.3,74.2,74.5,69.1,61.0,68.6,68.9,70.2,62.4,58.1,58.9,50.8,49.1,44.6,43.0,42.7,42.7,44.1,44.8,46.0,46.5,47.5,47.8,48.7,49.8,50.7,51.9,52.7,53.7,54.7
07:34:00.011,95.9,61.5,83.1,87.0,90.9,88.7,85.3,82.7,81.7,79.2,79.2,75.7,69.3,61.9,68.3,71.9,71.4,63.9,57.1,60.0,52.6,50.8,47.1,45.0,43.2,43.4,44.4,44.3,45.4,45.7,46.9,47.8,48.7,49.8,50.6,51.7,52.7,53.7,54.8
07:34:01.011,95.8,61.8,84.3,84.8,87.3,86.4,79.7,83.5,84.6,79.4,78.1,75.9,66.8,62.5,70.2,71.2,69.2,63.3,56.6,57.6,48.5,46.3,43.4,42.6,42.0,43.3,44.3,44.8,45.4,46.2,46.8,47.8,48.6,49.8,50.7,51.7,52.7,53.8,54.8
07:34:02.011,92.6,61.7,82.3,87.3,87.2,80.0,79.2,80.6,78.0,75.0,72.7,75.9,69.1,60.8,68.2,72.1,69.2,64.2,56.0,56.1,46.3,45.6,42.6,41.5,41.9,43.7,45.4,45.2,45.5,46.7,47.1,47.9,48.7,49.9,50.8,51.7,52.8,53.6,54.8
07:34:03.011,96.4,61.6,83.2,87.2,86.6,84.9,80.6,79.4,79.6,80.5,76.1,72.7,67.9,61.0,65.1,69.6,69.6,60.5,55.6,57.8,47.4,45.8,43.3,42.7,42.5,43.1,45.7,46.5,45.7,46.4,47.2,47.7,48.9,49.6,50.7,51.7,52.7,53.8,54.8
07:34:04.011,93.5,60.7,81.5,89.3,88.6,82.1,80.2,78.1,84.5,78.5,74.2,71.0,67.5,60.6,67.5,69.6,67.6,60.6,54.7,56.2,47.6,46.2,46.1,42.0,43.0,43.7,44.6,45.5,46.3,47.1,47.1,47.6,48.8,49.7,50.8,51.7,52.8,53.7,54.7
07:34:05.011,93.4,60.9,82.6,86.3,84.7,82.2,81.2,83.7,82.2,75.9,77.1,72.0,66.8,58.8,67.7,69.5,67.0,61.0,57.1,58.5,48.2,47.0,44.6,44.2,43.5,43.4,45.0,45.0,45.2,46.3,47.1,47.9,48.5,49.7,50.8,51.7,52.8,53.7,54.8
07:34:06.011,93.6,61.4,82.4,85.4,88.4,84.3,81.2,79.9,77.7,77.8,75.6,70.6,66.4,60.2,65.1,67.4,68.0,61.2,56.3,57.3,49.8,47.7,43.8,41.9,42.1,43.1,43.8,44.7,45.7,46.5,47.1,47.9,48.9,49.6,50.8,51.7,52.8,53.8,54.8
07:34:07.011,95.0,61.6,83.9,83.6,86.1,84.5,84.9,84.9,82.9,80.1,78.5,75.0,68.7,60.6,67.3,68.8,70.1,64.1,57.1,59.3,51.9,48.9,44.6,42.9,42.6,43.4,43.6,44.4,45.1,46.1,47.3,47.8,49.0,49.7,50.6,51.7,52.8,53.8,54.8
07:34:08.011,95.4,61.3,83.1,85.6,87.5,85.1,80.8,81.0,78.2,81.1,77.5,74.9,63.5,60.1,69.7,69.9,69.8,62.2,56.8,59.0,48.3,45.9,42.7,42.3,42.4,43.3,44.0,44.6,45.4,46.1,47.3,47.6,48.9,49.8,50.7,51.8,52.7,53.7,54.7
07:34:09.011,95.8,61.9,84.0,83.8,87.2,87.3,83.5,84.4,82.1,79.2,78.9,74.0,69.2,62.0,69.0,71.5,71.0,63.7,57.6,59.8,51.1,49.0,45.0,43.3,42.3,42.4,44.9,44.2,45.3,45.9,47.1,47.4,48.7,49.6,50.8,51.6,52.6,53.8,54.8
07:34:10.011,94.2,60.9,81.8,83.8,83.1,82.8,82.4,82.1,80.6,77.9,74.8,69.9,66.8,61.4,66.1,69.4,69.2,60.3,56.3,58.0,48.8,46.3,43.2,41.6,41.7,42.7,43.6,44.5,45.7,46.1,47.0,47.5,48.5,49.8,50.8,51.7,52.6,53.6,54.9
07:34:11.011,94.9,60.4,82.1,88.5,86.8,84.6,84.3,84.5,79.7,80.0,75.8,70.1,67.0,60.9,66.6,68.9,67.4,59.6,55.7,57.2,49.1,48.8,44.6,41.5,41.8,42.7,43.7,44.5,45.4,46.2,47.2,47.8,48.8,49.7,50.9,51.7,52.7,53.7,54.8
07:34:12.011,93.0,60.2,80.9,78.0,82.2,81.0,78.7,83.3,80.7,76.5,71.4,71.4,66.6,57.3,64.8,64.9,66.7,61.1,53.8,55.7,46.1,44.0,42.9,41.3,41.6,42.9,44.4,44.6,45.4,46.1,47.1,47.5,48.5,49.8,50.7,51.6,52.7,53.7,54.8
07:34:13.011,93.1,60.9,80.7,82.2,77.9,81.4,81.5,81.4,78.1,73.1,75.1,72.2,67.9,62.4,64.8,69.1,69.1,63.2,56.2,57.6,47.2,45.7,41.5,41.8,41.8,43.5,44.1,44.8,45.2,45.8,47.0,47.6,48.9,49.6,50.7,51.8,52.7,53.7,54.8
07:34:14.011,94.0,61.1,82.4,85.3,88.0,85.1,86.4,82.2,83.7,78.8,75.9,72.8,64.2,58.9,67.8,69.5,69.1,63.1,57.4,58.5,49.4,48.5,44.6,42.8,44.2,44.0,45.3,45.2,45.8,46.7,47.1,47.9,48.5,49.7,50.6,51.6,52.6,53.8,54.7
07:34:15.011,95.0,60.9,82.5,87.7,87.6,86.0,83.3,85.1,81.3,80.5,73.4,74.1,67.2,58.3,63.8,65.8,67.7,62.0,56.3,59.8,51.0,47.6,46.1,43.4,43.7,44.6,44.7,45.1,45.4,45.9,47.1,48.1,48.8,49.7,50.8,51.7,52.7,53.8,54.8
07:34:16.011,92.9,61.1,81.7,84.0,80.0,80.9,82.8,85.0,80.1,77.7,75.7,72.0,70.2,61.3,66.0,69.1,69.2,63.7,56.6,57.7,50.0,46.9,45.0,44.4,42.9,43.2,45.2,45.7,45.7,46.2,47.2,47.9,48.8,49.9,50.6,51.7,52.7,53.8,54.9
07:34:17.011,92.7,60.4,81.1,82.2,78.7,78.6,80.4,81.2,79.6,76.4,75.2,72.5,66.0,60.3,65.5,67.1,66.1,60.1,52.2,54.3,46.3,44.0,43.5,42.1,41.2,43.4,44.8,44.9,45.6,46.2,46.9,47.6,48.6,49.9,50.8,51.7,52.7,53.7,54.7
07:34:18.011,95.7,60.7,81.3,83.8,80.8,78.6,81.4,81.4,77.3,75.6,75.5,72.7,66.7,58.8,66.2,69.1,67.2,58.7,53.4,56.4,47.1,47.3,42.6,41.9,42.3,42.4,43.9,44.6,45.1,46.3,47.0,47.8,48.7,49.7,50.5,51.7,52.7,53.7,54.7
07:34:19.011,94.1,60.7,81.8,81.7,83.4,82.2,81.8,83.4,81.5,79.4,77.3,70.4,69.7,59.4,67.5,68.6,68.5,63.7,55.6,57.4,46.7,45.9,43.8,42.6,42.2,42.3,43.9,45.0,45.0,46.3,46.5,47.5,49.0,50.0,50.9,51.5,52.7,53.7,54.7
07:34:20.011,92.7,60.8,81.7,86.6,86.0,82.6,81.7,80.6,81.4,80.7,73.6,72.8,71.1,66.9,67.8,67.6,69.0,60.8,54.5,58.1,48.1,45.6,42.7,42.6,42.7,43.5,44.3,44.9,45.4,46.3,46.9,47.7,48.8,49.6,50.7,51.6,52.7,53.7,54.7
07:34:21.011,92.5,61.0,81.7,82.4,79.5,81.5,82.6,82.3,80.8,77.4,77.3,73.2,68.4,59.7,66.1,68.6,68.6,63.1,55.9,58.8,50.2,50.0,44.2,42.5,42.2,42.1,43.5,44.3,45.5,46.4,46.7,47.9,48.5,49.6,50.7,51.8,52.8,53.8,54.8
07:34:22.011,93.7,61.2,82.6,82.0,78.1,81.8,80.9,80.1,80.6,78.3,77.1,71.8,69.9,59.3,65.6,67.0,67.8,62.5,54.8,58.0,48.0,45.7,41.4,41.6,41.9,42.1,43.4,44.5,45.2,46.1,46.4,47.8,48.8,49.6,50.7,51.8,52.8,53.7,54.8
07:34:23.011,95.0,60.6,82.7,80.6,85.0,84.6,85.0,82.6,83.6,77.8,75.9,72.2,69.0,59.5,67.0,68.3,67.2,62.6,53.5,55.2,45.7,44.3,42.1,41.7,42.5,42.8,43.7,43.8,45.5,45.9,46.9,47.7,49.0,49.9,50.7,51.8,52.7,53.8,54.6
07:34:24.011,95.6,61.0,84.6,88.6,86.8,85.7,87.6,88.7,81.9,81.6,79.2,77.5,69.7,63.7,67.7,70.4,69.6,63.3,53.6,56.3,50.4,49.5,42.1,42.3,42.0,43.5,43.9,44.3,45.2,45.8,46.8,47.7,48.9,49.6,50.7,51.6,52.8,53.7,54.9
07:34:25.011,93.6,60.8,81.3,84.7,85.2,82.2,80.8,82.6,82.4,77.2,74.4,72.4,70.8,61.2,67.9,71.2,67.5,59.5,54.3,57.8,50.5,49.5,44.5,42.2,42.7,42.6,44.1,44.2,45.2,46.1,47.0,47.9,48.8,49.7,50.9,51.8,52.7,53.8,54.9
07:34:26.011,95.8,61.0,83.3,88.0,84.9,82.6,87.0,83.8,80.5,80.6,79.2,72.9,72.1,66.7,68.3,69.7,69.4,61.2,55.2,56.1,48.2,45.7,42.8,42.2,42.6,43.1,44.1,44.6,45.4,46.0,47.2,48.0,48.6,49.8,50.8,51.9,52.7,53.6,54.8
07:34:27.011,95.4,60.4,82.1,89.0,87.0,81.9,80.6,82.7,80.3,78.0,75.4,72.1,65.2,61.7,63.7,66.1,65.6,62.4,55.1,57.4,48.3,47.1,44.1,41.6,42.6,43.5,43.6,44.3,45.0,46.2,46.7,47.6,48.7,49.9,50.7,51.7,52.7,53.7,54.8
07:34:28.011,93.1,60.4,80.8,88.0,83.1,75.4,78.5,78.0,80.0,78.3,77.2,71.1,65.5,58.1,65.9,67.0,67.5,61.9,51.8,56.0,48.4,47.5,43.5,42.0,42.1,43.7,43.7,44.4,44.8,45.7,47.1,47.7,48.6,49.8,50.9,51.7,52.7,53.9,54.8
07:34:29.011,95.2,60.4,82.2,88.2,85.5,84.4,87.2,82.0,76.9,78.3,75.2,71.3,66.6,60.6,63.7,68.7,68.5,60.6,52.8,56.5,46.2,43.1,41.8,41.0,41.8,43.4,44.4,44.3,44.7,45.9,46.8,47.9,48.7,49.7,50.7,51.8,52.5,53.7,54.8
07:34:30.011,92.8,59.6,79.8,84.5,81.2,80.3,81.3,82.7,77.0,77.2,77.1,70.2,65.1,58.3,61.8,65.0,65.7,58.9,50.7,52.6,45.7,45.1,42.2,41.5,41.4,42.8,44.4,44.4,45.2,46.3,46.6,47.5,48.8,49.8,50.8,51.7,52.7,53.8,54.7
07:34:31.011,92.4,60.6,81.5,83.6,80.2,74.4,81.6,83.6,81.3,78.5,74.5,74.2,68.9,60.5,66.1,68.3,67.3,60.6,52.0,55.1,45.8,45.2,43.5,42.3,42.6,42.8,43.7,44.2,45.0,45.8,47.0,47.8,48.8,50.0,51.1,51.7,52.7,53.7,54.8
07:34:32.011,93.7,60.7,81.0,86.7,85.3,83.1,85.6,79.7,79.8,75.8,75.0,72.7,66.8,61.0,66.2,69.0,68.1,62.2,56.6,57.4,48.6,47.2,42.6,42.0,42.5,43.2,43.5,44.8,45.5,46.4,47.1,48.1,48.6,49.7,50.6,51.8,52.7,53.7,54.7
07:34:33.011,93.1,60.5,81.9,84.6,83.5,79.3,79.1,78.1,82.0,78.7,77.9,71.2,67.5,60.6,63.9,66.7,67.4,62.1,52.2,53.5,45.7,44.9,43.4,43.3,42.9,43.1,44.2,44.3,45.1,45.7,46.8,47.8,48.9,49.7,50.6,51.6,52.8,53.7,54.7
07:34:34.011,92.3,60.1,81.3,85.4,84.0,84.5,84.0,81.6,78.6,79.6,74.2,72.6,64.2,58.6,63.9,66.6,66.1,59.6,51.9,55.9,44.7,44.6,42.4,42.4,42.8,43.0,44.9,44.5,44.9,45.9,47.0,48.0,48.8,49.7,50.7,51.6,52.7,53.9,54.8
07:34:35.011,93.6,60.1,79.8,82.8,80.9,83.8,81.9,78.0,77.3,77.5,73.8,69.5,66.6,60.7,63.5,66.7,64.9,59.2,51.8,53.2,46.7,46.7,46.0,44.0,43.5,44.0,44.5,44.8,45.2,45.9,47.0,47.4,48.7,49.6,50.7,51.7,52.8,53.7,54.8
07:34:36.011,91.2,60.4,79.5,79.5,79.9,83.1,82.9,78.9,76.5,74.2,75.5,72.4,64.4,60.2,64.0,65.6,67.1,61.5,54.1,56.1,47.9,46.7,46.5,45.2,43.7,44.3,44.8,44.8,45.0,46.0,46.9,47.9,48.7,49.7,50.8,51.7,52.7,53.7,54.7
07:34:37.011,91.6,60.4,79.2,82.6,85.5,83.0,82.0,78.1,74.7,71.9,73.9,68.4,68.2,58.1,63.6,67.9,65.6,59.4,51.9,55.6,48.1,44.9,45.9,45.5,44.2,44.7,45.5,44.9,45.4,46.0,46.6,47.7,48.7,49.9,50.8,51.8,52.6,53.7,54.9
07:34:38.011,91.2,60.3,79.9,80.7,79.6,77.5,76.6,80.1,81.2,78.2,74.1,71.6,67.2,61.2,63.7,65.8,64.5,59.0,51.3,51.8,43.3,44.6,48.3,48.5,46.6,44.7,45.8,45.8,46.4,46.5,47.1,48.0,48.6,49.5,50.8,51.8,52.8,53.8,54.7
07:34:39.011,90.4,60.1,80.5,81.3,79.4,78.2,79.5,79.4,80.5,79.1,75.4,72.8,63.5,60.5,66.0,65.4,65.3,58.4,51.3,53.2,46.3,45.2,46.6,46.7,45.0,45.0,45.4,45.3,45.6,46.6,47.0,47.7,48.7,49.5,51.0,51.7,52.7,53.8,54.7
07:34:40.011,91.3,60.2,80.2,83.7,83.8,81.6,78.2,80.2,77.5,76.6,75.3,71.8,66.9,57.4,60.3,64.0,63.2,59.2,51.1,54.3,46.1,45.4,45.2,45.3,44.5,44.0,46.3,46.6,45.8,46.5,47.1,47.7,48.8,49.7,50.7,51.5,52.6,53.6,54.7
07:34:41.011,92.8,59.9,79.1,80.9,84.0,85.9,77.8,77.6,79.1,74.1,69.6,66.9,63.0,57.9,62.9,62.5,64.7,60.7,51.7,53.2,45.4,44.6,44.1,43.0,42.4,43.9,46.1,46.7,46.6,46.4,46.9,47.9,48.9,49.8,50.7,51.8,52.7,53.6,55.0
07:34:42.011,91.6,60.3,81.0,75.8,76.5,79.6,83.3,81.0,80.3,75.5,73.7,67.3,64.3,58.2,63.8,65.7,66.0,61.1,51.7,52.5,45.9,44.6,42.9,42.8,42.7,43.8,44.4,44.7,45.6,46.3,47.1,48.1,49.0,49.5,50.7,51.6,52.8,53.8,54.8
07:34:43.011,93.2,60.1,80.3,83.0,79.5,80.7,80.9,80.5,81.4,75.0,74.8,68.7,65.6,58.8,62.7,65.9,65.4,60.2,50.1,54.6,46.6,45.5,44.0,42.6,43.2,43.8,44.0,44.6,45.3,46.3,47.2,47.8,49.1,49.7,50.7,51.9,52.9,53.7,54.6
07:34:44.011,92.6,60.3,81.4,81.1,80.5,85.8,85.0,81.2,79.2,79.1,75.2,73.3,64.1,57.6,61.9,64.6,65.2,61.4,51.6,53.5,45.6,44.2,42.7,42.8,42.2,42.7,43.7,44.7,45.3,46.0,47.0,47.9,48.8,49.5,50.6,51.9,52.8,53.6,54.9
07:34:45.011,93.7,61.8,82.3,82.3,82.8,86.9,82.0,84.0,76.2,78.5,75.0,70.0,67.4,62.0,64.9,69.1,69.9,64.1,54.5,56.4,48.9,47.6,43.9,42.9,42.5,42.4,44.2,45.6,45.5,46.1,46.9,47.7,48.8,49.8,50.8,51.8,52.7,53.8,54.9
07:34:46.011,93.4,62.4,82.6,83.6,84.8,82.0,80.6,78.6,78.8,76.1,77.4,75.5,67.3,61.4,65.8,68.9,69.9,65.2,55.9,59.3,51.8,51.8,46.7,43.7,43.1,42.5,43.3,45.0,45.1,45.9,46.8,48.1,48.6,49.8,50.8,51.8,52.6,53.5,54.7
07:34:47.011,93.4,60.6,80.2,86.4,82.3,79.2,80.3,81.0,80.6,75.4,73.5,70.6,66.4,56.5,62.5,69.0,67.5,60.6,51.7,54.1,46.7,43.0,42.5,41.8,43.8,42.7,43.3,44.4,44.7,46.2,47.1,47.9,48.7,49.6,50.6,51.6,52.8,53.7,54.8
07:34:48.011,94.3,60.7,81.8,85.9,84.6,86.3,85.7,84.3,83.0,77.1,75.2,73.7,67.7,61.6,65.8,68.0,70.6,62.8,52.7,56.7,48.7,46.8,44.4,43.4,42.6,42.7,43.8,44.6,45.2,46.1,46.7,47.6,48.7,49.6,50.7,52.0,52.7,53.7,54.7
07:34:49.011,93.7,60.1,80.7,80.9,84.4,83.5,77.1,80.3,80.4,75.9,72.8,68.1,65.2,60.5,61.5,64.6,66.1,59.6,51.1,51.6,47.1,44.5,43.9,43.4,43.5,43.9,44.7,44.7,45.2,46.1,46.8,47.8,48.8,49.8,50.8,51.8,52.8,53.9,54.8
07:34:50.011,93.8,60.1,81.0,80.3,87.5,87.0,82.5,80.4,81.9,77.3,72.4,69.4,65.6,58.7,62.8,64.7,64.2,60.9,51.2,54.5,45.5,44.3,44.8,44.7,44.7,44.8,45.6,45.0,45.4,46.4,46.8,47.7,48.6,49.9,50.6,51.7,52.8,53.7,54.7
07:34:51.011,95.4,60.8,82.5,87.8,88.4,85.1,80.6,82.7,81.7,76.8,77.1,75.1,69.6,63.4,66.0,65.8,67.1,63.3,53.1,55.5,46.7,46.3,47.0,45.0,43.6,43.4,45.4,45.6,45.2,45.8,47.3,48.1,49.0,49.9,50.7,51.6,52.5,53.6,55.0
07:34:52.011,93.2,60.6,80.0,81.4,80.7,84.1,82.9,80.7,75.2,73.7,72.2,73.4,70.0,62.0,66.0,68.5,68.1,62.0,52.7,53.9,46.8,45.8,45.4,44.5,43.8,43.2,44.4,44.7,45.2,46.2,47.2,47.8,48.8,49.6,50.7,51.8,52.7,53.9,54.7
07:34:53.011,94.6,61.9,82.0,83.0,83.5,87.3,84.8,79.5,79.1,78.5,74.1,73.0,64.4,59.7,66.1,69.4,69.6,65.3,56.8,60.4,52.2,50.2,44.8,44.7,43.6,44.0,44.7,44.8,44.9,46.0,47.0,47.8,48.8,49.5,50.8,51.8,52.8,53.8,54.7
07:34:54.011,95.6,61.5,82.0,87.1,86.4,85.7,84.2,84.5,80.1,78.4,71.7,67.6,68.1,62.8,66.5,68.1,68.7,65.3,55.8,59.7,52.6,51.1,46.4,45.1,43.6,44.7,44.4,44.7,45.1,45.6,46.8,47.9,48.7,49.7,50.7,51.6,52.7,53.6,54.8
07:34:55.011,92.0,59.9,79.7,85.4,79.4,79.7,77.3,79.6,79.8,78.0,71.3,69.1,65.7,57.5,64.1,64.1,63.7,60.0,50.9,53.6,46.8,45.4,43.7,44.3,43.3,44.3,44.1,45.0,44.8,46.6,47.0,47.8,48.8,49.8,50.6,51.7,52.7,53.7,54.8
07:34:56.011,90.9,59.6,80.3,80.1,77.1,80.8,82.5,81.2,77.6,78.2,75.5,72.8,67.0,62.1,63.7,65.0,63.4,57.7,47.0,49.3,45.3,43.9,43.3,44.4,44.4,44.2,43.9,44.6,45.0,45.6,46.5,47.9,48.8,49.8,50.7,51.9,52.8,53.7,54.8
07:34:57.011,93.2,59.8,81.7,83.9,80.1,79.9,84.8,83.0,80.3,77.5,76.4,72.2,66.5,59.7,64.7,65.9,62.7,57.7,49.1,51.9,48.1,47.2,44.0,43.5,43.8,43.6,44.2,44.8,45.0,46.2,47.0,47.8,48.7,49.9,50.7,51.8,52.8,53.8,54.7
07:34:58.011,92.4,59.9,81.3,83.3,82.0,83.9,80.0,81.1,78.8,76.5,76.8,73.6,66.5,59.8,63.5,63.7,63.0,58.3,48.9,51.9,46.0,45.6,42.7,45.1,44.7,43.8,44.3,44.7,45.2,46.2,47.3,48.0,48.6,49.6,50.7,51.8,52.7,53.8,54.7
07:34:59.011,92.5,59.9,80.6,75.4,77.1,84.9,83.9,76.9,76.0,80.2,72.9,74.6,67.2,61.3,62.4,65.0,65.7,61.3,52.1,54.0,47.8,46.4,44.5,42.6,42.6,43.7,44.1,44.5,44.9,46.1,46.7,47.8,48.7,49.8,50.6,51.6,52.5,53.6,54.7
07:35:00.011,92.9,60.2,79.9,83.6,84.9,84.2,81.1,79.0,79.7,75.7,74.8,72.5,67.7,60.1,62.7,65.9,66.5,62.1,52.6,55.5,48.7,46.4,43.5,42.6,43.8,44.2,44.7,45.1,45.3,46.1,47.1,47.7,48.8,49.6,50.8,51.6,52.7,53.7,54.8
07:35:01.011,91.1,59.5,78.7,83.6,82.9,78.5,71.0,77.3,79.7,76.4,74.4,68.5,63.7,57.3,60.7,63.3,64.9,58.8,49.4,52.9,44.2,43.0,43.0,43.0,42.7,43.8,44.1,44.3,45.2,46.1,47.0,47.8,48.4,49.8,50.9,51.8,52.7,53.9,54.8
07:35:02.011,90.7,59.6,78.0,82.9,80.1,77.7,73.8,74.5,77.5,72.2,68.7,69.3,64.6,59.4,59.1,60.5,61.0,55.7,46.7,48.1,44.1,45.0,43.5,42.9,42.7,43.1,44.7,45.7,46.3,47.1,47.1,48.2,48.7,49.8,50.8,51.8,52.8,53.7,54.8
07:35:03.011,90.6,59.8,78.9,73.2,73.6,80.0,78.5,78.3,77.1,73.5,71.8,68.8,67.7,56.1,59.5,63.0,63.3,58.8,47.7,48.6,43.1,45.5,45.0,43.4,43.0,44.1,45.1,45.2,45.7,46.4,47.4,48.0,48.9,50.0,50.8,51.6,52.7,53.6,54.8
07:35:04.011,90.2,60.4,78.2,81.7,80.3,77.6,75.2,78.3,74.7,75.4,72.0,69.1,67.2,57.8,63.2,67.2,67.9,63.4,53.8,54.6,47.3,44.1,45.3,44.4,43.1,43.6,44.2,44.6,45.1,46.1,46.9,48.0,49.0,49.7,50.9,51.8,52.6,53.6,54.7
07:35:05.011,91.8,59.8,77.7,83.3,80.8,81.3,77.9,73.5,76.2,75.5,70.0,66.6,64.2,55.9,61.4,65.2,65.3,60.1,49.3,50.8,44.7,44.2,42.3,42.9,43.2,43.4,44.0,44.4,45.5,45.9,47.1,48.0,48.9,49.6,50.8,51.8,52.7,53.8,54.8
07:35:06.011,91.0,59.4,77.5,80.6,79.6,81.0,82.0,77.6,73.4,75.0,73.2,66.3,63.3,57.7,58.4,62.1,62.7,57.3,47.9,51.7,45.3,44.7,42.7,41.9,43.1,43.4,44.1,44.5,45.4,46.4,46.8,47.9,48.7,49.7,50.8,51.8,52.7,53.8,54.9
07:35:07.011,91.4,59.2,78.3,81.9,80.5,79.3,79.9,78.2,76.3,72.9,73.0,67.0,65.6,56.9,56.2,58.4,59.9,56.3,47.7,49.9,43.3,43.0,42.3,42.6,42.5,42.8,44.0,44.7,45.3,46.3,47.0,47.7,49.0,49.6,50.7,51.6,52.7,53.8,54.8
07:35:08.011,90.8,59.3,78.7,83.7,82.7,80.8,80.8,77.4,77.8,76.0,75.0,69.0,66.2,57.5,59.5,61.0,59.6,56.3,47.4,48.5,43.4,42.7,44.0,42.8,42.2,43.6,44.9,44.9,45.3,45.7,47.0,47.6,48.8,49.9,50.8,51.7,52.8,53.9,54.9
07:35:09.011,89.5,59.4,78.5,72.3,75.7,80.9,80.0,77.3,74.6,75.8,73.1,67.9,65.7,58.3,58.6,59.8,60.5,54.9,44.4,47.1,43.3,41.9,44.2,42.8,43.6,43.8,45.3,44.7,46.1,46.3,47.0,47.5,48.6,49.5,50.6,51.6,52.6,53.8,54.8
07:35:10.011,93.3,59.9,80.9,81.8,81.7,83.8,80.7,82.3,78.2,77.1,74.0,70.9,66.3,61.3,62.3,64.6,64.7,59.8,48.9,50.3,44.4,42.9,42.8,42.7,42.6,43.0,43.9,44.5,45.1,45.9,47.2,48.1,48.7,49.8,50.7,51.6,52.9,53.8,54.7
07:35:11.011,90.5,59.7,77.9,83.4,83.0,81.2,78.2,78.0,77.6,74.7,70.5,68.9,64.8,59.6,59.0,62.7,65.0,59.8,49.9,51.2,45.3,43.6,44.5,43.0,43.6,44.4,44.3,44.4,45.2,46.1,46.8,47.8,48.7,49.5,50.6,51.6,52.7,53.7,54.8
07:35:12.011,91.2,59.4,77.9,82.6,80.9,80.0,78.6,79.8,78.3,70.9,71.1,69.1,64.9,59.0,60.3,63.6,64.7,57.9,49.1,51.1,46.7,45.0,44.4,43.5,42.8,42.9,44.2,44.2,45.3,46.1,47.1,48.0,48.7,49.7,50.8,51.6,52.6,53.8,54.8
07:35:13.011,92.0,59.2,76.6,80.0,77.4,74.2,71.7,74.4,72.4,71.0,72.5,67.4,63.1,57.2,55.5,57.7,60.0,56.3,45.9,47.3,43.3,41.7,42.2,42.5,43.0,43.4,44.2,44.4,45.3,46.1,46.7,47.5,48.6,49.9,50.9,51.7,52.7,53.8,54.8
07:35:14.011,92.2,59.1,78.5,79.4,77.9,81.1,80.2,77.8,75.7,74.9,75.4,69.6,65.1,60.0,57.7,59.9,58.8,54.9,48.3,46.7,42.4,41.0,42.1,42.4,43.2,42.6,44.3,44.6,45.2,45.9,47.0,47.7,48.9,50.0,50.9,51.8,52.7,53.7,54.8
07:35:15.011,92.2,59.0,79.9,74.3,78.2,80.2,78.2,80.7,75.5,73.9,72.2,68.3,62.7,59.1,54.5,58.0,55.8,50.8,43.2,43.1,42.3,42.3,41.8,41.9,42.5,42.8,44.3,44.7,45.2,45.8,46.7,47.8,48.7,49.6,50.6,51.6,52.7,53.6,54.7
07:35:16.011,91.4,59.1,78.1,80.5,81.4,84.1,77.9,74.8,78.8,73.5,69.9,65.4,63.6,55.3,57.1,61.5,58.8,54.9,45.0,46.1,42.5,42.3,44.9,44.0,43.5,43.0,43.8,44.7,45.3,46.5,46.9,47.7,48.8,49.8,50.7,51.6,52.7,53.6,54.7
07:35:17.011,91.0,59.4,78.4,80.1,78.3,77.1,79.8,79.1,76.6,73.0,72.3,67.1,65.7,58.7,60.0,61.8,61.8,57.5,50.1,50.3,44.5,43.5,42.5,42.6,42.5,42.7,43.3,44.4,45.4,45.6,46.9,47.8,48.9,49.9,50.8,51.7,52.7,53.7,54.6
07:35:18.011,90.8,59.5,77.4,79.6,81.8,76.5,76.2,77.0,77.5,75.0,72.2,67.4,64.7,55.3,57.9,62.6,63.9,60.4,49.4,50.0,44.2,42.4,42.8,42.7,43.1,42.6,43.3,44.6,45.3,46.3,47.3,48.0,48.7,49.6,50.8,51.8,52.6,53.8,54.7
07:35:19.011,90.9,60.2,79.0,84.1,80.1,77.4,80.7,81.0,78.0,75.1,73.1,70.9,65.5,59.3,58.9,66.0,67.0,64.1,53.2,55.7,50.1,47.6,43.6,42.3,42.5,43.3,44.4,44.8,44.9,46.5,47.1,48.0,48.8,49.6,50.8,51.7,52.7,53.7,54.8
07:35:20.011,88.9,59.1,77.5,81.8,79.1,79.3,80.5,79.0,79.7,74.0,66.6,68.7,61.8,59.0,56.4,60.6,63.4,57.3,47.8,48.4,45.9,42.4,42.1,42.6,42.5,43.4,44.0,44.3,45.3,46.2,46.9,47.8,48.7,49.8,50.8,51.6,52.7,53.8,54.8
07:35:21.011,91.2,59.0,74.5,82.8,79.4,75.5,77.9,72.5,69.4,69.8,69.2,65.2,61.9,57.1,56.5,59.8,57.5,54.3,41.8,41.6,42.3,40.7,41.1,43.0,42.7,43.3,45.2,45.1,45.4,46.0,47.0,47.8,48.5,49.7,50.9,51.7,52.8,53.8,54.6
07:35:22.011,90.0,59.2,78.0,80.3,82.5,82.1,80.4,78.5,79.3,74.5,71.6,70.7,66.0,56.5,56.6,62.5,59.8,55.7,45.1,46.6,42.0,41.6,41.4,41.3,42.5,42.6,44.4,45.8,46.8,47.1,47.3,47.6,48.9,49.9,50.9,51.7,52.9,53.9,54.8
07:35:23.011,91.6,59.2,77.0,80.8,77.1,77.2,79.2,78.8,77.5,71.7,70.0,66.3,63.9,56.5,54.4,60.1,58.6,56.1,47.4,46.5,42.8,42.6,43.7,42.7,43.0,43.2,44.0,44.5,45.3,46.0,46.9,48.2,48.7,49.7,50.9,51.7,52.7,53.8,54.8
07:35:24.011,91.1,59.4,77.8,78.8,81.8,81.4,78.8,77.6,77.9,74.2,70.1,67.8,61.8,57.1,56.6,60.3,62.7,58.7,47.4,48.7,43.7,43.2,44.3,42.7,42.8,43.2,44.0,44.5,45.0,45.9,46.9,48.0,48.6,49.8,50.7,51.6,52.9,53.8,54.7
07:35:25.011,91.3,59.4,77.6,80.0,81.2,81.5,81.4,78.7,75.7,76.9,69.9,66.8,63.9,57.3,58.6,62.1,63.4,61.1,49.8,52.8,46.6,43.7,41.7,42.3,41.9,42.4,43.5,44.2,45.2,46.0,46.9,47.8,48.6,49.7,50.7,52.0,52.7,53.7,54.9
07:35:26.011,88.4,59.2,75.9,80.5,74.6,78.8,78.4,75.6,74.4,73.9,70.0,67.6,63.6,57.6,55.4,59.2,61.1,56.2,49.2,49.1,46.2,42.0,42.6,41.7,42.1,42.8,44.1,44.4,45.5,46.1,47.0,48.1,48.9,49.6,50.9,51.8,52.5,53.7,54.9
07:35:27.011,89.5,59.2,77.5,79.6,82.3,82.7,78.7,77.2,78.9,73.4,70.4,67.7,66.6,56.6,59.5,60.9,60.7,57.4,46.9,50.4,45.3,42.7,42.5,43.4,42.6,42.8,44.0,44.7,45.1,46.2,47.0,48.1,48.9,49.7,50.8,51.6,52.7,53.8,54.9
07:35:28.011,87.5,59.1,76.1,74.1,74.5,71.8,77.0,77.4,73.6,72.0,69.0,66.8,65.5,53.8,58.1,61.8,60.0,56.2,46.2,44.8,43.4,42.9,42.8,42.5,42.5,43.7,44.0,44.6,45.2,46.0,47.1,47.7,48.7,50.0,50.9,51.6,52.7,53.8,54.9
07:35:29.011,90.3,59.2,76.8,80.8,80.7,78.1,75.4,72.0,70.8,71.6,72.0,70.5,66.5,57.5,58.4,59.4,58.1,51.6,43.7,42.7,42.0,42.5,43.6,44.7,43.5,43.4,44.3,44.3,45.6,46.1,47.0,47.8,48.6,49.8,50.9,51.8,52.7,53.8,54.8
07:35:30.011,89.7,58.9,76.4,83.6,80.9,77.0,78.2,75.2,74.0,72.7,71.6,66.5,64.8,57.7,56.6,57.4,57.8,51.4,43.5,44.1,42.0,41.6,43.6,42.4,42.1,42.8,43.7,44.5,44.8,46.3,46.7,47.7,48.7,49.6,50.9,51.6,52.7,53.7,54.8
07:35:31.011,90.9,59.0,77.1,82.5,78.6,72.2,73.4,77.4,78.0,75.8,69.7,70.1,65.3,61.1,58.1,58.3,57.6,54.3,45.8,45.7,42.2,40.9,41.6,42.8,42.9,43.5,44.3,44.6,45.0,46.3,47.0,47.9,48.6,49.7,50.9,51.7,52.8,53.7,54.7
07:35:32.011,90.0,59.1,76.4,78.3,75.8,78.9,79.8,77.9,71.5,74.7,70.6,67.9,62.1,54.4,55.1,58.1,57.9,57.0,47.6,47.5,44.6,41.4,42.8,42.3,43.3,44.2,43.4,44.5,45.3,45.8,47.0,47.8,48.7,49.9,50.8,51.8,52.8,53.7,54.9
07:35:33.011,92.1,59.2,77.6,84.8,81.9,81.1,80.7,80.3,75.5,71.3,70.5,63.4,60.4,58.2,56.8,60.2,59.9,57.2,48.8,46.2,43.5,42.8,43.1,45.0,43.4,43.4,44.2,44.6,45.5,46.1,46.7,47.6,48.7,49.6,51.0,51.6,52.8,53.8,54.8
07:35:34.011,90.3,59.5,77.8,82.4,79.5,82.3,81.2,74.5,76.7,75.4,69.4,68.5,63.4,59.6,56.8,61.3,62.5,57.7,48.9,46.0,43.7,42.1,43.7,44.5,43.4,43.3,45.8,45.4,45.1,46.1,46.9,47.6,48.8,49.9,50.9,51.8,52.8,53.6,54.8
07:35:35.011,89.5,59.1,75.8,81.9,76.4,78.9,79.1,76.1,75.1,72.4,68.9,65.1,63.5,57.4,55.6,56.7,60.4,55.4,44.6,43.0,43.1,42.8,43.5,44.7,42.9,43.4,43.7,44.8,45.1,45.9,46.9,48.0,48.6,49.8,50.9,51.7,52.7,53.7,54.8
07:35:36.011,89.8,59.2,76.2,80.0,78.4,78.9,79.5,76.1,77.5,68.9,71.1,67.1,64.9,58.0,55.8,57.2,60.2,55.3,45.9,45.9,43.3,42.0,43.6,43.6,44.0,42.2,43.9,45.4,45.5,46.3,46.8,47.8,48.9,50.0,50.8,51.9,52.8,53.8,54.6
07:35:37.011,88.8,59.6,77.0,78.9,80.1,75.5,76.7,75.0,74.0,73.8,71.0,67.7,61.4,58.1,57.2,61.7,60.2,55.2,48.3,46.1,42.5,44.1,46.1,47.2,44.7,43.4,44.8,44.9,45.9,46.2,47.0,48.0,48.8,49.6,51.0,51.6,52.7,53.8,54.7
07:35:38.011,90.0,59.6,78.0,80.1,76.9,77.5,77.9,76.9,79.9,75.9,70.7,70.4,63.4,60.3,60.4,62.0,61.1,59.4,51.2,47.9,43.1,43.2,45.6,44.2,43.9,44.3,45.7,44.8,45.2,46.5,47.0,47.9,48.5,49.7,50.9,51.8,52.7,53.9,54.9
07:35:39.011,88.9,59.2,75.0,75.2,76.6,78.6,74.4,74.4,73.8,71.3,70.2,66.0,62.4,56.1,57.3,58.4,57.9,54.6,48.6,47.0,44.0,43.0,43.6,44.4,43.7,43.8,45.6,45.2,45.2,45.9,46.9,47.6,48.7,49.9,50.8,51.5,52.8,53.8,54.9
07:35:40.011,87.6,59.3,74.7,71.8,75.2,79.5,77.5,74.6,72.2,69.9,67.9,67.7,63.1,57.9,56.4,60.8,61.4,55.4,49.0,47.6,44.7,44.4,44.3,45.6,45.3,44.1,45.5,44.5,45.2,46.2,47.1,47.8,48.6,49.7,50.7,51.7,52.6,53.7,54.7
07:35:41.011,88.0,59.7,76.0,77.0,75.7,79.3,78.9,73.9,70.6,70.3,67.1,67.9,63.4,56.1,55.5,60.0,61.5,58.6,49.6,49.2,46.2,45.2,44.6,44.1,43.1,44.8,45.9,45.3,45.4,46.1,47.0,48.0,48.8,49.7,50.7,51.8,52.7,53.6,54.7
07:35:42.011,88.6,59.2,75.5,77.4,78.1,78.8,75.3,79.1,73.1,69.0,70.3,68.3,62.5,60.1,54.8,56.8,57.9,54.7,48.0,46.5,45.9,45.1,45.4,42.8,42.7,44.3,45.5,45.3,45.4,46.3,47.0,48.2,48.7,49.5,50.8,51.7,52.8,53.8,54.9
07:35:43.011,88.6,59.1,74.8,78.8,77.8,79.9,75.2,76.4,72.9,69.3,68.8,64.1,61.7,55.6,51.2,56.2,57.6,55.8,46.6,44.8,42.9,44.0,45.8,44.8,43.5,44.1,44.1,44.3,45.0,46.3,46.9,48.0,48.8,49.7,51.0,51.7,52.9,53.8,54.7
07:35:44.011,87.8,59.0,74.1,75.5,73.4,77.6,79.6,76.1,68.5,71.2,64.8,63.9,60.4,55.0,52.4,55.6,55.3,52.2,44.8,43.2,42.0,42.7,47.1,45.0,43.8,43.1,44.0,44.8,45.4,46.0,47.0,47.7,48.7,49.9,50.8,51.7,52.8,53.8,54.7
07:35:45.011,89.7,59.0,75.1,77.7,77.2,76.4,77.0,75.6,73.4,74.3,67.2,66.3,62.3,55.6,51.6,55.3,54.4,53.7,47.9,48.1,44.4,41.2,44.6,44.0,43.2,43.1,44.2,44.8,45.2,46.1,46.8,47.9,48.7,49.9,50.9,51.9,52.7,53.9,54.7
07:35:46.011,88.0,59.0,72.7,79.6,75.2,76.8,76.2,75.4,72.5,67.6,65.8,66.0,62.4,56.5,51.9,53.4,53.5,53.8,48.5,45.3,43.3,43.0,43.5,43.9,44.2,44.1,44.7,44.3,45.0,45.7,47.0,47.8,48.8,49.8,50.8,51.7,52.8,53.8,54.8
07:35:47.011,87.7,59.0,74.6,74.8,72.4,72.6,75.1,74.4,74.9,68.2,66.2,61.9,59.0,55.8,52.9,54.5,55.8,54.1,46.1,44.0,40.8,42.6,44.9,44.5,42.8,43.0,44.8,44.7,45.1,46.2,46.8,47.9,48.9,49.5,50.9,51.6,52.8,53.7,54.8
07:35:48.011,87.8,59.0,75.1,76.8,76.3,75.9,76.8,77.5,76.2,73.2,68.3,61.7,58.1,54.4,51.5,54.7,56.8,54.3,44.6,44.2,43.4,43.1,43.0,44.0,43.5,43.7,44.6,44.6,45.3,46.2,46.5,47.7,48.7,49.7,50.9,51.6,52.8,53.7,54.6
07:35:49.011,88.0,58.9,74.1,78.1,78.0,72.6,74.0,74.6,74.0,71.1,67.3,61.1,57.6,56.9,51.2,56.0,53.9,49.2,44.6,42.9,42.8,44.2,43.6,42.9,42.1,43.2,43.8,44.2,44.8,45.9,47.3,47.9,48.9,49.7,50.8,51.7,52.8,53.8,54.7
07:35:50.011,89.3,58.8,75.7,81.6,78.4,76.2,78.2,76.9,78.2,70.2,68.9,65.0,59.1,54.3,52.9,55.4,54.3,50.2,43.4,44.3,43.5,43.9,42.3,42.8,41.7,42.9,43.4,44.7,45.1,46.0,47.3,47.8,48.7,49.8,50.9,51.6,52.6,53.8,54.7
07:35:51.011,88.7,58.8,74.8,79.0,78.6,76.6,76.3,76.8,71.7,71.1,64.7,65.6,60.3,54.4,50.0,52.5,54.0,50.3,46.5,43.0,42.1,42.9,42.8,42.2,41.3,42.5,43.6,44.5,45.5,45.8,47.1,48.0,48.9,50.0,50.8,51.7,52.9,53.8,54.8
07:35:52.011,89.0,58.8,75.8,80.3,79.0,76.8,79.4,76.5,76.5,71.5,67.9,68.9,62.1,58.3,53.7,52.7,50.6,52.1,47.6,47.0,44.4,41.4,42.0,41.8,42.2,42.8,43.7,44.6,45.2,45.6,47.3,47.9,48.6,49.7,50.8,51.7,52.6,53.8,54.7
07:35:53.011,88.2,59.0,73.2,79.8,77.9,76.6,74.6,72.3,72.3,69.1,68.5,67.5,61.5,54.0,51.4,56.9,55.3,52.6,45.9,48.3,46.1,44.9,42.9,43.2,42.3,42.8,44.2,44.6,45.4,46.0,47.1,47.8,48.5,49.7,51.0,51.6,52.7,53.7,54.8
07:35:54.011,87.2,59.8,75.3,76.3,79.6,80.3,77.3,71.5,76.3,70.9,69.9,66.1,63.2,57.5,55.2,63.0,63.0,60.1,52.1,52.5,50.5,49.0,46.9,45.8,44.4,43.4,46.3,46.1,45.7,46.3,46.6,47.8,48.6,49.6,50.8,51.6,52.8,53.7,54.8
07:35:55.011,86.8,59.9,72.7,77.9,75.4,75.5,72.6,70.3,68.1,68.4,66.9,68.0,61.6,56.3,54.0,57.0,58.6,56.3,49.2,50.1,51.7,51.1,50.0,47.2,45.4,45.0,46.0,45.6,45.7,46.0,47.1,48.1,49.0,49.9,50.5,51.6,52.7,53.7,54.8
07:35:56.011,88.2,59.4,74.0,78.6,79.1,77.2,75.8,74.0,72.9,71.0,68.4,67.0,62.6,58.4,53.7,57.7,54.5,54.2,47.2,47.0,47.0,45.9,46.6,46.1,45.9,45.7,45.5,45.7,45.2,45.6,46.4,48.0,48.7,49.7,50.8,51.6,52.7,53.5,54.8
07:35:57.011,88.6,58.9,74.8,77.1,78.5,76.0,77.5,75.8,74.8,69.5,66.2,67.7,63.1,57.5,52.3,53.2,52.4,47.9,45.2,43.9,43.7,42.9,42.5,42.5,42.3,43.6,44.5,44.8,45.5,45.7,46.8,47.9,48.8,49.8,50.9,51.6,52.8,53.8,54.8
07:35:58.011,86.7,58.8,74.5,76.5,72.3,77.0,76.1,74.7,71.8,69.6,65.3,68.2,61.0,53.6,49.8,51.8,51.4,46.2,42.1,44.0,40.7,40.8,42.5,43.1,42.4,43.1,43.9,44.6,44.7,46.2,46.7,47.8,48.7,49.8,50.9,51.5,52.8,53.6,54.7
07:35:59.011,88.8,58.6,75.4,78.4,77.1,79.6,77.9,76.8,76.5,74.8,66.8,67.1,63.3,55.5,52.3,55.4,54.2,50.8,45.4,43.7,42.7,40.9,41.3,42.0,42.2,42.8,43.3,44.2,44.9,45.8,46.9,47.4,48.7,49.5,50.8,51.8,52.7,53.8,54.8
07:36:00.011,88.6,58.8,76.8,79.8,76.9,82.0,80.5,77.7,77.0,74.0,71.1,66.6,60.6,55.8,53.8,56.2,55.8,52.7,43.9,42.9,41.7,41.0,42.5,42.5,42.1,43.3,44.6,44.3,45.0,45.7,46.8,47.8,48.7,49.7,50.7,51.7,52.7,53.9,54.8
07:36:01.011,87.3,58.7,74.9,80.1,77.1,77.8,77.7,75.3,76.6,71.6,70.5,62.1,63.0,57.6,51.9,56.5,56.8,52.8,42.6,40.3,40.9,41.0,42.5,42.5,42.5,42.8,43.6,44.2,44.8,45.9,46.7,47.9,48.8,49.7,50.8,51.7,52.6,53.8,54.8
07:36:02.011,88.7,58.9,75.9,80.3,75.4,74.4,72.7,69.7,74.5,74.4,71.7,65.6,63.3,56.4,53.8,59.3,56.8,53.0,46.4,42.1,41.0,40.8,41.6,42.1,42.3,42.7,43.5,44.6,45.3,45.9,46.8,48.0,48.5,49.7,50.9,51.5,52.5,53.8,54.8
