AMBIENT,78.2,74.2,73.9,56.4,56.9,55.3,53.2,52.9,53.4,51.0,53.2,53.8,53.8,64.6,56.0,54.1,59.8,56.0,55.9,55.2,54.4,53.6,54.9,55.2,55.9,56.9,57.9,58.8,59.8,60.8,61.8,62.8,63.7,64.8,65.8,66.8,67.9,69.0,69.3
07:30:46.016,78.5,73.4,73.0,59.5,60.5,59.5,55.7,54.5,55.7,49.7,52.1,54.2,53.5,62.9,54.0,52.9,56.8,55.3,55.9,53.8,54.3,53.2,54.0,55.1,56.0,57.0,57.2,58.1,59.9,60.8,61.7,62.9,64.0,64.8,65.5,66.8,67.9,69.0,69.2
07:30:47.016,78.5,73.5,73.1,59.3,61.7,57.1,56.8,54.4,55.5,53.4,53.8,55.9,52.5,60.3,55.6,55.0,56.9,54.8,54.9,54.3,54.7,53.2,54.7,54.8,55.7,56.1,57.8,59.1,60.0,60.6,61.8,63.0,63.6,64.7,65.7,66.9,68.0,69.1,69.1
07:30:48.016,78.3,73.5,73.5,56.5,55.3,55.9,54.6,53.4,48.9,48.6,50.5,52.0,55.3,66.3,55.0,53.7,56.1,55.8,55.7,55.9,55.4,53.4,55.2,55.4,55.5,56.7,58.0,59.0,59.8,60.9,61.5,62.6,63.6,65.0,65.9,66.8,67.9,69.0,69.2
07:30:49.016,79.4,73.5,73.7,59.0,59.5,58.8,56.6,54.1,54.1,52.2,52.7,54.8,56.4,68.1,54.6,56.0,56.9,55.6,56.5,56.3,55.1,53.5,55.2,54.8,55.8,57.0,57.8,58.9,59.5,60.6,61.8,62.7,63.7,64.9,65.8,66.9,67.8,69.0,69.2
07:30:50.016,79.2,73.5,73.4,52.2,45.7,53.9,57.8,52.4,51.7,51.7,48.4,54.9,54.9,66.4,54.2,53.9,56.0,56.2,56.8,55.7,54.8,53.8,55.4,55.3,56.6,56.1,58.0,59.0,59.9,60.8,61.7,63.2,64.0,64.9,65.7,66.8,67.8,69.1,69.3
07:30:51.016,78.8,73.6,74.9,54.3,55.5,55.5,55.9,56.8,56.9,56.1,55.2,57.0,54.2,63.9,57.3,57.3,57.8,58.5,60.4,55.8,55.3,53.2,56.0,56.2,55.7,56.7,57.8,59.0,59.8,60.6,61.6,63.1,63.6,64.7,65.7,67.0,67.8,69.0,69.2
07:30:52.016,79.0,73.5,73.4,57.3,59.7,61.0,58.1,55.4,56.4,56.7,53.4,56.3,52.7,60.6,58.1,55.5,57.2,56.6,62.7,56.6,55.3,54.6,57.0,56.8,56.4,57.2,57.9,58.8,59.9,60.7,61.3,62.6,63.8,64.8,65.8,66.9,68.0,69.1,69.2
07:30:53.016,80.6,73.5,73.0,60.0,58.2,54.6,54.1,56.5,52.3,48.3,52.0,53.6,54.1,63.2,55.4,55.0,55.7,54.9,55.3,56.1,54.7,54.1,53.7,55.0,56.0,56.6,57.7,59.2,59.6,60.9,61.4,62.8,63.7,64.6,65.8,66.9,67.8,69.1,69.2
07:30:54.016,78.6,73.4,73.2,60.5,58.0,52.4,48.3,53.3,51.2,53.3,53.5,55.7,54.4,65.0,56.1,54.4,56.3,54.6,55.8,55.0,55.7,54.0,55.0,55.1,56.3,57.4,57.4,58.2,59.0,60.5,61.5,62.7,63.8,65.0,65.9,66.9,68.0,69.2,69.3
07:30:55.016,77.9,73.5,73.4,57.9,59.3,58.6,50.4,55.3,54.2,53.0,49.8,54.3,55.4,66.3,54.4,54.3,56.2,55.4,55.0,55.0,54.6,54.4,55.4,54.9,55.7,56.7,57.3,59.0,59.9,60.5,61.7,63.0,63.6,64.4,66.0,66.9,67.9,69.2,69.2
07:30:56.016,80.4,73.5,74.9,60.1,57.7,57.3,56.3,56.7,55.7,52.7,54.9,52.5,55.3,65.4,56.3,53.1,55.5,55.6,55.4,54.0,54.4,54.1,55.5,55.9,56.0,57.0,57.4,58.7,59.5,61.1,61.7,62.9,64.0,64.8,65.9,66.9,68.0,69.0,69.1
07:30:57.016,82.7,73.4,77.6,58.4,64.2,64.8,64.7,68.2,69.7,69.8,67.4,68.7,60.0,64.4,62.0,57.7,57.7,55.8,56.8,55.2,53.9,53.9,54.6,55.0,56.0,56.9,57.5,59.3,59.6,60.6,61.8,62.7,63.9,64.7,65.7,66.7,67.7,69.1,69.3
07:30:58.016,79.3,73.5,73.4,60.7,58.8,55.9,56.0,58.1,61.5,61.0,54.8,57.1,55.1,64.3,57.2,55.8,55.0,54.6,55.0,55.0,54.4,53.3,55.4,55.6,56.0,56.8,58.2,58.6,59.7,61.0,61.8,62.8,63.9,65.0,65.9,66.9,67.9,69.0,69.2
07:30:59.016,78.0,73.5,73.2,56.9,57.3,57.1,58.6,60.0,57.9,53.4,51.7,57.1,53.1,64.1,55.5,53.8,56.2,56.1,54.6,55.7,55.3,54.8,55.6,55.3,55.5,56.8,57.9,58.6,59.5,60.8,61.7,62.6,63.9,64.8,65.9,66.8,67.9,69.0,69.1
07:31:00.016,79.9,73.4,73.4,59.4,56.2,63.4,65.6,65.7,60.1,56.9,54.8,57.2,55.7,62.8,57.5,54.9,56.0,54.5,56.6,55.2,53.8,54.0,54.8,55.8,55.7,56.7,57.1,59.1,59.8,60.7,61.6,62.8,63.5,64.9,65.7,66.8,68.0,69.0,69.3
07:31:01.016,105.7,83.4,94.9,90.6,84.4,88.3,84.8,79.9,80.4,76.8,73.8,72.6,72.7,79.3,78.2,88.5,90.9,86.8,80.4,78.2,74.8,77.9,76.3,70.9,66.4,63.4,60.6,60.5,61.2,61.6,62.3,63.4,63.9,64.8,65.7,66.9,68.0,69.0,69.3
07:31:02.016,111.0,92.5,107.0,98.5,98.1,92.3,90.8,90.4,91.3,101.1,96.6,96.2,95.2,95.6,96.4,96.2,95.6,90.0,92.0,88.9,87.3,85.7,84.8,83.6,80.9,76.9,71.6,71.0,71.9,70.3,68.7,68.9,68.7,68.0,66.9,67.0,67.8,69.1,69.1
07:31:03.016,115.3,101.3,113.7,95.0,93.0,95.1,97.4,99.0,96.4,97.3,100.8,98.5,100.6,104.0,103.2,107.3,106.7,105.3,104.3,103.4,98.9,94.5,94.8,92.7,87.5,82.5,77.4,76.7,76.4,75.4,73.6,73.3,72.9,71.8,68.7,68.2,68.4,69.2,69.2
07:31:04.016,118.8,103.1,115.2,107.0,108.1,107.3,104.9,99.8,100.4,105.5,106.0,105.3,102.9,106.3,106.1,104.2,105.8,108.2,105.4,103.0,100.5,97.3,97.2,96.0,92.7,86.3,81.1,79.2,79.1,77.8,76.2,76.5,76.0,73.8,70.4,69.1,68.4,69.2,69.2
07:31:05.016,118.5,104.0,114.5,103.3,102.1,102.5,104.1,104.4,102.7,103.7,103.1,100.9,103.0,103.5,103.0,102.5,104.2,104.4,105.6,104.7,102.1,99.9,97.5,97.4,94.1,87.4,83.2,80.4,80.4,78.9,77.8,77.2,76.6,73.7,69.8,68.6,68.3,69.1,69.1
07:31:06.016,120.3,102.3,112.5,104.2,107.2,104.9,104.1,101.3,99.3,101.0,102.3,102.1,99.2,101.6,102.0,101.5,103.3,102.2,102.9,102.6,100.4,97.5,96.7,96.5,92.3,86.7,82.7,80.0,79.9,78.6,78.1,77.5,76.2,72.5,68.6,67.5,68.0,69.0,69.3
07:31:07.016,122.6,102.0,112.9,109.7,107.5,99.8,106.2,106.8,102.9,103.6,104.5,103.7,101.0,102.5,102.4,102.4,104.1,103.2,102.4,102.2,99.3,96.8,96.6,95.6,91.7,87.1,82.6,80.6,80.6,79.5,78.4,77.9,76.9,73.7,69.4,68.3,68.2,69.1,69.2
07:31:08.016,122.2,104.2,114.3,108.3,107.7,110.1,108.6,109.5,106.8,104.9,103.4,102.3,102.7,105.2,104.8,101.0,102.4,104.8,103.9,103.9,101.2,99.9,98.6,98.3,94.4,88.7,84.5,82.5,82.3,81.4,80.6,80.0,79.2,76.5,72.0,70.4,68.9,69.3,69.3
07:31:09.016,119.8,108.6,117.4,102.3,100.3,98.7,102.1,103.4,103.9,103.6,103.1,105.6,105.3,104.3,104.7,105.9,107.2,107.1,108.0,105.5,105.3,103.5,103.7,103.1,99.3,94.1,89.9,88.2,88.2,87.3,85.8,85.9,84.4,81.8,77.0,74.4,70.8,70.1,69.8
07:31:10.016,125.2,114.5,124.2,100.1,103.1,106.7,105.8,108.9,108.6,111.3,108.3,110.5,113.0,115.3,111.0,113.8,115.6,115.5,114.2,114.6,111.9,109.9,108.7,108.5,105.3,100.4,95.9,94.0,94.2,93.2,91.9,91.7,91.4,89.0,84.1,82.4,77.1,74.5,72.4
07:31:11.016,130.6,117.9,129.1,109.0,112.1,113.8,113.0,120.2,117.7,114.7,114.9,117.7,119.0,119.3,120.3,117.6,117.8,120.8,119.0,116.6,115.5,112.4,110.6,110.6,106.9,103.0,99.7,97.1,97.3,97.1,96.9,97.7,97.8,96.0,91.5,92.2,87.5,84.7,82.9
07:31:12.016,133.6,120.1,132.3,112.2,109.5,110.8,113.0,115.0,115.3,119.5,122.4,119.0,122.1,124.2,123.6,124.4,124.8,122.4,120.5,120.6,117.4,115.6,113.2,113.0,109.6,106.0,100.9,99.6,99.7,99.6,99.5,100.7,101.2,100.3,96.8,97.9,94.0,92.2,91.6
07:31:13.016,137.3,122.4,136.1,117.9,117.2,118.5,115.8,111.8,121.1,124.1,125.7,124.2,125.2,127.6,127.5,127.9,126.6,125.2,123.9,120.7,119.4,116.3,114.2,114.4,111.0,106.1,102.9,100.9,101.7,101.9,100.5,101.8,102.7,101.5,98.0,99.0,94.9,93.7,93.5
07:31:14.016,141.6,126.0,139.8,109.4,112.8,114.1,121.3,129.6,129.9,131.1,130.3,130.6,132.5,133.2,130.9,129.4,130.2,128.2,126.2,124.3,122.6,120.5,118.7,118.2,115.2,111.3,107.7,106.0,106.6,106.6,106.5,108.1,109.0,108.0,104.8,105.8,101.6,101.3,100.7
07:31:15.016,143.3,128.5,141.7,114.4,121.9,127.1,124.7,124.4,129.6,131.9,134.8,133.9,133.6,133.8,131.6,131.5,129.2,129.8,128.5,125.9,123.5,120.6,120.3,120.9,118.2,113.4,110.8,110.0,111.8,112.5,110.9,111.9,112.6,112.0,107.5,108.9,104.9,104.2,102.7
07:31:16.016,143.6,129.5,142.1,117.7,125.1,130.4,129.0,124.8,126.7,130.5,131.3,134.3,134.5,136.1,132.9,132.8,131.2,131.1,128.9,127.3,124.7,122.7,122.7,122.7,119.5,114.9,112.3,113.1,114.9,115.6,113.8,114.3,114.1,114.2,109.5,110.4,107.1,106.0,104.6
07:31:17.016,143.4,128.3,141.4,122.4,121.7,129.0,131.4,127.4,132.6,129.8,130.9,132.3,132.0,133.9,133.1,132.3,129.4,129.0,128.3,125.7,124.3,121.3,118.9,119.6,115.9,113.0,112.1,113.1,114.2,114.1,111.8,111.3,111.0,111.2,106.1,106.9,103.1,103.4,102.0
07:31:18.016,143.9,127.6,140.4,123.8,128.2,130.4,132.0,136.8,133.0,131.8,132.9,131.5,131.9,132.2,130.4,128.3,128.1,125.7,124.8,125.9,122.2,119.1,117.9,117.8,115.9,114.5,113.7,114.0,114.4,114.3,112.6,111.6,110.4,109.5,106.5,104.6,104.3,103.3,102.7
07:31:19.016,144.1,126.8,140.1,129.9,132.3,133.7,136.8,131.8,131.4,133.1,133.4,132.6,130.7,131.5,129.4,128.0,128.3,127.0,124.3,123.6,120.4,117.2,116.6,116.5,116.0,114.1,113.6,113.4,113.6,113.7,112.3,110.1,108.4,106.8,106.0,104.4,103.6,102.5,100.8
07:31:20.016,141.5,124.6,137.3,127.4,127.9,127.9,131.5,132.7,127.3,129.7,128.0,130.6,127.9,127.1,125.6,126.0,126.3,124.7,123.5,121.8,118.3,115.1,114.3,115.7,114.3,112.1,110.7,110.8,111.1,110.7,108.7,105.8,104.8,102.9,103.4,101.9,100.0,98.2,96.6
07:31:21.016,140.3,123.8,137.6,122.2,122.1,123.9,127.3,128.6,121.1,130.3,134.3,132.6,126.3,125.7,128.4,126.2,126.2,124.9,122.4,120.2,117.1,114.7,114.1,114.4,114.2,112.4,111.2,110.9,110.4,109.6,107.1,105.2,104.9,102.9,103.0,101.0,100.7,98.1,97.4
07:31:22.016,139.8,123.3,135.6,128.2,129.0,130.5,126.7,128.0,128.0,127.6,130.0,126.6,125.6,127.0,125.9,124.2,121.7,121.1,120.0,119.0,117.2,114.2,113.8,115.0,115.9,113.0,111.9,112.2,110.9,108.7,106.1,106.4,105.6,103.2,103.6,101.8,101.6,98.7,98.8
07:31:23.016,137.8,120.1,133.5,124.1,124.6,121.6,126.3,127.7,124.2,128.5,128.7,125.5,125.2,124.2,122.0,122.4,122.0,119.7,118.8,116.1,113.4,110.5,110.6,111.9,111.8,109.0,108.3,108.3,106.9,103.2,100.7,103.2,101.4,98.1,98.9,97.3,96.6,94.7,93.3
07:31:24.016,135.6,118.4,131.5,119.4,123.3,125.1,126.4,125.7,121.6,125.3,124.2,123.5,123.6,122.7,121.9,121.8,120.1,117.7,117.4,114.2,110.9,107.4,108.0,110.0,109.2,109.1,107.7,107.2,105.3,99.9,99.4,102.4,99.9,95.7,98.1,95.9,95.0,95.2,91.2
07:31:25.016,134.7,116.8,130.3,117.1,123.0,122.9,124.1,124.0,126.2,127.5,123.8,123.5,121.7,121.3,120.6,119.8,117.4,116.6,115.3,112.6,110.2,105.5,107.1,108.2,108.3,106.8,106.9,106.0,103.9,98.0,98.4,100.3,98.3,94.8,96.0,94.1,93.5,93.9,90.1
07:31:26.016,133.0,117.7,128.3,122.9,124.2,120.5,119.7,121.4,123.1,123.4,119.9,119.0,119.7,119.8,117.7,118.0,115.3,115.2,113.8,113.9,110.9,106.0,108.1,110.1,109.9,109.6,109.1,107.3,104.4,97.8,100.1,100.9,98.1,95.9,95.3,95.2,94.2,94.1,91.1
07:31:27.016,132.0,114.6,127.4,115.6,120.6,122.0,119.6,119.5,121.7,120.5,122.5,120.9,118.7,117.2,116.9,114.9,113.0,112.3,112.4,108.7,107.3,102.1,104.0,105.1,106.1,105.5,103.8,102.0,98.6,92.1,95.4,94.8,92.4,91.3,88.6,88.5,87.0,87.1,84.7
07:31:28.016,130.3,112.7,125.3,117.2,116.4,119.0,121.8,117.5,116.4,115.6,116.8,117.0,113.3,115.8,114.6,116.0,113.8,112.5,112.2,108.9,107.9,101.9,102.8,103.5,102.9,103.8,102.9,100.7,96.9,92.4,95.6,93.7,90.8,90.2,87.7,86.9,86.0,86.4,84.1
07:31:29.016,129.7,111.7,124.6,111.9,116.3,113.8,119.1,119.5,116.3,116.9,120.8,116.0,115.3,115.5,113.9,115.3,112.2,111.1,108.7,107.7,105.5,101.1,101.0,103.2,103.6,103.2,102.7,99.6,94.9,90.6,94.0,92.1,88.6,87.7,85.9,83.1,81.4,80.7,77.9
07:31:30.016,127.8,110.2,122.0,114.3,112.6,115.9,118.7,116.8,120.4,116.1,116.7,113.5,110.7,110.6,112.9,112.2,108.7,108.0,108.1,106.9,102.1,97.1,98.7,102.1,102.7,101.3,101.7,98.0,93.9,91.0,93.4,91.0,87.1,85.7,84.6,80.8,79.1,79.3,77.3
07:31:31.016,125.8,109.1,120.6,109.9,110.7,113.7,114.3,112.8,112.9,116.1,110.6,113.7,108.6,112.0,110.5,106.4,107.2,106.4,106.8,104.6,101.6,97.2,98.3,101.3,101.2,100.9,100.1,95.5,91.9,89.6,91.1,88.7,85.1,83.3,82.7,78.1,76.0,75.2,73.7
07:31:32.016,125.7,107.3,119.3,108.0,114.2,119.3,118.4,114.8,114.1,113.2,111.9,111.6,111.1,108.8,108.5,108.0,106.4,104.2,103.2,101.6,99.4,93.7,96.8,99.5,99.9,99.5,99.1,95.1,90.9,88.5,90.1,87.1,84.0,81.9,80.7,75.7,73.6,73.4,71.2
07:31:33.016,125.3,107.2,118.2,114.4,112.0,112.8,109.2,108.2,115.2,112.2,108.6,110.4,106.8,108.6,109.1,107.2,108.0,106.0,105.7,103.1,100.0,96.0,97.2,100.8,100.6,99.3,96.4,91.9,87.3,84.9,85.4,84.3,81.3,78.4,78.3,73.5,72.1,71.9,70.9
07:31:34.016,124.0,103.0,116.7,117.2,111.3,108.5,112.8,112.4,111.5,111.0,110.7,109.1,107.5,105.5,107.7,103.5,103.0,102.3,101.4,98.8,96.8,91.0,92.1,94.3,95.2,93.9,93.1,86.0,82.0,80.9,81.2,78.8,74.5,70.3,68.6,67.7,68.0,69.0,69.2
07:31:35.016,124.1,100.4,116.2,112.7,112.3,112.5,115.0,115.0,108.6,112.3,110.2,109.4,104.2,103.9,105.5,103.8,102.2,101.7,100.9,96.8,93.3,89.5,90.5,92.6,93.3,91.9,90.1,83.4,79.7,78.4,77.4,74.8,71.7,68.3,67.8,67.4,68.1,69.0,69.1
07:31:36.016,119.9,100.7,114.9,106.3,109.6,106.3,105.7,110.8,110.7,108.8,106.8,108.4,108.8,106.3,102.8,105.1,101.5,101.2,100.2,98.3,94.8,87.9,90.2,93.2,94.2,93.7,91.1,84.5,82.1,79.9,77.5,75.0,71.0,68.2,67.5,67.1,67.9,68.9,69.2
07:31:37.016,120.2,101.2,114.1,107.3,111.6,110.0,109.0,108.4,106.2,109.8,105.6,104.8,106.1,106.5,103.9,102.8,102.1,100.5,99.6,99.3,95.8,89.8,91.0,95.3,95.8,93.9,91.6,85.6,82.4,80.9,77.5,74.4,70.4,67.7,67.0,67.1,68.0,69.0,69.2
07:31:38.016,119.7,96.7,112.7,108.0,111.9,113.0,106.0,104.7,108.1,109.1,108.3,103.0,102.9,103.9,102.0,97.7,98.5,97.6,96.4,93.4,90.6,83.6,86.7,87.7,88.9,89.1,86.1,80.4,78.9,77.2,74.0,72.3,69.2,66.9,66.2,66.9,68.1,69.0,69.2
07:31:39.016,119.6,97.3,112.8,106.8,109.5,112.4,110.0,108.5,110.4,110.0,107.4,103.9,104.4,102.2,102.0,100.5,99.3,97.9,96.3,93.6,93.2,84.8,88.0,90.6,90.9,89.2,86.5,79.0,76.5,74.3,70.9,68.6,66.0,65.2,65.8,66.9,67.8,69.1,69.1
07:31:40.016,119.5,95.0,111.2,109.1,109.6,103.7,105.9,110.4,108.3,105.4,105.9,103.6,101.8,100.1,101.2,98.8,98.3,96.0,96.3,93.2,90.3,82.4,84.1,86.7,87.8,86.3,82.6,74.4,74.5,71.9,68.1,66.9,65.0,64.9,65.7,67.0,68.1,69.0,69.3
07:31:41.016,118.1,92.9,109.0,102.0,100.9,107.5,107.9,103.0,105.4,106.5,103.7,101.9,99.5,100.1,95.1,96.2,95.6,91.8,90.6,88.0,86.3,79.3,83.8,86.7,87.2,85.9,84.0,75.9,73.9,70.2,66.9,65.9,64.5,64.9,65.8,66.7,67.9,69.0,69.3
07:31:42.016,117.8,90.0,108.4,108.8,106.1,106.5,109.2,104.7,101.5,101.4,102.3,98.5,101.6,97.5,96.2,94.5,94.1,91.7,90.5,87.2,85.4,76.9,80.4,82.1,81.1,78.9,76.4,68.7,67.3,64.9,63.5,63.7,63.9,64.9,65.7,67.0,67.9,69.2,69.1
07:31:43.016,115.4,91.3,107.6,106.7,102.0,103.7,105.7,101.8,103.2,103.4,99.8,102.2,99.4,96.2,94.4,92.7,93.4,91.2,91.2,88.2,86.3,78.6,83.0,85.4,85.8,84.5,80.3,73.1,72.2,69.8,66.4,65.7,64.5,65.0,65.7,66.9,68.0,69.0,69.1
07:31:44.016,115.1,91.8,107.6,99.7,99.3,100.7,105.1,105.0,106.1,101.4,101.4,99.5,95.2,98.0,95.3,94.8,92.2,90.2,90.1,87.2,83.4,78.6,81.2,84.4,85.4,84.9,81.1,73.4,71.8,68.4,64.9,63.9,63.7,64.7,65.8,66.9,67.9,69.2,69.3
07:31:45.016,114.9,86.8,106.1,101.5,101.3,102.7,102.5,104.4,103.5,100.8,100.3,99.3,99.7,94.9,96.0,92.6,89.8,89.0,87.2,83.9,81.2,73.1,76.0,78.2,77.8,76.9,73.4,66.2,65.3,64.1,62.4,63.1,64.1,65.0,65.9,66.9,68.0,69.0,69.2
07:31:46.016,115.7,86.9,104.8,108.0,106.2,100.2,100.6,103.4,99.7,98.2,96.9,98.2,95.1,94.8,92.5,90.5,89.2,88.1,86.8,83.8,82.3,76.1,78.7,80.7,80.6,77.8,74.2,66.9,65.3,62.8,62.1,63.1,64.0,64.7,66.0,66.8,68.0,69.1,69.3
07:31:47.016,114.6,84.5,103.9,100.7,101.7,105.7,102.6,99.6,105.4,99.8,98.2,94.4,93.9,91.3,90.7,88.6,86.6,87.0,85.6,83.6,79.8,71.8,73.4,75.1,75.5,74.4,71.1,63.7,62.7,61.8,61.9,63.3,64.5,65.0,65.8,66.6,67.8,69.1,69.2
07:31:48.016,112.8,83.3,103.0,105.7,103.8,101.7,104.1,102.1,98.9,98.8,97.7,94.4,93.4,92.9,91.5,87.6,87.4,86.7,82.5,82.2,77.5,71.0,73.5,74.1,74.0,73.5,70.0,63.2,62.8,61.3,61.9,63.1,63.9,65.0,65.9,67.0,67.9,69.0,69.2
07:31:49.016,112.0,81.0,101.7,104.3,100.0,99.7,100.4,98.4,98.1,99.0,94.6,95.0,95.1,87.9,88.6,86.7,83.8,81.7,81.5,78.2,75.8,68.5,69.4,71.9,72.1,71.3,67.4,61.7,61.6,61.5,62.0,63.1,63.7,64.8,66.0,66.9,67.8,69.2,69.1
07:31:50.016,111.3,81.0,101.3,98.6,100.3,102.1,102.7,96.6,98.0,98.1,96.7,94.6,91.0,92.4,88.4,85.9,86.3,83.1,81.1,78.7,74.9,68.0,70.4,71.8,70.0,68.7,65.1,60.3,60.5,61.5,61.8,62.9,63.7,64.9,66.0,67.0,67.9,69.0,69.2
07:31:51.016,111.8,80.1,101.2,100.8,95.7,95.8,96.8,98.6,102.9,99.3,93.0,93.6,91.6,90.4,90.0,85.3,83.4,82.9,80.1,78.7,73.8,66.9,69.3,72.6,71.1,68.8,64.7,59.7,60.5,60.5,61.9,62.9,64.1,64.7,65.7,66.8,67.8,69.0,69.3
07:31:52.016,111.6,80.0,100.3,104.5,103.8,98.5,99.0,95.8,94.3,98.9,95.4,90.4,89.6,89.4,87.7,83.7,82.5,82.9,81.2,78.3,73.7,65.6,69.8,70.1,70.2,67.9,65.0,60.3,60.4,61.0,61.5,62.8,63.9,64.9,65.9,66.9,67.9,69.1,69.1
07:31:53.016,109.6,77.8,98.3,101.7,99.0,97.5,100.1,96.7,95.5,89.8,90.8,90.7,89.1,85.3,86.3,83.0,81.4,78.4,76.6,73.7,67.7,62.3,64.0,65.1,65.7,65.7,62.1,59.7,59.7,61.1,61.9,62.9,63.8,64.9,65.9,66.8,67.8,69.0,69.2
07:31:54.016,108.7,77.7,97.6,95.1,95.5,94.5,92.4,91.4,93.1,90.5,95.0,89.5,88.4,85.1,83.7,83.6,81.0,78.9,76.5,73.6,70.1,62.7,66.1,66.6,65.5,63.0,61.3,59.7,59.7,61.2,62.1,63.0,64.0,65.0,65.9,66.7,68.0,69.1,69.2
07:31:55.016,106.5,77.1,96.6,94.3,93.8,93.6,92.1,93.0,95.6,93.5,91.7,88.6,87.0,84.4,84.2,79.9,77.2,75.8,75.0,74.0,69.6,62.6,65.6,67.1,67.7,64.0,62.3,59.2,60.3,60.9,61.8,63.1,64.1,64.9,65.8,66.8,67.8,69.0,69.2
07:31:56.016,106.4,75.9,95.4,97.7,89.9,90.7,92.6,88.9,87.9,90.0,90.2,88.6,87.3,87.0,85.1,81.2,78.5,76.7,73.3,70.6,66.6,59.9,60.2,59.9,59.9,58.9,58.5,58.6,60.0,61.2,61.6,62.8,64.6,65.0,65.9,66.8,67.8,69.0,69.3
07:31:57.016,104.5,75.5,95.4,93.1,93.3,96.8,95.8,93.8,90.3,93.0,88.9,87.9,85.6,84.8,80.3,79.0,76.4,74.8,71.5,69.8,66.9,60.1,61.9,63.0,62.6,60.6,59.7,58.8,60.0,60.9,61.8,62.8,63.8,65.0,65.7,67.0,67.9,68.9,69.2
07:31:58.016,106.2,75.2,94.3,89.5,96.3,94.7,88.7,83.9,89.1,91.4,90.1,87.4,84.1,81.8,80.9,78.7,77.7,75.1,71.9,69.5,64.6,59.5,61.8,61.8,59.9,58.3,58.4,59.0,59.8,60.9,61.8,62.7,64.1,65.0,66.0,66.8,67.9,69.0,69.2
07:31:59.016,105.5,75.0,93.9,95.3,95.4,94.3,94.8,91.3,87.5,90.1,90.1,88.4,87.4,83.5,79.2,78.8,76.2,74.2,70.5,69.2,64.6,59.0,59.4,59.9,59.6,57.9,58.5,59.0,59.7,61.0,62.2,62.9,64.2,65.2,66.0,66.8,68.1,68.9,69.3
07:32:00.016,104.7,75.1,93.4,92.1,93.8,93.4,90.1,90.8,93.6,88.4,85.0,87.0,84.5,83.7,82.1,77.7,74.9,73.4,72.4,70.4,66.0,59.8,60.1,60.6,60.5,59.2,58.2,58.9,60.3,60.9,62.0,63.0,64.4,65.0,65.9,67.0,67.8,68.9,69.2
07:32:01.016,104.0,74.5,92.5,94.7,90.0,93.3,94.4,91.3,89.2,86.5,86.1,86.1,82.1,80.0,79.4,76.3,76.3,72.6,69.2,68.1,63.5,58.1,58.7,58.4,58.6,58.2,58.3,58.6,59.7,60.6,61.5,63.0,63.9,64.9,65.8,66.7,67.8,68.9,69.2
07:32:02.016,102.6,74.2,92.1,86.9,92.5,95.8,92.3,91.2,88.4,86.0,83.1,85.1,81.8,79.7,77.9,76.2,71.0,68.9,69.4,65.7,62.0,57.9,57.8,57.8,57.8,56.7,57.6,58.6,59.5,60.7,61.6,62.9,63.7,64.3,65.6,66.8,67.9,69.0,69.3
07:32:03.016,103.0,74.2,91.5,95.0,90.8,88.9,89.3,89.2,87.7,90.0,83.6,82.3,82.7,80.0,76.9,75.0,73.8,70.8,68.5,65.8,61.4,56.8,57.3,56.7,56.7,57.3,58.4,59.1,60.3,60.7,61.8,62.8,64.1,64.9,65.9,66.9,67.8,68.9,69.1
07:32:04.016,102.6,74.3,91.7,93.7,88.4,89.6,88.6,89.7,91.7,87.2,84.6,83.8,81.6,78.3,77.7,75.0,71.7,69.5,67.5,66.1,61.2,56.5,57.1,57.5,56.7,57.5,58.2,59.0,60.5,60.9,61.9,62.8,64.7,65.1,65.8,66.8,67.8,69.1,69.3
07:32:05.016,102.4,74.2,90.5,93.9,89.4,82.5,86.1,90.1,90.2,85.6,83.8,84.8,82.9,76.9,76.8,74.7,73.9,69.8,68.0,65.0,59.8,56.6,56.1,57.0,56.7,57.6,57.5,58.7,60.1,60.8,62.2,62.9,63.8,65.0,66.1,66.8,67.9,69.0,69.3
07:32:06.016,103.5,74.1,90.2,93.1,92.4,92.4,89.6,90.2,86.5,86.1,81.7,84.9,82.0,79.3,75.7,75.2,71.9,69.9,67.1,64.6,60.3,56.1,56.3,56.4,57.1,56.7,58.3,59.0,59.9,60.7,61.9,62.6,63.9,64.9,65.8,67.0,67.8,69.1,69.3
07:32:07.016,101.7,74.0,90.6,87.7,88.7,90.0,89.0,87.4,88.3,88.4,85.9,82.1,81.0,81.8,78.1,74.5,72.0,68.7,67.2,64.2,60.4,56.4,56.4,55.9,56.8,57.4,58.0,58.7,60.1,60.7,61.7,62.9,63.8,64.7,65.7,67.0,67.8,69.1,69.2
07:32:08.016,100.8,73.9,89.6,89.5,86.6,88.6,87.1,82.5,86.9,86.8,86.1,82.9,80.1,78.6,76.2,74.7,69.7,68.9,66.4,62.5,59.2,56.4,56.0,56.2,56.7,57.1,57.4,58.5,59.9,60.6,61.9,62.6,63.8,64.9,65.9,66.7,67.7,69.0,69.2
07:32:09.016,102.1,74.0,89.7,87.1,87.9,91.3,90.4,88.0,87.5,85.7,84.6,82.8,79.7,78.1,76.4,73.2,70.1,68.0,66.2,62.0,59.4,55.6,55.7,56.4,56.9,57.1,57.7,59.1,59.7,60.8,62.0,62.9,64.2,64.6,65.9,66.8,67.9,69.1,69.2
07:32:10.016,103.4,74.0,90.9,95.4,95.1,92.2,90.0,86.1,88.5,88.8,84.7,85.1,83.5,79.0,77.9,76.0,71.8,69.6,65.2,63.8,59.3,54.6,55.8,56.4,55.8,56.8,57.6,58.5,59.7,60.7,62.0,63.0,63.8,64.7,65.8,66.9,67.8,69.0,69.2
07:32:11.016,102.3,74.0,90.7,90.8,91.2,92.6,90.2,87.3,88.4,87.9,85.9,80.7,81.9,80.1,72.7,74.2,70.6,69.4,67.2,63.7,59.8,55.4,56.3,56.4,55.7,56.7,57.5,59.0,60.2,60.9,61.9,63.0,63.9,64.8,66.0,66.8,67.9,69.2,69.2
07:32:12.016,103.9,74.0,89.7,87.0,87.6,88.9,87.0,92.7,89.5,85.3,81.2,78.8,81.3,78.0,75.4,73.2,72.3,68.9,66.0,63.4,59.1,54.9,55.3,55.4,56.0,57.2,57.7,58.6,59.9,60.7,61.8,63.0,63.9,64.8,65.8,66.8,67.7,69.1,69.3
07:32:13.016,102.7,73.9,88.2,89.9,88.0,88.4,91.2,85.4,83.4,83.2,81.9,79.5,79.5,76.8,75.5,73.4,70.3,67.5,64.9,64.0,59.2,55.8,55.2,55.2,55.8,56.7,57.8,58.8,59.7,60.5,61.9,63.0,63.8,65.1,65.6,66.9,68.0,69.0,69.2
07:32:14.016,100.5,73.7,88.4,88.4,92.1,89.5,85.9,86.0,86.1,85.5,79.4,82.3,79.7,76.8,75.2,70.9,68.8,65.7,64.4,64.0,57.5,55.0,54.6,55.7,55.9,57.2,57.8,58.3,59.6,60.8,61.5,62.9,63.9,64.8,65.7,66.8,67.8,69.2,69.3
07:32:15.016,102.4,73.8,89.9,90.7,90.9,91.9,90.7,86.3,87.9,88.3,80.3,81.1,79.0,77.3,73.1,69.5,69.4,67.8,65.2,61.0,58.6,54.3,54.7,55.8,55.7,56.8,58.0,59.1,59.3,61.0,61.5,62.5,64.0,65.1,66.0,67.0,68.0,69.0,69.3
07:32:16.016,100.1,73.8,88.0,88.3,85.6,91.0,90.1,84.7,85.1,81.1,80.8,80.1,80.9,77.5,73.0,72.0,69.7,66.0,66.1,62.8,57.9,54.7,55.5,55.5,55.7,56.8,57.5,58.9,59.8,60.9,62.0,63.3,64.1,64.7,65.8,66.8,68.0,69.0,69.2
07:32:17.016,101.5,73.7,87.3,81.2,82.3,87.8,88.4,87.6,82.8,85.3,76.6,79.4,78.9,76.1,72.3,70.9,68.2,65.6,65.4,60.7,57.0,54.1,56.0,55.1,55.8,56.0,57.6,58.9,59.7,61.0,62.0,62.8,64.0,64.8,65.9,66.9,67.8,69.1,69.3
07:32:18.016,99.3,73.8,88.3,86.9,89.1,88.4,86.8,88.8,86.0,81.3,81.1,79.5,78.7,76.2,71.9,70.1,68.7,66.5,64.5,62.3,58.4,55.5,55.7,55.7,56.2,57.2,57.9,58.7,59.9,61.0,62.1,62.9,64.1,65.1,65.9,66.7,67.9,68.9,69.2
07:32:19.016,100.0,73.7,88.3,86.8,87.8,89.3,88.7,86.6,83.8,85.1,79.3,82.8,78.1,74.1,70.2,70.2,70.0,67.0,65.2,60.1,56.8,54.9,55.2,55.4,55.4,57.0,57.7,58.8,59.9,60.5,61.9,62.8,63.7,64.7,65.9,66.8,67.8,68.9,69.2
07:32:20.016,101.5,73.8,86.8,88.8,84.4,87.2,89.0,85.5,82.3,81.1,81.6,79.2,72.4,75.9,72.2,71.0,67.6,65.6,64.0,60.9,56.8,54.4,55.8,55.6,55.9,57.2,57.9,59.0,59.8,61.0,62.1,62.9,64.0,65.0,65.7,66.9,67.9,68.8,69.1
07:32:21.016,101.8,73.7,87.0,95.1,93.3,91.4,84.2,84.2,83.3,85.1,81.6,80.4,75.7,76.1,73.3,69.1,68.0,65.7,63.1,59.8,56.4,53.9,55.6,55.8,56.0,57.7,58.3,59.2,59.5,60.8,61.6,62.7,63.9,64.9,65.7,67.0,67.8,69.0,69.2
07:32:22.016,99.7,73.6,86.3,92.9,88.5,85.8,85.5,86.9,89.2,81.0,80.5,76.5,74.7,72.2,71.4,70.9,66.8,63.9,63.5,59.7,55.6,53.5,55.5,55.9,55.8,56.3,57.7,58.9,59.9,60.9,61.5,62.8,63.8,64.9,65.9,66.7,67.8,69.0,69.2
07:32:23.016,101.3,73.7,85.7,87.8,86.0,89.4,85.7,79.2,85.7,82.4,79.1,79.1,75.2,73.1,72.0,68.7,67.4,65.2,63.0,59.8,56.2,53.8,55.5,54.8,56.1,57.2,58.3,58.7,60.2,60.9,61.7,62.9,64.2,64.9,65.7,66.7,67.9,69.1,69.4
07:32:24.016,98.9,73.7,86.0,89.9,88.7,89.6,86.0,85.1,83.1,77.4,81.5,74.9,73.2,74.8,72.3,69.8,67.6,63.7,63.2,60.0,56.6,55.0,54.9,55.8,55.6,56.9,57.9,58.9,59.9,60.9,61.8,62.7,64.0,65.0,65.7,67.0,67.9,69.0,69.1
07:32:25.016,99.6,73.7,86.8,89.7,91.6,93.2,89.5,86.6,86.9,81.6,78.5,80.1,73.4,73.6,74.3,70.4,68.8,66.1,61.9,59.2,55.6,53.3,54.3,55.0,56.1,56.5,57.9,58.6,59.8,60.6,61.8,62.8,63.9,64.9,65.8,66.8,67.9,69.1,69.3
07:32:26.016,100.8,73.7,87.6,94.9,95.3,92.8,89.9,86.9,87.6,83.6,81.6,79.3,74.3,74.8,72.5,71.4,67.2,65.7,61.4,60.3,55.7,53.3,54.9,54.9,56.3,57.0,57.8,58.6,59.8,60.9,61.7,63.0,64.1,64.9,65.9,66.9,67.8,68.9,69.3
07:32:27.016,98.2,73.6,86.7,87.9,86.1,86.2,87.8,87.3,87.0,82.8,78.6,77.2,74.9,72.9,72.5,71.5,69.2,66.7,62.2,59.9,56.2,54.3,54.7,55.7,55.9,56.9,57.6,58.9,59.8,60.8,61.7,62.8,63.8,64.9,65.6,66.7,67.8,68.9,69.2
07:32:28.016,99.5,73.7,85.1,88.1,87.2,85.6,82.8,83.1,83.1,78.0,74.5,77.4,77.0,75.7,71.1,69.2,65.8,65.8,63.4,58.5,55.5,53.3,54.6,55.6,54.8,56.9,57.4,58.6,59.9,61.1,62.0,62.7,63.8,64.8,65.9,67.0,67.9,69.1,69.2
07:32:29.016,98.5,73.9,85.6,89.9,92.0,87.1,83.0,82.6,83.8,79.3,77.5,77.8,74.5,73.9,71.4,68.1,67.3,63.7,61.6,59.8,55.5,53.3,54.0,55.0,55.8,57.0,57.9,58.9,59.9,60.9,62.0,63.1,64.0,65.1,65.8,66.8,67.9,69.0,69.3
07:32:30.016,98.1,73.8,85.6,84.2,85.5,84.4,86.1,88.1,84.2,78.7,80.9,76.7,73.6,74.2,70.3,68.9,67.5,63.7,60.8,59.5,56.4,53.7,54.6,54.8,56.6,57.6,57.7,58.8,59.6,60.8,61.5,62.9,64.2,64.8,65.9,66.8,68.0,69.0,69.2
07:32:31.016,98.1,73.6,84.8,86.0,87.3,86.5,82.1,86.2,83.8,80.1,79.3,75.4,75.0,75.4,72.8,70.1,67.8,63.7,63.2,58.6,56.4,53.5,54.3,55.3,56.4,56.5,57.9,58.7,59.7,60.6,61.7,62.9,64.0,64.7,65.9,66.9,67.9,68.9,69.2
07:32:32.016,97.0,73.7,84.9,84.8,86.3,87.8,90.9,85.6,76.7,78.1,74.3,75.8,75.7,72.8,72.6,68.7,66.0,63.1,61.4,59.2,56.1,53.7,55.0,55.4,56.0,57.2,57.5,58.8,60.0,60.8,61.9,63.2,64.1,64.9,66.1,66.9,67.9,69.1,69.2
07:32:33.016,97.2,73.7,84.8,84.7,86.7,90.7,86.9,80.4,81.5,80.3,78.7,77.2,73.4,74.3,69.6,68.3,65.4,65.8,63.3,58.4,54.3,53.2,54.1,56.0,56.1,56.8,57.8,59.4,59.9,60.9,62.1,62.8,64.0,65.0,66.0,66.8,68.1,69.0,69.2
07:32:34.016,101.4,73.7,85.4,85.2,82.8,85.1,86.1,84.4,83.8,81.4,78.7,76.5,75.4,72.7,69.1,68.6,65.6,64.0,61.0,57.9,56.1,54.1,55.4,55.9,55.8,56.6,57.9,59.0,59.7,60.6,61.9,63.0,64.0,65.0,65.9,66.8,67.8,69.1,69.3
07:32:35.016,96.3,73.6,86.6,86.5,90.2,87.9,86.0,87.9,86.0,83.8,79.0,78.7,77.0,75.1,72.1,69.6,66.4,64.2,60.5,58.4,56.0,53.9,55.1,55.4,56.4,56.9,57.7,58.3,59.7,60.8,62.0,62.9,63.9,64.6,65.9,66.7,67.7,69.1,69.1
07:32:36.016,98.1,73.6,86.1,85.2,88.6,86.4,85.6,82.2,77.6,78.9,78.6,79.1,76.5,74.1,70.2,71.3,65.6,62.8,62.4,59.8,55.8,52.8,55.4,55.0,55.7,57.0,57.5,58.8,59.4,61.0,62.1,62.8,63.8,64.8,65.7,66.8,67.9,69.0,69.3
07:32:37.016,97.2,73.7,86.0,82.4,87.2,88.1,86.1,80.2,82.5,82.9,80.0,77.7,78.0,73.8,70.9,70.9,66.3,65.2,62.8,59.7,55.8,53.5,55.0,54.9,55.8,56.9,57.8,59.1,59.9,60.6,61.7,62.7,63.8,64.8,66.0,66.9,67.9,68.9,69.1
07:32:38.016,98.1,73.6,85.9,86.0,86.2,87.5,88.5,83.6,83.0,80.3,77.1,76.6,77.7,76.3,72.4,67.9,68.3,63.9,61.5,57.8,56.1,53.7,55.7,55.3,56.3,56.7,57.4,59.1,59.8,60.7,61.6,62.8,63.8,64.7,65.7,66.7,67.7,69.0,69.2
07:32:39.016,96.6,73.6,86.5,88.8,86.5,83.8,82.7,84.8,89.0,81.5,79.2,77.3,75.9,74.9,71.6,67.4,67.1,65.1,61.8,59.3,55.9,53.4,55.0,55.0,55.7,56.5,57.4,58.9,60.0,60.6,61.4,62.9,64.0,64.5,65.8,66.8,68.1,69.1,69.2
07:32:40.016,100.8,73.8,86.7,87.1,91.0,87.1,86.8,85.4,81.1,80.3,80.2,79.7,79.2,77.5,73.9,70.8,69.0,65.3,63.2,60.3,56.9,54.2,54.8,54.6,55.9,57.2,57.4,59.2,60.0,60.7,61.8,63.1,64.3,65.4,66.3,67.0,68.0,69.1,69.1
07:32:41.016,99.1,73.7,87.1,85.5,86.2,87.9,88.3,89.1,85.4,83.4,81.5,78.6,75.9,76.2,72.2,69.1,68.9,64.1,61.5,58.9,56.2,53.3,54.3,55.4,55.4,56.6,57.5,58.7,60.1,60.6,61.5,62.9,63.9,64.9,65.9,66.8,67.9,69.0,69.2
07:32:42.016,101.6,73.6,86.9,88.4,82.4,85.7,89.3,87.8,83.6,82.7,80.4,79.5,78.0,72.6,72.4,69.7,68.5,64.7,62.2,59.8,56.6,53.6,54.8,55.4,55.1,56.6,57.6,58.9,59.4,60.8,61.8,62.7,63.9,64.9,65.7,66.8,67.8,69.1,69.3
07:32:43.016,99.5,73.6,86.8,91.9,90.0,93.5,89.7,85.2,82.2,79.7,76.1,81.5,74.9,71.0,70.1,70.0,67.7,64.6,61.7,59.0,55.7,52.9,54.9,55.3,56.3,56.6,57.7,58.9,59.9,60.8,61.9,62.7,63.9,64.9,65.8,66.8,67.8,69.0,69.2
07:32:44.016,101.6,73.7,87.3,93.5,90.2,88.2,88.5,90.4,87.5,83.8,80.1,78.6,76.3,74.0,74.0,71.3,67.1,64.5,62.3,59.0,56.1,52.8,54.7,55.9,56.1,57.2,57.9,58.9,59.9,60.7,61.5,62.7,63.7,64.9,65.9,67.0,67.9,69.1,69.2
07:32:45.016,99.0,73.8,88.3,89.2,87.7,91.3,91.9,89.0,86.2,82.2,80.6,82.7,78.3,75.9,72.1,70.8,68.5,66.5,62.5,58.4,55.1,52.8,55.2,55.1,55.5,57.2,57.6,58.6,59.9,61.0,62.0,63.4,64.6,65.1,66.0,66.9,67.8,69.0,69.2
07:32:46.016,96.1,73.6,85.8,86.9,84.8,85.5,83.2,80.0,80.4,77.6,80.3,80.1,75.8,72.0,72.3,70.1,67.1,63.6,60.4,57.5,54.2,53.7,54.8,55.4,55.7,56.8,58.0,58.3,59.6,60.8,62.0,62.8,63.9,64.8,65.9,66.8,68.0,69.0,69.3
07:32:47.016,98.5,73.7,87.4,84.7,88.2,89.3,86.5,87.9,82.6,82.8,83.5,81.3,81.4,75.0,74.1,75.0,71.2,65.2,63.1,58.3,54.9,54.1,55.5,55.5,56.1,56.9,58.0,58.6,59.9,60.9,61.9,63.1,63.6,64.8,65.8,66.9,67.8,68.9,69.1
07:32:48.016,100.5,73.8,87.3,92.3,87.2,86.4,87.5,85.5,80.2,82.8,78.1,80.5,80.7,76.5,75.6,74.3,70.6,66.7,64.1,60.7,55.6,53.3,54.8,55.3,55.5,56.5,58.1,58.2,59.8,60.8,61.9,62.6,63.8,64.8,66.0,67.0,67.9,69.1,69.1
07:32:49.016,99.7,73.7,87.9,90.9,90.0,90.8,86.9,85.8,84.7,81.2,81.2,80.5,81.2,76.8,73.7,72.4,69.2,66.6,63.6,60.9,56.5,53.7,54.2,54.9,55.5,56.6,57.2,58.5,60.1,60.8,61.8,63.1,64.0,64.7,65.8,67.0,68.0,69.0,69.1
07:32:50.016,98.1,73.7,88.2,85.8,89.5,89.1,84.5,85.8,84.9,81.8,85.5,81.8,81.3,75.1,73.9,69.8,67.8,63.8,61.2,58.0,55.6,54.6,55.0,55.5,55.6,56.8,57.9,58.7,59.9,60.9,61.8,62.7,63.7,64.8,65.9,67.0,67.9,68.9,69.3
07:32:51.016,100.0,73.8,88.5,89.3,89.2,86.8,88.8,86.5,83.0,82.6,81.7,81.2,79.8,77.9,75.2,73.0,69.5,66.4,64.4,60.2,55.5,54.4,55.4,55.2,55.5,56.7,57.7,58.4,59.7,61.0,61.8,63.1,64.0,64.8,65.6,66.9,67.9,69.1,69.3
07:32:52.016,100.2,73.8,88.0,91.3,91.7,89.1,86.0,82.4,82.9,81.4,84.4,82.3,82.9,79.5,74.5,73.6,71.3,70.3,65.9,62.5,58.1,54.7,55.0,56.0,55.8,56.5,57.8,59.3,60.2,61.0,61.7,62.7,63.7,65.0,65.8,67.0,67.8,68.9,69.2
07:32:53.016,98.9,73.8,88.8,91.9,91.4,84.9,86.8,84.9,83.5,87.6,83.7,82.7,80.8,79.1,75.4,73.1,69.5,67.0,64.7,59.7,55.9,53.4,55.1,55.6,55.6,56.6,58.1,59.1,59.7,60.4,61.9,62.8,63.8,64.9,65.9,66.8,67.8,69.2,69.2
07:32:54.016,98.4,73.7,88.1,88.6,93.1,92.0,85.4,84.1,81.9,81.8,80.2,81.6,80.3,76.9,75.0,70.7,69.0,65.6,62.0,58.2,55.7,53.4,54.5,54.9,55.9,56.2,57.7,58.7,59.6,60.6,61.5,62.9,63.5,64.9,65.7,66.9,67.8,68.9,69.2
07:32:55.016,98.1,73.7,87.8,86.9,90.0,88.5,85.8,84.6,83.1,82.3,82.1,80.1,78.9,73.3,73.4,71.9,67.0,65.4,62.4,58.9,56.0,54.7,54.1,55.3,55.4,56.9,57.7,58.8,60.0,60.9,61.6,62.7,63.7,64.9,65.9,66.9,68.0,69.0,69.1
07:32:56.016,99.7,73.7,87.4,88.3,80.7,83.2,88.3,85.4,83.8,81.6,80.1,79.4,78.6,73.9,73.6,70.6,70.1,65.3,62.8,59.4,55.2,54.2,54.6,55.7,56.1,57.2,57.9,58.8,59.7,60.6,61.9,62.8,63.9,64.8,65.6,66.8,67.8,69.0,69.2
07:32:57.016,97.8,73.7,87.7,82.4,85.3,89.0,88.5,86.9,84.7,84.2,80.4,80.3,77.7,75.5,74.0,73.4,68.7,66.1,64.3,60.2,56.4,54.8,54.8,56.2,56.0,56.2,57.9,59.0,59.7,60.5,61.8,62.4,63.7,64.9,65.8,66.7,67.9,69.1,69.3
07:32:58.016,97.9,73.8,86.5,90.1,87.9,86.8,89.2,82.8,81.3,80.7,81.6,78.3,78.6,77.2,74.5,71.8,70.0,67.6,64.1,61.3,56.6,53.9,55.9,56.0,56.1,57.3,57.6,58.1,60.2,60.3,62.0,62.7,63.6,65.0,65.7,66.8,68.0,69.0,69.4
07:32:59.016,96.6,73.8,87.0,84.3,86.2,86.5,82.1,81.1,86.5,84.1,81.1,81.1,79.1,74.6,73.1,73.0,68.4,66.9,63.9,59.8,57.5,54.3,54.8,55.1,55.9,57.2,58.4,58.7,59.6,60.7,61.7,62.9,64.1,64.8,65.9,66.9,68.1,69.0,69.3
07:33:00.016,100.0,73.8,87.3,88.2,89.4,88.0,83.2,83.3,85.2,81.4,81.7,80.4,77.6,75.6,73.4,72.2,69.8,67.3,62.2,61.0,56.7,53.2,54.1,55.4,55.9,56.9,58.2,59.0,59.6,61.0,61.8,62.7,63.9,64.9,65.8,66.8,68.0,69.0,69.1
07:33:01.016,99.7,73.7,86.8,92.4,91.9,88.8,86.8,80.3,82.8,83.7,80.8,81.6,79.2,73.0,72.2,73.1,69.9,66.2,64.4,59.8,55.8,54.7,54.4,55.2,56.5,56.7,57.7,59.0,59.6,60.6,61.9,63.0,64.0,65.1,65.9,66.8,67.8,68.9,69.2
07:33:02.016,98.0,73.8,87.2,89.0,86.9,83.5,82.4,79.3,85.1,84.4,79.8,79.0,77.2,78.2,75.8,73.8,71.5,66.1,64.0,61.3,57.6,54.3,54.1,55.1,56.2,57.0,57.9,58.6,59.8,60.7,61.8,62.5,63.8,64.9,65.8,66.9,68.0,69.0,69.2
07:33:03.016,99.5,73.8,87.1,89.2,86.0,86.7,87.5,87.4,87.2,82.7,80.5,80.3,76.5,75.8,74.7,72.3,66.8,67.3,64.8,61.2,57.1,56.1,56.0,55.9,56.3,56.4,57.8,59.3,59.9,60.7,62.2,62.8,63.9,64.9,65.8,67.0,67.8,69.0,69.2
07:33:04.016,97.7,73.7,86.1,90.6,88.5,87.6,84.1,80.4,84.3,81.0,79.6,79.3,76.5,73.1,74.4,72.2,69.5,67.2,63.4,60.3,56.2,55.2,55.7,55.3,56.4,56.7,57.7,58.8,59.7,60.8,61.4,62.7,63.9,64.7,65.7,66.8,67.9,69.2,69.2
07:33:05.016,98.8,73.7,86.6,89.8,90.6,88.6,86.0,83.7,83.2,80.4,80.4,79.2,77.7,74.3,73.2,71.9,66.3,65.5,62.1,59.8,57.2,56.4,56.5,56.6,56.6,57.1,57.8,59.1,60.4,60.5,61.5,62.9,64.2,64.7,65.9,66.7,67.9,69.0,69.3
07:33:06.016,95.5,73.9,86.1,79.4,82.4,84.1,84.6,81.3,81.2,82.3,81.2,81.4,79.7,73.2,72.9,72.7,68.4,64.9,62.7,59.1,57.8,56.2,58.5,57.1,57.4,57.1,58.1,58.5,60.0,61.0,62.2,63.0,64.1,65.1,66.2,66.8,67.9,69.0,69.2
07:33:07.016,97.1,73.8,86.7,87.5,86.3,83.3,82.7,83.7,85.4,81.8,82.1,78.1,77.3,74.7,72.2,68.9,64.5,66.2,62.8,60.2,58.2,56.8,57.5,57.7,57.6,57.8,58.0,59.0,59.8,61.0,62.1,63.1,63.9,64.7,65.9,66.7,67.9,68.9,69.2
07:33:08.016,97.8,73.7,86.9,90.8,87.2,82.5,84.9,83.6,86.0,82.4,80.0,78.6,79.4,74.6,72.7,71.7,65.9,63.7,61.5,58.4,56.8,56.1,57.5,57.3,57.1,57.0,57.7,59.1,60.1,61.0,61.8,62.8,63.8,65.0,65.6,66.9,67.9,69.0,69.4
07:33:09.016,96.7,73.8,86.4,82.1,89.4,89.9,86.8,84.5,79.1,77.4,80.1,79.7,77.7,77.6,74.1,71.9,69.0,65.7,60.8,59.5,57.2,54.7,56.4,56.6,56.9,57.2,57.6,58.5,60.1,61.1,61.8,62.6,63.9,64.8,65.8,66.8,68.0,69.1,69.2
07:33:10.016,98.6,73.7,86.5,91.7,87.4,83.3,83.0,83.8,85.9,80.9,80.8,80.9,79.0,75.6,73.0,71.5,67.9,65.9,62.6,59.4,56.8,54.4,56.2,56.0,56.3,57.2,58.3,59.2,59.8,61.0,61.7,62.9,63.5,64.8,65.8,67.0,67.9,69.1,69.2
07:33:11.016,96.3,73.8,86.0,88.4,87.1,85.4,89.0,85.1,83.1,79.5,78.9,76.0,78.1,74.2,72.6,70.6,65.7,64.4,62.5,58.3,55.7,55.4,56.4,56.5,56.7,57.8,58.2,58.8,59.6,61.1,62.1,63.0,64.0,65.0,65.9,66.7,67.9,69.0,69.3
07:33:12.016,98.8,73.8,86.3,82.2,87.3,89.1,83.8,83.1,82.1,76.7,75.4,81.9,77.7,75.6,72.3,69.7,66.1,63.6,62.2,59.0,57.0,54.4,55.2,56.2,56.3,56.9,58.0,58.7,60.0,61.0,62.2,63.0,64.0,64.9,66.0,66.8,67.8,69.2,69.2
07:33:13.016,94.9,73.8,85.1,83.7,85.0,85.2,87.6,83.9,83.7,78.7,78.0,79.6,75.1,73.7,71.8,73.2,67.3,63.6,61.2,58.2,55.9,54.3,56.5,55.7,56.0,57.1,58.1,59.0,60.5,61.2,62.1,62.9,64.0,65.1,66.0,66.7,68.0,69.0,69.2
07:33:14.016,97.5,73.9,86.9,84.6,89.9,85.4,77.3,83.2,81.6,79.2,80.6,82.6,78.0,75.3,72.2,68.2,68.9,64.9,64.1,61.2,57.9,54.8,55.9,55.5,56.5,57.3,57.3,58.7,60.4,60.7,62.3,63.5,64.2,65.4,65.9,66.7,67.9,69.1,69.3
07:33:15.016,98.2,73.9,86.4,88.9,87.7,83.6,85.2,84.1,81.0,80.4,78.1,75.6,77.7,78.2,73.7,74.2,71.7,68.7,65.7,62.5,57.5,54.5,55.7,56.7,56.3,56.9,58.2,58.7,60.0,60.8,62.0,63.0,64.0,64.8,66.0,67.0,67.9,68.9,69.2
07:33:16.016,99.1,73.8,87.0,86.9,91.1,87.5,87.5,82.0,82.3,78.9,77.3,79.9,76.3,79.8,76.5,72.9,73.7,68.7,65.2,61.1,55.1,54.6,54.6,55.3,56.7,57.3,58.2,58.7,59.7,60.7,61.8,62.9,63.8,64.6,65.9,66.6,67.8,68.9,69.2
07:33:17.016,99.1,73.8,86.7,92.3,91.0,87.7,82.2,83.4,78.2,78.9,79.5,78.2,78.7,77.4,73.2,72.7,69.8,66.9,62.9,59.7,56.3,55.0,56.1,56.1,56.4,56.8,57.4,59.0,60.0,60.9,61.8,62.9,63.7,65.0,65.9,66.9,67.8,69.1,69.0
07:33:18.016,96.3,73.8,86.9,83.1,86.8,88.6,85.0,77.5,80.6,80.8,81.1,80.4,78.6,77.6,74.7,70.6,70.9,68.5,64.7,63.2,57.1,54.5,56.4,56.6,57.4,57.1,58.1,58.8,60.1,60.8,62.0,63.0,63.6,64.8,66.0,66.8,67.9,69.1,69.3
07:33:19.016,100.0,73.9,86.9,89.6,89.5,86.3,89.2,83.8,80.2,78.5,78.3,80.2,76.6,74.3,73.4,69.7,67.3,66.5,66.2,60.5,56.5,54.7,56.2,55.8,57.2,57.0,58.1,58.8,59.9,60.7,62.1,63.0,64.0,64.9,65.9,66.8,68.0,68.9,69.2
07:33:20.016,98.6,73.8,86.9,86.9,86.2,84.4,86.3,84.1,82.5,83.6,82.0,81.8,80.9,75.2,77.0,71.4,71.4,66.1,62.4,60.9,59.1,57.1,57.0,57.5,57.1,57.3,57.5,58.9,59.7,60.5,61.8,62.9,63.9,64.7,65.9,66.9,68.0,69.0,69.4
07:33:21.016,96.5,73.9,86.0,86.7,80.4,81.4,87.9,87.1,77.1,80.7,81.6,77.7,75.3,74.1,73.2,72.8,68.7,65.8,63.1,59.4,57.5,56.1,57.8,57.6,58.0,56.6,58.1,59.2,59.7,60.4,62.1,62.9,63.8,64.9,65.9,66.9,67.7,69.1,69.3
07:33:22.016,97.6,74.0,86.2,87.9,86.7,88.5,88.1,82.0,79.3,80.8,82.4,78.8,77.5,76.6,74.1,74.5,70.8,68.8,66.8,61.9,58.7,56.4,57.5,57.1,57.4,57.0,58.2,59.1,60.0,61.3,62.2,63.0,64.0,64.6,65.7,66.8,67.9,69.0,69.3
07:33:23.016,98.3,73.9,86.2,82.4,86.9,90.7,88.7,79.8,80.8,80.5,81.6,80.7,77.3,75.0,73.6,71.9,69.0,66.2,62.8,59.8,57.6,55.6,56.6,56.5,57.4,57.1,58.0,59.6,60.0,61.0,62.1,63.2,64.4,65.1,65.8,66.7,68.0,69.1,69.2
07:33:24.016,97.8,73.8,85.9,86.3,88.8,89.2,90.6,85.7,81.1,78.0,70.8,78.4,77.0,75.0,72.7,72.9,69.4,64.2,61.3,57.0,58.0,54.6,55.6,55.9,56.4,56.5,57.6,58.8,59.6,61.2,61.6,62.9,63.9,65.1,65.9,67.0,68.1,68.9,69.2
07:33:25.016,96.5,73.9,85.6,87.1,84.3,84.5,85.7,79.7,81.6,77.5,80.9,79.4,78.9,74.7,73.4,71.1,67.9,67.4,64.3,59.9,57.3,56.2,57.6,56.6,57.0,57.2,58.0,59.3,60.0,60.8,62.2,62.9,63.8,64.8,65.8,67.0,67.9,69.0,69.3
07:33:26.016,96.9,73.8,86.7,90.6,86.4,85.6,86.4,82.0,83.0,83.7,82.1,78.9,74.6,75.3,74.3,70.0,66.9,65.5,61.4,59.0,56.7,55.5,57.3,55.9,56.8,57.5,57.7,58.9,60.1,60.8,61.7,62.7,64.0,65.0,66.0,66.8,67.7,68.9,69.3
07:33:27.016,96.9,73.9,86.3,85.4,83.9,86.7,83.5,83.3,78.3,78.9,79.5,78.9,79.5,77.3,77.6,73.2,70.0,67.7,64.8,62.1,58.2,55.6,57.4,56.3,57.1,56.5,57.8,58.6,59.7,60.8,62.1,62.7,64.3,64.8,65.9,66.9,67.9,69.2,69.3
07:33:28.016,97.3,74.0,86.6,90.2,89.9,88.0,88.4,86.3,80.4,76.5,77.9,82.3,78.7,73.3,74.3,74.7,72.6,69.1,64.2,62.3,57.6,56.0,56.6,56.0,57.2,56.5,57.8,58.8,59.8,60.9,61.8,63.0,64.1,64.8,65.9,66.8,67.8,69.0,69.1
07:33:29.016,95.8,73.9,85.8,85.0,87.6,85.0,81.9,82.0,82.2,82.9,78.8,77.6,79.6,75.9,74.5,72.2,70.0,66.6,62.8,59.0,56.8,56.1,57.1,56.8,58.1,56.9,58.0,59.2,59.9,60.8,61.9,63.0,64.0,65.2,65.9,66.9,67.9,69.0,69.1
07:33:30.016,96.7,74.0,85.7,85.2,82.4,78.7,80.4,82.9,78.5,80.8,78.0,78.7,78.9,75.7,73.4,72.6,70.4,67.5,64.5,60.2,59.1,57.2,56.8,56.4,57.4,57.3,58.3,59.7,60.3,61.0,61.8,63.2,64.6,65.4,66.0,66.9,67.9,69.0,69.1
07:33:31.016,95.5,74.0,84.7,86.3,82.6,83.6,82.2,82.8,76.6,77.9,78.4,75.6,75.2,73.9,72.8,71.1,66.8,65.0,60.8,59.3,58.5,56.7,57.2,56.7,57.9,57.3,58.1,59.0,59.9,61.2,61.7,63.2,64.3,65.1,65.9,66.8,67.9,69.0,69.1
07:33:32.016,93.5,73.9,84.8,84.2,81.8,77.6,77.5,79.7,80.2,81.7,73.7,77.3,76.2,74.4,70.7,69.9,67.2,65.2,63.3,59.0,56.8,55.0,57.3,57.1,56.7,56.9,57.4,59.3,59.6,61.0,61.6,63.4,64.1,64.6,66.1,66.9,67.8,69.1,69.2
07:33:33.016,96.4,73.7,85.4,87.5,89.6,85.8,85.7,82.1,79.5,78.1,77.3,79.2,78.2,74.6,70.7,69.4,68.5,66.5,62.6,59.3,57.5,55.8,56.5,56.4,56.3,56.8,57.7,58.5,59.9,60.7,62.0,62.9,63.9,64.8,65.9,66.8,67.8,69.1,69.2
07:33:34.016,96.6,73.8,86.1,85.4,87.3,88.4,84.8,79.3,84.7,77.3,80.3,80.1,77.5,75.3,76.0,73.4,68.7,67.2,64.8,59.6,57.0,55.9,56.8,56.3,57.2,56.7,58.1,58.7,59.6,60.9,61.9,62.8,63.8,64.8,65.9,66.9,68.0,69.0,69.2
07:33:35.016,95.7,73.7,85.6,85.4,84.5,85.4,83.0,80.8,81.7,80.4,79.7,80.0,76.1,75.3,73.9,70.8,69.2,66.0,63.2,59.1,56.6,55.2,56.8,56.3,56.8,56.8,57.7,58.7,59.7,61.2,62.0,62.9,63.8,64.8,65.7,66.8,67.7,69.0,69.2
07:33:36.016,97.1,73.8,84.7,82.8,85.1,85.3,84.4,78.9,80.5,79.9,76.8,76.6,77.4,75.2,73.4,71.8,67.1,64.8,62.4,56.8,56.6,56.1,56.0,55.4,57.0,56.7,57.9,59.0,59.8,60.9,62.2,62.9,64.2,65.3,66.2,66.9,67.9,69.1,69.3
07:33:37.016,98.4,73.7,85.7,90.8,87.3,83.7,84.1,84.9,82.7,81.9,74.5,73.1,76.0,74.7,72.6,71.1,67.3,62.4,60.9,57.5,56.0,54.3,55.6,55.2,56.7,57.0,57.9,59.0,59.8,61.0,61.7,62.9,63.8,64.9,65.7,66.9,67.9,69.0,69.3
07:33:38.016,95.9,73.8,87.4,84.2,80.4,81.5,83.5,87.1,85.4,81.1,80.6,82.5,78.3,77.2,73.3,73.2,70.0,67.4,64.6,61.4,57.0,54.0,55.0,55.6,56.3,57.0,57.9,58.5,59.7,60.7,62.0,62.9,64.0,64.8,65.8,66.8,67.8,69.0,69.4
07:33:39.016,97.6,73.8,87.7,82.1,87.1,88.4,87.9,82.8,81.9,81.2,82.9,82.7,78.5,78.1,74.6,73.0,67.7,67.1,63.9,60.3,56.6,53.9,55.8,55.0,55.6,56.6,57.8,58.5,59.5,60.9,61.9,62.9,63.9,64.9,66.0,66.9,67.9,68.9,69.3
07:33:40.016,97.1,73.9,87.9,81.6,86.2,90.5,89.9,87.0,86.7,85.1,81.0,81.8,76.6,76.9,75.4,75.0,72.1,68.9,65.8,62.6,58.2,55.4,56.0,55.8,56.0,57.0,57.6,59.2,60.0,60.7,61.9,63.0,64.1,64.9,65.7,66.8,68.0,69.0,69.2
07:33:41.016,95.0,73.8,86.4,83.2,85.2,85.4,82.7,82.8,82.8,80.0,78.9,76.9,81.6,77.1,71.9,74.2,69.0,65.8,63.5,58.8,56.3,54.7,55.9,55.9,56.1,56.8,57.7,58.9,59.9,61.0,61.7,63.0,64.0,64.8,65.9,66.7,67.8,69.2,69.3
07:33:42.016,95.1,73.9,86.5,78.6,84.8,85.7,83.6,83.2,84.2,83.7,82.2,78.7,79.0,74.9,77.0,75.6,70.6,69.3,64.4,58.9,57.0,54.5,57.0,56.2,56.1,56.0,58.6,59.1,59.3,60.7,61.9,62.7,64.0,65.3,65.9,67.0,68.0,69.0,69.2
07:33:43.016,97.4,73.8,86.4,86.9,88.5,90.1,89.1,84.1,80.2,79.6,80.8,78.1,79.3,74.2,73.2,73.2,72.4,68.8,64.7,60.9,58.3,54.6,55.5,56.1,57.1,56.6,58.1,59.0,59.4,60.8,62.2,62.9,64.0,64.8,65.8,67.0,67.9,68.9,69.2
07:33:44.016,98.5,73.9,86.5,85.8,86.2,85.1,86.8,86.3,82.2,81.2,82.6,81.7,78.1,76.7,75.7,72.8,70.1,68.6,64.7,61.0,57.8,54.6,55.5,55.7,56.7,56.6,58.2,58.7,60.2,61.1,61.8,62.8,64.0,64.9,66.0,67.0,68.0,69.0,69.1
07:33:45.016,95.2,73.7,86.2,82.7,82.2,83.8,84.8,83.2,83.2,83.5,80.0,79.7,76.2,75.1,71.6,70.2,68.5,66.0,62.7,59.3,56.8,55.5,54.8,54.9,56.6,56.9,57.8,59.0,59.7,60.8,61.9,62.7,63.9,65.0,65.9,66.8,67.8,68.9,69.1
07:33:46.016,95.0,73.8,86.0,82.6,85.0,86.3,84.9,85.1,83.4,83.8,80.5,80.1,74.8,75.6,71.0,70.3,68.2,66.1,61.1,58.4,58.2,56.2,57.6,55.8,56.4,56.1,58.4,58.7,60.4,60.7,61.9,63.2,63.8,65.0,65.8,66.8,67.8,69.1,69.2
07:33:47.016,95.7,73.9,86.7,84.3,85.8,87.7,87.9,83.0,81.1,78.7,82.8,79.5,80.6,76.1,74.2,72.5,68.0,66.7,61.5,58.6,56.6,56.3,57.7,57.1,57.1,56.9,57.8,59.0,59.8,60.9,61.9,63.3,64.1,65.0,65.9,66.9,67.9,69.0,69.2
07:33:48.016,96.1,73.7,85.4,80.7,76.1,82.3,85.2,79.2,80.6,79.6,81.1,81.8,75.1,71.8,73.5,72.0,68.9,65.5,62.1,58.7,56.4,55.7,56.0,55.6,56.3,56.8,58.0,59.0,60.1,60.9,61.9,62.8,64.0,64.9,65.9,66.8,67.9,69.1,69.3
07:33:49.016,95.1,73.7,85.2,84.6,81.1,83.4,82.9,80.5,82.4,82.8,78.4,79.6,77.1,72.6,70.8,71.9,68.8,65.5,61.4,58.2,56.4,54.4,55.5,56.2,56.3,56.9,57.9,58.4,59.3,60.5,61.8,62.8,64.0,65.1,65.9,66.8,67.9,69.0,69.2
07:33:50.016,96.3,73.6,85.6,86.1,87.6,87.7,87.3,83.4,83.9,80.4,78.3,79.3,76.5,73.9,71.1,69.2,66.8,65.7,60.1,55.6,56.3,55.5,55.9,55.3,57.1,57.2,57.1,58.7,60.0,60.6,61.4,62.7,63.7,64.6,65.8,66.8,68.0,69.0,69.3
07:33:51.016,95.8,73.7,84.8,79.4,86.1,87.7,89.1,80.6,77.5,79.5,78.1,76.9,77.7,74.4,69.1,68.4,64.9,65.1,60.2,56.8,57.3,55.9,56.9,56.7,56.5,57.1,57.6,58.6,59.9,60.8,61.3,62.8,63.9,65.0,65.8,66.9,68.0,69.1,69.2
07:33:52.016,92.9,73.6,82.6,82.2,82.1,84.3,81.6,81.6,77.3,76.3,76.0,74.6,76.4,72.0,70.4,66.0,63.2,62.6,59.8,55.7,55.2,54.6,56.4,57.1,57.3,56.9,58.0,58.8,59.6,60.9,61.6,63.1,63.9,64.8,65.5,66.8,67.9,69.0,69.3
07:33:53.016,95.2,73.7,83.2,85.7,83.1,82.2,85.4,80.4,80.1,75.8,76.7,72.6,74.5,72.5,68.1,66.5,64.1,61.0,59.6,57.1,56.1,55.8,56.0,55.6,56.6,57.0,57.7,58.8,59.7,60.7,61.7,63.0,64.0,64.7,66.2,66.9,67.8,69.1,69.2
07:33:54.016,94.5,73.8,84.6,86.2,86.7,85.5,85.0,84.7,82.9,79.6,75.9,75.8,75.7,73.6,69.5,68.0,66.3,65.4,62.2,57.8,56.2,57.4,57.5,57.1,56.7,57.0,57.2,58.7,60.1,60.8,61.9,63.1,63.9,64.7,65.8,67.0,67.9,69.0,69.2
07:33:55.016,94.5,73.8,84.7,84.6,86.9,84.7,82.2,79.4,80.4,77.3,80.6,80.2,77.0,73.1,72.3,70.2,67.5,63.4,60.3,57.9,57.8,56.5,58.2,57.3,57.6,57.4,58.3,59.0,60.5,61.0,62.2,62.7,63.9,64.8,65.8,67.0,68.0,69.0,69.2
07:33:56.016,92.7,73.8,83.8,83.5,82.7,81.2,80.2,84.3,79.1,74.7,78.6,77.2,72.0,73.8,71.6,69.7,67.9,64.9,60.6,58.1,56.2,55.2,56.2,56.3,57.0,56.9,58.0,59.6,59.9,61.0,61.6,62.8,64.2,64.9,66.0,66.8,67.9,69.0,69.2
07:33:57.016,96.3,73.8,85.4,84.6,87.5,89.0,88.0,81.7,83.4,82.4,78.8,76.9,76.2,74.7,74.0,72.9,70.6,66.6,64.8,60.4,57.6,55.6,57.4,56.6,57.0,57.1,57.6,58.8,60.0,61.0,61.6,63.1,64.0,65.1,65.8,66.9,67.8,69.1,69.2
07:33:58.016,93.7,73.9,85.1,81.0,80.9,81.9,82.1,77.8,83.8,81.0,78.0,77.7,76.1,73.5,72.1,71.7,70.0,67.8,64.4,60.0,56.5,55.1,57.0,55.9,56.4,57.4,57.4,59.2,59.6,60.5,61.6,62.9,63.9,65.2,65.7,66.8,67.9,69.0,69.2
07:33:59.016,94.8,73.8,84.4,77.8,83.4,87.0,86.9,79.8,80.0,78.2,75.6,76.7,75.2,74.7,71.9,68.9,67.9,67.2,63.8,60.6,57.0,54.6,56.1,56.4,56.6,56.9,58.1,59.2,60.3,60.8,61.3,62.7,64.0,64.8,65.8,66.8,67.9,69.1,69.2
07:34:00.016,94.3,73.7,84.6,83.9,82.8,80.7,84.5,82.4,78.0,78.5,76.3,79.1,75.1,76.7,72.6,70.1,68.7,66.0,63.2,59.2,57.4,56.0,56.8,55.6,56.4,56.7,57.2,58.7,60.2,61.0,61.9,62.8,63.8,64.7,65.8,66.6,67.9,68.8,69.0
07:34:01.016,97.9,73.8,85.8,87.2,85.4,87.0,85.0,77.4,79.9,80.8,79.5,77.0,76.5,75.0,71.9,72.6,67.6,65.4,62.5,58.5,57.4,55.7,55.9,55.7,55.5,56.1,57.5,59.1,60.2,61.0,62.1,62.8,63.9,64.9,65.9,66.9,68.0,69.1,69.0
07:34:02.016,95.5,73.7,84.7,85.3,85.7,82.2,85.3,83.1,85.1,82.2,79.1,77.3,76.8,74.7,72.1,70.9,67.8,64.8,63.1,59.3,56.9,55.6,56.3,55.2,55.8,56.3,58.1,59.3,59.8,61.0,61.9,63.0,63.7,65.0,65.7,67.0,68.1,69.0,69.1
07:34:03.016,96.9,73.7,85.3,88.6,88.0,84.9,83.1,83.2,85.0,80.0,77.9,77.9,76.9,75.0,74.5,70.9,65.3,67.0,61.9,58.1,56.8,55.8,57.1,57.0,58.0,57.1,57.5,59.4,59.9,60.7,61.7,62.7,63.8,64.9,65.7,66.8,67.9,69.1,69.3
07:34:04.016,97.0,73.8,85.0,84.4,85.6,88.6,86.1,77.9,80.0,81.6,78.3,78.8,76.8,73.2,70.9,68.5,65.9,64.4,61.7,56.5,56.6,56.4,57.1,56.7,57.6,57.1,57.7,58.9,60.2,61.1,61.9,63.3,64.7,64.9,65.6,66.8,67.9,69.2,69.2
07:34:05.016,95.8,73.9,85.9,83.3,81.6,82.3,81.5,81.9,84.3,81.6,77.2,79.1,77.7,77.2,73.0,70.5,67.6,65.9,62.1,58.5,57.1,56.3,56.2,56.2,56.0,56.8,57.7,58.4,59.7,61.0,62.0,63.3,64.5,65.3,65.9,66.8,67.9,69.1,69.3
07:34:06.016,94.2,73.7,85.4,81.9,82.7,85.1,79.9,87.0,82.8,82.2,79.7,78.4,75.5,76.7,74.3,72.9,68.4,62.7,60.6,56.6,56.5,54.2,56.5,56.0,56.4,57.3,58.0,59.0,59.6,60.8,62.0,62.8,64.1,65.0,65.8,66.9,68.0,69.1,69.2
07:34:07.016,96.4,73.9,86.8,80.7,85.8,87.6,86.1,80.7,84.6,81.2,82.8,78.8,77.6,74.7,72.1,70.5,67.5,65.0,61.3,57.9,56.7,55.8,57.2,56.4,57.4,57.5,58.6,59.2,60.0,60.8,61.5,63.1,64.5,65.2,66.0,66.9,67.8,69.0,69.1
07:34:08.016,96.8,73.8,85.2,82.2,83.2,86.5,85.6,84.3,82.3,80.5,79.5,76.4,76.1,76.4,72.3,69.5,67.5,62.8,60.0,56.5,56.1,55.2,56.1,55.7,56.5,57.1,58.4,59.4,60.0,61.2,61.6,63.1,63.9,64.9,65.9,66.7,67.8,68.9,69.2
07:34:09.016,98.3,73.7,87.6,86.2,92.3,90.8,87.8,84.1,83.8,84.9,81.8,79.0,78.2,75.2,72.6,70.5,67.5,65.0,61.5,57.3,57.6,54.7,56.0,55.7,55.6,56.9,58.0,58.7,59.9,60.8,61.7,63.1,63.8,64.8,66.0,66.7,67.9,69.1,69.2
07:34:10.016,96.1,73.7,85.8,83.5,86.0,87.9,85.6,87.2,83.6,80.2,80.3,77.2,75.6,74.7,71.4,69.9,67.8,65.6,63.9,58.1,56.6,55.2,55.8,56.1,56.4,57.0,57.5,58.9,60.0,61.1,61.8,62.8,63.8,65.0,65.7,66.8,67.9,69.0,69.3
07:34:11.016,96.7,73.7,84.9,82.6,84.0,83.2,83.5,86.5,80.6,80.9,79.2,76.1,76.5,75.8,71.7,69.5,68.2,65.8,61.3,59.0,57.2,55.4,56.1,55.7,56.1,57.0,58.0,59.5,59.8,60.9,61.7,62.7,63.9,64.9,66.0,66.9,68.0,69.0,69.3
07:34:12.016,95.7,73.7,84.8,85.3,85.2,84.7,86.3,84.3,82.0,81.7,78.9,75.8,76.7,72.9,72.9,70.9,65.8,62.7,60.6,56.9,56.2,56.0,56.9,56.4,56.9,57.3,58.2,59.2,59.9,61.1,61.8,62.8,64.0,64.8,65.8,66.8,67.9,69.0,69.3
07:34:13.016,94.6,73.7,84.0,84.8,85.2,81.3,82.7,81.4,79.8,81.3,72.8,80.6,73.9,76.3,71.8,68.6,63.2,63.3,60.1,55.7,55.5,54.0,56.6,56.0,55.7,56.9,58.3,59.1,59.7,61.0,61.9,62.8,63.8,65.0,65.8,66.9,67.9,69.1,69.2
07:34:14.016,95.7,73.8,86.0,85.1,87.3,85.4,87.7,81.2,82.1,75.3,80.4,80.1,76.9,72.4,70.2,68.9,65.0,64.4,61.2,57.0,55.3,53.8,54.9,55.5,56.3,57.1,57.7,58.8,59.9,60.6,62.0,62.9,64.0,65.2,65.8,66.8,67.8,68.9,69.2
07:34:15.016,96.6,73.7,84.8,84.9,88.1,84.6,80.8,78.6,81.6,81.7,76.9,76.0,76.5,76.1,72.3,70.6,66.8,63.8,62.4,58.3,55.3,54.8,56.0,56.2,55.7,57.2,57.7,58.8,59.9,60.8,62.2,62.8,63.9,64.9,65.6,67.0,67.9,69.0,69.2
07:34:16.016,96.3,73.7,84.8,81.8,83.8,85.5,82.8,80.7,79.7,79.9,76.4,76.2,73.4,71.7,70.3,69.2,68.8,65.4,61.1,57.1,55.6,53.6,56.1,54.9,56.5,56.7,57.1,58.5,60.0,60.7,61.7,62.7,63.9,64.8,65.9,66.9,67.9,68.8,69.1
07:34:17.016,95.6,74.0,84.9,82.0,81.7,81.9,80.2,80.8,81.3,79.8,81.0,78.2,78.0,73.2,72.6,69.3,67.2,64.9,60.7,56.9,55.2,54.3,56.2,56.3,56.4,57.0,58.0,58.8,59.9,61.3,62.2,63.8,65.1,65.4,65.9,66.9,67.8,69.0,69.2
07:34:18.016,96.3,73.8,84.6,83.2,82.7,85.7,85.3,81.1,78.6,79.8,79.4,78.8,76.5,74.7,72.6,71.4,67.5,64.6,62.3,57.1,57.0,55.3,56.7,56.0,56.7,57.5,57.8,58.9,60.2,60.9,61.7,62.5,64.0,64.8,65.8,67.0,67.9,69.0,69.2
07:34:19.016,97.7,73.8,84.6,89.0,86.0,81.6,85.7,82.9,77.9,78.2,76.7,76.9,78.2,76.8,76.0,71.1,70.8,67.3,64.6,61.2,58.1,54.2,55.8,55.5,56.4,57.5,58.1,58.5,59.6,61.1,61.7,62.9,64.1,64.9,65.9,66.8,67.9,68.9,69.2
07:34:20.016,93.8,73.9,85.8,84.8,85.1,78.2,79.7,84.5,84.7,80.6,79.9,77.3,76.9,76.1,74.5,74.4,71.5,70.2,65.9,60.5,58.3,55.8,57.2,55.4,57.3,57.4,58.5,58.8,59.8,60.9,61.6,63.0,63.9,64.8,66.0,66.9,67.8,68.9,69.1
07:34:21.016,96.2,73.9,84.9,83.7,83.3,80.3,79.6,83.0,81.7,78.5,76.0,78.0,78.3,73.1,75.1,73.2,70.7,67.0,63.9,59.1,57.7,55.2,56.6,55.9,57.0,57.6,57.6,58.8,60.1,60.8,61.9,62.6,63.8,65.1,65.9,66.9,67.9,69.0,69.1
07:34:22.016,94.9,73.9,85.5,85.6,83.5,81.2,81.7,80.2,82.1,81.3,77.2,79.0,78.0,74.1,73.2,70.9,68.0,65.9,63.8,59.1,56.9,56.0,57.2,57.5,58.0,57.3,58.3,58.9,59.6,61.1,61.6,63.1,63.7,64.9,65.8,67.0,67.9,69.1,69.2
07:34:23.016,95.8,73.8,85.2,82.7,84.4,83.2,82.0,79.1,81.3,81.1,79.9,77.4,77.6,77.7,72.3,71.2,69.6,67.0,63.9,61.0,58.9,54.9,56.3,56.9,56.3,56.9,57.4,58.7,59.9,60.7,61.8,62.8,63.8,65.0,65.9,66.9,67.9,69.1,69.4
07:34:24.016,97.0,73.6,84.1,86.0,87.2,86.6,86.3,83.9,80.1,76.8,75.4,75.1,75.1,72.5,71.1,68.5,65.7,62.9,60.4,57.8,55.8,54.6,56.2,55.7,56.5,56.9,57.7,58.5,59.7,61.0,61.6,63.0,63.9,64.7,65.9,66.7,68.0,69.0,69.3
07:34:25.016,96.0,73.6,85.1,88.4,87.8,84.7,86.5,87.2,82.7,80.3,78.8,76.9,78.0,74.6,72.2,69.6,66.2,62.6,58.8,56.3,56.5,55.2,55.8,55.6,56.4,57.0,57.9,58.8,59.9,60.7,61.7,62.8,63.8,64.7,66.0,66.9,67.9,69.0,69.1
07:34:26.016,95.9,73.7,82.8,84.7,80.7,83.5,83.1,76.6,76.9,76.3,72.2,75.8,73.1,75.0,69.4,68.5,67.1,65.7,60.7,56.9,57.1,54.7,56.1,55.4,56.7,57.5,58.1,59.2,59.7,61.5,62.1,62.9,63.8,65.0,65.6,66.7,67.8,69.1,69.2
07:34:27.016,95.7,74.0,84.3,85.7,79.8,81.0,84.1,82.8,76.5,77.7,76.5,75.9,73.6,71.2,72.5,70.2,67.9,65.3,60.5,57.7,55.1,54.6,56.2,56.8,57.0,57.0,58.3,59.2,60.2,61.2,62.5,63.7,64.8,65.7,66.2,66.9,68.0,69.1,69.2
07:34:28.016,95.6,73.6,83.5,89.7,87.8,83.6,85.3,80.0,77.0,79.5,76.8,76.2,74.7,73.9,71.0,70.0,67.5,65.8,61.3,57.0,55.6,55.1,56.9,56.3,56.4,57.1,58.3,58.8,60.1,60.4,61.5,62.8,64.1,64.9,65.8,66.7,67.9,69.1,69.2
07:34:29.016,95.5,73.8,84.4,80.3,80.2,77.4,81.4,80.5,81.8,79.2,76.6,75.5,74.5,72.9,72.9,69.8,68.8,64.9,60.1,56.9,55.3,54.4,56.4,56.4,57.0,56.8,58.1,58.6,59.4,60.3,62.1,63.0,64.0,65.0,66.0,66.7,67.9,69.2,69.2
07:34:30.016,95.5,73.9,84.7,86.7,84.9,84.7,85.9,80.3,77.7,80.7,79.1,77.9,75.6,75.0,70.7,71.4,68.3,66.7,63.5,59.9,58.5,57.5,57.3,56.7,56.2,57.2,57.7,58.6,59.9,60.8,61.8,62.9,64.1,65.3,65.8,66.7,67.9,69.0,69.3
07:34:31.016,96.0,73.8,84.2,83.5,82.6,79.8,81.2,80.4,79.5,78.4,79.6,75.0,72.8,75.1,70.7,70.1,69.1,65.4,62.7,58.7,57.3,56.9,57.5,56.7,56.2,56.6,58.4,58.8,59.9,60.8,61.6,63.0,63.9,64.9,66.0,66.9,67.9,69.0,69.2
07:34:32.016,94.4,73.9,85.1,86.1,81.8,82.4,82.8,82.3,80.8,76.7,77.6,78.3,78.3,74.7,73.4,70.6,67.9,66.1,63.7,60.4,56.8,55.4,56.8,56.4,56.5,56.8,57.7,59.1,59.6,60.7,61.7,63.2,64.4,65.4,65.7,67.0,67.9,69.1,69.1
07:34:33.016,96.3,73.8,85.2,83.7,83.7,86.6,86.3,79.4,80.1,76.9,78.8,76.2,76.6,76.2,73.9,69.7,68.1,63.3,61.2,58.1,56.1,55.6,57.0,56.3,56.5,57.3,58.4,59.4,60.0,61.3,61.8,63.0,64.1,64.9,65.9,66.7,67.8,69.1,69.3
07:34:34.016,94.8,73.8,83.8,85.2,86.0,80.1,77.2,77.1,79.3,79.3,77.5,76.3,76.3,72.2,70.0,68.6,66.1,63.9,61.0,57.3,58.0,55.7,55.9,56.3,56.8,57.0,58.2,58.8,59.8,61.0,61.9,63.0,64.3,65.0,65.9,66.9,67.9,68.8,69.1
07:34:35.016,95.9,73.7,84.1,82.6,83.4,86.4,81.7,81.9,81.1,76.7,77.3,76.2,76.0,73.4,69.7,67.9,65.4,65.1,63.0,58.3,56.3,55.4,55.0,55.0,56.4,56.7,57.7,58.2,59.5,60.8,61.9,63.2,64.1,64.8,65.7,66.6,68.0,69.0,69.1
07:34:36.016,95.3,73.7,83.1,87.1,84.2,82.1,81.6,79.5,80.7,77.8,74.6,72.8,73.9,73.4,72.2,70.0,65.9,63.0,61.4,58.8,56.5,56.0,56.2,56.0,56.0,57.0,58.5,58.8,59.9,61.2,61.8,62.8,63.6,64.8,66.0,66.9,67.8,69.0,69.1
07:34:37.016,93.4,73.8,84.8,78.8,82.1,85.2,86.7,82.7,78.2,79.9,81.2,79.0,76.1,73.5,73.2,70.6,67.4,65.2,64.0,60.1,57.3,56.1,55.8,56.1,56.1,56.7,57.5,58.6,59.9,60.9,62.2,63.2,64.3,64.8,65.9,66.9,68.2,68.9,69.3
07:34:38.016,95.4,73.8,84.1,82.6,85.3,84.2,84.3,77.6,78.9,77.2,77.6,76.1,75.3,72.8,69.8,68.3,67.5,64.0,61.2,58.1,57.6,55.7,56.1,55.8,56.6,57.6,58.0,59.5,59.7,60.7,61.8,62.8,63.7,65.0,65.9,66.8,67.8,69.0,69.4
07:34:39.016,93.1,73.7,84.2,75.5,77.6,80.6,79.0,80.7,80.7,75.0,78.1,76.3,76.7,72.8,71.4,67.7,64.6,63.1,61.6,59.5,57.6,56.5,57.2,56.9,56.5,57.2,57.9,59.0,60.3,60.8,61.9,62.7,63.5,64.6,66.0,66.9,67.8,68.9,69.2
07:34:40.016,93.9,73.8,84.2,80.7,80.2,81.6,83.5,79.8,79.2,82.1,78.3,76.0,75.9,73.9,72.9,68.5,65.2,62.0,60.7,58.1,59.0,57.4,58.8,57.5,57.4,57.1,57.6,59.1,60.0,61.1,61.9,62.9,64.0,65.1,66.0,66.7,68.0,69.3,69.3
07:34:41.016,94.1,73.9,84.4,85.3,84.5,83.0,78.8,80.4,80.6,81.1,77.9,77.6,75.3,74.5,71.9,70.9,66.3,65.3,62.4,59.0,57.9,56.6,58.0,57.8,57.0,57.3,58.6,59.1,60.0,60.7,62.2,63.1,63.9,64.9,65.8,66.8,67.9,69.1,69.3
07:34:42.016,94.7,73.8,83.4,80.9,82.1,84.5,80.2,75.6,77.9,75.7,73.8,73.7,76.0,75.5,71.1,70.6,67.6,65.1,63.6,59.4,57.4,55.3,55.3,56.8,56.7,56.7,57.8,58.5,60.0,60.8,61.7,63.1,64.1,65.0,65.8,66.7,68.0,69.1,69.2
07:34:43.016,94.4,73.8,85.2,82.7,83.3,82.0,84.3,84.0,79.3,80.3,78.2,78.7,76.6,75.2,72.0,71.7,70.4,69.2,63.6,60.2,57.9,56.7,57.1,55.9,56.6,57.3,57.4,58.8,60.0,61.0,62.0,62.7,63.9,64.9,65.8,66.9,67.9,69.1,69.2
07:34:44.016,96.3,73.8,85.3,89.5,86.1,80.4,81.5,80.9,83.2,80.1,81.1,78.1,75.5,75.4,73.5,71.8,69.1,67.0,65.0,60.4,58.2,56.5,58.3,57.4,57.5,57.9,57.9,59.0,60.0,60.5,61.8,62.9,63.9,64.9,65.7,66.9,67.9,69.1,69.2
07:34:45.016,95.2,73.9,84.9,84.9,82.1,87.7,87.1,79.5,81.5,80.5,77.3,77.7,75.3,73.1,71.8,70.2,67.7,64.5,62.4,59.6,59.3,57.2,57.2,57.0,56.7,56.9,57.6,59.0,60.3,60.9,62.0,63.5,64.2,64.7,65.8,67.1,67.9,69.0,69.2
07:34:46.016,94.2,73.8,84.3,85.3,83.7,84.8,83.7,82.7,75.7,78.5,77.4,76.6,74.9,74.2,72.6,70.4,66.5,64.9,60.5,59.6,57.2,56.4,57.2,56.8,55.8,56.9,57.9,58.8,59.6,60.9,62.0,62.9,63.7,64.9,66.1,66.8,68.0,69.1,69.1
07:34:47.016,95.3,73.8,85.4,84.4,83.8,83.2,80.9,79.5,75.9,74.9,79.1,77.8,72.6,73.8,70.8,67.3,65.8,64.9,62.0,56.6,58.6,56.5,56.7,55.9,56.0,57.1,57.9,59.0,60.1,60.4,61.7,62.8,64.1,64.9,66.0,66.9,67.9,69.1,69.4
07:34:48.016,95.1,73.7,82.6,87.6,85.4,81.8,77.3,81.4,81.3,75.4,75.8,75.7,74.2,75.0,72.0,69.4,66.9,62.8,59.1,57.4,56.2,55.9,57.2,56.5,56.9,56.6,58.0,58.9,59.7,60.9,61.8,62.9,64.0,65.0,66.0,67.0,67.9,69.1,69.3
07:34:49.016,96.3,73.8,85.1,83.7,82.7,85.4,85.4,82.7,84.5,79.5,76.4,79.2,77.0,74.9,73.8,70.7,69.1,65.6,62.2,58.3,56.2,56.2,56.4,57.0,57.0,56.6,57.9,59.3,59.8,60.7,62.1,62.9,63.9,65.0,66.0,66.9,67.7,68.9,69.2
07:34:50.016,95.2,73.8,82.8,81.6,84.1,82.7,78.3,79.5,80.1,78.2,75.5,76.6,70.9,72.9,70.0,67.2,65.7,64.2,61.3,58.6,57.8,56.5,56.6,56.0,56.8,57.0,58.1,58.7,60.2,61.2,61.8,63.0,64.1,65.0,65.7,66.8,67.9,69.0,69.4
07:34:51.016,95.1,73.7,83.8,83.4,87.8,86.8,84.0,83.5,81.8,79.8,77.7,76.0,72.5,74.6,72.6,68.4,65.7,62.2,60.2,60.1,58.1,55.2,55.9,55.5,56.5,56.8,57.4,58.6,60.1,60.8,62.0,63.2,64.2,65.0,65.7,66.7,68.0,68.9,69.2
07:34:52.016,96.4,73.7,83.8,89.5,89.1,86.6,84.3,82.5,80.1,78.8,78.4,78.2,75.7,74.3,72.3,67.8,65.8,63.3,61.8,59.3,59.2,56.8,57.2,56.7,57.3,56.7,57.8,58.9,60.3,60.9,61.8,63.1,64.0,65.1,65.9,66.8,67.9,69.1,69.4
07:34:53.016,94.0,73.8,81.8,81.0,79.1,81.9,81.0,75.3,73.7,74.5,73.2,75.0,73.6,71.6,68.4,67.4,65.9,63.1,62.5,58.5,57.8,56.1,56.5,57.2,56.4,57.0,58.2,58.9,59.9,61.3,61.9,63.1,63.9,65.1,65.8,66.8,67.9,69.1,69.2
07:34:54.016,96.6,73.8,84.6,88.5,88.5,89.4,85.5,81.5,82.6,80.9,75.6,76.8,74.8,75.2,71.8,71.4,67.5,67.5,62.0,60.3,58.2,56.7,57.9,56.4,56.7,56.8,57.5,58.6,59.7,60.6,61.8,62.6,63.8,65.0,65.8,66.8,67.9,69.1,69.2
07:34:55.016,97.6,73.8,84.9,86.6,85.8,85.7,85.7,84.7,78.2,79.8,73.5,72.2,74.1,77.3,72.9,69.8,66.6,65.2,60.3,59.8,57.6,56.7,57.8,56.8,57.5,57.0,57.9,58.3,60.0,61.1,61.7,62.5,64.0,64.8,65.9,66.8,67.8,69.0,69.5
07:34:56.016,94.3,73.7,83.2,84.8,81.1,80.6,79.0,80.1,80.5,76.9,74.5,74.5,72.2,72.9,71.8,67.9,67.4,63.2,59.7,58.0,56.4,56.1,58.1,56.6,56.8,57.2,57.6,59.2,59.9,61.0,61.9,62.8,63.9,64.6,65.8,66.9,68.0,69.1,69.3
07:34:57.016,93.6,73.7,82.9,81.8,82.4,82.9,80.3,79.7,79.4,79.4,77.2,76.4,75.8,72.4,70.7,70.0,67.8,65.5,60.8,57.9,57.0,56.1,56.5,56.2,56.5,56.9,58.1,58.8,59.9,61.0,61.8,62.9,64.0,64.7,65.5,66.7,67.9,69.0,69.4
07:34:58.016,96.0,73.7,85.7,83.0,80.8,85.8,86.9,84.1,82.9,78.8,80.1,77.2,78.1,74.9,72.6,70.1,66.0,64.9,63.0,57.8,57.1,55.9,56.2,56.4,55.9,56.2,57.9,59.1,59.9,60.4,61.6,62.7,64.1,64.9,65.7,67.0,67.8,69.0,69.3
07:34:59.016,95.3,73.8,85.6,85.7,81.9,84.6,81.5,81.9,79.6,78.9,79.6,79.2,74.9,75.3,73.4,71.3,69.1,67.6,62.9,58.4,56.8,56.0,56.4,56.8,56.9,56.9,57.5,59.1,59.7,60.8,61.9,62.8,63.8,64.8,65.7,66.8,68.0,69.2,69.2
07:35:00.016,95.5,73.8,85.0,78.0,79.4,87.4,88.0,80.0,80.9,83.0,77.9,80.2,78.7,74.2,73.3,71.4,69.6,67.0,63.7,60.0,57.7,55.4,56.5,55.3,56.3,56.8,57.6,59.0,59.6,60.7,61.9,62.9,64.2,65.0,66.1,67.0,68.1,69.0,69.2
07:35:01.016,94.6,73.7,85.1,85.7,86.2,86.7,84.5,81.7,82.0,79.6,79.1,78.9,78.9,76.4,74.6,70.1,67.4,65.9,63.3,57.8,56.6,55.9,56.6,55.7,56.1,56.8,58.2,58.9,60.0,60.9,61.8,62.7,64.0,64.9,65.8,66.8,67.9,69.0,69.2
07:35:02.016,94.1,73.9,83.5,83.3,82.3,79.2,77.3,78.6,80.6,78.0,77.7,76.0,76.6,73.2,70.9,69.5,67.2,64.4,61.7,59.2,56.4,55.2,55.8,56.2,56.9,57.3,58.2,59.0,59.7,61.1,62.2,63.4,64.3,65.1,65.8,66.8,67.8,69.1,69.3
07:35:03.016,93.8,73.8,83.5,83.9,81.8,81.1,77.2,77.3,80.0,77.0,76.2,76.6,74.3,73.0,69.4,68.0,66.4,64.1,62.6,57.8,56.8,54.6,57.2,55.8,56.8,56.6,58.3,59.4,60.7,60.5,61.9,63.3,64.1,64.8,65.7,66.9,67.9,69.0,69.2
07:35:04.016,93.4,73.7,82.2,79.4,76.4,77.7,75.9,79.4,80.7,74.3,73.9,73.4,73.2,67.6,68.6,66.0,64.2,62.3,60.6,58.2,57.4,55.5,57.3,55.6,56.3,57.1,57.5,58.8,60.1,61.2,61.9,62.7,64.1,64.8,65.9,66.7,67.8,69.1,69.1
07:35:05.016,94.1,73.6,82.7,84.3,82.2,80.2,78.8,79.6,79.1,78.9,77.5,74.6,75.0,71.7,70.6,67.6,64.7,63.1,61.3,57.5,58.0,55.8,56.7,56.7,55.8,56.9,57.8,59.0,59.5,60.8,62.1,62.7,63.7,64.8,65.8,67.0,67.8,69.1,69.3
07:35:06.016,95.4,73.6,82.3,86.7,83.4,82.1,80.9,79.2,80.7,77.9,72.6,73.5,72.8,71.3,68.6,65.0,65.4,61.3,60.7,57.1,57.6,56.1,56.1,55.4,56.0,56.8,57.7,58.2,60.1,60.8,61.6,62.8,64.0,64.8,65.6,66.8,67.9,69.1,69.3
07:35:07.016,93.9,73.6,81.0,81.1,80.2,83.8,86.1,78.2,76.6,76.5,73.6,72.1,70.6,71.7,68.5,67.4,63.1,61.2,60.5,57.0,56.6,55.5,56.3,55.5,56.6,57.0,58.1,58.7,60.3,61.0,61.6,62.8,63.9,64.7,65.7,66.8,67.8,69.0,69.3
07:35:08.016,93.7,73.6,81.6,84.1,79.7,80.5,80.7,77.0,79.1,76.0,74.9,69.4,71.2,68.1,69.9,63.9,63.7,61.1,58.9,55.7,54.9,55.7,56.3,56.5,56.8,55.7,57.9,58.7,59.8,60.7,61.8,62.6,63.7,65.0,65.8,66.8,67.8,68.9,69.2
07:35:09.016,94.2,73.6,81.6,83.2,82.9,80.8,81.9,76.8,78.1,77.8,73.5,72.2,73.1,69.1,67.8,65.9,64.3,63.0,60.0,56.5,55.8,55.4,55.9,55.8,55.8,57.1,57.9,58.8,60.3,60.6,61.6,62.8,63.8,64.8,65.9,66.9,67.9,69.0,69.2
07:35:10.016,93.0,73.6,82.0,77.0,76.8,82.5,82.1,79.6,75.5,76.0,74.1,69.2,71.2,68.4,66.4,66.7,65.8,65.0,60.4,57.3,55.9,54.3,56.2,56.1,56.5,56.8,57.3,58.7,59.6,60.7,61.8,63.2,63.9,64.9,66.0,66.9,67.9,69.1,69.2
07:35:11.016,93.7,73.6,82.0,84.4,81.8,83.0,78.5,79.2,75.7,75.4,76.6,74.0,72.6,72.7,71.2,67.7,66.1,62.5,60.8,57.6,55.0,55.5,55.5,55.1,56.6,57.5,57.7,59.0,60.2,60.5,62.0,62.7,64.0,64.8,65.9,66.8,67.9,69.1,69.3
07:35:12.016,93.5,73.6,81.3,85.2,83.8,81.6,76.5,79.4,78.9,74.3,73.5,74.0,72.5,71.7,68.4,67.9,65.5,63.8,62.2,57.5,57.9,56.5,58.2,57.2,57.2,57.2,57.6,59.0,59.5,61.3,61.2,62.5,63.9,64.7,65.9,66.8,67.9,69.0,69.1
07:35:13.016,93.2,73.7,81.5,82.8,80.2,79.4,80.0,79.3,77.5,73.1,73.2,74.2,71.9,72.7,68.9,65.9,64.7,62.6,60.8,58.3,57.4,56.9,58.9,58.3,58.6,57.2,57.9,59.7,60.1,60.8,62.1,63.2,63.6,64.8,65.8,66.9,67.8,69.0,69.1
07:35:14.016,94.3,73.7,81.1,80.2,77.0,74.3,73.9,74.6,76.2,72.2,75.1,73.8,72.6,69.2,68.6,68.1,64.8,62.9,59.9,58.1,56.5,56.1,57.5,56.6,57.7,56.6,58.1,59.1,59.6,60.7,61.8,63.2,63.9,64.7,65.9,66.8,67.8,69.1,69.2
07:35:15.016,95.1,73.8,83.4,81.3,80.1,82.7,81.8,78.0,79.5,75.8,76.6,72.8,72.3,72.2,72.0,68.8,65.3,62.9,62.3,59.0,58.0,56.2,57.7,56.4,56.8,57.0,58.5,59.3,60.0,60.8,61.6,63.1,64.0,64.9,65.8,66.8,67.9,69.0,69.3
07:35:16.016,93.7,73.6,82.3,77.9,77.7,78.1,80.0,81.4,75.3,75.7,77.4,73.6,72.1,72.3,68.8,67.8,64.3,63.4,61.4,58.7,59.5,57.3,58.2,55.9,56.9,57.0,58.2,58.8,59.8,60.9,61.9,62.4,63.6,64.7,65.7,67.0,67.9,68.9,69.2
07:35:17.016,93.0,73.6,81.8,81.0,79.9,83.7,81.1,76.4,79.2,74.8,73.3,71.7,71.7,70.4,70.0,68.6,65.2,62.4,61.6,58.8,56.9,57.2,57.5,56.3,56.4,56.9,57.7,58.9,59.3,60.9,61.6,62.7,63.6,64.8,65.7,66.8,68.0,69.0,69.2
07:35:18.016,93.9,73.7,82.1,80.7,78.8,80.5,83.3,78.7,78.2,74.5,75.1,72.1,73.3,71.2,72.3,67.1,64.5,64.0,61.5,59.0,59.5,57.9,57.3,56.6,56.8,56.8,57.5,58.5,59.6,60.6,61.5,63.1,63.9,64.7,65.9,66.9,68.0,69.1,69.2
07:35:19.016,94.3,73.7,81.4,80.9,82.4,76.5,79.4,76.2,79.6,76.2,74.9,71.6,70.1,68.3,69.3,68.8,64.7,62.9,61.6,58.4,56.6,56.9,58.2,56.7,58.0,56.9,57.7,58.9,60.1,60.8,61.9,62.8,63.8,64.9,65.8,66.8,67.8,69.1,69.2
07:35:20.016,93.4,73.7,83.2,85.5,81.3,77.8,80.5,82.0,80.9,79.6,77.4,76.3,73.8,73.7,70.4,70.3,66.6,63.8,61.9,58.8,58.7,57.4,57.7,57.1,56.7,56.8,57.8,58.9,60.1,60.7,61.9,62.8,63.8,64.7,65.7,67.0,67.9,69.0,69.3
07:35:21.016,91.3,73.7,81.4,84.2,81.0,79.6,81.6,79.8,79.4,77.3,72.0,74.6,73.4,73.3,69.7,65.1,62.7,61.8,60.1,58.3,57.2,56.2,57.6,56.5,57.3,56.8,57.6,58.9,59.6,60.8,61.7,62.8,64.1,65.0,65.8,66.7,67.8,69.1,69.1
07:35:22.016,94.0,73.7,80.9,84.4,80.0,78.4,81.6,75.0,75.8,72.6,74.9,73.5,73.5,71.4,69.9,66.4,64.6,63.1,61.8,58.3,57.4,56.5,56.8,56.3,56.4,56.7,57.9,58.8,59.8,61.0,62.0,62.7,63.8,64.9,65.9,66.8,68.0,69.0,69.3
07:35:23.016,92.8,73.6,82.3,81.8,84.3,84.5,83.1,78.3,81.2,76.9,76.1,75.1,76.0,72.3,70.5,67.1,64.0,61.4,60.8,59.1,58.0,55.7,56.7,56.5,56.9,56.9,57.4,58.9,59.8,61.0,61.5,62.8,64.0,64.8,65.7,66.9,67.8,69.1,69.2
07:35:24.016,94.1,73.7,82.5,79.7,76.3,80.6,82.3,79.4,79.0,77.5,75.5,75.5,73.2,73.3,68.9,67.5,63.1,62.3,61.6,59.6,58.9,56.5,57.4,56.8,56.8,56.8,58.3,58.8,59.9,60.8,61.7,62.8,64.1,65.0,65.9,66.8,67.9,69.1,69.3
07:35:25.016,94.1,73.7,82.7,80.8,84.4,83.8,78.3,75.4,81.0,78.4,74.2,75.1,72.8,72.3,68.5,67.7,63.9,63.4,61.5,59.6,58.9,56.2,57.8,57.5,57.0,56.9,57.6,58.9,59.8,60.8,61.9,63.0,63.7,64.8,65.7,66.8,67.8,69.1,69.3
07:35:26.016,94.1,73.7,82.2,81.9,82.0,82.8,82.3,78.7,77.6,79.8,74.6,75.0,74.5,73.0,69.8,68.5,67.7,64.5,61.8,59.4,57.6,57.7,57.1,56.6,57.1,57.0,58.2,58.5,59.7,60.8,61.9,63.1,63.7,64.7,65.8,66.9,67.8,69.1,69.2
07:35:27.016,90.4,73.7,80.3,80.2,75.4,79.9,80.0,76.9,76.3,75.4,73.9,71.3,72.2,71.1,69.0,66.1,66.3,62.8,61.3,59.2,58.6,55.5,57.0,55.9,56.9,57.0,57.6,58.7,60.1,60.6,61.8,62.9,63.9,64.8,65.8,66.8,68.0,69.0,69.3
07:35:28.016,91.7,73.6,81.4,80.6,82.0,82.9,82.7,76.9,78.4,75.1,73.8,73.6,71.9,71.8,71.3,66.6,63.6,62.0,59.4,58.6,56.8,56.1,56.8,55.7,57.0,57.0,58.0,58.8,59.6,61.0,61.8,63.0,63.8,64.9,65.7,66.7,68.0,69.1,69.3
07:35:29.016,89.4,73.7,79.7,76.7,78.0,74.5,73.6,77.5,76.8,73.2,72.3,70.6,69.6,69.5,66.2,62.9,62.9,61.1,59.3,57.4,57.5,56.6,57.5,57.2,56.2,57.0,58.0,59.0,60.0,60.8,62.0,63.0,63.6,64.7,66.0,66.8,67.8,69.0,69.2
07:35:30.016,93.8,73.7,80.6,83.6,83.1,78.3,74.6,74.5,76.6,74.7,72.3,71.8,68.9,70.0,65.3,64.2,59.7,63.2,62.5,60.6,56.6,57.3,59.3,57.9,58.3,57.4,58.3,58.9,60.3,60.9,61.8,62.7,64.0,64.8,65.8,67.0,67.9,69.1,69.2
07:35:31.016,92.5,73.7,80.4,85.1,81.5,77.8,82.2,79.0,74.8,75.9,74.1,69.0,72.6,70.0,67.7,63.1,60.8,62.1,60.5,60.3,57.8,56.4,58.6,57.3,57.8,56.7,57.9,58.8,59.7,60.6,61.8,62.9,64.1,65.1,65.9,66.8,67.8,69.0,69.1
07:35:32.016,94.1,73.7,81.5,84.1,79.4,75.5,77.1,80.5,80.3,77.9,70.2,72.6,71.1,71.0,68.0,66.3,64.8,61.4,60.9,57.9,57.9,55.7,57.0,57.5,57.1,57.0,57.7,59.0,59.9,61.2,61.8,62.7,64.1,64.7,65.8,66.9,67.8,68.9,69.2
07:35:33.016,92.0,73.6,81.3,80.0,78.7,82.0,80.9,79.1,74.8,77.3,73.4,74.4,71.8,71.4,71.1,68.4,65.6,62.4,60.1,57.7,58.0,56.2,55.5,56.1,56.8,56.7,57.6,58.2,59.9,60.7,61.5,63.0,63.9,64.8,65.8,66.9,67.9,69.1,69.3
07:35:34.016,94.4,73.5,81.0,85.9,83.7,83.7,80.4,80.6,76.2,76.6,71.4,65.6,68.4,70.2,69.4,65.1,61.8,61.8,60.5,55.7,56.3,55.7,56.7,56.0,55.8,56.8,57.7,58.9,59.6,60.6,61.6,62.8,63.8,64.7,65.9,66.8,67.8,68.9,69.2
07:35:35.016,92.5,73.6,81.9,83.8,79.5,81.6,83.0,76.3,77.8,78.1,73.1,73.0,73.2,73.5,70.1,67.4,64.2,63.8,60.1,56.7,55.1,54.8,56.4,55.4,56.5,57.0,57.4,58.8,59.9,61.0,61.9,62.5,64.0,64.7,65.7,66.6,67.6,69.0,69.2
07:35:36.016,92.8,73.6,81.5,82.7,77.5,80.7,81.1,77.9,77.2,78.4,73.8,72.5,71.6,72.8,67.9,66.1,65.9,62.3,59.1,58.3,56.4,54.3,56.9,56.8,56.9,57.1,58.4,58.8,59.5,60.8,62.0,62.8,63.7,64.7,65.8,66.8,67.9,69.1,69.2
07:35:37.016,93.7,73.7,80.4,83.3,82.4,80.5,80.3,79.0,77.2,74.3,75.7,72.6,71.7,67.0,68.6,68.1,65.6,63.1,59.5,58.0,56.9,55.2,55.7,55.1,56.6,57.2,58.2,58.7,59.7,61.0,61.8,63.0,64.1,65.0,65.9,66.9,67.9,69.0,69.2
07:35:38.016,92.9,73.7,82.0,83.1,82.8,78.5,78.2,78.3,76.2,75.7,76.6,71.8,69.9,68.8,70.1,66.5,64.5,62.2,60.6,57.0,57.6,56.1,56.9,55.1,56.2,57.0,57.6,59.1,59.8,60.8,61.7,63.0,64.0,64.9,65.8,66.9,68.0,69.1,69.1
07:35:39.016,93.8,73.6,82.5,84.2,81.5,82.1,81.4,78.4,81.5,79.0,74.4,75.2,71.4,73.6,69.6,67.5,66.6,62.9,60.0,58.1,56.4,55.5,57.1,55.4,56.4,56.7,57.9,58.2,60.2,60.8,61.7,62.8,64.0,64.7,65.7,66.9,67.8,69.1,69.3
07:35:40.016,92.6,73.6,79.9,78.2,78.8,81.3,78.2,78.8,74.4,76.5,72.5,69.8,69.1,70.7,66.2,64.3,62.8,62.0,58.9,56.7,56.3,55.7,56.3,56.7,56.9,57.0,57.4,58.0,60.2,60.7,61.7,62.9,64.1,64.8,65.8,66.8,67.8,69.0,69.3
07:35:41.016,91.7,73.6,80.3,76.8,78.8,82.0,78.6,75.7,78.5,74.6,73.4,74.1,70.5,72.5,66.9,65.2,63.5,62.2,61.1,58.0,56.4,56.3,57.3,56.3,56.9,56.6,57.7,59.0,60.0,61.0,62.2,62.5,63.9,64.8,65.8,66.9,68.0,69.0,69.1
07:35:42.016,91.8,73.6,81.6,81.6,78.8,82.0,81.7,77.6,76.3,77.2,75.0,72.6,71.7,71.5,67.4,66.8,65.4,62.8,61.6,59.0,57.0,54.9,57.0,55.6,56.5,57.3,57.7,58.7,59.6,60.7,61.8,62.9,64.0,65.0,65.7,66.9,67.9,69.0,69.0
07:35:43.016,92.6,73.7,80.3,80.0,80.1,79.4,78.1,81.1,73.5,72.8,74.9,72.3,71.2,68.7,68.3,64.7,63.5,63.5,62.3,60.6,58.8,55.6,56.7,56.4,57.3,57.0,58.1,59.2,59.8,60.9,61.8,62.9,64.0,65.1,65.9,67.0,67.9,69.0,69.3
07:35:44.016,92.0,73.7,80.6,82.3,81.3,83.4,80.1,79.3,75.3,74.8,75.3,71.0,70.5,72.1,65.6,64.9,65.0,64.5,61.8,61.4,60.1,57.8,59.1,57.5,57.0,56.8,58.0,59.0,59.2,60.8,61.9,63.1,64.0,64.9,65.9,66.9,67.8,69.0,69.3
07:35:45.016,91.7,73.9,81.0,79.3,80.2,80.6,82.7,79.6,75.4,77.4,71.4,69.9,69.5,70.3,69.2,67.1,65.2,62.7,59.1,59.5,59.4,58.5,60.2,59.2,58.0,56.9,57.8,58.6,60.3,61.0,61.9,62.6,63.7,65.0,65.8,67.0,67.9,69.0,69.3
07:35:46.016,92.5,73.7,81.0,81.0,80.7,79.7,79.3,77.1,75.6,78.0,73.1,72.0,70.4,71.6,68.2,67.0,64.7,63.1,59.4,60.0,58.2,58.7,58.6,57.5,57.8,56.7,57.6,58.6,60.3,60.9,61.7,62.6,63.9,65.0,65.9,66.9,67.9,69.2,69.1
07:35:47.016,91.2,73.8,79.3,82.5,76.5,76.3,77.9,78.4,73.4,73.0,73.3,72.4,69.3,70.1,68.7,66.3,64.7,62.5,60.4,58.1,56.6,56.9,59.2,57.7,57.8,57.1,57.2,59.1,59.9,60.9,62.0,63.3,63.7,65.0,65.7,66.9,67.9,69.1,69.3
07:35:48.016,91.7,73.6,79.9,79.4,78.9,77.0,79.0,76.7,75.8,73.0,74.1,71.1,70.8,70.2,68.5,66.5,62.7,61.8,59.3,55.4,56.5,56.0,57.0,56.5,57.2,56.9,58.1,58.8,60.1,60.9,61.7,62.9,63.9,64.8,65.8,66.8,67.9,68.8,69.3
07:35:49.016,91.5,73.7,80.5,80.4,78.9,78.7,74.5,76.8,76.9,73.1,72.8,71.4,70.4,71.0,67.3,63.6,61.8,60.0,58.8,57.2,55.5,55.3,56.1,55.7,56.8,57.2,58.0,59.0,60.0,60.8,61.8,62.8,63.7,64.6,65.9,67.1,68.0,69.0,69.2
07:35:50.016,90.6,73.6,79.4,79.2,79.5,77.3,78.0,75.5,74.1,72.2,71.1,69.4,69.9,70.2,67.8,64.6,61.4,60.1,59.5,56.7,54.4,53.2,55.7,55.3,55.7,57.5,58.0,58.7,60.2,61.2,62.2,62.4,63.6,64.8,65.9,67.0,68.1,69.1,69.3
07:35:51.016,91.2,73.7,79.2,83.5,79.7,78.0,78.8,78.4,76.6,72.6,69.9,70.4,69.9,69.4,65.4,62.0,59.7,59.4,57.9,56.1,56.1,54.5,55.0,55.8,56.6,56.5,58.0,58.7,59.3,61.2,61.9,63.2,64.5,65.8,66.0,66.9,67.8,68.9,69.1
07:35:52.016,90.7,73.6,79.5,81.3,78.0,77.3,80.3,77.8,71.5,72.9,70.6,69.7,69.9,68.5,65.9,62.1,61.2,57.0,57.4,55.4,56.0,56.5,58.0,56.2,57.8,56.6,57.7,58.9,59.7,60.4,61.8,63.3,63.8,64.7,65.7,66.9,67.7,68.8,69.3
07:35:53.016,91.2,73.8,79.8,81.0,81.0,77.4,74.6,75.2,78.4,76.3,73.0,72.5,68.3,70.1,68.1,62.8,63.3,58.8,57.8,55.7,56.1,56.3,59.0,58.1,59.5,57.3,58.4,59.2,59.9,60.8,62.0,63.0,64.2,65.0,65.9,66.9,67.9,69.1,69.2
07:35:54.016,90.9,73.6,78.1,80.0,79.6,78.2,78.8,72.4,68.5,72.8,71.5,69.3,67.3,68.7,65.7,62.4,60.9,60.0,57.5,56.0,56.3,55.6,57.2,56.5,57.2,56.8,58.3,59.2,59.9,60.1,61.6,62.8,63.9,64.8,65.9,66.9,67.8,69.1,69.1
07:35:55.016,90.5,73.6,78.8,78.8,81.0,81.8,77.9,74.7,77.0,72.1,72.7,71.7,70.2,69.6,63.4,63.6,61.2,57.4,56.9,55.0,54.7,55.1,56.5,56.6,55.8,56.5,57.6,58.5,59.6,60.6,61.9,63.0,64.0,64.8,65.8,66.8,68.0,69.1,69.1
07:35:56.016,89.6,73.6,78.3,77.3,74.3,76.9,76.1,74.4,74.8,72.4,68.6,70.2,66.4,68.7,62.6,60.9,61.6,56.1,58.3,54.1,54.2,53.2,55.8,55.7,56.8,57.3,57.9,58.9,59.3,61.0,61.7,62.9,64.1,65.0,65.8,66.7,68.0,69.1,69.3
07:35:57.016,88.5,73.6,78.5,77.1,75.8,71.5,73.0,74.0,72.0,73.4,70.3,71.1,68.9,68.2,67.1,63.9,61.2,57.0,56.9,55.0,55.2,54.0,55.3,55.6,56.5,57.0,57.8,59.0,59.7,60.8,61.9,63.0,63.9,64.9,65.9,66.8,67.9,69.1,69.3
07:35:58.016,91.6,73.7,79.3,75.9,78.5,74.6,75.6,73.4,73.2,74.5,69.4,71.6,68.0,69.0,65.5,63.4,61.1,58.1,56.1,55.3,55.3,55.0,55.3,55.4,56.1,57.1,57.6,58.7,59.8,60.9,61.9,62.7,64.3,65.5,65.9,66.9,67.9,69.0,69.2
07:35:59.016,88.6,73.7,79.0,75.9,73.0,79.3,81.0,73.7,72.5,72.4,68.0,72.0,69.1,70.2,67.6,63.3,60.6,60.7,58.1,55.2,54.6,54.4,55.1,56.3,56.7,57.0,57.8,58.9,59.6,61.3,61.7,63.1,64.3,65.1,66.0,66.8,68.0,69.0,69.2
07:36:00.016,90.9,73.6,78.5,80.4,76.5,76.3,77.8,78.6,73.0,72.7,69.7,71.1,68.3,71.2,67.2,64.8,63.6,60.3,60.4,56.5,55.1,54.2,54.7,55.6,56.4,56.6,57.6,58.9,59.6,61.0,61.7,62.9,64.1,65.1,65.8,66.9,67.9,69.1,69.1
