AMBIENT,90.3,87.6,86.3,62.0,62.1,61.1,60.4,59.7,59.6,58.8,59.8,59.1,59.9,65.2,61.7,61.8,63.9,63.2,63.9,64.6,65.7,66.4,67.3,68.2,69.3,70.2,71.2,72.2,73.3,74.3,75.1,76.3,77.3,78.3,79.3,80.3,81.3,82.5,82.6
07:30:46.016,90.5,86.8,85.6,59.5,65.1,65.5,58.3,57.2,62.8,57.7,60.0,63.3,61.7,62.0,59.6,61.6,62.9,61.8,65.1,64.6,65.4,65.9,67.2,68.5,69.8,70.4,70.8,71.9,73.4,74.0,75.3,76.0,77.2,78.2,79.3,80.4,81.3,82.6,82.7
07:30:47.016,90.5,86.8,85.6,64.0,63.5,62.7,60.8,58.0,55.7,58.3,58.8,60.0,58.6,63.3,61.3,62.1,63.4,64.2,63.7,65.0,64.4,66.0,67.7,68.2,69.1,70.9,71.4,72.0,73.2,74.4,75.2,75.9,77.2,78.0,79.2,80.3,81.4,82.4,82.7
07:30:48.016,90.4,87.0,85.7,60.2,61.1,63.3,59.9,56.4,60.1,58.9,57.1,61.5,59.1,67.5,60.5,60.4,62.0,63.6,64.8,64.1,65.7,65.6,67.7,68.4,68.9,69.9,71.7,72.3,73.5,74.5,75.4,76.2,77.2,78.5,79.4,80.2,81.5,82.5,82.6
07:30:49.016,90.6,86.9,85.7,63.7,64.1,59.9,57.6,60.3,60.8,59.9,57.9,59.6,60.9,68.5,61.5,59.7,61.5,62.0,64.9,65.3,65.5,66.6,67.0,68.6,69.4,70.8,71.0,72.8,73.0,74.1,75.3,76.2,77.2,78.4,79.3,80.3,81.2,82.5,82.6
07:30:50.016,90.4,86.8,85.6,60.0,54.7,57.9,59.7,59.9,59.3,58.0,55.7,58.1,62.0,67.9,60.9,61.2,61.2,62.5,64.1,64.5,65.7,66.6,67.7,67.4,69.2,70.1,71.2,72.0,72.9,74.1,75.2,76.3,76.9,78.3,79.2,80.4,81.2,82.5,82.6
07:30:51.016,90.6,87.0,85.8,61.3,60.7,61.1,60.7,60.5,62.0,61.0,56.5,60.9,59.6,65.7,63.5,61.0,63.5,64.3,64.6,65.7,66.2,65.9,67.2,69.3,69.3,70.1,71.2,72.0,73.4,74.3,75.0,76.4,77.4,78.4,79.2,80.4,81.3,82.5,82.8
07:30:52.016,90.5,86.9,85.7,62.9,62.6,60.6,64.3,62.1,62.1,59.2,56.4,60.6,58.2,61.7,62.3,64.4,61.7,63.1,66.2,66.1,65.7,66.2,67.6,68.0,69.8,70.2,71.3,72.5,73.5,74.5,75.0,76.3,77.3,78.4,79.4,80.4,81.3,82.5,82.8
07:30:53.016,90.5,86.8,85.6,64.7,60.0,59.0,58.6,59.6,58.0,59.1,61.4,59.2,60.1,65.0,59.8,62.0,62.4,64.4,64.5,64.7,65.0,66.2,67.2,67.9,69.3,70.0,70.5,72.0,73.2,74.2,75.0,76.1,77.5,78.2,79.3,80.2,81.4,82.4,82.6
07:30:54.016,90.3,86.9,85.7,66.1,61.5,56.8,59.1,59.9,58.1,56.6,58.1,62.0,60.1,66.5,64.1,61.9,63.2,62.6,64.1,64.4,64.2,66.0,67.0,67.5,69.1,70.1,71.0,72.4,73.3,74.1,75.6,76.2,77.3,78.5,79.3,80.3,81.2,82.6,82.6
07:30:55.016,90.4,86.9,85.7,66.5,63.3,62.1,60.6,58.9,62.4,59.6,57.6,60.7,59.3,66.6,61.0,61.0,62.0,63.4,64.4,64.5,65.9,66.4,66.8,67.8,68.6,70.4,71.5,72.4,73.2,74.6,75.2,76.3,77.3,78.2,79.3,80.5,81.3,82.5,82.5
07:30:56.016,90.3,86.9,85.7,58.7,63.2,62.1,60.4,59.8,56.0,58.6,58.4,58.6,62.6,65.9,60.6,62.9,62.8,63.3,64.1,64.9,65.1,65.9,67.2,67.3,68.9,70.2,71.1,72.5,73.5,74.1,75.3,76.2,77.2,78.2,79.3,80.3,81.3,82.4,82.6
07:30:57.016,90.6,86.9,86.0,56.7,59.4,64.2,64.6,65.9,66.9,69.0,67.4,68.9,61.8,65.0,61.1,59.7,63.4,62.7,62.3,64.2,65.3,65.5,67.2,68.7,69.1,70.7,71.3,72.3,73.1,74.1,75.0,76.4,77.1,78.0,79.3,80.1,81.3,82.4,82.6
07:30:58.016,90.4,87.0,85.7,67.4,67.4,62.3,61.1,60.9,64.2,62.3,59.3,61.8,60.7,65.7,62.4,60.8,62.6,62.7,64.4,64.8,64.7,66.8,67.6,68.2,68.8,70.2,70.9,72.2,73.1,74.2,75.1,76.3,77.5,78.2,79.4,80.4,81.5,82.4,82.8
07:30:59.016,90.4,86.9,85.7,63.2,60.6,65.5,64.1,60.2,56.6,60.3,59.5,62.0,58.2,64.5,62.3,62.2,63.6,62.9,64.4,65.3,65.6,66.5,67.5,68.2,69.7,70.6,71.1,72.4,73.2,74.4,75.4,76.0,77.5,78.3,79.2,80.3,81.5,82.4,82.5
07:31:00.016,90.4,86.9,85.7,63.3,61.1,66.4,65.3,65.9,61.0,57.7,60.0,62.7,61.4,65.6,63.0,62.3,62.9,64.3,63.2,65.0,65.7,66.5,67.1,68.2,69.3,70.1,71.0,72.3,73.2,73.9,75.2,76.2,77.4,78.3,79.2,80.4,81.4,82.4,82.7
07:31:01.016,104.2,88.2,94.9,89.3,83.3,87.2,83.8,78.4,79.7,75.8,72.2,71.5,72.1,78.7,77.5,88.1,90.4,86.4,80.4,77.9,74.3,77.8,75.4,71.7,71.2,70.7,71.2,72.4,73.6,74.0,75.6,76.3,77.3,78.3,79.3,80.3,81.4,82.5,82.5
07:31:02.016,110.0,93.2,106.4,97.4,97.1,91.2,89.6,89.1,90.2,100.0,95.6,95.4,94.5,95.0,95.7,95.6,95.0,89.7,91.6,88.7,86.9,85.3,83.6,82.5,81.2,78.5,74.8,74.1,75.1,75.4,76.2,76.6,77.7,78.3,79.4,80.3,81.4,82.4,82.8
07:31:03.016,114.5,101.0,113.1,94.0,92.0,94.0,96.2,97.8,95.2,96.3,99.8,97.6,99.8,103.3,102.5,106.7,106.1,104.9,104.0,103.2,98.5,93.9,93.4,91.6,87.8,83.6,78.6,77.9,78.3,77.6,77.4,77.9,78.6,79.0,79.4,80.4,81.4,82.6,82.6
07:31:04.016,117.9,102.8,114.7,106.0,107.1,106.1,103.8,98.6,99.3,104.5,105.0,104.4,102.1,105.6,105.5,103.6,105.3,107.9,105.1,102.9,100.1,96.8,96.0,94.9,92.8,87.3,81.7,80.2,80.3,78.8,78.8,79.1,79.5,79.7,79.8,80.4,81.3,82.6,82.6
07:31:05.016,117.6,103.7,114.0,102.3,101.1,101.4,102.9,103.1,101.6,102.7,102.2,100.0,102.2,102.8,102.3,101.9,103.7,104.1,105.3,104.6,101.7,99.6,96.5,96.2,94.2,88.2,83.9,81.0,81.2,79.9,79.8,79.9,79.9,79.2,79.6,80.4,81.2,82.4,82.6
07:31:06.016,119.2,101.9,111.9,103.2,106.1,103.8,102.9,100.1,98.2,99.9,101.3,101.2,98.3,100.9,101.4,100.9,102.9,101.9,102.6,102.4,100.2,97.1,95.4,95.2,92.2,87.8,83.1,80.0,81.0,79.5,79.1,80.3,79.7,79.1,79.4,80.4,81.4,82.6,82.8
07:31:07.016,121.4,101.7,112.3,108.7,106.4,98.6,105.1,105.6,101.7,102.5,103.6,102.7,100.3,101.8,101.7,101.9,103.6,102.8,102.1,102.1,99.0,96.3,95.3,94.4,91.7,88.0,83.0,80.8,81.4,80.5,79.7,80.3,80.0,79.4,79.6,80.6,81.4,82.5,82.5
07:31:08.016,121.1,103.9,113.8,107.3,106.7,109.0,107.4,108.3,105.6,103.8,102.5,101.4,101.8,104.5,104.1,100.4,101.9,104.5,103.6,103.7,100.7,99.5,97.5,97.3,94.5,89.8,85.0,82.7,83.1,81.9,81.3,81.6,81.2,80.3,80.0,80.4,81.5,82.5,82.6
07:31:09.016,119.0,108.2,116.9,101.3,99.2,97.6,100.9,102.3,102.8,102.5,102.2,104.7,104.5,103.6,104.0,105.3,106.7,106.7,107.7,105.3,105.0,103.0,102.5,102.0,99.3,95.3,90.0,88.0,88.1,87.3,85.7,86.2,85.1,83.4,81.2,81.0,81.6,82.6,82.8
07:31:10.016,124.6,114.1,123.7,99.1,102.1,105.6,104.6,107.8,107.4,110.2,107.3,109.6,112.2,114.6,110.4,113.2,115.0,115.2,113.9,114.4,111.4,109.4,107.5,107.4,105.4,101.3,96.3,93.9,94.1,92.8,91.8,92.2,91.1,89.2,86.0,84.5,83.1,83.1,82.9
07:31:11.016,129.9,117.5,128.5,107.9,111.0,112.7,111.8,119.0,116.5,113.6,113.9,116.8,118.2,118.6,119.7,117.0,117.2,120.5,118.7,116.5,115.0,112.0,109.4,109.5,106.9,104.0,99.8,96.9,96.8,96.7,96.4,97.7,97.1,95.7,92.6,92.4,89.3,87.0,84.4
07:31:12.016,132.9,119.7,131.7,111.0,108.4,109.6,111.9,113.8,114.1,118.4,121.4,118.1,121.3,123.5,122.9,123.9,124.3,122.0,120.2,120.4,117.0,115.2,112.0,111.7,109.6,107.0,101.1,99.2,99.7,99.3,98.6,100.8,100.3,99.9,97.4,98.0,95.3,93.1,90.1
07:31:13.016,136.6,122.0,135.5,116.9,116.2,117.4,114.6,110.6,120.0,123.1,124.8,123.4,124.3,126.9,126.8,127.3,126.1,124.8,123.6,120.6,119.0,115.8,113.1,113.1,111.2,107.1,103.1,100.3,101.6,101.5,100.3,101.8,102.2,101.4,98.7,99.0,97.0,95.3,93.0
07:31:14.016,140.8,125.6,139.1,108.8,111.9,113.0,120.1,128.5,128.8,130.0,129.3,129.7,131.7,132.5,130.3,128.8,129.7,127.8,126.0,124.2,122.2,120.0,117.4,117.1,115.4,112.5,107.8,105.6,106.7,106.4,106.2,108.1,108.4,107.6,105.7,105.7,104.1,102.9,100.5
07:31:15.016,142.6,128.1,141.1,113.3,120.8,126.0,123.6,123.3,128.4,130.8,133.9,133.0,132.8,133.2,131.0,131.0,128.7,129.5,128.3,125.8,123.1,120.1,119.1,119.6,118.4,114.6,111.0,109.7,111.8,111.9,110.7,111.3,112.1,111.6,109.3,109.1,107.1,106.2,103.6
07:31:16.016,142.9,129.2,141.4,116.7,124.1,129.2,127.9,123.7,125.5,129.5,130.3,133.4,133.7,135.4,132.3,132.2,130.7,130.8,128.7,127.1,124.4,122.2,121.4,121.6,119.6,116.1,112.5,112.7,115.0,115.1,114.1,113.3,113.6,113.8,111.7,110.9,109.3,108.6,105.4
07:31:17.016,142.6,128.0,140.8,121.4,120.7,127.9,130.2,126.2,131.5,128.8,129.9,131.5,131.2,133.2,132.5,131.8,128.9,128.7,128.1,125.5,124.0,120.7,117.7,118.3,116.2,114.5,112.4,112.7,114.0,113.5,112.3,110.3,111.0,111.3,108.2,107.1,105.4,104.7,102.6
07:31:18.016,143.0,127.4,139.7,122.9,127.0,129.3,130.8,135.6,131.9,130.7,131.9,130.6,131.1,131.5,129.7,127.7,127.5,125.3,124.5,125.7,121.9,118.5,116.6,116.5,116.4,116.0,114.2,113.8,114.4,113.9,112.9,110.6,110.6,110.0,107.2,106.6,105.8,104.8,101.9
07:31:19.016,143.1,126.6,139.3,128.8,131.2,132.6,135.6,130.6,130.2,132.0,132.4,131.7,129.9,130.8,128.8,127.4,127.8,126.6,124.0,123.4,120.2,116.7,115.2,115.4,116.6,115.6,114.2,113.2,113.6,113.1,112.1,109.3,108.5,107.2,105.6,106.8,103.9,103.1,100.4
07:31:20.016,140.6,124.4,136.6,126.4,126.9,126.8,130.3,131.5,126.1,128.6,127.0,129.7,127.1,126.4,125.0,125.4,125.7,124.3,123.3,121.6,118.2,114.7,112.9,114.6,114.9,113.7,111.5,110.3,111.2,110.3,107.6,104.4,105.2,102.8,103.0,103.4,100.1,98.7,95.8
07:31:21.016,139.4,123.8,136.8,121.2,121.1,122.7,126.2,127.4,119.9,129.3,133.3,131.7,125.5,124.9,127.8,125.6,125.7,124.5,122.2,120.1,117.2,114.1,112.6,113.3,114.8,114.1,112.4,110.4,110.6,109.7,105.2,104.2,105.9,102.2,102.6,102.2,101.2,98.5,95.9
07:31:22.016,138.9,123.4,134.9,127.1,127.9,129.4,125.6,126.8,126.8,126.5,129.0,125.7,124.8,126.3,125.3,123.7,121.2,120.6,119.8,118.8,117.3,113.7,112.3,114.2,116.4,115.0,113.1,111.6,111.1,109.2,103.3,105.8,106.8,101.4,102.9,102.1,102.1,98.8,95.6
07:31:23.016,136.8,120.2,132.7,123.0,123.6,120.5,125.1,126.5,123.1,127.5,127.7,124.6,124.4,123.5,121.4,121.8,121.5,119.3,118.6,115.9,113.6,110.0,109.0,111.1,112.4,110.9,109.4,107.7,106.9,104.3,98.3,102.3,102.1,96.4,99.1,96.9,98.0,94.8,91.1
07:31:24.016,134.7,118.5,130.8,118.4,122.3,124.0,125.2,124.5,120.5,124.2,123.2,122.6,122.8,122.0,121.3,121.3,119.5,117.3,117.2,114.0,111.0,107.0,106.3,109.2,109.9,110.8,108.7,106.8,104.9,101.4,97.1,101.4,99.5,94.0,98.1,95.2,95.4,93.7,89.3
07:31:25.016,133.8,116.8,129.6,116.2,121.9,121.8,122.9,122.8,125.1,126.4,122.8,122.6,120.9,120.6,119.9,119.2,116.8,116.1,115.0,112.4,110.3,105.1,105.5,107.4,108.9,108.5,107.8,105.6,103.2,99.9,96.4,99.3,97.6,93.0,96.0,93.6,93.7,92.5,88.6
07:31:26.016,132.1,118.0,127.6,121.8,123.1,119.4,118.6,120.2,122.0,122.3,118.9,118.1,119.0,119.1,117.1,117.4,114.7,114.7,113.5,113.8,111.1,105.6,106.6,109.3,110.7,111.3,110.2,107.0,103.0,99.5,98.5,99.5,97.6,93.4,95.7,94.3,93.7,92.7,88.7
07:31:27.016,131.0,115.0,126.7,114.5,119.5,120.9,118.5,118.3,120.6,119.4,121.5,120.0,117.9,116.5,116.2,114.3,112.5,111.9,112.1,108.5,107.6,101.7,102.4,104.5,106.8,107.2,104.9,101.9,96.9,94.2,94.3,94.0,91.8,88.0,89.9,88.2,87.1,86.5,84.5
07:31:28.016,129.4,113.0,124.6,116.3,115.4,117.8,120.6,116.3,115.3,114.5,115.8,116.1,112.5,115.1,114.0,115.4,113.3,112.1,112.0,108.8,108.1,101.4,101.3,103.0,103.5,105.6,104.0,100.7,95.2,94.9,94.5,93.3,91.0,87.1,88.9,87.3,86.3,86.0,83.9
07:31:29.016,128.6,112.0,123.9,111.0,115.2,112.7,117.9,118.3,115.2,115.8,119.8,115.1,114.6,114.8,113.3,114.7,111.7,110.7,108.4,107.6,105.7,100.7,99.5,102.8,104.2,104.7,103.8,100.0,93.6,94.1,92.6,92.3,89.7,85.1,86.1,85.0,84.2,83.8,82.9
07:31:30.016,126.7,110.7,121.2,113.4,111.7,114.8,117.5,115.6,119.3,115.0,115.7,112.6,109.9,109.9,112.3,111.6,108.2,107.5,107.9,106.8,102.2,96.6,97.2,101.6,103.3,102.7,102.7,98.3,92.4,94.3,92.5,91.7,88.8,83.4,83.5,83.9,83.2,83.2,82.8
07:31:31.016,124.8,109.6,119.9,109.0,109.8,112.5,113.1,111.6,111.8,115.0,109.6,112.8,107.8,111.2,109.8,105.9,106.8,105.9,106.5,104.6,101.8,97.0,96.8,100.9,101.7,102.3,101.1,96.0,91.2,93.4,90.5,89.8,87.5,82.2,82.3,82.5,82.3,82.7,82.7
07:31:32.016,124.6,107.9,118.6,107.0,113.2,118.2,117.3,113.6,113.0,112.1,110.9,110.6,110.3,108.1,107.8,107.4,105.9,103.8,102.9,101.6,99.6,93.3,95.4,99.1,100.5,100.8,100.1,95.6,89.6,92.6,89.6,88.6,86.5,81.0,81.4,81.7,81.9,82.6,82.7
07:31:33.016,124.3,107.7,117.6,113.4,111.0,111.6,108.0,107.0,114.0,111.1,107.6,109.5,106.0,107.9,108.5,106.6,107.6,105.5,105.4,103.1,100.1,96.2,95.8,100.4,101.1,100.5,97.5,92.4,86.7,89.4,85.4,86.5,84.2,79.8,80.2,80.8,81.6,82.5,82.7
07:31:34.016,122.9,103.5,116.0,116.2,110.3,107.4,111.6,111.3,110.4,109.9,109.7,108.2,106.7,104.8,107.0,103.0,102.6,101.9,101.0,98.7,96.9,90.8,90.8,93.9,95.6,94.8,94.0,86.6,82.5,85.2,81.4,82.1,79.9,78.5,79.4,80.5,81.3,82.6,82.7
07:31:35.016,123.0,100.8,115.4,111.7,111.3,111.4,113.8,113.8,107.5,111.3,109.2,108.5,103.4,103.2,104.9,103.3,101.7,101.3,100.6,96.8,93.5,90.0,89.1,92.1,93.8,93.0,91.2,84.4,80.6,83.0,78.8,79.7,78.7,78.6,79.4,80.3,81.4,82.5,82.6
07:31:36.016,118.9,101.2,114.1,105.2,108.6,105.2,104.5,109.6,109.5,107.7,105.9,107.5,108.0,105.6,102.2,104.5,101.1,100.8,99.9,98.2,94.9,88.0,89.0,92.7,94.6,94.6,92.0,85.3,82.8,83.9,79.0,79.6,78.1,78.3,79.1,80.2,81.4,82.5,82.6
07:31:37.016,119.2,101.6,113.4,106.2,110.6,108.8,107.8,107.2,105.0,108.8,104.6,103.9,105.3,105.8,103.3,102.2,101.7,100.1,99.3,99.2,95.9,90.2,89.8,94.9,96.1,94.9,92.5,86.3,83.0,84.4,79.1,79.3,78.0,78.3,79.3,80.2,81.2,82.4,82.6
07:31:38.016,118.7,97.3,111.9,107.0,110.9,111.9,104.9,103.6,106.9,108.1,107.3,102.2,102.2,103.1,101.4,97.1,98.0,97.2,96.1,93.4,90.7,83.9,85.6,87.3,89.2,90.0,87.0,81.4,80.3,81.5,76.8,78.3,77.9,78.2,79.3,80.2,81.4,82.5,82.7
07:31:39.016,118.4,97.8,111.9,105.8,108.5,111.2,108.8,107.3,109.2,108.9,106.4,103.0,103.6,101.4,101.4,99.9,98.8,97.4,96.0,93.6,93.3,84.8,87.0,90.2,91.2,90.1,87.6,80.3,78.4,79.3,76.2,77.1,77.6,78.3,79.2,80.3,81.5,82.5,82.7
07:31:40.016,118.2,95.6,110.4,108.1,108.6,102.7,104.7,109.2,107.2,104.3,105.0,102.8,101.0,99.4,100.6,98.2,97.7,95.5,95.9,93.1,90.4,82.7,83.2,86.4,87.9,87.0,83.5,76.8,77.2,77.0,75.5,76.7,77.3,78.3,79.5,80.3,81.2,82.6,82.7
07:31:41.016,117.0,94.0,108.2,101.3,100.0,106.3,106.7,101.9,104.3,105.4,102.7,101.0,98.7,99.4,94.4,95.6,95.1,91.3,90.2,87.9,86.5,79.8,83.0,86.1,87.5,86.8,85.0,77.9,76.5,76.4,75.9,76.5,77.3,78.3,79.2,80.4,81.5,82.5,82.8
07:31:42.016,116.6,91.6,107.6,107.8,105.2,105.4,108.0,103.5,100.3,100.4,101.3,97.6,100.8,96.7,95.6,93.9,93.6,91.3,90.1,87.1,85.4,77.2,79.5,81.9,81.5,79.9,78.0,74.0,74.1,74.5,75.2,76.5,77.3,78.2,79.0,80.4,81.5,82.6,82.8
07:31:43.016,114.3,92.6,106.7,105.7,101.0,102.6,104.5,100.6,102.1,102.3,98.8,101.2,98.5,95.5,93.8,92.2,92.9,90.9,90.9,88.2,86.3,78.9,82.2,85.0,85.8,85.2,81.4,75.9,75.7,76.6,75.1,76.5,77.4,78.2,79.4,80.4,81.4,82.5,82.8
07:31:44.016,114.0,93.1,106.8,98.6,98.3,99.5,103.9,103.7,104.9,100.3,100.4,98.6,94.4,97.2,94.6,94.2,91.7,89.9,89.8,87.2,83.7,78.7,80.1,83.9,85.6,85.6,82.3,76.0,75.7,75.5,75.6,76.5,77.4,78.4,79.3,80.3,81.4,82.6,82.6
07:31:45.016,113.7,89.7,105.3,100.6,100.2,101.6,101.3,103.2,102.4,99.7,99.3,98.4,98.9,94.2,95.3,92.1,89.3,88.5,86.8,83.9,81.5,74.4,75.8,78.4,78.5,78.3,76.1,72.7,73.7,74.3,75.3,76.3,77.4,78.2,79.2,80.3,81.5,82.3,82.6
07:31:46.016,114.6,89.8,103.9,107.1,105.1,99.1,99.4,102.2,98.5,97.2,95.9,97.3,94.2,94.1,91.8,90.0,88.9,87.7,86.3,83.7,82.4,77.0,78.0,80.5,81.1,78.9,76.7,73.7,73.9,74.2,75.1,76.0,76.9,78.2,79.3,80.2,81.3,82.4,82.7
07:31:47.016,113.3,88.7,103.1,100.0,100.9,104.6,101.5,98.4,104.2,98.7,97.2,93.5,93.0,90.6,90.1,88.2,86.1,86.6,85.1,83.4,80.1,73.3,73.5,75.6,76.1,75.9,74.2,72.9,73.5,74.5,75.1,76.3,77.4,78.3,79.3,80.4,81.3,82.5,82.8
07:31:48.016,111.8,88.3,102.2,104.7,102.8,100.6,102.9,100.9,97.7,97.7,96.7,93.6,92.6,92.2,90.9,87.1,86.9,86.2,82.2,82.4,77.7,72.3,73.6,74.7,75.2,75.3,74.1,73.0,73.2,74.1,75.0,76.3,77.1,78.2,79.2,80.4,81.4,82.5,82.8
07:31:49.016,110.9,87.7,100.9,103.4,98.9,98.5,99.2,97.2,96.9,98.0,93.6,94.2,94.4,87.3,88.0,86.0,83.5,81.4,81.3,78.4,76.1,70.6,71.0,73.2,73.8,73.7,73.1,72.6,73.3,74.6,75.2,76.3,77.1,78.4,79.4,80.1,81.4,82.5,82.7
07:31:50.016,110.0,87.7,100.5,97.7,99.3,100.9,101.5,95.3,96.9,97.0,95.7,93.6,90.2,91.6,87.8,85.4,85.9,82.8,81.0,78.7,75.4,70.2,71.2,73.2,72.9,72.6,72.2,72.4,73.5,73.9,75.3,76.2,77.2,78.3,79.4,80.4,81.4,82.5,82.7
07:31:51.016,110.5,87.5,100.4,99.7,94.4,94.6,95.5,97.4,101.7,98.2,92.0,92.7,90.8,89.7,89.3,84.8,82.7,82.4,80.1,79.0,74.5,69.9,70.4,73.2,72.8,72.1,72.3,72.6,73.4,74.2,74.9,76.1,77.4,78.4,79.4,80.3,81.3,82.4,82.6
07:31:52.016,110.5,87.5,99.5,103.6,102.8,97.4,97.7,94.6,93.2,97.9,94.5,89.6,88.8,88.6,86.9,83.3,82.1,82.6,81.0,78.0,74.8,68.8,71.4,72.2,72.9,72.3,71.8,72.0,73.1,73.9,75.2,76.2,77.0,78.4,79.5,80.3,81.5,82.5,82.6
07:31:53.016,108.4,87.3,97.6,100.9,98.2,96.4,98.8,95.5,94.3,88.8,89.8,89.9,88.2,84.6,85.6,82.5,80.9,77.8,76.3,74.4,69.3,68.4,69.2,69.5,71.3,71.3,71.9,72.4,73.6,74.5,75.6,76.4,77.3,78.2,79.2,80.4,81.2,82.5,82.7
07:31:54.016,107.3,87.2,97.0,94.1,94.5,93.4,91.2,90.3,92.0,89.5,94.1,88.7,87.5,84.4,82.9,83.1,80.6,78.7,76.6,74.0,71.4,67.7,69.2,70.0,70.9,70.5,72.0,72.3,73.0,74.3,75.5,76.3,77.1,78.4,79.2,80.4,81.4,82.5,82.6
07:31:55.016,105.4,87.1,96.0,93.3,92.5,92.2,90.9,91.9,94.5,92.4,90.7,87.6,86.2,83.7,83.5,79.3,77.0,75.4,75.2,74.5,70.4,67.4,68.6,70.3,71.2,71.0,71.6,71.5,73.5,74.3,75.1,76.2,77.0,78.4,79.2,80.3,81.3,82.5,82.7
07:31:56.016,105.4,87.0,95.0,96.8,89.0,89.5,91.3,87.7,86.5,89.0,89.2,87.6,86.5,86.3,84.4,80.5,78.3,76.6,73.3,71.1,68.6,67.7,67.7,68.3,70.1,70.2,71.0,72.3,73.1,74.1,75.5,76.4,77.4,78.2,79.1,80.3,81.4,82.6,82.6
07:31:57.016,103.1,87.0,95.0,92.1,92.1,95.7,94.6,92.5,89.1,92.0,88.0,87.0,84.7,84.1,79.8,78.7,76.3,75.1,71.4,70.5,69.3,67.9,67.8,68.8,69.8,70.4,71.3,72.0,73.2,74.3,75.4,75.9,77.2,78.2,79.2,80.4,81.4,82.5,82.6
07:31:58.016,105.0,87.0,94.1,88.2,95.2,93.6,87.5,82.8,88.0,90.4,89.3,86.5,83.3,80.9,80.5,78.5,77.2,74.9,72.0,70.7,67.6,66.3,68.0,68.7,69.0,70.5,71.0,71.4,73.2,74.4,75.5,76.1,77.1,78.3,79.3,80.6,81.4,82.6,82.5
07:31:59.016,104.3,87.0,93.7,94.4,94.4,93.2,93.8,90.2,86.5,88.8,89.2,87.4,86.5,82.8,78.7,78.6,75.7,74.2,71.0,71.4,67.5,68.2,67.6,68.3,70.0,70.4,71.4,72.1,73.0,74.4,75.2,76.4,77.3,78.2,79.0,80.3,81.3,82.5,82.5
07:32:00.016,103.7,87.0,93.3,91.1,92.8,92.3,88.9,89.7,92.5,87.4,84.2,86.2,84.2,83.1,81.5,77.2,74.3,73.2,72.6,71.4,69.2,68.2,68.4,68.7,69.7,71.0,71.7,72.4,73.2,74.4,75.4,76.4,77.2,78.4,79.2,80.2,81.3,82.4,82.6
07:32:01.016,103.0,87.0,92.5,93.8,89.2,92.2,93.1,90.2,87.8,85.6,85.2,85.1,81.3,79.4,78.7,75.6,76.6,72.3,68.9,69.7,66.9,67.8,68.8,69.6,69.5,70.8,71.5,72.0,72.8,73.9,75.5,76.4,77.2,78.3,79.2,80.2,81.4,82.4,82.7
07:32:02.016,101.6,86.8,92.1,85.8,91.3,94.7,91.2,90.0,87.2,85.0,82.2,84.2,81.0,78.7,77.2,75.7,70.2,69.0,70.3,68.1,66.5,66.6,67.5,68.5,69.4,70.1,71.3,72.2,73.1,73.8,75.0,76.2,77.2,78.1,79.1,80.1,81.3,82.3,82.8
07:32:03.016,101.9,87.0,91.7,93.9,89.9,87.8,88.0,88.0,86.3,88.8,82.8,81.7,81.9,79.2,76.3,74.9,72.6,70.4,69.4,67.8,66.7,67.2,68.1,68.7,69.0,70.8,71.2,72.2,73.2,74.1,75.6,76.2,77.4,78.4,79.5,80.2,81.2,82.4,82.7
07:32:04.016,101.6,86.9,91.9,92.9,87.4,88.4,87.3,88.5,90.6,86.2,83.8,82.9,80.7,77.8,77.5,74.8,71.8,70.9,68.9,67.7,66.6,66.2,67.7,68.9,69.8,70.1,71.6,72.4,73.1,74.2,75.4,76.0,77.1,78.4,79.2,80.2,81.3,82.5,82.8
07:32:05.016,101.0,86.9,91.0,93.0,88.6,81.2,85.1,88.9,89.0,84.5,82.9,83.9,82.4,76.4,76.3,74.3,73.8,69.9,67.6,67.5,66.0,66.0,66.6,68.5,69.3,69.9,71.4,72.3,73.4,74.1,75.2,76.3,77.3,78.3,79.4,80.6,81.3,82.3,82.5
07:32:06.016,102.6,86.9,90.8,92.0,91.2,91.2,88.4,89.1,85.5,85.1,80.7,84.0,81.1,78.5,74.9,74.5,71.7,69.9,67.8,67.3,66.8,66.5,67.9,68.0,69.2,70.5,70.9,72.2,73.3,74.6,75.4,76.2,77.1,78.3,79.3,80.3,81.2,82.5,82.5
07:32:07.016,100.8,86.9,91.1,86.4,87.9,88.7,87.5,86.1,87.2,87.4,84.9,81.5,80.4,81.0,77.7,74.4,71.5,69.7,69.1,67.8,66.2,66.9,67.6,68.5,69.2,70.2,70.9,72.0,73.3,73.9,75.0,76.3,77.3,78.4,79.3,80.3,81.3,82.4,82.6
07:32:08.016,99.9,87.0,90.3,88.5,85.4,87.4,85.9,81.2,85.3,85.7,85.1,82.3,79.3,78.0,75.5,74.6,70.2,68.3,68.3,67.2,66.6,66.8,68.4,68.4,69.4,70.4,70.6,72.2,73.5,74.4,75.2,76.5,77.4,78.4,79.3,80.2,81.3,82.5,82.7
07:32:09.016,100.9,87.0,90.4,86.2,86.9,90.3,89.4,86.7,86.2,84.4,83.6,81.6,78.8,77.4,75.8,73.2,70.2,69.2,67.2,65.7,66.8,66.3,67.6,68.0,69.4,70.4,70.9,72.3,73.7,74.3,75.3,76.4,77.4,78.3,79.4,80.2,81.3,82.4,82.7
07:32:10.016,102.3,87.0,91.3,94.4,94.3,91.2,88.8,85.0,87.5,87.7,83.8,84.4,82.5,78.1,77.3,75.6,72.4,70.7,66.4,67.8,66.4,66.8,67.5,68.8,69.2,70.9,71.3,72.5,73.3,74.4,75.7,76.5,77.4,78.2,79.3,80.3,81.3,82.5,82.8
07:32:11.016,101.3,86.9,91.0,89.6,90.0,91.4,89.2,86.3,87.4,86.7,85.0,79.5,81.1,79.4,72.9,73.9,70.5,69.5,68.5,66.4,66.1,67.4,67.3,67.9,69.8,70.5,71.1,72.1,73.1,74.2,75.0,76.1,77.4,78.3,79.1,80.1,81.4,82.5,82.7
07:32:12.016,102.6,87.0,90.4,85.8,86.7,88.1,85.8,91.5,88.4,84.3,80.4,77.6,80.4,77.1,74.8,73.2,72.2,68.6,68.1,66.6,65.3,66.6,66.7,69.1,70.2,70.6,71.6,72.6,73.5,74.3,75.3,76.2,77.1,78.2,79.3,80.5,81.4,82.5,82.5
07:32:13.016,101.8,86.9,89.4,88.8,87.1,87.0,90.1,84.3,82.4,82.2,80.9,78.2,78.5,76.3,74.8,72.3,70.5,69.4,67.3,67.3,65.6,66.3,66.9,68.1,69.1,69.8,71.2,72.1,72.9,74.0,75.5,76.2,77.4,78.4,79.2,80.2,81.4,82.4,82.7
07:32:14.016,99.6,86.9,89.5,87.5,90.9,88.3,84.5,84.9,84.8,84.5,78.5,81.1,79.1,76.2,74.3,70.7,68.6,67.0,66.2,66.4,65.7,66.9,67.6,68.9,69.1,70.1,71.0,72.2,73.4,74.4,75.2,76.3,77.3,78.3,79.0,80.4,81.3,82.5,82.8
07:32:15.016,101.4,87.0,90.6,89.8,89.7,90.7,89.5,85.0,86.7,87.2,79.4,80.4,78.4,76.8,73.1,70.1,69.7,67.7,67.5,64.8,66.1,66.1,67.0,68.6,69.8,69.9,71.8,72.4,73.3,74.6,75.4,76.2,77.0,78.4,79.2,80.3,81.3,82.4,82.7
07:32:16.016,99.2,86.9,89.3,87.3,84.9,89.9,89.0,83.6,83.8,79.8,79.9,78.9,80.1,76.7,73.0,72.0,70.5,67.5,66.9,67.6,66.2,66.8,67.5,67.9,69.2,70.5,71.4,72.6,73.2,74.0,75.0,76.4,77.1,78.2,79.3,80.5,81.4,82.5,82.8
07:32:17.016,100.1,86.9,88.9,80.5,81.6,86.6,87.0,86.2,81.5,84.1,75.7,78.7,78.3,76.0,71.8,70.4,69.3,67.3,67.4,66.9,65.1,66.0,67.4,67.8,69.9,70.6,71.6,72.6,73.0,74.0,75.4,76.4,77.5,78.3,79.1,80.2,81.4,82.5,82.6
07:32:18.016,98.7,86.8,89.4,86.3,88.6,87.5,85.4,87.7,85.3,80.8,80.1,78.5,77.3,75.6,72.2,70.3,69.2,67.6,67.6,66.6,66.3,67.2,66.5,68.0,69.4,70.2,71.3,72.2,73.3,74.1,74.9,76.2,77.1,78.3,79.2,80.3,81.3,82.3,82.6
07:32:19.016,98.9,87.0,89.4,85.6,86.5,88.0,87.3,85.7,82.3,83.7,78.2,81.8,77.2,73.2,71.3,70.0,71.0,67.5,66.0,65.0,66.1,65.5,67.6,68.0,68.7,70.3,71.6,72.6,73.7,74.3,75.3,76.2,77.6,78.3,79.3,80.2,81.3,82.5,82.7
07:32:20.016,100.3,86.9,88.7,87.9,83.4,86.1,87.9,84.1,81.1,79.8,80.6,78.0,72.3,74.9,72.0,70.5,68.8,67.8,66.8,65.5,66.4,66.7,67.3,67.8,70.1,70.5,71.7,72.4,73.2,74.4,75.6,76.4,77.3,78.3,79.3,80.1,81.3,82.5,82.7
07:32:21.016,100.7,86.9,88.7,94.1,92.3,90.5,83.2,83.0,82.0,83.8,80.5,79.6,74.5,74.9,72.9,68.6,67.9,66.1,65.6,66.0,65.5,66.1,67.7,68.0,68.7,70.1,71.0,72.0,73.2,74.5,75.1,76.3,77.2,78.4,79.3,80.2,81.3,82.5,82.8
07:32:22.016,98.8,87.0,88.5,92.0,87.3,84.9,84.6,85.8,88.0,80.1,79.4,75.5,74.3,72.0,71.8,71.0,68.0,66.7,66.4,65.4,65.7,66.6,66.9,68.7,68.8,70.1,71.6,72.3,73.0,74.3,75.5,76.4,77.4,78.3,79.4,80.1,81.4,82.6,82.6
07:32:23.016,100.5,87.0,88.2,87.1,84.9,88.1,84.4,77.8,84.5,81.3,78.4,78.5,74.8,72.1,72.2,69.4,67.2,67.0,65.8,65.4,66.1,66.5,66.6,69.1,69.3,70.5,71.1,72.1,73.7,74.3,75.7,76.1,77.3,78.5,79.3,80.3,81.4,82.4,82.8
07:32:24.016,98.4,86.9,88.3,89.0,87.8,88.6,84.9,83.8,81.8,76.2,81.0,74.7,73.6,74.1,72.2,69.3,67.4,66.3,65.0,66.1,65.5,66.7,67.7,68.8,69.7,69.9,71.3,72.1,73.4,74.6,75.2,76.0,77.3,78.2,79.3,80.4,81.4,82.4,82.6
07:32:25.016,98.7,86.9,88.6,88.6,90.5,92.1,88.3,85.0,85.7,80.6,77.5,79.2,72.8,73.1,74.0,70.1,69.3,68.3,66.1,65.7,64.9,65.7,66.3,68.5,68.9,70.7,71.0,72.3,73.4,74.3,75.0,76.2,77.3,78.2,79.3,80.3,81.3,82.3,82.6
07:32:26.016,100.0,87.0,89.1,93.8,94.2,91.7,88.9,85.8,86.3,82.5,80.8,78.7,74.2,74.5,72.9,71.0,67.3,68.0,66.3,65.5,65.6,66.7,67.8,68.9,69.8,69.9,71.3,72.2,73.3,74.2,75.8,76.4,77.4,78.6,79.4,80.4,81.5,82.4,82.7
07:32:27.016,97.8,86.9,88.6,87.1,85.2,85.0,86.6,86.1,86.0,81.8,77.5,76.2,73.8,72.3,71.8,71.1,69.8,66.8,66.0,64.3,65.3,66.7,67.4,68.6,69.4,70.4,71.1,72.1,73.7,74.1,75.0,76.4,77.3,78.3,79.6,80.2,81.2,82.5,82.8
07:32:28.016,98.3,86.9,87.9,86.9,86.2,84.6,81.4,82.0,82.0,77.2,73.8,76.6,76.3,75.8,70.9,69.3,66.8,67.6,65.5,65.5,65.9,67.5,67.5,67.8,68.9,69.8,71.7,72.1,73.2,74.0,75.4,76.2,77.1,78.4,79.5,80.4,81.4,82.6,82.7
07:32:29.016,97.7,86.9,88.0,88.9,90.7,85.6,82.3,81.5,82.6,78.3,76.3,76.3,73.8,73.1,70.3,67.7,68.5,65.0,65.2,64.1,65.7,66.7,67.0,68.0,68.9,70.2,70.9,72.7,73.0,74.4,75.2,76.2,77.4,78.4,79.1,80.1,81.2,82.3,82.6
07:32:30.016,97.4,86.9,88.1,84.2,84.8,82.8,84.7,87.1,83.2,78.2,80.3,76.3,72.4,73.5,70.2,69.4,68.2,67.0,64.8,66.3,65.8,66.0,68.4,67.9,69.0,70.5,71.0,72.2,73.4,74.4,75.3,76.3,77.4,78.4,79.3,80.3,81.2,82.5,82.6
07:32:31.016,97.5,87.0,87.7,85.5,86.5,85.5,81.0,85.0,82.7,78.9,78.5,73.8,74.2,75.3,72.2,69.0,68.4,65.3,66.1,64.5,64.4,66.4,67.2,68.4,69.2,70.2,71.6,72.4,73.5,74.5,75.1,76.5,77.2,78.2,79.2,80.3,81.4,82.5,82.6
07:32:32.016,96.7,86.9,87.7,83.9,85.7,86.7,89.8,84.4,76.3,76.2,73.3,74.6,74.5,72.9,72.5,69.2,67.3,64.8,65.9,65.6,66.1,65.5,66.9,67.6,68.8,69.8,71.6,72.6,73.5,74.3,75.2,76.3,77.3,78.3,79.3,80.3,81.3,82.4,82.6
07:32:33.016,97.0,86.9,87.7,84.2,86.1,89.7,85.7,79.0,80.5,79.3,78.1,76.1,71.8,73.8,69.5,67.6,66.9,66.8,66.1,65.5,66.0,67.1,68.1,68.7,69.1,70.0,71.1,72.4,73.1,74.4,75.5,76.3,77.4,78.3,79.2,80.2,81.3,82.4,82.7
07:32:34.016,99.9,86.9,87.9,84.3,81.8,84.2,84.9,83.0,82.6,79.8,77.5,75.6,74.4,72.5,68.8,69.5,66.5,65.6,65.2,64.8,66.3,66.1,67.0,68.7,69.4,69.9,71.2,72.3,73.5,74.4,75.1,76.1,77.3,78.1,79.1,80.3,81.4,82.6,82.7
07:32:35.016,96.1,86.9,88.5,85.2,89.0,86.6,84.7,86.6,84.8,82.6,78.1,77.4,75.9,74.9,71.8,69.9,68.1,67.8,64.2,65.3,65.8,66.2,67.1,68.6,68.7,70.4,71.0,72.5,73.5,74.0,74.9,76.2,77.0,78.4,79.2,80.1,81.4,82.4,82.5
07:32:36.016,97.1,86.9,88.3,84.2,87.3,85.3,84.3,81.2,76.9,78.2,77.8,78.5,75.7,73.4,71.1,71.7,66.4,65.7,65.0,65.4,66.3,65.7,67.5,68.5,69.7,70.2,71.3,72.1,72.9,74.6,75.4,76.3,77.3,78.4,79.3,80.3,81.4,82.4,82.7
07:32:37.016,96.5,86.9,88.3,81.5,86.1,86.9,84.8,78.8,81.8,82.0,79.3,77.3,77.6,73.5,71.6,70.6,67.6,66.4,67.1,65.4,66.0,66.6,67.5,68.4,69.0,70.1,70.8,72.4,73.6,74.4,75.0,76.4,77.1,78.4,79.2,80.4,81.5,82.4,82.5
07:32:38.016,97.5,86.9,88.3,85.3,85.4,86.5,87.5,82.7,82.0,79.6,76.4,76.2,77.2,76.2,72.1,68.7,69.5,66.2,65.3,63.2,66.1,66.6,67.5,68.5,69.3,70.3,71.6,72.2,73.2,74.2,75.3,76.3,77.2,78.0,79.4,80.4,81.4,82.6,82.7
07:32:39.016,96.4,86.9,88.5,87.8,85.3,83.1,81.8,83.4,87.8,80.5,78.5,77.1,75.5,74.1,71.2,67.5,67.1,66.6,66.0,65.2,65.5,66.3,67.1,68.5,69.6,70.3,71.7,72.2,73.3,74.4,75.3,76.3,77.1,78.1,79.2,80.2,81.3,82.4,82.5
07:32:40.016,99.6,86.9,88.6,86.1,90.2,86.1,85.8,84.2,80.2,79.4,79.0,78.8,78.2,76.8,73.7,70.8,70.1,66.5,66.1,67.2,65.5,66.3,67.2,68.3,69.1,69.6,71.9,72.3,73.2,74.2,75.5,76.3,77.4,78.3,79.0,80.2,81.3,82.5,82.6
07:32:41.016,98.5,87.0,88.8,84.5,85.3,87.0,87.4,88.1,84.3,82.6,80.8,77.9,75.4,75.6,71.7,69.0,69.4,67.2,63.5,63.1,66.1,66.1,67.5,68.2,69.2,69.9,71.4,71.8,73.5,74.4,75.6,76.5,77.3,78.3,79.4,80.2,81.3,82.5,82.6
07:32:42.016,100.3,86.9,88.7,86.8,81.3,84.7,88.2,86.5,82.4,81.8,79.2,78.5,77.5,73.1,72.4,69.7,68.1,67.3,65.7,64.7,64.9,67.1,67.0,68.5,69.4,70.1,71.2,72.2,73.2,74.2,75.0,76.5,77.2,78.2,79.3,80.3,81.4,82.4,82.8
07:32:43.016,98.9,86.8,88.6,90.6,88.8,92.5,88.6,84.0,81.2,78.5,75.1,80.4,74.4,70.6,70.1,70.6,69.3,66.9,65.6,66.0,66.1,66.3,67.0,67.9,69.2,70.5,71.4,72.5,73.2,74.0,74.9,76.2,77.1,78.2,79.2,80.4,81.3,82.4,82.8
07:32:44.016,99.7,86.8,88.8,92.2,88.9,87.0,87.5,89.1,86.2,82.6,79.2,77.4,75.6,73.8,74.0,70.5,67.8,64.7,65.6,64.1,66.3,66.5,66.5,68.4,68.7,70.8,71.0,72.1,73.4,74.2,75.2,76.0,77.1,78.2,79.2,80.3,81.4,82.6,82.6
07:32:45.016,98.7,86.9,89.5,87.9,86.7,90.2,90.7,87.8,85.1,80.9,79.6,81.6,77.6,76.1,72.6,70.1,68.3,67.4,65.9,64.3,66.2,65.8,67.5,67.9,69.3,70.4,71.2,72.2,73.0,74.8,75.3,76.1,77.3,78.3,79.5,80.3,81.3,82.5,82.7
07:32:46.016,96.0,86.9,88.2,85.8,83.8,84.3,81.9,79.3,79.3,76.7,79.8,79.5,74.7,72.2,72.8,70.4,68.0,65.8,63.3,66.0,65.0,65.7,66.6,68.6,69.3,70.1,71.1,72.0,73.3,74.6,75.5,76.2,77.2,78.3,79.2,80.4,81.3,82.5,82.6
07:32:47.016,97.8,86.9,88.9,84.2,87.6,88.2,85.4,86.6,81.4,81.5,82.2,80.4,80.7,74.6,73.4,74.2,70.9,66.3,65.5,65.3,65.4,65.8,67.5,68.9,69.1,70.5,71.0,72.0,73.2,74.5,75.3,76.1,77.3,78.2,79.2,80.3,81.3,82.5,82.7
07:32:48.016,99.3,86.9,88.9,91.4,86.3,85.2,86.1,83.9,78.8,81.5,77.4,79.3,80.2,75.8,75.2,73.7,70.3,66.9,66.0,66.6,65.1,66.6,66.9,68.3,69.6,70.2,70.9,72.2,73.6,74.2,75.1,76.2,77.2,78.1,79.2,80.2,81.2,82.5,82.7
07:32:49.016,99.0,86.9,89.3,89.8,88.9,89.8,85.9,84.6,83.5,80.0,80.0,79.5,80.0,76.6,73.8,72.6,70.6,66.3,65.2,65.5,65.5,65.6,66.7,68.4,69.8,69.8,71.3,72.0,73.0,74.5,75.3,76.3,77.3,78.4,79.2,80.4,81.4,82.5,82.5
07:32:50.016,97.3,86.8,89.4,84.0,88.3,87.9,83.2,84.5,83.6,80.5,84.5,80.8,80.4,74.4,73.6,70.2,69.1,65.0,65.2,64.7,66.4,66.5,67.2,68.1,69.1,70.3,71.4,72.3,73.0,74.1,75.2,76.2,77.3,78.2,79.2,80.2,81.4,82.5,82.6
07:32:51.016,99.1,86.8,89.6,88.0,88.0,85.7,87.8,85.5,81.9,81.6,80.8,80.3,78.8,77.0,74.2,72.6,70.5,68.1,67.1,66.2,64.8,66.0,67.0,68.2,69.1,70.1,71.3,72.1,73.3,73.9,75.3,76.2,77.1,78.1,79.2,80.2,81.4,82.5,82.6
07:32:52.016,99.3,86.9,89.4,90.3,90.7,88.2,84.9,80.8,81.3,80.3,83.3,81.6,82.2,78.9,73.4,73.3,71.6,70.8,67.7,66.4,66.3,65.6,67.2,68.3,69.5,70.0,71.2,72.0,73.1,74.2,75.1,76.3,77.2,78.1,79.1,80.3,81.3,82.4,82.7
07:32:53.016,98.3,86.9,89.8,90.6,90.4,83.9,85.6,83.6,82.3,86.6,82.6,82.0,80.0,78.4,74.6,73.2,69.6,67.4,65.7,66.0,66.4,66.1,67.3,68.3,69.1,69.6,70.9,72.3,73.2,74.5,75.2,76.1,77.3,78.2,79.2,80.3,81.3,82.5,82.6
07:32:54.016,97.9,86.9,89.4,87.6,92.0,91.0,84.8,83.1,80.8,80.9,79.4,80.9,79.1,76.8,74.3,70.6,69.1,67.9,66.0,66.5,66.2,66.5,67.5,68.0,69.6,70.3,71.4,72.1,72.9,74.3,75.1,76.2,77.1,78.3,79.2,80.4,81.4,82.4,82.6
07:32:55.016,97.7,86.8,89.2,86.0,88.9,87.3,84.6,83.3,81.7,81.0,81.2,79.1,78.2,73.3,73.2,71.0,67.0,67.4,65.6,64.5,66.4,66.5,67.1,68.0,68.4,70.1,71.0,72.0,73.0,74.1,74.9,76.2,77.3,78.3,79.4,80.4,81.3,82.5,82.8
07:32:56.016,98.9,86.8,88.9,87.6,80.0,81.9,87.2,84.1,82.8,80.4,79.1,78.2,77.6,73.2,72.2,70.2,70.2,67.2,65.7,65.1,65.9,66.9,66.8,67.9,69.7,69.9,71.2,72.0,73.3,74.5,74.8,76.4,77.1,78.4,79.3,80.2,81.5,82.4,82.6
07:32:57.016,97.4,86.9,89.2,81.4,83.9,87.7,87.3,85.8,83.7,83.1,79.4,79.1,76.9,75.6,74.0,73.5,69.9,67.3,66.3,66.4,67.0,66.5,67.2,69.2,69.2,70.2,71.5,72.6,73.7,74.2,75.2,76.0,77.2,78.4,79.0,80.2,81.2,82.4,82.8
07:32:58.016,97.1,86.9,88.6,89.2,87.0,85.5,88.0,81.8,80.0,79.8,80.6,77.4,77.8,76.8,74.7,71.6,70.0,68.9,66.2,65.1,66.1,66.0,66.9,68.4,68.7,70.1,71.1,72.1,73.5,74.1,75.4,75.9,77.2,78.3,79.3,80.2,81.4,82.6,82.5
07:32:59.016,96.5,86.9,88.7,83.4,85.5,85.4,81.1,79.8,85.3,82.9,79.9,80.4,78.3,73.9,72.2,72.0,68.7,66.5,65.3,65.0,65.6,66.4,67.6,68.4,69.0,70.5,71.1,72.3,73.1,74.2,74.9,76.3,77.1,78.1,79.3,80.5,81.4,82.5,82.7
07:33:00.016,99.3,86.9,89.0,86.9,88.2,87.2,82.4,82.2,84.3,80.2,80.8,79.5,76.8,75.1,72.4,71.8,70.4,68.3,64.3,64.6,65.8,66.0,67.4,68.6,68.7,70.6,71.6,71.9,73.2,74.5,75.4,76.2,77.2,78.3,79.3,80.5,81.4,82.4,82.7
07:33:01.016,98.9,86.9,88.7,91.2,90.9,87.5,85.6,78.9,81.7,82.8,80.2,80.6,78.5,72.8,71.7,72.7,70.5,67.3,67.0,65.6,66.9,67.2,67.4,68.6,69.3,70.5,71.6,72.0,73.0,74.0,75.4,76.0,77.2,78.5,79.3,80.4,81.4,82.5,82.8
07:33:02.016,97.3,86.9,88.9,87.5,85.7,82.6,80.8,78.2,83.9,83.3,78.9,78.2,76.5,77.8,75.1,73.5,72.0,68.0,65.8,65.9,65.8,67.4,67.4,68.6,69.0,69.5,70.6,72.2,73.5,74.4,75.3,76.3,77.4,78.4,79.2,80.1,81.4,82.5,82.6
07:33:03.016,99.0,86.9,88.8,88.5,84.9,85.8,86.6,86.3,86.2,81.9,79.8,79.7,76.1,75.2,74.3,71.7,67.5,69.1,67.4,67.8,65.7,66.8,67.1,68.4,68.8,70.0,70.8,72.3,73.1,73.8,75.1,76.1,76.9,78.3,79.5,80.4,81.3,82.3,82.5
07:33:04.016,97.4,86.8,88.3,89.2,87.4,86.6,83.0,79.2,83.0,79.7,78.3,78.5,75.7,71.8,74.2,72.1,70.3,68.2,66.7,65.8,65.6,66.1,67.8,68.2,69.2,70.4,71.0,71.6,73.3,74.0,75.5,76.3,77.2,78.1,79.3,80.1,81.2,82.4,82.6
07:33:05.016,98.4,86.9,88.5,88.8,89.5,87.4,84.7,82.5,82.3,79.2,79.4,78.4,77.2,73.2,72.2,71.6,66.3,66.8,66.2,65.2,66.4,67.0,67.1,68.6,69.6,70.0,71.6,72.2,73.0,74.3,74.9,76.2,77.3,78.4,79.4,80.2,81.3,82.5,82.6
07:33:06.016,95.5,86.9,88.2,78.3,80.8,82.6,83.2,79.9,80.1,81.4,80.4,80.4,78.6,72.6,72.5,72.6,68.1,66.6,65.6,66.7,65.1,66.6,66.9,68.2,69.2,70.2,71.0,71.7,72.8,74.5,75.4,76.2,77.5,78.2,79.2,80.3,81.5,82.5,82.5
07:33:07.016,97.0,86.9,88.6,86.9,85.3,81.6,81.5,82.5,84.4,80.5,81.5,77.3,76.5,74.4,71.8,68.4,65.7,68.2,66.2,66.0,66.5,66.6,67.1,68.8,69.2,70.3,70.9,72.5,72.9,73.9,75.0,76.4,77.3,78.2,79.6,80.2,81.2,82.5,82.6
07:33:08.016,97.4,86.8,88.7,89.9,86.2,81.3,83.3,82.2,84.8,81.4,79.1,77.3,78.5,74.2,72.3,71.1,67.1,66.0,65.8,64.8,65.1,66.5,67.3,68.0,69.0,70.4,71.0,72.5,73.2,74.2,75.4,76.1,77.2,78.2,79.3,80.3,81.3,82.4,82.7
07:33:09.016,96.4,86.9,88.4,81.0,88.1,88.5,85.5,83.1,77.9,76.9,79.6,79.1,76.8,77.0,73.3,71.5,70.0,67.5,65.1,64.6,65.5,66.3,67.5,67.9,68.9,70.0,71.1,71.8,73.4,74.0,75.0,76.2,77.2,78.3,79.2,80.5,81.4,82.4,82.7
07:33:10.016,98.3,86.9,88.6,90.9,86.7,82.3,82.2,82.9,85.1,80.2,79.9,80.1,77.9,75.3,73.2,71.0,68.5,66.7,65.0,64.9,65.9,66.6,67.2,68.5,68.9,69.8,70.8,72.3,73.3,74.1,75.0,76.1,77.1,78.2,79.3,80.2,81.2,82.5,82.8
07:33:11.016,96.3,87.0,88.3,87.4,86.1,84.3,87.9,84.0,81.7,78.8,78.3,75.3,77.2,73.3,71.9,71.0,67.2,65.7,66.4,66.1,65.8,65.6,66.8,69.1,69.2,70.5,71.5,72.1,73.6,74.6,75.5,76.3,77.4,78.3,79.1,80.4,81.4,82.3,82.7
07:33:12.016,98.3,86.9,88.4,80.7,86.1,87.8,82.7,81.8,80.7,75.7,74.5,81.0,77.0,75.3,72.0,68.9,66.2,66.0,66.0,64.5,65.4,66.5,67.4,67.9,69.4,70.1,70.9,72.2,73.1,74.8,75.2,76.4,77.5,78.3,79.4,80.3,81.2,82.4,82.8
07:33:13.016,95.2,86.9,87.9,82.6,84.0,84.1,86.5,82.7,82.5,77.9,76.8,79.2,74.7,73.1,71.4,72.8,67.7,64.7,65.4,66.7,65.6,66.4,67.3,67.9,69.4,70.5,71.7,71.9,73.0,74.3,75.2,76.4,77.2,78.3,79.4,80.3,81.3,82.5,82.6
07:33:14.016,97.3,86.9,88.7,83.8,89.0,84.6,76.1,81.9,80.4,78.2,79.1,81.7,76.6,74.3,71.9,68.0,67.6,66.2,66.8,66.4,66.2,66.4,67.1,67.9,69.5,69.9,71.5,72.3,73.3,74.4,75.2,76.1,77.4,78.4,79.2,80.2,81.2,82.5,82.7
07:33:15.016,98.0,86.9,88.5,88.2,86.9,82.5,84.2,83.0,79.7,79.7,77.5,74.7,76.8,77.8,73.3,73.7,71.8,69.4,68.4,66.7,65.7,65.6,66.7,67.9,69.3,70.1,70.6,72.0,73.3,74.5,75.3,76.4,77.4,78.3,79.6,80.3,81.2,82.6,82.6
07:33:16.016,98.5,86.9,88.7,85.5,89.9,86.3,86.1,81.0,81.0,77.5,76.1,78.9,75.4,79.1,75.7,73.4,73.4,69.4,65.9,65.1,65.6,66.6,66.7,68.1,68.8,70.3,71.4,71.6,73.3,74.3,75.6,76.4,77.2,78.4,79.4,80.2,81.4,82.5,82.7
07:33:17.016,98.4,87.0,88.6,91.4,90.0,86.5,80.6,81.9,77.3,77.5,78.4,77.3,77.8,76.3,73.3,72.3,70.8,68.1,65.7,65.8,65.9,65.8,67.0,68.5,69.4,70.3,71.3,72.5,73.5,74.4,75.3,76.2,77.3,78.4,79.2,80.5,81.4,82.4,82.8
07:33:18.016,96.3,87.0,88.8,82.6,85.9,87.5,84.1,76.5,79.6,80.0,80.1,79.7,78.0,76.9,74.6,70.1,69.8,69.6,67.3,67.0,65.8,67.2,68.0,69.2,69.4,70.2,71.7,72.6,73.0,74.5,75.0,76.3,77.3,78.2,79.1,80.1,81.4,82.5,82.5
07:33:19.016,99.3,86.9,88.7,88.4,88.2,85.0,88.0,82.7,79.2,77.6,77.5,79.3,76.2,73.6,73.0,68.9,68.2,67.6,67.1,65.2,66.0,65.5,67.7,68.4,69.8,71.0,71.0,72.2,73.1,74.0,75.0,76.3,77.2,78.4,79.1,80.2,81.4,82.4,82.7
07:33:20.016,98.0,86.9,88.7,86.2,85.7,83.3,85.3,82.8,81.3,82.4,81.0,81.0,80.1,74.5,76.6,71.0,70.7,67.1,66.2,65.9,65.4,66.2,68.0,69.0,69.1,70.6,71.3,72.0,73.2,74.2,75.4,76.2,77.3,78.3,79.3,80.3,81.4,82.4,82.7
07:33:21.016,96.5,86.9,88.2,86.0,79.5,80.2,86.8,85.8,75.9,79.2,80.5,76.6,74.8,74.1,73.2,72.2,67.4,66.3,64.3,66.0,65.7,66.2,67.0,69.4,69.8,69.6,70.9,72.0,73.1,74.2,75.2,76.1,77.3,78.4,79.4,80.3,81.2,82.6,82.6
07:33:22.016,97.1,86.9,88.4,86.6,85.3,87.2,87.3,81.3,78.1,79.5,81.1,78.0,77.0,76.4,73.3,74.0,71.3,69.6,68.9,65.6,66.4,66.4,67.5,68.4,69.3,71.2,71.1,72.3,73.4,74.2,75.3,76.2,77.2,78.2,79.4,80.2,81.5,82.4,82.7
07:33:23.016,97.8,87.0,88.4,81.1,85.8,89.5,87.6,78.4,79.6,79.6,81.1,79.6,75.9,74.3,72.8,71.8,69.9,67.0,65.6,64.3,66.5,67.2,68.1,68.6,68.9,70.6,71.4,72.3,73.6,74.0,75.2,76.6,77.3,78.3,79.3,80.5,81.3,82.5,82.7
07:33:24.016,97.5,86.9,88.3,85.4,87.9,88.0,89.5,84.9,80.2,76.8,69.6,77.7,76.1,74.3,71.7,72.9,69.8,66.0,65.2,64.7,65.8,66.2,67.2,67.8,69.1,69.6,70.9,72.4,73.7,74.8,75.5,76.1,77.2,78.2,79.1,80.3,81.2,82.5,82.7
07:33:25.016,96.5,86.9,88.2,86.0,83.5,83.7,84.6,78.9,80.4,76.3,79.9,79.0,78.0,74.0,73.5,71.6,69.5,68.8,67.2,65.8,65.5,67.0,67.1,68.6,69.7,69.3,71.7,72.8,73.0,74.2,75.4,76.3,77.5,78.2,79.2,80.4,81.3,82.5,82.7
07:33:26.016,96.6,86.9,88.6,89.4,85.3,84.8,85.4,80.9,81.9,82.5,80.9,78.0,73.2,74.4,74.1,70.8,67.3,67.1,66.0,65.6,64.4,66.7,67.6,67.8,69.1,70.4,71.5,72.5,73.2,74.0,75.2,76.1,77.1,78.3,79.1,80.3,81.3,82.5,82.7
07:33:27.016,96.6,86.9,88.4,84.6,83.0,85.7,82.1,81.9,77.1,77.0,78.3,78.1,78.7,76.5,76.7,72.7,70.5,69.0,65.9,66.4,66.2,66.5,66.6,68.5,69.3,70.2,71.0,72.0,73.7,74.5,75.3,76.1,77.1,78.2,79.2,80.2,81.3,82.6,82.6
07:33:28.016,97.0,86.9,88.5,89.1,88.8,87.2,87.3,85.1,79.3,75.9,77.2,81.3,77.9,72.6,73.1,74.2,71.9,69.4,65.5,66.2,65.6,66.2,66.6,68.2,69.9,70.3,71.4,72.4,73.4,74.1,75.0,76.3,77.0,78.4,79.2,80.4,81.3,82.3,82.6
07:33:29.016,96.0,86.9,88.2,84.5,86.5,83.7,80.5,80.8,81.4,82.2,77.8,77.2,79.1,75.6,73.8,72.1,70.1,67.5,66.0,64.8,65.3,66.9,66.9,68.3,69.6,70.3,71.7,72.3,73.3,74.3,75.4,76.1,77.4,78.3,79.1,80.1,81.5,82.4,82.7
07:33:30.016,96.7,86.9,88.2,83.9,81.2,77.9,79.2,81.8,77.8,79.8,77.1,77.8,78.3,75.2,73.1,72.4,70.7,68.6,66.5,65.8,67.4,66.7,67.4,68.3,69.5,70.1,71.6,72.1,73.1,74.2,75.1,76.1,77.4,78.2,79.4,80.3,81.3,82.3,82.7
07:33:31.016,95.5,86.9,87.7,85.4,81.5,82.4,81.1,81.6,76.0,77.6,77.5,74.8,74.7,73.3,72.1,71.7,68.2,67.3,66.3,66.8,64.5,66.5,67.7,68.7,69.4,70.4,71.1,72.0,73.5,74.1,75.1,76.3,77.5,78.2,79.1,80.2,81.2,82.5,82.8
07:33:32.016,94.2,87.0,87.9,83.1,80.5,75.9,76.2,79.4,79.4,81.0,72.9,76.5,75.6,73.9,71.1,70.2,67.8,67.2,65.9,64.9,66.2,66.3,66.5,68.8,69.4,69.7,71.1,72.4,73.3,74.5,75.4,76.3,77.3,78.4,79.4,80.4,81.5,82.5,82.7
07:33:33.016,96.4,87.0,88.1,86.8,88.7,84.8,84.7,80.9,78.5,77.2,76.6,77.7,77.4,74.0,70.9,69.8,67.8,66.6,66.0,65.2,66.1,66.3,66.5,68.5,68.9,70.5,70.6,72.2,73.6,74.4,75.5,76.8,77.3,78.3,79.4,80.2,81.5,82.4,82.8
07:33:34.016,96.4,86.9,88.4,84.7,86.3,87.1,83.3,77.9,83.7,76.8,79.0,79.2,77.1,74.7,75.7,73.3,69.3,67.5,66.5,65.6,66.0,67.6,67.1,68.4,69.1,70.3,71.0,72.3,73.3,74.4,75.0,76.0,77.5,78.4,79.3,80.4,81.4,82.5,82.6
07:33:35.016,95.5,86.9,88.0,84.6,83.8,84.7,81.7,79.7,80.6,79.6,78.5,79.0,75.0,74.3,73.7,70.9,69.3,66.5,66.7,65.4,65.1,66.1,67.5,68.0,68.9,70.2,71.1,71.9,73.3,74.3,75.2,76.2,77.2,78.3,79.3,80.1,81.3,82.5,82.7
07:33:36.016,96.7,86.9,87.7,81.4,83.5,83.8,83.0,77.7,79.3,79.0,76.0,76.6,76.9,73.9,73.0,71.9,67.4,66.9,65.8,65.5,65.2,65.9,68.3,68.6,68.6,70.1,70.4,71.8,73.4,74.4,75.2,76.0,77.3,78.3,79.3,80.3,81.3,82.5,82.7
07:33:37.016,98.0,87.0,88.1,90.3,86.7,82.5,82.4,83.5,81.7,81.1,74.2,72.8,75.0,73.8,72.1,70.4,68.1,64.6,65.0,65.7,65.3,66.9,67.7,68.6,69.5,70.4,71.6,72.2,73.6,74.4,75.1,76.0,77.4,78.6,79.3,80.3,81.3,82.4,82.6
07:33:38.016,95.7,86.9,89.0,82.8,79.2,80.2,82.3,85.8,84.2,80.1,79.9,81.8,77.7,76.5,72.8,72.6,70.2,67.8,66.9,66.6,65.1,66.5,67.0,67.9,69.6,69.8,71.0,72.1,73.3,74.3,75.0,76.3,77.1,78.2,79.3,80.4,81.4,82.4,82.7
07:33:39.016,97.0,86.9,89.2,81.2,86.2,87.3,86.8,81.8,80.9,80.3,81.8,81.7,77.6,77.5,74.1,72.3,68.3,68.1,66.2,65.0,65.4,67.0,68.0,68.5,69.5,70.5,71.0,71.7,73.0,74.4,75.5,76.0,77.4,78.3,79.2,80.5,81.5,82.4,82.6
07:33:40.016,96.9,86.9,89.3,80.8,84.7,89.2,88.9,86.0,85.8,84.1,80.1,81.0,75.6,76.0,75.2,74.9,71.7,69.2,67.4,66.7,66.2,66.7,67.2,68.4,69.7,70.6,71.0,72.4,73.4,74.3,75.1,76.3,77.3,78.2,79.2,80.2,81.3,82.4,82.8
07:33:41.016,95.4,86.9,88.5,82.0,84.0,83.9,80.7,81.2,81.6,78.9,78.1,75.9,80.8,76.5,71.4,74.0,69.0,66.8,65.9,64.8,65.4,66.5,67.7,68.4,69.3,69.9,70.5,71.9,73.1,74.1,75.1,76.1,77.0,78.4,79.4,80.2,81.3,82.3,82.6
07:33:42.016,95.6,86.9,88.6,78.2,83.4,84.5,82.7,82.2,83.1,82.9,81.3,78.0,78.4,74.2,76.2,75.6,70.9,70.1,65.7,64.8,66.2,65.9,66.4,68.3,69.1,70.1,71.2,72.2,73.2,74.2,75.4,76.3,77.3,78.4,79.4,80.1,81.4,82.5,82.7
07:33:43.016,97.1,86.8,88.4,85.6,87.3,89.1,88.0,83.2,79.5,78.6,79.6,77.1,78.4,73.5,73.5,72.6,71.3,69.8,67.4,66.3,65.8,65.6,67.1,67.3,69.1,69.8,71.1,72.1,73.4,74.4,75.1,76.2,77.2,78.3,79.3,80.3,81.4,82.5,82.7
07:33:44.016,97.9,86.9,88.6,85.1,85.5,84.4,86.1,85.3,81.3,80.3,81.7,80.7,77.2,75.9,74.9,72.4,69.6,69.3,66.1,66.7,66.2,67.5,67.6,68.2,69.0,70.5,71.0,71.9,73.4,74.1,75.1,76.4,77.5,78.3,79.3,80.4,81.2,82.6,82.7
07:33:45.016,95.6,86.9,88.3,82.1,81.4,83.0,84.1,82.4,82.2,82.4,79.0,78.5,75.3,74.5,71.4,70.1,69.1,67.6,64.7,65.6,65.5,65.5,66.8,67.9,69.5,70.3,71.0,72.5,73.6,74.6,75.3,76.4,77.3,78.3,79.3,80.3,81.4,82.7,82.5
07:33:46.016,95.0,86.9,88.2,81.2,83.8,85.0,83.7,83.7,82.2,82.6,79.1,79.0,74.1,74.6,70.2,70.5,68.2,67.0,65.8,64.6,65.3,66.5,67.6,68.3,69.6,70.7,71.3,72.6,73.5,74.6,75.2,76.4,77.2,78.3,79.2,80.3,81.2,82.3,82.5
07:33:47.016,95.9,86.9,88.6,83.3,84.7,86.6,87.0,81.7,79.9,77.1,81.8,78.6,79.9,75.7,73.8,72.6,68.3,67.3,65.8,64.9,66.3,67.2,67.0,68.4,68.8,69.9,71.0,72.5,73.5,74.5,75.0,76.2,77.1,78.4,79.0,80.3,81.4,82.4,82.6
07:33:48.016,96.0,86.9,88.0,79.3,75.0,81.0,83.9,78.6,79.6,78.7,80.3,81.0,74.4,71.8,72.2,71.1,70.2,66.5,64.8,64.3,65.5,66.4,67.4,68.6,69.6,70.0,71.6,72.5,73.3,74.3,75.3,76.2,77.2,78.5,79.3,80.2,81.2,82.5,82.6
07:33:49.016,95.3,86.9,88.0,84.2,80.5,82.5,81.5,79.1,81.1,81.8,77.5,79.0,76.7,72.0,70.3,71.5,68.9,66.9,64.7,65.7,66.6,67.3,67.6,67.7,69.6,70.4,70.9,72.6,73.3,73.9,75.3,76.3,77.3,78.1,79.4,80.4,81.4,82.4,82.7
07:33:50.016,96.3,87.0,88.1,85.4,86.7,86.4,86.2,82.2,82.8,79.0,78.1,78.9,75.7,73.4,70.6,68.7,67.2,67.3,65.5,64.1,64.4,66.4,67.6,68.8,68.8,70.2,71.4,72.4,73.5,74.7,75.2,76.2,77.5,78.2,79.4,80.4,81.5,82.4,82.7
07:33:51.016,95.9,86.9,87.8,78.1,84.9,86.5,87.9,79.3,77.0,78.5,77.4,76.0,77.4,74.0,69.0,68.5,66.3,67.2,65.3,65.0,65.2,65.5,66.4,68.5,69.4,70.4,71.2,72.3,73.1,74.0,75.1,76.4,77.4,78.3,79.2,80.3,81.4,82.4,82.7
07:33:52.016,93.7,87.0,86.9,81.2,81.1,83.3,80.4,80.6,76.0,74.8,75.3,73.7,75.0,71.2,69.9,67.0,64.7,65.9,65.1,64.2,65.7,67.1,67.1,68.1,69.8,70.0,71.0,72.2,73.5,74.5,75.3,76.3,77.1,78.4,79.4,80.5,81.4,82.4,82.6
07:33:53.016,95.4,86.9,87.1,85.5,82.7,81.2,84.4,79.6,78.9,74.8,75.2,72.7,74.2,72.0,67.5,65.9,66.7,64.6,63.7,64.8,64.8,66.6,66.4,67.4,69.2,70.2,70.9,72.6,73.1,74.5,75.0,76.3,77.6,78.3,79.1,80.1,81.3,82.5,82.6
07:33:54.016,94.9,86.9,87.6,85.3,85.6,84.6,83.7,83.1,81.6,78.7,75.0,75.0,75.0,72.3,69.8,68.8,67.0,66.2,66.4,65.5,66.5,66.7,67.5,68.7,69.2,70.7,71.4,72.1,73.4,74.3,75.2,76.0,77.1,78.3,79.2,80.3,81.4,82.4,82.7
07:33:55.016,95.1,86.9,87.7,83.9,86.0,83.8,81.1,78.4,79.7,76.1,79.3,79.3,76.0,73.2,71.7,70.2,67.8,66.7,65.1,64.3,65.6,65.9,67.4,68.3,69.9,70.5,71.5,71.8,73.5,74.5,75.4,76.2,77.4,78.1,79.1,80.3,81.4,82.5,82.7
07:33:56.016,93.9,86.9,87.4,82.7,81.8,80.5,78.9,83.3,78.0,73.5,77.7,76.7,71.0,73.6,71.7,70.6,68.2,67.1,66.5,64.8,65.9,66.0,67.1,67.9,69.5,70.5,71.4,72.4,73.2,74.4,75.1,76.3,77.2,78.2,79.3,80.4,81.4,82.5,82.7
07:33:57.016,96.2,86.8,88.0,83.8,86.3,87.8,87.2,81.1,82.1,81.7,78.2,76.4,75.7,74.1,73.3,72.8,70.9,67.9,66.5,65.9,66.9,65.8,68.0,68.8,69.6,70.3,70.4,72.1,73.1,74.0,75.2,76.3,77.1,78.0,79.1,80.3,81.5,82.4,82.6
07:33:58.016,94.4,86.9,87.9,79.4,79.9,80.5,80.8,77.6,82.4,79.8,77.1,76.7,74.9,71.8,71.8,71.3,70.4,67.6,67.3,65.8,65.6,66.6,67.2,68.0,69.3,70.0,71.0,72.3,73.4,74.3,75.1,76.4,77.1,78.2,79.1,80.3,81.4,82.5,82.6
07:33:59.016,95.1,86.9,87.6,76.9,82.2,85.9,85.8,78.2,79.0,77.3,74.9,76.2,74.3,74.6,71.8,69.1,68.4,68.4,67.2,65.9,66.1,66.1,67.1,68.3,69.0,69.9,71.1,72.4,73.4,74.6,75.2,76.4,77.3,78.3,79.4,80.2,81.3,82.5,82.8
07:34:00.016,94.6,86.9,87.6,82.9,82.0,79.3,83.4,80.9,76.5,77.4,75.8,78.2,73.9,76.4,72.1,70.9,69.5,67.5,66.2,65.1,65.9,66.7,67.0,68.5,69.7,70.4,71.2,72.0,73.1,74.2,75.6,76.4,77.4,78.2,79.3,80.0,81.4,82.4,82.7
07:34:01.016,97.0,86.9,88.2,86.2,84.5,86.1,84.1,76.4,78.7,79.7,78.6,76.5,75.5,74.1,70.5,72.5,67.7,67.0,65.7,64.9,65.1,66.8,67.2,67.8,69.0,69.7,71.4,72.0,73.2,74.3,75.1,76.3,77.2,78.2,79.3,80.5,81.3,82.3,82.7
07:34:02.016,96.0,87.0,87.7,84.9,85.1,81.4,83.7,81.3,83.9,81.2,78.4,76.3,76.0,74.4,72.1,70.3,69.3,65.9,65.0,65.9,65.5,66.6,67.7,68.0,69.2,70.1,71.6,72.4,73.4,74.2,75.3,76.3,77.3,78.4,79.5,80.3,81.3,82.5,82.6
07:34:03.016,96.5,86.9,87.9,87.8,86.9,83.8,81.8,82.0,83.8,78.8,77.0,76.6,76.4,74.3,73.8,71.1,65.6,67.9,65.9,65.2,66.7,66.8,67.6,68.1,69.0,70.0,70.9,72.0,73.3,74.0,75.2,76.4,77.1,78.3,79.4,80.3,81.4,82.5,82.7
07:34:04.016,96.6,86.9,87.9,83.9,84.6,87.4,84.8,76.8,79.1,80.7,77.8,78.1,76.0,72.6,71.2,68.9,65.7,66.8,66.6,65.7,65.6,66.4,67.9,68.3,69.9,70.2,71.3,72.1,73.0,74.5,75.6,76.3,77.2,78.2,79.3,80.3,81.2,82.4,82.7
07:34:05.016,95.9,86.9,88.2,82.3,80.3,80.8,80.5,80.6,83.2,80.6,76.0,78.1,77.0,76.2,72.1,69.4,67.7,65.7,65.1,65.0,64.4,66.2,67.5,67.4,69.0,70.1,70.8,72.5,73.3,74.3,75.2,76.3,77.2,78.4,79.4,80.3,81.4,82.5,82.6
07:34:06.016,95.0,86.9,88.0,81.4,81.7,83.8,78.8,85.9,81.9,81.2,79.0,77.5,74.8,76.5,73.5,72.0,68.5,64.9,63.7,64.8,66.1,66.1,67.7,68.8,68.9,69.9,70.9,72.4,73.4,74.2,75.1,76.3,77.3,78.3,79.3,80.4,81.5,82.4,82.7
07:34:07.016,96.2,86.9,88.6,79.8,84.8,86.3,84.7,78.9,83.6,80.5,81.5,77.7,77.2,74.4,71.5,70.4,68.8,66.6,65.2,64.5,66.2,66.0,67.0,68.4,68.7,70.3,71.4,72.2,73.6,74.3,75.2,76.4,77.4,78.3,79.2,80.4,81.4,82.5,82.7
07:34:08.016,96.5,86.9,88.0,81.4,82.4,85.6,84.6,83.2,81.4,79.2,78.7,76.2,74.8,75.9,71.4,68.9,68.1,65.2,65.3,64.5,66.0,67.0,68.5,68.7,69.1,70.3,70.9,72.0,72.9,74.0,75.1,76.4,77.2,78.1,79.2,80.5,81.5,82.4,82.7
07:34:09.016,97.9,86.9,89.0,85.0,91.1,89.7,86.8,82.8,82.7,83.9,81.0,78.0,77.2,74.4,72.6,70.4,67.1,64.8,65.2,65.0,65.3,66.0,67.2,68.3,69.3,70.4,71.4,72.4,73.2,74.0,75.0,76.2,76.9,78.2,79.3,80.4,81.6,82.5,82.7
07:34:10.016,96.0,86.9,88.1,83.2,85.4,87.1,84.7,86.0,82.4,78.9,79.0,75.9,74.9,74.4,71.6,69.7,68.2,67.4,66.0,64.0,64.7,66.1,67.6,67.9,68.8,70.1,71.1,72.0,73.2,74.8,75.5,76.6,77.1,78.2,79.3,80.3,81.4,82.5,82.8
07:34:11.016,96.4,86.9,87.8,81.3,82.8,81.9,82.4,85.3,79.4,79.9,78.4,75.4,76.1,75.3,71.7,69.4,68.6,66.8,64.4,64.1,65.6,65.8,68.2,68.6,69.3,70.0,71.0,72.4,73.0,74.4,75.4,76.3,77.1,78.3,79.4,80.1,81.4,82.6,82.7
07:34:12.016,95.7,86.9,87.7,84.3,84.6,83.8,85.4,83.2,80.7,80.4,77.6,75.1,76.1,71.6,71.9,69.7,66.8,66.7,66.0,65.2,66.1,66.6,67.1,68.3,69.7,70.4,71.4,72.6,73.1,74.3,75.1,76.5,77.4,78.4,79.1,80.3,81.2,82.6,82.6
07:34:13.016,94.8,86.9,87.5,83.9,84.3,80.7,82.4,80.3,78.6,80.5,71.6,80.1,72.8,76.0,71.6,68.0,65.4,66.2,64.8,64.4,66.7,65.3,67.5,67.7,69.4,70.2,71.1,72.4,73.2,74.1,75.1,76.2,77.3,78.4,79.3,80.4,81.5,82.4,82.7
07:34:14.016,95.7,86.8,88.2,84.5,86.2,84.0,86.3,80.0,81.2,73.9,79.8,79.5,76.1,71.9,69.5,69.0,65.7,65.7,66.0,65.4,65.8,66.3,66.9,67.5,68.8,70.4,70.9,72.2,73.4,74.4,75.0,76.2,77.1,78.3,79.2,80.3,81.4,82.5,82.6
07:34:15.016,96.3,86.8,87.7,83.8,86.5,82.9,79.4,77.3,80.4,80.9,75.8,75.1,75.9,75.4,71.9,70.1,67.5,66.4,65.2,64.8,65.6,66.6,67.9,68.2,69.3,70.1,71.3,72.4,73.4,74.1,75.0,76.2,76.9,78.1,79.0,80.3,81.5,82.5,82.6
07:34:16.016,96.5,86.8,87.7,81.6,83.0,84.5,81.6,79.3,78.2,79.0,75.9,75.9,73.0,71.7,69.7,69.3,69.2,67.1,65.7,64.6,65.7,66.0,67.0,67.8,68.8,70.5,71.0,72.2,73.2,74.1,75.0,76.2,77.2,78.1,79.3,80.4,81.3,82.7,82.7
07:34:17.016,95.5,86.9,87.7,80.7,81.0,80.9,78.5,79.4,79.6,78.5,80.4,77.5,77.1,72.5,72.0,68.6,68.6,65.8,66.4,65.2,64.7,66.3,67.2,68.4,69.2,69.7,71.3,72.3,73.2,74.3,75.1,76.1,77.3,78.3,79.2,80.4,81.4,82.4,82.7
07:34:18.016,96.0,87.0,87.7,82.0,81.7,84.5,83.9,79.3,77.4,78.7,78.4,78.0,75.8,74.4,72.2,71.5,67.9,67.0,66.7,65.5,65.2,65.8,67.0,69.0,69.5,71.2,71.4,72.3,73.2,74.3,75.2,76.6,77.4,78.4,79.3,80.3,81.5,82.6,82.7
07:34:19.016,97.1,86.9,87.7,87.8,84.8,80.2,84.3,81.4,76.2,77.4,75.7,76.1,77.2,75.8,75.7,70.8,71.6,68.6,66.6,66.0,66.3,67.1,67.3,67.8,69.4,70.0,71.2,72.0,73.2,74.2,75.2,76.4,77.3,78.3,79.3,80.3,81.4,82.4,82.6
07:34:20.016,94.8,86.9,88.1,84.4,84.4,77.3,78.8,83.2,83.4,79.7,78.1,76.2,76.2,75.6,73.7,73.9,70.8,71.1,67.9,64.7,66.6,66.6,68.1,68.0,69.5,70.1,70.8,72.0,73.5,74.7,75.0,76.0,77.4,78.4,79.2,80.3,81.2,82.4,82.7
07:34:21.016,95.5,86.9,87.8,83.6,82.6,78.6,78.1,82.0,80.6,77.6,75.0,77.3,77.6,73.1,75.0,73.0,71.4,69.0,67.6,65.7,65.9,65.6,67.0,68.0,69.7,70.4,70.8,72.2,73.0,74.5,75.2,76.0,77.3,78.2,79.2,80.4,81.5,82.4,82.7
07:34:22.016,95.4,86.8,88.0,84.8,82.8,80.3,80.6,79.3,81.0,80.4,76.5,78.4,77.2,73.5,72.7,70.5,68.3,66.8,66.1,65.9,66.4,66.9,67.5,68.3,68.8,69.9,71.3,72.2,73.2,74.3,75.2,76.2,77.2,78.1,79.1,80.2,81.3,82.3,82.7
07:34:23.016,95.9,86.9,87.9,81.9,83.3,82.0,81.2,78.1,80.2,79.9,78.8,76.4,76.5,76.2,71.9,70.1,69.0,68.8,66.3,66.5,65.0,67.7,67.8,68.4,69.7,70.6,71.6,72.2,73.6,74.3,75.3,76.5,77.4,78.0,79.1,80.4,81.2,82.5,82.6
07:34:24.016,96.4,86.8,87.4,85.1,86.6,85.8,85.2,82.7,78.9,75.8,74.5,74.3,74.6,72.3,70.7,68.3,66.2,64.5,66.3,65.3,65.7,66.2,66.3,68.5,69.2,69.6,71.1,72.5,73.2,74.1,74.9,75.9,77.4,78.4,79.3,80.4,81.4,82.4,82.7
07:34:25.016,96.2,87.0,87.9,87.6,86.6,83.5,85.2,86.1,81.9,79.2,77.9,76.4,77.4,73.7,72.7,70.1,67.1,65.6,64.7,65.5,65.6,66.1,67.6,68.7,69.0,69.9,71.1,72.2,73.6,74.6,75.2,76.3,77.2,78.0,79.4,80.5,81.5,82.6,82.6
07:34:26.016,95.6,86.9,87.0,83.8,79.8,82.3,82.1,75.2,76.4,74.7,71.3,75.3,72.5,74.1,69.1,69.0,67.7,66.8,65.0,64.9,65.3,65.8,68.1,68.3,69.1,70.6,71.1,71.8,73.2,74.0,75.4,76.5,77.3,78.2,79.1,80.4,81.2,82.4,82.8
07:34:27.016,95.7,86.9,87.5,84.6,78.6,79.4,83.0,81.5,75.2,76.3,76.0,75.4,72.7,71.2,72.3,70.0,68.3,65.3,65.0,64.0,65.8,66.3,67.2,68.0,69.3,69.9,71.0,71.8,73.4,74.4,75.5,76.2,76.9,78.2,79.2,80.5,81.3,82.5,82.6
07:34:28.016,95.5,86.9,87.2,88.6,86.9,82.5,84.2,78.7,76.0,78.6,76.1,75.2,74.0,72.9,70.0,69.2,67.5,67.4,64.8,64.6,65.9,66.8,67.6,67.5,69.2,70.2,71.0,72.3,73.5,74.1,74.9,76.3,77.3,78.1,79.2,80.4,81.4,82.6,82.7
07:34:29.016,95.1,86.9,87.6,79.4,79.4,76.8,80.2,79.3,81.0,78.6,75.6,74.7,74.2,72.5,73.4,69.8,69.0,65.9,66.1,65.0,65.7,66.1,66.7,68.8,70.0,70.3,71.4,72.2,73.2,74.4,75.4,76.2,77.3,78.4,79.1,80.2,81.4,82.5,82.7
07:34:30.016,96.0,87.0,87.7,85.6,83.6,83.2,84.3,78.7,76.8,79.3,78.3,77.0,75.2,74.5,70.2,71.5,68.0,66.6,66.0,66.4,66.5,66.8,67.6,68.7,69.6,70.0,71.5,72.1,73.8,74.3,75.2,76.0,77.4,78.3,79.4,80.2,81.5,82.6,82.7
07:34:31.016,95.6,86.9,87.6,83.0,82.1,78.9,80.4,79.8,78.5,77.4,78.4,74.2,72.2,74.1,70.0,69.8,70.2,67.3,66.4,65.6,65.5,67.2,67.3,68.0,69.7,70.2,70.8,72.2,73.1,74.5,75.3,76.3,77.5,78.3,79.2,80.4,81.3,82.5,82.8
07:34:32.016,94.7,86.9,87.9,84.9,80.7,81.7,81.6,81.1,79.9,76.0,77.3,77.9,78.0,74.1,72.8,70.7,68.1,66.8,66.1,65.7,66.1,66.2,68.1,68.2,70.0,70.8,70.9,72.3,73.5,74.1,75.0,76.4,77.0,78.2,79.4,80.4,81.5,82.5,82.7
07:34:33.016,96.3,86.9,87.9,82.9,83.0,85.6,85.3,78.7,78.7,75.8,78.2,75.4,76.1,75.3,73.5,70.0,69.2,66.4,65.3,64.8,65.3,66.8,67.3,68.7,69.0,71.1,71.5,72.6,73.1,74.3,75.1,76.1,77.2,78.3,79.0,80.3,81.3,82.4,82.8
07:34:34.016,94.9,86.9,87.4,84.0,85.3,79.5,76.5,76.1,78.2,78.6,76.5,75.6,75.4,71.4,69.5,69.1,66.6,67.2,64.2,65.2,64.9,67.0,68.1,68.3,68.9,69.5,70.6,72.5,73.1,74.2,75.4,76.5,77.5,78.3,79.2,80.2,81.2,82.3,82.7
07:34:35.016,95.8,86.9,87.4,81.7,82.7,85.3,80.5,81.0,80.1,75.5,75.9,75.7,75.1,72.9,69.9,68.6,66.5,66.3,66.5,64.0,65.1,66.5,68.0,68.1,69.6,70.5,71.1,72.0,73.4,74.7,75.2,76.0,77.3,78.3,79.3,80.3,81.3,82.4,82.6
07:34:36.016,95.3,86.9,87.1,85.7,82.9,80.6,80.2,77.9,79.6,76.8,73.4,72.6,73.2,72.6,72.0,69.5,67.2,66.0,64.8,64.2,65.3,66.1,67.0,68.4,70.0,70.5,71.1,72.3,73.4,74.4,75.5,76.3,77.2,78.3,79.4,80.4,81.3,82.4,82.6
07:34:37.016,94.3,86.9,87.8,78.0,80.9,84.2,85.4,81.4,77.4,78.4,80.4,78.5,75.4,72.5,73.1,70.7,67.8,67.0,65.3,64.5,66.2,66.7,67.4,68.4,69.6,69.7,71.0,72.3,73.1,74.2,75.2,76.3,77.3,78.2,79.2,80.4,81.3,82.8,82.8
07:34:38.016,95.3,86.8,87.5,81.0,84.1,83.4,83.4,76.7,78.5,75.9,76.8,75.3,74.5,72.2,69.2,68.9,68.9,66.3,65.8,65.2,65.4,67.3,68.2,68.6,69.5,69.8,71.4,72.2,73.2,74.0,75.1,75.9,77.2,78.1,79.1,80.5,81.3,82.5,82.6
07:34:39.016,93.9,86.9,87.4,74.8,76.4,78.9,78.2,79.9,79.8,74.1,77.2,75.9,76.0,71.8,71.6,67.5,65.7,64.7,65.7,65.7,66.3,66.4,67.1,67.3,68.9,70.3,71.4,72.5,73.2,74.6,75.1,76.2,77.1,78.1,79.3,80.4,81.3,82.4,82.6
07:34:40.016,94.2,86.9,87.5,79.6,79.1,80.7,82.5,78.3,77.8,80.7,77.3,75.0,75.1,73.8,73.3,69.3,66.7,65.2,64.7,65.2,66.8,66.9,68.0,68.4,69.7,70.3,70.9,72.1,73.4,74.4,75.0,76.0,77.1,78.1,79.3,80.2,81.3,82.4,82.7
07:34:41.016,94.6,86.9,87.6,84.5,83.6,81.8,77.3,79.3,79.6,80.2,77.4,76.8,74.7,73.4,71.9,70.4,65.8,67.2,65.6,65.4,66.1,66.1,67.3,68.2,69.1,70.2,71.2,72.0,73.2,73.9,75.1,76.3,77.3,78.3,79.2,80.4,81.2,82.5,82.6
07:34:42.016,95.0,86.9,87.3,79.0,80.6,83.5,79.4,74.5,76.5,75.3,72.9,73.5,74.9,74.4,71.0,70.9,68.3,67.8,66.0,66.4,66.2,66.9,68.0,68.7,69.1,70.4,71.1,71.8,73.0,74.3,75.6,76.2,77.3,78.2,79.1,80.4,81.3,82.5,82.8
07:34:43.016,94.7,87.0,87.9,81.4,82.3,80.8,83.2,82.6,77.7,79.6,77.0,77.7,76.2,74.7,71.0,71.5,70.0,69.2,66.2,65.4,64.8,66.9,68.1,68.4,69.7,70.6,71.3,72.7,73.6,74.3,75.3,76.3,77.1,78.4,79.2,80.2,81.3,82.4,82.7
07:34:44.016,95.8,86.9,87.9,88.3,85.1,79.5,80.9,79.5,81.8,78.9,79.7,77.2,74.7,74.3,73.7,72.2,69.7,68.3,66.6,66.1,65.6,66.8,67.2,67.8,69.5,70.4,71.3,72.3,73.3,74.0,75.2,76.3,77.4,78.1,79.5,80.4,81.4,82.6,82.6
07:34:45.016,95.5,86.9,87.8,83.9,81.1,86.4,85.8,78.6,80.5,79.5,76.2,76.7,73.9,72.8,71.3,69.7,68.6,66.2,65.6,65.6,66.4,66.9,68.1,67.7,69.2,70.4,71.2,72.5,73.2,74.0,75.3,76.3,77.3,78.4,79.2,80.4,81.3,82.5,82.6
07:34:46.016,94.8,86.9,87.5,84.4,82.3,83.5,82.2,81.2,74.9,77.0,76.3,75.6,74.8,73.4,71.7,69.9,66.7,67.0,66.6,66.2,65.2,66.8,67.7,68.2,69.2,70.4,71.3,72.6,73.2,74.3,75.2,76.2,77.3,78.4,79.1,80.3,81.3,82.5,82.7
07:34:47.016,95.5,86.9,88.0,83.9,82.7,82.3,79.9,78.2,75.0,74.0,77.6,77.1,72.1,73.7,70.0,67.2,67.7,66.5,65.1,65.1,65.9,66.1,67.8,68.4,69.7,70.1,71.5,71.7,73.3,74.0,75.3,76.2,77.3,78.2,79.3,80.2,81.4,82.6,82.7
07:34:48.016,94.8,86.9,87.0,86.6,84.3,80.8,76.2,79.8,80.7,75.1,74.9,74.8,73.8,74.5,71.7,67.3,67.6,65.5,65.0,65.2,65.8,66.0,67.3,68.5,69.6,69.9,71.4,72.7,73.3,74.1,75.1,76.1,77.4,78.4,79.2,80.5,81.4,82.6,82.8
07:34:49.016,96.1,86.9,87.8,82.6,80.9,84.1,84.1,81.7,83.5,78.7,76.2,78.4,76.2,74.2,73.5,70.3,69.4,66.8,64.5,66.4,65.8,66.8,68.2,68.8,69.4,70.0,71.0,71.8,73.2,74.1,75.2,76.1,77.2,78.2,79.3,80.4,81.4,82.4,82.6
07:34:50.016,95.3,86.8,87.0,80.5,83.2,81.8,77.1,78.2,78.8,77.2,74.9,75.7,70.6,72.0,70.2,67.2,67.2,65.9,65.6,64.9,65.4,66.3,68.1,67.8,68.9,70.3,71.4,72.0,73.0,74.5,75.4,76.3,77.2,78.1,79.2,80.3,81.2,82.5,82.6
07:34:51.016,95.1,86.9,87.3,82.4,86.5,85.5,83.2,82.8,80.7,78.9,76.7,75.0,71.9,73.4,72.0,68.7,67.9,66.3,64.8,64.5,65.1,65.9,67.5,68.6,68.6,70.3,71.3,71.9,73.0,73.9,75.2,76.2,77.1,78.3,79.2,80.4,81.4,82.4,82.7
07:34:52.016,96.2,86.8,87.3,88.6,88.2,85.4,82.8,81.1,78.8,77.8,77.7,76.8,75.1,73.5,71.7,68.1,67.1,66.0,65.3,64.9,66.1,65.3,67.5,68.6,69.6,69.3,70.5,71.7,73.3,74.2,75.1,76.4,77.2,78.2,79.3,80.3,81.3,82.3,82.7
07:34:53.016,94.5,87.0,86.8,79.7,77.5,80.2,80.1,75.1,72.5,73.7,72.8,74.2,73.0,71.6,67.7,67.9,66.9,66.5,64.4,64.7,65.0,65.4,67.6,69.2,69.4,70.5,71.5,72.1,73.5,74.0,75.4,76.3,77.5,78.1,79.2,80.2,81.5,82.4,82.7
07:34:54.016,96.6,86.8,87.6,88.0,87.8,88.4,84.4,80.2,81.0,79.5,74.9,76.2,73.6,74.3,72.0,70.9,67.6,68.2,66.3,64.8,65.8,66.4,67.3,68.1,69.5,70.2,71.3,72.3,73.2,73.9,75.1,76.3,77.4,78.0,79.2,80.3,81.3,82.3,82.7
07:34:55.016,97.4,86.9,87.8,85.6,85.0,84.7,84.9,84.1,77.5,78.4,73.0,71.8,73.2,76.6,72.1,69.4,66.9,67.4,64.9,65.9,65.8,66.2,67.6,68.7,69.5,70.4,70.8,72.1,72.9,74.1,75.1,76.5,77.2,78.1,79.3,80.4,81.3,82.7,82.6
07:34:56.016,95.0,86.8,87.2,83.7,79.8,79.3,78.1,79.3,79.2,75.6,73.8,74.5,72.0,72.5,71.9,68.5,69.4,64.5,64.9,65.0,66.0,67.4,67.6,69.2,69.2,69.9,71.1,72.5,73.3,74.1,75.0,76.1,77.1,78.2,79.2,80.3,81.4,82.5,82.6
07:34:57.016,94.4,86.9,87.1,81.3,81.5,81.8,79.4,78.7,77.9,78.4,76.7,75.5,75.2,71.7,71.3,69.6,68.3,66.3,65.6,65.3,65.9,66.9,67.5,69.1,69.7,70.5,71.7,72.3,73.4,74.3,75.4,75.9,77.2,78.3,79.2,80.2,81.2,82.5,82.6
07:34:58.016,96.0,86.9,88.1,82.4,80.3,84.5,85.9,82.8,81.7,77.8,79.1,76.7,76.8,73.9,71.6,70.0,66.9,66.4,65.6,65.5,65.7,67.1,68.5,68.5,69.0,70.0,71.2,72.3,73.3,74.3,75.3,76.3,77.2,78.3,79.3,80.2,81.4,82.4,82.6
07:34:59.016,95.6,86.9,88.2,84.5,80.8,83.3,80.6,81.5,78.5,78.1,78.9,78.6,74.4,74.9,72.5,71.5,69.1,67.5,66.1,64.8,64.8,67.0,67.4,68.6,69.5,69.8,70.8,71.9,73.3,74.3,75.0,76.5,77.4,78.3,79.4,80.4,81.3,82.3,82.6
07:35:00.016,95.7,86.9,87.8,76.7,78.5,86.6,86.9,78.8,79.9,82.0,77.3,79.2,78.1,73.8,72.7,70.6,69.9,68.1,66.4,65.1,65.3,66.2,67.6,67.9,69.1,70.2,71.3,72.1,73.3,74.0,75.1,76.0,77.4,78.2,79.1,80.3,81.3,82.5,82.7
07:35:01.016,94.9,87.0,87.9,84.7,85.2,85.5,83.3,80.8,80.9,78.9,78.1,77.5,78.5,75.7,74.5,70.2,67.2,68.0,66.4,64.0,65.3,66.7,67.6,67.7,69.0,69.7,71.4,72.6,73.5,74.4,75.3,76.4,77.6,78.5,79.0,80.3,81.6,82.5,82.6
07:35:02.016,94.8,86.9,87.3,82.5,81.1,77.8,76.0,76.7,79.7,76.6,76.6,75.0,76.0,72.4,71.2,69.8,67.8,66.7,64.8,65.8,65.6,66.4,67.5,68.1,69.4,70.3,71.2,72.8,73.2,74.2,75.1,76.2,77.5,78.2,79.1,80.3,81.4,82.5,82.7
07:35:03.016,94.4,86.9,87.2,82.5,80.8,80.1,76.3,75.9,78.9,75.5,74.9,75.9,73.6,72.5,68.8,67.9,68.3,65.0,67.2,65.7,65.7,65.8,67.0,68.5,68.7,70.3,71.3,72.6,73.3,74.3,75.3,76.5,77.4,78.3,79.0,80.3,81.3,82.4,82.7
07:35:04.016,94.0,86.9,86.9,77.7,75.4,76.3,74.5,77.4,79.6,73.1,72.3,73.1,73.1,67.7,69.6,67.5,66.3,65.9,66.2,64.4,65.3,66.0,67.5,68.4,69.4,70.4,70.7,72.2,73.8,74.3,75.3,76.1,77.4,78.2,79.1,80.3,81.4,82.5,82.5
07:35:05.016,94.8,86.8,86.9,83.4,81.5,79.4,78.5,79.2,77.3,77.3,76.4,74.0,74.3,70.5,70.3,67.4,67.0,66.5,65.3,66.1,66.3,66.5,67.8,67.8,68.8,69.6,71.5,72.0,72.9,74.0,75.0,76.2,77.2,78.3,79.4,80.4,81.3,82.5,82.6
07:35:06.016,95.5,86.8,86.8,85.7,82.3,80.6,79.4,78.1,79.8,76.9,71.3,72.7,71.6,70.2,68.1,66.3,66.4,64.6,67.1,65.3,65.1,66.3,67.8,68.6,68.8,70.2,70.8,72.6,73.2,73.8,74.9,76.4,77.2,78.4,79.2,80.2,81.3,82.3,82.8
07:35:07.016,94.3,86.9,86.6,80.6,79.9,82.8,85.0,77.7,75.0,76.0,72.6,72.2,69.8,72.1,68.1,68.0,64.5,64.9,65.0,64.6,64.6,66.8,66.5,68.8,69.1,69.9,71.1,72.6,73.2,74.3,75.1,76.3,77.2,78.4,79.3,80.4,81.2,82.3,82.5
07:35:08.016,94.5,86.9,86.7,83.3,79.4,79.6,79.5,75.5,78.0,74.9,74.1,68.1,70.2,67.7,68.9,65.9,65.2,63.2,63.6,65.2,66.1,67.6,67.4,68.6,69.0,70.1,71.4,72.2,73.2,74.3,75.1,76.3,77.2,78.3,79.3,80.4,81.4,82.4,82.8
07:35:09.016,94.4,86.8,86.6,82.3,82.3,80.0,80.9,76.1,77.1,76.5,72.3,72.1,73.1,69.5,67.4,68.0,65.6,65.1,63.9,64.6,65.6,65.6,67.9,68.2,68.4,69.9,70.9,71.9,72.9,74.0,75.0,76.2,77.2,78.3,79.3,80.2,81.1,82.5,82.6
07:35:10.016,93.9,86.9,86.8,76.3,75.9,81.4,81.2,78.6,74.3,75.2,73.0,68.6,70.0,68.5,66.3,66.9,66.7,67.6,65.7,64.4,66.2,65.7,66.8,69.0,69.5,70.0,70.9,71.8,73.4,73.9,75.3,76.2,77.3,78.4,79.2,80.3,81.3,82.5,82.7
07:35:11.016,94.2,87.0,86.8,83.7,80.6,81.5,76.9,77.7,74.0,73.8,76.0,73.7,71.1,71.8,70.6,68.5,67.5,65.8,65.8,65.5,64.9,66.5,66.7,68.4,69.9,70.5,71.6,72.7,73.1,73.8,75.3,75.9,77.4,78.6,79.1,80.2,81.6,82.5,82.6
07:35:12.016,94.2,86.9,86.6,83.7,82.4,80.8,75.3,77.9,78.0,73.5,72.3,73.2,71.7,71.5,67.9,67.5,65.5,65.0,65.5,65.6,66.6,66.6,68.4,68.8,68.7,70.7,71.2,72.4,73.3,74.5,75.3,76.1,77.0,78.3,79.1,80.3,81.3,82.3,82.7
07:35:13.016,94.5,86.9,86.7,82.8,79.3,78.1,79.1,78.4,77.1,72.7,72.8,73.6,71.5,72.1,69.4,68.0,65.8,65.6,64.7,65.0,66.2,66.8,68.4,68.8,69.5,70.4,71.5,72.6,73.4,74.3,75.2,76.2,77.3,78.3,79.3,80.4,81.4,82.4,82.7
07:35:14.016,95.0,86.9,86.5,79.6,75.5,72.8,74.0,73.0,74.5,71.0,74.0,73.0,71.6,69.4,68.8,67.1,65.9,66.0,64.5,64.5,65.3,66.6,66.9,68.9,68.9,70.4,71.2,72.0,73.1,74.2,75.3,76.4,77.3,78.2,79.2,80.4,81.4,82.5,82.7
07:35:15.016,95.5,86.9,87.2,80.2,79.2,81.5,80.4,77.0,78.7,75.6,76.1,72.7,71.6,72.1,72.1,68.0,67.1,65.4,65.7,65.5,65.8,65.8,67.1,68.3,69.0,69.8,70.6,72.1,73.3,74.0,74.9,76.1,77.2,78.4,79.4,80.4,81.4,82.5,82.8
07:35:16.016,94.2,86.9,86.9,76.6,76.4,77.9,79.1,80.1,74.1,75.2,76.7,73.5,71.5,71.7,69.0,67.6,65.9,65.2,64.9,65.6,66.3,67.1,67.4,68.2,69.5,70.4,71.1,71.9,73.1,74.0,75.2,76.4,77.4,78.4,79.3,80.4,81.4,82.4,82.7
07:35:17.016,94.0,86.9,86.8,79.9,79.4,83.1,79.6,75.2,78.4,73.9,71.9,70.5,71.4,70.4,69.1,68.4,66.3,66.5,65.5,65.9,65.9,67.1,67.9,68.7,69.2,69.8,71.4,72.1,73.6,74.5,75.0,76.2,77.0,78.2,79.4,80.2,81.2,82.4,82.7
07:35:18.016,94.3,86.9,86.8,80.2,78.1,79.8,82.4,78.3,77.0,73.6,74.6,70.8,72.4,71.2,72.0,68.5,65.3,64.0,64.4,64.3,65.4,66.8,68.2,67.5,68.2,70.2,70.7,72.0,73.2,74.2,75.1,76.2,77.3,78.3,79.3,80.2,81.3,82.5,82.6
07:35:19.016,94.8,86.9,86.6,80.4,81.6,75.1,77.7,73.6,78.3,75.3,74.5,71.0,69.7,67.5,69.3,68.8,66.1,65.5,65.7,65.7,65.7,65.8,67.6,68.6,69.6,70.1,70.9,72.4,73.0,74.5,75.2,75.9,77.2,78.2,79.4,80.3,81.4,82.5,82.6
07:35:20.016,94.1,86.9,87.2,84.0,80.6,76.8,79.4,80.8,79.8,78.4,76.8,76.0,73.4,73.2,70.2,69.6,67.8,65.5,64.3,65.5,65.4,66.4,67.6,68.1,68.6,70.7,71.5,72.6,73.5,74.5,75.3,76.2,77.2,78.1,79.2,80.3,81.4,82.6,82.6
07:35:21.016,93.3,86.9,86.6,83.1,80.3,78.4,80.3,78.5,78.4,76.1,70.5,74.2,72.3,73.1,70.4,66.4,64.9,65.7,65.1,65.0,66.2,66.4,68.2,68.4,69.0,70.4,71.2,72.1,73.1,74.4,75.2,76.4,77.3,78.0,79.4,80.4,81.4,82.6,82.7
07:35:22.016,94.6,86.9,86.5,83.4,79.8,77.0,80.6,73.7,74.5,71.6,74.3,72.8,72.8,71.0,71.1,67.2,66.5,65.5,65.4,65.2,64.2,67.5,67.9,68.4,68.8,69.8,71.3,72.1,73.3,74.0,75.3,76.2,77.0,78.4,79.3,80.3,81.3,82.6,82.6
07:35:23.016,93.7,86.9,86.9,80.6,82.9,83.3,82.1,77.2,80.4,76.0,74.8,74.3,75.3,72.1,70.8,67.6,66.0,63.3,64.3,65.8,66.9,67.4,67.7,68.2,69.1,69.9,71.2,72.3,73.4,73.8,75.5,76.5,77.2,78.5,79.3,80.1,81.4,82.4,82.6
07:35:24.016,94.9,86.9,86.9,78.7,74.5,79.4,81.0,78.1,78.0,76.3,74.0,74.4,72.9,72.5,69.7,68.3,65.5,65.3,64.8,65.5,67.8,66.3,67.9,68.3,69.5,70.5,70.9,72.3,73.2,74.1,75.0,76.4,77.2,78.2,79.1,80.3,81.4,82.4,82.6
07:35:25.016,94.4,86.9,87.0,79.5,83.2,82.4,76.3,73.6,79.7,78.1,73.6,74.8,72.5,71.6,67.6,66.9,64.9,65.1,65.5,65.0,65.6,66.6,67.1,68.3,69.5,70.4,71.2,72.1,73.4,74.2,75.1,76.3,77.2,78.3,79.1,80.4,81.4,82.5,82.7
07:35:26.016,94.5,86.9,86.8,80.8,80.5,80.9,80.8,77.3,76.3,78.5,73.7,73.8,73.7,73.1,70.2,69.1,67.9,66.7,65.8,65.6,67.0,66.1,67.1,68.7,69.3,70.6,71.5,71.9,72.8,74.2,74.9,76.0,77.2,78.2,79.4,80.4,81.3,82.5,82.5
07:35:27.016,92.6,86.9,86.4,79.9,75.4,79.0,78.8,76.2,75.6,74.6,73.8,70.8,71.7,70.6,68.2,66.4,66.6,65.6,65.2,65.8,65.7,66.4,67.3,68.0,69.3,70.4,71.1,72.5,73.2,74.2,75.2,76.1,77.1,78.2,79.2,80.4,81.3,82.5,82.7
07:35:28.016,93.5,86.9,86.7,80.1,81.1,82.4,82.0,75.6,77.6,74.8,74.0,72.4,71.0,72.0,70.4,67.1,65.6,65.5,67.1,65.8,66.5,65.9,67.3,69.0,69.4,70.0,70.8,72.3,73.1,74.2,75.1,76.3,77.2,78.1,79.1,80.3,81.3,82.3,82.6
07:35:29.016,91.9,86.9,86.3,75.7,77.3,73.6,72.0,76.3,75.3,71.9,71.2,69.8,67.6,70.1,65.4,64.3,64.2,63.8,65.5,65.1,66.2,66.6,67.6,68.6,69.5,70.5,71.7,71.9,73.2,74.3,75.6,76.1,77.5,78.5,79.3,80.2,81.4,82.5,82.6
07:35:30.016,94.0,86.9,86.5,81.7,81.6,77.4,73.9,73.5,75.2,73.5,71.8,70.6,68.4,69.9,66.1,65.7,64.8,65.9,65.5,65.9,66.5,66.7,68.0,68.6,69.4,70.1,71.8,72.5,72.9,74.3,75.1,76.0,77.0,78.3,79.2,80.2,81.4,82.6,82.7
07:35:31.016,93.2,86.9,86.4,84.3,80.6,76.7,80.9,77.9,73.4,74.5,73.8,69.2,72.2,70.1,67.3,66.0,62.4,65.0,64.3,65.1,65.7,65.6,67.9,69.3,69.4,70.0,71.3,72.4,73.5,74.5,75.3,76.5,77.3,78.2,79.2,80.4,81.3,82.4,82.6
07:35:32.016,94.7,87.0,86.7,83.6,78.7,74.6,76.3,79.4,79.6,77.1,70.3,71.9,69.8,70.9,68.7,66.9,64.3,65.7,65.3,64.7,65.4,66.8,67.6,68.6,69.2,70.1,71.2,72.4,73.3,74.6,75.2,76.1,77.3,78.5,79.3,80.2,81.4,82.5,82.6
07:35:33.016,93.1,86.9,86.7,78.3,77.6,80.8,79.5,77.9,73.6,76.6,72.6,73.3,71.1,71.5,71.4,69.0,66.2,65.5,64.6,65.3,65.2,65.8,67.3,68.6,69.4,70.1,71.3,71.9,73.1,74.2,75.3,76.4,77.3,78.3,79.3,80.2,81.1,82.5,82.7
07:35:34.016,94.8,87.0,86.6,84.8,82.1,81.9,79.0,79.4,75.3,75.2,71.1,65.5,68.9,70.3,69.8,66.8,64.2,65.4,64.4,65.3,65.1,66.0,67.1,68.7,68.9,70.6,71.0,72.6,73.4,74.7,75.5,76.4,77.2,78.1,79.3,80.2,81.4,82.5,82.7
07:35:35.016,93.6,86.9,86.7,82.6,78.4,80.3,81.1,75.5,77.2,76.6,72.8,73.0,72.4,72.6,69.9,68.2,65.9,66.7,65.4,65.8,65.8,66.0,67.2,68.1,69.5,70.2,71.4,72.1,72.9,74.7,75.1,76.2,77.3,78.3,79.0,80.3,81.3,82.4,82.7
07:35:36.016,93.7,86.9,86.7,81.4,75.8,79.3,80.0,76.9,75.9,77.3,73.1,72.3,70.9,72.1,68.0,67.5,66.1,65.1,64.4,63.7,65.6,66.2,67.4,68.1,69.6,70.6,71.2,72.7,72.9,74.4,75.2,76.2,77.4,78.0,79.3,80.3,81.3,82.5,82.7
07:35:37.016,93.7,86.8,86.4,82.3,81.2,79.4,79.3,78.2,76.2,72.5,75.5,72.2,71.1,67.3,68.9,68.0,66.3,67.0,64.4,64.3,65.8,67.1,67.1,67.9,69.6,70.3,71.6,72.2,73.1,74.1,75.0,76.3,77.2,78.2,79.1,80.2,81.3,82.5,82.8
07:35:38.016,93.9,86.9,86.9,82.0,81.4,77.2,77.1,77.6,74.5,74.9,75.5,70.9,69.0,70.2,70.0,67.8,66.7,65.5,63.7,64.8,65.4,66.6,68.2,67.9,68.8,70.9,71.4,72.2,73.7,74.5,75.3,75.9,77.1,78.5,79.3,80.3,81.2,82.5,82.7
07:35:39.016,94.1,86.9,86.9,82.5,80.0,80.8,80.1,77.0,80.4,77.9,73.2,73.9,70.5,73.9,70.3,67.2,66.9,63.2,65.8,65.4,65.1,65.7,67.4,68.4,69.0,70.4,71.6,72.3,73.4,74.2,75.0,76.2,77.3,78.2,79.3,80.3,81.5,82.5,82.8
07:35:40.016,93.7,86.9,86.3,77.2,77.4,79.7,76.8,77.1,73.7,75.2,71.0,68.7,69.3,69.6,66.9,66.2,63.7,65.4,64.3,65.0,65.3,67.3,66.7,68.0,69.4,70.5,71.1,72.0,73.1,74.1,75.3,76.5,77.3,78.2,79.3,80.3,81.3,82.4,82.7
07:35:41.016,93.0,86.9,86.4,75.1,77.9,81.2,77.4,73.6,77.8,73.5,72.6,73.1,70.4,72.4,68.0,65.7,64.9,65.3,65.6,64.4,65.8,66.1,67.3,68.4,69.6,70.5,70.8,72.3,73.0,74.2,75.0,76.2,77.2,78.4,79.1,80.3,81.5,82.5,82.6
07:35:42.016,93.3,87.0,86.7,80.3,77.7,80.8,80.1,76.2,75.0,75.6,74.5,72.4,70.9,71.3,68.1,67.3,66.1,65.9,65.1,65.1,66.4,67.1,67.7,68.7,69.3,70.5,71.6,72.5,73.5,74.0,75.2,76.1,77.3,78.5,79.3,80.5,81.5,82.2,82.7
07:35:43.016,93.2,86.9,86.4,79.1,79.4,79.1,77.4,79.8,72.5,71.9,75.0,72.1,70.7,68.9,68.0,66.4,66.4,65.3,66.6,65.9,64.6,66.4,67.5,68.5,69.4,70.1,70.9,72.3,73.6,74.2,75.3,76.3,77.5,78.7,79.3,80.2,81.5,82.5,82.5
07:35:44.016,93.5,86.9,86.5,81.6,80.8,82.8,79.0,77.8,73.9,73.8,74.5,70.2,69.5,72.2,65.8,66.7,66.5,66.4,65.5,66.2,67.0,67.2,67.3,68.6,69.4,70.2,71.5,72.2,73.0,74.1,75.3,76.2,77.2,78.5,79.4,80.4,81.3,82.5,82.7
07:35:45.016,93.4,86.9,86.5,79.5,80.2,79.4,81.4,78.2,73.7,75.7,70.9,69.8,69.0,69.7,68.7,67.6,65.5,65.5,63.5,65.7,66.1,65.9,68.2,68.8,69.6,70.4,71.2,72.1,72.8,74.1,75.1,76.2,77.3,78.1,79.3,80.4,81.5,82.5,82.8
07:35:46.016,93.4,86.9,86.5,80.5,79.7,78.3,78.0,75.6,74.2,76.8,71.8,70.1,69.1,70.9,67.5,67.1,65.6,67.1,64.7,65.8,65.3,66.4,67.7,68.1,68.9,69.9,71.1,72.0,72.9,74.3,75.3,76.4,77.3,78.4,79.2,80.1,81.5,82.5,82.7
07:35:47.016,92.7,86.9,86.2,81.4,75.3,74.5,76.6,77.2,73.3,72.1,73.0,71.7,69.0,69.7,69.1,67.4,66.5,65.5,64.2,64.3,65.5,66.3,67.4,68.9,69.2,69.9,71.0,72.5,73.2,74.2,75.4,76.7,77.2,78.3,79.3,80.4,81.5,82.3,82.7
07:35:48.016,93.0,86.9,86.4,78.0,78.1,76.0,77.7,75.8,75.4,72.4,73.5,70.9,70.7,70.4,69.3,67.4,64.9,65.2,65.2,65.0,64.9,66.8,67.6,68.4,69.2,69.8,70.8,72.3,73.2,74.5,75.0,76.0,77.3,78.2,79.4,80.2,81.2,82.4,82.6
07:35:49.016,92.9,87.0,86.5,79.6,78.3,78.4,73.9,75.9,75.6,72.6,72.3,71.4,68.9,69.4,66.9,66.4,64.2,65.8,63.6,65.3,66.1,66.3,66.1,68.6,69.7,70.0,71.4,72.5,73.6,74.4,75.3,76.1,77.0,78.5,79.3,80.4,81.3,82.5,82.7
07:35:50.016,92.6,86.9,86.2,78.7,79.1,77.2,78.0,74.7,73.1,69.9,71.1,69.8,68.1,69.0,68.0,66.6,63.6,64.7,63.9,64.6,65.8,66.3,67.5,68.5,69.6,70.4,70.8,72.2,72.9,74.3,74.9,76.2,77.4,78.3,79.2,80.3,81.3,82.6,82.6
07:35:51.016,93.1,86.9,86.2,82.8,79.2,77.0,77.9,77.5,75.2,71.5,69.0,70.3,70.0,69.6,66.0,63.8,64.0,62.5,62.3,64.2,65.4,67.0,67.3,67.9,69.7,70.7,72.0,72.4,72.8,74.3,75.3,76.2,77.4,78.4,79.2,80.2,81.6,82.4,82.5
07:35:52.016,92.7,87.0,86.3,79.8,76.9,76.0,79.1,77.6,71.3,71.8,69.0,70.3,70.6,69.3,67.0,64.8,63.5,62.5,64.7,64.9,66.8,67.1,67.8,68.2,69.3,70.0,71.6,72.4,73.2,74.2,75.2,76.3,77.4,78.3,79.3,80.3,81.4,82.4,82.7
07:35:53.016,93.0,86.9,86.3,79.9,79.5,75.6,72.5,73.8,76.7,75.1,71.7,72.4,68.9,68.8,67.7,64.1,64.0,63.4,65.3,64.3,66.1,66.7,68.5,68.7,69.1,69.9,71.3,72.4,73.4,74.3,75.1,76.0,77.5,78.3,79.3,80.2,81.2,82.4,82.7
07:35:54.016,92.7,86.9,86.0,77.8,77.4,76.9,77.7,72.0,67.3,71.9,70.9,68.2,67.8,68.9,66.1,63.8,62.8,63.6,64.3,65.0,65.3,66.5,67.6,68.6,70.1,70.3,71.0,72.2,73.3,74.5,75.1,76.0,77.2,78.2,79.2,80.4,81.3,82.6,82.5
07:35:55.016,92.5,86.9,86.2,78.3,80.3,81.0,77.1,73.4,75.6,71.4,71.4,70.5,70.2,70.7,64.0,64.9,63.2,64.4,64.9,64.0,66.8,66.1,67.5,68.9,69.0,70.1,71.6,72.2,73.4,74.0,75.2,76.2,77.3,78.3,79.2,80.4,81.2,82.5,82.6
07:35:56.016,92.4,87.0,86.1,75.7,72.2,75.7,75.7,72.9,72.9,72.4,68.1,68.8,66.9,68.8,64.7,64.2,64.8,63.1,64.8,66.7,65.2,66.6,67.1,67.5,69.5,70.4,71.3,72.4,73.3,74.3,75.1,76.2,77.5,78.6,79.4,80.6,81.4,82.6,82.8
07:35:57.016,91.8,86.9,86.2,75.2,74.9,71.8,72.2,73.5,71.6,72.1,69.6,70.9,69.5,67.3,66.9,65.8,65.3,65.0,66.1,64.3,65.0,66.4,67.1,69.5,69.6,70.7,71.2,72.3,73.6,74.2,75.3,76.1,77.1,78.1,79.3,80.4,81.5,82.5,82.6
07:35:58.016,93.4,87.0,86.4,75.5,77.5,73.7,74.3,72.6,71.7,73.9,68.6,70.5,66.5,68.4,65.8,64.7,66.0,64.8,64.9,65.4,66.1,66.9,68.0,68.6,69.8,70.3,71.1,72.3,73.3,74.6,75.5,76.4,77.4,78.2,79.5,80.3,81.4,82.5,82.8
07:35:59.016,91.9,86.9,86.2,75.9,72.8,78.5,80.1,72.8,72.2,71.8,66.6,72.1,68.9,70.1,69.1,65.1,63.3,64.5,65.7,64.4,65.2,66.2,67.2,67.9,69.4,70.3,71.4,72.2,73.1,74.7,75.3,76.4,77.6,78.2,79.2,80.2,81.3,82.5,82.8
07:36:00.016,92.7,86.9,86.1,79.5,76.1,75.4,77.7,77.8,72.4,71.7,69.5,70.9,66.9,70.6,67.4,64.7,65.4,64.0,64.6,64.4,65.4,66.7,66.9,67.5,69.6,70.3,70.5,72.7,73.1,73.7,75.2,76.2,77.4,78.2,79.1,80.4,81.3,82.5,82.5
