AMBIENT,55.1,39.6,52.5,41.2,38.7,42.2,40.2,44.4,44.2,41.1,43.2,44.8,44.7,46.4,42.7,41.3,41.6,39.7,39.2,36.0,35.2,33.8,32.2,30.3,29.0,28.1,28.4,29.2,30.1,31.1,32.1,35.2,34.4,36.0,36.5,37.4,38.5,39.4,41.1
07:31:02.000,54.5,39.0,51.9,40.2,36.0,41.7,41.3,44.6,41.3,41.6,41.5,42.1,45.9,47.8,41.1,40.6,36.7,39.5,37.5,34.0,32.8,32.0,29.9,28.6,27.7,27.2,27.8,29.3,30.1,31.2,32.1,35.7,34.7,35.7,36.3,37.3,38.3,39.3,41.0
07:31:03.000,54.7,38.5,51.9,34.0,40.6,37.7,36.5,42.7,39.7,39.7,41.2,43.6,46.9,45.0,40.9,39.6,38.8,37.6,36.4,34.8,33.5,32.2,30.1,28.4,28.2,27.9,27.8,28.9,29.8,30.6,32.0,35.1,34.1,35.8,36.5,37.3,38.3,39.3,41.0
07:31:04.000,55.2,38.9,52.0,40.5,37.7,40.2,40.0,45.1,40.6,38.3,45.7,41.7,42.7,46.6,43.8,40.7,38.4,39.6,38.5,34.9,33.5,31.3,29.8,29.0,28.3,27.8,28.4,29.1,30.1,31.3,32.3,35.5,34.8,35.7,36.4,37.3,38.4,39.4,41.0
07:31:05.000,53.8,39.5,51.3,38.7,35.6,39.3,41.3,46.8,40.0,43.5,40.0,45.3,45.5,45.1,40.1,40.5,39.0,39.2,38.8,35.6,32.5,30.9,30.2,28.0,28.4,28.4,28.1,28.9,29.8,30.8,31.9,36.7,34.4,35.5,36.4,37.2,38.4,39.3,41.1
07:31:06.000,54.6,39.7,52.1,42.5,37.5,44.0,43.5,44.6,41.9,41.8,44.1,43.7,45.2,46.7,40.4,39.3,38.4,37.5,39.1,36.0,32.5,30.8,29.6,28.6,28.6,28.6,28.7,28.8,30.0,31.0,32.0,36.6,34.6,35.8,36.4,37.4,38.4,39.3,41.0
07:31:07.000,54.4,39.1,50.9,40.3,35.5,42.9,41.9,43.2,41.8,41.7,43.2,44.9,43.9,45.7,42.4,41.2,37.8,38.0,38.6,34.5,33.3,31.7,30.1,28.6,28.7,28.2,28.1,29.3,29.8,30.7,31.7,36.3,34.6,35.6,36.3,37.3,38.2,39.3,41.0
07:31:08.000,54.5,40.0,52.1,32.5,36.9,37.2,34.3,43.9,40.6,41.3,42.3,42.0,42.2,45.3,40.2,39.0,38.9,38.9,39.5,35.2,32.1,32.5,30.5,28.9,28.2,28.4,28.5,29.4,29.7,31.2,32.1,36.7,34.9,35.6,36.0,37.4,38.4,39.4,41.0
07:31:09.000,54.1,39.1,51.1,38.7,42.2,40.8,36.8,45.1,40.2,41.4,43.3,44.2,45.3,46.2,43.6,39.7,38.5,39.4,38.6,34.7,33.0,31.9,30.7,29.1,27.4,28.4,28.7,28.8,29.9,30.7,31.7,36.0,33.9,35.8,36.4,37.4,38.3,39.3,41.1
07:31:10.000,54.6,39.7,51.7,44.0,40.7,42.5,44.2,45.3,39.4,41.1,39.9,44.3,44.5,45.9,41.6,38.6,40.5,38.6,38.7,36.4,32.3,31.7,30.4,29.4,28.4,28.1,28.5,28.6,29.8,31.0,32.0,36.6,34.8,35.7,36.4,37.3,38.4,39.3,41.1
07:31:11.000,54.4,39.9,51.7,36.7,34.9,40.6,40.2,41.0,38.3,39.0,40.7,43.4,45.6,45.5,42.3,38.6,39.1,39.0,39.5,35.8,32.2,31.3,31.6,30.4,28.8,28.7,28.7,28.9,30.0,30.8,31.9,36.8,34.8,35.9,36.4,37.3,38.2,39.4,41.1
07:31:12.000,55.2,40.2,51.8,41.4,41.1,45.1,38.9,41.9,42.6,41.1,42.3,42.5,42.5,45.7,41.2,39.5,39.3,38.3,40.1,35.7,33.8,33.6,32.0,29.9,28.7,27.9,28.1,29.2,30.2,30.8,31.9,36.5,35.1,35.9,36.2,37.4,38.3,39.4,41.0
07:31:13.000,55.5,40.8,52.8,40.2,38.5,43.9,39.1,43.3,42.1,41.8,45.1,43.4,44.2,47.2,40.2,39.0,40.2,40.5,41.1,37.6,34.2,35.3,34.7,31.0,28.5,27.9,27.9,29.1,30.2,31.2,32.0,36.3,34.4,35.7,36.4,37.3,38.5,39.3,41.0
07:31:14.000,54.6,40.9,52.3,39.6,36.7,42.1,39.2,45.9,44.4,36.6,45.5,44.2,44.7,46.2,41.0,40.2,40.2,40.8,41.3,38.2,35.1,37.0,35.2,31.9,28.6,29.0,28.3,29.2,29.6,31.0,31.9,35.7,34.5,35.9,36.4,37.3,38.3,39.2,41.0
07:31:15.000,55.3,41.0,52.8,41.6,41.3,41.9,42.8,47.0,40.9,45.1,41.8,44.8,43.7,47.7,42.6,37.8,39.6,41.2,41.0,37.5,36.1,35.2,35.7,33.2,30.5,28.9,28.9,29.5,30.0,31.1,31.8,35.6,34.3,35.5,36.5,37.3,38.5,39.3,41.0
07:31:16.000,54.6,41.0,52.4,41.7,34.0,44.8,41.8,39.8,38.7,37.1,43.7,44.8,45.9,45.9,41.1,40.4,39.9,39.9,41.8,37.2,34.7,36.2,35.0,33.6,29.3,28.7,28.7,29.5,29.7,31.0,32.0,35.5,34.7,35.7,36.3,37.4,38.4,39.1,41.0
07:31:17.000,70.8,47.0,59.2,41.5,40.6,42.8,39.9,39.1,41.6,43.0,42.4,41.7,45.2,47.2,42.4,40.1,44.8,44.7,49.9,49.9,46.9,41.4,39.1,33.8,30.7,29.3,28.3,29.1,29.9,31.1,32.2,34.4,34.2,35.5,36.3,37.1,38.4,39.2,41.0
07:31:18.000,79.2,58.0,70.6,44.9,43.5,45.6,40.1,41.1,37.4,41.7,42.8,44.1,43.3,46.6,45.3,51.5,57.5,54.5,60.9,54.4,52.7,48.2,44.2,41.5,38.7,32.9,28.9,29.2,29.2,30.7,31.8,34.4,34.4,35.4,36.2,37.3,38.2,39.2,41.1
07:31:19.000,80.2,66.4,77.3,35.8,42.3,45.1,42.3,48.5,62.2,49.4,42.8,42.1,47.7,51.9,56.8,61.9,67.0,69.2,73.1,69.1,63.9,58.0,53.0,49.6,44.5,35.7,30.3,29.4,29.9,31.0,31.4,33.3,34.0,35.3,36.1,37.4,38.3,39.3,41.0
07:31:20.000,89.1,67.4,80.5,40.5,40.7,64.1,67.2,66.8,66.3,50.9,45.8,47.1,50.4,54.6,63.5,63.3,69.6,73.9,73.0,68.4,64.9,58.8,54.3,51.4,46.9,37.5,30.0,29.3,30.2,31.0,31.5,32.7,33.8,35.2,36.1,37.4,38.4,39.2,41.1
07:31:21.000,89.3,65.6,79.3,41.3,45.4,69.2,72.3,68.8,70.3,60.7,49.4,49.4,55.6,58.4,65.9,66.3,72.7,72.1,72.2,67.4,63.0,57.7,54.7,53.2,48.5,36.7,29.8,29.3,29.8,30.8,31.4,32.8,33.7,35.3,36.1,37.4,38.3,39.2,40.9
07:31:22.000,91.9,63.8,78.1,59.6,70.1,69.5,75.3,77.2,73.3,64.4,56.2,56.4,54.8,57.2,62.7,64.1,67.8,70.2,69.8,65.9,61.4,56.3,52.5,50.8,43.8,33.9,29.9,28.9,30.0,30.7,31.4,32.9,33.7,35.4,36.3,37.5,38.3,39.2,41.1
07:31:23.000,90.8,63.2,77.9,66.5,71.8,82.0,80.9,76.9,69.0,65.5,54.7,50.7,55.4,52.9,59.4,64.9,67.1,69.9,67.1,64.6,61.4,56.5,51.7,48.0,41.7,33.8,29.3,29.5,29.6,30.8,31.7,32.6,33.8,35.3,36.3,37.4,38.4,39.2,40.9
07:31:24.000,88.9,64.0,78.5,66.4,79.8,79.1,81.6,77.2,74.3,62.0,58.3,52.9,54.4,56.3,62.8,64.9,65.5,69.6,69.5,65.8,61.4,56.0,52.0,48.6,42.3,34.6,29.7,29.2,30.0,30.6,31.8,32.6,33.7,35.7,36.2,37.3,38.4,39.3,41.1
07:31:25.000,87.9,67.1,81.0,79.1,82.6,81.1,80.5,80.6,74.9,64.4,56.3,56.2,59.1,59.8,63.5,66.3,70.0,73.0,70.4,67.0,63.9,59.9,54.3,52.1,46.4,38.2,31.3,29.5,29.9,30.7,31.5,32.6,34.0,35.6,36.3,37.5,38.3,39.3,41.0
07:31:26.000,88.3,71.2,83.8,79.9,73.4,75.1,81.8,79.6,75.2,64.1,60.6,57.3,56.1,61.7,67.6,70.3,73.5,78.0,74.8,72.5,69.3,64.0,60.1,54.8,49.6,42.1,34.9,31.1,30.5,30.8,31.8,32.6,34.0,35.8,36.3,37.4,38.4,39.3,41.0
07:31:27.000,90.3,74.3,87.0,82.4,79.7,76.7,80.9,81.4,75.5,65.0,61.5,63.3,62.2,66.4,66.7,76.4,79.4,81.2,77.9,75.2,72.8,66.4,64.0,58.1,54.4,46.3,38.6,33.9,32.0,31.2,31.7,32.6,33.8,35.4,36.0,37.3,38.4,39.3,41.0
07:31:28.000,97.6,76.7,91.2,76.8,73.1,81.7,82.2,79.4,75.4,69.8,60.9,65.9,67.5,70.7,76.5,79.6,83.5,83.0,78.7,76.5,74.8,69.1,65.3,62.4,57.8,50.8,43.5,39.2,36.3,32.9,31.8,32.8,33.7,35.5,36.1,37.3,38.4,39.3,41.0
07:31:29.000,101.4,79.0,94.1,74.1,75.5,77.9,80.7,80.2,80.7,72.4,64.5,71.6,70.5,71.6,78.0,81.8,87.9,84.8,82.4,78.1,76.3,71.6,68.2,65.8,61.5,55.0,48.5,46.4,42.4,36.9,33.2,33.2,33.9,35.4,36.2,37.5,38.3,39.4,41.0
07:31:30.000,100.9,80.2,94.3,72.9,71.6,80.7,87.5,86.7,89.2,74.9,71.2,75.6,72.4,76.5,81.1,80.7,87.9,86.1,82.9,81.5,77.8,73.6,69.5,66.7,62.1,57.3,51.7,47.7,45.7,40.8,35.6,34.8,34.4,35.7,36.1,37.2,38.3,39.4,41.1
07:31:31.000,98.5,79.6,92.8,73.3,74.4,89.5,93.8,94.0,84.9,79.8,74.3,77.5,74.9,76.7,79.3,81.0,86.4,86.2,81.5,81.8,77.5,73.7,70.0,67.5,62.8,57.6,52.0,47.5,44.8,40.1,34.8,34.4,33.9,35.3,36.2,37.1,38.3,39.4,41.0
07:31:32.000,97.4,78.1,92.4,79.5,78.1,95.9,94.5,95.7,88.6,72.7,81.6,82.6,77.0,80.1,79.0,83.7,83.6,82.1,82.2,79.9,77.4,70.2,68.7,67.0,61.9,56.7,49.4,44.9,42.4,38.6,34.0,34.1,34.0,35.6,36.0,37.4,38.4,39.3,41.0
07:31:33.000,94.8,75.7,90.7,77.0,88.6,95.6,88.3,93.1,85.4,78.1,80.2,84.1,78.0,79.5,80.6,84.7,82.2,80.1,79.5,76.6,74.6,68.4,68.4,64.4,60.9,54.6,47.1,43.3,39.1,36.2,32.8,33.3,34.0,35.3,36.1,37.3,38.3,39.4,41.0
07:31:34.000,93.9,75.7,90.5,84.9,90.4,90.1,89.5,91.7,80.7,79.8,84.4,84.5,80.4,77.6,80.0,82.0,81.4,79.9,78.3,76.4,74.3,69.2,65.9,65.1,60.6,56.8,48.0,44.0,40.1,37.0,33.8,33.0,33.7,35.4,36.2,37.3,38.3,39.3,41.2
07:31:35.000,94.8,77.2,91.5,82.8,88.1,89.1,84.8,82.5,77.1,79.7,84.6,83.7,78.3,77.1,81.0,82.5,80.8,81.2,78.0,77.8,74.6,72.1,69.7,68.0,63.4,59.0,52.4,46.8,44.0,40.1,34.9,34.5,33.9,35.4,36.2,37.3,38.4,39.3,41.1
07:31:36.000,95.6,78.6,93.6,84.5,92.4,85.7,84.9,80.2,77.5,82.3,82.1,85.0,84.8,79.4,82.9,83.8,80.6,81.7,80.2,80.0,77.7,72.3,71.8,69.0,65.9,59.6,54.7,52.3,50.0,44.6,38.4,37.4,34.8,35.5,36.4,37.3,38.3,39.3,40.9
07:31:37.000,98.7,81.4,96.5,88.7,84.2,85.8,86.4,81.1,77.8,80.4,83.2,87.0,88.7,83.3,85.0,86.9,84.5,84.2,83.4,81.3,79.2,75.5,72.7,72.3,69.0,64.8,59.7,55.3,54.4,51.5,46.6,46.3,40.4,38.0,36.8,37.4,38.4,39.2,41.1
07:31:38.000,100.6,83.9,98.5,85.6,83.1,86.1,84.7,78.7,81.0,86.5,87.8,91.0,89.3,84.4,85.4,87.9,86.3,87.7,88.7,84.9,77.2,75.5,72.9,73.6,70.8,65.2,58.5,53.3,53.3,49.9,44.3,43.6,38.6,36.3,36.5,37.2,38.3,39.3,41.2
07:31:39.000,101.7,86.9,100.2,80.7,84.6,83.4,79.1,86.0,85.5,90.6,90.3,92.1,88.4,89.7,90.7,88.9,87.1,91.7,91.5,87.5,84.0,79.1,79.6,77.4,73.9,66.5,63.1,62.7,64.0,62.0,52.6,55.3,47.1,40.4,39.2,38.4,38.4,39.4,41.0
07:31:40.000,103.4,89.4,102.1,73.9,81.1,84.2,86.8,86.3,86.1,88.8,90.8,91.9,91.6,90.9,92.6,90.3,91.7,92.7,93.4,91.8,87.8,82.9,80.2,76.9,74.3,71.3,65.4,64.1,63.5,62.0,54.9,57.5,50.7,48.8,46.2,40.3,38.7,39.4,41.1
07:31:41.000,104.2,87.5,102.5,70.6,83.5,85.6,86.4,82.8,86.7,88.0,90.3,94.0,89.7,91.6,93.4,93.5,93.6,91.3,90.7,88.1,82.3,82.2,79.5,78.6,75.4,70.4,62.6,58.2,56.2,53.8,48.1,46.9,41.6,37.2,36.3,37.4,38.4,39.4,41.1
07:31:42.000,105.9,89.3,103.9,75.0,85.9,83.4,87.4,88.4,91.4,90.5,94.0,96.5,92.6,91.3,95.1,94.5,94.1,93.0,93.7,86.4,83.7,82.8,80.0,78.1,79.7,75.3,69.9,66.8,64.7,59.9,56.1,55.1,49.5,43.8,40.1,37.8,38.5,39.4,41.1
07:31:43.000,105.7,87.3,103.9,79.7,83.0,86.2,90.1,89.6,90.1,95.9,98.3,97.3,94.9,92.8,93.0,93.2,93.1,92.4,90.2,88.0,82.9,79.4,80.4,78.2,77.6,73.4,70.0,66.2,63.8,60.4,55.2,56.7,48.9,43.0,39.4,37.8,38.3,39.5,41.0
07:31:44.000,107.3,89.1,105.7,80.1,85.9,86.2,87.6,91.8,93.9,93.7,94.6,99.4,97.0,95.4,97.4,92.3,92.0,91.8,90.8,87.3,85.2,80.8,80.0,78.1,77.3,71.9,67.5,65.4,63.2,61.5,56.7,56.2,52.0,47.6,42.9,39.7,38.8,39.5,41.2
07:31:45.000,108.2,92.5,106.8,81.5,81.7,88.6,94.4,89.4,93.7,97.9,99.5,99.2,95.7,98.3,97.7,97.5,99.0,95.9,92.8,89.6,88.8,89.1,85.9,85.5,80.9,77.6,71.4,69.1,66.2,62.7,57.9,58.6,55.4,50.8,48.6,43.8,39.8,39.8,41.1
07:31:46.000,109.1,90.0,107.6,79.3,82.7,83.6,84.6,88.9,93.4,94.8,96.2,98.9,98.8,98.3,101.1,99.2,96.7,95.0,91.5,87.3,85.2,85.3,81.2,79.7,76.8,71.1,68.0,65.7,66.9,64.0,60.8,60.6,54.2,50.5,45.6,39.8,38.5,39.5,41.1
07:31:47.000,110.5,90.6,109.0,80.3,85.3,88.0,87.7,91.0,95.1,95.5,98.0,100.0,100.8,102.3,100.1,98.7,98.1,94.5,91.9,88.8,86.1,79.5,79.7,80.0,75.3,74.1,70.4,66.5,68.4,66.2,62.1,62.5,55.7,52.2,48.1,43.3,39.1,39.5,41.1
07:31:48.000,110.6,94.4,109.5,82.0,85.3,86.2,90.3,95.0,94.8,99.5,101.2,100.0,99.3,104.6,100.9,100.3,100.2,97.4,95.8,90.2,90.1,90.1,87.1,84.8,82.5,79.3,73.5,72.0,70.4,68.5,64.1,64.5,60.9,57.3,55.0,48.6,42.2,39.9,41.2
07:31:49.000,110.5,93.6,108.7,80.9,83.1,87.4,84.8,94.1,94.0,100.1,99.0,99.9,101.8,98.5,101.6,101.6,99.0,96.9,94.4,91.4,91.1,89.6,85.9,84.3,81.2,77.1,71.6,68.5,66.9,64.0,58.0,61.4,56.4,49.8,44.2,40.6,38.5,39.5,41.0
07:31:50.000,111.6,96.9,110.2,78.0,85.3,89.8,93.5,94.7,98.8,100.3,99.3,100.5,100.9,101.2,99.6,100.4,99.8,99.7,96.1,95.0,93.6,91.2,89.8,88.6,87.9,83.2,78.2,76.4,72.8,71.4,67.7,69.9,64.4,60.8,56.3,52.6,44.0,41.1,41.2
07:31:51.000,112.8,98.5,111.6,81.9,80.4,90.4,93.6,91.6,100.2,99.6,103.5,98.6,101.5,103.4,101.9,101.7,99.9,100.2,98.0,97.9,97.0,96.0,91.8,89.1,87.7,82.8,79.0,77.7,76.0,72.8,70.1,71.1,67.8,65.7,63.9,56.3,49.7,41.3,41.3
07:31:52.000,113.1,96.7,111.5,80.0,78.3,88.7,95.0,96.7,97.0,96.4,99.2,105.8,104.5,103.1,101.4,102.3,100.8,97.1,95.2,97.6,96.2,93.6,91.4,89.6,84.9,81.4,79.9,79.7,77.0,73.8,70.1,72.2,67.5,64.0,62.6,58.8,49.2,41.0,41.4
07:31:53.000,111.9,92.9,109.8,80.1,85.4,90.3,92.6,95.0,101.4,97.3,101.3,105.3,105.6,103.6,105.2,99.6,95.5,95.8,92.4,92.0,91.6,89.8,84.0,81.3,80.5,75.8,72.3,69.9,65.6,65.0,60.8,62.6,60.2,55.5,51.4,46.8,39.9,39.7,41.2
07:31:54.000,112.3,94.0,110.1,80.2,85.8,94.0,92.5,94.6,100.8,96.7,100.2,102.2,101.9,102.9,103.1,100.9,96.5,92.1,94.7,93.3,90.8,88.7,87.7,85.7,83.6,81.9,77.8,73.0,71.2,67.0,62.3,65.9,66.0,62.3,62.0,56.7,46.8,43.5,41.3
07:31:55.000,112.4,93.8,110.3,84.2,84.7,93.2,96.9,99.6,103.2,99.6,100.9,103.7,101.9,102.5,103.8,98.9,98.0,96.1,94.8,92.9,90.3,86.4,84.0,84.9,83.3,81.3,78.1,74.3,69.6,70.8,68.0,68.8,65.1,62.4,61.3,58.9,51.6,44.8,41.9
07:31:56.000,112.8,95.3,110.5,78.9,88.0,92.8,95.6,102.5,99.4,100.6,103.4,104.3,102.6,102.7,100.9,100.1,98.2,97.4,96.8,95.1,93.1,91.1,88.2,84.9,82.5,81.0,74.8,68.6,68.8,69.8,67.0,68.9,69.4,64.6,61.2,57.1,46.6,40.7,41.3
07:31:57.000,112.1,96.1,109.9,84.5,87.8,97.2,96.5,103.1,99.0,103.6,104.0,102.3,102.1,103.0,101.1,100.1,97.0,99.5,96.4,95.4,93.5,91.4,88.5,88.0,87.4,83.5,78.6,75.5,77.0,79.6,75.3,77.6,77.9,72.7,71.9,69.0,59.6,53.2,46.4
07:31:58.000,110.7,91.9,108.0,85.6,93.5,98.7,99.3,99.4,101.8,101.3,102.0,103.3,102.0,101.4,99.2,97.9,97.0,97.4,93.6,92.5,88.0,86.4,84.6,82.4,79.6,76.3,71.9,67.2,66.0,64.8,60.3,61.7,60.5,56.7,53.1,45.7,39.4,39.5,41.2
07:31:59.000,111.6,91.7,109.0,84.3,93.4,95.5,99.4,99.7,102.0,98.8,98.4,101.8,99.3,100.6,99.5,97.0,97.8,95.7,94.2,90.0,88.1,83.1,80.6,81.6,80.5,75.9,71.2,65.9,65.1,65.6,62.3,62.2,59.8,56.2,50.1,42.1,39.0,39.5,41.2
07:32:00.000,111.1,94.5,108.4,88.6,86.3,97.1,98.2,100.4,100.6,100.5,103.2,101.8,102.1,101.6,98.8,98.1,96.2,98.0,94.8,92.8,91.1,89.0,88.1,87.4,86.4,81.8,74.6,71.8,72.1,72.7,68.3,69.1,69.0,65.8,57.7,47.9,43.8,40.7,41.2
07:32:01.000,109.6,93.0,107.2,92.6,88.5,94.8,98.2,99.0,99.9,101.6,101.6,101.4,98.9,97.7,96.7,96.6,95.6,94.4,93.3,92.2,90.5,89.6,87.8,85.9,84.3,79.9,74.9,73.1,69.8,69.3,61.6,61.7,58.6,52.8,45.5,40.0,38.5,39.3,41.2
07:32:02.000,109.1,90.6,106.5,90.0,92.6,92.7,99.8,98.3,101.6,102.4,99.2,101.1,98.0,99.1,97.4,95.8,93.6,93.8,91.4,89.7,88.5,86.5,83.2,82.6,79.4,74.1,69.4,67.4,66.6,68.1,63.5,62.2,60.0,54.8,49.6,42.7,38.6,39.4,41.1
07:32:03.000,109.8,91.1,107.3,92.7,97.3,96.0,92.6,95.6,97.8,100.1,100.4,100.1,98.6,97.8,97.9,97.6,95.6,92.9,91.5,89.4,86.7,85.9,84.7,83.9,81.1,74.6,68.4,65.0,62.9,64.7,62.6,59.2,56.4,51.8,46.1,39.5,38.5,39.4,41.2
07:32:04.000,108.9,91.8,106.6,92.7,98.5,94.3,95.3,92.7,96.6,101.0,100.6,99.6,99.3,98.8,98.1,97.1,95.2,92.1,91.6,90.9,87.2,87.4,85.6,84.6,80.2,76.3,74.3,74.5,75.3,77.1,72.1,70.5,66.3,64.3,55.8,48.3,41.1,39.5,41.0
07:32:05.000,108.7,89.3,106.4,91.4,93.6,98.2,94.8,94.5,98.0,100.2,100.3,96.2,101.5,96.4,97.3,97.9,96.1,95.3,92.3,89.0,85.6,84.0,80.2,77.4,75.9,69.5,68.1,67.0,63.6,68.1,61.5,60.6,56.8,53.3,46.9,41.0,39.1,39.5,41.1
07:32:06.000,109.5,89.0,107.0,93.7,90.7,96.1,94.4,95.3,97.3,98.3,97.7,100.3,97.8,98.6,98.3,98.0,94.1,95.2,92.2,89.5,85.4,81.4,76.7,76.3,76.4,70.5,63.4,62.2,60.2,61.6,59.9,53.4,51.6,46.2,40.7,38.0,38.4,39.5,41.2
07:32:07.000,108.7,89.6,106.4,91.6,95.0,92.7,95.5,97.0,97.0,100.3,100.5,99.6,97.9,97.6,98.1,97.2,96.0,93.5,92.4,88.4,84.1,84.0,80.6,77.3,75.7,73.0,67.8,62.5,63.1,62.5,60.1,56.0,52.9,45.3,39.7,37.5,38.5,39.4,41.2
07:32:08.000,109.4,89.9,106.5,88.2,94.8,96.5,94.1,94.3,99.8,100.1,98.2,98.8,98.9,96.1,99.6,97.1,96.6,93.4,91.4,88.9,87.7,85.8,83.5,79.0,73.6,69.0,70.2,68.3,65.4,62.2,61.2,57.6,55.4,47.0,39.3,37.4,38.3,39.4,41.1
07:32:09.000,110.0,91.7,107.5,91.7,89.6,95.4,91.2,91.6,97.9,100.0,97.9,99.4,98.3,97.3,97.8,96.6,97.1,94.1,92.8,91.2,89.7,88.8,85.0,80.2,77.1,76.7,73.0,69.4,68.5,68.4,63.3,60.1,57.1,56.1,49.6,43.7,39.9,39.6,41.2
07:32:10.000,109.2,91.8,106.9,90.0,92.9,95.4,91.8,94.1,96.8,99.0,101.5,101.1,95.4,98.2,98.0,96.7,95.9,92.9,91.2,91.7,89.6,88.4,84.5,81.7,77.7,75.7,71.9,68.2,65.8,66.9,63.5,60.2,57.2,51.8,42.8,38.1,38.5,39.4,41.2
07:32:11.000,109.0,88.7,106.2,91.5,94.1,98.3,95.7,95.9,97.8,102.5,101.0,99.7,97.7,97.8,98.1,97.5,95.7,91.9,90.9,90.3,88.5,86.3,79.7,76.0,69.2,67.9,64.9,61.7,60.0,58.4,57.4,52.1,52.9,42.4,41.0,37.4,38.4,39.5,41.2
07:32:12.000,108.7,88.8,106.4,89.2,95.0,96.4,94.0,93.9,97.7,100.2,101.8,97.8,97.3,96.0,97.9,95.8,94.9,93.2,89.6,87.8,84.7,83.9,80.8,78.5,72.9,68.5,61.5,59.9,65.4,64.9,61.2,53.4,55.7,45.0,38.6,37.5,38.4,39.3,41.1
07:32:13.000,108.4,87.9,105.8,96.3,94.8,92.9,94.7,93.7,96.6,101.4,99.0,98.3,98.2,97.0,99.8,96.7,93.0,90.3,88.1,88.1,87.3,84.0,77.3,72.1,68.8,68.9,65.3,63.8,61.8,58.1,51.6,47.8,45.7,39.8,36.8,37.4,38.3,39.3,41.2
07:32:14.000,107.6,88.0,104.8,88.6,94.8,93.4,94.5,98.3,98.0,99.2,98.6,98.6,94.8,98.4,98.5,93.9,90.5,91.9,88.0,87.4,85.9,83.8,79.8,77.4,75.4,70.2,63.8,61.4,54.1,59.2,56.0,49.5,42.8,37.7,36.5,37.3,38.4,39.5,41.2
07:32:15.000,108.4,89.8,105.7,93.9,96.6,91.8,93.8,96.0,97.6,99.6,98.1,97.3,96.5,98.6,97.2,94.5,94.0,92.6,90.3,89.3,87.8,86.6,83.4,80.9,78.1,75.2,69.6,65.2,62.8,63.4,57.5,52.3,48.4,42.3,39.1,37.8,38.4,39.4,41.2
07:32:16.000,107.6,90.0,105.1,91.7,93.8,89.9,91.4,97.2,95.8,98.2,99.6,98.1,95.6,98.3,96.4,96.1,94.8,93.3,91.4,90.6,88.2,85.0,80.7,78.8,79.2,77.2,74.9,69.9,64.7,65.1,65.8,59.9,53.1,43.2,41.6,37.5,38.3,39.4,41.2
07:32:17.000,107.0,88.6,104.3,89.7,91.2,92.0,96.5,94.9,95.0,96.2,98.2,97.6,95.7,97.8,95.6,95.7,91.8,92.2,91.2,88.9,86.0,84.6,82.1,78.9,78.0,72.5,67.8,62.1,57.9,60.3,58.2,57.9,57.9,47.1,48.1,39.4,38.6,39.4,41.2
07:32:18.000,106.7,86.6,103.9,94.0,93.3,91.2,98.4,96.6,97.8,99.8,95.3,95.8,95.3,94.6,95.0,92.8,92.2,90.7,87.8,86.7,84.6,79.6,76.2,75.3,74.1,71.5,68.6,64.6,60.6,60.3,56.7,50.0,47.3,39.3,37.1,37.3,38.5,39.4,41.1
07:32:19.000,106.8,83.8,103.6,96.3,91.4,88.2,95.8,94.7,95.9,96.7,95.7,96.3,96.1,98.3,94.7,91.4,90.9,88.8,86.1,84.5,80.4,76.4,71.5,68.4,66.4,60.8,59.1,61.4,56.8,55.4,52.7,46.9,40.4,35.9,36.0,37.3,38.3,39.4,41.1
07:32:20.000,106.2,83.6,102.5,86.4,88.8,90.2,91.2,94.7,97.6,96.2,96.5,95.9,94.9,96.3,93.0,92.1,89.0,88.7,85.2,83.9,80.3,78.4,73.0,71.2,69.6,65.0,61.7,57.0,52.6,51.2,47.4,42.4,35.4,35.9,36.3,37.4,38.4,39.4,41.0
07:32:21.000,105.4,85.6,102.4,89.6,92.7,92.8,94.1,93.4,97.6,97.3,96.0,93.6,95.4,94.1,94.1,93.1,89.3,88.2,85.7,83.8,82.0,79.9,77.3,75.0,74.6,71.4,67.8,64.3,61.6,57.6,52.6,46.2,39.8,36.3,36.2,37.2,38.4,39.2,41.0
07:32:22.000,104.2,85.0,101.1,89.0,92.0,89.5,94.9,96.1,97.5,94.5,94.8,95.9,95.0,94.5,91.8,90.4,90.9,87.8,87.9,86.6,83.6,81.0,76.2,74.1,71.3,67.3,62.5,56.8,57.9,58.3,52.6,45.4,38.8,36.1,36.4,37.4,38.3,39.2,40.9
07:32:23.000,104.6,83.8,101.2,90.1,94.0,92.3,94.2,96.7,95.5,90.4,90.3,93.3,94.3,93.7,90.7,91.1,88.8,87.6,87.1,85.2,81.9,78.8,74.4,72.6,69.6,67.1,64.5,60.8,56.0,50.4,43.0,37.9,35.2,35.4,36.2,37.3,38.3,39.5,41.1
07:32:24.000,104.7,84.3,101.6,86.8,89.2,90.7,93.4,92.6,93.3,95.6,93.4,92.1,92.2,94.0,92.7,91.9,89.9,88.4,85.9,83.9,80.9,78.5,74.0,73.1,72.2,70.6,66.6,61.2,58.2,55.6,48.5,39.7,37.5,35.8,36.2,37.2,38.4,39.3,41.1
07:32:25.000,104.9,83.7,101.2,90.7,90.5,90.7,94.1,94.3,92.8,90.5,96.9,93.2,92.0,92.5,93.8,91.7,88.6,86.6,85.4,84.4,82.2,78.9,74.3,72.3,70.3,67.3,62.4,56.3,51.9,47.3,45.4,38.6,35.4,35.7,36.3,37.3,38.3,39.4,41.1
07:32:26.000,104.5,84.1,101.5,90.2,88.0,91.1,96.6,97.0,89.8,94.3,91.6,94.4,94.0,93.9,93.3,89.7,90.3,86.0,86.3,84.3,82.2,79.0,73.2,72.2,71.1,67.2,63.8,59.2,53.6,50.7,44.1,38.1,36.5,35.6,36.1,37.2,38.3,39.5,41.2
07:32:27.000,104.9,83.3,101.2,87.9,92.6,90.4,94.1,93.8,95.0,96.4,94.1,94.2,93.6,93.0,92.5,88.9,88.6,87.4,86.1,82.3,81.1,77.6,74.3,72.0,69.9,67.6,64.2,56.8,54.4,48.8,46.5,40.0,35.4,35.8,36.0,37.3,38.4,39.6,41.0
07:32:28.000,104.1,81.7,100.3,89.8,90.3,94.1,95.2,92.3,93.1,93.7,93.6,91.7,96.2,91.3,91.2,89.8,88.8,86.5,83.2,81.5,79.5,76.7,71.6,68.8,65.8,65.5,59.9,53.4,51.5,48.3,44.7,41.7,36.7,35.9,36.2,37.4,38.3,39.4,40.9
07:32:29.000,103.4,80.7,99.9,89.2,91.2,91.0,91.7,96.4,90.5,91.6,92.2,93.4,91.7,91.0,90.5,90.0,87.0,85.6,83.7,81.0,77.9,75.3,69.8,66.2,63.8,61.0,58.3,52.9,47.9,44.0,40.2,34.8,33.9,36.0,36.2,37.1,38.3,39.4,41.0
07:32:30.000,104.5,81.6,100.9,88.8,88.9,93.2,92.4,94.0,95.5,93.8,94.8,95.2,93.1,91.7,91.9,90.4,86.7,86.2,83.2,81.8,78.1,74.7,70.0,67.3,65.7,63.1,59.5,55.9,55.2,53.3,51.1,45.4,39.6,36.5,36.3,37.4,38.2,39.4,41.0
07:32:31.000,103.2,80.8,99.7,89.7,88.5,91.9,93.2,91.9,93.4,92.5,93.0,93.2,94.6,91.4,91.2,89.4,88.0,83.9,83.2,80.7,77.9,75.1,70.1,67.8,66.7,64.7,60.0,57.8,55.2,49.8,42.3,36.0,34.4,36.2,36.2,37.5,38.3,39.5,41.1
07:32:32.000,103.2,80.4,99.2,94.1,92.5,91.0,95.3,94.0,92.1,96.5,92.2,91.2,92.2,91.5,89.3,86.6,87.1,84.7,82.4,79.4,79.1,75.5,72.0,69.3,69.0,65.1,60.3,55.4,50.6,45.5,40.0,36.0,33.8,35.8,36.0,37.3,38.4,39.2,41.0
07:32:33.000,102.2,80.5,98.9,91.2,87.8,91.0,92.2,90.0,91.0,94.6,92.6,92.2,91.6,90.1,89.3,89.3,88.0,84.9,81.7,79.4,78.4,74.3,70.7,67.6,65.5,61.9,55.2,48.4,44.6,38.9,34.0,33.1,33.8,35.4,36.1,37.3,38.3,39.2,41.0
07:32:34.000,102.6,80.3,99.2,93.7,92.2,86.1,91.1,95.3,93.3,93.7,91.3,92.3,93.2,90.0,88.2,88.7,86.8,84.5,82.3,80.4,77.5,73.4,70.7,67.4,63.9,60.1,54.5,50.7,48.5,43.6,36.8,34.3,33.7,35.8,36.3,37.1,38.3,39.3,41.1
07:32:35.000,102.5,80.6,98.9,84.9,86.7,89.9,89.1,91.6,91.0,89.9,94.1,91.8,92.2,88.2,88.5,87.4,84.7,84.8,82.9,80.7,77.7,74.6,72.8,71.1,69.2,66.1,60.6,55.8,51.3,48.2,41.3,37.0,34.8,35.9,36.3,37.2,38.3,39.3,41.1
07:32:36.000,101.4,79.6,98.1,91.2,89.3,90.0,91.1,93.0,93.4,93.7,91.9,92.1,92.4,89.6,90.5,86.6,84.7,84.8,80.8,80.5,77.7,75.0,70.6,69.0,66.7,62.8,58.5,53.6,49.9,44.4,36.4,34.0,33.9,35.7,36.1,37.2,38.4,39.4,41.1
07:32:37.000,101.8,78.9,98.1,84.8,85.8,88.3,90.6,92.2,93.2,90.3,90.5,92.6,88.8,90.7,88.6,86.1,83.7,83.3,80.3,79.0,75.8,72.1,67.8,65.3,62.8,58.3,53.1,48.6,45.4,40.3,34.4,33.4,33.7,35.8,36.0,37.2,38.3,39.3,41.1
07:32:38.000,100.1,77.1,96.7,89.4,82.6,90.2,91.3,89.2,94.2,93.6,89.6,93.2,90.3,88.5,89.9,85.7,84.6,82.5,80.0,76.9,75.7,71.4,66.2,62.8,60.7,59.2,53.0,45.7,40.7,37.3,33.6,33.0,33.7,35.7,36.1,37.2,38.3,39.1,41.0
07:32:39.000,101.2,78.4,97.4,88.3,83.6,88.1,85.2,88.5,91.4,92.1,89.8,89.6,89.3,86.6,87.2,84.9,83.6,82.0,79.8,77.8,76.1,72.4,68.7,65.9,64.0,60.7,54.7,52.5,50.8,43.7,38.5,35.3,34.1,35.9,36.1,37.3,38.5,39.3,41.0
07:32:40.000,100.8,77.9,96.8,89.0,85.7,86.1,91.6,89.6,90.2,93.4,90.5,91.1,88.9,89.8,86.9,86.4,85.6,81.8,80.6,78.9,75.6,71.8,67.7,65.8,62.6,57.7,53.9,49.5,45.9,40.0,34.5,33.0,33.8,35.9,36.1,37.1,38.4,39.3,41.1
07:32:41.000,100.5,76.9,96.5,84.1,88.8,88.1,88.4,87.4,90.9,88.9,90.6,91.2,88.3,86.5,88.2,84.8,83.6,82.3,78.8,76.9,73.9,70.2,65.0,61.2,59.8,55.7,49.7,43.3,42.1,38.6,34.6,33.1,33.8,35.9,36.2,37.2,38.2,39.4,41.0
07:32:42.000,100.8,77.1,97.3,87.0,88.6,90.5,91.7,89.2,89.7,90.8,90.1,89.5,89.4,86.2,89.4,87.0,84.3,83.3,79.7,76.3,74.0,68.5,65.9,63.0,59.6,57.4,53.2,48.3,43.8,38.0,33.9,33.0,33.9,35.8,36.2,37.5,38.2,39.3,41.1
07:32:43.000,100.1,76.6,96.5,85.5,87.6,88.2,92.2,88.0,94.4,88.8,91.0,90.0,90.2,88.6,86.4,86.2,83.2,81.7,77.7,76.3,72.3,69.4,65.2,62.7,62.1,58.8,54.6,48.2,44.1,37.8,33.8,33.4,33.9,35.8,36.1,37.3,38.2,39.2,41.0
07:32:44.000,99.8,75.3,95.7,85.1,86.6,84.9,92.8,86.6,89.6,90.2,92.6,87.6,89.4,86.3,87.0,85.9,84.2,80.2,78.2,74.1,71.3,67.2,63.5,60.9,58.1,54.9,50.7,44.5,40.9,34.6,31.7,32.6,33.7,36.0,36.2,37.3,38.3,39.3,41.1
07:32:45.000,99.0,75.0,95.1,89.9,82.4,84.9,91.3,90.8,91.0,89.4,87.2,91.2,87.9,87.8,85.2,83.4,81.1,79.9,77.1,73.9,71.4,69.0,64.1,60.8,60.5,55.2,50.0,45.4,40.0,36.0,32.9,33.0,33.8,35.7,36.1,37.2,38.5,39.4,41.0
07:32:46.000,99.6,76.2,95.7,87.0,89.1,84.7,87.4,83.8,86.9,89.1,89.0,89.3,88.5,86.4,87.0,85.3,83.0,80.7,77.9,75.3,72.5,69.3,66.9,64.4,63.0,58.5,55.2,50.1,46.8,40.9,34.8,33.6,33.9,35.8,36.2,37.3,38.4,39.4,41.1
07:32:47.000,99.6,74.6,95.1,78.7,79.9,89.0,91.8,87.1,90.8,87.6,90.2,87.8,87.0,85.9,87.2,84.3,82.5,79.2,77.6,74.0,71.0,65.9,60.6,59.1,56.2,54.1,48.2,42.2,35.9,32.1,31.8,32.8,33.7,35.7,36.1,37.3,38.2,39.3,41.0
07:32:48.000,99.9,74.3,94.8,80.6,83.7,85.9,88.7,87.1,87.5,91.3,90.0,87.4,87.3,87.0,85.2,83.4,81.2,78.5,76.9,73.1,70.4,65.5,60.2,56.7,53.9,48.0,47.6,38.3,33.2,31.1,31.8,32.8,33.8,35.7,36.2,37.4,38.4,39.4,41.1
07:32:49.000,99.1,74.8,95.0,88.8,84.9,88.9,87.6,82.2,91.2,87.7,86.8,87.8,88.6,85.4,85.3,85.9,83.0,80.5,76.9,73.6,71.4,67.1,61.9,57.1,54.5,49.8,44.0,37.4,31.4,30.7,31.8,32.6,33.6,35.7,36.2,37.3,38.4,39.5,40.9
07:32:50.000,98.5,73.1,93.9,82.7,85.2,87.3,89.9,91.7,90.1,88.8,87.5,88.3,87.3,87.0,85.9,83.0,81.8,78.6,75.6,73.7,70.2,63.5,59.6,57.1,50.5,47.2,41.9,36.4,32.3,31.2,32.0,32.7,33.8,35.6,36.2,37.3,38.3,39.4,41.1
07:32:51.000,99.0,73.2,94.6,82.7,85.4,84.9,88.9,88.7,88.9,82.4,90.6,86.0,87.1,85.5,84.1,82.5,80.8,77.1,76.6,72.2,68.0,63.7,59.7,54.4,49.9,43.9,37.8,31.3,30.2,30.5,31.8,32.7,33.7,35.4,36.1,37.1,38.4,39.4,41.0
07:32:52.000,98.0,72.9,94.0,83.7,90.2,79.8,92.0,86.5,88.1,84.5,86.6,87.9,87.5,83.9,85.7,83.9,82.4,79.1,75.5,73.3,68.6,64.0,58.7,53.9,48.5,40.4,34.1,30.0,30.1,30.9,31.7,32.9,33.8,35.4,36.0,37.1,38.3,39.3,41.0
07:32:53.000,98.5,73.6,94.6,86.5,86.9,89.4,87.6,88.1,89.6,89.6,87.8,88.0,85.3,85.3,84.4,83.7,81.1,78.8,76.2,72.8,67.8,63.1,58.0,53.9,50.3,43.0,36.4,30.7,30.3,30.4,31.9,32.8,33.8,35.1,36.1,37.2,38.2,39.4,41.1
07:32:54.000,98.4,74.0,94.5,85.3,85.1,88.7,90.3,90.4,88.1,84.6,89.8,88.7,86.5,86.4,86.0,83.0,82.4,79.3,76.2,74.6,70.3,65.2,61.5,56.2,54.8,52.8,48.7,43.7,35.7,33.2,31.8,33.0,33.7,35.7,36.2,37.3,38.3,39.3,41.0
07:32:55.000,98.1,73.0,94.2,87.6,87.6,77.5,91.6,90.0,87.3,87.7,87.3,87.9,87.3,86.2,85.4,83.3,79.3,78.6,73.9,70.7,67.9,63.0,60.9,56.8,52.2,48.8,46.2,41.0,35.0,31.4,31.6,32.3,33.8,35.6,36.2,37.2,38.3,39.4,41.1
07:32:56.000,97.2,71.8,93.9,80.2,84.4,83.8,87.0,91.1,88.7,89.2,85.7,87.4,85.7,84.9,84.4,82.1,80.4,77.8,74.8,71.7,68.6,62.6,59.9,55.2,50.3,46.4,44.5,38.0,33.4,31.3,31.7,32.6,33.8,36.0,36.1,37.3,38.4,39.4,41.1
07:32:57.000,97.2,71.4,93.0,76.6,84.2,85.1,87.9,90.6,89.9,89.3,90.8,86.2,86.0,83.4,83.2,80.9,78.5,76.0,74.4,71.1,66.6,62.4,58.2,53.4,49.8,46.2,39.4,34.6,30.3,31.1,31.7,32.5,33.7,35.6,36.0,37.3,38.3,39.4,41.0
07:32:58.000,96.9,69.8,92.0,79.9,81.0,80.9,85.5,82.9,88.1,86.9,89.1,88.4,82.8,83.3,82.0,81.8,78.9,75.7,71.4,68.4,63.7,57.7,53.2,47.9,43.7,38.1,31.1,29.4,30.0,30.4,31.7,32.4,33.8,35.7,36.1,37.4,38.4,39.4,41.0
07:32:59.000,97.8,69.5,92.3,82.2,85.2,79.7,82.3,88.9,85.8,87.1,86.9,84.9,84.2,85.0,80.5,80.5,77.5,75.8,72.8,68.6,63.8,57.4,52.3,49.5,45.6,43.0,35.7,31.4,30.2,31.1,31.8,32.7,33.8,35.6,36.1,37.2,38.3,39.3,41.0
07:33:00.000,97.2,69.1,92.1,82.3,80.5,81.0,88.9,87.5,84.9,83.3,84.1,87.1,85.6,82.8,82.7,80.0,78.6,76.2,71.1,66.0,60.9,55.1,51.7,45.0,40.3,36.7,32.3,29.2,29.8,30.8,31.7,32.8,33.8,35.6,36.1,37.4,38.2,39.3,40.9
07:33:01.000,95.8,68.5,90.9,78.0,79.9,89.3,85.2,88.4,84.0,87.8,87.4,86.9,83.5,81.2,82.5,79.8,78.5,73.4,70.9,65.2,61.8,57.5,53.0,45.7,40.8,38.9,35.1,31.2,30.4,30.8,31.3,32.9,33.8,35.6,36.2,37.2,38.3,39.3,41.1
07:33:02.000,96.6,69.4,91.7,83.4,84.0,87.7,91.4,87.1,85.0,81.7,86.6,85.4,84.7,82.0,80.2,78.9,76.8,74.3,70.9,67.6,64.1,58.5,52.3,45.4,39.8,34.3,29.8,29.0,29.6,30.2,31.7,32.7,33.6,35.7,36.1,37.3,38.3,39.4,41.0
07:33:03.000,95.3,68.7,91.5,80.8,84.0,87.5,89.5,86.1,82.8,84.7,87.0,82.9,84.6,83.5,82.4,79.9,78.9,74.1,70.6,67.3,63.5,59.2,53.2,47.8,42.0,35.1,31.1,29.6,29.7,31.0,31.5,32.6,33.6,35.4,36.2,37.3,38.2,39.3,41.0
07:33:04.000,97.1,68.2,91.9,81.9,89.4,85.5,84.2,86.3,86.1,85.2,87.6,85.2,83.9,82.0,80.8,79.7,77.3,74.8,70.6,65.5,61.8,57.1,53.1,46.7,42.2,36.6,32.2,29.5,29.7,30.9,31.4,32.7,33.6,35.3,36.2,37.2,38.1,39.3,41.1
07:33:05.000,95.2,67.2,90.0,80.5,85.5,88.0,83.0,83.7,86.6,85.7,88.3,81.8,84.7,79.3,79.6,77.2,75.7,72.6,69.6,65.6,61.4,54.4,46.7,41.3,35.8,29.7,28.4,29.2,29.9,30.9,31.6,32.5,33.7,35.2,36.1,37.3,38.3,39.3,40.9
07:33:06.000,94.3,66.6,88.8,77.6,83.1,83.8,86.7,89.5,87.4,85.2,86.3,83.3,82.6,80.4,79.5,77.0,76.4,72.0,69.0,65.5,60.3,54.3,48.5,42.2,36.6,29.9,28.4,28.5,29.8,30.5,31.9,32.3,33.7,35.2,36.4,37.3,38.3,39.5,41.1
07:33:07.000,94.9,68.7,90.3,86.7,80.7,87.6,86.2,85.6,82.3,83.7,83.1,83.0,82.6,81.5,79.6,77.7,76.6,73.4,71.4,67.1,62.7,56.8,51.6,46.0,40.2,35.1,29.7,29.5,29.7,30.6,31.8,32.8,33.7,35.4,36.2,37.4,38.1,39.4,41.1
07:33:08.000,94.7,68.6,90.0,82.0,83.1,81.8,83.0,77.8,82.3,78.4,86.5,83.3,83.6,80.6,80.1,80.5,77.2,76.1,71.0,66.7,63.2,58.5,51.3,45.8,39.5,32.9,28.3,29.3,29.9,30.7,31.6,32.8,33.7,35.6,36.1,37.3,38.4,39.3,41.1
07:33:09.000,94.0,68.1,90.1,80.8,82.9,84.5,82.2,84.2,82.2,82.6,85.9,83.2,82.7,81.4,79.4,77.3,76.4,73.2,69.7,66.0,61.5,54.2,49.2,41.9,35.6,29.7,28.7,29.6,29.7,30.9,31.6,32.6,33.9,35.7,36.4,37.2,38.3,39.3,41.0
07:33:10.000,95.4,67.2,89.7,87.4,84.2,85.6,86.7,83.4,75.4,82.7,84.1,85.9,82.6,82.0,78.8,76.6,76.9,74.1,70.8,65.5,61.4,56.5,52.5,45.4,42.7,34.4,32.1,28.8,29.7,30.9,31.6,32.8,33.7,35.4,36.3,37.1,38.3,39.3,41.0
07:33:11.000,93.6,65.4,88.9,86.7,87.1,82.4,83.4,84.6,82.3,84.0,84.4,83.0,80.6,79.0,79.6,77.3,75.1,72.6,69.2,63.8,59.7,56.1,49.1,42.3,34.9,29.1,28.6,29.1,30.0,30.8,31.9,32.5,33.6,35.3,36.1,37.1,38.4,39.5,40.9
07:33:12.000,94.2,67.0,89.0,79.0,78.8,83.0,84.8,85.3,87.7,82.5,84.5,80.6,82.5,78.2,78.0,77.9,74.6,72.2,68.6,65.3,60.8,56.4,50.9,45.9,37.9,32.3,29.2,29.2,29.5,30.9,31.7,32.7,33.6,35.4,36.2,37.4,38.4,39.2,41.1
07:33:13.000,93.1,65.5,88.1,86.6,80.7,87.9,83.5,84.2,83.7,83.9,82.8,81.0,81.9,79.3,78.9,76.3,75.7,71.9,67.6,64.7,58.9,53.4,48.1,41.5,34.3,29.1,28.6,29.8,29.8,31.1,31.6,32.7,33.8,35.7,36.2,37.4,38.3,39.3,41.1
07:33:14.000,93.9,65.4,88.2,81.1,81.1,82.7,82.0,81.3,84.2,82.6,82.8,82.4,81.5,79.2,75.7,75.9,75.6,71.6,66.9,63.0,57.7,53.1,46.2,38.4,33.7,29.1,28.3,29.5,30.1,30.8,31.8,32.7,33.8,35.4,36.3,37.4,38.2,39.2,41.0
07:33:15.000,94.1,64.5,88.4,82.7,81.8,80.0,79.7,86.9,83.8,83.2,81.6,79.1,81.1,80.0,78.6,76.7,72.8,69.3,64.4,61.0,57.3,53.6,47.5,41.2,34.0,29.9,28.8,29.1,29.7,30.9,31.5,32.9,33.5,35.4,36.1,37.2,38.3,39.2,41.1
07:33:16.000,94.9,64.8,88.9,81.7,81.6,83.4,77.5,82.0,80.6,83.9,84.0,81.2,82.0,79.4,76.7,76.3,74.4,70.7,65.6,61.2,57.1,51.3,48.9,43.0,36.4,31.9,29.0,29.1,29.7,30.7,31.7,32.7,33.8,35.8,35.9,37.1,38.5,39.4,40.9
07:33:17.000,93.3,66.2,88.6,76.7,84.8,86.5,79.1,82.8,86.6,84.9,83.6,81.6,77.8,79.1,77.2,77.9,74.1,72.2,68.6,63.8,59.3,53.5,49.5,45.0,39.8,33.3,29.4,29.3,29.7,30.7,31.5,32.7,34.1,35.8,36.2,37.4,38.3,39.2,41.0
07:33:18.000,93.2,64.6,87.7,83.3,85.3,85.8,84.2,84.6,81.3,83.1,82.8,81.9,80.0,79.4,80.1,75.5,73.0,70.5,66.1,61.6,56.7,51.9,45.2,37.3,31.0,28.5,28.6,29.3,29.7,30.8,31.6,33.1,33.8,35.3,36.1,37.2,38.3,39.4,41.2
07:33:19.000,92.6,63.8,87.4,80.8,82.0,87.1,84.4,86.1,84.2,83.2,82.3,81.4,79.8,78.2,75.1,76.5,72.5,70.2,66.0,61.1,54.6,48.6,41.1,33.8,28.9,28.1,28.1,29.1,30.1,30.5,31.7,33.1,33.9,35.4,36.1,37.3,38.3,39.2,41.0
07:33:20.000,92.0,63.4,86.8,87.8,84.0,83.1,82.6,80.7,82.6,83.4,83.6,79.4,77.2,78.7,75.4,75.0,71.8,69.2,63.5,60.9,55.9,49.0,41.6,36.4,30.8,28.5,28.2,29.1,30.2,30.5,32.0,32.9,33.8,35.3,36.1,37.3,38.3,39.4,41.1
07:33:21.000,93.2,64.6,87.5,83.6,83.3,86.6,84.1,82.4,82.2,79.4,82.6,78.9,80.6,78.1,78.5,75.3,73.5,69.9,65.9,62.2,57.8,51.9,45.2,38.6,32.2,29.2,28.4,29.3,29.7,30.8,32.1,32.9,33.8,35.4,36.2,37.3,38.4,39.4,41.0
07:33:22.000,92.6,65.2,88.0,80.7,79.8,83.1,80.9,80.8,81.9,80.6,81.9,81.7,81.4,78.3,78.1,76.2,73.3,71.0,67.0,63.1,58.2,53.9,47.6,42.5,35.5,30.1,28.6,29.0,29.8,30.6,31.9,32.7,33.9,35.6,36.2,37.2,38.3,39.3,41.1
07:33:23.000,92.6,65.2,87.2,76.7,81.1,82.5,79.9,86.3,79.6,81.6,81.4,81.8,80.7,79.6,76.7,76.3,74.9,72.0,67.0,63.1,57.2,50.9,44.3,37.2,30.5,28.7,28.6,29.3,29.9,30.8,31.9,32.6,33.9,35.6,36.1,37.2,38.5,39.3,41.0
07:33:24.000,92.9,65.0,87.4,70.0,82.2,80.9,85.1,81.8,82.1,81.3,79.1,81.5,80.7,79.0,78.5,76.1,73.4,71.1,67.5,63.8,58.2,52.2,45.6,38.2,31.9,29.0,28.3,29.0,29.9,30.6,31.7,32.6,33.6,35.5,36.2,37.3,38.3,39.3,41.0
07:33:25.000,92.7,66.2,87.7,79.4,83.4,82.4,84.1,82.8,80.7,79.6,82.4,81.6,78.2,80.0,77.8,75.0,74.0,72.9,69.2,65.3,61.5,55.6,48.9,41.8,35.8,29.2,28.0,28.7,29.7,30.4,31.5,32.6,33.8,35.3,36.3,37.2,38.4,39.2,40.9
07:33:26.000,92.0,65.2,87.3,80.8,81.1,85.4,85.7,81.6,82.2,80.7,80.2,80.8,80.3,79.7,77.6,76.1,72.9,70.0,67.7,63.3,60.7,53.9,46.2,38.3,33.9,29.1,28.5,29.2,29.6,30.7,31.7,32.8,33.5,35.4,36.2,37.3,38.5,39.4,41.0
07:33:27.000,91.3,63.2,86.4,78.6,81.4,82.4,82.1,81.9,80.6,80.1,82.3,81.7,79.2,76.6,76.2,75.5,72.4,70.4,65.1,62.6,56.1,48.1,41.6,34.4,30.2,28.3,28.3,28.9,29.7,30.7,31.9,32.6,33.8,35.3,36.2,37.1,38.4,39.3,41.0
07:33:28.000,92.2,64.1,86.5,75.6,82.7,84.5,78.9,82.6,83.8,81.7,80.6,81.4,77.4,75.4,75.4,75.9,74.0,69.2,66.6,61.4,55.9,49.0,42.6,37.6,31.7,28.5,28.3,29.1,29.5,31.2,31.6,32.9,33.9,35.3,36.1,37.2,38.3,39.2,41.0
07:33:29.000,92.1,63.5,86.3,80.4,82.8,80.7,80.8,80.5,82.0,80.1,80.5,79.4,79.1,76.5,78.1,76.2,71.6,70.2,65.9,60.4,55.6,46.6,39.4,34.4,29.0,28.1,28.2,29.2,29.7,30.3,31.8,32.5,33.5,35.4,36.1,37.4,38.4,39.2,41.0
07:33:30.000,92.2,63.6,86.9,81.4,77.7,83.5,79.1,85.2,82.1,79.3,77.7,80.5,80.0,74.9,75.6,75.0,70.9,69.1,65.0,61.6,56.0,50.4,43.4,37.2,29.6,28.6,28.7,28.8,30.1,30.4,31.5,32.9,33.9,35.6,36.2,37.2,38.3,39.4,41.0
07:33:31.000,92.7,63.9,87.6,79.6,82.7,78.6,82.8,80.6,81.3,83.8,79.5,80.0,77.9,77.9,77.3,75.3,71.2,68.6,64.7,59.8,54.4,47.5,41.9,34.7,29.4,28.2,28.1,28.6,29.9,30.8,31.3,32.8,33.7,35.3,36.2,37.3,38.2,39.4,41.1
07:33:32.000,92.7,64.8,87.0,75.9,79.2,82.2,83.1,82.3,83.7,84.0,82.6,79.7,80.0,77.8,76.0,76.7,73.9,71.5,67.0,62.6,58.3,52.0,46.5,40.5,33.3,28.3,28.4,29.0,30.0,31.0,31.7,32.6,33.7,35.3,36.0,37.1,38.3,39.4,41.0
07:33:33.000,91.2,64.5,86.0,80.1,80.8,82.0,82.6,81.6,83.3,80.6,80.8,80.6,78.4,77.9,76.8,75.2,72.2,71.5,66.5,62.5,56.5,49.6,42.6,37.1,30.4,27.5,28.0,28.7,29.4,30.9,31.8,32.5,33.7,35.4,36.1,37.2,38.2,39.2,41.0
07:33:34.000,91.5,65.4,87.0,79.4,83.5,84.1,78.3,81.4,83.3,78.8,75.9,79.7,79.8,76.6,76.9,77.4,75.7,71.7,66.6,63.8,59.3,52.4,46.4,40.2,32.2,28.5,28.5,29.1,30.1,30.7,31.9,32.7,33.5,35.3,36.2,37.0,38.2,39.4,40.9
07:33:35.000,89.1,60.7,84.3,74.5,79.3,85.2,82.8,77.9,81.5,81.3,81.8,80.9,79.8,75.3,75.8,73.4,69.7,67.9,61.5,56.1,50.5,44.1,37.6,31.3,28.3,27.6,28.1,29.2,30.0,30.9,31.6,32.6,33.6,35.4,36.1,37.2,38.3,39.3,41.0
07:33:36.000,90.1,61.7,84.2,83.4,80.8,80.7,82.4,81.5,80.6,77.8,78.2,79.4,74.2,75.1,73.6,72.8,70.4,66.4,63.6,58.7,53.6,46.6,39.8,33.4,28.7,27.6,28.2,28.9,29.8,30.4,31.6,32.9,33.8,35.5,36.2,37.3,38.4,39.3,41.0
07:33:37.000,89.6,60.9,84.3,79.9,80.5,79.3,77.8,78.6,75.8,80.1,79.6,76.4,75.6,75.6,74.3,70.9,70.9,67.9,62.6,60.4,54.3,48.0,41.4,34.7,29.1,27.9,28.3,28.9,29.6,30.5,31.4,33.0,33.7,35.5,36.3,37.4,38.4,39.4,41.2
07:33:38.000,89.4,58.7,82.1,81.4,82.6,78.0,73.6,79.4,79.2,80.8,79.7,77.6,75.9,71.9,72.7,69.0,67.1,64.4,60.7,57.4,52.8,46.1,38.4,32.2,28.7,27.6,28.0,28.8,29.7,30.3,31.6,32.7,33.7,35.3,36.1,37.3,38.5,39.4,41.0
07:33:39.000,89.2,60.3,83.6,72.3,79.3,83.6,74.5,81.0,78.7,74.9,78.8,74.4,73.2,72.8,73.0,72.1,69.6,65.9,60.8,57.3,51.3,44.5,38.0,33.6,28.9,27.3,28.0,29.7,29.6,30.7,31.7,32.7,33.6,35.6,36.2,37.3,38.4,39.2,41.0
07:33:40.000,90.6,62.0,84.4,78.5,75.7,81.5,80.6,77.1,75.6,78.6,78.1,78.5,75.1,75.8,73.8,73.0,70.1,68.2,64.0,59.9,54.5,48.9,42.1,34.6,29.5,27.8,27.8,29.1,29.6,30.6,31.6,33.0,33.9,35.7,36.2,37.2,38.4,39.4,41.0
07:33:41.000,89.6,61.5,83.9,76.8,75.3,80.4,77.4,76.2,78.8,80.1,76.2,77.9,77.0,74.3,73.5,72.7,70.8,67.5,62.9,59.7,54.1,47.4,41.2,36.1,30.0,27.4,28.1,28.8,29.6,30.5,31.5,32.8,33.7,35.5,36.3,37.2,38.4,39.3,40.9
07:33:42.000,88.2,60.5,82.8,76.3,78.3,83.4,79.3,81.7,80.3,79.7,77.5,77.1,75.4,74.3,74.7,72.9,69.9,67.2,62.2,59.3,53.0,46.8,39.5,33.2,28.9,27.9,28.0,29.1,29.3,30.4,31.6,32.2,33.9,35.8,36.2,37.3,38.4,39.3,41.0
07:33:43.000,89.5,60.4,83.5,74.1,83.2,82.7,77.4,77.9,78.2,74.8,77.4,77.2,74.3,73.6,74.0,71.0,69.3,65.2,62.1,58.2,53.7,46.5,39.6,33.1,28.4,28.1,28.6,28.5,29.8,30.5,31.6,32.6,33.8,35.6,36.2,37.4,38.4,39.3,41.1
07:33:44.000,90.2,63.5,85.0,72.1,77.5,78.2,77.3,74.1,78.6,77.0,78.1,77.8,75.7,73.7,74.8,72.9,70.9,69.0,63.8,60.9,55.4,47.2,41.2,35.7,29.4,27.6,28.5,29.2,29.9,31.0,31.9,32.9,33.8,35.7,36.1,37.2,38.3,39.2,40.9
07:33:45.000,90.9,62.7,85.2,78.4,77.4,78.0,75.3,80.4,77.4,77.9,79.6,77.9,78.0,78.5,76.6,75.5,72.5,69.3,65.1,61.2,57.4,50.4,44.2,38.9,31.5,27.7,28.2,28.7,29.5,30.8,31.6,32.8,33.7,35.7,36.2,37.5,38.4,39.2,41.0
07:33:46.000,88.3,60.8,83.7,75.7,81.3,78.5,74.6,78.5,82.0,78.0,77.6,79.3,76.3,75.3,74.6,71.2,69.5,66.4,60.9,58.2,52.9,46.1,39.8,33.9,30.0,28.0,28.2,29.3,30.1,30.9,31.7,32.7,33.6,35.5,36.0,37.4,38.2,39.2,41.0
07:33:47.000,89.5,62.5,84.1,76.6,80.9,78.1,77.6,76.9,76.9,78.8,78.0,74.8,76.8,74.6,75.9,74.7,70.4,70.6,65.2,60.1,56.3,50.1,43.9,37.8,31.3,27.9,28.1,28.8,29.8,30.4,31.6,33.2,33.7,35.5,36.2,37.5,38.3,39.4,41.0
07:33:48.000,90.3,58.8,82.9,76.9,79.2,81.4,79.9,82.3,79.3,78.6,78.9,77.7,78.2,74.9,72.2,70.3,67.7,62.5,59.1,54.6,48.7,41.6,34.1,31.1,29.1,27.8,28.7,29.5,29.9,30.9,31.3,32.6,33.7,35.4,36.3,37.3,38.3,39.3,41.1
07:33:49.000,88.6,60.6,83.1,82.7,79.8,79.7,76.3,79.5,76.9,76.9,77.8,73.6,75.4,74.1,74.1,71.7,69.7,67.1,63.5,56.7,53.0,45.4,38.1,32.9,30.6,28.6,28.6,28.9,29.6,30.7,31.9,32.9,33.7,35.5,36.2,37.3,38.4,39.3,41.0
07:33:50.000,89.0,58.3,82.5,78.0,78.3,80.5,78.9,79.0,79.5,77.6,75.7,74.2,74.9,74.2,71.7,70.9,67.8,64.1,59.7,56.7,50.4,43.2,36.4,32.0,29.7,28.7,28.6,29.2,29.9,30.8,31.7,33.0,33.8,35.7,36.1,37.2,38.3,39.5,41.0
07:33:51.000,88.8,58.5,82.9,80.3,76.7,77.1,78.1,76.4,78.7,77.3,77.9,77.5,74.4,71.3,71.7,69.4,66.3,64.2,59.8,54.5,48.8,41.8,37.4,33.3,30.8,29.7,29.1,29.1,29.9,30.7,31.6,33.4,34.0,35.5,36.1,37.4,38.5,39.4,41.0
07:33:52.000,87.4,56.5,80.4,74.3,82.1,79.9,77.5,76.1,77.0,75.7,81.1,77.4,73.7,72.0,72.0,68.4,66.2,63.7,58.3,53.2,49.4,41.5,35.6,31.6,29.9,28.7,28.5,28.7,29.8,30.8,31.8,32.8,33.6,35.5,36.1,37.3,38.3,39.4,40.9
07:33:53.000,88.2,59.7,82.1,76.7,81.3,81.0,71.6,74.9,74.3,74.9,75.4,75.0,72.7,72.1,71.6,70.5,69.6,65.8,61.6,56.2,50.8,44.7,37.6,33.0,29.4,28.3,28.2,28.9,29.6,30.9,31.7,32.9,33.9,35.6,36.0,37.2,38.3,39.4,41.0
07:33:54.000,88.4,58.4,81.3,73.2,77.6,79.2,74.5,77.9,77.6,79.2,75.5,73.7,72.8,71.9,71.2,69.2,66.2,64.3,60.7,56.0,49.5,42.9,37.7,32.9,29.5,28.6,28.2,28.8,29.4,30.8,31.6,32.9,34.0,35.7,36.1,37.3,38.4,39.4,41.0
07:33:55.000,89.7,57.7,81.9,76.6,84.2,79.0,73.8,76.5,78.9,76.7,74.0,74.6,73.4,70.2,72.3,69.1,67.9,64.2,59.9,52.8,50.5,43.6,38.2,33.9,29.3,28.0,28.4,29.0,30.0,31.0,31.7,33.2,33.8,35.5,36.2,37.2,38.5,39.3,41.1
07:33:56.000,87.7,58.0,81.5,78.2,80.8,79.5,76.3,73.9,74.7,78.0,76.5,75.3,74.3,71.6,70.8,68.9,66.5,63.5,59.0,54.3,48.6,42.4,35.3,30.5,28.8,28.4,28.5,28.6,29.8,30.6,31.6,33.1,33.6,35.7,36.1,37.3,38.3,39.3,41.1
07:33:57.000,88.2,59.5,82.9,73.9,77.6,78.6,76.3,74.8,77.3,77.0,75.0,76.3,72.8,74.0,70.8,70.2,67.0,67.2,61.8,56.3,49.9,42.3,34.8,29.8,28.6,28.6,28.2,28.7,29.9,30.9,31.6,33.2,33.8,35.5,36.3,37.3,38.4,39.3,41.0
07:33:58.000,88.9,59.7,83.5,71.3,78.7,81.9,83.2,76.7,79.5,78.0,74.6,75.8,74.1,75.0,72.1,70.4,68.2,64.9,58.9,56.1,50.4,41.8,35.2,30.6,29.0,28.0,28.3,28.9,30.1,30.7,31.5,33.0,33.9,35.4,36.1,37.2,38.5,39.5,41.0
07:33:59.000,88.4,58.6,83.0,78.6,78.8,81.0,72.8,76.0,79.0,78.3,75.9,77.8,77.1,75.1,74.0,71.4,68.7,65.2,60.5,55.1,49.9,43.8,36.2,30.2,28.3,27.6,28.6,29.3,29.8,30.9,31.3,32.8,33.9,35.4,36.1,37.4,38.3,39.3,41.0
07:34:00.000,89.0,57.4,82.7,76.8,79.1,80.7,77.0,77.2,79.4,78.7,78.5,78.0,74.5,72.4,71.1,69.5,65.7,64.0,58.4,54.7,47.8,40.8,34.2,29.7,28.4,28.3,28.9,28.8,29.8,30.7,31.7,33.2,34.1,35.5,36.4,37.4,38.5,39.4,41.0
07:34:01.000,89.6,58.4,83.0,65.6,77.1,78.6,74.3,76.7,76.6,75.7,77.6,75.8,76.1,73.3,71.7,69.6,66.3,62.2,59.3,53.7,49.4,41.8,36.2,32.4,29.6,28.3,28.6,29.3,30.0,30.9,31.6,33.4,34.1,35.3,36.2,37.3,38.3,39.3,41.1
07:34:02.000,88.7,57.5,81.9,75.8,76.1,79.5,82.0,80.6,76.6,80.6,79.2,74.7,74.1,73.5,73.2,69.7,65.9,63.5,60.3,56.3,49.6,41.2,33.9,31.1,29.5,28.7,29.3,29.5,30.2,30.4,31.6,32.7,33.8,35.7,36.0,37.2,38.3,39.2,41.0
07:34:03.000,89.3,59.7,83.3,76.3,78.4,81.7,76.8,76.6,80.2,76.8,75.2,75.5,75.7,73.2,72.9,70.7,68.8,66.8,60.3,54.8,49.2,41.7,35.1,30.9,28.9,28.4,28.4,29.3,30.0,30.6,31.3,32.8,33.8,35.9,36.2,37.2,38.2,39.5,41.0
07:34:04.000,86.6,57.9,81.3,78.6,77.7,77.7,80.8,76.7,78.7,75.8,77.3,75.6,73.7,72.9,73.1,69.8,68.3,63.3,59.4,55.3,50.1,43.0,35.7,31.6,29.2,28.3,29.0,29.4,30.1,31.2,31.8,33.5,34.0,35.2,36.1,37.4,38.3,39.4,41.0
07:34:05.000,88.1,57.6,82.2,79.0,76.0,78.6,78.5,77.1,77.8,77.9,75.6,75.7,75.0,72.3,72.5,68.4,65.4,62.9,58.0,52.4,47.4,39.2,33.0,29.3,28.6,28.1,28.5,29.1,29.6,30.5,31.6,32.8,33.8,35.6,36.1,37.2,38.3,39.4,41.0
07:34:06.000,88.9,60.0,83.7,79.7,83.3,81.8,81.0,78.4,76.1,78.9,75.9,74.0,75.2,72.7,71.5,70.5,68.2,66.4,61.5,57.5,50.8,46.3,38.3,32.6,29.0,27.5,28.0,28.7,29.7,30.9,31.8,33.7,34.2,35.2,36.4,37.4,38.4,39.4,41.0
07:34:07.000,86.9,57.0,80.9,78.8,74.7,70.8,78.4,77.2,76.5,82.1,79.7,76.0,74.4,73.8,72.1,69.3,66.8,63.0,59.7,54.5,48.8,40.5,34.2,31.0,28.1,27.7,27.8,29.0,29.8,30.8,31.7,33.5,34.1,35.4,36.2,37.2,38.5,39.3,41.0
07:34:08.000,88.5,57.0,80.6,82.5,71.9,79.5,74.8,71.4,76.9,74.5,77.2,73.8,73.7,72.1,73.7,67.9,66.6,63.5,56.5,52.2,46.8,38.8,34.3,30.6,29.2,27.6,28.5,28.7,29.8,30.7,31.6,33.3,34.2,35.7,36.1,37.3,38.4,39.5,41.0
07:34:09.000,87.8,57.7,81.7,75.9,79.3,77.1,78.4,75.2,73.6,73.9,75.3,74.8,72.0,69.6,67.6,66.7,66.1,64.1,58.0,55.1,50.0,41.8,36.6,30.9,28.4,28.1,28.3,28.9,29.6,30.7,31.8,33.2,34.2,35.6,36.2,37.4,38.3,39.4,41.0
07:34:10.000,88.0,58.9,81.9,72.8,78.7,74.8,77.6,76.8,77.2,74.8,77.2,76.0,72.4,72.4,69.7,69.6,67.6,65.1,60.9,56.9,50.6,43.3,36.9,31.4,28.6,27.4,28.1,29.0,29.8,30.6,31.5,33.6,34.3,35.5,36.0,37.3,38.4,39.3,41.0
07:34:11.000,87.2,58.3,81.0,75.2,80.8,78.8,77.5,74.6,77.5,76.8,78.5,74.6,71.7,73.2,72.1,69.4,68.3,65.4,59.8,56.2,49.1,41.7,34.7,30.3,28.4,28.0,28.0,29.2,29.9,30.4,31.5,33.7,34.3,35.5,36.3,37.3,38.3,39.2,41.0
07:34:12.000,87.5,56.4,80.1,76.2,80.9,75.4,76.1,78.9,76.4,75.0,75.2,74.4,70.1,71.0,70.3,68.1,65.0,61.5,60.1,55.5,50.6,45.0,38.3,32.4,28.9,28.2,28.2,29.0,29.7,30.4,31.6,33.2,34.5,35.5,35.8,37.2,38.5,39.4,40.9
07:34:13.000,89.7,57.5,81.6,78.7,83.6,73.9,75.7,78.0,77.7,73.5,74.7,72.1,72.9,70.9,68.3,68.8,67.9,63.3,57.9,55.8,49.8,42.3,35.1,31.0,28.4,28.4,28.5,29.3,29.5,30.4,31.6,33.0,33.9,35.5,36.0,37.2,38.3,39.4,41.0
07:34:14.000,87.4,56.1,80.5,75.9,79.5,76.5,77.6,78.1,77.0,77.7,75.0,73.9,70.9,70.5,68.0,67.9,66.2,63.5,58.1,53.5,47.1,43.1,35.8,30.6,28.5,28.2,28.5,28.8,29.7,30.6,31.8,33.3,33.8,35.7,36.0,37.3,38.3,39.2,41.0
07:34:15.000,87.4,55.9,80.6,77.9,75.6,71.8,82.9,80.7,78.0,77.7,76.3,73.4,69.5,72.0,68.7,68.4,64.8,59.5,55.5,49.9,44.9,40.2,36.4,31.4,28.3,27.4,28.1,28.9,30.0,30.8,31.8,33.2,34.2,35.3,36.2,37.3,38.1,39.4,41.0
07:34:16.000,87.7,55.4,80.0,80.8,74.9,76.0,81.4,78.9,74.8,75.7,76.2,69.8,72.9,71.9,69.9,68.2,65.2,61.4,55.6,50.7,45.0,38.2,34.3,30.3,28.6,28.2,28.3,28.9,29.7,30.9,31.7,33.3,34.1,35.4,36.2,37.4,38.3,39.4,40.9
07:34:17.000,87.7,56.7,81.8,78.0,75.3,78.7,73.5,77.3,77.1,74.8,74.8,74.6,71.3,69.7,67.8,67.4,66.4,63.3,59.0,53.1,49.8,42.1,36.8,32.1,28.5,27.8,28.4,28.7,30.0,30.6,31.6,33.4,34.3,35.6,36.1,37.4,38.3,39.3,41.1
07:34:18.000,88.1,56.0,82.2,75.4,80.6,76.2,77.3,77.0,77.6,78.5,79.1,74.0,70.8,70.0,67.7,66.2,65.4,60.7,55.7,51.0,45.0,39.4,35.2,30.8,29.0,28.0,27.9,29.2,30.3,30.6,31.3,33.2,34.1,35.5,36.3,37.2,38.3,39.4,41.0
07:34:19.000,88.9,56.5,81.8,77.5,72.5,77.5,76.2,79.2,74.7,78.3,80.9,75.1,72.8,71.9,67.9,68.1,64.4,61.3,57.5,51.4,49.5,42.5,36.9,32.4,28.6,27.9,28.7,29.0,29.3,30.5,31.5,33.5,33.9,35.4,36.3,37.3,38.3,39.3,41.1
07:34:20.000,89.7,60.0,83.3,75.8,66.8,73.8,78.3,73.8,74.9,77.1,78.8,74.9,73.5,71.1,69.9,68.6,67.1,64.8,60.2,55.7,51.3,44.7,38.8,34.7,29.3,28.0,28.3,29.0,29.9,30.7,31.7,33.5,34.3,35.2,36.3,37.3,38.2,39.3,41.1
07:34:21.000,87.1,58.5,81.6,81.2,79.7,76.3,77.2,79.7,78.8,78.4,76.7,75.4,73.6,73.4,72.4,71.2,69.3,65.4,61.8,57.1,54.1,48.7,41.5,38.1,31.9,28.7,28.7,29.4,29.8,30.4,31.7,33.5,34.4,35.6,36.1,37.4,38.4,39.4,40.9
07:34:22.000,86.5,56.0,80.4,78.5,74.8,79.2,79.1,76.7,77.7,78.1,77.4,76.6,71.3,71.5,69.9,68.4,66.3,61.7,58.1,55.1,50.1,44.0,36.1,32.3,28.9,28.4,28.7,29.0,29.5,30.7,31.6,33.4,34.4,35.8,36.0,37.2,38.3,39.2,41.0
07:34:23.000,87.6,56.5,81.7,75.0,81.8,81.8,79.2,78.4,77.1,76.2,75.7,75.5,74.5,71.3,68.9,65.5,64.6,61.5,57.2,54.1,50.6,44.3,39.1,34.0,29.3,28.3,28.7,29.2,29.8,30.7,31.7,33.3,34.2,35.9,36.2,37.3,38.3,39.2,41.1
07:34:24.000,86.8,57.2,81.4,75.7,80.3,80.5,77.2,74.7,74.4,79.1,75.9,72.7,76.6,72.0,71.6,69.4,66.4,61.3,57.3,52.7,47.8,41.7,37.2,33.9,28.0,28.5,28.2,28.7,30.0,30.4,32.1,33.6,34.6,35.8,36.1,37.2,38.3,39.2,41.0
07:34:25.000,87.3,58.1,81.9,79.5,77.8,70.4,76.2,75.5,77.4,76.6,75.5,74.6,74.3,73.0,73.8,70.8,67.3,64.0,58.4,53.7,47.7,40.8,34.6,31.9,28.4,28.1,28.6,28.8,29.8,31.0,31.9,33.1,34.0,35.7,36.1,37.3,38.4,39.4,41.0
07:34:26.000,86.8,57.3,81.4,78.3,72.9,76.4,75.9,78.4,76.7,76.8,74.4,75.2,71.8,74.4,72.5,68.7,65.9,61.2,56.8,51.5,45.5,38.8,34.6,31.9,28.8,28.8,29.0,29.2,29.4,30.7,31.2,33.2,34.2,35.6,36.2,37.3,38.4,39.3,41.0
07:34:27.000,87.2,56.2,82.1,71.1,76.6,79.0,75.7,76.5,76.7,75.0,75.1,75.7,73.3,69.8,70.6,68.5,65.2,60.3,56.4,50.6,42.8,37.2,35.0,30.4,29.1,28.4,28.2,28.7,30.0,31.1,31.9,33.2,34.2,35.6,36.1,37.3,38.3,39.3,41.0
07:34:28.000,88.9,59.1,82.7,74.7,75.6,73.6,75.5,77.7,75.5,75.9,78.4,75.9,74.9,74.6,71.9,70.3,68.4,62.7,57.7,52.7,46.4,38.8,33.6,30.6,28.7,28.4,28.2,28.9,29.6,31.0,32.0,33.0,34.0,35.3,36.0,37.4,38.2,39.3,41.1
07:34:29.000,87.8,60.9,82.4,72.7,76.1,76.1,78.3,75.2,78.7,74.8,78.2,76.7,74.6,73.1,73.9,72.1,69.2,68.1,63.0,58.2,56.3,50.1,43.8,38.2,31.7,29.1,28.3,29.4,30.2,30.6,31.6,33.4,34.0,35.5,36.0,37.1,38.2,39.4,41.0
07:34:30.000,87.7,59.9,83.0,76.8,74.6,74.8,79.3,78.0,79.1,73.7,76.7,76.3,75.2,72.4,72.1,72.2,68.9,66.2,61.0,57.3,51.9,44.8,39.8,33.1,29.0,28.5,28.2,29.1,30.2,30.6,31.6,33.4,34.2,35.7,36.2,37.1,38.3,39.4,41.0
07:34:31.000,86.8,57.2,81.5,73.4,68.7,72.5,79.9,78.8,80.5,77.4,75.0,76.5,74.6,72.3,72.4,70.4,67.1,63.1,56.9,51.8,47.6,40.0,35.1,30.8,29.1,28.1,28.6,29.0,30.0,30.6,31.7,33.3,34.2,35.7,36.0,37.3,38.2,39.2,41.2
07:34:32.000,87.3,59.8,82.1,72.9,76.4,76.4,74.2,75.8,74.5,79.9,76.0,76.5,72.6,72.1,74.3,70.8,67.1,64.7,59.5,56.6,53.6,45.4,40.6,35.0,30.1,28.3,28.0,28.9,29.5,30.9,31.6,33.3,34.3,35.5,36.0,37.1,38.4,39.3,40.9
07:34:33.000,89.0,60.8,82.8,74.5,78.5,74.3,75.4,75.6,75.3,72.9,75.1,75.6,74.2,72.0,73.4,73.2,70.9,67.0,62.4,58.1,53.3,45.8,39.9,35.0,30.6,28.5,28.3,29.0,29.6,30.4,31.8,33.4,34.4,35.5,36.1,37.4,38.3,39.3,41.0
07:34:34.000,88.6,57.9,81.9,76.2,76.7,75.9,77.2,75.2,81.4,80.0,74.4,74.2,74.4,73.2,70.1,69.4,67.1,64.1,57.2,55.8,50.7,45.9,39.4,33.1,29.2,27.8,28.1,28.8,29.9,30.9,31.5,33.1,34.3,35.3,36.0,37.4,38.2,39.2,41.0
07:34:35.000,87.1,56.2,80.6,72.0,74.8,76.4,77.8,72.8,79.6,78.1,75.9,74.5,73.3,73.7,71.0,69.1,66.5,62.4,55.3,50.5,45.3,39.4,34.6,30.6,28.2,28.0,28.1,28.9,29.6,30.4,31.9,33.1,34.1,35.6,35.9,37.3,38.4,39.3,41.1
07:34:36.000,87.9,57.8,82.0,72.2,76.3,73.5,73.6,74.4,78.6,77.3,75.9,73.0,72.5,72.6,69.0,68.1,65.6,62.5,58.5,54.3,48.5,43.5,39.0,33.9,28.7,27.4,28.5,29.1,29.6,30.9,31.7,33.3,34.2,35.7,36.2,37.1,38.3,39.3,41.0
07:34:37.000,87.1,55.2,80.3,75.0,69.6,78.3,72.3,77.4,78.2,73.6,76.8,76.9,74.3,71.9,70.1,67.2,63.9,59.8,57.2,52.4,48.8,43.0,36.1,31.0,28.5,27.7,28.9,29.3,29.8,30.7,31.8,33.4,34.0,35.6,36.0,37.4,38.4,39.4,41.1
07:34:38.000,86.0,57.7,81.0,79.4,81.2,77.2,78.8,79.1,72.8,74.2,76.9,75.0,72.0,71.3,69.2,68.2,66.8,64.0,57.7,51.0,44.9,40.5,34.9,31.4,28.7,28.1,28.5,29.2,30.8,31.0,31.8,33.2,34.0,35.9,36.1,37.2,38.3,39.3,41.0
07:34:39.000,87.4,58.2,80.9,77.3,74.7,74.1,73.5,77.6,76.5,76.9,74.2,76.0,73.3,70.6,71.0,68.1,66.9,64.5,60.7,56.1,51.0,44.2,39.8,33.4,29.8,28.5,28.4,29.1,29.8,31.0,31.4,33.6,34.4,35.4,36.2,37.3,38.3,39.4,40.9
07:34:40.000,86.5,58.5,81.0,80.8,76.6,77.4,73.3,73.3,74.8,71.9,75.0,73.7,74.3,71.5,71.9,70.2,68.0,65.2,60.5,56.2,51.6,45.2,39.1,35.0,29.8,28.2,28.2,29.0,29.9,30.9,31.8,33.3,34.2,35.5,36.2,37.2,38.5,39.4,41.0
07:34:41.000,85.3,56.5,80.1,76.8,77.4,75.2,75.6,75.2,78.3,76.9,74.4,74.9,69.0,71.5,70.5,68.9,65.8,62.8,58.7,52.8,45.3,39.3,35.2,33.0,28.5,28.1,28.2,29.1,30.1,30.5,31.9,33.4,34.1,35.8,36.2,37.3,38.2,39.4,41.0
07:34:42.000,86.4,57.1,81.0,79.2,75.1,73.1,76.4,75.8,74.3,76.7,75.3,73.6,72.0,71.6,68.2,67.9,65.6,62.2,59.2,53.6,48.4,42.3,36.2,32.8,28.9,28.2,28.1,29.0,29.6,30.4,31.4,33.2,34.0,35.7,36.1,37.1,38.4,39.2,41.0
07:34:43.000,86.1,55.4,80.5,78.3,78.3,76.6,73.1,73.4,73.6,76.9,78.6,74.1,73.3,70.0,70.5,66.1,65.0,63.7,57.7,51.8,45.8,39.4,36.9,32.4,29.1,27.9,28.4,29.4,29.9,30.7,31.6,33.1,34.2,35.6,36.1,37.3,38.4,39.5,41.0
07:34:44.000,85.3,57.2,80.3,76.6,76.0,73.0,73.7,75.3,70.9,74.6,77.9,75.3,71.7,71.8,68.5,68.6,66.6,63.4,58.4,53.4,46.6,39.3,35.2,30.9,29.0,28.0,28.2,29.1,29.9,31.0,31.7,33.5,34.1,35.5,36.0,37.3,38.2,39.3,41.0
07:34:45.000,85.0,57.0,79.7,72.1,69.3,73.8,74.6,74.7,72.4,74.4,76.2,74.7,72.6,69.4,68.8,66.2,65.7,63.5,59.6,54.5,49.2,42.0,36.1,31.8,29.2,28.1,28.5,28.8,29.9,30.5,31.6,32.9,34.0,35.7,36.1,37.4,38.4,39.2,41.0
07:34:46.000,86.1,56.3,80.4,74.0,76.5,73.3,75.3,75.4,73.9,72.1,74.8,73.1,70.4,70.4,70.4,67.7,66.5,63.1,58.7,53.4,47.2,41.5,35.0,30.3,28.6,28.2,28.5,28.8,29.8,30.8,31.4,33.4,34.3,35.7,36.1,37.3,38.2,39.3,41.1
07:34:47.000,86.6,55.9,80.3,75.4,80.4,74.5,75.5,78.1,75.7,75.9,77.0,74.6,73.0,69.0,69.1,68.1,65.2,59.7,55.6,49.1,42.2,36.1,32.6,30.0,27.8,28.2,28.2,28.9,30.1,30.8,31.6,33.2,34.1,35.6,36.2,37.3,38.5,39.3,41.0
07:34:48.000,86.6,54.6,80.1,74.0,73.0,68.1,70.3,74.8,75.4,72.7,74.8,72.7,72.8,70.9,72.6,68.8,64.6,59.2,53.2,50.3,43.7,37.6,33.1,29.9,28.2,27.2,28.3,28.8,30.3,31.1,31.5,33.4,34.1,35.8,36.1,37.3,38.3,39.3,41.0
07:34:49.000,86.4,56.5,80.9,73.1,71.7,73.3,75.4,73.2,78.1,76.9,75.9,73.1,72.5,71.8,70.0,67.7,64.6,60.9,55.6,50.7,44.0,38.5,33.6,30.2,27.3,28.2,28.1,29.2,29.9,30.6,31.5,33.2,34.4,35.6,36.2,37.2,38.4,39.4,41.0
07:34:50.000,87.4,56.8,80.9,71.9,75.6,78.6,72.1,76.6,76.1,72.7,75.4,75.0,74.6,72.7,70.3,68.8,65.5,61.1,58.7,54.0,48.3,43.0,35.5,30.5,27.6,27.8,28.6,29.1,29.5,31.0,31.6,33.3,34.0,35.9,36.2,37.2,38.4,39.3,41.0
07:34:51.000,86.5,55.2,79.8,72.8,76.7,76.1,75.5,68.9,75.7,75.0,75.5,74.3,71.8,71.8,68.3,67.3,63.7,61.4,57.3,51.3,47.8,41.4,35.3,32.1,27.9,27.1,27.9,29.1,29.7,30.5,31.7,33.6,34.4,35.7,36.3,37.4,38.4,39.2,40.9
07:34:52.000,84.8,53.7,78.0,68.7,78.4,79.9,74.6,78.3,74.9,73.4,75.4,72.1,71.8,71.0,69.7,66.1,62.6,57.8,55.5,50.5,45.3,36.9,32.3,30.7,28.4,28.1,28.8,29.0,29.8,30.8,31.6,33.3,33.8,36.3,36.3,37.2,38.3,39.4,41.0
07:34:53.000,86.0,54.7,80.0,76.8,75.1,76.5,79.8,78.0,76.8,72.4,72.6,72.7,71.5,68.7,69.2,66.3,63.2,58.7,55.1,52.0,45.0,38.3,33.4,30.7,28.3,28.0,28.6,28.8,29.7,30.3,31.6,33.3,34.2,35.8,36.1,37.4,38.5,39.3,40.9
07:34:54.000,86.9,54.9,79.9,77.6,62.8,72.1,77.2,70.1,77.1,74.3,75.3,75.5,71.5,68.8,67.5,65.0,63.4,60.4,55.5,50.1,43.4,36.4,32.3,29.5,28.0,28.1,28.7,29.1,30.0,30.5,31.6,33.4,34.0,35.8,36.1,37.2,38.4,39.3,41.1
07:34:55.000,84.5,53.4,78.7,78.8,78.0,78.4,73.3,71.5,74.8,74.5,74.2,72.2,73.1,70.6,68.0,65.6,63.5,59.4,55.6,51.5,46.1,39.3,32.9,29.9,28.6,28.0,28.3,28.8,29.9,30.9,32.2,33.4,34.1,35.7,36.2,37.2,38.5,39.3,41.2
07:34:56.000,86.5,54.1,79.8,75.8,77.1,71.6,74.5,72.5,78.5,74.9,73.9,72.4,70.0,69.4,68.6,65.9,60.5,56.8,54.4,48.1,45.3,39.9,33.7,29.9,28.1,27.9,28.4,29.1,30.0,31.3,31.4,33.8,34.3,35.9,36.2,37.2,38.2,39.3,41.0
07:34:57.000,84.9,54.2,78.5,72.4,75.3,72.0,75.1,74.1,77.9,73.9,75.3,72.8,72.7,71.4,67.9,65.0,62.8,59.7,54.6,47.0,40.3,34.7,31.2,28.9,28.1,27.3,28.0,29.5,30.1,31.3,31.5,33.4,34.1,35.9,36.0,37.3,38.3,39.4,41.0
07:34:58.000,86.2,56.3,78.4,75.1,72.6,73.8,73.9,73.3,74.7,74.9,72.7,72.4,68.5,68.7,68.1,66.4,65.4,62.5,59.0,53.0,47.3,39.9,32.7,30.8,28.3,27.7,28.6,28.8,29.7,30.8,31.8,33.6,34.2,35.8,36.3,37.3,38.3,39.3,41.0
07:34:59.000,84.9,55.1,77.8,72.9,78.2,74.7,75.9,73.1,71.3,73.0,72.7,72.3,70.9,69.0,67.3,67.1,64.7,62.2,57.7,51.1,45.7,41.0,36.6,31.9,29.0,27.9,28.1,29.2,30.0,30.4,32.0,33.9,34.3,35.6,36.1,37.3,38.4,39.4,41.0
07:35:00.000,85.0,52.5,78.0,73.6,77.1,75.5,70.8,74.1,70.8,71.9,70.9,70.0,71.1,71.3,67.0,64.5,61.6,58.9,53.1,47.1,40.1,36.9,33.4,29.1,28.4,27.6,28.4,29.2,30.1,30.4,31.6,34.0,34.3,35.7,36.2,37.3,38.3,39.3,41.0
07:35:01.000,83.2,51.7,76.6,74.2,76.6,73.1,75.6,74.3,70.7,71.9,73.6,70.9,68.9,66.7,66.6,64.1,60.4,57.5,50.3,44.4,40.2,36.8,32.9,29.9,29.5,28.2,28.2,28.7,30.1,30.6,31.9,34.3,34.0,35.6,36.1,37.3,38.3,39.3,41.0
07:35:02.000,86.0,53.8,78.4,77.9,70.4,74.6,73.9,74.8,72.1,70.1,73.5,70.9,69.6,68.5,66.2,63.1,62.3,59.0,55.2,49.9,46.0,41.8,34.7,31.4,29.3,28.2,28.1,29.3,29.4,30.6,31.8,34.6,34.3,35.6,36.4,37.2,38.3,39.3,41.0
07:35:03.000,85.3,52.2,78.0,77.9,75.4,71.9,70.2,72.5,74.4,72.4,73.8,71.7,70.3,68.4,66.4,64.1,62.3,58.1,54.5,48.2,43.0,37.9,34.2,30.5,28.5,28.3,28.1,28.8,29.9,30.8,31.8,35.1,34.4,35.7,36.1,37.3,38.4,39.4,40.9
07:35:04.000,83.7,51.5,77.6,80.0,73.5,71.7,78.0,71.4,74.2,72.5,74.9,71.5,70.6,66.8,64.7,62.7,60.2,54.9,49.5,45.3,38.7,36.7,33.0,29.6,28.5,28.5,28.7,29.4,29.7,31.0,31.9,34.8,34.3,35.8,36.2,37.0,38.4,39.3,41.0
07:35:05.000,86.6,56.3,79.7,77.4,73.8,77.7,74.4,75.9,74.7,71.3,73.7,70.2,71.6,69.7,69.3,67.6,65.2,62.2,58.1,52.7,47.0,39.1,35.4,31.6,29.9,28.1,28.3,28.8,30.0,30.7,32.1,34.4,34.2,35.5,36.3,37.3,38.3,39.2,41.1
07:35:06.000,84.6,56.3,78.7,72.1,75.7,76.7,72.1,75.5,76.2,72.5,73.4,73.1,69.8,70.4,70.1,67.3,65.8,62.5,58.6,53.8,48.0,41.7,36.0,31.5,29.0,28.0,28.9,28.9,29.8,30.9,31.7,34.6,34.3,35.2,36.1,37.2,38.5,39.5,40.9
07:35:07.000,85.0,54.0,78.6,77.2,70.9,71.9,77.9,75.6,73.9,71.5,72.9,73.2,70.6,70.6,68.7,65.7,63.3,58.6,54.5,47.5,43.8,37.2,33.8,30.5,29.3,28.6,28.8,29.1,30.0,30.9,31.8,34.7,34.3,35.8,36.2,37.2,38.3,39.4,41.0
07:35:08.000,84.3,51.7,77.6,73.2,72.6,77.3,75.3,71.7,71.2,70.8,73.3,72.8,70.7,70.3,66.0,63.5,60.2,58.1,53.3,47.8,41.8,36.7,33.9,30.4,28.9,27.8,28.4,28.8,30.0,30.5,32.2,35.1,34.4,35.8,36.1,37.2,38.4,39.5,40.9
07:35:09.000,83.4,52.7,77.0,73.3,74.8,72.0,71.1,73.0,73.9,74.8,72.2,72.3,68.8,66.1,65.3,63.4,61.7,58.1,53.4,48.8,41.9,37.3,33.9,30.4,29.5,28.4,28.6,29.1,29.8,30.8,31.9,35.3,34.3,35.9,36.0,37.3,38.2,39.4,41.0
07:35:10.000,83.1,51.7,75.3,78.4,74.0,73.7,75.6,73.1,74.3,72.2,70.5,69.7,68.0,67.3,64.6,63.4,60.6,56.6,49.7,45.8,40.5,36.8,33.5,31.7,29.9,28.2,28.6,28.9,30.0,30.9,31.9,36.5,34.8,35.8,36.3,37.4,38.6,39.3,41.1
07:35:11.000,82.0,50.0,74.7,74.9,64.6,77.4,73.4,73.8,74.7,69.4,69.3,68.1,66.7,67.0,66.0,63.1,58.9,57.5,51.4,44.4,39.7,36.6,33.0,31.6,29.6,28.1,28.4,29.6,29.9,30.3,31.8,36.1,34.6,35.5,36.1,37.2,38.4,39.4,41.0
07:35:12.000,83.9,52.5,77.1,79.1,66.2,76.0,70.1,69.7,71.6,68.9,69.3,69.2,66.3,64.4,64.1,62.6,60.7,55.0,50.5,45.5,39.6,35.3,32.4,29.6,28.5,28.0,28.1,29.1,29.9,30.6,31.5,37.2,35.1,35.5,36.2,37.4,38.3,39.3,41.0
07:35:13.000,84.0,51.5,77.7,74.9,68.0,71.8,72.6,71.5,74.4,70.2,72.3,70.8,69.9,67.2,66.6,64.5,63.4,57.3,49.3,43.0,40.3,36.0,32.3,30.2,28.9,27.9,28.1,28.9,29.7,31.0,31.5,36.9,34.6,35.5,36.2,37.2,38.2,39.5,40.8
07:35:14.000,84.6,51.5,77.0,73.9,75.8,71.6,68.6,67.1,75.7,71.6,72.9,70.5,69.3,68.3,67.0,61.5,60.1,56.2,51.7,46.8,39.5,35.6,32.6,31.0,28.5,27.8,28.1,29.2,29.9,30.6,31.8,36.4,34.5,35.8,36.3,37.5,38.5,39.2,41.1
07:35:15.000,84.3,53.4,77.9,73.6,73.8,76.4,76.5,70.6,73.7,73.2,73.7,70.4,70.7,67.2,68.2,63.2,61.8,58.3,54.4,48.7,41.3,36.6,35.0,30.7,27.9,27.7,28.3,28.9,29.4,30.7,31.8,36.0,34.7,35.6,36.2,37.3,38.1,39.5,41.0
07:35:16.000,84.2,53.0,77.7,71.6,71.6,69.0,74.6,70.6,75.0,71.6,72.3,72.2,68.0,67.7,65.9,63.6,61.0,59.3,52.6,49.4,41.6,37.7,33.8,30.4,28.5,28.2,28.4,29.0,29.6,30.9,31.5,36.0,34.5,35.5,36.1,37.3,38.3,39.4,41.0
07:35:17.000,83.3,51.3,76.3,66.7,70.4,76.8,73.9,71.5,71.9,70.4,74.4,70.4,68.8,70.6,66.9,64.6,62.0,56.9,52.2,47.9,40.0,35.9,33.7,30.9,29.0,28.3,28.6,29.0,29.7,30.7,32.0,36.5,34.7,35.6,36.1,37.3,38.4,39.4,40.9
07:35:18.000,82.8,51.1,75.4,76.6,75.4,74.6,72.5,69.0,72.5,72.7,74.1,71.0,69.2,64.3,65.5,62.0,59.5,56.2,53.3,43.7,37.5,34.8,33.6,31.1,28.9,28.5,28.6,29.5,29.6,30.6,31.6,36.9,34.6,35.4,36.3,37.3,38.3,39.4,41.0
07:35:19.000,84.5,53.4,76.4,69.2,73.8,75.2,71.9,71.0,71.6,70.9,69.3,70.9,68.0,65.1,63.4,64.7,61.8,60.0,52.3,47.8,41.2,36.7,34.2,31.4,29.8,28.7,28.5,29.3,30.1,30.2,31.9,36.3,34.8,35.4,36.2,37.2,38.3,39.3,41.0
07:35:20.000,82.8,50.9,74.5,74.6,76.0,71.6,69.5,68.5,72.5,68.3,69.7,70.1,65.5,63.0,63.1,63.1,60.2,59.0,55.1,49.4,44.9,37.0,33.6,31.7,30.0,28.5,29.2,29.6,29.6,30.6,31.8,35.9,34.6,35.5,36.1,37.5,38.4,39.4,41.0
07:35:21.000,83.5,51.6,76.1,72.8,75.8,69.2,73.5,69.8,69.0,70.6,68.7,68.5,67.4,64.7,63.6,61.9,60.3,59.0,55.8,48.8,44.2,38.2,33.3,30.2,28.7,28.1,28.3,28.9,30.1,30.8,31.9,36.6,34.9,35.7,36.1,37.3,38.3,39.3,40.9
07:35:22.000,82.1,48.2,74.6,76.1,74.6,76.8,74.9,74.8,71.5,72.0,70.9,69.0,68.9,64.3,61.3,58.6,56.3,53.1,48.3,43.2,38.3,34.0,30.8,28.7,28.1,27.8,28.4,29.2,30.0,30.8,31.6,36.9,35.0,35.6,36.1,37.5,38.5,39.4,41.0
07:35:23.000,84.0,51.1,77.0,66.1,73.8,75.6,73.0,73.6,68.7,70.5,69.6,68.9,69.8,68.0,63.7,60.7,57.7,55.8,53.3,47.0,38.2,34.6,30.8,29.7,28.3,27.9,28.5,28.9,29.8,30.7,32.1,36.3,34.5,35.8,36.1,37.3,38.2,39.4,41.0
07:35:24.000,83.3,52.1,76.9,68.9,70.1,74.8,70.3,74.2,72.8,71.7,71.3,71.2,67.8,67.6,64.1,62.9,59.8,55.7,50.9,44.8,40.7,34.4,30.1,30.0,28.6,27.9,28.5,29.3,29.6,30.6,31.6,36.1,34.5,35.8,36.2,37.4,38.2,39.2,40.9
07:35:25.000,82.2,51.9,76.2,68.7,74.3,75.5,73.4,72.4,73.0,70.0,72.8,70.2,68.4,67.9,67.3,64.7,60.3,56.9,51.8,44.9,38.8,32.7,30.8,29.5,28.5,28.0,28.1,29.0,29.6,30.7,31.8,36.6,34.6,35.8,36.0,37.3,38.3,39.3,41.0
07:35:26.000,82.8,52.3,75.4,74.9,71.1,75.3,70.6,75.2,71.3,72.7,70.7,68.9,69.8,68.7,65.8,65.3,60.3,56.7,52.5,47.1,41.4,35.6,30.9,29.3,28.0,27.7,28.1,29.1,29.7,30.4,31.6,36.7,34.5,36.0,36.1,37.3,38.3,39.3,41.0
07:35:27.000,83.7,53.9,77.5,72.0,72.4,71.2,66.6,70.6,67.7,67.5,70.2,67.9,64.4,66.0,67.2,65.7,62.6,60.5,54.4,48.4,43.3,36.8,30.1,29.8,28.7,27.6,28.7,29.1,30.0,30.8,31.7,37.6,35.1,35.8,36.2,37.5,38.4,39.4,41.1
07:35:28.000,83.5,52.7,76.3,72.5,74.7,74.3,72.1,70.3,70.9,72.4,72.0,70.6,70.9,68.0,66.9,64.5,63.0,59.5,53.1,47.7,43.1,36.1,31.2,29.3,28.1,27.9,28.1,28.4,29.5,30.7,31.6,36.6,34.6,35.5,36.4,37.3,38.2,39.4,41.1
07:35:29.000,84.0,51.4,76.4,72.3,72.8,70.5,73.0,73.8,74.5,68.0,70.7,70.7,65.9,66.8,66.0,62.9,61.0,56.5,52.6,46.9,40.6,34.5,30.9,29.2,28.0,27.7,27.8,28.8,29.6,30.8,31.7,37.0,34.5,35.7,36.0,37.4,38.3,39.3,41.0
07:35:30.000,84.8,50.6,77.0,74.4,72.7,71.1,72.2,72.9,69.8,72.9,71.6,70.0,70.2,66.4,64.8,61.8,59.5,55.2,50.1,44.7,36.2,33.4,30.2,28.3,28.3,27.8,28.5,29.0,29.7,30.7,31.7,36.8,34.7,35.7,36.1,37.2,38.3,39.3,41.1
07:35:31.000,82.0,49.0,75.1,68.8,75.5,74.7,71.9,72.5,73.9,71.3,69.7,72.9,66.6,66.7,63.1,62.3,58.8,52.1,47.4,42.7,36.2,32.9,30.9,28.4,27.8,28.2,28.2,28.7,29.8,30.9,31.8,37.1,34.8,35.5,36.4,37.2,38.6,39.3,41.1
07:35:32.000,82.8,50.6,75.2,66.7,74.1,77.3,70.5,74.8,70.9,71.2,72.0,69.6,67.7,64.5,64.6,61.6,58.0,55.0,50.5,46.5,39.6,34.0,31.0,28.6,28.1,27.9,28.1,28.5,29.8,30.8,31.7,37.1,34.9,35.6,36.2,37.3,38.4,39.3,41.0
07:35:33.000,82.0,50.6,74.6,68.9,72.6,74.0,75.0,70.6,69.8,71.0,70.8,67.3,64.9,66.2,64.7,62.8,59.8,54.8,50.9,43.7,37.4,33.0,30.6,28.4,27.4,27.8,27.8,29.2,29.9,31.0,31.9,37.4,34.5,35.7,36.0,37.2,38.3,39.4,40.9
07:35:34.000,83.0,50.2,75.1,70.2,73.1,73.6,73.5,67.8,73.0,69.9,68.5,65.6,67.2,64.1,62.1,62.3,60.5,55.9,48.9,45.0,39.2,32.9,31.6,29.3,27.9,27.6,28.2,28.8,29.6,30.6,31.5,37.1,34.7,35.8,36.2,37.3,38.3,39.4,41.1
07:35:35.000,80.7,48.7,74.0,70.6,74.9,71.8,73.6,70.4,71.7,71.4,66.5,68.3,66.6,64.4,65.0,60.7,59.6,54.7,48.7,44.1,36.9,32.6,31.6,28.2,28.1,27.6,28.8,29.3,29.7,30.8,31.9,36.8,34.6,35.7,36.2,37.4,38.2,39.4,40.9
07:35:36.000,84.0,51.4,76.8,75.2,74.0,72.4,73.4,70.2,74.8,70.6,67.1,68.8,66.8,64.4,65.0,61.8,60.0,54.7,50.1,45.0,38.5,33.3,31.3,29.9,28.3,28.3,28.1,28.8,30.1,30.9,31.6,36.5,34.4,35.6,36.5,37.4,38.4,39.4,41.0
07:35:37.000,83.8,52.1,76.7,76.1,73.6,72.9,69.2,69.5,70.5,72.7,70.4,71.1,68.0,66.4,65.4,63.9,62.0,56.9,49.7,43.2,38.0,34.1,31.6,30.6,28.3,28.6,28.5,28.9,29.8,30.7,32.1,36.0,34.3,35.6,35.9,37.3,38.3,39.4,41.1
07:35:38.000,85.3,54.0,78.1,71.4,73.2,67.3,71.6,70.3,73.5,70.7,71.4,71.3,67.8,65.7,66.0,64.7,64.5,61.6,55.2,50.3,43.2,36.8,32.6,30.4,28.2,27.7,28.3,29.1,30.0,30.6,31.5,35.5,34.4,35.5,36.1,37.4,38.6,39.2,41.0
07:35:39.000,83.3,51.4,76.7,71.0,73.7,72.2,69.9,73.3,71.2,72.3,71.7,71.8,71.3,68.6,67.7,62.1,60.7,57.9,52.4,47.3,41.8,35.1,31.5,29.3,28.5,28.0,28.2,28.9,29.8,31.1,31.8,35.9,34.6,35.5,36.3,37.3,38.3,39.3,41.0
07:35:40.000,83.8,50.2,77.0,77.1,72.0,75.3,71.3,75.9,75.3,71.6,70.3,71.4,70.3,67.5,64.1,60.7,59.9,53.9,50.1,45.4,39.7,34.9,31.4,30.0,28.9,28.0,28.1,28.8,30.1,30.8,32.1,35.9,34.5,35.4,36.1,37.6,38.4,39.4,41.0
07:35:41.000,81.5,47.9,73.9,73.3,68.3,73.6,71.4,74.3,75.9,72.0,71.0,70.2,66.3,64.0,63.1,59.5,56.1,52.4,46.7,42.2,36.9,32.7,30.9,29.6,28.1,28.2,28.6,29.2,30.0,30.5,31.6,35.5,34.2,35.7,36.1,37.1,38.3,39.2,40.9
07:35:42.000,82.9,47.8,74.1,69.3,74.0,75.4,72.2,73.6,68.2,68.4,71.8,67.2,64.2,64.3,62.5,58.5,55.5,51.1,48.0,46.0,38.0,32.7,31.9,30.3,28.8,27.5,28.3,29.5,29.9,30.7,31.7,35.0,33.9,35.8,36.3,37.1,38.2,39.3,41.1
07:35:43.000,83.0,50.3,75.1,72.2,74.0,68.2,69.9,75.2,68.0,70.6,70.8,64.5,66.6,64.7,64.1,60.3,59.0,56.5,50.4,45.7,38.8,35.1,33.0,30.1,29.1,27.7,28.4,29.4,29.6,31.1,32.1,35.6,34.5,35.8,36.3,37.4,38.4,39.4,41.0
07:35:44.000,81.1,47.0,71.5,72.5,66.6,69.7,73.1,70.8,73.9,68.6,70.6,68.7,65.0,63.0,58.9,58.3,57.5,54.3,49.2,42.9,38.6,33.8,32.3,31.3,28.8,27.7,28.5,28.9,29.9,30.8,32.0,35.0,34.1,35.5,36.0,37.1,38.2,39.3,40.9
07:35:45.000,80.1,46.6,71.2,68.6,66.3,67.7,73.3,71.7,68.2,65.5,65.9,64.6,64.8,63.1,57.5,59.4,54.9,50.7,49.0,42.0,36.8,34.0,33.5,31.9,28.6,27.9,27.6,29.6,29.8,30.6,32.1,35.2,34.1,35.8,36.2,37.4,38.4,39.3,41.0
07:35:46.000,81.0,49.7,73.8,73.5,70.9,72.7,70.0,71.1,66.8,67.9,67.8,62.4,64.7,63.0,63.1,60.1,59.2,53.6,50.4,46.7,41.1,37.8,35.6,31.6,28.4,27.7,28.1,28.7,29.9,30.8,31.9,35.1,34.5,35.6,36.1,37.4,38.3,39.3,40.9
07:35:47.000,80.3,49.4,73.6,73.2,72.8,71.0,72.8,66.1,69.7,64.1,70.4,66.1,63.2,62.0,61.8,59.1,57.9,52.7,48.4,43.6,36.7,34.4,34.4,32.3,28.6,28.0,28.7,29.4,29.9,30.9,31.7,34.9,34.2,35.7,36.2,37.3,38.2,39.5,41.1
07:35:48.000,80.7,49.5,73.2,75.1,67.2,69.8,72.0,70.3,66.0,67.1,67.8,66.1,68.7,64.5,62.6,61.1,57.8,56.0,49.9,43.4,36.3,33.4,33.3,31.9,29.1,27.8,27.9,29.0,29.8,30.3,31.7,36.0,34.5,35.5,36.2,37.5,38.6,39.4,41.0
07:35:49.000,80.4,48.4,72.1,73.1,68.2,68.9,68.7,67.8,68.6,67.4,69.6,67.3,65.7,64.2,66.0,62.3,57.2,53.0,49.4,42.6,36.6,32.8,32.9,30.9,28.8,27.9,27.9,29.1,29.9,30.7,31.4,35.6,34.2,35.8,36.2,37.3,38.3,39.3,41.0
07:35:50.000,80.8,50.0,73.0,71.1,67.6,72.8,67.9,68.4,68.6,68.5,64.9,64.0,61.0,60.6,61.8,61.5,57.4,54.4,53.5,48.5,40.2,34.2,32.9,30.2,28.2,28.1,28.1,28.7,29.5,30.6,31.8,35.4,34.5,35.6,36.3,37.5,38.5,39.4,40.9
07:35:51.000,80.1,48.1,72.0,65.9,72.3,71.9,67.0,69.2,69.1,68.1,67.5,66.9,64.4,61.2,62.3,60.3,58.1,54.4,49.7,43.6,38.0,32.4,30.6,28.7,28.3,27.6,27.6,29.0,30.0,30.6,31.7,35.8,34.7,35.8,36.3,37.3,38.3,39.3,41.0
07:35:52.000,80.1,45.7,71.1,68.9,66.7,70.1,68.2,67.8,70.0,69.2,67.0,64.7,64.1,62.4,59.2,58.2,54.8,49.5,44.7,38.6,35.8,31.9,30.5,29.2,28.1,27.6,28.1,29.0,29.9,30.7,31.3,33.9,34.2,35.8,36.2,37.3,38.3,39.3,40.9
07:35:53.000,78.0,44.5,70.3,72.5,69.2,70.6,67.8,65.3,69.1,67.5,66.8,64.1,61.1,61.7,56.8,51.5,48.2,45.9,44.5,39.2,34.3,31.1,29.5,28.9,27.9,27.6,28.4,28.8,29.9,30.4,32.0,35.6,34.6,35.6,36.1,37.5,38.5,39.3,41.0
07:35:54.000,79.1,45.0,71.0,70.8,72.3,70.9,68.3,67.1,65.9,61.1,65.5,65.8,62.2,62.4,59.4,49.4,53.5,48.9,45.7,39.6,35.5,31.6,28.9,28.6,28.2,28.0,28.4,29.0,30.4,30.6,31.6,34.4,34.0,35.6,36.3,37.2,38.3,39.4,41.0
07:35:55.000,80.7,48.5,73.2,69.2,67.3,68.5,65.3,64.0,64.8,62.8,65.9,64.4,65.0,63.7,59.7,59.1,56.1,51.9,50.7,44.4,38.8,33.4,30.3,28.8,27.9,27.5,28.4,28.8,30.0,30.8,31.5,34.5,34.2,35.7,36.1,37.3,38.3,39.4,41.1
07:35:56.000,80.3,48.3,72.7,66.8,69.3,68.9,67.6,69.1,67.2,66.6,69.4,66.9,65.0,64.8,60.0,59.0,58.0,53.9,48.7,41.6,35.7,32.7,29.9,28.1,27.2,27.5,28.7,29.4,30.0,30.9,31.8,35.9,34.4,35.7,36.1,37.5,38.5,39.3,41.0
07:35:57.000,82.1,48.5,73.7,70.4,67.7,67.7,68.2,67.4,68.7,66.7,66.3,66.5,63.2,66.2,63.3,58.7,53.9,53.3,49.6,42.0,38.5,33.6,30.3,28.9,27.3,27.9,28.3,28.8,30.0,30.5,31.5,35.4,34.1,35.8,36.1,37.1,38.3,39.3,40.9
07:35:58.000,78.5,47.4,71.4,65.9,61.9,67.5,71.4,67.8,68.9,67.5,66.7,68.5,66.1,65.3,62.4,59.8,56.7,54.1,48.5,43.5,37.6,33.1,31.6,28.6,27.6,28.1,28.1,29.3,29.9,31.0,31.6,35.8,34.4,36.0,36.1,37.2,38.6,39.4,41.0
07:35:59.000,79.4,47.1,72.8,70.0,67.7,72.9,68.9,70.3,66.6,67.2,66.5,63.7,63.1,62.9,59.6,57.1,54.4,52.0,48.3,41.7,38.8,35.1,32.8,30.1,28.3,28.0,27.9,28.8,29.7,30.7,31.5,35.6,34.4,35.8,36.3,37.1,38.4,39.3,41.0
07:36:00.000,78.6,47.5,72.1,66.3,70.3,74.9,67.9,69.8,69.7,68.8,66.2,68.1,64.8,62.6,58.7,55.6,55.3,53.0,48.8,44.5,38.9,34.9,35.0,32.0,28.8,27.9,28.5,29.1,29.6,30.5,31.7,36.1,34.6,35.6,36.1,37.5,38.5,39.4,41.1
07:36:01.000,79.9,47.9,72.9,71.6,69.9,66.4,68.6,69.1,70.1,63.5,68.2,67.3,65.2,60.4,60.4,58.6,56.5,51.3,49.8,43.1,38.2,35.1,34.1,32.4,28.0,27.6,27.8,28.8,30.1,30.7,31.6,34.8,34.3,35.7,36.1,37.4,38.4,39.3,41.0
07:36:02.000,81.6,47.4,73.5,74.2,70.9,71.3,68.4,65.3,70.0,66.6,67.3,67.0,67.3,65.6,60.3,59.6,54.3,50.2,47.4,40.7,36.8,34.9,33.9,31.8,28.7,28.3,28.3,28.8,30.2,30.8,32.2,35.6,34.5,35.8,36.2,37.5,38.5,39.4,41.0
07:36:03.000,79.1,45.2,72.5,64.7,70.8,65.6,68.4,67.5,69.5,66.5,67.5,68.8,64.8,65.0,59.5,55.8,52.5,47.2,43.2,36.9,36.8,33.7,32.9,30.2,27.9,27.8,27.7,28.7,29.8,30.5,31.3,35.5,34.1,35.5,36.3,37.2,38.4,39.3,41.0
07:36:04.000,80.9,49.1,74.9,64.7,66.9,69.2,69.4,66.8,69.8,67.5,68.8,67.3,67.9,65.1,62.2,58.4,57.7,54.6,50.7,45.3,38.6,34.7,31.0,29.2,27.6,27.8,28.3,28.7,29.6,30.5,31.8,36.2,34.7,35.5,36.2,37.2,38.3,39.3,41.1
07:36:05.000,80.5,47.3,72.9,67.3,66.3,67.1,70.8,70.6,70.2,69.4,70.1,69.8,66.6,64.4,61.2,59.7,54.4,52.3,48.1,42.3,36.7,32.4,30.0,28.3,27.5,27.8,28.6,28.9,29.8,30.8,32.0,34.3,34.5,35.6,36.1,37.4,38.4,39.3,41.1
07:36:06.000,77.6,45.3,71.2,68.1,74.4,66.1,68.6,70.1,67.5,68.4,68.9,67.8,63.7,62.2,58.8,55.7,52.2,50.2,45.8,39.4,37.3,32.5,31.0,28.9,28.3,27.6,28.0,28.7,29.9,30.7,32.0,33.2,34.4,35.5,36.2,37.2,38.4,39.2,41.1
07:36:07.000,78.2,43.8,68.5,64.7,70.4,72.1,70.3,67.2,69.1,66.2,66.9,65.4,61.9,58.2,57.9,54.8,52.0,46.8,43.7,38.3,34.4,31.9,29.9,29.2,28.9,28.6,28.5,29.0,29.9,30.8,31.7,34.2,34.1,35.8,36.0,37.3,38.4,39.4,41.1
07:36:08.000,77.5,43.8,69.3,70.5,69.9,68.2,70.1,68.0,66.7,65.9,64.1,60.9,60.6,59.6,54.6,55.2,52.9,46.4,43.4,38.8,34.6,31.7,29.4,29.7,28.6,28.0,28.5,28.9,30.2,30.8,31.4,33.8,34.3,35.9,36.2,37.4,38.3,39.3,41.0
07:36:09.000,76.5,43.6,68.4,71.8,69.8,66.1,62.3,65.2,64.8,64.9,62.4,62.2,60.8,56.5,54.9,54.1,51.9,48.0,45.5,38.2,34.0,31.3,30.6,29.1,28.4,27.9,28.1,29.3,29.7,30.9,31.8,34.7,34.4,35.8,36.2,37.3,38.4,39.4,41.0
07:36:10.000,78.6,42.1,68.8,69.8,71.6,63.1,64.4,66.0,63.6,64.8,64.2,62.2,59.9,56.1,55.6,52.8,51.4,47.6,42.6,39.0,34.2,31.6,31.8,29.7,28.8,28.1,28.6,28.9,29.6,30.9,31.8,34.3,34.4,35.6,36.1,37.2,38.2,39.2,41.0
07:36:11.000,78.4,43.2,68.5,70.6,69.1,68.7,61.4,66.8,68.4,66.4,63.3,62.3,60.0,54.5,53.3,53.5,49.1,47.8,43.4,38.7,36.2,33.5,31.0,29.9,28.1,28.0,28.4,28.7,29.6,31.0,31.9,34.9,34.7,35.7,36.1,37.4,38.4,39.3,41.1
07:36:12.000,79.4,44.8,69.9,66.5,68.2,70.1,62.5,66.0,62.7,62.8,63.7,62.7,59.9,59.4,55.9,54.6,51.7,48.4,47.3,42.2,36.9,34.3,31.4,29.4,28.7,28.0,28.6,29.2,29.4,30.6,31.2,34.2,34.4,35.5,36.1,37.2,38.4,39.4,40.9
07:36:13.000,76.8,44.1,68.5,67.0,65.1,73.0,67.8,65.8,68.9,64.3,63.4,62.5,61.0,58.3,55.7,55.8,53.0,48.9,46.0,41.6,37.1,34.2,32.0,29.2,29.0,28.7,29.1,28.7,30.0,30.8,31.9,34.5,34.7,35.7,36.2,37.4,38.5,39.3,41.0
07:36:14.000,78.9,44.4,68.8,70.3,67.3,71.8,65.2,67.2,67.5,64.0,62.7,59.9,60.6,60.4,57.4,55.3,51.8,47.5,42.9,38.9,35.8,33.9,32.4,30.1,28.9,28.2,28.4,29.2,30.2,30.5,31.7,33.8,33.9,35.6,36.2,37.4,38.3,39.3,41.0
07:36:15.000,77.2,44.7,70.0,67.1,70.3,73.4,67.6,66.3,66.4,62.7,61.2,60.6,63.6,59.5,57.1,55.1,53.6,48.8,42.2,38.1,35.0,34.6,32.8,30.8,28.7,27.9,28.2,28.9,29.8,30.6,31.5,34.0,34.1,35.6,36.1,37.2,38.3,39.3,41.0
07:36:16.000,76.5,41.9,66.9,72.2,67.6,67.8,67.1,66.0,65.1,65.9,62.8,63.1,63.0,60.0,57.5,55.6,48.3,43.1,40.8,36.6,34.7,32.8,31.9,30.5,28.9,28.0,28.4,29.5,30.2,30.8,31.8,34.7,34.3,35.4,36.0,37.5,38.5,39.5,41.0
