AMBIENT,59.0,51.8,55.3,44.9,44.5,41.0,45.2,46.3,43.5,44.0,43.4,47.8,44.3,42.9,49.0,41.9,39.4,38.9,36.9,36.2,35.1,35.6,38.0,39.9,40.0,40.2,41.8,41.2,36.7,36.7,37.4,38.4,39.3,40.3,41.2,42.3,43.2,44.3,45.3
12:19:51.452,59.4,54.7,56.5,45.1,44.5,41.5,45.5,44.8,41.9,43.6,41.3,46.2,40.8,43.1,48.5,42.6,39.3,37.8,36.7,36.5,34.4,32.9,36.3,40.9,42.9,41.9,46.1,48.5,43.1,37.0,37.6,38.3,39.5,40.3,41.1,42.3,43.2,44.4,45.3
12:19:52.452,60.1,56.4,57.3,48.9,45.2,42.9,44.9,42.1,38.4,36.2,44.5,42.2,41.2,40.7,46.6,41.4,37.8,36.9,37.1,36.0,33.8,35.3,37.6,45.6,45.7,46.3,49.4,50.9,48.1,37.6,37.7,38.7,39.4,40.6,41.2,42.2,43.5,44.2,45.3
12:19:53.452,59.2,51.1,54.6,44.5,42.1,41.6,45.7,44.4,42.1,45.0,42.2,46.2,44.2,42.8,45.5,40.5,40.2,37.0,35.3,36.4,34.9,34.3,35.9,35.9,38.3,36.4,38.1,40.5,36.7,36.5,37.5,38.2,39.6,40.4,41.2,42.2,43.2,44.2,45.3
12:19:54.452,60.7,56.6,57.8,46.3,47.5,43.6,43.6,46.8,44.7,46.0,43.3,44.9,42.3,43.1,47.0,40.8,37.7,39.0,38.1,37.2,36.8,37.0,40.1,44.8,44.8,43.6,49.9,49.6,44.7,37.5,37.1,38.4,39.4,40.2,41.2,42.3,43.3,44.4,45.3
12:19:55.452,60.0,55.8,57.1,44.2,44.1,42.1,44.9,47.7,42.4,42.3,44.8,49.2,42.6,43.6,48.6,38.1,38.4,39.1,38.0,36.6,34.0,34.4,40.1,44.7,44.9,46.4,49.5,50.1,46.6,38.3,37.8,38.2,39.6,40.4,41.3,42.3,43.4,44.3,45.3
12:19:56.452,61.7,57.1,58.1,48.9,47.7,45.9,43.6,48.6,42.7,44.0,44.4,49.4,41.2,42.5,48.8,42.0,38.8,40.7,36.3,36.5,35.0,36.1,39.8,46.4,46.7,45.3,51.8,51.3,45.6,38.6,37.3,38.6,39.3,40.0,41.3,42.2,43.3,44.2,45.3
12:19:57.452,60.9,56.7,57.8,49.9,45.6,41.9,46.6,47.2,41.7,45.6,40.5,47.0,43.8,41.4,48.4,39.9,39.2,37.8,36.2,35.9,33.3,33.7,37.7,44.5,45.1,43.8,52.2,49.1,45.9,38.8,37.9,38.4,39.5,40.1,41.3,42.2,43.3,44.3,45.3
12:19:58.452,61.7,58.4,58.9,47.2,44.2,44.7,45.5,45.8,38.5,42.2,45.3,43.2,41.3,43.4,48.8,40.8,38.4,35.4,36.5,36.3,35.6,33.6,40.7,48.8,47.4,48.5,53.3,52.5,50.2,39.5,38.0,39.0,39.8,40.2,41.3,42.3,43.2,44.2,45.2
12:19:59.452,62.6,59.9,60.3,48.5,45.5,48.0,48.5,49.2,43.0,42.5,45.7,49.7,41.7,43.1,48.8,41.7,38.3,38.1,37.0,37.9,36.1,37.3,39.5,48.6,50.8,48.1,53.3,56.6,49.2,39.4,38.1,39.3,39.9,40.1,41.3,42.1,43.4,44.3,45.2
12:20:00.452,62.2,58.8,60.8,42.5,43.3,41.5,47.8,48.7,45.8,43.2,43.4,48.8,42.8,43.5,49.9,44.0,39.4,44.0,43.6,45.6,47.8,54.4,54.0,53.4,45.2,44.7,50.5,48.8,46.6,38.0,38.1,38.6,39.5,40.3,41.3,42.4,43.1,44.4,45.2
12:20:01.452,62.3,59.6,59.9,48.9,47.1,39.7,43.9,47.0,45.1,46.9,43.3,47.4,40.7,43.1,49.2,41.4,37.8,36.6,37.7,35.6,34.8,34.0,39.7,47.5,46.5,47.6,52.6,52.8,47.8,38.7,38.7,38.5,39.5,40.4,41.2,42.3,43.1,44.2,45.3
12:20:02.452,61.0,56.0,57.0,47.4,45.0,38.9,40.8,44.6,44.5,44.4,40.7,44.3,43.8,42.6,45.6,39.5,39.2,36.7,36.1,36.8,34.0,34.7,36.9,42.1,41.0,40.4,48.6,46.3,43.8,37.7,37.7,38.2,39.0,40.2,41.1,42.3,43.2,44.3,45.3
12:20:03.452,61.6,56.3,57.5,49.3,44.6,41.0,44.6,44.3,41.2,44.7,42.3,47.6,43.0,44.3,49.4,40.6,39.5,36.5,35.7,34.0,33.5,32.9,35.5,44.3,44.5,43.0,49.7,47.9,42.7,37.4,37.4,38.3,39.2,40.2,41.3,42.2,43.4,44.4,45.4
12:20:04.452,63.2,58.4,58.9,48.0,47.6,46.2,44.5,47.3,43.8,45.5,46.0,44.4,40.0,41.1,49.0,38.8,36.9,35.5,35.9,34.4,33.4,32.5,39.7,47.7,47.9,46.3,51.7,51.6,47.4,38.9,38.3,38.7,39.4,40.2,41.3,42.2,43.2,44.3,45.2
12:20:05.452,87.5,65.8,75.0,82.6,77.4,74.6,76.7,72.9,62.2,60.2,58.5,53.7,59.1,60.4,57.8,66.1,65.2,70.9,61.6,60.3,68.7,63.2,63.1,61.4,56.2,50.4,53.9,47.3,45.6,39.5,38.3,38.9,39.6,40.4,41.4,42.4,43.3,44.3,45.2
12:20:06.452,88.0,60.0,74.7,68.5,72.1,74.2,74.5,72.5,68.7,68.0,59.9,60.4,58.9,58.3,52.8,59.3,56.8,58.0,55.9,56.9,55.3,55.4,53.9,54.7,51.6,47.2,49.5,44.1,38.3,36.7,37.7,38.3,39.3,40.2,41.3,42.2,43.1,44.3,45.4
12:20:07.452,94.5,65.6,85.3,84.4,87.4,86.9,85.7,88.4,78.8,77.6,75.1,76.0,77.0,74.8,71.4,72.3,69.6,63.3,60.2,60.4,58.5,60.3,57.7,59.9,57.2,49.6,44.7,40.6,36.9,36.9,37.7,38.4,39.3,40.5,41.4,42.3,43.3,44.3,45.3
12:20:08.452,95.2,74.6,87.7,87.5,85.9,83.0,85.1,85.1,81.9,79.1,74.9,78.7,80.4,77.7,72.8,77.1,74.5,70.8,69.1,72.2,69.0,71.5,70.1,69.7,65.6,59.7,51.4,40.8,35.4,36.3,37.5,38.2,39.2,40.3,41.4,42.3,43.2,44.4,45.2
12:20:09.452,97.1,81.8,91.5,86.4,86.2,79.9,87.8,93.2,82.5,77.9,76.5,79.4,80.5,78.8,77.4,78.2,81.1,79.6,79.3,81.1,80.8,79.4,76.3,75.0,72.1,68.7,59.8,49.9,39.3,37.1,37.8,38.3,39.6,40.2,41.4,42.3,43.3,44.3,45.3
12:20:10.452,98.9,85.8,96.3,81.0,84.1,86.4,87.1,89.0,85.4,84.9,83.3,82.1,81.4,87.1,84.8,85.5,89.4,87.6,86.3,85.1,83.5,83.8,79.9,78.4,75.0,72.3,65.4,56.2,45.2,38.2,37.2,38.1,39.2,40.4,41.1,42.2,43.1,44.4,45.2
12:20:11.452,103.1,88.3,100.6,82.3,82.7,88.5,93.0,92.5,89.8,91.9,86.8,88.3,89.2,90.1,89.3,92.0,93.8,93.0,87.3,87.1,85.9,86.6,81.2,79.4,77.5,73.4,67.3,59.0,50.3,42.8,39.0,38.7,39.5,40.2,41.2,42.4,43.2,44.1,45.4
12:20:12.452,106.1,89.7,103.1,93.4,95.1,92.6,96.5,94.1,94.5,90.8,91.7,90.4,93.8,93.2,93.5,96.3,94.0,94.2,87.7,88.7,87.4,87.0,82.0,79.8,78.4,71.3,66.1,59.9,52.2,45.1,39.9,38.7,39.4,40.2,41.2,42.4,43.2,44.2,45.3
12:20:13.452,107.0,90.2,104.1,89.9,90.7,94.1,99.0,95.9,94.6,94.5,92.9,93.3,95.5,94.1,96.2,96.1,95.4,95.6,91.8,90.3,89.2,85.4,81.0,80.2,78.5,71.7,65.9,60.8,52.4,44.2,39.4,39.0,39.4,40.3,41.3,42.3,43.2,44.4,45.2
12:20:14.452,107.5,91.6,104.8,91.7,93.7,95.5,92.1,95.4,94.6,93.9,92.2,92.8,96.0,96.0,94.5,97.0,96.6,95.9,91.5,91.8,88.7,86.4,84.5,83.8,80.6,75.5,69.7,63.0,54.8,47.2,40.8,39.1,39.3,40.4,41.2,42.4,43.2,44.3,45.4
12:20:15.452,107.8,93.8,106.2,83.9,88.4,92.7,92.8,93.4,93.2,92.7,95.4,96.2,94.9,96.6,99.0,98.1,96.2,96.1,93.6,92.7,89.4,88.1,87.5,88.2,85.5,80.7,74.8,67.9,59.2,49.6,42.3,38.9,39.4,40.5,41.3,42.3,43.3,44.3,45.3
12:20:16.452,110.7,95.0,109.3,88.1,87.2,83.7,88.9,94.1,97.7,100.2,97.8,100.2,101.0,97.2,101.5,101.6,100.1,96.8,93.7,91.7,89.6,88.2,88.4,88.8,86.8,82.7,76.6,70.4,61.5,51.6,44.0,39.5,39.3,40.4,41.3,42.2,43.3,44.3,45.4
12:20:17.452,113.8,100.4,112.7,83.8,86.3,89.4,92.1,92.2,96.7,100.6,102.3,105.0,103.1,101.4,104.4,104.3,101.5,102.8,101.2,100.3,97.8,97.2,93.2,92.2,90.9,87.2,82.7,78.3,71.2,63.0,57.8,53.7,50.0,46.4,44.0,43.1,43.5,44.3,45.3
12:20:18.452,114.1,101.1,113.1,88.1,89.8,87.7,92.7,97.3,95.9,98.0,102.5,103.4,102.8,103.1,104.5,104.4,101.6,102.8,101.5,99.6,97.6,97.5,93.1,91.4,90.0,85.3,79.5,75.6,68.7,62.8,56.6,51.3,47.3,43.7,43.1,42.7,43.4,44.4,45.4
12:20:19.452,114.9,101.3,113.9,88.3,89.3,92.6,92.8,96.7,100.3,103.0,104.2,102.1,104.3,106.1,105.7,105.4,101.9,102.8,101.3,99.7,97.9,97.3,94.6,94.5,92.1,88.6,82.3,79.1,73.6,65.9,62.4,56.4,52.2,47.8,44.7,42.7,43.5,44.3,45.3
12:20:20.452,117.0,103.2,116.1,88.9,94.5,95.3,99.5,100.8,100.5,96.2,103.9,103.5,107.7,105.4,105.8,108.9,106.4,104.2,103.9,102.6,99.2,99.3,96.5,94.8,91.6,88.6,85.3,81.6,76.2,70.6,64.9,55.5,49.3,45.4,42.7,42.6,43.3,44.4,45.4
12:20:21.452,115.5,101.3,114.3,86.0,91.7,92.4,97.0,97.8,101.7,105.8,105.5,103.7,106.6,104.2,104.8,107.8,106.1,105.6,102.1,100.4,97.6,95.9,94.4,93.9,92.3,87.5,85.7,81.9,76.1,69.6,62.8,54.2,47.2,43.8,42.8,42.5,43.4,44.3,45.3
12:20:22.452,108.5,92.0,106.7,89.3,90.7,90.4,94.4,93.7,95.6,95.0,99.9,95.4,94.7,94.3,97.6,95.8,95.9,95.2,90.8,90.8,88.3,85.3,84.1,80.8,79.5,75.5,70.4,65.6,59.3,54.7,47.5,42.9,41.1,41.6,42.4,42.6,43.3,44.2,45.3
12:20:23.452,105.5,90.4,103.5,85.1,87.3,91.1,90.9,93.8,92.5,92.0,94.0,95.7,94.1,94.6,93.5,92.7,91.7,91.4,91.4,88.5,87.1,86.2,85.9,80.2,78.8,75.6,69.0,63.4,57.4,48.3,41.6,39.8,39.5,40.7,41.5,42.4,43.3,44.3,45.4
12:20:24.452,108.3,93.7,107.3,80.4,84.1,86.5,90.1,88.2,92.1,91.7,94.7,95.3,97.9,99.3,98.5,98.2,98.2,96.1,92.9,90.8,91.2,92.0,87.3,82.2,82.8,77.6,74.7,72.1,68.7,59.3,50.4,41.0,39.6,40.2,41.4,42.3,43.4,44.3,45.3
12:20:25.452,110.7,94.6,109.6,85.9,86.1,84.3,87.3,93.5,89.5,92.6,98.0,101.7,103.5,99.3,102.2,101.3,97.7,99.4,97.5,92.8,91.5,90.8,85.2,84.5,82.9,78.3,75.2,73.9,68.9,59.9,50.9,42.8,40.0,40.4,41.2,42.2,43.3,44.3,45.3
12:20:26.452,112.3,97.4,110.7,83.4,85.6,90.1,90.5,91.4,99.4,100.4,104.9,103.7,102.6,103.3,101.7,99.5,100.1,99.5,98.3,97.4,94.7,94.3,91.1,90.6,89.1,85.0,80.6,78.3,74.1,67.9,63.8,57.9,53.2,45.7,41.8,42.2,43.2,44.1,45.3
12:20:27.452,111.9,95.4,110.4,83.8,85.0,88.2,89.8,93.6,96.2,102.3,100.9,102.5,104.5,102.9,100.4,99.7,98.6,96.7,94.4,94.3,92.2,91.5,87.8,86.5,83.6,80.7,77.3,76.1,72.2,68.9,63.7,58.2,52.6,46.9,43.4,42.4,43.2,44.2,45.2
12:20:28.452,114.0,99.2,112.5,86.2,84.5,83.2,89.1,97.7,101.1,106.2,101.6,101.2,104.0,104.5,102.7,99.9,100.6,100.9,99.0,98.4,96.5,94.2,91.5,90.8,88.1,85.5,82.5,82.0,78.0,74.3,68.3,65.3,59.8,53.5,46.6,43.0,43.2,44.3,45.4
12:20:29.452,115.7,101.1,114.0,80.3,85.8,90.9,93.6,95.3,103.3,105.5,107.1,107.4,108.5,103.2,104.2,102.8,101.4,101.4,99.7,100.0,97.7,96.3,95.2,94.1,91.6,88.7,87.0,86.8,82.4,77.8,71.4,69.5,64.4,60.5,53.9,46.4,43.5,44.1,45.3
12:20:30.452,115.5,99.3,114.0,85.4,89.3,92.0,97.6,95.3,97.3,101.1,104.9,108.0,106.9,105.5,102.0,104.2,102.6,100.6,98.6,97.7,93.6,94.1,92.9,90.4,87.1,83.0,81.5,79.3,78.2,72.3,67.1,64.3,58.6,52.7,45.8,42.8,43.1,44.3,45.3
12:20:31.452,116.5,99.6,114.9,84.4,89.2,89.6,92.2,102.5,104.2,105.5,105.6,111.6,106.4,105.0,104.8,106.2,104.1,103.2,101.6,97.6,94.2,95.6,92.1,89.8,87.6,85.0,81.7,79.6,76.4,69.4,63.6,58.8,52.5,46.2,42.4,42.5,43.4,44.4,45.3
12:20:32.452,114.1,96.9,111.6,83.6,84.1,92.0,93.1,96.0,102.0,106.1,106.5,106.0,103.8,101.1,100.0,100.7,99.4,96.6,93.7,94.7,92.1,92.9,89.1,88.6,86.9,85.7,83.7,82.8,79.5,73.0,68.0,63.2,57.6,49.5,42.5,42.4,43.2,44.4,45.3
12:20:33.452,116.7,101.7,114.4,92.9,96.8,95.5,99.8,102.7,106.6,106.2,108.6,107.8,105.0,105.7,104.3,103.0,103.8,102.5,101.5,100.0,98.5,98.5,96.6,95.8,93.8,92.3,90.0,89.0,84.3,80.2,78.7,75.5,70.7,64.3,54.9,47.1,44.7,44.3,45.4
12:20:34.452,116.3,98.0,113.7,93.3,96.4,99.1,96.4,99.8,105.9,109.7,105.4,108.1,104.8,104.9,104.2,102.0,101.7,101.3,98.6,94.5,94.7,94.7,91.2,89.0,85.0,81.6,79.9,79.4,75.5,72.0,67.5,64.3,57.6,49.6,43.2,42.4,43.3,44.3,45.2
12:20:35.452,117.2,100.5,114.7,92.1,95.0,101.1,99.2,105.0,106.4,110.0,107.7,108.6,106.4,105.1,104.1,103.1,104.5,103.5,102.2,100.0,98.3,95.1,93.3,93.3,91.7,87.4,86.6,85.1,79.4,78.5,74.3,72.4,66.5,59.8,52.1,45.1,43.3,44.3,45.3
12:20:36.452,117.3,98.1,114.7,93.5,94.6,91.5,101.2,107.1,102.3,108.8,112.8,106.5,105.7,105.2,103.5,104.7,103.9,100.1,99.1,95.8,94.8,93.3,90.9,89.0,87.5,84.7,83.8,82.2,77.0,75.3,70.3,68.7,61.9,54.3,45.8,42.5,43.3,44.2,45.3
12:20:37.452,117.7,94.8,113.5,95.5,100.7,106.1,104.8,108.6,110.2,109.1,108.3,102.4,102.9,104.0,102.5,100.5,99.9,97.8,95.7,93.0,89.3,85.7,83.4,85.2,81.4,80.0,77.9,73.6,67.9,63.8,57.1,51.5,43.6,40.7,41.5,42.3,43.3,44.2,45.4
12:20:38.452,117.1,101.8,114.2,95.6,99.1,102.4,104.0,108.1,106.9,108.6,105.5,108.2,104.8,105.1,101.5,104.4,102.0,101.5,99.8,100.2,98.8,97.3,95.8,95.3,94.0,91.3,91.2,89.7,87.7,85.2,83.1,82.1,77.8,73.9,66.8,60.2,51.9,46.3,45.6
12:20:39.452,116.2,95.1,112.5,96.9,101.3,105.2,108.1,110.4,107.2,104.8,105.0,105.2,105.6,103.1,103.6,102.0,100.3,96.3,96.5,95.2,90.1,87.1,84.3,84.7,81.9,77.5,75.4,71.5,66.7,61.4,54.9,48.5,41.8,40.6,41.2,42.1,43.3,44.2,45.3
12:20:40.452,116.0,97.4,112.4,93.4,97.4,98.8,107.1,110.5,106.2,102.8,106.4,103.9,104.3,102.4,102.8,103.4,99.8,98.9,99.0,97.3,94.9,92.2,90.4,89.0,86.8,84.2,82.6,80.5,77.4,74.5,71.4,68.6,63.5,59.1,50.4,44.5,43.6,44.4,45.2
12:20:41.452,116.0,97.9,112.5,95.0,100.2,105.2,106.9,105.7,106.4,103.7,104.5,105.7,103.2,101.8,102.1,102.5,100.6,99.0,98.1,94.5,92.9,90.5,90.3,90.8,88.6,86.5,85.8,83.4,79.9,77.0,75.2,71.4,64.6,59.3,48.8,42.9,43.3,44.2,45.3
12:20:42.452,115.2,95.0,110.8,99.1,100.4,101.2,104.6,105.2,103.0,105.5,103.3,101.7,102.7,103.3,101.1,100.1,97.3,96.4,94.9,93.5,93.3,89.1,87.0,85.7,83.3,81.1,77.3,73.0,68.4,63.5,57.5,50.0,44.0,41.1,41.1,42.1,43.2,44.3,45.3
12:20:43.452,113.7,94.4,109.3,98.0,100.1,102.8,102.9,102.5,103.6,101.2,104.8,98.9,100.0,100.7,99.6,99.7,97.9,95.1,95.0,93.7,90.2,87.5,86.8,87.1,85.0,84.2,82.1,79.8,75.8,71.2,67.5,62.9,54.9,47.6,42.5,42.4,43.3,44.2,45.2
12:20:44.452,113.5,93.2,109.8,95.7,100.2,99.7,101.0,103.5,104.2,103.9,103.3,100.2,100.4,100.2,99.7,100.4,96.0,97.1,95.6,91.8,89.5,85.5,80.0,81.3,82.1,79.2,76.1,74.2,69.7,64.8,61.2,54.6,45.2,40.7,41.6,42.2,43.1,44.4,45.3
12:20:45.452,113.3,92.4,109.5,95.0,93.8,102.6,103.5,101.9,105.1,102.8,104.4,101.3,100.1,100.7,99.2,98.9,97.3,96.6,93.3,89.3,86.0,84.4,84.8,85.1,83.0,80.5,74.7,71.7,66.1,60.1,55.2,48.4,44.1,41.7,42.1,42.6,43.3,44.3,45.2
12:20:46.452,113.2,96.5,110.3,101.7,102.7,98.4,100.3,97.7,98.8,104.3,102.0,102.4,101.3,101.8,101.0,100.6,98.7,99.5,97.9,95.1,93.0,92.2,90.8,89.6,86.4,84.2,81.4,79.0,75.6,72.0,69.5,63.6,59.3,52.2,46.9,43.2,43.3,44.3,45.2
12:20:47.452,111.5,92.5,108.7,92.5,95.2,98.8,100.3,99.8,102.1,95.5,97.3,101.2,101.9,101.5,101.0,98.3,97.0,96.4,94.4,91.7,90.3,88.3,86.9,85.4,82.2,78.4,74.3,71.1,64.9,61.0,57.7,48.6,41.2,40.6,41.4,42.3,43.3,44.3,45.3
12:20:48.452,109.3,91.4,106.8,89.0,89.9,91.6,95.5,99.9,94.7,99.5,99.3,99.6,99.2,96.5,99.4,94.9,94.4,94.6,93.1,93.3,89.9,86.4,84.3,81.6,78.4,76.2,72.9,68.7,65.2,61.5,56.7,48.5,42.0,40.2,41.2,42.2,43.2,44.2,45.4
12:20:49.452,108.6,89.6,105.9,89.9,95.0,97.4,98.5,95.3,97.5,100.3,97.9,97.4,97.3,96.1,99.5,95.1,94.4,93.1,91.5,89.2,86.2,84.4,83.2,80.7,75.4,72.1,68.1,64.5,58.2,51.9,45.6,40.4,39.6,40.3,41.5,42.3,43.4,44.2,45.3
12:20:50.452,108.7,87.9,105.6,90.5,97.8,96.4,94.6,97.5,96.6,97.7,101.1,98.5,97.0,99.1,95.2,93.8,92.3,92.9,90.4,86.9,84.2,81.6,78.8,76.0,73.7,72.7,68.7,65.7,60.2,55.1,48.4,41.5,39.6,40.3,41.3,42.2,43.2,44.2,45.4
12:20:51.452,108.8,88.1,105.6,93.7,94.7,97.6,98.7,95.8,97.2,99.1,98.8,98.2,99.9,96.7,96.9,94.2,93.8,92.1,90.4,86.6,83.8,82.5,79.2,80.4,78.5,73.8,68.8,63.3,55.4,49.0,42.4,38.4,39.3,40.3,41.3,42.3,43.3,44.3,45.3
12:20:52.452,108.7,88.0,105.4,90.9,89.7,95.6,97.6,97.4,99.2,97.3,96.7,101.6,95.7,96.5,96.5,92.5,92.5,90.4,90.0,88.1,85.2,81.8,79.7,77.3,73.3,69.1,65.6,60.5,54.3,47.8,40.6,38.4,39.3,40.1,41.3,42.2,43.3,44.2,45.3
12:20:53.452,108.0,87.0,104.7,95.3,93.9,89.7,92.9,97.5,94.8,94.3,95.8,97.7,97.0,95.9,92.5,92.4,91.9,91.0,89.8,86.8,82.8,79.0,76.7,72.6,66.6,60.3,53.8,48.4,43.2,38.2,37.6,38.5,39.1,40.2,41.3,42.4,43.4,44.3,45.4
12:20:54.452,108.1,86.5,105.1,90.6,96.5,98.4,96.3,94.4,94.2,96.8,98.0,96.5,99.9,96.3,94.6,93.9,94.9,89.0,88.6,86.0,82.9,80.1,78.2,76.1,71.8,66.9,60.5,52.7,44.9,38.5,37.2,38.3,39.3,40.2,41.2,42.3,43.2,44.2,45.4
12:20:55.452,107.7,86.1,103.9,91.7,97.6,98.0,94.3,91.5,95.2,98.1,100.0,97.3,95.9,94.6,94.4,92.6,91.5,89.6,88.7,86.1,84.1,81.1,78.9,75.9,71.2,66.3,62.2,57.6,51.8,45.7,39.2,38.3,39.6,40.4,41.2,42.4,43.2,44.3,45.3
12:20:56.452,106.6,84.5,103.0,92.0,93.2,95.6,95.6,93.5,96.7,95.6,95.1,96.2,95.6,95.3,93.3,93.2,91.5,89.1,88.9,83.6,79.2,77.4,75.1,71.6,69.0,65.1,61.3,56.3,50.5,44.9,38.5,38.5,39.3,40.2,41.3,42.3,43.3,44.2,45.4
12:20:57.452,106.7,85.2,103.7,87.5,92.3,94.4,92.4,95.4,94.2,92.5,96.8,98.2,96.0,94.8,94.7,90.8,91.9,89.1,89.6,84.8,79.9,77.2,75.3,72.7,68.3,63.9,59.4,51.6,42.5,37.6,37.2,38.2,39.2,40.1,41.2,42.3,43.3,44.3,45.2
12:20:58.452,105.8,83.4,102.5,90.3,93.1,89.1,89.1,94.6,95.2,97.8,97.5,95.8,96.1,94.6,92.9,91.6,91.4,87.7,87.5,83.0,80.4,78.1,75.6,73.5,67.1,61.2,54.0,45.2,37.7,36.8,37.4,38.5,39.6,40.4,41.6,42.3,43.2,44.2,45.3
12:20:59.452,106.4,80.7,102.2,89.6,91.5,99.1,97.5,90.5,94.7,94.0,98.8,97.6,94.5,93.7,90.3,89.6,89.0,86.1,84.2,81.3,74.7,71.9,68.4,64.4,58.4,51.5,46.2,43.2,36.2,36.2,37.3,38.1,39.4,40.4,41.2,42.3,43.1,44.2,45.2
12:21:00.452,106.1,80.6,101.6,94.4,93.6,95.1,95.3,93.0,96.0,95.5,94.3,97.4,94.0,93.7,92.7,89.9,87.9,85.0,84.0,81.3,76.0,71.8,68.3,64.5,58.0,51.7,47.6,43.0,37.9,37.1,37.3,38.1,39.3,40.5,41.5,42.5,43.4,44.3,45.3
12:21:01.452,105.1,79.9,100.2,90.7,93.4,96.7,96.9,97.1,95.3,92.1,94.8,92.7,92.0,93.3,89.3,90.1,87.4,85.6,82.5,81.0,76.7,72.5,67.6,63.1,56.3,49.6,45.2,42.1,38.5,37.5,37.5,38.3,39.4,40.4,41.4,42.2,43.3,44.2,45.3
12:21:02.452,105.5,79.9,100.6,96.8,97.6,93.8,88.8,93.9,94.2,98.0,95.0,93.5,90.7,92.5,89.5,89.9,86.1,86.1,84.2,80.4,75.0,72.0,66.7,63.6,55.3,49.1,43.7,44.3,39.5,37.3,38.0,38.5,39.3,40.4,41.1,42.2,43.4,44.2,45.4
12:21:03.452,103.8,78.6,99.4,91.7,88.5,88.6,92.3,87.9,95.2,94.4,93.1,91.5,93.8,89.2,87.8,84.9,84.9,84.5,83.9,76.7,71.3,68.2,62.6,58.4,51.1,46.7,45.0,44.3,40.0,37.5,37.6,38.2,39.2,40.3,41.4,42.4,43.2,44.2,45.3
12:21:04.452,104.0,76.6,98.7,90.0,93.7,96.2,91.7,87.0,95.4,94.4,88.2,92.1,91.7,87.8,87.4,86.6,87.0,81.5,81.0,74.8,68.8,65.4,61.4,55.9,49.4,45.0,45.9,43.3,36.9,36.7,37.6,38.5,39.3,40.4,41.3,42.1,43.1,44.2,45.2
12:21:05.452,103.7,75.9,98.5,86.1,90.6,91.5,90.6,94.6,91.0,93.0,89.7,90.6,91.1,88.9,87.8,87.4,84.7,80.4,77.3,72.6,67.6,63.5,56.6,53.2,48.5,45.6,47.8,47.6,38.1,36.8,36.9,38.3,39.3,40.3,41.3,42.3,43.3,44.4,45.3
12:21:06.452,105.7,75.7,99.5,92.7,98.9,96.9,94.2,90.4,91.9,95.6,95.1,94.7,91.7,90.8,87.4,87.9,83.0,81.7,78.2,73.3,69.9,65.8,61.2,55.0,48.8,45.2,46.3,45.2,38.5,36.5,37.1,38.5,39.5,40.3,41.3,42.3,43.3,44.2,45.3
12:21:07.452,105.4,75.1,100.0,92.2,93.9,95.1,94.5,93.7,91.1,95.3,97.7,93.8,90.8,89.4,89.1,87.5,84.9,78.2,75.7,72.7,68.1,61.4,56.2,53.3,47.9,43.8,45.9,43.6,36.8,36.4,37.4,38.6,39.2,40.0,41.2,42.4,43.2,44.3,45.2
12:21:08.452,106.2,75.3,98.2,97.3,93.4,90.6,96.4,95.2,93.9,95.8,88.2,90.6,90.5,88.9,86.2,86.4,84.2,83.0,78.7,72.9,66.8,63.5,57.4,52.0,46.7,45.4,47.1,46.0,40.6,36.8,37.5,38.4,39.3,40.4,41.3,42.2,43.2,44.3,45.3
12:21:09.452,107.4,77.4,100.0,95.5,96.4,100.1,99.7,98.0,96.6,95.6,93.7,92.2,92.5,88.2,85.9,87.3,84.0,83.7,82.0,76.4,73.8,69.6,65.5,58.3,48.3,44.3,48.5,43.7,38.8,36.5,37.3,38.1,39.3,40.4,41.1,42.2,43.3,44.3,45.3
12:21:10.452,104.6,75.9,98.4,87.7,87.2,92.7,92.5,90.2,93.9,93.5,94.1,92.6,90.2,88.2,86.7,85.8,84.3,81.9,78.3,75.4,71.1,66.8,60.9,54.8,46.5,44.2,46.7,44.2,37.8,36.6,37.3,38.0,39.3,40.3,41.2,42.2,43.4,44.3,45.3
12:21:11.452,104.3,76.7,98.0,91.1,92.6,91.7,97.0,95.9,92.2,91.0,92.2,93.3,91.5,88.1,89.1,87.1,85.7,83.4,80.1,76.0,72.8,69.9,65.3,60.2,53.8,48.0,48.1,45.4,38.5,36.7,37.2,38.3,39.2,40.0,41.5,42.2,43.5,44.2,45.2
12:21:12.452,103.8,74.0,97.1,90.6,88.7,93.7,92.1,92.5,93.3,89.4,87.4,93.4,90.6,87.5,85.2,84.6,81.2,78.5,78.3,71.9,67.1,63.8,56.5,48.5,46.5,45.7,46.3,44.4,40.4,36.8,37.6,38.2,39.4,40.2,41.4,42.3,43.3,44.3,45.3
12:21:13.452,103.6,72.7,96.4,95.2,92.2,88.9,93.9,91.1,89.6,87.0,92.0,90.2,88.2,84.6,84.6,84.1,81.4,77.5,73.5,67.4,61.5,57.6,52.1,47.1,44.6,42.5,44.5,43.9,37.6,37.0,37.3,38.2,39.2,40.3,41.2,42.3,43.4,44.2,45.3
12:21:14.452,102.1,72.4,96.2,87.8,87.6,87.6,88.3,92.0,89.8,84.2,92.4,90.8,89.1,88.4,85.3,85.5,82.1,78.2,72.9,66.8,60.7,57.2,51.5,48.3,45.6,44.1,46.1,42.8,38.2,37.2,37.3,38.2,39.5,40.3,41.4,42.2,43.3,44.3,45.4
12:21:15.452,103.5,71.6,96.4,93.8,93.1,89.5,86.8,92.1,91.7,90.6,90.8,87.2,88.5,84.5,86.8,83.3,79.4,76.3,72.8,66.7,60.2,55.1,52.0,49.8,47.6,45.4,46.4,44.0,40.4,37.3,37.6,38.1,39.3,40.3,41.4,42.2,43.1,44.3,45.2
12:21:16.452,102.4,70.9,95.4,90.7,91.0,92.3,92.7,89.7,88.0,93.0,88.6,88.4,86.1,85.7,83.2,83.6,79.1,76.2,73.1,67.8,61.9,56.3,49.4,47.7,45.7,45.8,47.8,47.1,41.9,39.8,39.8,38.8,39.4,40.4,41.5,42.4,43.2,44.2,45.2
12:21:17.452,101.2,70.1,94.2,86.7,83.2,85.6,89.0,89.7,90.5,86.6,87.5,87.5,86.3,82.8,81.2,81.8,80.3,74.7,71.3,67.2,61.7,53.7,55.6,50.5,47.6,46.3,47.7,47.7,46.5,46.6,47.5,45.8,41.6,41.2,42.3,42.9,43.5,44.4,45.4
12:21:18.452,101.5,70.4,94.8,89.2,91.0,90.2,90.4,87.2,86.0,88.9,91.2,89.0,86.0,83.0,82.5,83.6,79.3,75.3,73.4,67.7,63.6,57.2,49.7,47.5,45.8,45.7,46.2,46.4,48.3,49.6,50.6,51.6,50.0,46.6,45.4,44.5,44.5,44.6,45.4
12:21:19.452,101.3,68.5,93.6,89.3,92.5,93.5,90.2,91.9,85.2,85.5,88.0,89.0,85.1,82.4,81.3,79.5,78.2,72.3,70.2,66.2,60.6,55.2,50.6,50.4,49.1,45.2,47.1,46.2,41.1,41.1,41.5,40.8,40.8,40.9,42.0,43.1,43.4,44.3,45.4
12:21:20.452,99.9,67.9,92.5,91.2,85.8,88.5,92.2,87.3,87.7,88.2,88.9,83.6,84.4,82.1,81.3,80.4,75.2,72.4,68.9,63.4,58.6,53.3,53.0,52.5,48.0,46.3,46.6,45.1,44.5,41.1,40.5,39.7,40.1,40.7,41.4,42.4,43.2,44.4,45.3
12:21:21.452,99.3,67.4,92.1,90.3,86.8,88.7,86.3,87.9,87.4,86.5,84.8,87.1,83.1,83.0,81.2,79.2,73.9,72.2,70.1,63.9,57.5,51.9,48.1,47.0,47.4,45.7,46.5,47.6,45.0,41.8,39.8,38.6,39.3,40.1,41.4,42.4,43.3,44.2,45.3
12:21:22.452,101.4,67.2,92.0,89.0,89.7,91.1,86.4,87.0,88.8,83.2,86.0,88.7,84.0,82.6,79.4,78.8,76.2,72.5,69.8,64.5,59.2,54.3,50.0,48.2,47.1,47.5,47.3,49.1,47.0,44.0,39.8,38.8,39.8,40.4,41.2,42.2,43.3,44.3,45.3
12:21:23.452,98.7,67.0,91.8,86.3,86.1,83.5,85.5,87.6,87.5,85.9,85.6,87.4,81.3,80.4,81.1,78.0,75.7,71.7,67.9,62.5,56.3,50.3,48.1,48.5,46.9,46.3,47.5,48.0,47.8,48.4,42.6,39.0,39.4,40.1,41.4,42.4,43.3,44.3,45.3
12:21:24.452,99.8,65.7,90.4,90.4,89.4,87.4,87.3,86.4,86.4,85.5,87.4,84.7,80.4,78.4,76.3,76.9,73.3,71.3,67.2,59.6,56.7,51.5,52.6,48.1,51.3,47.2,49.7,50.5,47.7,45.0,40.9,38.9,39.4,40.1,41.2,42.3,43.3,44.5,45.5
12:21:25.452,99.2,67.8,91.0,91.4,89.5,85.5,85.7,87.8,86.0,86.2,88.2,86.6,78.4,78.5,78.8,75.3,72.9,71.8,67.6,61.9,55.9,55.6,65.8,61.9,53.3,50.6,51.4,54.3,51.1,49.5,48.0,42.4,40.7,41.1,41.7,42.3,43.2,44.4,45.4
12:21:26.452,97.1,64.7,89.5,82.1,88.7,88.5,84.8,81.9,84.1,88.5,83.4,83.1,80.9,79.2,77.1,75.6,71.5,68.3,63.1,59.5,54.4,50.5,48.6,47.5,47.6,49.1,50.8,49.8,48.3,47.7,45.6,40.6,40.3,40.6,41.5,42.4,43.3,44.3,45.2
12:21:27.452,98.0,65.6,88.9,86.3,85.5,91.1,89.0,85.3,86.7,82.0,81.9,84.0,79.0,79.5,77.5,74.9,71.8,68.7,63.2,59.3,52.9,50.8,48.3,54.0,51.7,51.3,52.1,55.1,55.6,52.6,50.9,46.6,42.8,42.0,42.6,42.8,43.4,44.3,45.4
12:21:28.452,96.7,66.4,89.6,78.9,77.9,82.7,89.8,90.9,82.2,82.6,86.2,85.5,79.0,78.5,75.2,73.1,72.3,68.3,63.8,60.5,57.7,57.2,57.0,52.5,49.8,50.7,53.0,53.9,53.4,54.4,53.0,52.2,48.8,43.1,42.7,42.7,43.4,44.2,45.2
12:21:29.452,96.5,65.1,88.1,87.2,86.0,87.3,84.5,89.0,85.9,80.2,81.1,79.4,79.2,78.3,76.7,71.5,69.2,68.2,63.0,57.0,52.7,50.7,51.6,50.1,56.0,51.5,53.3,52.4,50.4,51.7,51.2,49.7,48.0,44.6,43.3,43.2,43.6,44.4,45.3
12:21:30.452,97.0,64.2,88.2,88.5,88.6,89.2,89.7,86.0,87.5,83.2,82.1,82.8,79.5,79.5,76.5,75.1,71.0,66.1,62.5,59.7,53.0,50.3,47.9,48.2,47.9,47.1,50.4,49.5,46.0,44.8,43.3,42.1,40.9,40.7,41.5,42.4,43.3,44.2,45.1
12:21:31.452,95.4,62.8,87.8,83.9,81.1,83.7,87.2,84.9,87.5,83.4,80.6,82.1,79.0,77.9,75.2,73.0,68.5,66.0,60.5,56.2,52.1,48.5,48.6,51.9,51.6,48.3,49.2,48.1,47.5,50.3,48.5,46.3,44.0,42.3,41.6,42.4,43.3,44.3,45.4
12:21:32.452,95.4,64.1,85.6,86.6,82.2,84.0,84.6,80.5,82.5,79.1,80.9,77.8,77.9,75.9,75.4,69.8,67.8,65.7,62.6,57.5,55.0,51.7,57.1,57.9,54.9,50.4,53.0,48.1,46.7,46.3,45.8,44.7,42.4,41.1,41.5,42.5,43.2,44.3,45.4
12:21:33.452,94.0,63.5,84.5,77.3,82.0,87.2,85.9,79.4,76.6,80.7,78.9,77.8,75.7,73.2,72.5,72.1,68.0,65.2,59.3,56.1,52.5,53.5,57.0,56.2,49.0,46.8,49.4,50.3,48.3,47.5,44.4,43.8,43.0,41.6,42.1,42.5,43.4,44.2,45.4
12:21:34.452,95.9,63.8,85.9,80.6,81.6,80.7,83.1,83.9,80.2,82.2,82.3,78.0,75.5,73.3,73.6,70.9,68.6,65.0,59.4,55.7,51.0,50.4,54.6,54.1,54.5,51.1,48.9,49.9,47.1,45.5,42.9,41.1,41.4,41.7,41.8,42.6,43.3,44.3,45.3
12:21:35.452,94.3,61.7,84.2,88.3,87.6,82.7,82.1,80.3,83.1,82.1,78.1,76.8,73.8,75.3,72.9,69.8,66.0,62.9,58.1,54.8,56.6,57.1,55.2,52.7,50.8,46.8,48.2,48.9,45.7,43.4,40.7,39.9,40.4,40.7,41.5,42.4,43.5,44.3,45.3
12:21:36.452,94.0,60.1,84.3,82.2,80.1,82.1,84.1,83.2,83.9,79.7,77.8,79.2,75.0,74.8,71.8,68.9,65.0,61.7,57.0,54.3,49.8,47.0,49.0,55.1,49.7,47.2,46.9,47.6,41.6,38.6,38.2,38.5,39.2,40.2,41.4,42.3,43.2,44.2,45.3
12:21:37.452,92.0,60.3,83.3,81.9,80.2,84.2,85.6,77.7,78.4,80.1,74.3,74.8,75.6,73.1,71.7,66.5,65.6,59.8,55.9,52.5,50.3,44.8,46.9,56.1,49.5,49.7,48.9,48.6,42.1,39.4,38.9,38.5,39.2,40.3,41.4,42.3,43.3,44.3,45.3
12:21:38.452,92.1,58.9,82.7,76.0,76.5,81.4,82.4,81.7,79.6,79.6,78.1,73.7,74.2,70.9,69.8,67.4,65.0,62.4,56.2,53.0,47.9,45.4,46.1,45.9,45.4,46.3,47.3,47.6,43.1,45.9,38.5,38.2,39.3,40.1,41.1,42.3,43.2,44.5,45.3
12:21:39.452,90.9,59.8,83.3,76.6,82.7,80.7,75.6,78.0,84.0,80.7,78.5,77.0,74.3,69.4,71.0,67.3,64.6,60.9,58.5,52.4,48.5,51.6,52.5,48.9,46.3,46.4,49.9,48.4,43.4,40.3,40.4,39.4,39.7,40.5,41.7,42.2,43.3,44.3,45.3
12:21:40.452,92.0,58.6,82.2,76.3,81.3,81.7,80.4,82.7,77.4,80.2,75.0,72.7,75.2,71.9,71.4,66.4,63.2,59.7,56.1,50.2,46.3,45.5,46.5,44.8,46.2,45.2,48.4,48.9,41.1,37.0,37.5,38.4,39.1,40.2,41.3,42.4,43.5,44.4,45.4
12:21:41.452,92.1,58.1,82.4,77.1,78.5,80.0,80.0,78.1,78.6,79.0,74.9,74.5,76.3,71.1,67.9,66.2,62.6,59.2,54.8,51.6,47.3,45.3,46.7,45.5,46.4,45.1,47.6,47.1,40.7,37.4,37.4,38.3,39.3,40.4,41.2,42.3,43.3,44.2,45.2
12:21:42.452,92.4,58.3,81.5,82.9,79.7,78.8,74.8,81.0,76.5,69.8,75.8,77.4,73.1,70.6,69.2,68.1,61.5,59.6,55.8,51.3,45.9,44.2,44.3,45.9,46.3,46.2,46.7,47.9,43.0,37.5,37.5,38.6,39.3,40.4,41.3,42.3,43.4,44.3,45.4
12:21:43.452,91.4,59.2,81.3,80.7,84.3,82.5,77.5,77.9,79.4,74.4,76.9,76.3,73.2,69.6,70.3,66.7,64.3,58.4,54.3,49.7,46.6,47.2,49.5,55.4,48.9,47.4,48.2,48.8,42.1,38.4,38.0,38.6,39.5,40.2,41.1,42.2,43.5,44.4,45.3
12:21:44.452,89.6,58.4,81.2,80.5,77.5,79.9,79.6,79.9,78.0,80.0,76.4,75.4,71.2,70.1,66.3,66.7,62.2,58.8,55.0,49.4,47.5,44.1,46.0,46.9,46.9,46.6,48.3,49.0,43.0,37.6,38.1,38.5,39.5,40.2,41.3,42.4,43.2,44.2,45.4
12:21:45.452,92.2,57.9,81.3,73.3,77.0,77.9,74.2,80.5,81.1,77.5,73.1,76.8,72.9,69.5,69.1,64.9,63.2,58.7,53.0,48.5,44.7,41.8,43.9,46.4,47.1,47.0,47.9,48.5,42.5,37.1,37.6,38.1,39.3,40.3,41.3,42.2,43.3,44.3,45.4
12:21:46.452,91.8,58.2,79.6,72.8,74.8,76.3,78.7,77.8,72.1,71.0,75.0,71.1,70.9,71.2,68.4,65.2,59.9,59.4,53.7,48.8,44.0,43.3,43.8,45.2,46.9,47.9,48.0,48.1,43.4,37.6,37.2,38.5,39.1,40.0,41.2,42.5,43.3,44.3,45.3
12:21:47.452,90.2,58.2,79.2,77.8,79.7,77.2,77.1,79.6,76.0,73.8,72.1,72.2,68.9,68.9,68.2,64.1,61.7,57.5,53.4,48.6,44.1,46.8,49.2,45.4,47.1,47.5,47.8,48.0,44.0,37.7,38.1,38.6,39.4,40.2,41.3,42.3,43.2,44.3,45.3
12:21:48.452,90.5,62.6,78.3,78.6,77.1,72.2,73.0,75.2,74.9,73.5,71.2,70.4,70.2,68.6,67.5,63.1,61.4,56.8,52.2,48.9,45.2,42.8,47.9,47.5,49.7,48.3,51.2,51.6,48.5,51.0,56.4,52.7,49.5,49.2,48.4,44.7,44.6,44.7,45.3
12:21:49.452,89.4,62.7,78.6,80.9,78.0,75.2,75.4,76.2,71.9,71.9,72.9,72.9,73.9,70.4,67.0,65.6,60.9,57.0,52.9,48.5,45.1,44.5,46.8,47.3,49.9,49.9,51.3,52.8,52.6,54.3,53.7,49.6,44.2,42.4,43.4,43.6,44.0,44.4,45.3
12:21:50.452,86.9,59.3,78.1,77.4,74.9,76.1,72.4,70.2,70.9,73.1,69.8,70.4,72.8,68.8,68.1,65.0,60.5,57.4,51.8,47.3,45.0,48.8,47.2,47.5,49.4,49.1,50.3,50.1,46.2,45.0,42.8,39.7,39.7,40.4,41.5,42.4,43.2,44.2,45.3
12:21:51.452,88.9,60.1,77.4,81.5,76.6,72.5,66.6,71.2,69.5,69.9,70.6,69.8,70.5,70.0,67.1,63.6,61.2,57.5,52.5,48.3,44.3,44.7,54.1,54.5,51.2,49.2,50.2,49.7,44.0,39.7,37.9,38.5,39.6,40.3,41.4,42.3,43.3,44.3,45.3
12:21:52.452,89.7,58.7,77.2,76.3,75.8,79.4,78.2,71.8,72.8,71.3,66.3,71.6,69.5,66.6,66.2,62.2,60.9,56.9,51.9,48.3,46.8,45.2,48.7,49.5,49.2,48.6,49.2,49.5,43.9,40.5,39.5,38.4,39.1,40.4,41.4,42.4,43.4,44.2,45.3
12:21:53.452,88.5,58.3,77.2,80.0,75.7,72.0,73.4,71.7,71.7,71.3,72.8,73.0,68.9,67.4,65.7,62.3,59.0,54.5,50.9,48.1,44.1,45.4,49.2,47.9,49.3,47.8,50.6,49.1,43.0,37.6,37.8,38.5,39.5,40.4,41.3,42.1,43.3,44.4,45.4
12:21:54.452,84.2,57.8,76.4,64.8,67.0,68.9,69.4,69.5,68.4,69.0,71.0,72.2,71.5,69.1,65.1,62.4,59.1,56.2,51.5,46.8,43.7,45.0,45.8,45.9,48.6,46.6,49.2,49.4,42.6,38.9,37.7,38.3,39.3,40.0,41.3,42.2,43.2,44.2,45.4
12:21:55.452,87.0,58.0,75.8,77.4,73.3,72.8,71.9,69.2,70.2,69.2,67.4,68.5,69.8,66.6,65.6,64.2,61.0,55.6,51.5,47.3,43.7,44.3,46.8,47.9,49.1,45.5,49.5,49.7,40.9,37.9,37.3,38.2,39.4,40.2,41.2,42.4,43.3,44.3,45.3
12:21:56.452,85.1,57.7,76.3,74.7,74.9,75.4,73.8,70.6,67.4,69.6,70.5,67.9,67.2,67.4,66.9,61.0,59.2,56.9,49.1,46.6,46.2,46.0,47.5,48.1,50.3,48.1,47.9,49.1,46.0,41.4,38.3,38.1,39.6,40.1,41.4,42.4,43.4,44.4,45.3
12:21:57.452,85.9,56.9,77.0,69.3,71.7,75.0,71.7,71.2,70.2,73.9,73.2,70.8,68.9,68.2,66.2,62.4,58.6,55.2,48.8,45.9,43.9,43.5,46.4,47.1,47.6,46.6,47.3,47.3,40.3,36.8,37.3,38.2,39.4,40.3,41.2,42.1,43.2,44.2,45.3
12:21:58.452,88.0,57.4,76.4,73.8,73.4,73.2,73.6,72.7,70.1,68.8,71.2,67.3,70.2,68.3,67.3,63.3,58.9,54.7,50.1,45.2,42.8,44.1,50.4,46.8,46.7,46.8,50.2,46.8,40.0,36.5,37.5,38.3,39.2,40.1,41.3,42.0,43.2,44.3,45.4
12:21:59.452,87.2,57.3,76.2,79.6,78.0,73.3,70.8,66.1,71.1,72.5,68.3,67.7,71.0,67.7,65.8,62.1,59.4,54.5,50.0,44.3,42.3,44.1,50.4,47.7,48.6,47.1,48.5,47.0,41.1,37.0,37.4,38.1,39.2,40.2,41.2,42.3,43.2,44.2,45.4
12:22:00.452,86.1,57.9,75.9,76.7,73.9,74.2,70.4,67.5,69.3,72.2,70.9,70.3,66.5,69.8,64.2,61.5,57.7,53.3,49.9,43.5,45.3,49.0,52.6,48.4,48.4,45.5,50.6,48.5,41.1,37.4,37.8,38.3,39.3,40.2,41.2,42.0,43.1,44.3,45.3
12:22:01.452,87.1,57.2,76.1,80.7,72.9,68.9,71.6,71.9,70.5,69.3,71.6,70.0,68.9,66.5,63.6,61.3,57.7,54.5,48.2,44.9,41.8,47.8,47.0,48.1,48.5,45.5,49.3,47.2,40.6,37.2,37.6,38.3,39.1,40.3,41.3,42.3,43.3,44.3,45.3
12:22:02.452,84.6,56.9,75.2,72.4,72.3,76.4,74.3,69.8,68.0,64.2,67.0,70.1,70.3,64.9,65.8,61.1,58.1,55.4,49.0,43.7,40.4,44.3,47.2,47.4,46.6,46.7,48.9,47.6,39.1,36.3,37.6,38.2,39.3,40.4,41.2,42.3,43.3,44.4,45.3
12:22:03.452,85.2,57.5,75.4,74.9,72.3,72.8,68.5,71.1,69.6,71.4,71.0,70.1,69.7,65.4,64.7,61.4,56.2,53.9,48.3,44.1,40.1,43.9,46.8,47.3,48.0,48.5,50.7,49.9,41.2,36.9,37.1,38.4,39.3,40.5,41.1,42.4,43.3,44.2,45.4
12:22:04.452,83.8,56.8,76.3,72.6,78.0,77.7,70.0,66.3,70.1,72.3,71.0,71.3,70.0,65.6,64.4,62.0,58.4,53.1,48.4,43.9,41.6,43.8,45.9,47.3,48.2,46.1,48.7,47.7,39.2,36.5,37.1,38.5,39.3,40.2,41.2,42.2,43.4,44.2,45.2
12:22:05.452,85.0,56.8,75.6,76.1,73.3,65.4,69.2,70.1,69.6,69.0,70.8,70.3,69.3,68.3,64.3,63.0,58.6,54.6,47.0,44.0,41.3,43.4,46.2,46.9,48.0,45.6,48.1,46.8,38.5,36.7,37.5,38.3,39.3,40.1,41.2,42.2,43.1,44.4,45.2
12:22:06.452,83.8,57.2,76.2,73.6,76.2,75.1,70.1,70.4,68.8,70.8,70.8,70.6,69.5,68.3,66.2,62.3,57.9,53.9,47.7,42.9,40.6,43.2,46.5,47.9,47.6,46.1,49.5,48.9,38.5,36.7,37.5,38.4,39.3,40.3,41.4,42.4,43.3,44.3,45.2
12:22:07.452,85.2,57.1,75.6,74.5,72.3,71.5,68.9,68.0,70.6,72.2,68.4,69.1,71.3,67.5,64.1,61.1,58.0,54.8,48.6,42.5,40.1,43.7,47.4,48.2,48.2,46.0,49.5,48.2,39.3,36.7,37.7,38.3,39.2,40.1,41.2,42.3,43.4,44.3,45.2
12:22:08.452,86.5,57.5,76.3,67.2,68.9,68.6,69.2,69.8,70.7,74.2,69.8,72.8,70.6,68.9,63.6,62.8,59.3,53.4,46.6,45.0,45.0,45.7,49.7,48.2,48.7,46.7,48.2,47.5,38.4,36.6,38.4,38.4,39.4,39.9,41.0,42.4,43.2,44.2,45.3
12:22:09.452,87.2,58.2,75.9,75.2,76.4,73.0,70.2,67.4,72.7,70.9,68.6,69.0,71.3,65.1,63.9,61.4,56.7,52.8,46.5,43.6,40.5,42.6,47.7,48.3,49.0,47.2,49.0,48.2,40.2,36.7,37.0,38.3,39.2,40.1,41.1,42.1,43.2,44.3,45.4
12:22:10.452,85.1,56.9,75.2,74.2,74.7,70.0,69.2,69.1,71.4,70.8,71.0,66.6,68.1,65.6,63.4,60.0,58.3,53.1,48.5,42.9,39.4,41.9,48.6,47.0,47.2,46.3,49.5,47.1,38.4,36.3,37.1,38.3,39.4,40.2,41.4,42.3,43.3,44.3,45.2
12:22:11.452,84.0,58.4,74.8,73.9,68.4,68.0,65.9,68.1,64.6,69.0,67.7,65.9,68.8,67.5,63.9,60.6,56.1,53.3,49.4,46.6,39.8,47.6,48.6,52.6,49.5,47.6,49.4,48.6,40.9,38.3,37.8,38.5,39.4,40.2,41.1,42.2,43.3,44.1,45.1
12:22:12.452,85.5,59.0,75.7,78.2,75.5,72.0,70.9,71.9,70.6,74.6,69.9,68.8,68.3,65.1,64.8,60.0,56.3,53.9,49.5,42.6,42.9,45.6,49.0,52.2,53.8,48.4,51.8,50.6,41.4,39.4,37.6,38.3,39.4,40.2,41.3,42.3,43.2,44.3,45.2
12:22:13.452,85.5,56.9,75.2,71.7,73.0,70.8,65.0,67.9,65.5,70.7,69.3,66.2,70.5,68.9,63.6,60.4,57.2,52.4,47.1,42.3,38.9,41.5,46.9,47.5,48.4,46.3,48.6,49.0,39.6,36.9,37.4,38.4,39.1,40.3,41.2,42.3,43.2,44.3,45.3
12:22:14.452,84.1,56.9,74.7,70.9,72.3,71.3,69.8,70.8,68.7,68.9,70.5,68.0,68.5,65.5,64.0,59.8,54.8,52.8,46.7,43.5,40.5,42.4,48.8,48.6,49.8,47.4,49.2,46.5,39.6,36.8,37.7,38.6,39.3,40.4,41.1,42.1,43.2,44.3,45.4
12:22:15.452,87.0,57.1,76.2,74.5,76.3,77.5,73.5,69.4,67.5,71.6,72.6,69.1,69.1,67.8,64.5,61.1,56.3,52.6,46.0,41.4,39.4,42.1,46.5,48.3,49.7,47.0,49.1,47.7,39.4,36.4,37.2,38.3,39.3,40.1,41.3,42.1,43.4,44.4,45.3
12:22:16.452,85.5,56.8,74.9,75.1,77.3,76.4,72.9,70.4,68.0,70.8,70.7,70.0,65.7,67.3,62.0,60.0,55.9,51.0,47.0,42.0,38.5,41.9,48.2,47.7,48.6,46.4,49.5,47.8,38.6,37.0,37.9,38.4,39.2,40.2,41.3,42.2,43.3,44.3,45.4
12:22:17.452,82.1,57.0,75.3,68.9,70.1,71.2,71.0,68.1,71.2,68.4,71.1,69.3,69.0,66.4,62.8,59.1,56.7,50.8,45.9,41.5,39.9,42.5,46.2,48.9,49.0,47.0,48.0,46.2,38.0,37.5,37.7,38.6,39.5,40.1,41.3,42.3,43.2,44.4,45.3
12:22:18.452,86.0,56.8,74.9,73.4,72.0,71.0,70.1,68.4,66.4,68.5,67.9,71.2,68.5,65.3,63.1,59.1,53.7,52.9,44.7,40.5,39.2,43.0,48.4,47.4,48.3,47.1,49.3,47.0,39.6,37.4,38.9,38.6,39.2,40.3,41.1,42.1,43.4,44.3,45.3
12:22:19.452,85.2,56.8,74.8,72.2,70.3,71.8,76.4,67.5,67.2,69.1,65.4,67.0,69.7,66.9,62.4,58.2,55.8,52.4,46.7,43.0,39.5,41.8,47.4,47.3,47.4,46.5,47.8,47.9,38.8,37.2,38.0,38.3,39.4,40.1,41.3,42.0,43.2,44.5,45.3
12:22:20.452,85.1,56.8,75.4,69.6,69.7,74.2,77.0,72.7,73.1,70.1,69.4,69.7,66.7,66.7,64.7,58.9,55.8,51.6,45.4,41.6,41.8,42.6,45.9,46.3,48.2,47.7,49.0,47.1,39.5,38.1,38.5,38.8,39.2,40.2,41.1,42.1,43.4,44.2,45.3
12:22:21.452,84.3,56.8,74.7,73.1,75.8,74.2,72.2,72.1,67.7,68.0,68.8,68.0,66.8,64.9,63.9,59.6,55.0,50.4,46.4,42.1,41.3,43.2,46.7,48.1,49.2,47.5,49.5,46.6,39.3,38.7,39.8,39.4,39.8,40.5,41.3,42.3,43.2,44.4,45.3
12:22:22.452,86.5,57.4,74.2,74.7,76.6,76.3,72.1,66.5,71.5,69.4,68.9,67.6,66.3,65.7,62.8,60.7,54.9,51.4,46.2,40.8,41.9,43.1,49.1,48.8,49.1,48.1,50.1,48.2,39.4,37.4,37.6,38.8,39.6,40.2,40.9,42.2,43.3,44.2,45.3
12:22:23.452,84.9,57.7,74.6,67.5,71.7,72.7,70.1,69.1,71.6,67.5,67.3,70.1,67.8,65.4,64.5,60.4,53.7,51.2,46.5,42.6,41.7,44.0,47.1,48.8,50.0,46.8,50.0,47.2,40.4,37.9,38.2,38.6,39.3,40.2,41.3,42.2,43.5,44.3,45.4
12:22:24.452,87.1,58.3,75.3,69.3,71.6,74.2,73.7,69.7,70.1,70.4,68.8,68.9,64.9,64.8,62.0,61.2,54.8,50.5,44.6,43.5,42.2,45.4,50.3,49.4,50.5,48.5,51.9,49.4,42.0,37.3,37.6,38.7,39.2,40.4,41.3,42.3,43.2,44.4,45.3
12:22:25.452,88.3,58.0,75.4,76.7,71.9,72.8,74.6,70.1,69.8,67.9,71.4,72.2,68.7,64.0,62.5,59.5,53.7,50.2,44.7,41.7,40.2,45.5,49.4,48.9,50.2,48.8,50.0,48.1,41.2,37.2,37.9,38.8,39.6,40.4,41.5,42.2,43.2,44.3,45.4
12:22:26.452,86.8,58.5,75.1,72.2,67.5,69.5,70.3,72.8,70.1,66.1,65.8,69.4,68.5,64.8,61.5,59.1,55.6,50.8,46.5,50.2,45.6,45.4,47.6,51.1,50.7,49.9,52.0,48.9,42.5,38.1,37.8,38.3,39.5,40.4,41.2,42.2,43.4,44.2,45.4
12:22:27.452,84.6,58.4,75.4,68.7,67.5,73.5,77.0,75.4,69.4,69.0,69.3,66.9,67.7,67.2,61.3,57.7,55.3,52.5,46.3,44.1,46.2,45.6,48.9,51.0,49.9,48.3,51.0,48.2,48.7,43.3,38.0,38.2,39.4,40.2,41.3,42.2,43.1,44.3,45.4
12:22:28.452,85.9,57.6,74.4,74.1,76.2,72.7,71.9,70.1,70.1,69.4,66.3,68.1,69.7,65.4,63.5,59.7,56.5,50.9,45.8,43.5,41.5,44.1,48.5,48.3,49.5,47.4,51.2,46.9,40.8,39.1,39.4,39.2,39.7,40.4,41.5,42.3,43.3,44.2,45.4
12:22:29.452,82.5,58.3,75.6,73.3,70.5,67.2,69.1,69.2,73.0,73.2,72.9,70.1,68.8,64.6,62.9,59.3,54.9,54.2,49.2,56.0,54.6,45.4,48.4,49.8,49.3,48.2,49.2,46.9,43.7,41.4,39.8,38.9,39.8,41.0,42.9,43.1,43.6,44.4,45.5
12:22:30.452,85.3,58.4,75.6,70.3,70.0,75.4,76.0,68.1,67.1,68.3,69.7,71.8,71.1,66.7,62.2,57.8,53.3,49.3,44.7,45.8,47.8,46.2,47.9,49.1,47.9,48.7,49.3,48.9,47.9,48.4,47.6,43.3,43.4,44.7,46.5,45.8,44.8,44.8,45.4
12:22:31.452,85.0,58.0,73.4,68.1,71.7,74.6,71.3,64.4,66.1,65.4,69.3,69.2,66.5,62.8,60.1,57.7,52.6,49.8,44.0,43.4,43.8,46.7,48.1,50.5,48.7,47.5,50.5,49.0,46.2,44.9,44.6,42.4,41.8,41.6,42.4,42.9,44.1,44.6,45.3
12:22:32.452,82.5,61.6,74.6,70.5,64.6,63.7,67.5,68.3,64.7,70.0,70.4,69.8,68.2,65.4,62.3,59.1,54.6,50.1,47.0,47.2,45.6,47.2,48.6,49.3,48.8,48.8,50.2,49.6,49.3,51.7,52.3,52.6,52.2,56.9,52.3,52.1,50.6,46.7,46.3
12:22:33.452,84.4,58.1,76.1,73.8,68.0,67.9,67.4,66.2,66.7,72.0,74.8,71.5,70.6,65.7,61.3,60.0,55.5,50.4,46.0,45.4,43.7,47.3,48.7,48.3,48.6,47.2,49.4,47.3,44.4,42.6,42.6,41.9,42.5,43.5,44.0,44.0,44.8,45.2,45.7
12:22:34.452,81.7,60.3,73.8,71.0,67.9,66.6,67.0,68.2,68.4,72.7,67.2,66.8,65.3,65.1,63.1,58.6,55.1,52.6,45.5,45.5,46.0,49.0,49.8,47.9,49.0,48.6,49.8,49.6,49.1,50.1,48.3,44.8,43.5,42.4,42.6,43.2,43.7,44.5,45.4
12:22:35.452,84.6,61.4,74.5,77.4,71.3,63.7,70.2,71.3,64.0,66.9,68.1,68.6,65.6,65.4,63.4,59.9,53.8,49.8,46.1,47.9,49.8,48.1,49.8,56.5,50.7,51.6,53.3,52.8,51.6,50.1,46.7,41.9,40.1,40.8,41.8,42.8,43.4,44.3,45.4
12:22:36.452,82.0,58.4,75.1,70.3,68.2,68.1,65.9,67.3,70.7,70.2,69.0,69.5,67.5,65.6,62.8,60.6,54.1,51.4,47.2,46.4,44.1,45.6,47.2,49.5,47.9,47.6,50.6,47.7,46.7,44.6,42.4,39.5,39.4,40.3,41.5,42.3,43.3,44.4,45.3
12:22:37.452,81.7,59.6,75.8,69.9,69.8,67.5,64.4,67.6,69.6,72.4,69.5,67.6,66.8,64.9,64.2,59.1,54.6,52.4,44.5,44.7,44.7,49.3,52.9,49.3,50.3,49.6,50.5,50.9,49.0,45.7,42.1,38.8,39.4,40.6,41.3,42.3,43.3,44.2,45.5
12:22:38.452,82.0,60.2,75.6,64.6,66.9,66.4,65.9,70.4,72.3,70.0,74.5,69.0,67.6,64.8,62.8,58.0,55.9,51.5,49.6,43.5,48.3,52.5,56.7,51.6,49.3,47.5,49.6,51.4,50.7,47.9,43.9,39.1,39.9,41.5,41.6,42.5,43.2,44.4,45.3
12:22:39.452,84.0,59.8,75.5,69.6,64.6,64.5,68.1,72.5,74.5,70.0,70.5,68.2,69.5,64.8,61.9,60.7,55.0,52.8,50.6,49.4,49.9,50.8,53.9,50.7,48.7,47.7,50.7,49.8,46.1,44.3,41.1,38.8,39.6,40.5,41.5,42.4,43.3,44.4,45.3
12:22:40.452,84.3,58.5,75.2,72.9,67.6,62.9,64.5,71.6,70.6,70.4,73.0,69.5,68.7,64.2,60.8,57.7,53.4,52.2,43.7,44.1,47.3,53.5,50.7,50.0,50.0,47.1,50.7,49.7,45.9,43.9,40.0,38.8,39.3,40.4,41.3,42.4,43.2,44.2,45.4
12:22:41.452,81.8,57.6,75.3,70.2,70.7,66.8,62.8,68.4,71.7,73.0,72.8,70.5,67.5,63.4,60.2,56.3,52.4,51.7,42.9,46.6,48.7,46.9,50.7,50.3,48.3,45.7,48.4,48.0,42.9,39.5,37.8,38.5,39.2,40.2,41.4,42.3,43.3,44.2,45.3
12:22:42.452,84.1,57.4,75.8,66.4,63.6,64.3,68.0,70.1,73.6,74.7,72.2,70.5,68.2,61.7,60.4,59.1,55.1,48.2,45.2,44.1,43.5,48.3,48.9,48.3,48.9,46.6,49.6,49.1,42.4,38.4,37.7,38.6,39.0,40.1,41.3,42.0,43.3,44.2,45.3
12:22:43.452,84.9,57.3,74.5,70.0,65.2,63.4,64.5,69.1,70.5,74.3,69.7,68.3,65.0,64.1,57.6,56.7,51.6,48.9,44.0,42.3,43.4,46.9,50.3,48.0,47.0,48.2,47.5,46.9,42.7,37.8,37.4,38.5,39.4,40.3,41.2,42.4,43.3,44.5,45.3
12:22:44.452,85.8,57.7,74.2,72.7,70.3,65.5,65.9,69.8,71.6,70.3,70.2,66.7,66.6,63.3,61.6,57.4,55.0,49.7,45.1,48.4,44.5,48.6,51.7,53.3,48.3,46.7,49.2,46.5,41.8,37.5,37.7,38.5,39.6,40.4,41.3,42.1,43.3,44.3,45.3
12:22:45.452,85.3,56.7,73.1,70.6,71.2,69.6,65.5,69.5,71.3,66.0,67.7,69.0,64.0,63.7,61.6,55.5,53.0,49.2,44.2,48.2,44.0,47.1,48.2,48.1,48.0,45.1,48.4,46.5,41.6,38.3,37.4,38.5,39.3,40.3,41.5,42.4,43.4,44.5,45.2
12:22:46.452,83.8,56.1,75.5,67.3,71.6,73.4,68.6,74.1,77.9,74.3,65.9,67.9,66.7,65.5,61.5,57.1,53.5,50.3,43.1,42.6,41.3,44.2,47.4,48.1,47.5,45.1,46.9,47.3,43.3,38.0,37.3,38.2,39.0,40.2,41.4,42.3,43.2,44.2,45.3
12:22:47.452,85.0,57.0,74.5,74.4,73.9,72.1,68.8,73.9,72.5,72.7,67.4,69.3,66.1,64.4,62.1,58.2,53.2,47.9,46.4,43.0,39.8,44.5,45.9,51.7,48.3,47.5,49.1,47.5,44.9,42.0,38.2,38.2,39.1,40.2,41.0,42.3,43.2,44.2,45.4
12:22:48.452,85.1,56.2,74.6,71.1,69.9,65.9,63.8,70.3,75.8,67.3,67.9,69.6,69.2,64.2,59.5,56.5,52.8,46.3,42.3,40.6,40.5,43.9,46.2,47.4,47.9,46.4,47.2,47.7,42.4,37.5,37.5,38.3,39.5,40.4,41.3,42.3,43.3,44.3,45.2
12:22:49.452,83.8,56.8,73.8,70.0,69.8,66.6,66.9,72.3,71.3,69.8,69.6,66.9,66.8,64.2,60.1,58.7,52.7,48.0,49.6,46.7,43.6,50.5,52.2,48.8,48.3,45.8,48.0,46.7,41.7,38.7,37.7,38.2,39.2,40.3,41.2,42.2,43.3,44.3,45.3
12:22:50.452,82.4,56.7,73.8,70.3,70.9,67.7,65.6,69.3,71.9,69.6,68.4,66.7,66.8,64.3,61.1,57.7,52.5,48.2,45.1,46.4,42.1,45.8,47.5,49.2,49.4,47.1,48.3,47.1,44.6,39.6,37.9,38.5,39.3,40.2,41.1,42.2,43.4,44.3,45.3
12:22:51.452,85.1,57.2,74.0,78.0,73.6,70.1,69.4,70.8,69.8,70.0,68.4,67.9,68.1,65.3,59.5,59.6,51.4,49.9,47.3,46.6,43.8,46.1,49.8,48.4,49.4,46.5,47.1,46.8,45.3,42.1,39.0,38.9,39.6,40.3,41.3,42.2,43.3,44.4,45.4
12:22:52.452,81.9,58.9,74.2,73.0,68.9,68.3,71.7,70.6,72.6,71.4,68.4,65.2,64.7,64.9,59.8,56.2,53.4,48.7,46.2,49.3,47.6,53.1,53.9,50.3,48.4,48.1,49.2,50.1,48.1,45.8,42.0,39.0,39.6,40.5,41.3,42.5,43.3,44.2,45.3
12:22:53.452,85.1,59.1,75.0,71.5,74.8,74.9,69.7,66.8,65.3,71.3,72.2,68.9,64.4,65.3,62.2,57.6,53.3,48.7,47.8,46.4,46.9,48.8,50.5,50.1,48.0,46.7,48.8,50.6,50.3,49.3,45.0,39.0,39.4,40.4,41.6,42.2,43.5,44.3,45.3
12:22:54.452,83.7,59.0,74.7,73.3,71.1,70.0,69.9,71.2,69.5,69.1,70.2,71.0,67.0,62.5,59.9,57.3,54.3,51.7,46.4,44.0,45.7,49.2,51.3,50.2,48.7,47.1,47.8,51.1,49.6,47.1,43.9,39.2,39.7,40.5,41.5,42.3,43.3,44.2,45.2
12:22:55.452,83.3,59.0,74.9,71.8,65.1,66.8,71.6,73.1,71.0,71.4,70.0,70.7,68.0,63.3,59.3,56.7,53.0,48.3,48.0,42.7,43.5,44.5,45.5,46.8,47.9,47.2,48.7,50.5,49.3,48.3,45.8,39.9,39.8,40.6,41.6,42.4,43.3,44.3,45.3
12:22:56.452,86.0,61.0,76.5,75.1,70.9,70.9,69.3,68.4,65.9,72.5,72.8,71.8,69.3,64.8,60.4,57.4,54.4,50.1,48.0,52.7,47.8,49.8,50.6,48.6,49.7,48.6,51.2,53.8,53.2,53.2,49.6,42.3,40.5,40.6,41.7,42.5,43.4,44.4,45.4
12:22:57.452,83.7,64.0,76.4,76.0,69.4,65.9,69.9,73.6,69.1,73.2,72.7,70.7,69.6,67.3,62.7,55.2,54.3,52.1,47.5,47.7,48.7,45.8,47.7,49.4,49.8,50.1,52.3,54.6,54.5,53.5,50.9,46.8,43.4,42.4,42.8,43.0,43.4,44.2,45.3
12:22:58.452,85.5,64.9,77.8,75.5,72.0,69.8,72.2,68.4,72.3,72.4,71.0,72.0,71.6,69.7,65.4,57.6,51.0,50.0,45.1,47.8,47.3,48.6,49.0,50.6,51.9,52.7,55.2,55.0,54.7,55.2,53.7,51.3,48.9,45.2,45.4,44.5,44.0,44.5,45.4
12:22:59.452,83.4,64.3,77.1,72.5,68.6,72.0,73.5,72.1,73.6,68.3,71.1,69.9,69.0,69.2,63.9,59.4,54.9,49.0,47.3,50.1,53.3,55.9,53.7,52.0,51.7,52.7,54.3,56.7,56.2,53.6,52.6,50.3,47.0,43.9,44.8,44.2,44.0,44.5,45.5
12:23:00.452,84.4,66.7,77.8,70.0,70.7,73.3,71.6,72.3,70.8,72.3,73.8,70.8,70.2,67.8,65.3,60.9,56.5,49.8,53.3,58.4,53.5,53.7,52.1,56.3,57.9,55.6,57.2,56.5,56.7,56.5,55.0,51.7,48.4,45.4,46.6,45.3,45.1,45.0,45.6
12:23:01.452,85.8,65.3,76.1,73.4,75.6,74.8,75.1,75.0,67.4,71.4,68.7,67.0,70.3,68.7,64.2,62.7,56.7,49.5,45.4,49.9,50.0,52.5,49.6,51.2,52.2,52.7,54.2,57.0,55.4,56.0,55.5,52.4,49.6,46.4,46.5,45.4,45.0,44.7,45.4
12:23:02.452,84.9,66.4,76.4,75.2,71.3,66.0,72.9,74.8,69.2,70.6,70.4,70.0,69.0,67.0,61.4,61.8,55.6,54.4,51.6,55.0,53.7,53.1,56.5,60.7,55.9,52.0,53.8,55.5,56.7,55.1,52.9,51.1,47.0,44.3,44.9,43.8,43.7,44.4,45.3
12:23:03.452,84.8,63.4,75.2,71.8,73.2,72.0,74.7,74.6,72.5,70.6,69.9,66.1,66.6,65.9,59.8,56.9,54.5,53.8,48.3,54.6,52.4,48.9,51.7,51.2,51.2,51.9,54.9,55.9,54.6,54.5,52.7,48.5,44.4,42.8,43.1,43.0,43.5,44.4,45.4
12:23:04.452,83.2,62.9,74.8,69.2,71.1,75.3,71.9,68.7,68.8,70.4,71.3,66.7,66.5,63.6,57.6,55.5,52.9,50.1,44.1,45.6,45.3,45.7,48.9,49.7,51.1,51.3,52.5,54.1,55.3,54.3,51.2,49.1,46.2,43.9,43.9,43.5,43.6,44.5,45.3
12:23:05.452,82.0,63.6,73.4,74.9,74.1,69.4,65.6,70.7,70.4,68.0,63.5,66.8,65.8,64.2,57.8,54.1,52.8,50.5,48.5,48.4,45.7,49.4,48.9,49.2,50.3,50.0,52.5,52.6,52.7,52.3,51.1,49.7,46.6,43.9,44.4,43.7,43.6,44.4,45.4
12:23:06.452,82.5,65.1,74.0,72.4,71.5,70.4,70.0,72.3,68.9,69.8,66.3,66.6,65.9,59.4,59.1,57.7,56.2,51.4,53.8,60.3,59.0,53.6,57.4,59.1,54.4,52.8,55.9,56.5,56.4,55.8,54.7,50.5,47.9,45.9,45.6,45.0,44.7,44.7,45.3
12:23:07.452,80.5,65.5,72.6,71.0,71.2,66.9,69.3,67.4,64.9,69.1,66.9,65.5,65.7,60.0,60.9,58.3,52.8,47.9,46.3,48.3,48.9,50.9,49.7,51.7,52.1,53.0,54.2,55.1,56.5,55.7,54.7,52.3,48.8,45.5,45.3,44.6,44.2,44.6,45.4
12:23:08.452,83.2,66.3,72.6,74.7,74.7,74.0,69.6,65.2,66.6,66.5,66.0,65.0,63.4,61.4,63.0,56.0,52.8,50.1,48.2,50.0,54.0,51.0,50.9,52.0,52.5,54.4,55.4,56.9,56.2,56.1,54.9,53.7,52.3,48.7,47.6,45.7,44.9,44.6,45.5
12:23:09.452,82.8,65.8,73.8,74.4,70.0,69.0,71.7,69.0,68.7,69.7,68.9,63.9,66.2,61.6,58.4,55.8,52.6,49.8,50.8,50.3,47.6,51.6,60.5,52.4,51.7,53.6,55.7,56.7,56.4,56.8,54.9,52.0,48.1,45.0,44.5,43.7,43.8,44.5,45.4
12:23:10.452,83.6,67.4,72.5,71.2,72.5,69.0,68.7,66.8,66.9,63.3,65.8,63.5,60.8,61.1,59.6,55.8,52.0,50.3,48.8,48.0,49.3,51.5,51.4,52.2,53.3,54.5,55.5,59.5,57.6,56.2,55.4,53.2,49.3,44.7,45.3,44.8,44.9,45.2,45.4
12:23:11.452,82.2,65.7,72.3,75.2,72.5,71.3,73.4,65.7,62.0,64.6,67.3,66.9,63.7,61.5,58.2,56.1,51.6,50.9,55.4,55.2,56.9,50.6,55.0,52.8,55.2,56.1,57.0,57.4,55.8,55.9,55.0,52.5,51.0,49.6,48.8,47.8,44.8,44.8,45.4
12:23:12.452,81.7,65.5,72.2,72.9,70.1,68.7,70.2,65.2,64.2,65.4,66.4,67.5,64.3,59.8,59.6,55.9,51.6,49.9,47.5,50.5,47.2,48.6,49.0,51.3,51.7,52.7,54.0,55.2,55.7,56.2,53.9,51.0,47.3,44.8,44.3,44.4,44.5,44.7,45.4
12:23:13.452,83.7,67.6,73.1,76.4,72.7,70.0,65.7,65.8,66.8,69.2,66.8,65.7,62.7,59.7,59.1,55.5,53.7,48.0,50.7,53.0,48.2,50.6,51.3,54.3,58.0,53.3,56.7,58.7,57.7,57.3,55.8,53.3,49.2,45.1,44.6,43.8,43.7,44.4,45.4
12:23:14.452,82.4,64.7,72.6,69.8,68.7,69.5,68.6,63.9,69.6,69.5,64.7,65.2,62.5,61.9,58.1,53.5,51.1,47.9,48.3,53.6,45.9,47.7,48.9,49.0,49.6,49.9,52.9,54.3,55.4,55.3,56.0,52.7,48.5,45.3,44.8,43.9,43.9,44.5,45.4
12:23:15.452,83.4,66.8,72.7,70.7,70.0,71.2,66.3,65.6,66.4,68.8,68.8,64.2,61.6,62.9,58.1,56.3,53.2,49.7,48.9,49.0,50.5,48.9,49.7,50.7,49.7,50.9,54.2,56.5,56.6,56.3,55.5,55.0,54.9,52.5,47.5,46.0,44.7,44.7,45.4
12:23:16.452,84.3,66.7,72.2,73.9,67.4,64.3,62.2,62.7,64.7,63.7,62.5,64.3,61.2,60.9,60.3,54.3,52.8,49.8,51.5,55.5,48.4,46.8,51.7,51.4,54.6,54.5,56.2,56.4,55.8,57.0,55.5,53.7,52.2,50.6,47.8,45.2,44.1,44.5,45.2
12:23:17.452,83.3,63.1,70.8,73.9,68.0,66.4,61.2,63.3,64.2,63.2,65.4,63.7,62.2,59.4,57.1,55.1,49.8,50.1,53.9,55.6,45.0,53.1,59.4,54.1,51.7,48.7,50.6,52.2,52.3,52.8,51.6,49.1,45.8,44.0,42.8,42.7,43.4,44.2,45.4
12:23:18.452,80.7,59.5,70.4,72.9,71.4,66.3,66.6,65.8,67.7,67.3,65.8,65.3,61.5,61.3,57.5,54.4,50.8,48.8,49.3,46.9,45.7,44.3,46.8,47.3,46.6,47.4,49.1,50.2,48.7,48.8,48.3,45.7,42.3,41.3,41.7,42.4,43.4,44.3,45.4
12:23:19.452,84.7,61.4,71.6,69.3,70.5,68.9,63.6,64.4,67.3,68.2,67.9,66.2,64.5,60.3,57.2,54.7,50.0,49.8,48.5,46.4,48.3,47.2,50.8,52.2,49.9,48.7,51.3,53.4,53.1,53.9,52.7,49.1,46.1,42.8,43.1,43.1,43.5,44.3,45.3
12:23:20.452,83.8,61.3,70.7,76.4,71.0,61.0,61.5,62.7,65.3,68.1,62.6,67.4,60.2,58.3,54.9,56.5,49.9,48.5,46.5,43.3,48.1,47.7,49.9,50.4,51.4,51.4,53.4,53.9,52.2,50.8,50.5,49.0,45.7,42.2,42.3,42.4,43.4,44.3,45.3
12:23:21.452,81.7,61.8,72.0,69.2,67.0,66.1,62.3,58.6,70.1,67.5,66.6,65.8,64.1,57.6,56.4,56.0,53.2,47.1,44.1,50.6,45.8,47.2,48.7,48.9,48.5,48.2,50.5,51.6,49.7,49.5,49.0,48.0,45.8,43.0,43.4,43.1,43.6,44.4,45.3
12:23:22.452,83.4,63.7,72.8,74.5,75.0,70.3,64.5,66.9,68.0,70.1,67.0,63.9,62.9,58.0,56.6,56.8,56.5,57.5,54.0,57.5,59.0,61.9,63.4,55.4,56.2,52.6,50.7,50.6,49.4,46.6,45.9,44.1,40.7,40.9,41.4,42.3,43.3,44.3,45.3
12:23:23.452,84.9,57.9,73.5,74.6,75.2,72.5,62.5,65.1,71.9,67.4,68.8,64.4,63.6,63.8,60.8,56.0,49.7,48.3,56.5,44.6,42.1,52.5,54.4,56.0,47.1,45.1,45.7,48.1,40.8,40.3,39.7,40.0,39.9,40.3,41.1,42.3,43.4,44.3,45.4
12:23:24.452,83.5,55.3,73.3,75.3,70.0,68.1,65.3,67.0,69.0,71.1,66.9,68.5,64.1,65.8,61.2,57.6,51.6,50.1,48.7,43.5,43.4,44.1,44.9,47.4,45.8,42.7,45.0,44.8,38.1,37.8,38.4,39.0,39.3,40.6,41.4,42.4,43.2,44.1,45.3
12:23:25.452,82.7,55.7,74.4,73.7,69.4,66.0,68.5,68.9,75.4,71.6,65.5,69.6,66.3,63.4,59.2,58.5,50.6,47.3,51.1,54.8,42.6,43.2,45.2,47.4,46.0,42.8,45.1,45.2,37.9,37.6,38.1,38.8,39.5,40.2,41.2,42.2,43.4,44.2,45.4
12:23:26.452,83.7,56.3,74.2,70.7,63.9,64.9,63.5,67.7,73.4,69.4,66.6,69.6,65.3,61.3,62.4,58.6,53.8,47.8,47.0,49.1,48.8,46.0,43.9,45.7,47.4,53.2,44.0,45.1,39.7,39.5,38.7,39.6,39.6,40.3,41.5,42.5,43.2,44.4,45.3
12:23:27.452,81.9,56.0,74.0,73.5,72.2,67.7,64.3,64.0,67.4,71.1,66.7,69.6,66.6,62.8,59.6,58.9,52.7,50.8,50.7,52.0,47.0,43.3,45.7,45.8,46.5,43.5,43.8,45.3,39.5,38.2,39.1,39.6,39.6,40.4,41.2,42.4,43.3,44.3,45.2
12:23:28.452,84.6,59.6,75.1,78.1,76.9,67.4,66.1,69.5,68.1,71.2,67.7,69.9,69.4,64.8,61.1,58.5,51.9,50.7,47.0,47.9,44.9,49.2,49.9,51.6,52.8,52.6,49.8,46.5,44.5,44.2,45.1,45.8,45.8,43.9,43.0,43.1,43.5,44.4,45.4
12:23:29.452,84.3,60.8,75.3,75.8,71.5,68.1,67.3,67.8,72.3,72.0,69.5,72.7,65.0,64.2,61.4,58.0,53.7,52.1,47.3,46.4,47.8,43.8,45.2,45.4,47.8,47.1,45.7,48.0,51.5,50.2,50.9,50.9,50.0,48.4,47.5,45.4,45.0,44.8,45.4
12:23:30.452,83.8,58.8,75.7,71.6,64.4,62.5,66.2,69.4,72.8,69.4,71.5,69.8,70.2,68.3,60.7,59.0,51.3,48.1,53.7,47.2,40.3,54.3,47.9,46.7,45.8,44.6,46.0,48.5,44.1,43.3,44.8,47.1,46.2,45.5,46.5,44.7,44.4,44.6,45.4
12:23:31.452,83.7,58.8,76.0,78.5,73.4,65.9,68.0,73.0,67.0,70.3,70.1,72.9,69.7,70.0,62.5,58.8,54.6,52.7,52.4,43.5,48.8,51.8,50.9,47.4,47.1,45.3,45.8,48.2,41.5,40.1,39.7,40.0,40.3,40.7,41.5,42.5,43.4,44.3,45.4
12:23:32.452,83.2,60.5,75.9,69.2,70.4,72.0,70.6,71.1,71.5,67.6,68.1,73.8,69.8,65.0,62.3,60.6,53.8,53.0,55.9,52.7,49.5,50.5,57.6,50.7,51.1,47.2,48.9,50.3,43.3,42.2,41.9,41.1,40.7,41.3,42.1,42.7,43.4,44.4,45.4
12:23:33.452,84.5,60.5,76.2,65.7,65.5,66.3,69.1,70.8,71.6,71.0,73.1,71.6,69.5,68.4,63.5,56.1,51.8,49.4,53.2,45.9,44.2,47.8,46.1,48.4,48.6,51.0,52.9,55.0,50.0,49.1,47.3,45.7,43.2,42.2,42.5,42.8,43.3,44.2,45.2
12:23:34.452,83.4,62.1,74.8,69.8,69.2,68.0,67.2,68.6,69.7,72.2,69.5,68.3,67.9,66.2,61.2,55.1,49.2,48.8,50.6,51.0,45.6,51.9,54.5,51.7,52.1,54.3,55.1,54.3,49.8,51.1,51.7,46.4,44.5,42.4,42.3,42.6,43.5,44.4,45.3
12:23:35.452,84.0,57.7,73.8,71.9,70.7,66.7,65.1,71.9,67.7,67.5,70.6,68.5,64.8,63.3,58.6,55.3,52.1,47.9,47.5,44.9,46.6,45.5,45.8,48.8,48.7,45.1,48.5,51.8,42.5,41.8,39.9,39.4,39.7,40.5,41.3,42.3,43.1,44.4,45.3
12:23:36.452,82.8,58.2,73.6,67.8,71.1,70.7,69.7,68.7,70.9,72.2,68.8,66.6,63.9,60.6,57.8,57.5,52.8,48.4,46.8,47.1,47.4,48.3,46.6,47.9,50.1,44.8,47.1,47.3,42.4,41.4,40.7,40.5,40.4,40.6,41.3,42.2,43.1,44.3,45.3
12:23:37.452,83.4,60.9,72.8,74.4,70.3,67.4,71.7,68.9,65.7,69.2,67.2,67.5,63.7,60.8,59.5,58.2,52.7,48.3,52.1,52.2,47.0,55.9,54.2,55.0,56.5,54.2,52.1,49.3,45.2,42.4,41.5,44.9,41.6,40.7,41.7,42.2,43.3,44.1,45.4
12:23:38.452,83.9,63.8,73.2,76.0,72.6,70.2,70.6,68.2,68.4,67.6,66.2,68.7,64.9,60.4,60.9,57.9,50.7,48.1,52.5,46.8,45.4,57.0,49.8,58.2,58.9,55.7,54.4,55.4,50.7,50.1,43.7,46.5,42.2,40.9,41.6,42.3,43.1,44.4,45.3
12:23:39.452,80.7,63.1,72.0,74.1,74.8,70.2,67.3,66.7,70.0,67.3,66.4,64.0,62.9,64.3,60.6,58.0,52.5,50.7,49.8,42.9,52.3,50.2,56.0,54.0,53.3,56.9,54.7,53.0,42.2,43.8,43.9,45.6,42.1,41.4,41.5,42.4,43.3,44.3,45.3
12:23:40.452,80.7,60.0,71.5,71.3,68.8,65.8,70.0,67.2,68.8,63.4,64.9,63.5,61.3,62.6,60.6,57.2,53.1,52.8,45.7,45.0,51.8,45.6,52.4,50.5,51.3,48.7,50.7,50.1,41.8,42.0,42.8,41.9,40.7,40.6,41.7,42.3,43.3,44.4,45.3
12:23:41.452,82.8,56.9,71.7,72.3,65.5,63.8,66.3,71.1,69.5,68.1,67.1,64.2,61.3,63.7,59.5,57.1,52.2,51.0,46.9,43.0,46.5,44.9,46.5,48.3,47.6,45.9,50.1,48.0,42.4,41.5,41.1,40.5,40.2,40.5,41.1,42.2,43.2,44.2,45.4
12:23:42.452,83.0,57.8,72.4,70.4,65.5,69.7,71.3,70.3,69.0,67.9,65.5,66.8,66.9,64.8,59.4,56.6,50.8,48.5,47.6,41.5,45.4,46.2,46.6,46.8,46.9,44.2,46.0,45.1,39.8,39.8,39.1,38.7,39.4,40.6,41.2,42.3,43.2,44.3,45.3
12:23:43.452,82.0,58.6,72.1,65.8,64.2,65.3,65.7,66.7,71.7,68.6,67.7,64.0,64.3,63.1,58.8,54.6,51.3,47.7,49.2,45.9,43.1,45.9,46.5,48.2,47.9,45.5,55.9,50.1,43.4,40.5,38.5,39.0,39.5,40.2,41.3,42.2,43.3,44.3,45.4
12:23:44.452,81.4,61.2,72.9,67.7,66.5,68.4,69.1,70.7,67.2,67.6,69.7,69.0,63.8,62.2,59.6,56.7,52.6,47.0,48.8,40.9,48.1,46.0,47.5,55.9,47.2,47.4,47.7,44.7,43.3,39.0,38.2,40.3,40.0,40.1,41.2,42.3,43.3,44.2,45.4
12:23:45.452,79.6,58.4,73.4,62.2,64.9,67.6,67.6,67.5,64.5,68.2,71.5,67.2,66.6,63.3,62.4,56.6,53.1,49.3,49.1,51.2,47.3,50.6,53.2,49.8,49.2,46.3,49.0,49.3,43.4,40.1,39.5,40.0,40.1,40.7,41.7,42.4,43.4,44.3,45.3
12:23:46.452,81.9,60.7,73.3,65.7,65.8,66.4,67.9,70.3,70.9,67.0,66.9,68.1,63.8,61.8,58.2,56.5,53.2,46.6,54.2,47.5,47.9,57.5,55.5,59.9,54.8,47.8,49.9,50.8,45.6,39.1,38.9,40.0,40.7,41.3,41.6,42.6,43.4,44.3,45.3
12:23:47.452,81.5,58.6,72.1,70.7,68.1,70.9,72.2,69.3,67.6,67.6,65.6,62.9,62.8,59.9,60.0,57.7,53.0,47.6,51.1,47.5,47.7,45.5,50.5,50.6,49.8,47.9,52.1,50.0,42.9,41.2,39.9,40.1,39.9,40.4,41.7,42.3,43.5,44.3,45.3
12:23:48.452,82.4,59.6,73.7,71.9,72.5,73.3,70.6,67.4,70.7,69.1,68.6,66.7,65.0,63.3,58.6,56.5,53.0,49.7,45.5,49.6,49.7,52.1,53.7,53.0,54.8,50.6,52.5,49.3,41.5,41.4,40.5,39.0,39.8,40.5,41.4,42.3,43.2,44.5,45.3
12:23:49.452,81.4,59.5,74.2,64.8,65.0,63.4,68.8,70.7,69.3,68.1,69.7,67.0,65.2,64.2,59.0,56.9,53.9,48.2,44.4,41.0,42.2,43.3,50.1,51.4,51.1,49.0,55.9,51.9,44.4,40.3,38.7,38.9,39.5,40.1,41.5,42.3,43.4,44.2,45.3
12:23:50.452,82.4,59.3,75.0,70.5,69.5,68.2,69.5,68.4,70.4,70.6,68.9,66.8,67.8,64.5,58.2,56.3,56.1,56.9,45.8,54.4,53.5,52.7,55.0,52.7,49.4,49.3,51.4,49.2,43.9,41.6,39.8,39.4,40.0,40.5,41.2,42.2,43.3,44.3,45.4
12:23:51.452,83.2,60.1,75.2,68.9,71.1,69.1,69.0,69.6,72.5,70.6,69.5,67.3,67.3,68.3,62.4,56.2,52.0,50.2,46.1,42.7,43.1,44.7,48.5,50.5,48.4,50.0,56.5,51.1,42.0,38.5,38.4,38.6,39.2,40.3,41.5,42.3,43.3,44.2,45.4
12:23:52.452,82.8,57.1,75.2,65.6,61.9,66.5,72.4,74.1,70.5,73.0,72.9,65.5,67.4,65.8,59.4,54.8,53.7,52.7,48.4,49.5,43.3,44.5,49.7,48.9,44.5,47.9,48.7,44.4,38.1,37.4,38.1,38.8,39.6,40.3,41.5,42.3,43.3,44.3,45.4
12:23:53.452,82.4,60.2,74.5,64.5,65.7,64.1,67.7,72.2,69.4,70.3,69.9,68.2,69.0,62.6,59.9,57.0,51.7,51.9,46.8,55.4,51.6,46.5,55.1,51.7,50.1,49.0,54.0,47.2,42.3,38.6,38.0,39.1,39.4,40.4,41.4,42.3,43.2,44.2,45.4
12:23:54.452,80.8,58.3,73.4,70.9,70.2,67.7,69.3,67.0,68.2,65.3,66.1,67.2,68.5,65.3,59.5,57.7,55.4,53.4,50.7,54.7,48.5,52.1,53.3,50.5,48.8,47.8,50.1,46.9,39.9,38.1,38.1,38.8,39.8,40.4,41.3,42.3,43.2,44.4,45.3
12:23:55.452,83.2,59.4,72.9,71.6,69.2,69.2,72.0,72.3,68.9,64.8,67.5,67.7,63.5,59.6,57.6,60.9,50.8,56.1,57.2,49.1,44.4,54.3,52.0,56.7,47.9,48.0,52.0,46.8,40.6,37.3,37.7,38.7,39.2,40.2,41.2,42.1,43.2,44.2,45.2
12:23:56.452,81.6,58.9,73.5,66.8,62.6,66.7,67.4,68.8,72.0,71.7,68.2,66.0,64.6,61.0,58.9,59.5,55.2,57.6,56.1,54.7,51.4,54.3,55.2,51.5,48.6,46.6,48.3,46.7,41.2,39.8,38.6,38.6,39.7,40.5,41.5,42.2,43.3,44.2,45.3
12:23:57.452,82.6,58.1,72.3,67.2,67.8,69.1,66.4,66.5,71.2,66.2,65.7,62.7,61.9,56.4,59.2,61.0,56.5,55.1,46.7,48.5,48.4,47.0,53.6,51.9,47.9,44.1,51.2,47.0,41.6,38.0,37.7,38.6,39.6,40.1,41.2,42.3,43.2,44.4,45.3
12:23:58.452,82.4,56.3,71.6,74.5,71.2,66.3,62.9,68.6,68.2,67.0,63.2,64.2,62.6,57.5,56.5,62.4,52.0,48.8,51.4,50.4,41.0,45.2,50.4,48.4,48.2,45.3,43.5,43.0,39.2,36.8,37.6,39.1,39.4,40.1,41.1,42.3,43.2,44.2,45.2
12:23:59.452,81.4,56.4,71.3,65.8,61.8,65.6,67.8,66.5,67.1,67.7,67.2,64.1,59.6,58.8,55.9,57.4,48.3,48.3,47.2,52.4,55.5,45.6,50.2,49.8,47.0,42.7,44.2,42.9,38.4,37.2,37.8,38.3,39.3,40.3,41.2,42.3,43.3,44.2,45.3
12:24:00.452,80.1,63.3,71.5,68.5,65.6,70.3,69.3,65.7,65.6,68.5,65.1,62.8,60.9,57.9,57.3,55.3,57.6,49.9,50.8,51.6,49.8,50.6,53.7,59.8,54.9,51.6,58.3,50.0,45.1,40.4,42.3,44.3,42.0,40.9,41.5,42.5,43.1,44.3,45.3
12:24:01.452,79.4,62.1,71.0,66.6,68.7,69.3,68.2,58.9,65.4,69.3,63.7,61.2,61.9,60.7,57.1,54.6,60.6,54.6,54.8,47.9,47.0,47.2,50.6,48.9,46.1,49.9,51.6,49.2,40.1,40.8,40.6,39.1,39.7,40.5,41.3,42.3,43.4,44.3,45.5
12:24:02.452,80.6,54.8,71.3,71.6,72.3,68.6,69.3,69.6,68.2,67.9,64.6,64.3,60.9,59.7,58.5,53.2,62.1,50.0,47.7,43.5,41.5,41.8,44.8,47.5,45.4,43.4,42.5,41.3,37.1,37.3,37.8,38.5,39.4,40.0,41.1,42.3,43.1,44.3,45.2
12:24:03.452,79.3,54.7,69.9,67.7,66.7,70.1,74.6,70.1,63.4,63.8,64.9,62.7,61.7,58.6,55.0,54.5,61.6,52.3,47.1,44.9,44.7,42.7,46.1,47.3,46.7,41.3,42.3,41.9,36.7,37.1,37.9,38.7,38.8,40.2,41.4,42.3,43.1,44.3,45.4
12:24:04.452,79.5,63.8,70.5,70.0,69.5,68.5,72.6,72.2,66.6,65.0,58.7,56.8,57.4,57.5,54.2,52.5,59.7,50.8,46.4,47.8,54.5,54.7,51.8,61.9,54.0,53.5,59.0,51.8,46.2,48.0,43.3,42.9,40.6,40.9,41.6,42.1,43.3,44.4,45.2
12:24:05.452,80.0,62.8,70.5,70.6,72.8,71.5,68.1,71.0,66.1,62.7,62.1,63.6,59.6,57.7,57.5,53.9,58.6,49.9,47.8,47.4,47.2,47.2,50.7,58.5,57.1,50.5,48.4,52.9,51.3,42.9,39.3,39.3,40.0,40.7,41.7,42.5,43.3,44.2,45.3
12:24:06.452,80.6,57.6,69.9,71.2,65.7,66.8,71.1,70.8,67.3,61.4,61.8,61.8,61.4,57.2,55.2,53.6,58.0,49.4,43.1,47.2,44.4,42.8,45.9,47.0,50.7,43.1,48.1,48.3,43.9,38.9,38.5,38.6,39.5,40.3,41.2,42.5,43.1,44.4,45.2
12:24:07.452,79.5,56.6,69.7,66.2,68.4,69.1,71.6,70.4,65.3,62.4,66.1,64.4,61.7,59.0,53.0,51.1,55.7,47.2,43.4,43.9,42.4,41.0,43.4,46.0,45.1,42.3,49.0,42.4,37.4,37.6,38.4,38.9,39.4,40.3,41.4,42.5,43.4,44.3,45.4
12:24:08.452,81.7,54.2,70.1,70.1,72.5,73.8,68.3,70.8,68.7,62.8,62.2,63.4,63.2,58.8,57.3,53.7,55.0,46.9,46.6,45.0,44.2,41.4,44.4,47.3,45.0,41.5,43.9,40.4,36.3,37.6,38.2,38.4,39.2,40.3,41.3,42.3,43.3,44.2,45.4
12:24:09.452,82.1,54.4,69.2,71.4,66.3,65.9,67.4,68.8,68.4,64.7,61.1,62.7,59.8,59.2,56.7,51.5,53.5,47.4,44.1,43.2,40.8,39.5,45.5,46.1,44.9,42.7,49.7,42.3,37.7,37.4,37.7,38.4,39.5,40.1,41.3,42.3,43.3,44.4,45.4
12:24:10.452,80.5,54.2,69.7,67.2,65.1,64.9,70.6,67.3,66.4,67.3,63.4,61.7,58.9,58.6,56.4,53.0,48.7,44.9,45.8,43.4,39.7,41.6,50.1,46.2,44.1,41.9,44.1,40.4,37.6,37.9,37.9,38.1,39.3,40.3,41.0,42.2,43.3,44.2,45.2
12:24:11.452,83.2,55.4,69.5,68.1,64.1,70.7,70.2,67.9,67.7,67.6,61.7,61.5,61.5,59.0,57.3,54.4,48.8,45.6,46.9,45.0,39.5,47.1,49.5,50.7,44.4,42.3,43.6,41.7,41.7,42.6,38.6,38.7,39.2,40.1,41.1,42.2,43.4,44.4,45.4
12:24:12.452,81.5,53.9,70.4,70.2,68.3,72.5,69.4,65.9,67.6,65.0,63.1,62.0,58.3,59.1,57.4,53.1,48.6,44.3,46.1,42.3,41.1,45.7,46.8,46.0,45.8,42.0,45.0,41.7,38.4,37.5,37.3,38.2,39.1,40.2,41.3,42.4,43.5,44.4,45.3
12:24:13.452,81.7,54.6,70.2,64.8,68.0,72.8,68.4,63.1,67.1,69.2,65.5,61.4,57.1,58.1,59.7,56.6,50.4,46.2,46.0,48.7,41.6,43.7,46.5,47.6,46.0,43.4,48.1,44.2,38.1,36.5,37.8,38.4,39.5,40.4,41.3,42.2,43.3,44.2,45.3
12:24:14.452,82.5,54.4,71.1,72.0,69.3,69.1,70.1,68.1,69.8,66.9,67.0,64.7,61.3,59.1,57.1,56.4,48.7,44.3,44.0,41.9,39.3,43.2,44.1,45.4,43.6,42.0,46.8,42.3,37.0,36.3,37.5,38.2,39.2,40.0,41.2,42.3,43.4,44.3,45.4
12:24:15.452,82.5,53.6,72.6,65.1,68.0,68.3,68.1,68.2,69.0,70.4,67.8,67.6,64.2,58.5,57.8,53.9,48.5,46.6,46.9,41.6,39.5,44.2,43.7,46.4,43.9,40.0,42.3,40.8,36.3,36.7,37.2,38.2,39.3,40.5,41.5,42.2,43.3,44.4,45.3
12:24:16.452,81.5,57.4,71.9,60.6,65.1,68.8,66.5,65.7,67.0,69.3,68.5,63.5,62.9,60.2,58.5,51.8,50.0,46.1,47.7,47.1,40.2,50.6,50.6,52.0,46.5,43.3,45.8,47.0,45.6,40.4,38.8,39.5,39.6,40.3,41.4,42.3,43.2,44.3,45.3
12:24:17.452,79.6,56.5,72.1,61.0,66.8,71.8,71.5,67.1,68.3,69.6,69.3,65.3,63.8,60.1,58.4,56.2,51.8,50.1,49.7,51.2,52.0,54.6,49.1,52.2,46.5,41.8,43.8,43.5,40.9,38.2,39.7,39.6,39.8,40.7,41.5,42.1,43.1,44.2,45.3
12:24:18.452,79.7,55.4,71.7,70.4,67.8,65.2,65.4,69.4,68.7,66.5,68.7,64.7,61.1,56.6,57.4,56.3,49.6,43.8,45.7,50.9,42.1,46.5,48.0,52.0,43.6,42.5,44.7,44.7,42.1,37.7,41.1,40.7,39.8,40.3,41.3,42.3,43.4,44.2,45.4
12:24:19.452,78.7,53.8,70.7,68.4,67.0,72.0,71.0,67.7,68.1,67.8,65.4,61.2,60.5,60.4,58.5,54.3,50.0,47.2,47.4,42.5,41.6,46.9,49.0,47.7,44.6,41.1,43.6,42.2,37.7,36.5,37.8,39.2,39.5,40.3,41.2,42.3,43.2,44.2,45.3
12:24:20.452,79.2,54.2,70.3,67.1,64.6,64.4,67.3,68.8,65.6,68.1,65.7,61.9,62.4,59.9,56.3,55.7,49.6,46.3,45.9,46.1,43.5,44.6,47.0,47.6,43.5,40.2,45.1,43.4,39.7,36.6,37.8,38.8,39.5,40.4,41.1,42.1,43.2,44.4,45.3
12:24:21.452,79.9,52.7,70.1,61.9,70.0,72.5,69.0,69.6,69.1,64.4,66.9,60.5,59.9,56.2,52.6,52.4,48.2,45.3,42.5,40.3,39.8,40.0,42.5,43.8,44.0,39.1,43.0,40.7,35.7,36.2,37.4,38.2,39.6,40.2,41.2,42.3,43.3,44.4,45.3
12:24:22.452,78.7,57.5,70.3,70.6,67.9,63.1,63.8,67.4,69.4,66.4,67.1,63.0,59.8,60.8,54.2,52.5,47.7,47.4,46.6,50.0,49.2,47.3,51.4,52.6,50.0,49.0,52.6,44.1,42.9,40.3,38.6,39.2,39.7,40.6,41.4,42.3,43.3,44.3,45.4
12:24:23.452,78.5,53.1,69.1,70.8,69.7,68.3,67.4,67.0,67.9,62.0,66.2,61.1,58.7,56.3,56.1,52.0,47.5,44.0,44.4,42.1,39.8,41.9,45.5,45.6,43.5,41.8,43.8,41.5,36.5,37.0,37.5,38.3,39.3,40.1,41.2,42.2,43.2,44.4,45.3
12:24:24.452,79.2,57.1,68.0,59.4,65.1,61.8,61.1,61.6,64.1,66.0,62.0,57.7,59.4,56.0,54.7,51.6,46.5,47.2,43.3,50.5,57.6,49.5,49.3,53.6,50.0,47.1,46.7,42.6,39.4,38.6,37.7,39.9,39.6,40.2,41.4,42.3,43.3,44.3,45.3
12:24:25.452,80.7,55.9,69.0,69.0,64.1,64.5,64.2,64.4,69.6,65.2,65.2,60.7,57.0,56.4,54.2,55.5,48.3,45.2,44.1,58.0,54.5,41.9,50.9,47.8,44.6,40.7,41.4,41.7,37.8,39.1,37.8,38.9,39.4,40.7,41.5,42.2,43.1,44.3,45.2
12:24:26.452,78.0,55.5,67.5,68.7,66.5,62.3,60.7,61.8,64.0,62.2,63.1,60.5,55.3,54.5,54.2,58.0,51.2,44.4,52.7,52.4,40.4,46.4,47.6,49.4,48.0,46.2,47.8,41.0,37.4,37.3,37.7,38.6,41.0,41.8,43.0,42.6,43.3,44.2,45.3
12:24:27.452,77.1,54.3,66.9,60.5,63.3,65.5,63.7,65.2,63.5,63.2,61.9,56.1,56.6,54.4,54.9,56.1,49.9,44.3,47.7,43.0,40.2,46.1,46.3,47.6,45.2,41.0,42.7,41.9,38.8,37.6,37.6,38.6,39.0,40.5,41.2,42.1,43.4,44.3,45.5
12:24:28.452,76.5,57.5,66.9,62.9,66.2,66.2,60.0,63.3,64.2,64.4,60.0,58.9,54.5,52.6,55.9,54.6,50.0,45.1,49.5,55.4,40.6,44.6,49.4,50.5,50.3,47.8,45.7,43.2,39.8,43.0,40.8,39.6,40.1,40.3,41.2,42.0,43.4,44.3,45.2
12:24:29.452,80.4,55.2,67.9,74.4,68.0,65.6,66.3,56.4,59.8,63.1,63.6,60.2,61.8,54.9,53.8,58.9,48.9,44.1,46.6,42.5,39.9,44.0,45.4,49.1,47.0,44.1,43.6,41.6,36.4,37.0,37.6,38.2,39.2,40.0,41.3,42.3,43.3,44.3,45.2
12:24:30.452,77.7,54.4,66.6,59.1,60.8,64.6,64.6,64.7,62.5,62.4,57.9,60.1,57.5,54.0,54.3,57.1,50.4,44.6,45.1,50.4,42.0,46.9,46.5,47.3,45.4,44.2,43.5,40.7,37.8,38.0,37.8,38.5,39.1,40.0,41.2,42.2,43.2,44.3,45.4
12:24:31.452,78.4,62.4,69.1,67.4,69.5,67.8,64.8,62.9,63.3,61.8,61.9,59.6,58.5,54.6,52.5,58.0,53.7,51.0,48.0,55.3,54.2,55.2,54.5,54.7,56.4,52.6,49.1,51.5,48.2,43.4,45.9,43.4,42.5,40.7,41.7,42.3,43.2,44.3,45.3
12:24:32.452,80.3,54.5,67.7,68.1,65.8,69.2,68.2,60.7,60.3,64.6,62.0,61.4,58.9,53.6,56.2,59.6,48.9,45.4,44.4,42.4,43.8,47.8,48.1,43.4,43.4,41.3,43.6,43.6,38.5,36.9,37.4,38.5,39.3,40.3,41.2,42.3,43.3,44.4,45.4
12:24:33.452,77.5,56.7,68.0,63.7,67.3,63.3,60.0,65.1,62.4,63.6,62.9,59.1,57.3,52.3,54.2,60.4,51.2,45.9,46.2,49.0,45.9,49.6,52.5,49.9,47.5,45.8,47.2,43.5,39.6,37.9,38.2,39.6,39.8,40.3,41.3,42.1,43.2,44.2,45.4
12:24:34.452,79.8,53.9,67.5,70.3,66.9,67.6,65.1,60.7,60.5,64.7,60.0,56.1,57.3,52.7,54.1,61.8,51.7,47.9,45.8,42.8,41.0,42.3,46.1,45.5,45.1,41.9,42.0,41.7,36.3,36.8,37.4,38.6,39.4,40.3,41.1,42.3,43.3,44.3,45.3
12:24:35.452,77.9,54.6,68.4,68.4,70.2,68.3,64.7,67.3,62.3,63.0,62.3,61.1,57.6,54.5,55.1,59.5,55.0,46.5,47.6,49.1,46.3,49.1,45.9,46.3,45.5,42.0,43.4,42.5,36.4,37.9,37.9,38.4,39.3,40.4,41.4,42.2,43.1,44.4,45.3
12:24:36.452,79.9,54.4,68.1,68.7,67.9,65.4,62.0,61.4,67.7,60.1,61.4,61.7,56.6,57.3,55.5,61.9,53.5,47.4,47.0,48.7,44.4,43.0,45.3,45.6,45.9,42.2,43.0,41.6,36.4,36.6,37.4,38.2,39.4,40.3,41.4,42.4,43.3,44.4,45.3
12:24:37.452,79.0,54.5,67.2,70.7,69.2,67.3,64.2,65.8,62.4,57.7,62.3,55.4,57.4,56.4,57.0,57.5,54.7,53.8,51.7,46.2,45.1,44.2,46.5,47.3,45.6,42.5,44.2,42.4,36.9,37.3,37.7,38.6,39.4,40.3,41.0,42.2,43.4,44.3,45.2
12:24:38.452,79.7,53.6,68.2,69.7,65.8,64.8,63.8,64.6,66.6,63.5,59.9,57.0,58.2,53.3,56.6,59.6,50.7,45.3,45.0,41.6,41.8,42.1,44.1,44.7,45.0,41.6,43.6,41.7,36.5,37.3,37.6,38.2,39.0,40.2,41.5,42.2,43.3,44.3,45.4
12:24:39.452,78.6,53.4,67.5,65.6,67.9,70.9,67.8,65.4,64.7,59.6,59.3,61.9,56.6,56.3,58.1,56.5,49.4,44.1,44.3,43.6,42.1,42.0,44.5,45.1,46.0,41.9,42.8,41.1,36.1,36.7,37.7,38.8,39.6,40.7,41.4,42.4,43.3,44.2,45.4
12:24:40.452,80.0,53.3,69.0,70.3,72.7,71.8,67.8,65.3,68.4,66.2,62.6,58.7,58.5,55.0,56.0,58.5,50.8,44.1,45.6,41.6,39.2,39.8,43.8,45.5,43.9,40.7,44.6,41.5,36.8,36.4,37.7,38.5,39.4,40.2,41.3,42.2,43.3,44.2,45.3
12:24:41.452,78.7,53.2,68.1,70.9,71.1,71.8,70.9,64.5,66.6,61.3,57.0,55.8,57.8,53.2,55.5,61.2,50.8,45.7,46.9,42.9,40.1,42.6,44.1,44.2,43.5,40.3,43.1,41.7,36.7,36.3,37.2,38.2,39.4,40.1,41.2,42.1,43.2,44.3,45.3
12:24:42.452,82.0,53.0,68.2,67.6,69.6,71.1,66.5,64.2,66.5,60.5,58.9,57.5,53.6,56.8,54.9,61.8,50.5,45.4,44.8,44.3,41.2,38.7,43.9,44.0,43.2,41.2,42.4,42.0,35.9,36.2,37.1,38.1,39.1,40.3,41.3,42.2,43.3,44.2,45.2
12:24:43.452,76.9,53.9,68.1,65.3,66.6,67.4,66.7,63.3,65.9,62.8,61.2,58.2,55.4,55.2,55.3,62.8,50.6,45.5,47.6,48.3,40.7,41.6,48.9,45.5,44.5,41.7,46.0,41.8,36.3,36.4,37.1,38.0,39.2,40.3,41.3,42.1,43.3,44.3,45.4
12:24:44.452,81.0,52.9,68.5,70.7,66.0,67.2,68.6,63.7,66.4,64.5,62.1,60.0,56.7,55.9,53.9,57.6,50.0,45.4,47.5,43.7,43.3,39.4,43.3,43.3,44.3,40.9,43.4,41.1,35.9,36.5,37.4,38.2,39.1,40.2,41.3,42.2,43.2,44.3,45.3
12:24:45.452,80.1,52.6,69.0,69.4,66.3,62.6,65.1,70.2,72.1,63.2,61.9,60.1,55.9,53.2,53.4,55.6,50.4,45.3,46.4,43.7,42.2,40.2,40.5,40.6,42.6,40.9,42.6,40.6,35.9,36.7,37.4,38.3,39.3,40.1,41.2,42.3,43.0,44.3,45.3
