AMBIENT,65.1,59.6,62.0,47.8,46.6,44.1,46.6,48.0,44.9,46.5,49.5,51.1,46.5,43.1,48.0,39.5,38.4,37.9,40.3,47.6,48.4,52.4,52.7,55.4,46.9,49.4,53.4,47.3,43.7,40.1,40.4,35.0,33.1,26.6,25.8,21.1,19.2,17.1,16.0
12:19:52.600,63.5,58.9,61.9,45.0,40.6,40.8,44.6,48.0,45.7,45.7,49.4,52.2,47.6,42.2,47.7,40.5,38.7,37.7,42.2,41.5,39.8,48.7,50.5,62.8,47.1,48.1,40.0,27.8,27.6,34.6,33.0,30.5,24.9,24.5,19.4,17.4,16.9,16.2,15.9
12:19:53.600,67.9,63.7,65.5,48.7,43.9,42.7,47.5,45.8,40.6,45.1,49.4,51.2,42.8,42.2,48.2,39.4,36.8,38.9,46.7,54.5,54.1,60.5,60.0,56.3,53.6,56.0,61.4,54.8,50.8,47.3,47.9,42.5,39.8,32.3,31.3,26.0,23.5,20.2,16.6
12:19:54.600,64.3,39.9,54.9,47.4,44.5,39.2,44.4,48.0,44.7,46.4,50.5,51.5,46.4,43.5,47.7,38.9,38.7,37.3,33.3,31.6,34.3,36.9,34.8,32.3,30.0,25.5,23.8,22.9,22.7,21.9,23.4,22.6,18.6,17.1,22.4,15.9,14.7,15.2,15.8
12:19:55.600,62.2,39.4,54.6,45.6,41.0,42.8,45.8,49.1,42.3,44.4,50.0,51.5,44.4,46.0,47.5,39.4,37.2,36.2,33.7,30.7,34.7,35.6,35.0,32.0,30.0,26.6,28.0,22.7,22.3,20.7,19.0,16.5,15.3,14.5,14.0,14.1,14.5,14.9,15.6
12:19:56.600,64.6,40.8,55.3,53.2,51.1,44.2,45.0,49.5,46.4,47.1,50.6,51.4,45.8,46.2,47.3,40.9,39.4,37.2,35.3,35.8,38.9,37.1,36.8,32.4,29.0,25.9,24.0,22.5,22.7,21.8,21.2,20.3,15.5,14.4,15.9,14.6,14.8,15.4,16.2
12:19:57.600,63.8,44.1,55.6,49.9,46.5,42.5,45.0,47.7,47.8,45.7,49.8,50.1,46.4,45.0,49.4,41.4,39.6,38.2,33.6,35.1,37.2,35.5,35.4,36.5,34.8,30.7,26.2,29.6,26.7,31.8,25.8,28.1,33.4,28.6,25.3,21.8,21.6,16.9,15.9
12:19:58.600,65.1,42.0,56.0,48.4,49.1,44.3,44.8,50.1,46.1,44.3,49.7,52.5,46.8,44.9,48.7,41.7,40.4,39.1,34.3,34.7,36.6,35.4,35.3,32.8,30.0,29.4,27.1,28.8,26.4,31.1,24.6,26.7,31.4,27.0,23.4,20.2,19.6,16.5,15.7
12:19:59.600,67.5,46.7,66.2,45.7,47.2,46.7,46.6,49.7,44.5,47.5,51.7,51.9,46.3,49.5,50.4,44.7,41.0,38.4,35.5,37.2,38.9,35.1,35.5,34.4,34.7,28.8,28.0,26.3,25.2,24.4,24.1,22.8,22.3,22.5,24.0,21.0,18.3,17.1,16.3
12:20:00.600,89.3,71.2,85.6,81.3,75.7,74.7,76.3,76.1,74.3,69.8,66.6,70.3,66.3,70.2,71.9,72.4,75.7,85.5,74.7,59.9,63.5,54.3,56.1,55.9,55.5,53.2,49.3,42.8,32.3,23.4,19.3,16.7,16.0,14.2,14.0,14.0,14.5,14.9,15.6
12:20:01.600,93.3,63.9,89.2,71.9,72.1,76.0,76.3,77.8,80.1,76.9,77.8,80.1,76.5,74.8,72.7,71.6,67.7,67.0,60.4,55.2,47.6,46.0,47.0,48.4,50.6,49.4,45.3,37.9,27.3,22.2,19.9,19.3,20.5,19.2,16.7,15.4,15.1,15.1,15.7
12:20:02.600,101.9,74.8,99.0,84.3,85.9,84.3,85.1,90.0,91.0,88.4,91.9,88.8,93.2,92.1,92.5,85.0,82.9,77.6,71.3,64.1,54.4,51.3,51.9,53.0,53.6,53.4,49.9,43.5,33.7,28.4,25.2,26.0,28.8,25.5,24.6,20.1,18.8,16.2,15.8
12:20:03.600,103.9,79.2,101.5,82.0,84.8,91.4,92.5,89.4,90.6,89.8,93.8,94.3,95.9,95.4,92.9,90.0,86.8,84.5,78.9,72.8,63.8,62.2,61.4,63.7,61.5,61.9,58.4,52.5,43.1,29.5,21.2,18.3,16.1,16.8,18.2,15.0,14.8,15.0,15.6
12:20:04.600,105.9,86.3,104.4,76.7,81.7,86.6,88.5,90.9,94.4,94.3,94.8,96.4,97.1,97.2,97.4,96.2,93.0,94.5,86.6,81.9,74.7,72.2,70.2,70.6,70.4,70.0,67.7,63.3,57.3,48.8,37.7,27.4,17.7,14.4,14.0,13.9,14.2,14.8,15.6
12:20:05.600,108.7,90.4,107.2,82.6,87.5,87.5,88.4,97.4,95.8,94.7,98.1,97.3,99.3,100.6,97.9,98.4,99.6,96.7,92.7,88.0,81.8,79.6,78.0,76.8,77.7,75.4,73.4,69.8,64.7,57.1,51.2,40.7,31.7,22.3,15.5,14.3,14.5,14.9,15.6
12:20:06.600,113.3,94.9,112.0,90.7,89.3,92.1,94.3,99.1,98.4,98.7,98.2,103.2,107.4,104.9,105.1,103.3,100.8,101.8,97.5,94.9,89.0,84.2,82.5,83.4,82.9,79.7,80.0,77.2,73.2,68.2,64.0,57.5,52.7,45.7,39.5,33.5,28.8,23.0,18.0
12:20:07.600,114.5,96.7,113.0,87.5,89.9,94.3,98.2,100.1,101.1,101.9,104.8,102.9,106.1,105.1,104.9,104.3,103.7,101.7,98.3,95.9,90.7,87.0,84.0,84.5,84.2,82.3,82.2,80.5,78.8,75.3,70.7,66.5,61.5,56.9,50.7,43.1,35.3,29.5,20.3
12:20:08.600,114.6,97.1,112.9,86.7,86.3,92.4,100.6,99.8,101.9,102.8,100.9,104.1,105.2,106.6,104.4,103.8,103.2,101.8,99.4,97.3,92.7,87.5,85.2,84.9,84.3,82.4,82.2,81.0,79.9,77.2,72.8,66.8,63.6,58.7,53.2,47.8,40.4,34.7,27.5
12:20:09.600,114.1,94.9,112.2,90.3,95.2,98.1,98.8,101.1,100.4,104.6,105.1,105.8,105.4,103.6,103.5,103.9,101.3,99.9,98.1,96.1,91.1,83.8,80.6,81.5,81.6,79.9,78.3,76.7,74.4,71.6,65.4,57.6,53.2,47.6,40.3,34.0,29.1,21.9,16.2
12:20:10.600,111.6,90.9,109.6,87.5,93.8,95.9,95.8,96.5,97.5,101.6,102.6,100.3,99.3,102.6,101.8,100.2,97.9,95.4,93.5,90.1,85.5,79.8,76.3,76.1,76.6,75.6,71.7,69.8,65.3,57.1,48.9,40.7,32.3,29.0,24.3,20.1,18.9,16.2,15.9
12:20:11.600,110.9,90.7,109.0,89.6,86.8,94.2,93.3,93.5,99.5,101.3,101.8,99.0,102.2,103.0,101.1,100.9,94.6,96.2,92.3,89.7,83.2,79.0,77.3,77.3,78.1,80.2,78.5,74.9,69.5,63.1,57.0,49.9,39.7,31.6,25.5,16.3,15.3,15.2,15.5
12:20:12.600,113.6,93.3,111.4,92.0,89.3,95.6,99.2,98.5,102.9,102.8,102.0,104.9,106.0,104.5,102.6,100.6,98.7,97.2,94.0,91.2,85.0,84.9,84.5,82.5,81.1,80.2,79.5,76.5,69.8,65.4,59.0,50.5,43.2,34.1,26.4,19.0,15.4,14.9,15.3
12:20:13.600,116.2,103.2,114.9,87.1,89.3,89.9,97.6,98.3,104.2,101.6,104.9,108.1,109.3,106.1,105.8,106.7,103.4,102.3,97.8,94.6,92.6,93.3,94.6,95.6,95.8,94.9,93.2,90.5,89.3,87.9,83.8,79.8,77.0,74.0,71.0,66.7,59.8,52.4,43.3
12:20:14.600,116.4,103.7,115.1,91.3,94.3,95.9,99.4,99.0,99.3,103.3,106.2,109.4,106.8,107.7,105.9,104.9,103.7,100.7,98.1,97.0,93.3,93.0,94.2,95.5,96.2,94.7,93.5,90.2,88.0,86.0,82.2,81.4,78.8,75.3,72.5,69.0,64.6,60.2,52.9
12:20:15.600,116.4,101.3,114.8,90.1,94.8,92.9,92.5,95.5,101.8,107.1,104.0,108.1,110.2,108.9,105.4,105.1,100.9,101.5,95.8,91.3,91.5,95.1,94.3,94.5,93.0,90.0,88.8,88.9,87.2,84.8,80.1,75.3,72.2,66.4,61.2,55.3,47.8,41.1,32.0
12:20:16.600,115.3,101.9,113.7,87.6,88.8,92.6,96.4,99.6,101.9,102.9,103.9,103.3,105.2,104.5,105.0,103.7,101.6,99.4,95.6,93.0,94.4,97.0,97.4,96.7,93.7,89.0,90.4,87.5,85.2,81.9,78.5,74.5,69.2,62.5,55.4,48.0,37.9,26.8,18.6
12:20:17.600,116.7,101.8,115.4,88.3,94.1,97.5,99.4,98.8,103.2,104.1,106.8,108.7,109.5,109.2,108.2,108.8,104.0,99.6,96.1,93.4,96.4,98.2,98.3,96.4,91.4,91.7,90.8,87.3,85.6,84.2,80.7,76.2,71.4,65.6,59.6,54.2,47.9,41.5,32.5
12:20:18.600,117.3,101.9,115.5,89.0,93.5,98.7,100.7,103.7,105.2,106.4,106.7,109.0,109.9,107.8,108.8,106.2,103.4,99.4,93.1,91.8,96.5,97.1,96.5,94.2,90.1,93.8,90.6,89.8,86.6,85.1,81.7,77.3,73.3,67.8,62.7,57.0,50.5,43.3,35.0
12:20:19.600,118.3,101.6,116.2,84.8,93.8,100.5,102.5,99.5,104.1,109.8,109.6,110.7,111.5,108.9,107.2,103.6,101.2,98.7,91.3,91.9,96.6,97.6,96.3,90.9,91.4,93.0,89.1,88.8,87.1,86.2,82.1,77.9,75.3,70.9,66.0,60.3,51.4,42.6,32.2
12:20:20.600,119.8,102.6,117.6,84.6,91.5,94.9,99.0,103.8,107.3,109.0,112.8,110.7,112.4,111.2,107.1,104.9,101.2,97.2,93.0,95.0,98.9,99.7,98.3,92.2,94.7,93.4,91.3,89.2,87.4,83.8,80.0,75.3,71.9,67.3,62.4,56.3,49.2,41.7,33.2
12:20:21.600,119.6,103.2,116.6,95.6,100.1,99.4,101.0,105.1,111.5,112.1,113.5,108.6,108.9,107.6,105.4,105.1,100.8,94.5,93.0,95.3,98.3,98.8,95.3,92.2,95.4,93.3,93.2,91.1,89.3,87.5,84.0,79.8,75.7,70.6,68.0,65.4,59.7,52.1,44.7
12:20:22.600,119.5,103.8,117.2,93.7,97.1,96.9,102.7,106.8,106.7,112.0,111.7,112.5,111.1,106.8,107.7,103.0,98.2,95.6,94.2,97.9,100.1,99.5,94.7,91.4,94.9,92.1,93.0,90.8,90.2,88.8,86.4,83.9,82.1,78.6,75.7,72.2,67.7,62.5,56.1
12:20:23.600,119.7,105.7,117.1,92.8,95.0,102.4,105.2,105.5,111.3,110.9,111.2,110.7,110.7,106.8,105.7,104.0,98.7,96.0,99.3,101.2,103.7,101.3,95.1,98.2,97.7,95.8,94.6,93.6,91.9,89.8,87.5,84.3,81.8,78.7,75.3,72.2,68.5,63.9,57.4
12:20:24.600,119.7,101.9,116.6,96.6,99.7,102.8,101.7,106.0,107.9,111.1,113.8,110.9,107.9,105.4,105.3,100.7,94.6,92.7,96.8,99.8,100.1,97.2,90.1,95.3,91.1,92.4,89.9,87.6,85.2,83.2,80.1,75.4,72.2,67.4,61.5,55.5,48.8,42.4,36.8
12:20:25.600,120.7,100.3,116.3,99.5,101.7,109.2,114.5,112.3,109.5,114.5,111.6,107.8,109.3,105.7,104.2,101.1,93.9,90.6,96.9,99.3,99.2,93.3,92.9,95.2,89.8,90.3,88.3,85.2,82.4,79.8,77.6,71.4,67.0,62.4,58.7,53.4,46.2,40.6,32.2
12:20:26.600,118.3,99.4,114.5,101.2,103.4,106.1,105.9,110.6,110.0,112.1,111.5,106.6,106.1,102.0,103.0,99.2,91.7,91.7,97.8,98.4,98.5,91.9,92.1,90.5,90.2,87.1,87.0,86.2,84.2,82.3,79.4,74.7,71.9,66.9,62.1,57.2,50.8,43.5,34.0
12:20:27.600,119.7,99.0,115.3,101.3,102.5,102.3,105.4,108.9,111.8,112.4,110.6,108.5,107.3,103.2,100.9,95.9,89.6,93.9,99.9,99.0,95.9,88.9,92.6,88.4,90.9,87.6,86.0,83.2,81.4,79.2,76.4,71.3,66.5,63.2,58.3,54.1,48.1,41.4,33.1
12:20:28.600,118.8,100.3,114.7,97.3,102.0,106.8,104.8,107.4,110.9,113.2,110.6,105.4,107.0,105.5,99.0,96.7,93.0,95.2,99.9,100.4,96.1,92.1,95.9,90.9,93.2,91.4,89.3,88.7,86.8,85.2,82.3,77.6,74.3,69.1,63.4,57.7,48.5,40.1,30.1
12:20:29.600,116.9,98.1,112.3,101.8,101.5,101.4,105.4,104.3,106.2,109.4,107.3,106.3,104.8,103.6,98.5,93.9,89.1,95.6,97.6,97.3,92.3,91.0,93.1,88.9,89.8,88.6,85.5,84.5,80.2,76.7,73.0,68.4,64.4,56.4,47.8,37.4,28.2,18.7,15.6
12:20:30.600,117.7,99.6,113.4,99.7,102.1,107.6,110.5,108.3,110.2,110.8,107.5,105.8,106.8,103.2,97.1,94.8,93.8,98.7,100.6,99.2,94.3,93.9,94.7,91.6,90.3,89.2,87.5,85.6,83.7,81.8,79.4,74.4,70.9,66.7,60.8,53.1,45.5,34.2,23.6
12:20:31.600,118.0,101.1,113.5,96.5,101.9,108.0,110.3,110.2,108.1,106.4,109.1,108.1,102.9,100.2,96.5,90.2,91.6,98.0,101.2,100.1,93.7,96.6,94.9,93.4,92.0,90.5,89.3,87.1,84.7,83.1,79.7,75.2,72.0,67.5,62.2,55.7,48.3,40.7,30.2
12:20:32.600,117.5,101.2,114.0,97.9,99.7,101.7,106.6,108.5,107.1,110.9,111.3,106.2,104.2,101.6,97.2,91.6,93.6,100.1,103.1,99.6,93.5,97.6,93.5,94.4,91.5,89.9,88.4,88.0,84.7,82.7,80.4,76.9,74.1,70.3,67.5,63.8,58.8,54.1,46.3
12:20:33.600,118.4,99.8,113.0,103.1,105.8,110.5,107.7,110.4,110.9,107.7,107.4,106.4,105.9,101.0,94.3,88.4,96.1,100.0,101.5,98.1,92.6,96.4,91.2,93.1,92.2,90.4,88.3,87.0,84.4,82.9,80.5,76.7,72.3,68.2,63.3,58.3,51.8,46.3,40.6
12:20:34.600,116.9,97.3,112.3,99.4,103.7,105.7,108.0,110.4,107.6,107.7,106.9,107.0,104.5,98.9,94.5,87.0,95.8,100.0,100.2,94.7,91.3,93.0,88.5,90.7,88.2,87.2,85.4,83.1,80.4,77.5,72.8,69.2,62.8,55.9,47.2,39.3,30.2,20.5,15.7
12:20:35.600,116.0,95.0,110.1,101.4,104.4,108.2,108.1,106.0,104.1,107.3,108.7,101.8,101.0,98.4,90.8,83.8,92.5,95.5,95.9,90.6,90.9,91.9,89.0,88.8,87.5,85.2,83.1,80.6,77.1,74.3,69.0,64.1,58.3,50.6,41.2,33.1,21.4,15.8,15.7
12:20:36.600,114.7,97.1,110.5,98.0,98.7,100.0,104.2,104.2,103.6,109.8,105.3,102.1,100.3,94.9,91.5,88.3,96.6,99.6,97.3,90.0,92.9,92.5,89.5,89.0,88.6,87.6,84.7,82.9,80.0,77.7,73.7,69.7,64.0,56.9,51.1,44.7,36.4,26.4,17.3
12:20:37.600,115.5,95.1,109.8,99.3,103.6,103.2,106.2,105.7,106.6,103.9,104.0,102.3,100.1,95.0,89.9,87.8,95.5,97.8,96.4,88.9,91.2,88.4,87.9,85.8,84.5,82.6,80.8,79.7,76.4,74.0,70.3,66.0,60.2,51.7,43.1,32.4,23.1,17.2,15.5
12:20:38.600,114.6,93.9,108.6,95.3,105.2,108.4,106.9,105.6,106.4,104.2,101.7,101.3,99.3,94.2,87.4,86.8,94.9,97.1,93.0,86.1,90.5,87.7,88.5,86.5,85.3,83.5,82.0,80.9,77.7,75.6,70.5,65.9,60.6,52.9,45.0,36.1,25.4,16.4,15.2
12:20:39.600,114.9,93.9,108.5,103.0,104.4,107.0,107.5,107.4,105.2,104.4,102.3,102.0,99.2,91.5,87.3,90.6,96.7,97.2,93.6,87.6,92.0,88.6,87.4,84.6,82.9,81.6,79.2,77.0,72.3,69.5,64.3,57.7,49.5,39.5,31.0,26.6,23.3,20.4,17.1
12:20:40.600,115.2,94.6,109.0,104.5,105.9,104.1,105.1,107.3,108.0,104.3,102.6,100.6,96.0,92.0,83.5,87.0,94.2,96.5,93.6,87.5,91.4,86.7,88.2,85.8,84.0,81.8,80.0,77.2,73.3,70.8,65.6,59.8,55.5,48.3,42.1,34.9,25.3,17.4,15.5
12:20:41.600,112.6,92.1,106.9,96.7,102.4,103.4,103.8,104.0,104.2,102.4,103.7,98.9,94.6,90.9,83.1,88.1,94.7,96.8,92.4,85.7,89.8,86.0,87.2,84.0,81.0,78.8,77.1,73.5,69.9,66.0,59.9,52.8,44.8,34.1,22.8,16.6,15.0,15.2,15.5
12:20:42.600,112.2,92.3,106.8,100.1,97.8,99.8,99.7,101.2,100.9,101.4,102.2,99.4,95.5,91.1,86.2,89.7,95.6,95.5,91.6,86.2,89.5,83.5,86.0,84.4,81.0,78.8,75.3,73.3,71.0,68.2,62.6,56.3,50.7,43.0,36.8,29.8,21.9,16.6,15.4
12:20:43.600,110.9,91.3,105.8,99.2,100.3,102.4,100.7,96.0,98.0,104.3,101.7,100.6,94.9,90.6,83.6,91.3,94.4,95.0,89.2,87.5,88.9,85.1,85.0,84.0,82.3,80.7,76.4,73.3,71.1,65.5,57.8,51.3,42.8,31.3,19.5,14.3,14.0,14.8,15.5
12:20:44.600,109.1,88.2,103.9,95.4,96.7,101.6,100.5,101.3,99.1,99.7,98.6,96.8,95.1,87.8,83.4,88.9,94.1,95.0,86.8,85.7,85.9,82.5,82.1,80.9,77.9,75.4,70.5,65.7,61.6,55.6,46.8,38.2,28.4,18.4,17.0,15.5,14.9,15.0,15.5
12:20:45.600,106.4,87.2,102.7,93.3,93.2,88.4,93.4,95.0,97.5,98.8,96.9,98.2,93.7,84.3,83.8,88.9,91.8,94.0,85.6,84.2,85.7,80.4,79.8,76.7,74.4,71.8,66.2,61.5,56.6,50.1,41.5,32.9,22.4,15.8,19.8,15.6,14.1,14.7,15.4
12:20:46.600,106.8,85.1,101.9,92.6,96.4,98.4,98.1,95.5,99.3,98.5,97.2,96.5,89.2,83.9,84.4,88.7,91.0,91.3,82.2,84.6,84.1,79.2,77.0,76.2,74.3,70.0,64.5,58.5,52.8,44.4,33.1,21.4,16.3,14.9,16.1,14.1,14.0,14.7,15.5
12:20:47.600,106.7,83.5,102.4,92.3,96.7,94.2,93.2,94.3,90.9,99.1,100.5,96.5,90.7,82.0,82.9,88.8,90.2,89.0,80.6,82.6,82.0,78.7,76.1,75.0,71.6,66.9,61.8,56.1,53.2,45.6,35.3,24.2,15.3,13.3,13.0,13.2,13.7,14.4,15.3
12:20:48.600,105.9,84.8,101.0,94.6,94.0,96.9,94.3,93.4,97.4,96.8,96.4,94.3,93.2,85.2,83.7,89.5,90.9,89.7,82.0,84.1,83.8,81.3,78.3,76.0,73.5,69.1,64.9,61.3,57.8,52.8,44.7,34.3,25.0,15.8,13.5,13.5,13.9,14.7,15.2
12:20:49.600,106.9,82.6,101.1,92.9,92.8,97.5,98.0,97.9,98.5,96.6,94.6,93.9,90.4,82.5,80.9,85.3,91.1,88.6,81.0,83.8,81.4,77.9,74.0,72.1,68.6,64.2,58.9,52.1,45.8,37.0,25.6,16.9,13.4,13.5,20.2,14.8,13.8,14.6,15.2
12:20:50.600,104.1,81.1,98.2,95.7,92.5,88.5,93.1,93.6,92.7,92.1,88.6,92.0,86.4,80.3,83.4,88.1,89.7,89.3,78.5,80.5,77.0,75.1,71.1,69.7,66.1,62.3,57.9,51.7,46.0,37.9,26.7,16.9,13.6,13.9,14.9,13.7,13.8,14.6,15.4
12:20:51.600,105.7,82.3,99.8,92.3,92.0,89.1,92.2,93.6,93.3,97.0,95.4,90.6,88.4,80.0,82.4,85.8,90.5,88.0,77.0,82.2,79.8,78.0,73.2,71.8,67.6,62.0,55.2,45.4,36.8,29.9,23.9,27.7,31.6,26.3,23.9,21.0,20.7,16.0,15.5
12:20:52.600,104.4,79.2,98.6,93.6,92.5,91.8,95.2,93.7,97.3,95.5,94.5,90.5,86.1,77.9,83.3,85.6,86.6,87.8,76.0,79.0,76.7,73.9,68.0,64.1,58.7,51.3,43.8,34.5,26.8,21.2,18.1,15.2,15.8,15.5,15.7,14.4,14.0,14.5,15.3
12:20:53.600,105.0,77.9,98.8,91.4,92.8,96.9,95.9,92.6,94.0,96.0,96.1,92.8,87.3,79.3,81.5,86.4,87.5,85.4,75.5,77.9,74.7,73.3,67.9,64.9,60.3,54.4,49.3,41.6,34.4,26.8,21.9,25.4,28.7,23.2,21.4,19.8,18.5,15.6,15.4
12:20:54.600,102.5,78.4,97.0,89.1,90.3,89.3,89.7,90.4,91.7,93.2,93.5,90.9,87.0,79.3,82.6,84.3,87.2,84.5,76.0,79.5,75.3,73.4,65.6,60.9,55.0,48.6,40.7,32.8,24.9,22.5,20.1,19.4,21.2,18.1,15.9,15.0,14.8,14.8,15.5
12:20:55.600,103.2,76.9,97.7,92.5,94.8,92.8,92.0,95.0,94.3,92.6,93.9,90.6,85.3,78.6,83.2,86.2,85.8,83.4,72.3,76.9,72.7,70.8,64.8,61.7,58.7,53.7,46.2,35.8,26.0,21.2,18.9,15.7,14.5,14.7,18.4,14.5,14.1,14.8,15.3
12:20:56.600,103.1,75.0,96.1,90.3,89.2,90.1,92.3,93.8,92.0,93.3,92.0,87.8,84.3,79.0,80.4,85.7,84.2,82.4,72.1,76.4,69.9,66.4,61.5,59.1,54.2,48.8,42.4,33.9,25.3,20.9,18.8,15.8,14.1,13.5,13.0,13.5,13.9,14.5,15.4
12:20:57.600,102.2,74.6,96.0,91.4,88.5,85.0,90.7,92.0,95.3,90.5,92.4,88.7,83.8,75.2,79.9,85.5,84.1,81.5,71.3,74.8,69.9,71.1,64.2,59.0,52.6,47.1,41.9,33.8,28.1,25.9,25.5,24.1,23.5,24.3,24.0,23.0,19.8,17.9,16.5
12:20:58.600,103.7,73.5,96.0,93.3,93.2,94.2,90.0,90.1,94.8,93.0,86.6,86.1,83.2,75.5,81.3,84.3,82.6,79.9,69.2,72.6,67.5,66.8,61.3,57.6,51.5,46.6,42.4,33.8,23.9,23.0,20.8,16.7,14.7,14.3,14.5,14.4,14.4,14.9,15.5
12:20:59.600,102.9,72.2,95.2,82.1,90.1,94.9,95.8,97.8,93.1,92.3,91.3,85.8,82.7,74.2,78.7,83.3,82.4,78.6,68.5,73.1,68.7,65.8,61.4,57.6,52.1,47.5,40.6,34.2,26.6,24.9,24.3,23.1,22.8,22.9,23.0,21.3,18.8,17.0,16.0
12:21:00.600,102.8,72.2,95.6,88.6,91.0,90.9,91.1,93.0,94.1,93.3,90.3,90.1,83.1,78.0,79.4,83.9,82.3,79.7,68.5,72.2,66.1,63.0,57.3,54.0,50.0,46.2,41.5,36.0,24.8,21.8,19.7,17.0,16.0,16.6,15.2,15.0,14.6,14.8,15.3
12:21:01.600,101.1,72.0,94.0,92.9,90.1,91.6,93.9,92.7,94.7,90.2,87.4,87.4,79.9,76.6,80.5,83.4,82.5,78.2,70.0,73.6,67.9,66.2,59.8,56.1,51.1,45.9,42.7,38.8,26.9,21.5,19.4,16.5,15.8,15.0,21.0,15.4,14.3,14.8,15.3
12:21:02.600,102.4,70.5,94.4,93.1,93.5,94.5,90.5,88.2,94.2,94.0,87.8,86.0,80.3,74.8,78.1,80.2,79.9,78.9,68.8,70.5,62.5,59.8,55.8,52.5,50.9,46.2,42.6,37.8,27.4,21.2,19.1,16.4,14.3,13.0,13.1,13.4,14.0,14.7,15.4
12:21:03.600,102.1,70.5,94.2,87.1,89.0,92.8,93.0,87.9,90.4,91.7,88.7,87.9,83.5,76.3,79.1,80.3,81.6,76.3,67.2,68.7,63.4,61.5,56.2,52.8,50.5,46.6,40.0,35.3,25.5,21.3,19.6,16.1,14.0,13.4,13.4,13.9,14.1,14.6,15.4
12:21:04.600,101.7,70.4,93.5,91.9,96.4,95.0,93.0,90.2,92.2,91.8,90.0,85.2,76.6,73.5,78.1,79.8,80.5,76.7,69.1,72.7,66.7,64.1,58.2,52.9,50.2,45.0,40.3,33.1,24.9,21.3,20.1,16.9,13.9,14.7,15.0,13.6,13.8,14.6,15.4
12:21:05.600,103.1,71.6,94.4,89.0,94.9,96.9,91.0,91.9,93.4,93.3,90.0,87.4,81.7,74.4,80.5,83.6,81.9,78.8,69.1,72.1,65.6,62.6,54.9,51.7,47.9,45.2,41.9,34.0,25.0,22.6,20.8,16.5,13.9,13.3,12.9,13.2,13.9,14.6,15.4
12:21:06.600,104.1,68.8,94.5,96.7,94.6,90.4,92.3,93.6,93.3,91.5,87.9,86.0,81.5,72.2,78.2,80.1,78.1,73.7,65.9,66.6,58.7,56.2,51.7,49.3,47.7,44.9,40.6,34.3,25.6,21.1,19.6,17.4,18.1,16.0,13.0,13.3,13.8,14.6,15.2
12:21:07.600,105.5,69.3,94.7,94.1,96.5,99.6,97.9,94.4,95.4,92.8,85.3,83.4,79.8,73.8,76.7,79.7,77.6,75.7,67.7,68.4,59.6,58.2,52.4,49.5,48.5,44.7,40.1,32.8,24.7,20.9,18.6,16.3,13.9,13.8,20.8,14.2,13.8,14.6,15.2
12:21:08.600,102.0,69.5,93.7,86.7,86.0,92.9,91.4,89.4,93.0,91.0,89.6,86.0,78.9,75.3,76.9,79.9,80.3,75.3,66.8,68.1,60.3,60.4,54.3,48.4,46.1,44.6,39.3,34.4,25.4,22.3,21.0,18.2,16.3,15.5,15.9,15.0,14.5,14.9,15.5
12:21:09.600,102.0,67.9,93.2,90.2,89.8,88.5,93.0,94.1,91.3,91.8,88.0,82.4,78.0,72.5,77.1,78.8,80.0,75.2,66.4,67.1,60.5,59.0,54.5,48.6,45.4,43.6,41.4,33.1,25.6,23.3,21.6,17.5,16.3,16.0,15.0,14.4,14.6,14.9,15.4
12:21:10.600,101.1,67.3,91.6,88.7,89.8,92.5,90.2,89.9,84.0,86.2,88.9,84.8,76.2,73.5,76.1,79.8,76.7,72.7,65.3,66.0,55.9,53.9,49.6,45.9,45.8,44.0,39.3,33.0,23.8,20.7,20.3,17.7,14.0,16.3,17.4,14.5,14.0,14.4,15.2
12:21:11.600,101.5,64.9,90.3,93.2,90.3,89.6,89.4,87.5,89.9,86.6,84.9,82.8,78.9,71.0,74.5,76.4,75.7,71.7,62.5,62.3,53.4,52.4,49.0,47.3,45.8,44.4,40.5,32.2,26.2,24.8,21.5,18.4,16.7,15.2,13.8,14.1,14.2,14.7,15.4
12:21:12.600,99.3,66.4,89.9,86.3,85.7,88.0,90.4,87.7,86.7,82.4,86.2,83.2,74.5,73.2,78.1,78.4,79.1,72.9,63.3,63.9,54.0,53.2,49.7,46.8,46.6,43.8,40.6,31.8,25.1,21.1,21.6,22.0,15.8,13.9,15.5,13.6,14.0,14.5,15.3
12:21:13.600,101.2,65.2,91.1,93.1,90.8,88.8,90.2,91.7,91.1,86.0,87.0,82.1,79.7,72.5,76.3,75.9,75.6,70.5,62.0,62.0,55.4,51.7,48.8,48.0,47.4,42.9,37.3,33.2,24.7,20.4,19.4,16.5,14.4,13.9,13.0,13.5,13.8,14.6,15.3
12:21:14.600,100.8,64.5,90.2,92.7,90.5,88.9,90.2,86.3,85.8,88.1,85.3,80.4,77.7,73.5,74.2,76.2,76.3,69.6,61.7,61.8,53.0,50.8,49.3,48.5,49.5,43.4,38.8,35.4,25.6,20.1,19.3,18.6,14.9,13.2,14.6,13.5,13.8,14.5,15.3
12:21:15.600,101.1,63.6,91.3,90.0,88.7,91.4,92.9,90.2,89.8,84.3,85.5,83.9,74.8,70.8,75.5,76.6,73.5,69.2,62.3,59.8,51.6,52.2,49.6,47.2,49.0,45.5,39.9,37.9,28.1,21.7,21.0,22.2,18.5,16.6,13.7,13.4,13.8,14.5,15.3
12:21:16.600,98.4,63.0,89.2,87.1,87.7,87.2,89.9,90.0,84.5,86.1,86.1,80.7,74.9,70.4,73.4,76.1,72.5,67.7,60.3,60.6,52.5,50.5,48.2,48.9,50.9,47.8,43.9,39.2,30.1,25.5,23.8,21.4,21.4,21.5,21.2,20.1,17.7,16.1,15.9
12:21:17.600,99.7,63.4,89.0,90.4,90.3,90.1,89.3,87.7,86.8,86.0,82.2,78.3,74.9,71.7,74.3,75.5,72.6,68.3,60.9,60.3,51.4,47.2,46.7,49.3,50.0,49.0,45.2,37.7,27.0,22.6,25.0,25.4,16.7,13.5,13.4,13.4,13.8,14.5,15.3
12:21:18.600,99.1,63.6,89.4,89.9,88.5,89.5,90.0,90.1,86.5,87.6,80.7,80.1,76.6,71.3,73.9,74.9,74.3,68.7,58.8,58.1,51.2,47.3,45.6,49.2,49.1,49.8,47.2,36.6,26.6,21.1,21.2,19.7,18.0,17.8,23.9,16.0,14.2,14.7,15.4
12:21:19.600,97.4,63.6,88.5,88.8,85.8,84.1,85.7,88.0,87.9,85.0,83.5,81.4,76.8,71.3,71.4,73.5,73.4,69.0,59.7,59.7,52.3,47.7,46.2,50.3,47.8,49.0,48.5,39.4,26.0,22.6,23.5,24.6,17.5,15.4,14.2,13.8,14.2,14.6,15.4
12:21:20.600,100.5,63.2,88.7,90.7,92.1,91.6,87.3,88.4,85.4,79.1,84.7,82.1,73.6,70.4,73.6,76.6,73.2,68.7,61.0,61.8,53.0,49.7,47.2,50.9,48.2,45.6,44.6,36.9,26.7,23.8,23.0,15.7,13.9,13.7,13.4,13.2,13.9,14.6,15.2
12:21:21.600,97.6,61.9,87.4,87.3,87.6,81.8,82.1,87.2,87.1,85.4,81.4,79.2,73.3,70.3,72.0,73.6,71.0,68.1,58.1,58.9,52.1,49.9,46.7,50.4,50.2,46.4,42.9,35.3,27.4,24.2,21.1,20.0,16.0,17.3,15.5,13.6,13.9,14.5,15.3
12:21:22.600,97.7,61.4,87.5,90.9,87.3,84.1,82.5,83.1,87.7,85.9,82.0,80.5,73.6,69.2,71.0,73.6,71.4,66.4,57.5,58.2,50.0,47.3,45.9,49.0,50.4,47.8,46.7,37.9,28.1,25.4,25.4,21.4,22.1,20.7,20.5,19.2,17.0,16.0,15.6
12:21:23.600,98.4,62.5,87.5,89.5,88.6,85.1,84.8,85.4,85.1,83.5,79.7,80.6,75.5,72.9,71.9,74.5,73.9,68.2,59.7,59.6,50.1,46.9,47.3,49.2,49.6,48.3,46.9,38.6,27.5,21.9,20.9,18.0,20.5,14.7,20.2,16.6,13.8,14.4,15.3
12:21:24.600,96.8,60.0,86.5,85.5,85.4,83.9,83.6,86.2,86.4,83.3,81.1,77.1,71.1,70.7,71.8,71.4,69.2,64.5,57.4,54.8,49.0,46.1,47.7,50.9,47.9,47.1,44.3,36.4,26.9,21.8,21.2,19.7,16.0,13.8,15.7,15.7,13.7,14.6,15.3
12:21:25.600,96.1,59.7,86.2,85.5,87.0,85.8,85.0,87.2,81.4,83.3,80.1,75.3,72.9,68.9,69.3,72.1,68.9,62.8,56.4,53.6,47.3,44.7,46.7,50.4,49.0,46.8,43.4,37.0,28.7,26.1,21.8,19.0,17.5,17.3,17.9,15.7,14.9,14.8,15.3
12:21:26.600,96.1,59.1,86.0,83.8,82.4,86.0,85.3,85.6,82.6,84.4,78.1,74.7,72.4,69.0,67.7,70.5,68.7,62.7,54.0,53.1,46.1,44.0,44.9,51.1,49.1,46.6,43.9,36.2,29.3,24.8,21.8,19.1,16.9,16.1,16.0,16.1,15.1,15.0,15.4
12:21:27.600,94.8,59.0,85.7,78.9,79.9,85.1,87.0,86.5,82.7,80.8,81.2,79.6,72.3,67.7,71.2,69.7,69.4,64.2,55.0,54.3,46.9,44.3,43.3,48.5,49.0,45.0,44.4,36.1,26.4,21.1,23.1,21.0,20.8,14.9,13.4,13.6,14.0,14.6,15.4
12:21:28.600,96.0,58.1,86.0,79.3,81.3,85.7,89.3,84.9,85.4,80.0,81.7,76.8,73.5,69.5,66.6,68.9,67.7,61.5,56.0,53.4,46.7,44.2,42.4,46.9,48.8,46.1,44.1,37.4,25.8,21.3,19.2,16.7,14.7,14.2,14.0,13.8,14.1,14.6,15.3
12:21:29.600,95.5,57.8,85.2,85.2,82.3,82.5,79.5,83.6,86.0,81.1,77.4,77.6,71.7,69.4,68.8,67.8,66.5,59.7,52.9,51.6,46.2,42.9,43.0,46.0,49.5,46.5,46.6,39.2,28.7,23.6,22.2,19.9,19.8,18.8,17.4,16.6,15.1,15.0,15.4
12:21:30.600,95.9,57.6,83.5,85.0,83.5,83.5,83.1,80.3,82.8,76.1,76.2,73.7,71.3,67.4,66.9,66.1,65.2,58.5,52.8,50.1,45.0,43.6,44.3,47.0,49.1,49.0,48.1,41.5,30.4,21.8,23.2,24.2,23.2,17.9,22.8,18.1,15.0,15.0,15.3
12:21:31.600,93.8,57.4,83.9,81.5,78.2,79.8,85.6,88.7,83.0,81.2,78.4,73.6,71.3,70.1,67.5,66.0,63.3,58.2,52.4,48.7,42.6,42.8,43.7,46.7,49.2,49.1,47.7,42.7,31.1,20.9,18.6,15.7,14.3,14.1,13.6,13.6,14.0,14.5,15.4
12:21:32.600,94.0,57.9,83.5,85.5,83.0,79.5,83.3,83.7,84.5,82.2,79.6,74.0,68.1,67.0,70.3,67.9,64.0,59.3,51.6,49.1,44.0,42.9,43.1,46.3,50.6,50.0,46.7,41.3,31.0,21.0,18.7,16.3,19.1,15.4,13.5,13.6,14.0,14.5,15.3
12:21:33.600,94.0,57.3,81.4,83.1,81.9,82.5,80.5,81.0,80.3,76.3,75.3,70.8,70.9,68.7,67.2,67.6,63.6,58.1,52.1,48.4,43.6,44.4,43.1,45.9,50.0,49.1,45.5,41.3,33.2,21.3,18.6,15.5,14.0,13.8,14.4,13.9,14.2,15.0,15.4
12:21:34.600,94.1,57.3,82.7,86.5,87.8,81.8,79.2,79.1,80.3,79.2,77.5,72.4,70.7,70.3,68.3,67.4,64.5,58.9,51.4,48.4,45.6,44.1,44.1,47.5,49.9,47.3,43.2,36.4,27.6,20.6,18.2,15.9,15.8,13.5,13.2,13.6,14.0,14.5,15.4
12:21:35.600,92.6,56.3,83.8,81.1,81.2,86.4,83.7,81.3,85.2,81.5,78.0,75.2,68.5,69.6,65.3,64.5,63.2,60.5,52.8,49.1,44.9,43.1,41.8,48.9,49.0,46.3,41.9,34.5,26.5,20.5,18.4,15.4,13.3,13.2,18.6,15.4,13.6,14.3,15.4
12:21:36.600,92.7,56.8,83.2,79.2,79.9,83.8,86.9,84.3,82.0,78.6,77.0,73.6,70.7,67.8,69.0,65.6,65.9,61.8,53.2,48.2,42.2,41.6,41.6,48.5,48.3,45.3,40.7,33.8,25.0,20.0,18.8,16.0,14.0,13.6,14.2,13.6,13.8,14.6,15.3
12:21:37.600,92.1,56.5,83.9,82.0,78.6,83.5,83.3,80.5,78.5,83.5,80.2,74.3,69.8,66.2,69.4,67.3,65.8,58.2,50.8,46.9,44.7,43.2,42.0,46.2,45.8,45.0,40.4,32.9,25.4,20.4,18.4,16.0,14.3,14.8,14.0,13.6,14.0,14.5,15.2
12:21:38.600,91.9,55.6,83.4,75.9,77.9,82.2,87.9,85.3,82.1,78.2,78.0,73.7,70.6,63.7,66.3,68.4,66.1,60.3,50.0,48.0,42.9,42.3,41.7,44.0,44.0,44.2,38.2,32.1,25.3,21.9,19.4,16.0,15.3,15.6,14.5,14.2,14.2,14.6,15.3
12:21:39.600,92.3,55.2,80.8,84.3,86.3,83.9,79.4,79.2,74.4,77.1,76.3,74.4,69.2,66.5,69.5,68.6,63.7,57.3,51.5,47.8,43.5,43.2,43.0,41.9,43.0,42.2,36.9,31.6,24.1,19.9,17.9,15.0,13.1,13.1,14.3,13.8,13.9,14.7,15.1
12:21:40.600,92.5,53.5,80.9,87.3,87.3,80.3,74.3,83.5,80.6,75.1,73.2,71.5,68.9,66.7,65.1,63.8,62.3,56.9,49.4,46.5,41.5,42.6,43.2,42.7,43.6,40.2,37.1,32.3,24.5,21.6,20.7,18.9,17.2,15.8,15.4,14.0,13.9,14.6,15.3
12:21:41.600,91.1,53.9,79.4,83.0,83.0,81.8,80.9,75.5,76.1,75.1,75.1,70.6,69.7,66.5,66.1,65.1,60.6,58.7,49.7,46.8,42.3,44.6,43.9,44.0,45.8,41.3,37.5,33.2,25.3,21.6,19.9,18.0,19.0,17.8,18.3,18.6,17.7,15.5,15.5
12:21:42.600,91.8,53.9,81.0,82.9,80.4,83.6,83.7,80.6,76.8,79.4,75.8,74.4,70.1,65.8,67.3,65.6,61.6,55.1,49.6,47.2,42.3,44.1,44.8,45.1,42.4,40.6,38.6,33.3,24.9,21.1,19.0,16.7,15.2,14.1,13.9,13.7,14.3,14.7,15.3
12:21:43.600,91.3,65.6,81.8,84.4,81.0,81.2,81.4,73.9,79.3,77.6,76.4,73.1,70.2,67.7,67.0,65.4,61.8,52.1,50.0,46.9,57.6,59.1,50.2,55.1,46.8,47.0,45.8,45.0,42.2,38.7,37.3,27.2,25.4,19.5,20.4,22.5,18.7,16.5,16.1
12:21:44.600,91.6,59.0,79.9,77.2,82.1,78.4,82.7,84.1,79.4,74.2,69.2,69.1,70.1,68.2,65.7,65.4,61.8,56.4,49.2,51.6,55.4,50.3,49.3,55.7,45.5,44.3,42.2,53.6,49.8,43.0,39.4,27.3,27.9,23.7,24.4,23.2,18.3,15.6,15.4
12:21:45.600,92.3,53.5,79.9,73.4,79.1,81.2,79.5,80.6,81.9,77.9,73.2,70.4,68.2,66.3,66.5,64.7,62.3,55.9,49.5,45.6,41.7,44.0,43.8,42.2,41.1,40.5,42.2,35.7,27.2,22.7,20.9,19.3,19.8,18.6,16.5,15.6,14.8,15.2,15.4
12:21:46.600,91.3,53.9,79.7,80.8,80.4,79.7,78.4,77.2,74.4,76.8,74.2,71.8,69.1,66.1,66.9,65.7,63.1,54.8,49.3,45.7,42.1,44.6,43.7,44.7,41.8,40.8,39.3,36.1,25.9,21.9,22.0,17.9,19.0,14.9,15.5,14.4,14.0,14.6,15.2
12:21:47.600,90.5,53.5,80.3,81.4,78.3,78.4,80.8,82.9,79.2,73.8,75.5,73.5,69.7,67.3,64.3,64.3,61.4,56.4,48.0,46.1,42.9,43.4,43.5,46.6,42.9,40.3,39.6,33.0,24.3,20.7,18.7,16.7,18.4,14.8,13.2,13.3,13.9,14.5,15.3
12:21:48.600,91.8,53.1,79.8,80.8,76.7,82.0,83.2,82.2,75.2,68.4,72.8,72.5,70.6,66.2,64.2,61.8,57.9,53.8,47.7,44.0,41.3,42.6,44.0,47.7,43.7,42.0,37.9,32.5,25.4,20.9,17.9,15.4,13.4,13.4,17.0,14.2,13.8,14.5,15.2
12:21:49.600,89.0,52.9,78.6,79.2,78.9,74.8,78.6,80.1,77.6,76.0,72.9,69.9,68.5,64.5,64.5,62.1,59.6,53.3,47.2,46.8,44.2,43.4,44.8,46.3,43.8,42.2,37.8,32.7,26.6,20.9,18.7,15.5,13.8,14.0,13.4,13.7,14.1,14.6,15.4
12:21:50.600,90.9,57.3,78.6,81.4,78.1,76.4,76.6,72.8,78.3,76.3,70.8,68.8,68.5,66.8,66.4,61.9,60.8,55.5,47.0,45.5,41.8,43.2,45.7,47.3,44.0,41.9,37.2,34.0,27.1,26.8,29.9,36.1,30.5,29.3,26.2,21.8,20.0,16.1,15.7
12:21:51.600,90.0,64.4,79.4,75.6,76.3,77.9,77.0,77.6,77.8,75.8,76.4,71.4,69.9,66.5,65.2,64.6,58.7,52.9,47.0,46.7,56.9,48.9,50.6,60.6,51.6,49.2,51.9,55.4,50.4,52.6,48.9,39.8,42.7,39.0,34.4,27.2,22.4,17.9,15.9
12:21:52.600,90.0,62.8,78.4,85.9,82.7,78.2,77.4,77.1,75.0,74.1,73.0,71.6,68.9,65.3,64.7,64.3,59.5,52.0,46.4,49.5,53.3,52.5,54.1,59.6,56.8,54.8,53.5,46.9,43.2,46.0,45.9,31.0,33.0,21.6,20.6,21.3,17.7,16.7,15.6
12:21:53.600,88.7,53.4,78.8,70.7,72.2,79.8,79.8,77.0,75.5,77.4,74.0,72.3,66.7,64.3,65.2,63.3,59.6,56.6,45.5,44.0,41.6,42.3,46.4,46.2,45.3,42.0,39.1,33.3,24.7,20.5,18.9,15.3,13.9,13.0,13.0,13.5,13.9,14.7,15.3
12:21:54.600,89.8,53.3,79.7,80.9,81.4,80.8,76.7,81.6,78.0,72.9,72.8,71.5,69.1,66.7,64.1,63.4,60.7,54.8,47.1,44.7,42.4,40.2,44.1,45.2,45.8,40.9,39.4,31.2,24.2,20.5,18.2,15.2,13.7,13.9,13.1,13.2,13.8,14.7,15.3
12:21:55.600,87.5,53.3,78.2,79.5,77.8,76.3,76.2,76.2,76.6,75.7,73.9,70.7,67.8,66.8,63.5,62.9,60.6,54.0,47.5,49.4,42.9,43.0,45.6,46.9,44.7,41.7,37.8,30.6,24.6,20.5,18.1,15.3,13.4,13.4,14.0,13.3,13.8,14.4,15.3
12:21:56.600,88.7,54.2,79.8,73.2,76.8,77.5,76.3,77.5,79.3,78.2,74.3,72.9,68.7,65.4,65.5,65.2,62.3,59.9,46.6,48.3,40.7,39.9,42.8,45.0,47.0,42.4,38.1,31.2,25.4,20.5,18.3,14.7,13.0,13.1,13.3,13.3,13.7,14.5,15.4
12:21:57.600,91.4,54.8,80.7,78.0,80.1,81.9,80.7,79.5,82.0,73.1,76.5,74.5,69.7,65.8,66.9,64.3,66.7,59.4,46.8,46.3,41.0,42.1,43.4,43.0,45.9,42.1,38.8,31.8,25.0,19.9,18.4,15.2,13.8,13.7,13.3,13.5,13.9,14.4,15.3
12:21:58.600,89.8,53.8,78.9,81.8,82.7,81.7,78.4,81.2,75.4,72.3,71.9,73.3,68.6,63.9,63.1,66.2,63.0,57.2,45.8,44.5,42.0,40.9,42.0,44.2,45.6,42.9,38.4,33.1,25.3,21.2,19.3,17.0,16.1,15.7,14.8,14.3,14.3,14.6,15.4
12:21:59.600,88.7,53.5,78.4,77.2,77.7,77.9,77.2,73.5,76.9,75.5,74.2,70.9,66.6,65.8,63.0,63.3,60.4,58.2,47.0,48.4,41.3,41.8,42.7,44.0,45.3,43.8,39.1,34.9,25.0,21.0,18.7,17.0,17.6,14.4,13.6,13.9,13.9,14.6,15.3
12:22:00.600,89.2,53.7,78.3,80.4,75.5,76.7,76.7,76.7,71.7,72.2,77.4,73.9,67.8,63.0,62.3,62.1,59.4,55.5,46.5,45.5,43.6,42.1,44.6,44.6,46.7,43.4,41.6,36.1,25.0,20.1,18.4,15.6,13.6,14.1,13.8,13.1,13.9,14.5,15.3
12:22:01.600,88.0,54.6,78.9,78.5,80.6,79.1,77.6,73.4,75.5,77.4,75.4,71.3,71.5,65.1,65.6,62.4,59.8,55.1,45.9,43.5,42.9,42.5,45.1,45.9,47.7,45.0,42.7,36.5,26.6,20.6,18.7,15.0,13.9,13.2,12.9,13.3,13.7,14.6,15.2
12:22:02.600,87.8,55.0,78.5,81.3,78.6,76.7,76.8,71.9,75.1,74.6,73.6,74.1,69.3,67.0,66.0,64.2,60.8,54.5,45.2,45.5,40.8,42.4,46.2,48.4,48.7,44.7,41.0,36.2,26.2,19.1,18.3,15.1,13.3,12.9,12.7,13.2,13.7,14.4,15.4
12:22:03.600,87.3,55.0,79.1,73.6,78.3,80.6,79.0,75.0,77.6,72.8,72.6,72.1,68.3,66.1,67.1,63.0,60.6,57.8,45.4,40.3,41.3,41.5,44.8,49.5,49.3,45.3,38.5,32.1,25.4,20.8,18.4,15.3,13.7,12.9,13.0,13.3,13.8,14.6,15.3
12:22:04.600,87.9,53.4,78.2,76.0,77.8,75.8,80.0,77.2,75.1,73.8,73.9,70.5,68.2,65.9,62.8,61.8,57.5,53.0,44.4,41.7,38.8,40.4,43.0,47.3,48.1,43.8,37.7,31.2,24.0,19.8,18.0,15.2,13.8,13.2,13.3,13.1,13.7,14.6,15.2
12:22:05.600,87.9,52.6,78.3,78.0,81.2,82.2,78.8,76.9,71.9,74.2,74.8,71.6,66.5,66.0,64.2,60.8,57.7,53.7,45.1,43.3,39.4,42.5,44.6,45.7,46.2,42.4,38.2,29.7,23.6,20.5,18.8,15.5,13.4,12.5,12.8,13.2,13.7,14.6,15.2
12:22:06.600,88.1,51.9,76.9,77.6,75.6,79.0,74.6,73.9,74.8,74.2,71.6,72.3,66.6,65.3,63.4,61.7,58.4,54.0,44.5,41.2,39.6,41.6,42.4,44.0,45.2,41.5,37.3,30.7,25.2,20.7,18.3,15.0,13.0,12.5,12.5,13.0,13.7,14.4,15.1
12:22:07.600,87.1,52.0,76.3,71.7,75.5,75.7,72.6,73.0,75.6,71.9,71.9,69.4,66.7,65.3,64.3,61.8,56.7,53.5,42.4,45.9,43.2,41.5,44.4,44.6,43.6,40.0,36.2,30.7,22.9,19.7,18.0,15.0,13.3,12.7,12.5,13.0,13.5,14.5,15.3
12:22:08.600,89.1,51.9,76.8,79.5,80.9,79.5,78.8,75.1,70.2,72.0,70.9,71.3,68.6,65.4,61.9,59.9,57.5,51.1,43.8,42.9,41.2,45.8,44.1,47.0,43.9,39.4,35.1,31.1,23.4,20.3,18.2,15.3,13.5,13.3,13.0,13.2,13.7,14.4,15.3
12:22:09.600,87.6,51.9,76.7,78.5,76.4,75.6,77.0,76.5,72.3,69.3,69.6,67.6,65.9,66.0,63.2,60.7,56.6,51.0,45.2,42.9,41.6,41.6,43.5,47.2,44.9,39.5,37.7,29.6,23.3,19.6,17.9,14.8,13.0,12.5,12.7,13.1,13.9,14.5,15.2
12:22:10.600,86.7,52.5,75.3,78.8,76.3,78.9,75.8,72.1,73.3,70.6,71.4,67.7,66.5,66.4,62.4,62.0,58.7,50.2,43.1,40.1,41.3,40.8,45.5,47.7,45.3,41.2,37.2,28.4,23.7,19.6,17.8,15.2,13.8,12.8,12.6,13.1,13.8,14.4,15.1
12:22:11.600,87.2,52.6,77.0,81.0,78.9,76.8,76.8,76.5,75.2,71.7,72.5,70.4,66.3,65.3,63.0,62.4,59.9,51.6,43.6,41.9,37.2,41.5,46.2,46.0,45.0,42.2,38.3,30.4,23.7,20.3,18.2,15.4,13.6,13.1,13.0,13.2,13.7,14.6,15.3
12:22:12.600,87.2,52.4,76.3,73.2,73.0,73.1,75.5,73.6,75.6,74.2,70.6,66.2,67.2,64.9,61.7,60.0,57.3,55.1,46.7,41.8,38.3,39.2,45.4,45.4,46.4,41.3,40.0,34.8,25.1,20.3,18.4,15.6,13.4,13.3,14.7,13.4,13.8,14.5,15.4
12:22:13.600,86.1,52.7,76.7,72.5,74.4,76.9,76.8,78.1,71.4,72.4,69.9,71.2,67.5,62.9,61.6,59.9,57.9,53.4,45.4,40.9,39.1,38.6,44.9,44.9,46.4,42.6,43.1,34.7,24.6,20.6,18.5,16.2,14.1,13.8,13.0,13.6,13.7,14.4,15.2
12:22:14.600,87.1,52.9,76.6,74.7,75.8,76.9,74.4,75.4,73.5,72.8,70.2,67.3,67.4,66.9,64.4,59.7,55.9,53.2,45.5,42.4,41.7,39.2,44.5,44.9,44.7,44.2,42.4,33.4,28.5,41.7,37.8,21.9,17.4,15.5,14.3,14.0,14.0,14.4,15.3
12:22:15.600,87.4,52.5,76.7,79.8,79.6,76.7,76.0,74.0,69.2,73.0,68.9,72.7,67.9,67.2,62.6,60.0,56.2,51.1,45.1,43.1,41.2,41.7,43.2,46.4,45.5,43.4,39.1,33.9,27.4,25.5,22.9,19.9,17.8,17.1,15.5,15.5,14.9,14.9,15.4
12:22:16.600,84.8,52.2,76.9,74.3,70.2,72.5,75.0,77.7,77.4,72.7,69.4,72.0,68.1,63.6,61.6,60.3,54.8,50.7,45.5,43.3,44.2,41.8,42.3,47.1,43.4,42.5,40.8,33.5,26.0,21.1,18.8,16.1,15.1,13.4,13.1,13.4,13.9,14.5,15.2
12:22:17.600,88.5,52.3,78.0,75.8,73.5,75.1,75.2,76.6,72.3,76.7,75.3,71.4,69.8,63.6,61.8,60.0,57.4,53.5,45.5,44.0,44.1,43.6,41.8,46.5,42.3,42.0,41.5,33.8,25.4,19.6,17.9,15.5,13.4,12.8,12.4,13.3,13.7,14.4,15.2
12:22:18.600,87.5,52.2,77.9,78.6,78.0,76.3,78.7,76.1,73.9,77.5,74.2,72.7,66.3,63.5,63.2,60.8,58.7,55.0,45.6,45.4,44.5,44.3,41.1,45.8,42.7,40.1,38.7,34.5,24.9,19.7,18.2,15.3,14.1,13.0,12.8,13.1,13.7,14.4,15.3
12:22:19.600,88.4,52.6,78.5,77.9,76.6,78.4,80.3,81.2,76.1,73.7,74.3,69.1,68.6,65.0,61.2,60.4,62.6,55.5,43.5,45.0,44.9,46.3,42.1,42.9,41.7,41.3,39.7,37.4,26.8,20.4,18.4,14.8,13.1,12.9,14.1,13.2,13.7,14.4,15.3
12:22:20.600,85.9,53.0,77.0,72.9,76.4,76.0,72.3,74.8,75.3,72.9,69.1,72.8,68.2,63.2,60.8,60.9,57.3,54.0,44.4,44.6,45.7,45.6,43.5,43.2,46.9,43.3,42.6,37.4,26.6,21.0,18.7,17.5,17.6,14.3,12.7,13.2,13.8,14.6,15.3
12:22:21.600,88.3,53.9,76.8,76.9,80.4,80.4,75.9,74.6,73.0,75.7,73.7,66.6,69.0,62.3,60.2,59.6,54.1,52.8,44.7,44.6,44.2,46.4,45.7,47.3,49.5,45.0,41.7,36.7,28.2,27.6,24.7,16.9,14.7,13.3,13.0,13.4,13.8,14.4,15.2
12:22:22.600,87.7,54.0,76.4,73.0,76.2,78.2,76.4,73.8,74.4,71.2,70.6,69.7,68.6,63.8,62.0,57.9,53.7,52.5,43.6,43.5,45.7,45.4,48.0,46.5,49.1,46.5,41.7,32.3,25.1,21.4,20.0,15.9,14.9,13.4,13.6,13.5,13.9,14.6,15.4
12:22:23.600,88.0,54.2,76.6,71.8,73.4,75.0,77.8,73.7,72.5,70.1,72.0,70.4,66.4,62.2,61.7,60.1,58.4,52.0,43.4,44.4,44.5,45.0,46.7,47.4,48.2,46.6,42.7,34.3,24.9,20.8,18.9,15.9,13.9,14.9,14.7,13.3,13.9,14.7,15.3
12:22:24.600,88.2,54.7,77.6,80.3,76.5,76.8,76.5,77.1,72.3,75.7,73.4,72.4,67.7,62.3,58.5,62.8,61.2,58.1,45.9,46.9,44.7,43.3,46.8,48.5,46.3,44.5,44.6,36.8,25.6,21.6,19.3,15.6,14.0,13.4,13.0,13.1,13.8,14.6,15.4
12:22:25.600,88.0,55.1,78.2,73.9,75.2,79.2,75.3,75.1,77.1,73.8,74.7,71.4,68.2,64.0,61.3,61.6,61.1,58.8,46.8,43.7,45.9,43.3,46.1,48.0,47.0,46.1,46.3,37.6,26.8,21.5,19.2,15.9,15.2,13.2,13.1,13.6,13.9,14.6,15.5
12:22:26.600,86.3,54.6,76.6,73.5,75.9,76.2,79.1,74.7,72.9,70.4,71.3,72.8,68.0,63.7,59.3,60.3,59.3,52.1,43.8,44.6,43.9,42.5,45.7,48.8,46.4,46.0,46.7,38.7,27.5,20.9,18.7,15.9,14.0,13.1,13.1,13.4,14.1,14.7,15.4
12:22:27.600,87.4,53.9,75.9,79.3,82.1,78.8,72.7,68.1,72.4,70.1,72.1,69.5,65.4,62.2,61.3,58.8,58.4,56.4,45.8,44.9,43.0,42.2,45.6,47.9,47.1,44.9,43.2,39.1,27.2,20.5,18.3,15.1,14.1,12.9,12.8,13.3,13.7,14.4,15.3
12:22:28.600,86.7,53.5,76.3,78.7,79.1,76.0,76.4,73.5,77.0,70.2,66.8,67.4,64.3,62.6,62.4,59.3,57.9,56.2,45.1,43.1,41.3,43.0,43.8,46.2,46.9,45.7,43.1,37.7,25.2,20.5,18.3,15.1,13.2,12.9,12.9,13.3,13.8,14.5,15.1
12:22:29.600,85.6,52.5,76.2,72.4,75.2,78.6,77.3,73.3,73.7,72.1,71.7,72.5,65.9,61.8,62.2,59.4,59.3,54.8,42.8,42.3,39.9,41.2,44.5,43.3,44.9,43.9,39.6,34.0,25.2,20.2,18.4,15.4,13.3,13.0,12.7,13.2,13.7,14.3,15.3
12:22:30.600,86.2,51.2,75.8,74.1,78.4,74.8,66.7,68.4,73.7,73.8,67.4,65.6,64.6,61.7,60.1,58.5,57.7,52.7,42.5,42.0,40.6,40.9,46.6,44.4,42.9,39.8,37.8,33.1,26.3,21.2,18.5,15.0,13.7,12.9,13.0,13.2,13.7,14.5,15.3
12:22:31.600,85.0,50.4,74.9,71.4,70.2,70.2,67.0,68.9,70.7,71.4,71.5,67.6,66.7,61.9,58.4,57.5,53.0,47.1,42.5,43.1,41.0,40.0,44.3,42.1,43.0,40.8,38.3,34.4,25.9,20.7,18.7,15.8,13.7,13.1,13.3,13.4,13.7,14.5,15.3
12:22:32.600,85.1,51.4,75.8,74.6,68.8,73.1,72.3,70.0,73.5,73.5,74.4,70.4,65.7,61.7,58.4,57.0,52.9,48.5,42.6,42.7,44.0,43.3,46.2,41.3,44.4,42.9,42.2,36.9,26.0,20.1,17.9,15.3,13.2,12.8,12.7,13.2,13.7,14.5,15.3
12:22:33.600,83.8,52.1,75.0,76.0,70.8,68.5,69.4,70.9,69.8,72.1,71.2,69.2,66.0,63.4,58.5,56.8,56.8,49.6,44.7,43.5,42.5,40.5,41.6,43.0,46.3,44.3,43.1,38.4,25.8,21.0,19.1,16.0,17.1,15.3,15.1,13.4,13.8,14.4,15.3
12:22:34.600,85.6,52.7,75.7,76.0,71.2,66.6,70.9,75.2,71.8,70.4,70.3,70.9,67.8,62.2,60.6,57.3,55.9,52.5,45.1,41.8,40.2,41.0,42.7,44.7,45.5,45.5,44.1,38.5,27.6,26.4,22.3,19.5,17.6,16.1,13.9,14.4,14.1,14.6,15.2
12:22:35.600,84.4,52.9,74.9,73.1,75.8,79.0,75.7,72.8,72.6,68.2,68.2,68.3,66.1,61.8,59.8,54.6,54.6,54.7,45.6,42.5,41.2,40.0,42.4,44.7,47.1,46.1,44.6,37.0,26.5,20.4,18.2,15.2,13.5,13.2,12.9,13.4,13.8,14.6,15.2
12:22:36.600,84.2,52.8,77.0,73.5,72.7,74.8,73.5,72.7,75.6,76.4,73.7,70.4,65.5,62.7,56.9,56.2,52.8,51.6,45.8,43.9,43.1,42.5,48.5,45.2,45.9,44.7,44.0,36.3,26.7,20.5,18.7,15.7,14.5,13.5,13.2,13.4,13.9,14.4,15.0
12:22:37.600,85.0,51.8,76.2,75.9,76.7,75.1,72.3,71.7,74.0,74.3,73.2,66.4,64.9,61.7,60.0,57.7,51.4,50.6,44.1,41.2,42.2,40.6,42.4,43.5,45.4,43.7,43.0,37.3,26.6,20.4,18.8,16.4,15.4,14.2,13.4,13.5,13.9,14.6,15.3
12:22:38.600,86.8,52.1,76.0,76.1,69.3,63.6,68.7,75.0,74.9,73.7,71.1,70.2,68.3,60.9,61.5,56.6,54.4,48.3,42.2,41.4,44.5,41.4,42.3,44.6,45.1,44.7,42.1,37.5,25.7,21.1,20.7,20.3,19.3,17.4,15.1,14.4,14.3,14.6,15.4
12:22:39.600,85.9,52.1,76.4,76.1,75.6,74.3,73.6,76.8,74.0,75.7,72.9,71.5,66.4,58.7,56.4,58.5,54.1,52.1,44.5,43.5,44.7,41.9,42.1,42.5,43.8,45.6,43.6,36.3,27.7,27.8,25.5,26.3,30.5,29.2,27.4,21.7,17.3,15.9,15.4
12:22:40.600,84.0,52.6,76.0,71.7,74.3,74.2,72.4,73.6,75.0,69.5,70.9,69.4,68.3,59.6,60.6,57.0,55.6,50.0,43.5,43.3,47.2,43.7,43.6,43.4,44.7,45.5,43.1,34.9,26.4,22.4,20.1,18.8,16.7,17.3,15.1,14.5,13.9,14.5,15.2
12:22:41.600,85.2,53.7,77.2,74.9,71.1,68.1,72.2,72.2,73.0,76.7,72.4,69.2,69.6,64.4,60.6,59.8,57.5,53.1,43.7,43.3,43.9,43.4,44.1,44.8,46.6,47.6,43.0,35.3,27.9,21.9,20.4,18.4,16.3,15.0,14.9,14.3,14.4,14.6,15.3
12:22:42.600,87.6,54.8,76.0,75.5,73.7,75.8,77.0,69.6,74.8,75.7,71.3,69.3,66.1,63.0,57.3,57.7,57.9,53.3,45.9,45.6,44.9,42.5,46.6,44.7,49.2,49.5,44.4,36.4,28.4,24.1,22.3,18.9,18.4,18.1,16.9,15.5,14.6,14.7,15.3
12:22:43.600,85.9,55.7,74.6,73.5,75.4,73.2,73.2,72.4,71.0,72.3,71.1,66.7,65.4,59.9,57.8,57.7,56.2,54.4,43.7,42.5,41.7,45.5,48.9,47.4,48.7,50.9,46.2,39.6,26.8,21.3,19.5,17.7,16.1,16.3,14.7,16.3,14.3,14.6,15.2
12:22:44.600,86.9,55.1,75.4,72.6,75.2,77.3,72.1,70.2,75.2,74.5,69.7,66.1,66.1,63.0,59.6,58.8,52.4,49.7,43.9,44.9,43.8,43.6,47.8,46.5,49.2,49.5,46.1,37.4,28.5,22.9,21.5,19.5,17.1,16.5,16.9,15.6,14.7,14.8,15.2
12:22:45.600,87.4,53.8,77.4,71.1,80.8,82.9,77.0,77.1,77.0,75.5,70.6,68.4,65.0,62.4,57.4,54.3,51.7,48.0,43.8,44.6,42.0,44.4,47.4,46.4,48.3,46.8,43.0,36.7,27.7,22.1,20.4,18.1,16.8,16.1,15.6,15.0,14.5,14.8,15.3
12:22:46.600,87.5,53.4,76.1,77.9,78.8,78.2,73.8,75.4,75.0,75.1,70.6,69.6,61.0,59.3,58.3,55.3,52.7,48.7,43.4,45.5,44.6,43.4,45.4,45.6,49.0,44.3,42.9,36.2,27.5,24.0,21.8,20.6,18.9,19.7,17.5,17.3,15.1,14.7,15.3
12:22:47.600,86.8,53.8,77.1,76.1,74.6,75.4,74.3,74.7,74.4,75.1,74.8,70.9,68.3,60.9,56.8,54.9,51.8,48.3,44.8,48.2,50.4,49.4,46.1,49.8,46.7,43.6,41.5,36.3,33.3,32.3,33.4,32.3,33.2,29.9,27.4,25.0,21.2,18.8,16.1
12:22:48.600,85.7,51.7,74.7,71.8,72.5,68.9,73.6,70.6,70.1,73.1,69.0,65.7,63.1,61.7,56.8,54.2,54.8,49.0,41.7,43.2,42.1,41.6,44.8,44.8,44.5,43.4,42.0,35.4,28.6,26.6,27.0,25.1,25.0,20.8,19.8,16.9,15.2,15.1,15.5
12:22:49.600,86.2,52.4,77.1,74.7,75.7,75.0,75.5,77.1,76.4,72.2,72.5,69.9,64.9,61.1,59.3,56.7,54.6,54.2,44.8,43.9,42.8,40.9,44.5,45.0,44.8,44.3,41.8,37.4,27.1,24.1,23.5,22.5,22.1,21.4,17.9,16.6,14.9,15.0,15.3
12:22:50.600,85.6,52.2,75.2,77.1,70.2,73.2,73.4,72.0,72.5,71.7,72.8,71.8,63.8,59.2,57.6,59.0,58.5,54.8,45.4,41.9,40.3,39.2,43.0,43.5,44.7,45.5,41.0,36.8,29.9,29.8,30.9,30.2,28.2,25.5,22.6,21.0,18.0,15.6,15.3
12:22:51.600,85.2,52.8,76.8,71.6,71.6,74.0,77.0,78.0,77.6,75.8,69.6,65.7,63.2,59.9,59.1,56.6,56.1,52.7,44.4,40.7,39.9,38.9,42.8,44.4,46.2,47.4,39.1,34.5,26.8,22.8,22.3,20.6,19.0,17.7,15.0,14.5,14.3,14.7,15.2
12:22:52.600,87.1,54.1,76.7,80.0,79.8,76.9,76.8,75.5,74.9,73.6,73.3,68.7,69.0,60.8,59.8,56.7,56.5,49.2,43.0,49.1,46.3,49.2,49.7,43.6,45.9,46.4,41.8,35.7,30.2,25.7,27.8,22.7,21.7,17.6,16.8,17.0,15.1,15.0,15.3
12:22:53.600,84.9,52.0,75.2,77.9,76.3,72.7,73.1,74.2,73.6,72.5,70.0,70.6,65.7,63.3,56.0,55.6,54.7,49.0,44.2,43.9,47.8,49.4,46.8,42.1,42.6,42.4,40.5,34.0,29.3,28.4,26.4,23.7,23.7,22.8,22.8,20.6,16.9,15.1,15.5
12:22:54.600,84.2,51.5,75.3,74.1,74.8,72.7,70.4,73.5,70.5,71.2,69.7,69.0,66.6,61.3,57.5,58.8,57.0,49.5,42.5,46.7,40.4,41.2,45.1,43.2,43.4,43.6,39.9,36.6,25.2,22.5,18.9,15.4,13.0,12.7,12.8,13.1,13.7,14.5,15.4
12:22:55.600,86.7,53.0,73.7,78.0,75.0,73.5,73.0,74.9,68.9,71.6,69.6,67.7,64.1,59.3,57.6,59.1,57.9,54.5,45.1,42.4,40.1,39.5,43.4,45.1,45.2,47.5,42.9,37.1,27.3,22.0,19.0,16.2,14.8,14.0,13.9,13.6,13.8,14.3,15.1
12:22:56.600,84.4,54.8,74.7,76.1,73.7,70.1,70.3,73.1,69.1,71.0,69.7,68.7,63.3,58.9,57.3,58.8,58.0,53.9,45.4,43.3,48.7,45.8,45.2,47.3,47.3,48.8,46.7,37.5,30.0,25.5,23.8,20.0,19.3,14.7,13.8,14.0,13.9,14.4,15.2
12:22:57.600,85.6,55.5,75.6,77.7,76.8,73.4,74.3,71.4,69.9,70.9,71.1,69.1,65.7,59.6,57.1,58.2,58.8,57.0,44.6,45.9,44.4,42.3,44.6,48.5,49.0,48.0,44.9,38.2,33.6,25.6,29.1,26.5,21.3,16.3,19.9,15.0,14.0,14.4,15.2
12:22:58.600,83.9,54.5,75.2,72.1,71.3,75.3,75.4,73.3,73.3,70.5,71.7,67.4,65.8,57.7,56.0,56.7,57.5,51.0,43.2,46.4,48.9,42.3,44.9,47.3,48.6,46.5,46.4,39.9,29.0,25.1,23.8,17.8,21.5,21.5,21.1,18.1,14.9,14.5,15.4
12:22:59.600,83.9,53.2,73.5,71.6,72.9,77.1,74.7,68.1,68.3,72.0,69.8,68.1,62.4,57.7,55.7,55.0,55.5,51.9,44.0,41.8,42.4,40.3,43.4,46.5,47.9,44.7,44.7,39.9,28.8,21.2,20.4,17.8,15.6,14.5,14.1,13.7,13.9,14.3,15.2
12:23:00.600,85.3,53.5,73.6,73.0,77.2,76.8,71.6,75.0,70.7,70.0,69.2,66.4,62.3,57.6,56.5,52.3,54.3,49.4,43.6,42.8,39.5,41.3,46.9,45.7,47.9,45.3,44.9,39.9,28.2,20.7,18.6,16.1,19.6,15.6,13.4,13.3,13.7,14.5,15.3
12:23:01.600,85.0,54.7,74.1,73.9,75.8,75.0,74.4,74.5,66.7,72.0,70.5,66.2,63.0,57.6,57.9,55.0,55.4,52.2,43.3,43.1,39.9,43.2,47.4,48.6,49.1,47.2,44.8,40.4,30.5,21.4,19.3,16.5,14.5,14.2,13.7,13.7,14.0,14.5,15.4
12:23:02.600,85.6,55.7,76.1,70.8,72.4,74.1,76.0,73.5,73.8,76.1,70.6,69.8,65.8,61.0,58.0,56.8,56.7,50.8,46.2,44.3,42.4,41.9,48.7,49.5,51.1,49.1,46.7,39.7,28.8,21.2,19.5,16.8,15.8,14.9,14.5,14.3,14.2,14.6,15.2
12:23:03.600,84.4,56.9,74.5,70.3,74.0,79.1,76.1,69.7,72.9,72.0,68.7,68.8,64.5,57.3,56.4,53.8,55.3,50.8,44.8,43.8,41.1,41.5,47.8,48.3,53.0,51.7,44.8,38.0,27.4,21.2,19.0,16.3,15.1,14.3,14.6,14.2,13.9,14.5,15.3
12:23:04.600,83.6,56.3,73.6,76.4,76.7,75.6,71.9,70.4,70.3,71.5,65.8,66.6,66.1,58.5,53.1,53.5,51.9,50.1,43.9,43.3,42.8,44.1,47.3,48.2,53.2,49.5,46.1,38.0,27.4,20.7,19.2,16.3,19.7,15.2,13.5,13.5,13.8,14.3,15.2
12:23:05.600,83.4,56.2,74.6,71.9,71.4,75.5,75.4,74.0,69.5,70.3,71.3,67.3,64.8,59.9,54.6,53.0,53.5,47.1,42.8,43.1,42.1,41.7,44.8,49.0,52.6,49.5,47.9,38.9,28.8,21.5,19.4,16.4,14.6,14.2,13.6,13.5,13.9,14.5,15.2
12:23:06.600,82.9,55.7,73.0,72.1,71.6,72.4,72.2,70.3,71.0,68.3,69.0,67.3,62.0,57.4,56.8,54.6,53.7,50.9,43.6,41.2,42.3,43.0,43.8,47.4,51.3,49.6,47.9,39.7,28.5,20.2,18.5,15.4,13.2,12.7,12.7,13.0,13.7,14.3,15.2
12:23:07.600,84.8,55.1,75.2,75.1,72.7,70.6,75.5,73.8,66.2,71.4,72.5,69.4,62.7,55.5,55.9,54.3,49.6,47.7,42.2,40.7,40.3,42.6,44.6,46.0,50.5,49.2,47.8,37.7,27.2,20.2,17.7,14.3,13.0,12.6,12.7,13.1,13.6,14.4,15.2
12:23:08.600,84.3,53.9,75.4,70.7,77.0,76.7,70.0,72.2,76.8,73.7,67.0,70.8,65.4,58.7,54.8,56.6,51.2,46.8,43.2,43.4,40.6,42.2,44.5,46.2,48.9,47.7,44.1,37.9,25.9,20.3,17.9,15.4,13.5,12.6,12.7,13.0,13.7,14.5,15.2
12:23:09.600,85.2,52.5,75.6,68.7,71.1,71.6,69.8,74.8,76.2,72.6,70.0,71.2,67.2,61.5,57.1,54.3,55.8,47.7,42.0,43.2,39.5,41.1,44.4,47.6,45.1,45.7,42.3,35.3,26.3,20.3,19.0,17.6,19.7,17.0,13.1,13.2,13.8,14.6,15.3
12:23:10.600,83.5,52.9,74.7,70.8,67.5,71.9,71.8,72.3,72.9,69.8,70.3,67.5,66.3,58.7,54.7,55.0,54.4,48.4,43.0,42.3,39.6,41.6,44.5,47.6,47.2,45.4,42.3,36.2,28.5,22.7,22.6,19.3,14.9,13.4,12.9,13.2,13.7,14.4,15.2
12:23:11.600,82.5,54.4,72.2,73.4,71.9,70.9,75.8,71.5,71.1,68.7,66.2,65.8,64.8,57.4,54.0,53.1,51.3,48.1,41.6,41.1,40.4,42.8,44.6,48.1,48.1,49.1,46.0,37.1,33.6,31.2,31.2,34.6,32.3,26.4,18.7,19.1,17.2,15.6,15.4
12:23:12.600,85.8,53.8,74.0,76.0,72.0,75.3,74.2,75.4,70.6,67.9,67.0,64.6,63.5,59.4,55.6,51.8,50.8,46.7,42.1,39.8,39.5,43.6,45.0,47.6,47.6,46.3,46.6,37.5,27.8,23.4,24.7,20.1,20.4,15.4,13.3,13.4,13.9,14.5,15.2
12:23:13.600,83.3,54.2,72.2,70.5,70.4,69.2,68.4,71.6,70.5,67.0,64.6,65.2,58.4,58.0,54.5,52.5,51.8,47.6,40.3,37.8,37.8,42.5,43.6,48.1,49.1,47.9,46.0,40.2,29.1,24.5,25.3,21.4,16.8,15.7,14.9,14.3,14.0,14.5,15.3
12:23:14.600,83.9,55.1,71.3,70.9,72.5,73.2,73.8,72.4,66.4,66.8,65.0,62.5,62.7,58.7,56.8,52.1,51.9,47.6,40.2,38.6,40.0,42.9,45.6,46.7,50.1,50.7,45.5,39.5,30.4,22.8,24.6,20.3,13.4,13.0,13.0,13.2,13.7,14.5,15.3
12:23:15.600,85.3,54.3,71.8,75.8,72.3,72.4,66.4,72.2,72.5,69.8,66.0,63.0,62.9,58.4,54.9,50.3,50.0,47.6,40.3,37.9,39.2,41.2,44.8,46.0,48.4,50.1,45.7,38.7,29.4,22.0,21.8,17.9,15.6,14.7,13.8,13.4,13.7,14.5,15.3
12:23:16.600,82.2,52.5,71.5,74.9,71.8,69.3,69.5,69.4,71.3,66.7,64.1,64.6,61.3,55.4,54.9,49.6,52.7,45.3,42.6,37.4,39.7,40.0,43.8,45.4,47.2,46.5,43.9,37.8,28.4,22.1,22.8,17.6,13.3,12.5,14.4,13.8,13.8,14.4,15.1
12:23:17.600,82.7,52.1,71.2,73.1,72.3,68.5,65.1,67.5,68.3,67.0,65.3,61.8,62.1,58.9,55.9,51.8,51.7,48.5,42.7,38.5,37.7,40.3,43.2,45.5,45.0,46.6,42.1,37.5,28.8,22.3,22.6,18.7,13.1,12.7,12.4,13.3,13.8,14.3,15.2
12:23:18.600,83.4,52.5,71.5,70.8,68.6,69.1,70.5,71.6,69.3,69.3,66.4,65.1,61.7,60.5,56.4,53.0,49.2,46.6,41.8,38.4,37.1,41.2,42.8,46.5,46.0,48.1,43.1,36.0,28.4,21.6,21.7,18.7,13.1,12.5,12.8,12.9,13.8,14.6,15.2
12:23:19.600,82.3,53.6,70.4,71.7,68.1,64.0,71.8,70.9,63.8,66.1,64.2,62.7,59.7,56.5,55.6,50.9,48.3,44.5,42.2,38.6,37.5,42.1,42.1,46.6,49.9,47.8,42.9,35.8,27.6,22.6,21.6,22.6,22.6,15.9,13.4,13.6,14.0,14.6,15.2
12:23:20.600,82.2,53.8,71.0,73.2,69.3,61.7,66.0,70.9,71.1,66.7,65.7,66.5,61.6,56.4,54.3,49.3,49.5,46.5,41.7,36.6,37.7,42.9,41.7,46.0,49.9,48.6,42.7,34.9,29.2,21.0,20.3,17.6,13.6,12.8,13.0,13.2,13.8,14.4,15.2
12:23:21.600,84.2,53.2,72.4,77.7,78.4,73.8,69.6,72.9,66.8,63.9,68.7,66.4,61.0,55.8,53.0,50.9,52.4,44.5,42.3,41.1,37.2,41.6,44.0,47.3,48.0,46.9,43.6,36.7,27.4,21.3,19.8,18.0,14.0,12.7,13.1,13.1,13.8,14.4,15.2
12:23:22.600,84.4,53.5,71.3,76.1,76.4,71.0,68.1,69.8,71.4,70.1,65.9,64.9,59.7,57.0,57.7,51.3,49.0,45.3,43.0,38.4,37.1,40.5,45.0,47.7,50.2,45.9,42.3,36.1,27.2,21.6,18.8,15.6,13.1,12.8,12.6,13.1,13.7,14.3,15.2
12:23:23.600,82.3,54.1,70.0,70.7,67.4,66.9,67.9,66.7,65.1,65.1,67.1,64.5,61.3,55.3,53.0,50.7,49.4,45.6,42.6,40.4,37.3,41.3,45.8,47.2,51.5,46.7,41.1,36.7,29.4,21.9,19.6,17.7,15.1,13.9,13.3,13.6,13.9,14.4,15.2
12:23:24.600,82.4,54.6,71.4,72.6,70.7,69.8,69.9,69.9,70.7,68.4,65.0,64.5,61.7,57.9,53.4,51.4,50.2,45.1,42.4,40.8,37.7,39.6,45.6,46.3,51.2,48.5,44.4,38.7,28.8,21.2,18.5,15.6,13.1,12.7,12.6,12.9,13.7,14.3,15.1
12:23:25.600,81.0,54.7,71.1,68.3,69.7,70.9,61.8,64.0,69.0,68.4,66.4,64.5,61.5,55.1,55.7,50.6,50.5,46.6,42.5,41.7,38.0,40.1,46.4,47.1,48.3,49.2,47.2,42.4,31.5,20.7,18.1,15.2,12.8,12.6,12.6,13.1,13.7,14.5,15.1
12:23:26.600,83.3,54.8,72.6,74.9,71.6,67.5,71.6,70.3,67.5,70.7,70.1,66.3,61.0,58.7,54.1,50.1,52.5,49.5,43.1,43.1,40.0,41.0,45.9,47.1,48.7,48.2,47.3,42.8,31.7,20.4,18.4,15.4,13.0,12.5,12.7,13.2,13.7,14.5,15.3
12:23:27.600,81.9,55.7,72.3,72.1,69.3,69.5,70.0,64.4,65.7,69.2,70.7,69.4,59.1,56.1,53.9,51.7,52.7,47.2,45.5,47.4,42.6,43.5,46.5,47.4,49.8,49.5,48.8,42.2,31.1,20.4,18.0,15.0,13.0,12.6,12.6,13.1,13.7,14.3,15.2
12:23:28.600,83.8,56.3,71.7,75.8,71.5,71.4,67.8,67.5,67.6,69.1,67.5,67.0,62.5,57.7,53.1,52.0,50.8,48.0,46.4,44.2,43.0,42.9,48.0,49.3,51.7,48.3,49.9,39.7,28.7,20.5,18.4,15.8,13.2,13.3,12.6,13.1,13.8,14.3,15.2
12:23:29.600,81.5,56.4,72.1,70.4,69.6,69.9,68.4,66.9,66.4,67.6,70.0,66.2,62.7,57.6,55.0,51.5,51.3,45.9,44.9,46.7,42.7,44.2,48.5,49.9,53.0,50.1,44.9,39.1,28.8,20.9,18.2,15.0,13.3,12.7,12.6,13.0,13.7,14.5,15.2
12:23:30.600,82.3,56.7,72.8,68.6,70.2,68.4,71.6,72.6,65.1,65.8,70.1,68.9,63.6,57.5,53.8,49.2,50.8,46.8,46.0,46.6,44.9,42.5,48.2,49.2,53.8,49.4,46.1,40.2,29.0,20.9,18.1,14.9,13.2,12.7,12.7,12.9,13.7,14.3,15.1
12:23:31.600,82.5,57.2,71.5,70.2,71.7,70.8,65.1,66.9,67.6,68.2,63.7,68.2,63.9,57.1,55.6,51.4,49.1,46.2,45.2,47.3,46.4,44.4,48.4,49.4,53.9,51.5,46.8,39.7,28.7,20.5,18.1,15.2,13.2,12.6,12.5,13.1,13.7,14.4,15.3
12:23:32.600,81.5,57.4,71.4,72.2,68.6,62.4,67.2,68.4,65.9,63.4,64.4,69.3,62.0,57.1,55.7,52.3,51.1,46.1,44.9,47.8,46.0,44.3,47.4,47.5,54.7,52.2,46.8,38.6,29.0,20.6,17.7,15.1,13.2,12.7,12.6,13.1,13.7,14.4,15.2
12:23:33.600,82.6,56.5,71.4,75.3,74.6,71.5,68.8,70.4,70.7,67.8,65.3,66.1,62.5,55.4,53.1,50.2,49.2,46.5,44.4,47.6,45.1,45.2,47.0,47.4,50.0,51.7,48.4,41.1,30.5,20.8,18.3,14.9,13.3,12.8,12.6,13.0,13.6,14.3,15.2
12:23:34.600,82.9,55.5,71.1,73.8,73.8,70.9,69.0,67.9,65.5,69.2,67.6,65.1,60.5,55.3,53.7,52.3,47.5,47.7,45.4,50.0,48.0,46.9,46.8,44.9,47.6,50.4,48.9,40.9,28.2,20.5,18.4,15.3,14.4,14.6,12.4,13.1,13.8,14.6,15.3
12:23:35.600,82.4,54.9,69.9,74.9,73.1,72.0,70.6,68.3,67.8,69.3,64.9,59.5,57.7,55.2,54.2,50.2,50.1,46.6,46.2,44.1,44.9,46.1,49.0,45.4,46.3,50.0,47.6,39.8,27.6,20.2,18.3,15.3,12.9,12.5,12.8,13.1,13.7,14.5,15.2
12:23:36.600,82.6,53.9,71.4,71.5,69.6,67.4,68.9,69.3,71.9,66.8,67.2,62.4,59.8,53.6,53.6,48.9,49.6,48.1,44.2,44.0,46.8,45.2,49.6,47.1,46.5,47.4,44.4,37.6,28.3,20.7,18.3,15.6,13.4,12.7,12.6,13.3,13.9,14.6,15.3
12:23:37.600,82.1,53.0,72.1,71.7,74.7,71.8,73.2,70.8,71.1,66.1,65.6,63.6,62.8,57.3,54.5,50.3,50.4,45.4,42.4,47.4,47.0,46.3,49.5,46.3,45.2,45.3,42.1,36.3,28.0,20.8,18.2,15.1,13.0,12.5,15.9,14.0,13.7,14.4,15.4
12:23:38.600,82.4,52.9,72.3,76.0,76.6,69.3,71.6,73.4,70.9,71.7,64.6,64.1,61.0,57.2,55.1,49.1,48.9,48.1,45.9,43.9,42.4,44.2,48.4,46.7,46.3,45.1,44.0,36.4,28.5,21.1,18.6,15.2,13.3,12.4,12.8,13.3,13.7,14.5,15.3
12:23:39.600,81.6,53.0,72.4,66.8,69.0,67.7,72.0,74.5,70.2,68.6,65.9,64.2,63.5,56.9,54.3,48.2,49.5,44.7,44.2,44.8,42.3,43.6,46.4,46.2,47.5,46.1,44.3,36.9,30.5,21.1,18.7,15.3,13.5,13.3,12.7,13.3,13.7,14.3,15.4
12:23:40.600,83.6,53.9,73.3,73.1,67.9,65.5,69.4,71.4,69.0,69.1,70.7,65.3,63.7,57.1,53.9,52.0,51.4,44.3,43.2,44.1,40.9,42.5,44.1,45.7,48.8,48.4,44.8,37.4,28.4,20.4,17.8,14.5,12.7,12.6,13.0,13.1,13.8,14.4,15.2
12:23:41.600,81.8,54.1,72.8,67.8,69.6,69.9,72.7,74.0,70.0,66.6,65.0,65.6,62.3,56.4,52.3,50.8,52.5,45.3,42.7,42.7,42.7,41.2,46.1,46.0,49.4,48.6,43.9,38.8,28.4,20.8,18.1,15.6,12.9,12.4,12.8,13.1,13.8,14.5,15.3
12:23:42.600,81.7,53.0,73.5,69.0,68.8,71.9,70.1,72.8,71.1,69.8,69.5,69.2,64.0,59.8,50.9,51.8,53.4,47.1,42.9,43.1,42.2,41.3,44.6,45.8,47.4,45.3,43.8,41.1,32.4,20.7,18.5,15.1,13.6,12.7,12.6,13.2,13.8,14.5,15.1
12:23:43.600,81.7,52.6,72.7,69.8,70.8,70.4,72.0,69.9,68.9,70.7,67.7,67.7,62.2,60.2,55.4,52.5,51.9,45.8,43.1,41.9,40.6,40.8,45.4,45.1,48.6,44.8,42.7,39.1,30.0,20.5,18.3,15.5,13.4,13.0,12.6,13.1,13.7,14.5,15.2
12:23:44.600,80.6,52.6,72.1,70.6,69.9,73.2,71.9,66.6,71.4,68.4,69.1,65.2,64.1,56.7,53.8,51.3,51.8,44.6,41.1,42.4,41.1,41.5,46.1,44.9,47.7,44.0,43.1,37.2,26.6,20.1,18.2,15.0,13.1,13.3,23.3,18.6,13.8,14.5,15.3
12:23:45.600,82.4,52.7,73.5,69.5,68.0,72.9,76.0,72.3,70.8,69.0,69.3,64.9,61.8,58.7,53.4,49.2,49.0,45.5,42.5,42.3,41.2,42.5,45.5,45.5,48.6,46.4,42.0,35.0,27.2,21.1,18.2,15.1,13.1,12.5,12.9,13.3,13.6,14.5,15.0
12:23:46.600,82.5,53.7,71.7,69.3,72.7,75.9,71.9,71.2,70.9,65.4,65.8,65.1,59.6,59.0,53.9,48.1,48.3,44.8,42.2,43.1,42.0,42.3,46.3,45.7,48.4,48.3,43.1,36.9,26.6,20.0,18.1,15.2,12.8,12.5,12.8,13.2,13.7,14.4,15.1
12:23:47.600,82.8,54.6,73.3,70.2,69.4,73.6,74.0,71.8,74.7,71.8,69.0,65.4,60.0,57.4,52.3,50.1,48.4,44.6,42.6,42.4,40.9,41.1,44.9,47.3,49.5,50.6,44.6,38.3,28.5,20.6,18.4,15.2,16.5,14.7,12.6,13.1,13.7,14.3,15.1
12:23:48.600,81.0,54.9,72.8,68.5,66.6,70.4,70.3,70.9,71.1,72.8,68.6,66.6,61.9,56.0,55.5,50.3,50.2,44.5,43.2,41.5,40.8,39.8,46.4,48.9,49.3,50.5,45.5,38.8,28.1,20.2,18.2,15.1,13.3,12.6,12.6,13.2,14.1,14.4,15.2
12:23:49.600,82.5,53.9,72.8,64.6,65.1,70.5,75.3,72.7,73.6,71.2,68.1,63.5,59.8,53.4,51.3,51.0,50.6,45.5,43.5,42.2,39.2,39.1,44.4,48.6,48.3,48.9,43.3,36.1,27.5,20.3,18.0,14.8,12.8,12.7,12.6,13.0,13.9,14.5,15.3
12:23:50.600,83.1,52.9,72.8,71.7,71.1,71.3,73.5,71.8,68.4,68.0,68.5,62.3,61.4,54.8,54.1,50.3,50.9,45.7,41.4,42.1,39.2,38.2,43.0,48.4,46.6,47.0,42.9,35.4,27.5,20.6,18.2,15.4,13.2,12.8,12.4,13.2,13.5,14.4,15.1
12:23:51.600,81.9,51.8,72.1,63.6,70.4,74.0,71.9,72.9,69.7,67.7,67.5,64.7,59.5,51.2,54.2,49.4,50.2,46.7,43.8,42.1,38.8,38.1,43.6,46.8,45.4,45.6,43.2,36.3,29.2,21.0,18.7,15.2,13.1,12.6,12.7,13.1,13.7,14.4,15.3
12:23:52.600,81.0,50.9,71.1,66.5,70.4,68.5,72.6,68.0,70.6,72.5,63.9,59.5,57.0,55.6,54.8,50.1,50.1,47.0,43.1,42.2,39.9,38.6,41.7,45.0,45.7,43.3,42.3,35.2,27.1,20.5,17.7,14.9,13.0,12.6,22.8,17.4,13.7,14.3,15.2
12:23:53.600,82.8,51.9,69.4,71.7,66.4,69.9,73.1,72.3,68.1,63.9,62.9,59.4,57.7,55.2,51.9,49.1,49.0,44.6,41.5,42.7,39.9,39.9,39.6,44.4,46.9,46.8,42.2,36.1,27.8,20.3,17.7,14.9,14.2,12.4,12.5,13.0,13.6,14.4,15.2
12:23:54.600,80.9,52.1,69.6,70.6,69.4,70.8,70.3,65.7,68.5,67.3,64.1,61.8,57.7,52.6,51.9,49.1,50.0,44.8,42.1,41.1,40.2,40.1,39.9,45.8,45.2,46.4,44.8,35.7,26.9,22.0,19.3,15.0,13.0,12.5,12.6,13.3,13.6,14.4,15.3
12:23:55.600,79.9,50.9,68.4,69.5,68.0,71.1,71.5,69.1,67.0,66.9,62.9,58.2,59.3,55.2,53.4,46.4,49.7,44.3,40.1,41.3,40.8,39.7,39.7,43.1,44.8,44.2,43.6,35.1,26.7,23.2,19.2,16.6,14.5,13.4,13.1,13.5,13.7,14.5,15.1
12:23:56.600,83.6,50.9,68.4,69.4,69.7,68.0,68.6,71.0,67.3,64.2,63.1,62.0,60.8,55.8,53.0,49.3,47.7,42.0,39.9,41.8,39.8,40.0,41.3,45.2,45.7,43.7,42.2,34.0,25.7,21.1,18.7,16.1,15.0,13.1,13.0,13.4,13.9,14.4,15.1
12:23:57.600,79.7,51.6,67.3,69.7,73.0,70.5,64.3,66.3,66.1,61.0,60.0,59.9,61.4,56.2,51.7,49.6,48.4,43.2,41.9,41.1,40.5,40.5,41.4,47.2,46.2,44.3,42.9,35.6,25.9,20.6,19.1,24.0,29.7,20.2,19.8,16.8,14.1,14.6,15.2
12:23:58.600,79.2,56.7,68.8,68.8,64.8,64.5,67.6,66.9,66.4,63.8,59.6,62.6,63.0,52.3,51.5,47.4,49.2,46.2,41.0,52.2,53.5,49.0,53.4,55.1,49.6,46.4,41.0,36.9,32.1,32.3,32.3,27.3,25.2,24.6,21.9,19.5,17.1,15.9,15.5
12:23:59.600,78.8,58.7,68.5,65.7,63.6,65.1,67.2,64.1,64.8,64.5,58.3,62.5,61.2,54.4,54.2,50.2,50.3,45.2,44.1,47.4,42.8,56.1,50.5,51.2,50.4,48.3,43.9,37.6,35.8,40.7,42.1,42.8,39.4,36.0,31.9,28.8,28.4,26.2,18.6
12:24:00.600,80.5,56.0,67.8,69.1,72.0,70.0,64.7,65.0,63.9,62.2,61.3,62.3,58.7,54.0,52.9,49.0,48.6,45.7,44.8,47.3,51.1,53.9,46.1,49.4,49.5,46.9,42.4,35.7,34.0,32.3,28.7,27.8,25.1,25.7,23.2,21.5,18.8,16.5,15.8
12:24:01.600,80.8,55.7,69.6,73.9,72.7,68.4,67.3,68.1,68.4,59.7,60.5,62.8,60.4,53.4,53.4,49.7,50.6,45.1,42.3,41.4,39.4,41.6,43.1,50.9,51.4,49.0,46.5,40.2,31.0,25.9,23.7,22.6,21.4,22.3,20.7,20.7,17.8,15.8,15.5
12:24:02.600,77.8,56.5,69.0,66.1,68.7,66.7,64.7,66.8,66.0,59.9,66.0,63.3,59.6,53.0,51.3,49.4,48.0,42.4,42.2,42.6,46.0,45.2,44.1,51.2,51.9,50.4,46.6,41.2,32.2,24.3,26.3,25.2,22.2,20.0,19.6,17.4,15.6,15.0,15.4
12:24:03.600,80.4,56.2,69.2,70.8,72.8,70.0,69.7,67.8,65.8,63.7,62.8,60.0,56.4,52.9,51.7,50.1,53.2,43.4,43.3,43.1,46.9,48.4,44.0,49.1,50.9,51.1,47.4,43.1,35.4,27.8,26.1,24.9,27.0,26.5,27.0,22.1,17.7,15.7,15.4
12:24:04.600,81.0,55.0,69.0,73.6,72.4,74.1,71.8,66.0,65.7,59.3,64.1,62.4,60.2,54.3,51.0,48.4,49.8,43.3,40.9,42.6,40.8,40.8,41.6,46.6,49.6,50.4,48.0,40.8,30.8,22.1,20.5,18.7,16.3,15.1,14.8,14.3,14.1,14.6,15.4
12:24:05.600,80.1,54.5,69.2,67.9,69.5,72.8,70.2,70.4,66.6,59.7,61.5,60.1,59.3,56.2,53.4,49.7,48.9,43.5,42.5,43.7,44.8,46.5,42.4,45.0,48.7,48.1,49.1,40.9,31.5,22.8,24.7,20.3,22.0,24.0,19.3,17.6,15.0,14.7,15.2
12:24:06.600,80.5,53.4,68.6,68.4,70.3,69.9,69.4,69.7,68.7,66.7,61.8,59.6,58.2,55.4,53.0,48.6,49.6,41.5,42.1,43.0,40.0,39.8,43.0,45.9,49.0,46.6,45.8,38.2,26.3,20.0,18.1,14.8,13.4,12.5,12.3,13.0,13.6,14.4,15.2
12:24:07.600,80.7,53.0,69.5,70.6,72.5,72.1,71.4,65.6,61.8,63.3,62.6,62.2,59.0,57.7,53.6,48.1,47.9,42.2,41.6,42.5,39.8,42.2,45.4,47.0,49.7,46.1,42.6,36.5,26.1,21.6,19.1,16.5,16.5,13.5,13.1,13.5,13.8,14.3,15.3
12:24:08.600,82.1,53.4,70.1,71.2,71.0,69.6,64.7,65.6,69.6,68.7,67.0,62.9,57.4,56.6,52.7,49.9,49.7,43.0,43.8,42.4,47.8,44.4,45.1,47.3,48.1,45.5,43.5,38.8,33.1,28.0,28.5,24.4,20.2,20.8,21.0,17.5,15.1,14.7,15.3
12:24:09.600,80.3,51.9,68.7,67.4,68.9,70.2,72.5,66.5,66.5,63.7,64.2,59.7,54.0,53.2,52.4,47.9,49.2,42.8,40.8,42.1,38.6,42.1,43.5,47.4,46.7,44.8,41.6,35.4,27.4,20.6,18.1,15.7,13.7,13.1,13.3,13.5,14.0,14.4,15.3
12:24:10.600,83.5,51.8,70.4,74.7,73.5,75.6,69.8,64.0,66.9,68.8,66.2,65.0,57.2,51.1,53.6,50.1,51.9,45.7,42.5,44.4,42.1,41.4,44.5,46.8,47.6,43.6,40.6,33.7,26.2,20.6,18.1,15.7,13.5,12.8,12.9,13.1,13.7,14.4,15.3
12:24:11.600,81.9,51.5,71.1,65.2,67.0,72.7,71.5,65.0,69.8,70.7,67.0,62.8,59.5,54.3,49.7,49.0,50.9,44.7,43.4,44.2,43.5,42.7,44.7,47.5,46.5,42.7,38.6,33.4,26.6,24.2,20.4,22.2,26.4,23.4,18.0,16.6,14.4,14.6,15.2
12:24:12.600,81.2,50.8,71.4,70.1,71.6,72.2,73.6,67.5,66.9,66.5,66.6,64.9,65.2,57.0,51.9,50.5,50.0,45.4,43.8,41.6,41.8,41.8,43.2,45.8,45.1,43.6,39.2,32.6,25.5,20.8,18.5,15.2,13.1,12.5,12.7,13.1,13.7,14.3,15.2
12:24:13.600,82.2,50.7,71.7,73.3,71.0,70.4,66.3,68.3,69.9,69.3,69.5,66.7,59.2,58.6,53.9,50.1,48.4,44.4,43.4,42.7,40.5,40.1,43.3,46.4,45.3,42.6,37.8,32.5,25.8,20.5,18.3,15.5,13.8,13.3,13.4,13.4,14.0,14.5,15.3
12:24:14.600,82.5,51.2,73.6,67.0,72.0,73.9,71.8,68.8,72.4,72.5,70.8,66.3,67.1,58.5,54.0,48.2,50.0,47.3,43.9,41.5,41.5,41.7,43.0,48.3,45.3,42.1,38.0,32.3,25.7,20.7,18.2,15.3,13.7,13.4,13.5,13.8,14.0,14.4,15.1
12:24:15.600,81.0,51.2,71.8,67.0,66.5,72.1,70.8,70.1,72.4,65.9,67.8,66.9,62.9,59.2,51.7,48.1,51.3,49.0,43.4,41.7,40.7,42.5,44.1,45.9,46.2,42.3,39.4,33.4,24.8,20.4,18.6,15.3,13.2,13.0,12.8,13.2,13.8,14.5,15.1
12:24:16.600,79.7,51.5,71.6,70.9,66.7,70.9,69.0,68.4,66.9,70.5,68.2,65.7,64.8,58.8,52.0,50.1,50.7,45.3,42.7,42.7,40.6,43.3,44.0,44.9,47.2,44.7,39.7,32.6,25.2,21.3,19.0,17.1,15.2,15.1,14.4,14.5,14.6,14.6,15.3
12:24:17.600,80.0,52.1,71.7,65.0,67.0,70.3,68.6,68.1,68.9,69.3,66.9,61.7,59.0,57.4,53.0,48.2,49.4,44.2,43.2,42.2,39.2,41.5,44.8,44.9,46.3,46.2,41.9,33.4,28.0,21.7,20.5,15.9,14.8,15.6,14.7,14.0,14.1,14.4,15.2
12:24:18.600,79.0,53.1,70.3,63.5,68.4,68.7,70.9,69.5,65.8,67.8,66.5,63.6,62.9,56.5,50.5,48.2,49.7,43.8,43.6,42.3,39.5,41.1,45.8,46.1,48.0,46.4,43.6,37.9,30.3,21.4,18.4,15.4,13.0,13.2,13.4,13.2,13.8,14.5,15.1
12:24:19.600,81.8,53.2,70.9,69.7,70.7,69.0,73.0,73.5,65.1,68.0,66.2,60.8,58.2,54.6,52.8,48.5,51.3,43.8,43.9,42.7,38.2,42.8,45.9,46.1,49.4,46.5,43.4,37.9,28.1,20.8,18.2,15.2,13.1,12.6,13.0,13.1,13.8,14.4,15.2
12:24:20.600,79.1,51.9,69.6,69.7,66.8,64.7,64.1,70.4,69.2,65.5,68.9,60.7,54.7,51.8,52.3,47.5,47.5,45.0,42.6,44.4,39.8,41.3,44.4,45.4,48.2,44.7,40.8,34.7,25.8,20.2,18.3,15.4,12.8,12.8,12.7,13.2,13.8,14.4,15.2
12:24:21.600,78.8,50.1,69.1,68.7,70.4,69.2,67.2,66.5,69.6,65.7,63.3,62.1,58.2,51.2,53.0,47.5,49.4,44.0,43.3,41.7,38.5,40.2,40.8,44.2,45.0,42.7,39.5,34.8,26.4,20.0,18.4,15.1,13.0,12.6,12.5,13.1,13.8,14.4,15.2
12:24:22.600,77.2,50.4,66.6,66.3,68.0,63.4,65.4,61.0,60.5,63.1,63.8,56.8,56.6,51.2,50.2,47.0,47.4,43.4,42.2,43.0,39.4,40.8,41.7,44.3,46.2,42.5,41.6,34.4,25.3,20.0,18.2,15.3,13.7,12.8,13.1,13.2,13.7,14.5,15.2
12:24:23.600,80.8,51.8,67.8,67.3,68.8,65.0,64.3,61.4,66.1,64.2,64.4,59.6,56.5,52.3,49.6,47.8,47.7,42.8,39.4,42.5,40.3,41.0,43.7,44.3,46.6,46.4,42.5,34.4,26.2,19.9,17.7,14.8,13.0,12.7,12.6,13.0,13.7,14.4,15.1
12:24:24.600,76.5,52.6,67.2,63.2,60.7,60.6,67.1,66.7,65.6,61.1,61.4,59.6,57.4,53.5,50.5,47.1,47.0,43.5,41.9,42.1,42.3,40.6,44.1,43.4,47.4,47.7,43.8,36.7,27.0,20.4,17.6,15.2,13.2,12.7,12.7,13.1,13.7,14.5,15.3
12:24:25.600,77.2,52.6,67.3,61.6,66.4,68.1,66.8,64.7,64.0,62.9,60.2,62.2,57.8,50.5,49.3,49.3,47.7,42.6,42.3,44.5,41.8,42.1,44.1,43.1,46.2,47.3,45.3,38.5,27.0,20.5,17.8,14.9,13.0,12.6,12.6,13.1,13.7,14.4,15.4
12:24:26.600,77.6,51.5,67.6,69.4,72.0,70.5,66.3,64.6,63.5,65.7,58.3,60.3,59.4,54.4,55.6,50.8,48.7,43.7,42.2,42.0,41.4,42.4,43.6,43.6,44.9,45.2,43.4,37.0,29.5,21.0,18.2,14.7,13.2,12.7,12.5,13.1,13.7,14.6,15.3
12:24:27.600,77.9,50.7,67.2,67.0,63.3,65.2,67.2,65.8,61.2,60.9,61.2,58.7,55.6,52.9,55.2,58.3,50.0,43.5,42.2,43.1,41.7,42.0,44.4,45.1,44.5,42.3,39.9,36.0,28.2,20.3,17.7,15.2,12.9,12.5,12.9,13.1,13.7,14.6,15.2
12:24:28.600,80.0,52.0,68.4,58.2,63.8,63.3,65.9,66.5,68.3,64.7,59.1,59.4,54.0,52.7,51.1,59.5,57.6,41.7,43.4,43.3,42.2,39.7,44.9,45.0,47.4,43.6,41.5,36.5,26.0,20.8,18.4,15.5,13.2,12.7,12.7,13.1,13.8,14.3,15.1
12:24:29.600,78.2,52.1,68.3,62.2,62.1,62.9,65.5,63.1,65.8,64.1,60.8,59.7,57.7,55.6,55.1,61.2,54.9,44.7,43.4,41.6,41.8,40.8,43.1,44.6,46.4,45.2,42.8,35.1,25.8,20.1,18.5,15.3,13.4,12.7,12.7,13.1,13.8,14.5,15.2
12:24:30.600,79.5,51.9,69.2,59.7,59.1,67.7,67.5,61.5,64.1,67.3,63.1,59.4,58.7,52.3,58.7,59.4,60.0,44.9,41.7,39.7,40.1,40.1,42.5,43.6,45.5,44.2,41.2,33.6,25.7,20.6,18.1,15.0,13.2,12.7,12.6,13.2,14.0,14.4,15.4
12:24:31.600,76.9,51.8,67.8,65.0,68.4,68.2,67.5,62.7,63.0,59.3,59.3,57.9,61.4,53.1,55.6,62.5,54.0,44.7,46.0,39.7,39.9,40.9,43.4,43.8,45.9,44.0,41.6,34.5,25.7,20.3,18.0,15.5,13.0,12.6,12.7,13.0,13.8,14.6,15.3
12:24:32.600,77.8,52.9,68.9,66.4,68.2,73.1,69.1,59.4,61.7,58.7,61.8,59.5,57.5,53.9,54.2,64.4,61.3,44.9,48.2,44.5,48.9,47.5,43.6,45.0,45.0,43.1,40.8,34.7,25.5,20.4,18.2,14.8,13.2,12.7,12.7,13.1,13.8,14.5,15.4
12:24:33.600,78.1,52.5,68.6,69.3,70.4,70.0,64.5,61.5,62.3,61.9,58.8,62.3,58.5,54.3,50.9,62.3,61.8,44.4,45.4,45.6,41.9,42.5,44.8,46.2,45.1,42.7,39.7,35.4,25.7,20.7,18.0,14.9,13.1,13.0,13.8,13.3,13.6,14.6,15.2
12:24:34.600,77.7,51.7,68.5,67.8,68.8,67.8,63.6,61.5,66.3,58.1,58.1,57.3,58.1,54.1,52.6,65.1,56.8,44.5,45.7,42.6,41.7,42.1,43.9,44.3,43.9,40.7,38.4,33.6,25.2,20.0,18.1,15.2,13.2,12.7,12.6,13.2,13.6,14.5,15.2
12:24:35.600,78.5,52.3,67.8,61.7,64.3,68.2,65.5,65.2,60.9,58.4,63.1,59.7,56.8,53.2,50.9,62.9,58.3,45.4,47.2,45.6,48.2,45.5,45.6,45.3,45.3,41.7,40.5,34.6,26.6,20.5,18.4,14.9,12.8,12.6,12.8,13.2,13.7,14.4,15.2
12:24:36.600,78.9,51.7,67.5,66.7,67.9,71.3,67.5,65.9,65.2,61.4,59.2,58.4,55.9,54.0,54.8,58.8,52.0,44.9,45.4,43.0,46.2,43.9,42.4,44.9,45.7,43.2,41.7,36.7,26.4,20.5,18.6,15.2,13.2,12.5,12.6,13.1,13.7,14.4,15.1
12:24:37.600,78.1,53.2,68.8,68.4,68.0,67.2,62.9,65.6,65.8,63.1,62.4,59.5,56.5,52.8,52.8,62.3,60.4,44.2,45.4,44.2,46.2,44.4,42.1,43.1,45.8,44.9,45.6,37.8,29.0,20.2,18.1,15.2,13.8,12.9,12.6,13.2,13.8,14.5,15.2
12:24:38.600,77.6,52.9,67.3,65.7,68.4,67.3,66.8,63.4,62.7,62.6,61.7,59.3,54.7,54.5,53.7,59.5,54.0,43.9,45.3,44.4,44.8,43.7,42.0,44.4,46.3,46.8,44.5,38.5,28.0,20.6,17.9,15.2,13.3,13.0,12.8,13.2,13.8,14.4,15.2
12:24:39.600,79.0,53.4,68.3,66.9,65.1,67.8,66.5,71.8,64.8,61.3,61.0,58.5,54.7,54.8,53.3,53.7,56.7,44.4,43.6,46.8,48.3,43.8,42.4,42.4,45.9,49.0,44.6,37.4,27.7,21.1,20.1,17.2,14.8,14.2,13.8,14.1,14.0,14.5,15.2
12:24:40.600,79.5,52.8,66.3,62.8,60.4,66.3,66.3,66.1,63.2,60.9,61.5,58.5,55.0,54.2,53.5,56.1,48.8,44.0,44.3,45.4,46.9,43.1,43.4,43.5,47.7,47.1,43.2,37.2,28.9,21.3,19.5,18.5,19.4,15.5,15.0,14.1,14.0,14.7,15.3
12:24:41.600,76.5,52.4,67.1,66.5,66.4,67.1,65.0,65.0,67.8,60.7,62.2,57.8,57.0,52.6,54.0,57.1,51.1,45.9,46.2,45.1,43.6,42.6,42.7,45.2,48.2,45.3,42.7,36.6,28.3,20.9,18.6,16.0,14.4,13.4,13.1,13.3,13.7,14.4,15.3
12:24:42.600,79.1,52.8,66.6,67.1,62.7,62.3,63.4,62.1,62.2,62.2,61.1,59.1,55.8,53.6,54.1,60.6,50.2,47.7,45.8,44.8,43.0,42.7,42.5,45.6,47.4,46.8,43.2,35.1,27.8,24.2,23.6,21.7,20.6,20.5,20.2,19.5,17.7,16.1,15.8
12:24:43.600,76.8,52.6,67.9,65.7,66.0,65.1,63.6,63.9,64.0,62.4,58.7,59.7,58.0,52.8,53.6,62.3,50.4,45.7,46.5,44.8,43.6,44.8,43.8,43.9,45.2,47.3,43.3,33.4,26.8,20.7,18.4,15.4,14.0,13.8,14.0,13.8,14.2,14.6,15.5
12:24:44.600,79.4,51.6,69.1,71.7,68.8,63.2,62.1,66.2,69.4,66.0,63.9,59.4,54.7,53.3,51.4,62.3,51.6,45.4,49.3,42.9,43.0,42.4,41.6,42.5,45.4,46.1,40.5,33.6,25.7,20.2,18.0,15.0,13.6,13.0,12.6,13.4,13.8,14.6,15.3
12:24:45.600,78.2,51.7,68.4,68.2,65.5,59.0,59.4,62.3,62.4,62.6,59.2,61.1,56.4,51.9,57.4,62.6,50.8,46.0,45.4,42.4,43.9,42.3,41.9,42.1,45.7,44.2,39.4,33.0,26.7,21.6,19.8,16.6,15.5,15.1,15.2,14.8,14.4,14.9,15.4
12:24:46.600,76.7,52.6,68.2,64.7,62.6,61.2,60.6,60.2,65.8,65.8,63.6,57.4,55.6,51.6,58.1,62.9,52.1,50.1,44.5,46.9,48.1,45.4,47.6,46.2,46.4,43.0,39.6,36.7,31.8,26.9,26.6,25.0,25.4,23.0,24.2,22.2,18.8,16.9,15.9
12:24:47.600,75.9,50.5,67.5,65.5,63.7,61.2,64.4,64.5,61.3,63.0,64.0,61.0,58.4,53.9,59.9,56.6,50.3,45.8,43.3,43.2,46.1,43.8,43.2,44.4,45.0,42.8,38.3,32.9,28.7,25.1,23.3,21.6,20.9,20.9,19.6,18.7,16.5,15.7,15.7
12:24:48.600,77.6,50.8,67.3,66.2,61.2,64.6,62.2,64.4,61.2,60.9,60.9,58.8,57.9,52.0,59.3,59.2,51.7,45.4,43.1,40.1,43.4,43.2,43.4,45.1,44.0,43.1,40.1,33.5,26.4,22.6,20.7,20.8,21.6,21.1,19.2,17.5,16.3,15.9,16.1
12:24:49.600,78.7,51.1,67.1,70.9,70.2,61.8,58.8,60.7,60.2,64.0,62.3,58.9,57.7,54.1,59.0,60.5,49.5,44.8,43.3,40.8,47.2,43.7,42.6,43.8,44.9,42.4,40.8,35.7,27.1,20.6,19.1,16.3,14.4,13.5,13.5,13.5,13.9,14.6,15.3
12:24:50.600,80.1,50.7,66.8,68.6,67.3,65.1,63.6,63.8,61.7,62.4,64.4,61.4,56.0,50.8,58.3,51.0,50.0,46.9,41.2,41.1,45.9,44.4,43.5,43.9,45.0,42.4,39.5,34.3,26.0,20.5,18.5,15.8,14.0,13.7,14.1,13.9,14.2,14.7,15.4
12:24:51.600,78.3,51.1,67.2,71.4,68.0,64.4,64.0,62.8,60.7,62.9,61.3,61.0,56.9,53.1,60.7,52.3,50.2,44.6,41.7,42.9,48.3,46.8,46.9,43.9,44.0,41.4,40.8,33.6,27.4,21.7,20.1,17.0,16.0,15.4,15.5,15.1,14.6,14.8,15.5
12:24:52.600,77.9,49.7,66.0,71.3,73.8,69.4,59.8,64.0,62.4,59.1,55.6,58.4,55.2,51.4,59.8,50.3,48.3,45.9,42.1,40.6,44.2,42.2,43.4,43.8,44.0,40.3,38.1,32.9,26.4,21.4,19.9,17.2,15.8,15.1,14.9,14.6,14.6,14.8,15.3
12:24:53.600,80.6,50.6,67.3,73.1,68.3,67.4,64.8,68.8,66.8,59.9,59.3,61.8,57.5,57.5,58.8,52.8,49.7,47.2,42.0,39.0,47.8,44.3,43.1,43.5,42.2,43.6,39.1,32.5,25.5,19.8,17.8,15.6,13.4,13.1,13.1,13.6,13.9,14.7,15.3
12:24:54.600,80.6,50.8,67.2,65.5,69.6,66.9,67.4,68.0,63.9,60.4,58.7,53.7,55.7,55.0,58.0,52.6,52.1,46.4,41.8,38.0,40.4,43.1,42.5,42.1,41.8,45.8,40.7,33.2,25.2,20.4,18.5,15.3,13.3,12.8,12.7,13.2,13.9,14.5,15.2
12:24:55.600,79.0,50.7,66.9,63.7,70.0,68.6,69.4,67.1,65.5,61.8,58.1,57.1,57.4,53.6,57.0,52.5,50.0,44.4,42.2,37.9,41.9,44.7,45.3,43.0,42.9,44.3,41.6,33.6,27.8,23.4,19.2,15.5,14.0,13.6,13.6,14.5,14.1,14.7,15.3
12:24:56.600,80.6,49.5,69.3,70.2,70.8,68.6,68.5,70.6,64.1,65.5,62.0,60.0,57.2,53.6,56.6,50.9,48.1,46.8,42.7,37.0,40.0,44.6,43.0,42.1,42.7,42.1,40.1,32.8,25.3,20.0,18.5,14.9,13.5,13.0,12.6,13.2,13.6,14.4,15.2
12:24:57.600,80.6,51.4,69.0,65.2,70.9,71.2,71.3,69.0,66.8,66.7,62.0,60.6,58.0,53.6,53.5,51.3,50.3,48.4,46.8,42.2,47.2,49.1,46.6,44.8,44.2,41.2,38.5,32.0,25.2,19.9,18.2,15.3,13.2,12.9,13.2,13.5,14.0,14.4,15.3
12:24:58.600,80.1,51.4,68.3,70.6,70.9,68.8,69.1,65.1,66.8,65.3,63.0,62.9,58.9,54.4,52.2,51.9,50.3,45.7,43.3,45.8,47.0,49.5,43.5,42.3,43.8,41.5,39.6,35.4,25.1,20.3,18.6,15.4,13.4,12.8,13.0,13.5,13.9,14.5,15.2
12:24:59.600,79.0,50.6,68.8,65.3,66.0,67.6,67.2,69.1,67.1,64.9,64.2,61.3,55.8,51.9,51.8,54.5,53.8,47.9,45.7,41.8,45.2,48.0,43.4,42.7,42.7,41.9,40.2,34.4,26.1,22.0,21.0,18.9,18.0,17.5,16.6,15.8,15.2,15.0,15.6
