AMBIENT,58.5,47.2,55.0,49.1,46.7,43.7,43.0,46.9,47.6,45.0,46.7,46.7,45.0,45.1,43.6,45.0,45.1,40.5,38.2,37.2,40.3,41.9,41.9,37.5,39.2,38.6,38.5,35.7,31.3,27.8,25.1,24.0,23.2,23.4,23.6,24.3,24.8,25.7,26.6
12:20:00.044,58.7,46.4,54.9,50.6,48.3,41.9,43.2,47.9,48.0,45.2,43.7,45.4,44.7,50.0,44.5,42.4,41.7,43.4,35.1,32.0,29.6,30.5,34.4,36.3,38.8,39.6,38.3,36.5,32.9,25.9,21.0,20.2,20.8,21.8,22.8,23.6,24.6,25.7,26.6
12:20:01.044,58.2,45.9,55.7,45.4,45.9,44.6,41.8,44.0,43.5,44.2,47.3,49.0,47.5,50.0,46.4,46.1,40.7,40.5,36.7,33.6,30.6,29.4,30.5,35.0,38.2,38.9,38.9,36.2,32.1,26.3,23.1,20.0,21.0,21.7,22.6,23.7,24.4,25.8,26.6
12:20:02.044,58.9,46.6,57.2,46.0,43.4,42.3,44.5,42.7,39.7,42.8,42.9,42.1,45.3,54.2,47.9,49.6,44.6,38.7,35.6,31.9,29.1,29.1,31.2,35.3,38.6,41.1,39.2,37.7,33.3,26.1,25.5,20.9,21.3,22.2,22.7,23.6,24.7,25.7,26.7
12:20:03.044,60.0,47.5,58.0,47.5,45.6,41.1,39.2,45.0,42.6,39.2,45.3,41.5,41.1,56.5,47.3,46.6,43.3,37.6,34.1,31.2,28.5,29.9,33.6,39.3,39.7,40.1,39.6,39.7,34.3,26.6,22.0,20.5,21.0,21.9,22.8,23.7,24.5,25.6,26.6
12:20:04.044,57.4,46.8,55.4,43.1,44.3,41.7,39.9,40.5,43.2,44.3,46.3,45.2,45.0,52.0,44.7,44.6,41.9,39.2,35.9,31.7,29.5,31.9,33.3,37.6,38.2,39.0,39.0,36.8,32.4,25.0,20.7,20.2,20.7,22.0,23.1,23.7,24.6,25.5,26.7
12:20:05.044,58.3,47.9,55.0,48.4,46.9,43.4,45.0,47.5,39.2,41.6,47.2,44.8,41.7,49.0,47.2,46.4,41.8,38.7,36.9,32.7,30.5,34.6,38.6,41.4,40.9,40.8,39.8,36.3,32.0,26.2,22.4,20.9,20.9,21.7,22.7,23.5,24.7,25.7,26.7
12:20:06.044,57.5,48.3,54.2,44.2,45.0,47.4,43.8,46.7,48.1,46.0,40.3,42.7,40.7,45.3,44.3,46.7,40.9,39.5,39.4,35.5,31.4,34.5,37.3,38.3,38.2,41.4,40.5,40.9,38.5,31.1,25.0,20.8,21.2,22.0,22.6,23.7,24.7,25.7,26.6
12:20:07.044,58.0,50.2,54.9,42.6,42.4,45.9,46.9,45.6,46.9,44.8,45.7,45.2,42.0,41.9,45.2,45.9,42.4,42.2,36.4,35.5,33.2,36.5,41.2,42.3,42.0,43.3,43.5,42.6,38.1,31.0,24.9,20.8,21.0,22.0,22.7,23.6,24.6,25.6,26.7
12:20:08.044,57.6,48.4,54.7,40.2,38.3,40.7,46.5,49.9,46.4,47.0,47.4,45.6,43.0,45.3,44.9,43.6,41.5,43.2,37.2,33.5,29.3,34.7,39.8,41.9,39.8,39.6,40.5,38.6,34.4,28.0,22.6,20.6,21.0,21.8,22.6,23.8,24.7,25.6,26.6
12:20:09.044,57.1,47.3,54.2,40.2,40.2,44.1,39.8,44.5,43.8,40.4,44.7,46.7,43.0,45.1,44.7,43.8,41.3,42.4,36.2,32.7,29.9,34.2,38.4,39.6,39.5,42.0,39.5,38.0,31.8,25.1,20.8,19.9,20.7,21.6,22.7,23.7,24.7,25.5,26.6
12:20:10.044,57.8,45.7,54.1,41.6,41.2,35.2,40.9,47.2,46.3,39.9,43.8,45.5,45.4,46.9,44.8,42.2,42.1,37.4,34.4,32.7,29.9,30.5,32.6,35.2,36.7,40.4,38.6,36.4,30.7,24.0,21.1,20.2,21.0,21.7,22.7,23.5,24.6,25.5,26.7
12:20:11.044,56.6,47.0,53.0,42.8,45.5,43.5,45.6,45.3,42.5,43.1,44.5,45.5,42.0,44.6,45.7,40.8,39.1,38.1,34.5,32.4,28.9,31.2,35.3,38.1,38.7,41.4,39.2,37.5,33.1,24.1,19.9,19.9,20.9,21.6,22.4,23.7,24.6,25.6,26.7
12:20:12.044,57.8,48.4,53.5,48.3,49.0,45.0,45.0,50.2,48.0,46.5,47.1,43.0,43.3,44.9,44.2,40.9,39.7,36.1,34.1,31.3,30.1,29.8,31.5,35.1,39.1,41.1,42.2,41.7,37.0,29.6,23.4,20.7,21.1,21.8,22.8,23.8,24.8,25.7,26.6
12:20:13.044,82.2,61.6,74.1,66.3,67.7,59.5,58.8,64.2,63.7,65.4,61.8,56.5,55.0,61.7,63.2,60.6,63.7,69.2,55.8,50.3,51.0,50.3,54.2,54.6,48.2,41.4,39.3,38.2,32.1,25.7,22.3,21.9,22.9,23.7,23.8,24.2,25.0,25.9,26.6
12:20:14.044,81.1,55.9,68.9,68.7,70.5,64.1,59.7,61.2,63.3,63.3,56.8,56.3,50.4,53.6,55.3,57.1,57.0,59.2,54.8,51.9,49.2,49.1,50.9,52.1,46.1,40.6,37.1,35.3,29.5,22.9,20.7,20.8,21.2,22.3,23.3,24.0,24.7,25.7,26.8
12:20:15.044,91.8,64.3,86.3,80.6,72.4,76.8,83.8,81.9,82.1,85.0,81.7,76.2,77.8,77.3,75.8,76.9,70.4,66.7,61.8,56.6,55.5,60.7,60.9,55.8,49.1,44.7,43.7,48.2,41.2,42.2,38.9,32.8,25.9,22.9,23.8,24.2,24.7,25.7,26.7
12:20:16.044,94.7,67.5,90.0,83.7,82.0,80.3,80.5,81.7,83.8,89.4,86.7,79.7,77.8,80.2,78.1,79.7,73.8,73.3,67.5,63.2,58.7,59.6,60.5,59.4,53.6,43.6,37.2,32.2,27.0,21.6,20.0,21.2,20.9,22.0,22.6,23.5,24.7,25.8,26.7
12:20:17.044,95.0,73.2,91.5,83.2,83.7,77.9,80.9,79.8,78.8,85.0,82.6,83.8,80.0,84.1,85.3,82.5,79.3,78.1,74.0,71.0,67.4,67.6,67.2,66.0,59.9,50.0,44.6,36.4,28.5,22.2,21.9,20.4,21.0,21.9,22.9,23.6,24.5,25.6,26.7
12:20:18.044,95.4,75.9,92.6,82.4,77.5,71.9,77.5,82.5,81.4,86.9,88.4,85.3,79.8,84.6,84.6,82.9,81.9,81.2,76.1,74.0,71.4,70.4,70.1,67.9,62.7,54.6,48.6,38.7,28.7,22.0,21.7,20.5,21.0,21.9,22.6,23.7,24.7,25.6,26.6
12:20:19.044,99.5,79.4,95.5,85.7,85.2,85.0,86.4,88.5,87.5,86.9,87.6,84.3,81.1,87.0,85.5,88.1,85.1,84.2,80.3,76.6,74.8,72.8,73.0,70.9,67.0,60.3,55.4,46.0,34.8,24.4,21.9,20.5,21.0,21.8,22.7,23.8,24.7,25.6,26.5
12:20:20.044,102.0,84.4,99.8,84.1,83.1,82.4,86.6,89.4,88.5,91.8,90.3,86.8,88.4,89.7,91.1,92.4,91.5,89.8,86.5,82.5,78.7,77.8,77.0,75.6,73.5,68.1,64.4,57.6,49.6,39.1,30.4,21.6,20.8,22.0,22.9,23.6,24.6,25.6,26.7
12:20:21.044,105.8,89.2,104.2,90.3,86.3,82.7,91.1,93.3,87.6,91.6,90.7,93.8,91.9,94.2,96.4,98.2,95.5,93.2,89.6,86.2,82.5,81.4,80.3,79.4,78.9,74.2,71.2,66.2,60.7,52.8,44.6,33.8,25.7,22.1,22.9,23.9,24.7,25.8,26.8
12:20:22.044,107.0,89.9,105.4,87.3,87.3,89.2,93.2,91.1,92.6,90.9,93.2,92.9,97.3,95.5,96.9,99.5,96.8,93.8,91.0,86.6,82.1,82.5,81.3,79.8,80.2,77.3,72.9,67.7,62.2,56.0,47.3,37.7,27.7,22.6,22.7,23.6,24.7,25.8,26.6
12:20:23.044,106.4,88.2,104.6,75.3,84.6,91.5,91.6,92.0,87.6,87.0,89.9,97.3,98.6,99.0,97.4,94.2,93.9,93.0,90.2,85.2,81.3,80.9,80.6,80.4,78.6,75.4,71.2,65.2,57.4,50.4,41.0,29.0,21.8,22.1,22.8,23.6,24.7,25.5,26.7
12:20:24.044,104.7,87.3,102.8,84.2,87.7,89.2,90.6,90.4,94.0,93.1,94.2,94.7,94.5,94.5,94.5,94.5,93.2,91.6,88.6,84.4,81.2,80.3,80.7,80.2,78.5,73.9,69.3,65.0,56.9,50.5,40.0,27.9,21.4,21.9,22.7,23.6,24.7,25.8,26.7
12:20:25.044,105.2,86.4,102.4,83.6,87.9,95.3,95.0,94.9,93.2,91.5,91.6,94.3,94.9,92.6,90.8,94.1,94.3,90.2,87.0,82.9,79.0,78.6,80.3,79.2,76.9,69.9,64.5,60.2,50.5,43.4,31.1,22.4,21.0,22.0,22.7,23.8,24.7,25.6,26.8
12:20:26.044,104.5,86.3,103.0,78.2,88.3,90.7,89.2,89.0,85.6,86.8,89.1,92.9,98.0,95.5,96.2,95.5,93.0,90.9,87.7,83.6,78.9,79.7,80.2,79.0,76.8,71.2,66.0,62.5,54.0,47.6,34.3,23.4,21.0,21.7,22.7,23.6,24.5,25.6,26.6
12:20:27.044,104.2,86.0,102.9,85.8,87.6,87.9,85.4,84.6,85.3,88.5,88.6,91.3,93.4,94.7,97.3,95.9,95.6,89.6,86.8,80.3,75.8,77.1,79.0,78.4,76.3,69.2,64.0,63.3,55.1,52.1,41.6,30.4,22.2,21.8,22.7,23.6,24.7,25.6,26.6
12:20:28.044,102.5,84.0,101.5,80.0,76.1,75.8,81.6,82.8,84.7,88.0,88.9,91.5,91.8,95.3,95.9,95.6,91.5,88.3,84.5,79.8,75.9,75.3,76.2,75.0,72.6,66.7,60.0,54.6,46.0,43.2,32.1,22.2,21.1,21.6,22.7,23.7,24.8,25.6,26.6
12:20:29.044,100.7,81.4,99.6,68.1,73.9,74.5,75.3,80.4,81.3,89.1,85.9,92.3,92.2,93.2,94.3,92.2,89.5,86.8,80.7,77.0,72.5,71.8,72.8,72.4,70.9,66.5,58.4,53.4,45.2,39.6,27.3,20.9,20.9,21.4,22.6,23.6,24.6,25.7,26.7
12:20:30.044,96.8,75.3,94.9,70.1,69.7,73.1,76.8,80.9,80.1,85.9,87.8,87.5,85.1,88.0,86.8,86.9,81.9,79.3,74.9,72.4,69.0,67.6,66.4,64.9,62.0,55.2,50.1,43.1,34.5,25.0,20.9,20.4,21.0,21.8,22.9,23.6,24.7,25.7,26.7
12:20:31.044,97.1,74.0,95.0,72.8,80.4,83.9,82.5,81.8,82.2,82.1,85.5,90.7,90.4,87.1,87.3,83.4,80.2,78.9,73.6,71.2,66.3,64.9,64.1,63.0,59.2,53.4,46.6,39.3,31.6,24.5,20.3,20.3,20.5,21.6,22.7,23.5,24.6,25.8,26.6
12:20:32.044,97.7,74.5,95.6,75.3,73.4,78.2,82.7,79.1,88.2,85.2,87.2,93.0,86.9,88.7,85.9,85.8,84.7,75.9,76.1,72.6,67.3,65.0,64.9,62.9,61.1,55.8,49.2,43.3,36.0,27.1,20.7,20.4,21.3,22.0,23.0,23.7,24.7,25.6,26.6
12:20:33.044,99.3,76.2,97.5,70.8,74.9,79.6,78.1,80.3,82.8,87.5,88.1,90.4,90.9,91.6,90.2,90.3,82.0,81.1,77.6,72.9,67.6,65.9,65.5,62.7,61.3,56.4,51.5,43.6,34.9,25.6,20.5,20.2,21.0,21.9,22.8,23.7,24.6,25.7,26.6
12:20:34.044,101.9,77.5,99.8,74.8,79.5,81.5,85.0,82.6,90.0,86.9,94.8,94.3,94.3,91.5,90.9,91.5,84.9,81.2,78.4,71.2,68.5,67.1,66.8,65.6,62.6,56.6,51.0,43.0,32.3,23.3,19.6,20.1,20.8,22.0,22.6,23.5,24.7,25.6,26.6
12:20:35.044,103.1,79.1,101.2,78.6,80.7,83.9,84.7,82.7,87.0,89.6,97.0,94.2,96.4,92.0,92.2,89.3,86.5,82.9,77.2,70.2,69.7,70.2,68.6,69.3,66.4,58.6,54.0,48.4,38.8,29.8,22.0,20.4,20.8,22.1,22.9,23.5,24.6,25.7,26.7
12:20:36.044,105.3,82.6,103.7,75.1,74.6,78.8,82.9,84.8,91.9,93.0,95.7,97.0,97.5,97.8,95.8,94.9,89.5,84.3,77.7,73.2,75.7,74.1,73.0,75.2,72.7,66.3,62.7,58.5,51.4,43.3,32.8,22.0,20.9,22.1,22.8,23.7,24.6,25.5,26.7
12:20:37.044,104.8,79.7,102.8,79.8,80.8,83.6,85.7,87.0,89.0,95.3,97.6,97.4,96.1,98.1,95.1,90.7,86.3,80.6,75.8,72.2,70.8,71.0,71.4,72.4,67.6,62.2,58.8,51.7,42.9,33.3,23.3,20.4,20.9,21.7,22.7,23.7,24.6,25.7,26.6
12:20:38.044,105.6,80.0,102.9,79.2,81.6,88.6,94.4,94.3,93.7,99.3,97.8,95.8,96.1,94.0,93.5,88.7,84.9,79.8,74.5,70.9,71.7,71.6,70.4,71.5,67.5,60.7,57.8,51.9,42.1,31.6,22.8,20.1,20.9,21.7,22.8,23.7,24.7,25.6,26.7
12:20:39.044,106.9,86.5,104.8,86.0,88.5,88.1,88.0,92.9,93.4,96.5,95.7,97.2,97.9,99.3,97.8,91.5,89.9,86.2,80.3,77.9,79.3,81.1,79.9,81.1,78.2,72.1,73.7,68.5,65.7,58.3,52.5,43.1,33.0,24.5,22.7,23.5,24.5,25.7,26.6
12:20:40.044,108.4,85.6,105.7,84.7,86.5,83.7,90.9,97.6,97.4,99.8,101.0,101.4,95.0,97.7,98.4,98.0,92.9,88.3,82.7,79.8,78.9,79.0,78.1,77.7,73.5,67.9,66.2,61.6,58.1,51.2,44.1,35.0,26.1,22.4,22.7,23.6,24.5,25.5,26.7
12:20:41.044,106.7,82.2,103.9,81.7,85.3,88.4,89.5,94.2,97.4,99.9,99.6,97.8,97.1,97.4,92.7,89.7,87.3,85.4,81.1,76.3,73.9,74.8,77.0,74.3,71.6,65.8,63.1,57.0,51.1,44.7,36.5,27.3,22.1,22.0,23.6,24.6,24.7,25.7,26.7
12:20:42.044,109.4,85.8,106.7,86.1,87.2,89.3,93.1,91.9,98.3,101.3,101.0,99.5,99.5,99.5,97.1,94.5,91.7,86.6,80.9,79.9,77.7,78.6,79.5,79.7,73.3,72.3,70.0,63.6,59.7,50.9,42.5,33.1,24.1,22.1,22.9,23.5,24.6,25.7,26.8
12:20:43.044,109.3,89.0,106.5,86.9,86.9,93.8,96.3,96.2,98.0,101.3,98.3,100.2,100.0,98.6,94.2,93.6,90.4,86.9,83.6,80.0,78.9,81.8,83.6,80.2,73.0,75.4,70.3,69.4,65.0,60.0,54.3,48.4,41.4,34.3,28.3,24.6,24.7,25.6,26.6
12:20:44.044,110.2,93.4,107.6,83.3,87.5,91.5,94.3,97.8,100.5,104.2,99.0,103.2,101.0,101.3,97.1,94.6,90.9,89.6,85.5,83.4,84.5,88.6,90.1,89.0,81.7,85.4,81.4,81.9,77.5,76.1,72.2,69.0,63.4,58.0,52.1,44.2,35.2,28.1,26.8
12:20:45.044,108.7,83.7,105.8,81.7,85.6,88.1,91.1,97.1,95.7,102.4,100.8,97.0,99.2,98.2,95.7,89.1,87.0,85.4,79.2,75.6,75.6,78.7,79.3,75.9,69.0,69.9,63.4,57.5,50.0,42.4,32.9,24.2,21.3,21.8,22.7,23.5,24.7,25.5,26.7
12:20:46.044,112.4,86.9,108.7,89.1,95.0,97.5,98.7,98.0,104.3,105.5,99.2,104.4,103.1,99.3,96.2,92.1,90.5,85.6,81.2,78.3,79.4,83.8,84.0,79.0,73.7,74.4,67.8,66.1,60.3,53.9,46.7,39.3,31.7,24.9,23.1,23.6,24.6,25.7,26.7
12:20:47.044,112.6,91.0,109.9,85.8,86.9,95.5,97.5,103.1,100.6,102.0,106.0,103.9,103.2,103.1,97.5,94.7,95.1,90.2,83.5,80.1,86.2,88.4,87.2,82.2,80.1,80.1,73.2,71.9,69.4,64.8,59.2,52.7,44.9,35.1,27.1,23.9,24.8,25.7,26.6
12:20:48.044,112.0,90.8,108.5,83.2,88.0,94.9,100.6,105.2,103.8,104.7,104.8,102.3,103.2,97.4,96.1,93.5,92.0,87.0,82.7,80.4,85.8,89.6,87.8,81.8,83.2,79.5,77.1,71.9,69.2,63.6,57.0,50.6,41.6,32.2,26.0,24.1,24.8,25.6,26.7
12:20:49.044,109.0,84.2,104.7,86.9,92.1,93.4,100.0,103.2,99.0,97.6,97.3,100.8,98.7,97.0,91.5,89.2,86.0,78.9,75.8,77.5,80.9,81.9,80.8,74.1,75.8,70.5,69.3,63.5,58.3,52.1,43.5,34.4,24.8,22.1,22.7,23.9,24.7,25.6,26.6
12:20:50.044,111.2,84.1,106.6,88.5,95.7,101.0,100.1,99.3,103.9,102.3,104.5,102.1,97.2,94.0,90.7,89.0,87.3,82.1,78.5,78.4,80.9,81.2,78.0,70.5,71.2,65.3,62.7,57.9,52.9,45.1,36.2,26.7,21.8,22.1,22.6,23.9,24.6,25.4,26.7
12:20:51.044,111.8,89.8,107.5,93.9,95.8,98.8,101.6,98.8,103.4,105.3,103.7,101.1,98.3,97.0,97.6,94.0,91.1,84.8,81.0,85.8,89.3,89.5,85.7,79.9,82.8,77.6,78.5,74.4,71.3,69.7,65.6,60.3,52.7,44.6,36.1,26.8,24.9,25.5,26.6
12:20:52.044,109.3,83.1,104.8,90.1,94.1,98.1,98.3,100.1,100.6,100.6,100.8,98.2,96.7,94.6,92.4,90.1,83.9,80.6,78.1,82.1,82.6,78.8,73.7,71.7,70.3,67.6,66.6,61.3,56.3,50.4,42.8,34.3,25.1,22.1,22.6,23.7,24.7,25.5,26.6
12:20:53.044,108.6,86.6,103.5,85.0,91.9,92.2,96.0,93.7,100.2,99.1,96.7,96.0,91.9,92.0,89.3,88.1,85.3,80.8,78.1,83.7,86.0,86.7,78.0,79.3,77.1,72.2,69.2,63.3,57.2,49.5,40.7,32.2,24.0,22.1,22.6,23.5,24.6,25.7,26.6
12:20:54.044,108.3,86.4,103.7,88.0,88.2,93.6,96.6,99.6,103.4,102.3,97.5,97.1,94.9,92.5,91.6,88.4,82.3,76.8,77.6,84.1,86.3,82.1,74.8,77.8,76.8,73.9,71.2,69.9,66.5,61.6,56.3,49.7,39.7,28.9,23.4,23.7,24.7,25.6,26.6
12:20:55.044,107.8,86.2,103.7,87.7,94.0,97.8,98.0,93.6,96.1,102.1,97.2,96.0,94.7,96.6,92.8,88.0,85.8,79.4,79.0,85.0,86.6,84.1,76.0,81.0,76.9,74.5,69.8,66.8,62.0,56.8,49.7,41.4,31.7,23.9,22.8,23.6,24.7,25.6,26.7
12:20:56.044,106.0,83.3,101.9,87.2,90.7,94.1,93.5,97.3,99.8,99.3,96.7,95.0,95.4,91.7,89.7,85.8,83.5,77.1,80.4,82.8,84.3,79.4,71.5,75.9,69.0,69.2,64.4,59.8,54.5,49.1,41.2,30.9,22.3,21.9,22.6,23.5,24.5,25.7,26.7
12:20:57.044,105.3,78.7,101.3,81.8,85.4,87.2,92.3,96.1,94.8,99.2,96.9,94.9,92.5,92.9,88.1,87.1,80.8,73.4,76.7,80.4,77.4,71.5,66.5,68.5,61.6,60.3,54.3,48.2,42.3,32.8,24.2,20.6,20.9,22.0,22.5,23.6,24.5,25.5,26.6
12:20:58.044,104.8,82.4,100.8,81.9,84.0,86.7,94.2,91.9,97.3,96.3,92.8,94.4,95.2,92.9,89.3,85.8,80.7,74.7,80.6,83.3,82.1,75.7,73.6,75.3,68.7,66.9,63.0,58.1,53.1,46.2,37.3,27.0,21.4,21.9,22.3,23.7,24.8,25.7,26.6
12:20:59.044,105.4,81.9,101.0,79.8,86.8,92.3,95.0,95.1,97.7,95.9,95.3,92.3,93.7,91.8,87.8,83.1,81.4,74.7,82.1,84.5,81.4,75.1,70.1,69.4,61.3,58.8,55.6,50.7,45.0,37.6,29.8,22.9,21.1,22.0,22.8,23.7,24.7,25.6,26.5
12:21:00.044,106.2,79.0,100.4,83.4,89.8,94.3,97.2,99.3,97.1,96.0,93.6,92.7,94.8,90.8,87.7,83.8,77.6,75.4,81.9,81.2,77.3,69.9,73.5,73.1,66.7,62.2,57.3,51.7,43.0,34.4,24.7,20.7,20.9,21.6,22.8,23.7,24.6,25.7,26.5
12:21:01.044,104.0,77.3,99.7,87.0,87.1,90.5,94.7,96.7,94.4,95.4,94.9,93.3,94.9,89.6,83.9,81.7,77.7,74.9,77.6,78.9,76.6,69.8,70.1,64.7,60.0,51.9,47.2,42.0,34.5,26.5,20.4,20.1,21.0,21.9,22.7,23.6,24.6,25.7,26.6
12:21:02.044,104.5,75.7,99.7,87.9,91.8,92.9,95.3,99.3,98.5,93.0,93.9,92.3,93.5,90.1,86.9,80.5,76.3,73.3,79.4,77.8,74.3,64.6,64.4,59.9,55.7,48.3,43.2,37.3,28.8,21.4,19.5,19.8,20.5,21.8,22.6,23.7,24.8,25.7,26.7
12:21:03.044,104.3,75.5,99.4,89.0,93.3,95.2,95.0,95.3,92.0,98.1,95.6,95.2,91.3,88.5,86.2,83.3,76.0,73.7,78.7,78.2,73.4,65.8,66.0,61.6,58.7,49.2,44.0,37.1,29.1,21.7,19.6,20.0,20.7,21.7,22.6,23.8,24.8,25.7,26.7
12:21:04.044,103.9,77.0,99.5,88.2,92.7,94.4,93.0,91.8,92.1,92.3,92.4,97.4,92.7,90.2,88.7,83.2,76.1,78.9,82.6,79.5,75.5,65.0,64.0,59.5,62.3,54.2,45.4,39.2,31.0,23.3,19.7,19.9,21.0,21.9,22.8,23.7,24.6,25.7,26.6
12:21:05.044,104.3,75.7,99.6,84.9,86.7,88.8,94.2,93.7,90.5,93.1,95.4,92.1,94.1,89.3,85.8,81.9,73.1,76.8,80.7,78.0,72.3,63.5,67.1,58.6,54.9,46.1,38.2,32.6,25.2,20.0,19.5,20.1,20.7,21.9,22.8,23.6,24.5,25.6,26.7
12:21:06.044,103.2,72.5,98.4,87.3,89.6,91.6,91.4,91.2,95.2,94.8,93.4,94.7,91.3,87.3,83.6,77.9,73.3,76.6,76.6,72.0,64.8,57.7,56.1,50.0,45.2,39.0,33.1,30.7,24.7,21.1,19.4,19.8,20.8,21.7,22.6,23.6,24.7,25.7,26.8
12:21:07.044,102.4,73.6,97.1,84.9,87.2,89.6,93.0,93.1,90.8,91.6,89.0,93.0,91.4,86.7,82.6,77.8,72.2,78.2,78.4,76.5,71.2,62.6,60.5,55.5,52.6,43.2,35.0,30.0,22.9,19.6,19.4,19.8,20.9,21.9,23.2,23.7,24.5,25.7,26.5
12:21:08.044,103.6,73.7,97.4,90.5,90.8,92.5,93.1,93.7,93.9,92.7,94.2,93.4,88.2,85.5,82.4,77.9,71.5,76.6,77.1,76.1,70.8,63.6,65.3,55.8,52.6,45.4,37.4,32.7,25.5,21.3,20.4,20.7,21.3,22.1,23.0,23.9,24.7,25.6,26.7
12:21:09.044,104.0,71.9,97.0,92.2,93.3,96.6,92.7,90.5,92.6,91.6,91.3,91.9,89.3,88.3,82.3,78.1,72.2,76.9,77.0,71.2,64.0,59.9,60.6,50.4,46.2,39.2,35.3,33.7,27.2,22.5,21.4,21.2,21.6,22.8,23.2,24.0,24.7,25.7,26.7
12:21:10.044,103.2,71.0,97.4,84.8,88.6,93.9,93.1,88.3,93.6,94.0,93.0,91.8,89.1,86.8,84.1,76.4,70.4,75.6,75.5,71.7,65.9,60.1,56.7,50.0,44.2,40.8,36.6,37.9,34.9,25.8,22.4,22.4,22.7,23.6,24.3,24.4,25.3,25.9,26.6
12:21:11.044,101.6,71.4,96.1,86.4,90.2,94.3,92.5,91.9,93.4,91.6,93.2,89.8,89.1,86.3,79.6,77.4,70.7,74.9,77.5,74.2,65.6,61.8,60.4,49.9,43.0,38.7,34.9,33.5,28.3,23.7,21.0,20.8,21.4,22.5,23.2,23.9,24.8,25.8,26.7
12:21:12.044,101.4,69.6,96.0,88.5,89.1,91.3,87.6,89.4,92.8,89.5,92.1,89.9,88.9,83.8,78.2,75.2,71.8,76.6,73.5,70.3,61.5,55.5,52.1,45.6,42.0,38.3,38.7,37.7,31.5,23.8,21.6,21.4,21.8,22.3,23.3,23.8,24.8,25.8,26.7
12:21:13.044,101.6,66.9,95.2,89.1,94.9,94.7,88.0,89.1,89.3,93.0,93.0,90.3,88.5,82.9,79.2,75.0,70.3,72.0,68.2,65.1,57.0,54.5,51.5,44.8,41.4,39.4,36.7,33.7,27.6,21.9,20.9,20.9,21.6,22.2,22.7,23.8,24.7,25.7,26.8
12:21:14.044,102.9,69.0,96.5,86.3,89.6,94.3,96.5,95.1,90.8,96.3,92.8,88.1,87.7,86.0,79.7,72.6,71.5,75.2,74.4,70.3,61.9,61.6,56.6,49.5,42.5,37.8,38.8,38.0,29.3,22.9,20.7,20.5,21.2,22.1,22.8,23.9,24.6,25.8,26.7
12:21:15.044,102.7,69.0,95.3,89.8,91.6,91.5,90.8,93.2,91.5,91.9,89.7,90.0,85.2,81.8,79.3,71.5,71.5,75.1,74.6,71.4,59.9,57.3,51.5,46.5,40.6,41.7,39.3,37.6,34.3,30.8,26.7,26.0,23.0,23.6,24.3,24.7,25.1,25.7,26.7
12:21:16.044,103.8,69.3,95.8,95.0,95.5,94.4,87.1,93.5,96.5,93.3,90.3,88.4,83.0,82.1,79.5,72.8,69.8,74.2,74.4,71.9,61.7,63.8,56.6,52.4,44.5,42.6,41.4,39.9,31.9,25.0,23.1,22.1,22.5,22.7,23.3,23.7,24.8,25.7,26.6
12:21:17.044,105.0,66.7,95.6,95.6,98.2,94.5,92.4,97.8,94.8,92.6,90.5,86.5,82.8,78.9,76.5,68.4,68.9,72.7,72.6,68.9,59.5,59.3,54.7,46.5,39.7,38.0,36.1,34.8,27.6,24.5,22.0,21.2,21.4,22.5,23.0,23.7,24.7,25.8,26.6
12:21:18.044,104.6,67.3,95.6,90.1,92.1,95.9,95.0,93.3,95.1,94.1,89.6,89.5,85.9,81.9,76.2,68.3,70.1,73.8,72.0,68.6,56.7,59.1,51.9,46.8,40.4,38.7,37.0,32.6,26.5,23.1,22.9,22.8,21.2,22.2,22.9,23.7,24.8,25.7,26.5
12:21:19.044,102.5,66.3,95.3,93.9,93.2,90.5,88.8,90.4,92.0,91.4,90.0,90.3,87.6,80.9,75.9,71.5,67.6,70.9,70.1,63.5,52.6,51.0,44.7,40.4,37.4,37.4,34.2,31.6,25.2,20.7,19.5,20.3,21.1,22.1,23.0,23.7,24.7,25.6,26.5
12:21:20.044,103.1,65.9,95.8,92.3,93.5,93.6,91.1,92.9,94.3,94.7,91.1,89.8,86.8,81.6,79.2,69.9,67.7,70.6,68.2,64.4,55.6,55.1,48.7,43.7,37.0,36.8,34.6,30.3,24.3,20.8,21.0,21.2,21.4,22.3,23.0,23.7,24.8,25.7,26.6
12:21:21.044,102.6,65.6,94.6,92.6,93.6,95.9,94.3,93.8,94.6,91.0,86.9,86.6,86.6,81.4,78.5,69.2,71.1,71.7,67.5,62.4,51.2,54.1,49.3,45.3,38.6,37.5,36.7,36.2,24.9,19.4,19.3,20.2,20.9,21.9,22.8,23.5,24.6,25.6,26.6
12:21:22.044,101.1,66.1,94.4,87.6,89.1,92.2,94.6,92.4,91.2,90.6,91.6,90.3,83.4,84.0,77.6,68.7,73.4,72.1,70.7,62.6,52.3,51.3,42.8,40.1,38.4,38.1,36.3,34.8,25.1,19.6,19.5,20.2,20.9,22.0,22.7,23.7,24.9,25.7,26.7
12:21:23.044,102.2,65.1,93.8,91.5,93.6,90.8,93.9,93.8,88.4,88.3,89.8,87.5,83.8,79.8,77.9,69.1,72.4,73.5,68.1,62.0,49.8,50.1,42.7,39.2,38.2,37.2,34.6,31.5,26.5,24.3,24.6,22.4,22.1,22.5,23.1,23.9,24.5,25.6,26.5
12:21:24.044,102.8,65.6,95.0,97.0,96.9,90.7,89.6,89.7,90.0,90.5,94.1,89.8,88.0,82.2,74.2,68.6,70.0,73.7,70.2,63.9,54.5,55.5,46.3,38.2,36.4,35.2,32.5,30.0,25.7,21.9,20.6,20.8,20.9,22.0,22.7,23.8,24.7,25.7,26.6
12:21:25.044,102.4,64.0,95.7,89.1,90.9,92.6,92.3,94.6,96.2,94.5,91.4,90.6,84.6,81.5,76.5,69.7,70.4,68.2,67.8,62.6,50.5,50.6,42.5,39.2,37.1,36.4,33.3,32.2,27.1,24.4,20.9,20.9,21.1,21.9,23.0,23.9,24.7,25.7,26.7
12:21:26.044,101.1,63.4,94.0,89.5,89.5,86.8,91.3,95.8,88.2,88.6,92.6,87.5,82.8,81.3,75.7,68.6,70.6,70.6,65.5,58.7,49.7,45.8,41.1,39.0,37.5,36.7,35.1,30.6,24.0,19.6,19.4,20.6,21.3,21.9,22.5,23.7,24.6,25.6,26.7
12:21:27.044,101.8,65.6,93.3,92.6,95.1,93.4,95.1,91.1,89.1,88.1,89.6,86.5,82.7,79.7,74.6,67.9,73.5,73.0,70.6,58.9,47.1,46.1,40.5,39.1,38.6,37.0,33.6,31.6,26.1,19.9,19.4,20.0,21.0,21.9,22.6,23.7,24.6,25.4,26.7
12:21:28.044,100.6,65.7,93.1,90.7,90.5,88.3,89.1,90.5,91.1,91.0,87.8,87.2,84.1,77.1,73.2,67.2,71.0,73.2,70.4,63.7,52.8,53.0,41.8,37.9,37.1,35.5,32.9,30.1,26.0,19.8,19.1,19.9,21.0,21.8,22.5,23.5,24.8,25.7,26.6
12:21:29.044,99.0,64.5,92.1,87.0,88.6,89.1,86.9,91.7,91.1,88.8,87.6,85.8,83.6,79.0,73.9,67.8,70.0,71.5,68.8,58.5,49.4,47.6,38.1,36.3,37.1,36.1,33.1,30.4,25.0,19.8,19.4,20.2,21.0,21.8,22.8,23.7,24.7,25.6,26.6
12:21:30.044,100.9,65.1,92.8,90.2,92.5,92.8,88.4,91.4,92.6,85.1,89.0,85.0,83.9,79.5,73.9,67.0,70.2,72.9,71.6,61.9,54.0,51.5,40.5,36.8,35.5,35.2,33.1,31.0,24.9,21.3,19.7,20.3,21.2,21.9,23.0,23.9,24.8,25.8,26.5
12:21:31.044,99.5,62.0,90.8,88.8,90.7,85.6,82.4,86.2,88.7,90.0,87.7,84.3,81.0,79.1,69.3,65.4,70.7,69.1,66.2,56.8,50.8,46.5,38.9,36.7,36.8,36.1,37.4,33.5,29.0,27.7,23.2,22.1,22.0,22.7,23.5,24.0,24.8,25.8,26.7
12:21:32.044,99.4,62.4,91.6,92.4,90.1,85.2,83.8,85.6,89.6,89.2,89.3,83.8,81.5,78.7,71.7,68.1,69.7,68.7,65.6,54.5,48.9,48.5,39.3,35.6,36.4,35.7,32.7,31.0,26.6,21.6,19.9,20.1,20.8,21.7,22.7,23.5,24.7,25.5,26.8
12:21:33.044,99.1,61.4,90.5,90.7,92.6,89.4,84.9,85.7,84.6,86.8,81.4,85.9,82.9,77.0,72.4,66.5,67.3,69.4,64.3,55.1,44.5,42.3,37.5,36.1,36.6,36.3,33.7,32.0,27.1,21.9,19.8,20.0,21.0,22.0,22.8,23.6,24.6,25.6,26.6
12:21:34.044,97.8,58.7,88.9,86.0,91.0,89.3,86.0,86.9,86.8,86.9,86.7,82.9,76.9,75.3,68.8,64.9,64.5,65.0,60.5,53.4,45.2,43.3,35.2,35.4,37.0,37.8,37.9,34.8,29.5,23.8,20.1,20.0,20.7,21.8,22.7,23.8,24.7,25.6,26.7
12:21:35.044,98.5,58.7,89.8,87.5,89.9,87.4,87.8,90.4,88.5,84.8,86.3,82.8,79.0,73.2,70.4,65.8,64.9,64.6,62.8,51.5,45.7,43.1,36.7,35.7,38.1,39.3,38.6,35.2,30.9,25.9,24.1,22.2,21.6,22.2,23.1,24.0,24.7,25.8,26.6
12:21:36.044,97.6,61.0,89.6,83.8,84.6,86.5,88.8,87.8,84.2,82.4,84.9,80.5,80.4,76.3,69.2,66.2,65.7,67.7,64.3,54.6,47.3,44.0,36.2,37.2,38.8,41.3,40.2,38.2,32.8,26.7,21.7,20.7,21.3,21.8,22.8,23.6,24.6,25.7,26.6
12:21:37.044,97.3,59.2,89.4,86.1,86.7,85.5,87.9,88.0,87.1,87.0,83.2,83.6,79.4,76.8,68.6,65.1,66.9,66.0,61.7,54.5,47.1,42.9,39.5,38.0,39.4,37.5,37.0,39.1,33.6,24.9,23.1,20.9,21.0,21.8,22.9,23.6,24.4,25.7,26.6
12:21:38.044,98.0,58.3,89.7,83.7,80.3,81.8,90.7,87.5,89.3,84.7,85.7,84.4,79.0,75.7,67.8,65.4,65.3,64.3,60.9,52.8,45.4,42.1,37.7,38.4,39.1,40.4,37.9,36.0,33.1,27.5,22.2,21.2,21.5,21.8,22.7,23.6,24.6,25.7,26.6
12:21:39.044,97.0,59.2,89.6,85.1,85.7,83.0,84.4,87.7,90.4,87.5,83.4,82.5,80.9,73.9,68.5,64.3,66.4,65.4,62.4,53.6,44.5,41.4,36.9,37.7,39.8,38.7,36.8,34.9,30.7,24.1,20.1,20.0,20.9,21.8,22.9,23.7,24.9,25.7,26.7
12:21:40.044,97.5,57.6,89.1,86.9,84.3,81.6,84.9,81.0,87.0,85.9,86.5,80.9,78.6,76.6,65.6,64.2,63.1,62.7,58.3,48.1,41.7,39.7,38.6,37.7,37.3,40.1,40.4,36.8,32.2,26.7,21.3,20.8,21.0,21.9,23.0,24.0,24.8,25.5,26.6
12:21:41.044,94.7,56.2,86.6,82.2,79.9,81.2,89.6,88.8,82.0,82.7,82.7,80.0,79.3,73.2,65.3,62.8,61.8,61.9,56.7,47.6,41.4,39.6,37.5,37.8,38.6,38.5,38.0,37.6,32.4,27.0,22.5,21.2,21.3,22.0,22.9,23.6,24.8,25.6,26.6
12:21:42.044,96.3,59.2,88.4,86.4,86.3,83.0,83.7,83.4,89.1,86.7,85.4,80.9,77.8,73.7,67.4,65.8,67.3,65.9,63.2,51.1,47.2,42.6,38.6,38.6,40.2,41.9,41.9,39.0,33.1,27.5,23.2,21.7,21.4,22.3,23.0,23.7,24.8,25.7,26.7
12:21:43.044,97.2,61.1,88.4,88.0,82.5,83.9,85.6,86.7,90.1,85.6,82.8,78.9,78.3,73.4,68.5,67.2,69.5,70.0,66.7,54.7,48.2,45.9,38.3,38.5,40.3,43.0,41.7,39.9,35.6,30.4,25.0,26.2,25.5,23.7,23.7,24.3,24.9,25.7,26.6
12:21:44.044,95.7,57.2,87.3,84.3,87.6,83.9,81.9,82.5,87.6,83.3,83.8,79.5,75.5,70.8,66.1,62.4,60.4,63.1,57.8,46.7,41.9,38.4,37.1,37.3,39.3,38.1,37.2,35.0,29.3,24.5,21.7,20.8,21.4,22.2,22.7,23.7,24.8,25.6,26.7
12:21:45.044,94.4,56.3,87.7,81.4,82.9,84.5,83.3,83.1,87.8,85.4,89.0,77.9,77.4,71.3,64.6,61.7,63.4,63.5,59.5,49.4,42.5,37.4,35.9,36.6,36.7,35.6,34.6,33.2,28.1,23.2,20.9,20.7,21.3,21.9,22.9,23.7,24.6,25.7,26.6
12:21:46.044,95.6,56.9,87.7,81.2,80.0,86.2,91.2,89.2,85.0,80.7,84.4,79.1,78.1,74.4,66.2,63.9,63.7,63.2,59.2,47.4,40.1,36.8,35.6,35.3,35.0,34.2,31.6,30.4,25.6,21.5,20.4,20.7,21.5,22.0,22.6,23.6,24.7,25.7,26.6
12:21:47.044,94.9,55.4,87.6,85.5,85.3,85.4,84.2,82.9,87.8,85.3,84.0,79.3,76.6,73.0,64.5,60.5,61.5,62.3,57.4,45.4,37.6,34.8,35.1,35.1,34.8,32.6,30.6,28.4,23.3,20.7,20.0,20.5,21.5,21.7,22.6,23.6,24.7,25.6,26.5
12:21:48.044,94.8,55.8,86.9,77.6,76.8,83.8,92.2,86.4,81.7,81.6,80.4,80.1,79.6,73.1,63.4,61.6,62.4,64.1,58.0,44.4,38.8,36.0,35.7,35.6,33.9,31.2,29.4,27.3,22.4,19.9,19.6,20.1,21.0,21.9,22.7,23.6,24.8,25.6,26.6
12:21:49.044,93.9,56.2,85.5,83.4,80.4,79.5,82.6,83.7,81.2,81.4,81.0,81.5,77.5,73.9,65.1,59.8,62.3,62.1,58.3,45.6,39.3,36.8,35.8,35.6,34.7,30.5,28.0,25.9,21.9,19.4,19.4,19.7,20.9,21.9,22.7,23.7,24.8,25.5,26.5
12:21:50.044,94.3,52.5,83.9,89.4,89.7,82.3,81.2,86.7,83.4,74.9,80.1,77.0,76.7,71.7,64.5,60.8,58.3,56.5,50.7,42.3,35.8,34.6,35.2,35.3,34.2,30.3,28.0,26.4,22.0,19.3,19.3,20.1,21.1,21.8,22.6,23.5,24.6,25.7,26.7
12:21:51.044,91.9,51.9,82.8,80.6,81.5,77.9,78.6,80.0,80.9,76.8,79.8,78.9,73.5,66.6,62.8,58.7,58.4,57.5,51.7,40.9,35.5,34.0,35.5,35.1,35.0,30.0,27.2,26.1,22.6,19.5,19.6,20.4,22.0,21.9,22.9,23.6,24.6,25.5,26.7
12:21:52.044,93.8,54.9,86.2,79.3,78.0,85.7,87.4,84.7,84.1,82.4,80.7,81.1,73.2,71.5,62.8,61.7,62.3,60.2,55.9,44.8,37.7,35.3,35.6,34.8,37.4,32.0,28.4,28.4,23.5,20.3,19.4,19.9,21.1,21.6,22.6,23.6,24.7,25.6,26.7
12:21:53.044,93.8,55.1,85.9,84.4,83.0,83.4,82.5,81.2,85.8,83.5,82.1,81.2,78.4,73.0,62.1,62.4,62.7,62.5,56.5,46.6,39.5,35.7,35.6,34.1,34.7,34.4,27.9,27.0,22.9,20.8,19.3,20.1,21.3,21.7,22.7,23.8,24.7,25.5,26.6
12:21:54.044,93.9,53.1,85.3,76.4,80.6,80.3,86.2,86.5,84.5,83.3,80.0,76.4,73.7,67.9,62.3,61.9,61.1,60.1,51.4,39.7,37.2,34.7,35.0,34.8,35.4,34.0,28.4,27.5,23.9,21.9,19.9,20.1,21.1,21.8,22.8,23.7,24.7,25.7,26.7
12:21:55.044,94.6,50.3,84.2,83.2,86.9,85.1,83.9,83.1,87.5,81.4,76.4,75.2,71.6,67.2,60.5,59.2,57.9,53.6,47.8,38.9,35.0,34.3,37.0,34.7,33.3,30.9,27.9,26.8,23.8,22.8,20.2,20.3,21.6,21.9,22.7,23.7,24.5,25.6,26.6
12:21:56.044,92.5,52.1,85.2,82.6,81.4,81.1,81.7,82.0,81.8,85.2,80.5,78.7,73.0,69.2,61.1,61.2,59.1,54.7,45.5,39.3,34.8,35.5,36.1,36.3,35.8,33.0,31.9,29.4,25.3,21.7,20.5,21.0,22.0,21.7,22.8,23.6,24.6,25.7,26.6
12:21:57.044,94.0,52.2,83.6,85.5,84.3,83.1,83.7,83.2,83.8,78.1,78.3,75.6,71.3,67.3,60.9,60.8,60.9,58.3,51.3,40.6,37.4,35.8,36.2,37.1,35.8,34.2,31.3,29.9,24.8,21.5,20.3,20.2,20.7,21.7,22.7,23.5,24.5,25.7,26.6
12:21:58.044,90.8,50.7,81.3,81.8,83.2,82.9,79.4,78.2,74.9,77.9,76.5,75.8,71.0,65.8,61.1,58.3,58.0,54.1,47.6,40.5,35.2,36.9,37.6,39.1,39.3,37.5,33.5,32.6,27.4,22.0,20.4,20.3,21.2,21.8,22.8,23.8,24.6,25.7,26.6
12:21:59.044,90.4,51.0,80.5,83.8,83.3,75.8,81.9,78.7,78.2,74.7,78.1,75.0,70.2,66.8,60.9,56.6,53.4,50.5,42.8,37.2,35.0,37.5,39.2,39.9,41.6,41.0,39.4,36.4,31.3,24.7,21.0,19.8,21.7,21.9,22.6,23.4,24.7,25.7,26.7
12:22:00.044,92.3,50.6,81.3,74.9,77.3,80.6,81.7,78.6,83.8,77.3,75.6,74.1,71.0,62.9,59.2,57.0,54.2,53.8,47.9,39.4,34.8,37.2,38.1,38.4,39.4,41.1,38.9,36.4,30.9,25.7,21.8,20.6,22.9,22.5,22.8,23.7,24.6,25.5,26.6
12:22:01.044,89.5,50.9,79.7,80.6,80.0,78.3,79.2,77.4,76.5,75.5,74.7,74.9,71.1,66.8,61.3,58.0,57.5,52.2,47.2,39.4,37.2,37.7,40.1,38.8,39.1,40.3,39.5,36.3,32.2,26.0,21.5,20.6,21.1,22.1,22.9,23.7,24.5,25.6,26.6
12:22:02.044,90.0,51.4,79.9,84.7,82.1,80.7,83.7,79.3,76.3,77.4,76.0,73.8,73.3,69.2,62.4,58.2,59.1,53.9,47.9,40.3,36.5,37.5,39.6,38.5,39.2,41.6,40.1,36.2,30.3,25.4,20.8,20.3,20.9,21.6,22.6,23.7,24.6,25.6,26.7
12:22:03.044,88.3,51.5,79.8,75.4,75.2,78.8,80.0,79.2,75.0,76.3,74.8,72.9,71.5,69.3,62.4,61.7,60.2,57.4,49.3,40.6,37.9,38.0,39.1,39.2,37.9,37.3,36.5,33.5,28.6,24.1,20.6,20.0,20.9,22.0,22.7,23.7,24.6,25.5,26.5
12:22:04.044,88.5,50.2,78.7,79.9,79.0,76.8,74.3,79.9,76.9,73.2,74.5,74.9,68.4,64.0,60.3,58.9,56.1,55.0,47.7,38.7,36.6,38.8,38.8,39.2,37.9,38.5,36.9,34.0,27.1,21.8,19.8,20.1,21.1,21.6,22.8,23.7,24.9,25.5,26.7
12:22:05.044,88.2,49.7,78.7,79.6,74.0,72.9,76.1,77.8,78.6,74.0,74.4,69.4,70.2,64.5,59.7,57.1,55.0,53.1,46.3,38.0,35.7,37.8,38.7,39.1,37.8,38.4,38.2,34.6,28.4,22.2,19.6,19.9,20.7,22.0,22.8,23.6,24.8,25.5,26.7
12:22:06.044,88.2,50.0,79.3,76.7,80.3,75.1,70.3,78.0,79.3,78.0,74.1,69.7,67.6,66.0,60.2,57.4,58.7,54.7,45.0,37.2,35.5,38.9,39.6,39.3,38.0,37.3,34.2,33.3,27.2,21.9,19.3,19.8,20.9,21.9,22.8,23.6,24.7,25.8,26.6
12:22:07.044,90.5,49.8,79.6,77.6,78.4,79.2,81.0,78.9,81.3,76.0,74.4,73.0,67.4,63.3,61.2,59.3,57.5,56.8,47.5,39.2,35.3,36.5,37.8,38.0,39.0,35.7,33.3,30.4,24.8,20.2,19.9,20.0,21.1,21.8,22.5,23.7,24.8,25.7,26.6
12:22:08.044,89.6,50.1,79.0,80.5,80.4,80.1,81.3,82.5,77.5,71.1,71.5,73.6,70.1,63.7,60.8,58.5,56.8,56.7,50.0,38.5,37.1,37.6,37.7,37.6,39.5,37.6,35.5,32.0,25.0,21.0,19.3,19.8,21.2,21.8,22.7,23.5,24.6,25.7,26.7
12:22:09.044,89.4,49.0,78.6,78.0,78.7,74.2,78.2,74.6,76.7,72.8,74.5,68.4,68.7,66.5,57.3,55.0,56.0,54.4,45.9,37.4,34.6,36.0,36.5,37.4,38.1,34.1,32.7,29.8,24.4,19.8,19.0,20.0,21.0,21.7,22.7,23.7,24.6,25.6,26.6
12:22:10.044,90.2,48.7,79.0,77.9,74.0,72.5,74.5,76.8,77.0,75.8,75.0,71.1,68.5,64.4,60.8,58.9,55.3,52.2,46.2,37.9,36.5,36.2,35.9,36.9,36.1,35.1,32.8,29.4,24.5,20.6,19.5,20.4,21.0,22.1,22.9,23.6,24.6,25.7,26.6
12:22:11.044,87.0,48.4,78.0,74.7,78.5,78.4,77.8,74.0,76.5,74.5,72.2,73.0,66.6,65.3,60.3,59.5,54.8,50.2,47.8,36.8,35.4,37.8,36.5,36.4,36.1,36.4,34.3,30.3,25.1,21.1,20.4,20.8,21.5,22.1,22.9,23.7,24.8,25.6,26.7
12:22:12.044,88.8,49.0,79.4,80.0,78.1,79.3,80.5,78.9,78.5,74.6,76.0,74.7,70.9,64.4,60.9,58.2,54.7,52.6,45.8,36.5,35.9,37.6,36.0,35.4,36.8,35.9,33.9,29.8,24.1,20.6,19.9,20.4,21.1,22.0,22.7,23.6,24.6,25.7,26.7
12:22:13.044,88.9,49.2,79.9,76.7,79.7,80.3,80.9,77.7,76.7,70.5,75.8,75.3,70.5,67.6,59.2,56.9,54.0,50.2,46.7,38.4,35.4,37.2,36.4,35.8,36.7,35.6,32.7,30.2,24.0,21.7,21.1,21.2,21.8,22.6,22.8,24.0,24.6,25.6,26.6
12:22:14.044,87.6,49.2,79.6,79.0,79.4,73.8,76.7,76.6,74.6,78.2,73.2,73.5,70.7,65.0,61.3,56.9,55.0,54.8,48.2,37.9,36.3,36.9,35.0,37.0,36.0,35.5,33.6,29.5,24.4,21.1,20.6,21.1,21.4,21.8,22.7,23.7,24.5,25.7,26.6
12:22:15.044,87.4,49.0,78.1,74.6,77.8,77.8,74.0,75.4,78.4,73.1,73.1,72.8,69.5,66.4,59.1,54.8,54.6,54.1,45.2,37.9,35.3,38.2,36.3,35.8,37.5,38.7,35.6,33.5,25.9,21.7,20.7,20.4,21.5,22.0,22.8,23.7,24.8,25.6,26.6
12:22:16.044,87.1,48.5,76.5,77.8,75.4,76.9,76.5,74.5,72.7,75.7,72.9,69.2,64.2,62.0,57.6,56.2,50.5,46.1,39.9,36.5,36.6,38.1,38.1,37.5,38.9,40.8,38.8,38.3,30.9,26.5,22.0,21.5,21.3,22.3,23.1,23.7,24.7,25.6,26.7
12:22:17.044,86.9,47.6,76.1,73.2,76.8,78.1,76.4,74.8,75.4,72.8,71.0,68.3,64.2,59.9,58.4,54.3,50.6,46.8,40.6,35.8,35.1,36.2,37.8,38.1,39.0,38.4,36.9,36.1,33.3,26.3,20.5,20.7,21.3,22.3,23.1,23.8,24.8,25.7,26.7
12:22:18.044,88.1,46.5,76.3,80.0,79.6,77.5,76.7,75.2,75.8,76.2,70.9,69.4,61.4,60.3,58.0,56.1,51.8,45.7,42.1,37.9,35.2,35.0,36.0,37.0,36.6,35.3,32.4,31.9,26.8,23.2,21.5,21.5,21.3,22.2,22.9,23.7,24.7,25.6,26.6
12:22:19.044,87.0,47.1,75.4,79.7,77.1,73.3,73.8,77.7,72.9,72.3,71.4,67.1,63.1,60.0,55.9,54.5,53.3,50.8,41.1,36.0,35.0,35.6,37.1,38.3,39.1,36.7,36.1,32.7,27.9,21.3,20.1,20.7,21.2,22.0,22.9,23.9,24.7,25.7,26.6
12:22:20.044,87.7,48.1,77.2,83.4,76.9,72.0,73.7,72.1,74.2,77.0,74.7,70.2,68.0,60.3,57.9,54.7,50.5,45.9,43.8,36.4,35.3,36.1,36.7,36.8,39.3,38.6,36.0,36.8,30.6,22.7,19.5,20.1,21.1,21.9,22.9,23.7,24.7,25.7,26.8
12:22:21.044,87.2,50.5,77.6,80.8,78.1,73.1,77.8,76.8,77.1,71.2,72.7,71.9,68.6,66.3,55.8,57.1,54.9,53.9,47.3,38.8,35.6,36.1,36.9,37.7,38.9,41.1,42.2,39.5,35.6,28.2,21.8,20.1,20.8,21.8,22.9,23.7,24.7,25.4,26.6
12:22:22.044,86.2,52.7,76.8,75.9,75.4,74.2,73.3,72.8,76.1,71.5,71.3,70.8,65.2,65.8,59.4,55.6,55.8,55.6,50.6,39.7,37.3,37.3,39.4,40.1,43.1,44.2,42.7,41.7,37.0,28.5,21.7,20.6,21.1,21.8,22.9,23.7,24.7,25.6,26.7
12:22:23.044,85.0,53.7,75.8,73.3,68.6,68.9,74.9,75.4,69.3,68.1,69.7,69.4,71.4,67.0,57.5,54.7,56.1,52.4,45.7,37.9,37.8,39.8,40.4,41.1,44.0,46.0,46.6,45.9,37.7,27.4,23.8,20.4,20.9,21.8,22.7,23.8,24.8,25.6,26.6
12:22:24.044,85.6,52.6,76.0,69.2,72.7,74.9,75.9,72.5,74.2,68.7,70.2,69.1,66.9,66.3,57.0,55.6,51.2,49.2,47.3,38.7,37.5,37.8,39.4,39.9,42.7,46.2,45.8,45.0,37.9,30.1,23.6,20.5,20.8,21.5,22.8,23.7,24.6,25.6,26.5
12:22:25.044,86.1,48.5,75.1,77.1,77.7,77.1,75.7,74.5,70.2,65.8,67.7,71.3,67.1,63.2,59.3,54.9,51.5,47.0,43.2,36.5,35.3,37.6,38.2,39.0,38.8,39.2,38.6,37.1,30.6,24.1,19.8,20.0,21.0,21.8,22.9,23.7,24.8,25.7,26.6
12:22:26.044,85.6,47.6,75.0,78.6,75.4,76.1,76.8,78.3,74.1,69.5,67.2,65.2,64.1,61.4,57.1,54.8,50.3,48.0,42.6,37.9,35.6,36.3,36.5,37.3,38.8,40.7,37.7,33.7,29.3,23.2,21.0,20.6,21.4,22.0,22.8,23.5,24.6,25.7,26.7
12:22:27.044,87.2,47.2,74.7,74.1,72.7,74.0,73.4,75.7,72.6,71.6,70.7,66.1,63.7,61.8,58.1,54.4,49.6,48.9,47.4,38.1,36.2,37.1,37.2,37.3,36.8,38.4,35.0,32.0,26.1,20.9,19.5,20.0,20.9,21.7,22.8,23.6,24.6,25.5,26.5
12:22:28.044,86.0,46.2,75.9,77.0,76.0,74.2,76.8,76.1,76.8,73.6,70.2,71.3,62.4,61.6,55.6,51.9,48.0,46.8,43.8,38.5,37.5,37.1,36.7,37.3,36.4,36.2,33.5,32.1,25.6,20.3,19.5,20.2,20.9,21.9,22.7,23.7,24.7,25.5,26.7
12:22:29.044,87.7,46.1,77.3,77.8,75.4,77.7,79.3,80.4,76.8,76.0,72.8,66.4,64.9,61.2,57.2,51.7,48.9,46.8,42.4,36.1,35.7,36.9,38.2,37.3,36.8,35.3,33.2,30.7,25.1,20.0,19.1,19.8,20.9,21.8,22.7,23.6,24.7,25.7,26.5
12:22:30.044,85.4,46.7,76.2,69.8,72.3,74.7,73.4,74.4,72.6,71.8,71.3,69.9,68.1,61.5,57.1,54.0,48.6,44.9,43.8,36.4,34.9,37.0,37.4,36.7,36.1,36.6,34.7,32.6,26.1,25.1,20.0,19.7,20.9,21.5,22.9,23.7,24.6,25.7,26.6
12:22:31.044,87.4,47.3,76.5,76.1,78.8,79.2,73.6,71.6,76.4,72.4,73.0,69.4,65.2,61.8,58.6,51.5,53.3,52.3,47.7,40.5,38.4,35.2,38.1,37.2,36.6,35.5,32.5,31.0,25.2,21.0,19.2,19.7,20.9,21.7,22.9,23.5,24.8,25.6,26.6
12:22:32.044,86.7,46.5,76.2,75.3,77.4,76.0,76.7,77.6,74.8,73.1,70.3,69.1,67.0,61.1,55.7,52.7,50.8,46.8,41.1,37.4,35.4,37.3,37.0,37.0,38.0,35.6,34.1,31.9,24.9,20.6,19.4,20.0,20.9,21.9,23.0,23.6,24.6,25.6,26.5
12:22:33.044,87.1,46.0,75.6,73.8,75.1,74.3,77.2,75.9,74.7,70.1,71.9,65.8,66.6,61.2,55.5,50.3,47.0,45.5,44.9,37.6,35.7,35.5,36.1,37.6,37.2,36.5,34.1,32.5,24.9,22.1,19.6,20.0,21.0,22.0,22.7,23.5,24.5,25.7,26.6
12:22:34.044,87.4,44.9,73.5,81.0,76.3,74.1,76.3,74.1,69.3,71.0,70.3,68.8,60.7,59.6,54.9,51.4,46.8,44.4,41.9,37.7,35.1,35.7,36.2,34.7,35.4,34.8,33.0,29.7,24.6,20.4,19.2,20.0,20.8,21.6,22.7,23.4,24.6,25.6,26.7
12:22:35.044,85.7,45.0,74.5,68.2,68.8,74.1,73.9,73.5,71.7,69.2,72.6,65.8,64.0,61.5,56.0,52.2,47.5,42.0,37.5,36.2,35.9,36.9,36.4,34.9,35.0,33.4,32.8,29.7,24.6,23.4,25.6,24.0,21.2,21.8,22.8,23.5,24.7,25.6,26.7
12:22:36.044,85.3,44.4,73.2,75.1,75.6,74.5,77.6,72.5,67.9,65.9,65.5,65.7,60.3,58.2,55.1,53.4,48.6,42.3,39.2,36.0,34.5,36.7,35.5,35.8,35.0,34.4,32.6,30.3,25.1,19.9,19.5,19.7,20.9,21.7,22.6,23.6,24.6,25.6,26.6
12:22:37.044,85.6,45.6,73.3,77.5,78.7,76.8,77.2,73.0,70.2,68.2,67.5,64.9,66.3,59.9,56.8,52.3,48.7,47.0,40.7,38.3,33.8,35.7,35.6,36.7,36.1,35.3,33.1,30.2,25.0,20.8,19.6,19.8,20.7,21.7,22.6,23.5,24.6,25.6,26.8
12:22:38.044,84.8,46.5,73.6,77.4,77.2,74.7,78.0,71.8,72.4,68.3,65.2,65.9,63.0,61.1,55.3,52.9,50.9,48.5,42.6,38.4,35.0,36.3,36.9,36.9,38.4,36.8,33.3,30.5,25.7,22.0,20.0,19.8,20.9,22.0,22.6,23.7,24.6,25.6,26.6
12:22:39.044,84.5,46.8,73.7,67.8,70.0,74.0,72.5,70.2,71.3,69.0,67.9,67.3,64.7,63.6,56.7,54.8,50.3,50.3,42.0,38.8,35.5,37.0,35.7,36.3,36.0,34.9,33.3,31.9,28.1,23.1,20.8,20.3,20.9,21.9,22.7,23.6,24.7,25.6,26.6
12:22:40.044,85.5,46.6,73.9,74.5,77.9,75.1,70.0,69.6,73.4,73.0,71.2,67.5,64.3,61.5,55.3,52.9,50.4,48.0,45.5,37.7,35.3,36.7,37.3,37.0,37.5,37.1,34.7,33.2,28.7,27.2,24.3,20.7,20.8,21.8,22.7,23.5,24.6,25.6,26.6
12:22:41.044,84.1,47.5,73.0,70.0,73.1,71.6,69.6,71.8,69.5,66.2,67.2,66.6,64.4,62.7,55.8,53.9,47.8,48.2,45.6,39.2,36.9,38.4,37.3,37.2,37.3,36.3,36.5,37.5,34.1,29.1,24.2,21.0,21.2,22.0,23.0,23.5,24.6,25.6,26.7
12:22:42.044,84.3,45.7,72.4,75.9,69.1,72.7,72.2,69.0,71.5,63.7,66.5,69.0,66.2,60.2,56.1,52.3,51.2,45.1,40.6,36.7,36.3,37.5,37.7,36.6,35.6,33.5,31.9,29.3,25.1,21.6,24.8,20.9,20.5,21.6,22.7,23.7,24.6,25.4,26.6
12:22:43.044,83.5,46.5,72.6,78.6,72.1,68.8,72.8,73.1,72.2,68.4,67.3,66.1,65.1,61.6,55.2,52.3,50.1,44.8,41.0,38.0,36.5,38.8,37.4,37.6,37.4,35.3,34.7,31.2,25.9,21.8,23.2,20.6,20.7,22.0,22.9,23.7,24.8,25.6,26.7
12:22:44.044,84.8,48.1,74.3,78.5,74.9,71.2,72.1,75.1,68.4,67.4,68.6,68.4,66.8,59.6,55.4,49.6,48.9,45.4,40.9,41.1,36.5,38.3,40.8,40.5,41.4,38.2,38.1,35.3,28.8,23.1,23.3,20.8,20.9,21.7,22.9,23.6,24.4,25.5,26.6
12:22:45.044,84.5,48.1,74.1,73.4,75.1,78.2,77.1,70.9,73.7,69.2,68.4,64.6,65.4,60.0,56.4,52.1,47.7,45.3,40.8,38.2,36.6,39.5,41.5,39.4,41.1,40.1,36.9,34.1,27.8,23.9,26.0,22.5,21.3,21.9,22.7,23.6,24.7,25.6,26.6
12:22:46.044,82.6,48.6,75.0,74.4,72.4,72.6,72.5,72.2,72.1,70.4,68.2,70.2,66.8,65.0,56.9,52.0,47.5,45.6,39.4,37.5,36.4,40.4,41.3,39.8,37.7,39.4,38.3,32.7,26.7,23.1,24.3,21.4,20.9,21.8,22.7,23.6,24.5,25.7,26.7
12:22:47.044,84.3,47.1,74.0,75.2,75.9,73.9,69.7,70.1,68.5,67.2,68.3,69.1,63.3,62.9,56.5,50.8,49.4,45.6,40.2,40.2,35.8,38.1,40.1,38.1,36.8,38.7,36.1,32.1,27.7,23.0,22.2,20.4,20.8,22.0,22.6,23.5,24.6,25.6,26.8
12:22:48.044,84.4,48.8,74.2,74.2,67.6,70.4,70.0,74.9,73.2,69.7,69.7,68.5,62.2,59.8,56.4,52.5,49.1,46.8,41.5,40.7,35.2,39.5,42.8,40.1,38.2,40.4,39.3,33.0,29.0,23.8,22.9,20.2,20.7,21.9,22.8,23.7,24.4,25.5,26.6
12:22:49.044,85.0,49.8,72.9,77.2,76.8,74.5,74.9,73.8,72.6,70.4,66.3,65.9,58.5,58.7,56.8,51.8,51.7,51.7,46.5,40.2,37.5,40.2,43.0,40.2,39.7,41.2,39.1,34.3,29.5,24.5,22.5,20.5,20.9,21.9,22.7,23.7,24.6,25.6,26.6
12:22:50.044,83.7,47.5,72.7,75.4,73.7,74.6,74.2,71.9,72.5,64.6,68.2,62.1,62.8,60.0,54.4,48.2,48.7,49.8,44.2,37.7,36.1,39.1,40.1,38.3,38.7,39.0,37.4,33.6,30.1,23.9,22.1,20.7,20.8,21.9,22.7,23.7,24.5,25.6,26.7
12:22:51.044,84.1,47.4,72.7,73.0,72.7,74.2,72.2,71.7,73.4,71.2,67.0,61.4,65.0,61.2,54.5,51.7,49.1,44.5,40.6,38.9,36.5,40.9,40.6,37.7,38.9,40.2,37.1,33.7,30.5,25.0,22.0,20.5,21.2,21.9,22.8,23.5,24.7,25.6,26.6
12:22:52.044,85.5,49.1,72.6,70.8,70.6,75.5,76.9,70.6,71.1,68.8,65.4,64.3,60.9,58.3,55.5,49.7,48.8,48.0,40.3,38.5,36.0,39.9,40.3,41.9,43.3,43.4,40.4,34.2,27.3,22.2,20.6,20.6,20.7,21.6,22.9,23.6,24.6,25.7,26.8
12:22:53.044,87.2,47.7,74.9,74.4,79.1,75.1,72.3,74.0,73.3,71.8,66.2,67.0,63.8,57.9,55.2,49.2,48.4,45.8,40.7,38.9,37.8,40.7,40.1,40.1,40.8,38.7,37.1,32.5,26.6,21.5,19.5,20.4,20.9,22.0,22.7,23.6,24.5,25.7,26.6
12:22:54.044,87.0,47.5,75.9,68.4,73.9,76.7,72.4,73.8,78.1,76.1,70.0,66.2,61.3,57.2,55.2,51.7,50.6,47.3,41.2,37.0,35.7,39.2,38.8,36.7,38.8,39.8,36.4,33.2,26.7,21.1,20.2,19.8,20.9,21.8,22.6,23.7,24.7,25.7,26.6
12:22:55.044,85.8,47.5,76.9,72.3,77.8,79.6,77.4,77.4,76.2,77.1,72.7,67.3,65.4,61.8,54.3,52.2,50.2,47.8,40.6,38.1,36.0,37.2,37.7,37.0,38.4,38.5,37.3,32.1,26.5,21.5,20.1,19.8,20.6,21.7,22.4,23.6,24.7,25.7,26.8
12:22:56.044,86.4,47.5,75.3,75.5,73.3,74.2,71.0,75.2,73.6,75.6,70.9,66.3,60.2,58.6,54.8,50.3,50.4,48.9,42.6,37.6,35.4,38.0,39.7,39.2,40.2,39.2,38.7,32.2,26.8,21.0,21.2,20.0,20.8,21.7,22.7,23.3,24.7,25.7,26.7
12:22:57.044,86.4,46.7,75.6,74.3,74.8,76.1,76.5,74.3,74.3,71.0,69.1,66.4,63.0,58.8,54.8,51.1,49.2,47.7,41.5,37.1,35.3,36.5,37.1,37.7,39.2,38.2,35.0,31.3,25.8,21.7,22.6,20.5,21.2,21.8,22.7,23.6,24.5,25.9,26.7
12:22:58.044,84.5,46.4,74.1,73.9,73.7,73.2,75.9,74.9,74.0,69.5,67.2,65.4,62.5,57.3,53.9,52.4,52.1,45.9,40.1,38.5,37.3,38.9,38.9,38.2,37.9,37.9,35.7,32.2,27.0,23.8,20.7,20.0,21.2,21.9,22.8,23.6,24.7,25.7,26.6
12:22:59.044,85.0,47.2,74.8,72.6,74.2,72.8,72.9,77.0,77.3,70.1,68.6,67.8,65.9,59.3,55.2,51.3,49.0,46.4,40.7,37.2,36.8,39.2,38.4,38.0,38.0,39.8,36.7,32.3,26.3,21.9,19.6,20.2,21.1,21.7,22.8,23.9,24.6,25.7,26.7
12:23:00.044,85.4,48.8,74.4,79.2,74.6,72.2,71.4,74.8,72.7,70.7,70.8,66.1,64.7,60.0,54.7,53.9,53.2,49.7,43.4,37.2,36.9,38.5,38.4,38.4,37.6,42.5,40.3,35.5,28.4,23.4,19.8,19.9,21.0,21.8,22.7,23.7,24.6,25.5,26.6
12:23:01.044,84.1,48.5,74.8,75.5,75.1,73.1,74.4,78.1,73.3,73.8,69.4,65.9,64.1,57.6,52.3,49.1,50.0,49.4,45.4,38.3,37.0,38.9,38.5,38.7,39.1,42.2,39.8,36.0,28.3,23.3,20.1,20.2,21.1,22.0,22.6,23.7,24.6,25.6,26.7
12:23:02.044,86.1,47.8,74.9,76.7,79.9,75.5,72.4,75.0,72.5,70.3,68.3,65.0,63.3,60.7,51.8,48.8,49.9,49.4,43.7,35.8,35.4,37.4,37.8,38.3,39.0,39.7,39.5,34.2,28.0,22.4,20.0,20.0,21.0,21.8,22.7,23.8,24.7,25.6,26.5
12:23:03.044,83.8,46.8,73.3,75.1,75.3,70.8,72.6,75.0,71.7,69.5,67.6,68.7,64.6,55.0,50.5,51.5,50.9,46.8,42.2,35.8,35.2,36.9,36.1,38.4,38.7,38.5,37.1,33.0,26.6,21.7,20.8,20.8,21.1,22.0,22.7,23.8,24.8,25.6,26.6
12:23:04.044,84.3,47.7,71.9,78.6,74.3,65.9,68.0,73.3,69.3,69.7,68.4,61.2,62.5,57.9,53.5,50.6,49.4,49.1,40.0,38.3,36.6,37.6,37.9,38.5,40.5,42.0,37.8,35.0,28.6,23.1,21.1,20.4,20.9,21.7,22.8,23.8,24.7,25.9,26.6
12:23:05.044,86.2,48.6,72.4,78.4,74.8,70.6,71.9,73.0,64.0,67.9,70.6,63.6,62.9,58.1,53.4,48.1,45.5,40.1,40.9,36.0,37.7,39.1,37.4,36.7,38.3,42.1,41.5,37.1,33.1,27.0,20.8,20.4,21.0,21.6,22.6,23.5,24.6,25.6,26.6
12:23:06.044,82.8,50.2,70.5,74.4,70.8,70.8,69.6,68.4,64.1,69.3,65.9,63.9,59.6,56.8,53.0,46.9,46.9,42.8,39.5,36.9,36.0,38.4,38.9,39.9,41.8,42.8,42.0,40.2,37.2,31.2,23.3,20.5,20.9,22.0,22.8,23.6,24.6,25.6,26.6
12:23:07.044,84.5,52.3,72.2,79.3,76.0,73.0,74.4,70.3,67.8,65.1,68.6,64.4,63.1,56.7,55.0,48.3,44.8,43.0,37.5,37.3,37.5,37.6,39.8,39.7,41.5,45.9,46.6,44.3,37.8,27.3,20.6,20.5,21.2,23.3,22.9,23.7,24.7,25.5,26.6
12:23:08.044,81.0,49.8,72.2,70.3,69.2,71.1,71.7,74.8,72.3,65.1,66.5,66.9,60.2,59.6,54.5,50.7,49.5,41.7,38.1,36.0,36.1,36.0,38.6,39.7,38.9,42.2,43.5,41.2,36.8,28.3,21.6,20.1,20.8,21.7,22.8,23.6,24.7,25.7,26.6
12:23:09.044,82.7,46.7,71.9,71.9,70.6,74.7,68.1,63.5,68.5,71.0,68.3,65.8,63.3,59.9,54.3,49.3,47.2,47.2,41.7,36.5,37.6,37.0,36.9,37.6,37.6,37.6,37.4,36.2,31.2,24.7,21.2,20.2,21.0,21.7,22.6,23.7,24.5,25.6,26.6
12:23:10.044,83.4,46.0,72.5,68.4,73.0,74.8,69.0,71.6,70.4,69.9,66.4,65.7,63.7,59.5,52.4,50.9,50.7,46.4,40.0,36.7,34.4,34.8,35.3,34.0,36.3,37.5,37.5,34.4,28.3,21.8,19.8,20.1,21.0,21.9,22.9,23.7,24.7,25.7,26.6
12:23:11.044,83.5,45.3,72.1,76.2,72.3,68.9,70.9,72.3,70.3,69.9,68.9,64.7,58.3,58.4,53.8,50.8,47.7,46.2,39.9,36.0,35.7,37.2,35.8,35.0,35.2,37.5,34.9,33.1,27.7,22.7,21.0,21.3,22.6,22.4,23.0,23.8,24.9,25.7,26.7
12:23:12.044,83.2,45.9,72.3,72.2,73.0,71.4,71.2,68.7,65.7,68.0,68.2,67.6,63.1,55.8,53.0,49.7,47.6,45.5,41.1,36.5,35.7,36.0,35.7,35.5,35.6,38.3,35.8,34.8,29.9,22.1,20.6,20.7,21.4,22.3,22.9,23.8,24.8,25.7,26.7
12:23:13.044,81.8,46.5,71.4,71.0,72.6,73.3,71.8,72.1,67.5,64.0,67.1,65.6,60.5,56.3,50.7,47.7,45.2,48.6,41.6,36.8,34.6,37.7,36.6,37.5,37.4,38.4,37.8,34.9,28.5,20.9,19.7,20.5,20.9,21.8,22.8,23.6,24.7,25.7,26.7
12:23:14.044,82.1,46.6,70.9,76.1,76.3,74.8,71.5,69.9,68.2,66.2,65.0,65.4,63.0,58.7,52.0,45.8,47.4,46.0,39.5,35.8,34.4,37.2,37.9,40.7,38.6,39.9,35.3,32.3,27.8,21.8,19.8,20.5,22.3,22.4,22.7,23.6,24.7,25.7,26.6
12:23:15.044,81.0,46.8,70.8,69.8,68.3,69.5,66.6,69.8,65.8,65.6,65.9,66.5,62.0,58.5,53.7,49.7,47.9,42.9,37.3,35.1,35.3,37.1,40.0,38.6,37.5,39.5,36.4,33.6,30.1,21.7,19.7,21.3,21.2,21.8,22.7,23.6,24.7,25.7,26.6
12:23:16.044,81.9,46.9,70.5,73.5,68.4,72.6,72.6,69.5,61.2,63.7,67.4,66.0,59.9,59.0,50.7,47.5,47.5,43.9,38.4,36.4,36.6,36.8,37.9,35.5,36.8,41.5,37.4,35.5,31.6,23.5,19.9,19.9,21.0,22.0,22.8,23.8,24.6,25.7,26.6
12:23:17.044,82.0,48.1,69.5,69.8,67.9,70.0,69.6,72.8,68.7,60.6,65.2,61.0,58.7,57.4,54.6,49.0,48.4,43.3,40.3,37.3,35.9,37.0,38.0,36.1,38.1,41.4,39.7,39.6,32.2,27.7,21.8,19.9,21.1,21.9,22.9,23.7,24.6,25.7,26.7
12:23:18.044,81.8,49.4,71.1,71.0,69.6,71.9,69.6,68.0,69.2,66.7,68.8,63.2,61.2,55.1,50.4,48.9,46.8,42.1,39.0,35.8,36.7,37.8,37.4,39.1,40.8,42.9,39.5,39.3,37.0,29.8,23.8,21.2,21.1,22.2,22.9,23.8,24.4,25.6,26.6
12:23:19.044,81.6,51.0,70.0,69.3,71.7,70.1,69.1,68.1,69.1,65.6,64.4,62.7,57.9,54.1,52.3,52.0,46.5,43.1,39.3,36.0,36.6,38.1,38.6,38.8,39.8,45.0,45.1,43.4,39.6,29.3,22.9,21.6,21.5,22.7,23.2,24.2,24.9,25.7,26.6
12:23:20.044,80.4,46.8,70.1,69.1,65.4,70.3,73.4,69.9,64.9,67.0,66.2,59.5,59.8,54.5,55.0,49.6,45.9,41.9,38.2,35.2,34.8,36.5,36.2,37.1,37.7,40.6,37.7,36.0,31.8,24.2,21.9,21.5,21.9,22.7,23.3,24.2,25.3,26.0,26.6
12:23:21.044,81.1,45.2,69.5,71.0,70.7,68.4,69.0,68.0,66.8,65.0,66.0,62.8,59.9,56.5,55.1,49.5,46.3,41.0,37.9,34.6,34.6,38.1,35.7,35.2,35.8,36.7,35.7,33.5,29.7,26.6,26.5,24.7,22.6,21.8,22.8,23.5,24.6,25.7,26.6
12:23:22.044,83.4,44.4,71.0,74.9,74.2,75.1,70.0,73.3,70.2,65.7,67.7,62.3,58.0,52.6,53.0,48.4,45.8,41.0,39.3,35.6,34.8,38.5,37.4,34.4,34.4,37.4,33.6,31.0,27.0,24.4,23.0,20.4,21.1,21.8,22.6,23.6,24.6,25.6,26.5
12:23:23.044,82.0,45.0,71.4,69.6,68.1,69.7,69.0,73.8,70.8,65.4,64.6,65.2,57.3,55.9,56.0,49.3,45.5,41.2,37.0,36.9,37.3,37.4,37.1,34.6,38.3,38.7,33.7,30.7,26.8,23.7,23.1,20.2,20.7,21.8,23.1,23.6,24.7,25.8,26.6
12:23:24.044,83.0,43.9,70.2,65.2,71.8,72.9,72.1,68.3,69.3,69.7,64.5,59.2,57.2,57.4,54.9,47.0,43.8,40.8,37.9,37.0,35.5,38.0,37.3,35.5,34.3,34.8,31.7,29.6,25.8,21.1,19.6,19.9,20.8,21.8,22.7,23.7,24.8,25.6,26.8
12:23:25.044,83.0,44.8,72.2,71.8,64.9,66.0,71.5,72.5,69.5,68.2,65.0,61.7,62.2,58.4,50.0,46.3,43.8,41.5,37.1,36.2,33.5,36.0,35.2,36.1,35.9,38.2,33.4,30.6,27.4,22.4,20.3,20.2,21.0,21.8,22.8,23.9,24.6,25.7,26.7
12:23:26.044,83.4,44.9,71.0,75.2,70.7,68.1,67.6,71.7,76.4,64.8,62.8,60.1,59.5,59.7,52.9,46.1,44.5,41.7,38.6,36.6,36.6,36.8,36.4,36.5,37.4,37.0,33.6,31.7,27.7,23.5,19.8,20.1,20.8,21.8,22.9,23.6,24.7,25.5,26.6
12:23:27.044,81.6,44.4,70.7,75.2,73.2,69.4,67.9,69.2,72.8,67.7,62.8,63.3,60.1,53.5,52.5,47.0,42.7,42.9,39.1,36.0,35.7,36.7,36.5,33.0,34.9,37.9,34.4,32.5,29.0,23.6,20.4,19.9,20.5,21.7,22.7,23.8,24.7,25.6,26.7
12:23:28.044,83.3,44.5,71.8,72.1,71.1,72.1,72.1,71.1,73.3,68.5,64.8,62.3,58.6,55.4,52.6,46.6,45.3,42.9,38.3,36.3,34.8,36.8,35.8,34.6,34.3,36.3,33.5,32.8,32.0,28.0,20.9,20.0,21.0,21.7,22.7,23.7,24.6,25.6,26.7
12:23:29.044,82.1,44.4,71.9,67.0,65.4,69.3,71.2,72.0,67.4,70.1,68.8,65.4,60.5,55.8,50.4,49.7,46.0,43.7,38.5,35.3,37.9,38.8,37.0,34.0,36.4,35.3,32.0,29.5,24.7,20.5,19.4,20.1,20.9,21.8,22.8,23.9,24.8,25.7,26.5
12:23:30.044,81.0,44.1,71.5,69.7,66.7,68.7,69.3,69.7,68.0,69.6,68.3,66.8,63.0,56.3,51.3,46.9,48.1,42.5,37.7,37.0,37.9,39.9,37.5,34.5,34.0,34.5,31.8,30.3,25.5,20.8,19.2,20.1,21.0,21.8,22.8,23.6,24.6,25.7,26.8
12:23:31.044,82.5,45.1,72.4,74.0,76.5,74.0,70.9,72.2,66.6,68.7,66.7,65.3,63.4,59.1,52.1,47.9,45.7,41.9,37.2,36.0,36.4,37.9,37.2,34.2,35.3,36.6,33.4,32.8,28.0,22.2,20.0,20.1,21.1,22.0,22.8,23.8,24.7,25.7,26.6
12:23:32.044,83.8,46.0,74.0,70.0,71.7,72.6,72.0,71.1,71.8,68.5,68.4,69.1,63.3,60.9,50.4,47.0,44.6,43.2,39.0,36.0,36.1,37.9,36.5,34.3,36.0,38.4,35.6,33.1,28.7,27.3,27.5,23.7,21.9,21.7,22.8,23.6,24.7,25.7,26.6
12:23:33.044,83.0,45.8,71.9,75.0,70.9,71.2,68.5,66.4,68.9,72.0,66.4,66.8,64.2,60.5,53.3,46.5,45.9,41.6,38.4,35.9,37.0,38.4,36.7,35.5,35.8,37.8,36.9,35.0,31.1,23.5,20.4,20.7,21.1,21.9,22.9,23.7,24.6,25.5,26.6
12:23:34.044,82.3,45.6,73.0,71.3,67.7,70.1,71.4,71.4,70.5,70.2,70.0,66.7,61.5,59.8,55.1,48.4,44.8,41.5,38.3,35.3,34.5,34.5,32.8,33.9,36.8,36.6,35.4,36.0,31.0,23.9,20.1,19.7,20.8,21.8,22.7,23.6,24.7,25.6,26.6
12:23:35.044,80.4,46.1,72.7,62.7,65.1,69.0,64.1,66.1,68.9,72.3,70.2,68.9,62.8,60.9,50.7,49.8,47.6,42.6,39.6,38.6,38.8,40.3,37.5,34.4,38.1,36.7,34.5,33.7,30.1,24.5,20.9,20.2,20.9,21.9,22.8,23.6,24.6,25.6,26.6
12:23:36.044,81.5,46.5,72.5,72.4,71.6,69.5,67.5,68.1,68.7,67.6,67.7,66.2,64.1,58.7,49.4,47.1,44.1,41.9,39.6,37.9,38.9,40.0,37.3,36.6,38.3,38.5,35.1,35.7,31.5,25.1,20.7,20.3,20.8,21.9,22.6,23.6,24.6,25.8,26.6
12:23:37.044,83.4,47.1,72.1,77.3,76.4,71.4,65.6,68.0,67.3,69.0,67.3,66.5,63.3,58.3,51.6,46.7,43.8,43.6,40.0,34.8,35.4,37.0,36.3,35.9,37.2,39.6,38.2,37.3,33.8,28.2,22.0,20.6,20.8,21.7,22.6,23.7,24.7,25.6,26.6
12:23:38.044,81.7,47.4,71.9,73.6,69.2,71.0,68.9,66.0,66.8,72.1,68.2,64.3,62.0,54.8,48.8,48.8,46.1,43.8,38.3,36.7,35.9,36.4,36.0,36.0,38.0,38.7,36.8,39.0,36.1,27.6,22.5,20.3,20.7,21.9,22.8,23.7,24.7,25.5,26.7
12:23:39.044,81.1,49.1,70.2,72.5,63.9,65.2,66.2,65.3,67.2,66.7,69.3,64.5,57.5,56.7,49.0,46.7,46.4,40.8,39.9,36.2,35.2,36.6,35.2,37.5,39.6,44.7,38.3,36.3,34.6,27.7,20.7,20.2,20.8,21.6,22.7,23.7,24.7,25.7,26.7
12:23:40.044,82.7,52.1,71.4,78.5,73.0,65.4,69.8,68.4,66.0,72.3,66.7,64.1,60.4,52.0,50.1,46.1,45.8,44.6,39.0,35.3,35.5,36.9,35.3,38.0,41.6,47.7,42.8,44.2,40.0,30.9,23.6,20.5,21.2,21.9,22.6,23.7,24.5,25.6,26.6
12:23:41.044,80.6,45.8,70.8,70.5,71.7,70.6,66.6,69.8,69.2,70.3,66.4,64.4,59.9,52.5,50.3,45.2,49.0,44.2,37.7,34.8,34.7,36.0,34.6,35.0,36.7,39.4,36.1,35.5,30.7,24.3,20.2,20.1,21.0,22.1,22.8,23.7,24.5,25.5,26.6
12:23:42.044,81.0,45.0,68.9,65.8,69.7,71.8,73.4,67.2,66.7,68.2,60.8,60.8,58.1,57.5,52.6,45.4,46.9,41.6,38.0,35.5,35.2,36.9,35.4,35.6,36.7,38.3,36.2,33.8,29.6,23.8,19.7,19.8,21.0,21.9,22.7,23.6,24.7,25.5,26.7
12:23:43.044,80.3,44.0,68.7,69.9,64.0,63.5,68.5,67.6,68.4,68.3,61.9,57.5,56.8,56.0,49.2,46.1,43.3,40.9,36.4,32.9,33.8,34.9,34.1,34.5,35.1,37.0,35.1,33.0,28.0,22.8,19.8,19.8,21.1,21.7,22.5,23.5,24.7,25.6,26.7
12:23:44.044,83.2,44.4,71.2,73.5,74.1,71.5,69.6,75.0,66.4,69.5,57.8,60.6,55.4,52.4,49.1,47.5,45.0,42.0,37.4,35.5,34.1,34.7,35.6,37.1,36.4,37.5,33.8,31.7,27.3,22.0,20.3,20.1,21.0,21.8,22.7,23.6,24.5,25.6,26.6
12:23:45.044,80.6,43.7,71.5,66.8,70.3,71.8,68.8,69.5,71.2,71.3,65.2,59.4,55.5,54.9,49.9,44.8,45.1,41.2,38.7,36.4,36.1,35.4,35.2,35.3,35.5,34.6,33.2,32.3,29.2,22.9,19.6,20.1,20.6,21.9,22.7,23.7,24.7,25.6,26.7
12:23:46.044,82.0,42.8,70.2,72.7,70.7,68.1,70.8,65.2,67.0,69.7,66.3,59.6,56.8,50.7,48.7,46.0,44.3,45.3,37.3,35.7,32.4,35.7,34.6,35.0,34.6,33.7,31.1,29.7,25.8,20.5,19.3,20.0,20.8,21.5,22.6,23.8,24.7,25.7,26.7
12:23:47.044,82.0,43.4,71.9,68.4,69.7,68.2,72.3,71.4,70.6,70.8,66.3,62.4,57.5,52.2,46.9,44.8,44.3,42.3,38.7,35.9,32.9,34.7,34.6,35.1,34.2,33.4,31.8,31.1,28.6,23.5,19.6,19.9,20.9,21.8,22.5,23.7,24.7,25.6,26.6
12:23:48.044,80.9,44.5,71.4,71.2,71.9,72.0,73.6,70.9,66.5,67.2,68.4,61.4,60.0,52.5,49.9,46.0,42.1,42.3,38.4,35.8,34.3,36.3,34.7,34.4,35.2,35.3,34.2,34.2,32.6,27.8,22.1,20.3,21.0,21.8,22.7,23.6,24.6,25.6,26.6
12:23:49.044,80.2,44.0,71.0,66.7,63.8,64.7,68.8,71.6,67.4,66.7,64.5,60.9,59.8,57.4,47.8,46.9,44.6,42.2,37.9,35.9,34.2,35.9,34.8,34.8,36.2,34.4,32.5,31.8,28.1,25.1,20.6,19.9,20.8,21.7,22.9,23.7,24.7,25.6,26.6
12:23:50.044,81.5,43.4,71.7,71.1,65.9,70.3,69.1,73.2,67.0,67.7,68.5,65.1,62.2,55.0,50.0,44.9,43.3,40.3,36.9,34.6,34.7,37.2,34.4,34.4,34.1,33.5,33.1,31.3,26.7,22.5,20.1,20.1,20.8,21.7,22.6,23.7,24.7,25.5,26.6
12:23:51.044,82.0,43.9,72.0,68.2,63.7,66.1,70.8,72.1,69.1,66.5,63.9,65.5,63.0,56.8,50.8,45.2,43.9,39.6,35.7,34.7,35.6,34.6,34.4,34.1,35.4,33.7,34.1,31.9,25.4,22.3,20.7,20.1,21.0,21.7,22.9,23.5,24.5,25.6,26.6
12:23:52.044,81.2,43.4,71.5,70.4,67.8,63.4,67.5,72.2,69.4,70.4,65.5,64.9,64.5,56.2,48.8,46.1,43.6,41.4,37.5,35.4,36.5,35.2,33.8,34.7,34.3,33.7,31.4,30.3,26.3,23.8,24.7,23.1,20.9,21.8,22.8,23.7,24.7,25.6,26.7
12:23:53.044,79.9,43.9,71.5,66.0,65.7,63.5,68.9,68.8,65.7,65.4,67.8,67.1,63.6,57.1,51.0,46.3,44.3,39.0,37.2,35.5,34.6,34.4,33.9,34.3,34.9,34.0,33.6,32.4,26.4,21.5,19.4,19.9,20.8,21.7,22.7,23.5,24.5,25.6,26.6
12:23:54.044,78.9,43.7,70.4,66.8,65.0,67.4,70.2,68.1,66.2,66.8,66.4,66.5,60.4,55.2,50.1,46.1,43.2,40.7,34.4,33.2,33.1,33.2,33.6,34.8,36.1,35.0,33.7,31.4,26.5,22.5,20.3,20.0,20.9,21.7,22.8,23.7,24.7,25.6,26.6
12:23:55.044,80.2,43.7,69.7,67.7,68.1,68.7,71.6,69.3,65.4,63.6,65.3,62.0,65.4,56.5,49.7,45.8,43.8,41.9,36.6,35.0,32.9,34.3,33.3,33.6,35.2,35.0,33.3,31.7,28.5,23.3,20.1,20.0,20.8,21.9,22.6,23.7,24.5,25.6,26.6
12:23:56.044,80.4,45.0,70.2,69.2,67.2,70.8,70.3,67.0,69.8,65.9,66.4,65.3,61.6,55.7,47.6,44.8,43.9,39.2,37.5,34.9,34.0,33.9,34.3,34.6,37.9,38.6,36.9,34.7,30.8,26.1,21.6,20.3,21.0,22.1,22.8,23.7,24.7,25.8,26.7
12:23:57.044,80.6,45.6,70.1,69.3,69.6,70.6,72.8,70.5,68.6,68.0,65.8,61.9,57.0,54.9,47.1,45.2,42.1,40.3,36.6,35.7,35.5,37.4,35.8,35.0,37.5,38.5,37.3,35.9,33.3,27.9,22.4,20.5,20.9,21.6,22.8,23.6,24.7,25.5,26.6
12:23:58.044,80.0,44.7,71.7,63.6,65.5,66.8,66.4,67.3,71.6,70.7,66.8,65.0,58.2,53.5,50.5,45.2,44.4,42.4,34.8,33.1,33.9,35.5,34.9,34.9,36.4,35.7,35.8,32.3,27.2,27.2,22.0,20.1,20.9,21.7,23.0,23.7,24.5,25.5,26.6
12:23:59.044,80.5,43.8,70.6,69.7,66.5,67.1,69.8,69.2,71.0,68.6,64.4,62.6,53.8,50.4,51.3,46.7,43.0,41.0,34.8,35.4,34.9,36.0,36.4,34.7,35.6,34.7,34.7,31.8,27.2,22.8,20.1,19.9,21.0,21.8,22.8,23.7,24.6,25.6,26.6
12:24:00.044,80.7,43.5,70.6,69.5,69.8,66.9,64.4,66.5,71.5,71.4,66.7,62.0,56.2,48.8,49.1,44.6,42.3,40.9,34.7,32.6,32.5,34.0,35.3,35.3,35.5,34.9,33.5,32.1,26.9,22.2,20.3,19.8,21.0,21.8,22.7,23.5,24.5,25.5,26.5
12:24:01.044,79.9,43.6,70.0,62.2,63.9,66.2,72.5,70.0,68.8,65.0,66.7,61.0,60.7,52.2,47.3,46.5,44.1,38.8,34.8,32.4,32.1,35.8,34.0,34.7,36.9,35.5,33.8,32.9,27.2,22.1,19.7,19.9,21.0,22.1,22.8,23.7,24.8,25.6,26.4
12:24:02.044,81.0,42.9,69.1,65.9,68.9,70.9,67.5,65.8,68.3,65.1,66.6,61.6,59.3,56.0,47.1,46.4,42.3,38.3,35.2,34.9,34.3,34.4,33.9,35.7,34.9,34.2,32.7,29.8,24.7,21.0,19.9,20.0,21.3,21.9,22.9,23.6,24.7,25.6,26.6
12:24:03.044,79.3,44.5,70.7,68.7,68.2,66.4,66.3,68.1,71.1,65.7,66.6,63.4,61.5,57.8,48.6,46.2,41.1,38.1,35.0,32.9,33.0,33.5,34.4,34.7,36.9,35.8,35.1,33.0,29.1,24.2,20.5,20.2,20.9,22.1,22.8,23.6,24.5,25.6,26.6
12:24:04.044,82.0,45.8,70.1,68.3,68.6,71.5,71.6,72.1,66.9,66.2,63.4,61.3,58.0,55.9,48.9,46.9,44.4,39.5,35.7,34.9,33.6,34.4,34.0,33.6,36.7,38.1,39.0,37.3,33.1,29.2,23.3,20.9,21.3,21.9,22.7,23.4,24.7,25.6,26.5
12:24:05.044,79.1,44.1,68.5,68.1,65.1,67.0,67.2,67.6,67.2,69.2,61.0,62.2,60.1,55.7,49.6,44.8,40.3,40.9,36.4,33.5,32.3,33.8,34.3,33.3,36.5,37.0,35.0,33.3,29.0,24.2,21.7,20.3,21.0,22.2,22.8,23.6,24.7,25.8,26.7
12:24:06.044,81.5,43.7,69.6,67.7,69.2,73.8,70.4,68.2,68.3,67.6,63.8,63.2,56.7,55.6,48.7,45.6,41.5,39.7,36.4,34.4,32.5,34.2,33.9,34.1,35.9,36.3,34.4,32.3,26.8,25.0,24.6,22.6,21.3,22.1,22.8,23.8,24.7,25.6,26.5
12:24:07.044,80.9,44.0,68.3,74.4,72.0,67.8,68.6,63.6,64.3,67.9,65.2,60.1,54.7,51.7,46.6,43.5,42.2,39.7,35.9,34.1,33.5,34.7,34.3,35.1,35.4,36.7,36.0,33.6,29.5,22.9,20.6,20.1,21.2,21.8,22.7,23.8,24.6,25.7,26.6
12:24:08.044,79.6,43.0,68.4,63.2,69.5,70.5,68.4,66.5,66.0,66.0,66.6,60.3,54.3,50.2,47.7,44.9,43.7,37.8,34.8,33.8,33.0,33.6,33.2,34.5,36.0,35.3,34.4,31.4,25.1,20.4,19.5,20.1,20.9,21.7,22.7,23.7,24.7,25.7,26.7
12:24:09.044,78.7,42.5,68.8,64.7,63.8,70.8,71.5,68.8,68.8,67.7,64.6,53.4,52.7,53.1,47.3,43.2,42.4,40.1,34.1,33.9,32.6,32.9,34.5,34.0,35.3,34.2,31.4,29.2,25.4,25.0,22.5,20.5,20.8,21.8,22.9,23.7,24.6,25.6,26.7
12:24:10.044,77.6,42.5,68.4,61.7,67.1,71.7,72.0,64.5,63.9,68.9,61.6,62.2,56.4,51.8,47.8,42.4,43.4,38.3,34.7,33.3,33.6,34.7,34.4,33.7,34.1,33.1,33.1,31.9,25.1,20.7,19.7,20.5,21.3,21.9,22.7,23.8,24.7,25.6,26.5
12:24:11.044,79.8,42.7,68.7,70.0,72.6,69.3,68.3,71.8,67.4,66.3,61.1,61.5,54.9,53.1,48.1,44.3,42.3,41.1,36.6,34.7,35.9,35.7,35.6,35.6,34.6,33.0,33.2,30.3,24.4,21.4,19.4,20.2,21.3,21.9,22.6,23.6,24.5,25.6,26.7
12:24:12.044,79.0,43.4,69.4,66.3,70.4,72.2,73.2,67.9,68.8,67.8,61.8,62.3,58.0,55.4,47.8,43.7,40.6,40.2,35.9,33.6,35.3,36.6,38.1,35.7,35.5,33.3,32.7,28.7,23.3,19.7,19.5,20.2,20.9,21.6,22.7,23.5,24.7,25.7,26.7
12:24:13.044,78.8,44.8,69.3,68.8,69.7,69.4,68.4,70.9,67.6,66.2,63.5,59.9,57.7,56.8,50.1,44.9,42.3,40.4,36.1,32.6,35.5,37.2,39.0,38.6,37.2,35.0,34.3,29.7,23.4,19.5,19.3,20.4,21.1,21.8,22.7,23.6,24.4,25.6,26.6
12:24:14.044,80.5,45.0,68.9,70.8,71.4,70.1,69.6,69.2,68.8,66.6,63.1,58.7,57.6,55.0,50.6,45.0,43.0,38.9,33.8,33.3,36.1,37.0,39.6,37.8,37.7,36.9,36.4,30.3,25.5,26.0,19.1,19.8,20.8,22.0,22.7,23.8,24.7,25.6,26.5
12:24:15.044,80.0,46.0,68.6,73.2,69.8,73.0,70.1,67.5,67.0,64.2,60.8,58.3,59.0,54.6,48.7,44.3,43.2,41.3,35.6,34.1,38.3,36.3,38.6,39.9,40.0,35.9,36.1,32.0,24.2,19.3,19.3,20.0,20.8,21.6,22.8,23.7,24.8,25.8,26.6
12:24:16.044,78.4,45.7,68.9,67.3,68.6,69.4,69.1,71.4,68.7,66.6,59.6,59.5,57.1,54.0,52.2,43.6,44.6,42.6,37.6,34.3,34.7,35.2,38.7,39.9,39.2,36.9,34.7,30.1,24.0,19.4,19.4,20.0,20.8,21.8,22.7,23.8,24.6,25.6,26.6
12:24:17.044,79.5,46.1,68.3,65.3,64.6,63.9,68.0,70.3,66.0,62.0,59.3,59.6,57.0,52.7,50.7,44.7,41.6,41.2,37.8,37.6,37.4,35.8,38.6,40.0,39.2,37.2,36.7,32.2,25.5,20.3,19.5,20.4,20.9,21.6,22.7,23.7,24.6,25.7,26.6
12:24:18.044,79.6,45.7,67.2,67.4,68.4,66.8,66.9,65.9,65.8,60.8,59.9,57.4,59.2,54.8,47.7,44.0,43.4,38.8,36.8,37.6,34.2,36.9,38.9,39.6,38.1,37.1,36.7,31.3,23.7,19.0,18.9,20.3,21.0,21.8,22.7,23.6,24.5,25.5,26.6
12:24:19.044,79.5,44.8,66.6,65.9,66.1,63.2,65.3,69.2,68.0,64.9,58.8,57.2,58.7,54.2,46.2,43.3,41.6,39.2,34.6,31.4,34.1,35.8,36.4,37.7,36.7,37.5,34.8,29.7,24.6,20.4,19.8,20.0,20.6,21.6,22.9,23.7,24.7,25.8,26.5
12:24:20.044,80.0,44.7,66.5,68.7,69.1,69.7,69.5,65.4,63.5,63.7,59.5,57.3,58.6,53.2,47.2,44.2,40.6,37.7,33.7,31.7,33.0,34.8,35.9,37.3,37.3,37.3,34.5,31.1,24.1,19.5,19.1,20.2,20.9,21.9,22.8,23.7,24.5,25.6,26.6
12:24:21.044,81.1,43.5,66.3,74.4,72.4,71.6,68.0,66.6,64.5,59.7,56.6,57.4,56.1,50.5,46.0,44.8,42.1,38.0,35.6,32.0,32.2,32.1,33.0,34.5,37.3,36.9,34.9,31.6,24.1,20.3,19.9,20.1,20.9,21.8,22.7,23.6,24.6,25.8,26.6
12:24:22.044,80.5,44.8,68.0,68.6,71.0,73.4,65.6,65.3,65.7,64.9,60.1,59.1,55.7,52.3,44.4,43.4,41.4,37.6,34.6,32.3,33.8,33.0,35.5,36.9,37.6,38.6,36.9,35.6,28.0,21.1,19.5,20.2,20.7,21.9,22.7,23.7,24.6,25.6,26.5
12:24:23.044,79.4,46.9,66.4,72.5,73.6,71.9,68.9,66.2,65.5,57.8,60.2,59.5,55.7,52.5,45.6,43.2,39.1,38.9,36.3,33.9,33.5,32.1,34.6,37.6,40.1,40.2,39.0,34.7,28.2,25.0,20.2,20.6,21.1,21.7,22.8,23.7,24.5,25.5,26.6
12:24:24.044,81.3,49.4,67.1,69.2,72.3,71.2,65.9,64.7,63.8,62.0,59.7,59.0,56.9,52.0,48.5,41.8,40.9,38.7,36.2,35.1,34.9,33.0,35.7,39.1,42.3,43.0,43.5,38.9,31.5,23.8,20.1,20.0,20.8,21.8,22.8,23.6,24.8,25.6,26.6
12:24:25.044,79.0,48.0,66.5,66.7,71.0,71.2,63.2,65.2,65.5,64.0,62.0,56.4,58.2,52.4,49.3,43.4,43.5,37.5,35.8,33.6,33.7,34.4,35.5,38.0,41.4,41.5,41.8,37.4,29.7,22.9,20.5,20.0,21.0,21.6,22.7,23.5,24.6,25.7,26.6
12:24:26.044,78.1,48.1,66.4,66.0,66.4,71.6,70.2,65.9,66.3,61.0,58.5,56.7,57.4,55.0,46.1,43.7,42.4,36.6,35.3,33.0,34.7,36.1,37.4,40.7,42.5,41.8,40.3,35.6,30.4,24.1,20.1,20.0,20.9,22.0,22.7,23.6,24.7,25.4,26.7
12:24:27.044,77.0,47.4,65.9,70.0,67.3,69.4,66.4,66.6,63.6,63.3,59.6,52.0,56.2,56.3,48.3,43.1,43.4,37.8,35.8,34.8,36.2,35.9,37.1,39.3,41.5,41.4,39.1,35.6,31.3,23.2,20.3,20.4,20.9,22.0,22.7,23.6,24.7,25.7,26.6
12:24:28.044,77.4,46.2,65.8,64.9,67.2,71.0,67.8,63.3,63.7,62.2,55.8,57.0,56.2,55.0,48.6,44.0,41.6,37.7,35.2,33.8,34.5,35.5,35.6,37.3,38.0,38.9,39.3,35.9,30.1,23.3,20.7,20.5,20.9,21.9,22.7,23.8,24.7,25.7,26.6
12:24:29.044,75.7,46.3,65.4,65.5,66.2,66.9,64.9,62.7,66.1,61.1,56.9,55.7,54.5,53.4,49.4,41.9,41.2,38.6,34.0,33.6,35.0,35.3,39.3,39.4,38.4,39.3,38.0,34.7,26.7,20.5,19.6,20.0,21.1,21.8,22.7,23.8,24.5,25.6,26.6
12:24:30.044,79.6,46.4,66.2,66.9,71.5,70.0,68.9,66.1,63.8,64.0,57.0,53.9,52.4,53.1,49.7,43.6,42.9,39.8,34.4,33.6,34.7,36.9,38.0,37.4,36.9,40.7,39.6,34.7,27.8,20.4,20.2,20.2,20.8,21.7,22.7,23.6,24.6,25.7,26.6
12:24:31.044,77.0,45.2,65.5,66.9,65.6,67.5,64.5,65.2,66.3,63.9,59.8,55.3,51.2,53.6,47.1,42.6,42.4,37.4,33.9,33.6,34.2,34.1,35.8,36.0,35.7,39.1,37.4,36.0,32.7,25.9,21.3,19.9,20.9,22.0,22.8,23.8,24.7,25.6,26.7
12:24:32.044,78.0,45.0,66.4,69.6,69.6,68.1,67.1,64.2,67.9,65.3,60.6,57.4,54.5,47.9,45.5,41.3,41.1,37.2,34.5,31.9,33.6,33.6,35.7,35.7,37.3,38.4,35.9,34.2,30.7,26.9,22.0,20.0,21.0,22.0,22.7,23.6,24.5,25.7,26.7
12:24:33.044,73.9,46.0,63.7,64.0,63.2,61.2,65.6,63.5,61.2,62.2,55.8,55.4,54.7,48.4,45.9,44.5,42.9,38.2,35.5,32.2,35.7,35.0,36.2,36.7,38.0,40.8,37.6,35.1,30.4,24.2,20.6,20.1,20.9,21.8,22.5,23.6,24.6,25.6,26.6
12:24:34.044,78.6,46.6,65.2,65.2,65.1,63.1,65.2,63.5,63.0,63.8,61.3,55.3,53.3,50.3,46.8,44.3,38.7,36.3,35.5,35.4,39.0,34.7,33.4,37.0,39.9,41.3,38.9,37.8,30.3,23.2,20.1,20.0,21.0,21.7,22.7,23.7,24.5,25.7,26.5
12:24:35.044,74.4,47.0,64.1,62.2,59.8,62.0,65.1,64.9,57.4,63.5,60.0,54.4,53.8,49.0,45.8,42.0,38.7,37.5,36.1,34.7,38.5,35.4,34.5,38.4,40.4,41.0,39.0,36.1,30.2,22.1,20.2,20.2,21.0,21.7,22.6,23.6,24.6,25.7,26.6
12:24:36.044,75.8,47.2,65.5,61.7,65.3,66.7,67.1,62.9,61.3,62.3,60.7,54.1,52.4,48.6,44.9,42.2,40.7,36.7,34.5,35.4,37.3,36.3,34.3,36.6,40.5,40.4,38.7,38.2,33.8,22.6,20.1,20.0,20.9,21.7,22.8,23.6,24.6,25.6,26.6
12:24:37.044,76.2,46.9,64.7,67.8,69.2,68.2,64.2,61.0,61.1,62.7,61.6,53.2,54.1,50.7,45.0,42.1,40.0,38.7,36.5,35.6,38.0,34.6,34.7,36.4,39.4,40.9,39.2,37.0,31.5,22.8,19.8,20.4,20.8,21.6,22.7,23.6,24.5,25.6,26.6
12:24:38.044,76.8,47.8,65.7,64.8,62.4,65.1,68.2,68.9,61.3,61.3,64.3,58.1,55.2,53.5,49.5,45.4,40.1,39.2,36.2,35.8,40.9,37.1,36.1,37.5,39.2,41.5,40.9,38.7,32.8,23.6,20.0,20.0,20.8,21.9,22.8,23.5,24.6,25.5,26.6
12:24:39.044,78.6,48.6,66.2,63.1,64.8,65.4,65.3,68.8,62.3,60.0,62.1,52.9,49.5,50.6,45.2,44.5,38.9,36.9,35.3,36.7,39.8,36.5,36.0,38.9,42.5,41.3,40.0,40.4,35.9,25.4,20.9,20.2,20.9,21.8,22.6,23.6,24.5,25.5,26.6
12:24:40.044,76.6,50.8,65.2,60.6,64.4,65.5,64.4,65.6,63.4,62.4,63.8,56.3,52.3,49.8,44.8,44.9,40.6,38.0,34.9,34.8,37.8,36.0,35.9,40.1,43.4,44.1,44.3,41.6,35.3,26.9,21.4,20.2,21.0,21.8,22.7,23.5,24.6,25.6,26.5
12:24:41.044,77.0,52.5,63.9,60.1,61.3,64.2,60.3,60.9,58.2,60.8,60.3,56.0,55.0,50.4,47.1,44.8,41.9,38.3,35.8,33.9,35.5,34.1,35.8,38.6,43.5,45.0,46.7,46.2,39.3,29.0,21.5,20.1,20.8,21.7,22.8,23.8,24.6,25.6,26.7
12:24:42.044,74.3,50.9,62.9,63.9,60.5,58.7,59.7,58.9,62.7,59.6,55.9,56.9,52.3,48.0,45.5,44.2,42.2,37.8,34.9,34.5,37.9,36.2,35.0,38.7,43.5,45.2,44.7,42.3,35.1,27.1,21.4,20.2,20.8,21.9,22.6,23.6,24.5,25.5,26.6
12:24:43.044,75.6,48.5,62.3,66.0,65.9,69.8,66.2,57.6,55.4,55.6,55.9,53.8,50.9,49.9,47.0,43.1,41.5,36.0,35.1,35.2,34.8,35.2,35.0,38.5,40.7,42.4,41.1,41.3,37.2,29.8,23.4,20.5,21.2,21.7,22.9,23.9,24.6,25.7,26.6
12:24:44.044,76.8,47.0,63.3,69.1,68.8,68.0,63.6,66.1,60.4,59.3,56.8,56.4,47.8,48.2,45.3,44.2,39.8,38.1,35.3,34.8,35.6,35.3,34.6,36.5,38.6,40.2,39.1,38.8,35.7,28.4,23.2,20.6,21.0,21.8,22.7,23.8,24.5,25.5,26.6
12:24:45.044,75.9,46.5,62.0,67.3,67.4,65.2,64.9,60.9,58.6,55.8,57.6,54.4,51.9,49.1,44.1,44.0,42.4,37.6,37.7,35.0,34.6,34.7,34.6,37.1,38.1,39.5,39.5,36.9,32.2,25.9,20.8,20.3,20.9,22.0,22.7,23.6,24.5,25.5,26.6
12:24:46.044,77.4,48.2,63.6,65.2,63.7,66.4,64.3,64.3,60.6,60.5,58.7,55.2,52.3,49.4,46.3,45.1,43.1,39.1,35.7,33.6,35.4,37.3,36.0,37.9,39.3,40.7,41.8,39.2,35.0,25.9,20.8,20.0,20.7,21.7,22.7,23.8,24.7,25.7,26.7
12:24:47.044,77.4,47.5,64.4,65.6,69.8,70.3,64.8,62.1,64.7,59.3,57.0,58.4,52.3,47.9,44.8,44.3,40.1,36.6,35.9,34.2,34.0,35.3,33.3,34.2,38.1,40.2,40.1,40.9,36.7,30.2,23.7,20.7,21.1,21.9,22.6,23.5,24.7,25.7,26.7
12:24:48.044,76.9,46.5,63.8,71.9,69.9,64.9,62.6,57.5,64.0,63.0,56.6,56.0,49.4,49.4,46.2,44.4,41.5,37.5,36.1,34.6,33.0,34.8,33.9,34.5,37.0,39.6,39.5,38.3,34.9,28.5,22.7,21.3,21.6,22.0,22.6,23.4,24.7,25.7,26.6
12:24:49.044,76.5,48.2,65.0,67.6,67.1,62.1,59.3,62.9,63.6,61.5,61.5,56.4,49.4,50.2,47.9,44.5,42.1,37.6,35.2,33.3,34.5,35.8,36.9,36.5,38.0,41.1,42.2,40.1,34.6,26.8,21.4,20.6,21.0,21.9,22.8,23.9,24.6,25.6,26.7
12:24:50.044,77.5,49.0,65.9,67.7,61.2,65.4,66.8,71.4,61.1,61.6,63.5,56.3,52.9,49.9,46.8,43.7,40.5,37.5,35.4,34.3,35.0,36.4,36.0,36.6,39.7,41.7,41.4,40.0,37.5,29.8,21.6,20.0,21.0,21.8,22.6,23.7,24.7,25.5,26.6
12:24:51.044,78.4,53.0,64.7,63.9,62.5,63.1,65.4,68.3,62.2,63.0,59.8,53.8,52.9,49.9,46.7,42.7,39.9,36.5,34.0,34.8,34.1,35.2,34.6,37.3,41.5,45.9,49.2,45.6,42.0,33.1,21.5,20.3,21.0,21.7,22.8,23.7,24.8,25.7,26.6
12:24:52.044,78.2,49.9,64.8,68.3,68.9,66.9,64.8,61.9,61.8,64.6,60.0,57.1,51.1,49.6,44.2,41.8,42.8,37.1,34.3,34.6,33.6,34.6,34.6,36.6,39.2,42.2,44.4,42.7,37.9,29.9,22.5,20.5,21.0,21.8,22.8,23.6,24.7,25.6,26.6
12:24:53.044,77.3,48.0,64.9,67.1,65.0,63.8,63.3,61.2,61.0,60.3,60.5,55.0,51.1,48.8,45.4,44.7,42.5,37.7,34.1,32.8,34.2,34.9,36.1,37.7,38.9,41.0,41.3,39.6,34.5,26.5,21.4,20.6,21.1,21.8,22.7,23.8,24.6,25.5,26.6
12:24:54.044,75.7,46.0,64.6,63.7,64.2,62.7,61.9,65.0,63.8,59.2,56.4,55.9,52.7,49.6,44.6,44.3,41.2,36.0,34.6,34.2,33.7,34.0,36.0,38.3,38.5,39.1,39.1,36.6,32.1,26.1,24.4,23.6,21.3,21.8,22.8,23.8,24.7,25.6,26.7
12:24:55.044,79.0,45.0,66.8,71.3,69.3,63.1,65.4,68.0,62.3,66.5,60.6,54.4,53.1,46.4,43.1,44.1,39.1,37.3,35.9,33.2,32.3,32.3,33.6,35.9,37.9,38.1,37.7,34.5,29.9,23.5,22.9,22.5,21.2,21.9,22.9,23.8,24.6,25.6,26.7
12:24:56.044,78.0,46.1,66.6,66.7,62.7,61.5,63.6,66.4,68.1,67.1,58.5,58.6,53.4,47.5,46.1,42.8,41.4,37.3,33.9,32.8,32.0,33.5,35.6,39.5,38.8,39.9,39.5,34.3,29.1,24.0,20.8,20.3,21.0,21.8,22.8,23.5,24.6,25.6,26.6
12:24:57.044,76.0,45.2,66.0,64.7,61.2,62.4,62.2,63.8,61.3,66.4,61.1,60.9,52.3,50.5,47.2,46.2,42.5,38.0,36.0,33.6,31.1,32.0,33.2,35.4,37.9,39.1,37.7,34.3,29.1,23.2,20.3,20.0,21.0,21.7,22.7,23.8,24.6,25.7,26.7
12:24:58.044,76.3,45.0,66.7,67.2,67.2,65.5,64.2,66.4,66.5,63.4,60.3,60.5,50.7,49.4,47.5,46.0,43.4,39.9,38.8,35.7,31.3,32.2,34.2,36.4,38.6,38.0,36.0,34.2,30.3,24.2,20.8,20.5,20.9,22.1,22.6,23.6,24.7,25.6,26.6
12:24:59.044,76.5,45.1,65.5,64.8,62.3,68.6,67.7,68.3,61.2,60.3,59.3,56.8,53.3,52.8,48.1,44.3,42.2,39.8,39.2,36.8,33.1,33.4,32.8,34.2,37.5,38.6,37.5,36.3,32.6,25.5,21.7,20.5,21.0,21.9,22.5,23.6,24.5,25.4,26.6
12:25:00.044,78.2,44.6,66.5,69.2,65.7,63.5,64.2,65.6,65.1,67.9,61.5,54.7,54.3,52.7,49.2,44.9,42.0,38.5,36.9,35.4,31.7,32.4,32.6,34.0,37.5,36.8,37.3,35.1,31.3,24.9,21.3,20.3,20.7,21.7,22.7,23.7,24.6,25.7,26.7
12:25:01.044,77.8,43.8,65.1,65.9,66.2,68.2,62.8,58.6,62.8,61.4,63.5,57.6,58.2,49.3,47.9,43.3,40.2,36.1,35.5,32.4,31.2,32.5,33.1,36.5,37.6,36.0,35.6,32.4,26.9,22.0,19.9,19.8,20.8,21.7,22.4,23.5,24.7,25.7,26.7
12:25:02.044,76.9,43.4,65.7,69.3,66.5,63.9,64.2,61.9,61.6,63.4,61.5,58.9,55.0,51.3,45.8,42.8,38.9,36.1,34.9,32.7,31.4,32.1,33.4,35.4,37.6,34.9,35.0,31.8,26.8,21.4,19.8,20.3,21.0,21.7,22.6,23.8,24.6,25.7,26.6
12:25:03.044,77.5,43.7,65.9,68.0,71.7,69.6,65.5,66.6,64.8,62.4,58.8,58.0,54.2,50.2,47.2,41.9,39.6,36.2,33.6,31.1,31.7,33.3,33.1,35.8,37.3,36.3,35.3,33.5,28.7,23.0,20.5,20.1,21.1,21.6,22.7,23.6,24.6,25.6,26.7
12:25:04.044,77.7,44.4,66.5,68.6,64.7,66.4,66.6,68.5,64.3,63.8,64.3,54.9,52.3,49.0,48.3,46.9,40.7,36.2,36.1,32.9,32.5,33.1,33.7,35.5,37.8,36.6,36.5,33.4,28.1,22.3,20.0,19.9,21.1,21.9,22.8,23.4,24.6,25.6,26.6
12:25:05.044,77.8,47.1,65.7,68.5,67.5,66.8,66.6,67.2,58.0,63.4,60.3,60.5,56.9,50.9,48.2,46.4,41.0,39.7,37.0,33.7,32.1,32.9,36.0,40.3,41.9,39.7,38.8,36.0,30.2,23.6,20.2,20.1,21.2,21.8,22.8,23.8,24.7,25.6,26.6
12:25:06.044,75.8,48.6,64.8,59.6,64.3,65.0,64.9,62.7,62.9,60.5,57.1,58.1,58.1,51.8,44.6,45.0,42.7,38.4,35.2,33.5,32.3,35.3,38.6,41.9,41.3,42.5,42.2,37.1,31.8,24.3,21.0,19.9,21.2,22.0,22.9,23.7,24.7,25.5,26.8
12:25:07.044,78.8,46.0,67.0,73.0,71.2,69.2,67.4,67.9,65.2,63.1,62.9,60.4,56.8,55.3,47.3,45.7,42.4,37.6,35.9,34.3,32.9,34.0,36.6,35.8,37.7,39.4,38.6,35.5,32.7,26.0,21.3,20.1,21.3,21.9,22.8,23.7,24.6,25.6,26.6
12:25:08.044,77.5,46.1,66.1,69.2,70.7,70.1,66.7,67.6,66.3,60.9,59.9,58.1,55.4,53.4,47.2,46.2,40.9,39.1,36.5,33.5,30.3,32.7,35.4,37.1,37.3,39.4,38.7,36.7,32.2,26.0,21.1,20.4,21.3,21.8,22.8,23.6,24.7,25.7,26.6
12:25:09.044,76.5,47.7,66.5,65.6,67.1,68.3,67.0,65.2,66.9,64.1,59.7,58.8,54.5,51.8,48.3,46.1,41.0,38.6,36.7,34.3,32.2,33.1,34.4,35.4,40.1,42.0,40.1,38.4,34.6,27.3,21.8,20.6,20.9,21.8,22.8,23.8,24.6,25.6,26.6
12:25:10.044,77.5,48.1,66.2,66.1,62.4,63.9,68.1,69.2,68.3,62.6,57.0,57.3,50.8,48.8,49.6,46.2,40.5,38.1,35.8,33.9,32.3,34.7,37.4,39.6,40.7,42.0,40.4,38.6,34.4,28.1,22.5,20.6,21.1,21.6,22.7,23.8,24.6,25.6,26.6
12:25:11.044,77.8,46.0,63.7,69.9,63.0,65.6,65.0,68.3,63.0,57.8,55.4,53.5,51.0,47.7,47.1,43.8,39.1,36.7,32.9,31.8,31.7,33.8,34.7,36.9,38.9,40.6,37.0,34.1,31.5,25.9,20.5,20.6,20.7,21.7,22.7,23.7,24.6,25.8,26.6
12:25:12.044,76.5,44.7,64.4,61.9,69.2,69.1,64.0,64.2,65.7,61.6,53.1,52.0,51.2,50.8,45.5,41.7,42.1,37.4,33.8,32.5,32.2,33.5,34.9,35.6,37.1,38.3,36.7,34.8,28.4,23.1,20.7,20.7,20.9,21.8,22.7,23.8,24.5,25.6,26.7
12:25:13.044,77.0,44.9,64.2,62.4,62.7,64.4,65.1,66.4,66.8,59.0,55.4,54.3,50.6,48.0,46.2,45.1,39.9,36.7,33.9,33.4,33.0,34.9,34.5,36.9,37.4,37.4,36.5,34.5,29.5,29.4,29.5,24.6,21.5,22.2,23.2,24.3,25.2,25.6,26.6
12:25:14.044,76.9,43.9,65.3,65.4,69.8,69.7,63.2,65.4,63.6,57.8,57.6,55.1,51.6,47.9,45.2,44.2,39.7,36.5,34.8,32.1,30.5,32.4,32.9,34.3,37.9,38.1,35.7,32.4,27.7,22.5,22.5,20.9,21.4,22.1,22.9,23.8,24.8,25.6,26.5
