AMBIENT,76.5,59.2,66.0,67.3,67.1,66.3,64.1,62.9,60.8,60.4,59.6,58.4,55.4,51.7,50.6,46.0,41.2,43.0,45.5,44.6,43.5,52.5,55.2,50.7,48.5,50.2,53.4,46.5,40.1,38.0,35.0,33.7,33.8,33.0,34.1,33.6,34.6,35.4,36.3
12:19:52.600,71.0,53.9,62.0,50.2,52.4,55.0,58.4,60.7,58.2,59.3,53.9,56.5,51.5,45.2,47.3,38.9,37.6,39.3,46.8,44.9,40.3,48.9,49.5,55.5,44.9,47.3,43.3,30.0,29.7,32.7,31.3,32.7,32.3,32.0,32.5,33.1,34.4,35.2,36.3
12:19:53.600,77.3,64.0,68.1,70.9,68.5,64.9,66.7,64.3,58.6,61.1,59.9,56.5,55.7,51.3,48.8,44.3,40.3,46.7,52.1,50.8,48.6,60.3,62.4,56.5,55.3,57.5,61.4,53.7,47.1,45.0,41.4,38.9,38.1,36.0,37.2,34.6,34.9,35.7,36.2
12:19:54.600,77.5,44.5,65.7,70.6,70.5,66.4,65.6,63.6,58.1,61.8,61.3,62.3,55.5,54.9,54.5,50.5,42.7,40.6,37.5,35.3,36.9,39.6,33.4,31.4,30.8,30.8,29.2,28.4,28.5,28.8,29.8,30.7,30.7,31.5,32.4,33.1,34.2,35.3,36.1
12:19:55.600,77.8,44.0,65.0,68.3,68.0,68.7,68.2,62.3,60.0,60.1,61.3,58.4,53.6,52.2,49.1,44.8,44.2,42.7,38.8,35.6,36.5,38.0,33.9,31.7,30.9,31.5,29.7,28.5,28.4,28.4,29.2,29.8,30.7,31.5,32.1,33.1,34.2,35.2,36.2
12:19:56.600,74.9,44.8,62.0,66.4,62.7,59.8,58.9,60.8,59.0,57.1,51.9,56.8,49.8,47.5,46.3,42.8,40.6,41.8,43.7,42.5,39.2,38.2,36.2,32.6,31.4,30.8,29.2,28.9,28.0,28.8,29.3,30.2,30.5,31.2,32.2,33.1,34.2,35.2,36.3
12:19:57.600,73.4,46.3,62.9,54.8,59.2,64.7,64.2,59.9,57.4,60.4,56.3,57.0,53.0,51.1,49.8,43.8,39.6,42.2,41.1,38.2,38.1,38.1,35.8,38.6,36.2,31.5,29.4,30.5,29.5,31.1,30.0,32.0,35.0,33.9,35.0,34.2,35.2,35.6,36.4
12:19:58.600,75.1,45.9,66.7,65.9,65.6,64.3,63.9,66.6,66.2,61.1,61.8,63.6,59.8,57.6,55.7,52.3,49.0,46.0,40.5,36.4,36.9,40.1,36.8,32.9,31.3,31.4,30.7,30.5,29.6,30.3,29.8,31.1,34.2,33.3,34.1,33.8,34.6,35.2,36.5
12:19:59.600,78.1,47.6,68.2,64.1,63.5,65.5,62.9,63.4,61.9,60.4,59.7,52.5,51.9,51.9,51.3,46.7,41.8,42.3,39.3,36.9,37.5,39.9,36.6,34.2,35.3,31.4,30.3,29.8,29.0,28.8,29.9,30.1,31.1,32.0,33.1,33.7,34.4,35.6,36.4
12:20:00.600,88.0,70.9,85.8,76.9,72.0,73.1,75.1,77.0,75.3,72.1,69.0,71.9,68.4,72.1,73.5,72.6,76.5,84.3,72.9,59.8,64.5,59.5,62.4,61.6,59.8,57.1,52.2,44.5,34.6,29.1,29.3,29.9,30.6,31.4,32.3,33.4,34.2,35.2,36.3
12:20:01.600,94.5,65.2,90.5,67.6,69.6,75.6,76.2,78.8,81.2,78.9,80.1,82.0,78.4,76.7,74.3,72.1,67.8,66.6,60.6,55.5,51.1,51.0,53.4,51.6,53.2,52.1,46.4,38.2,30.1,28.9,29.5,30.1,30.9,31.6,32.4,33.3,34.1,35.1,36.1
12:20:02.600,103.3,76.3,100.8,80.4,82.9,82.3,85.5,90.9,92.3,90.1,93.9,91.0,95.3,94.2,94.3,85.7,83.2,77.6,71.2,64.6,56.7,55.9,58.7,58.2,57.8,57.4,51.9,43.5,33.2,30.4,30.2,31.6,33.7,33.4,34.4,34.0,34.6,35.4,36.3
12:20:03.600,105.5,80.7,103.3,78.3,83.1,90.6,92.3,90.6,92.3,91.9,96.0,96.5,98.2,97.5,94.6,90.5,87.4,84.5,79.2,73.7,67.4,66.6,68.5,68.3,66.7,67.0,61.6,53.5,41.7,30.8,29.7,30.2,30.7,31.4,32.6,33.2,34.1,35.2,36.2
12:20:04.600,107.3,87.7,105.8,73.8,79.7,85.3,88.6,91.8,96.0,96.1,96.8,98.4,99.2,99.4,99.0,97.1,93.6,93.9,86.8,82.1,77.2,76.6,77.6,77.4,76.7,75.4,71.4,64.8,57.8,49.5,40.3,32.2,30.9,31.5,32.2,33.2,34.2,35.2,36.3
12:20:05.600,110.1,92.4,108.6,78.8,85.2,85.5,88.8,98.4,97.1,96.6,100.1,99.5,101.3,102.6,99.6,99.1,100.2,96.8,93.1,87.3,84.4,83.7,85.9,83.2,83.2,80.4,76.1,70.1,64.2,58.4,50.6,43.8,36.0,32.1,32.4,33.2,34.2,35.1,36.4
12:20:06.600,114.8,97.4,113.5,86.2,87.1,91.2,94.3,99.9,99.7,100.5,100.2,105.3,109.6,107.0,106.7,104.0,101.3,101.8,98.0,93.8,90.0,88.8,90.8,90.2,88.9,87.9,84.5,79.7,75.9,71.1,68.4,59.9,53.0,49.0,43.7,41.1,39.0,36.3,36.7
12:20:07.600,116.0,99.6,114.5,83.2,87.9,93.4,98.1,100.9,102.6,103.7,106.9,105.0,108.3,107.2,106.6,105.0,104.5,101.9,99.3,95.2,91.5,91.2,91.5,92.3,90.7,89.2,87.3,84.3,81.1,77.4,74.0,70.1,65.1,61.0,55.9,52.3,49.9,46.0,41.5
12:20:08.600,116.0,99.8,114.4,81.5,82.5,91.8,100.9,100.3,103.3,104.6,102.9,106.2,107.4,108.7,106.2,104.4,104.0,101.5,99.6,96.9,92.5,91.1,91.6,92.4,91.5,89.0,87.3,84.9,82.0,79.2,75.3,72.7,69.6,66.9,63.8,59.7,57.7,54.6,51.0
12:20:09.600,115.6,96.8,113.8,86.4,92.9,96.5,98.8,102.0,101.7,106.5,107.0,107.9,107.5,105.7,105.1,104.7,102.0,100.0,98.2,94.8,91.0,87.0,87.2,87.4,87.9,86.1,83.1,78.4,74.0,70.6,66.6,64.2,57.8,51.6,45.2,39.9,36.7,35.8,36.6
12:20:10.600,113.1,91.9,111.1,83.4,91.6,94.1,95.9,97.3,99.0,103.4,104.6,102.5,101.6,104.5,103.2,100.7,98.8,94.7,93.3,88.0,85.3,84.2,83.2,80.9,80.5,78.6,74.5,69.0,65.2,59.3,48.9,40.4,34.7,34.2,33.5,33.8,35.0,35.6,36.4
12:20:11.600,112.4,92.1,110.7,85.2,84.9,93.3,93.2,94.5,101.3,103.1,103.9,101.3,104.2,105.1,102.7,101.4,95.5,96.1,91.8,88.1,83.2,83.8,85.8,85.4,81.2,78.2,77.7,72.5,70.5,66.7,59.6,50.8,42.5,35.5,33.3,33.4,34.3,35.5,36.3
12:20:12.600,115.1,96.0,113.0,86.5,87.2,95.0,99.1,99.3,104.4,104.6,104.0,107.0,107.9,106.5,103.9,101.2,99.3,96.5,92.6,89.0,87.3,90.5,90.9,88.8,86.4,83.6,77.9,76.5,72.4,65.7,59.7,53.2,45.0,38.1,34.0,33.7,34.4,35.4,36.5
12:20:13.600,117.4,104.3,116.0,82.6,86.7,89.4,97.6,99.4,105.9,103.5,106.9,110.0,111.0,107.7,106.9,106.5,102.7,99.8,95.9,95.0,97.7,99.7,100.0,97.8,95.9,93.0,92.7,93.0,89.5,87.2,85.5,83.5,79.3,75.2,70.0,64.7,60.5,57.1,52.3
12:20:14.600,117.4,103.3,116.0,86.9,92.0,94.5,99.4,99.4,100.7,105.2,108.1,111.3,108.6,109.1,106.2,104.2,101.7,95.3,94.6,96.5,97.7,99.0,97.7,95.2,93.3,92.4,90.7,90.4,87.1,84.8,82.1,79.8,76.1,72.1,69.0,66.8,65.0,61.1,58.5
12:20:15.600,117.3,101.3,115.6,87.0,92.0,90.9,92.6,96.4,103.4,108.8,106.0,109.7,111.6,109.8,105.3,102.3,98.4,95.5,94.6,98.1,98.5,96.9,92.2,94.2,93.1,89.7,88.6,86.0,82.1,79.5,76.7,74.3,70.9,66.2,61.1,56.4,51.6,46.8,44.6
12:20:16.600,115.8,101.7,114.0,83.8,86.3,91.7,96.0,100.5,103.3,104.7,105.7,104.8,106.3,104.7,103.8,99.8,95.5,94.2,98.9,100.8,101.0,96.9,93.4,94.6,90.7,91.6,88.4,86.0,83.1,80.2,78.3,75.4,69.4,64.3,58.7,52.4,45.9,39.4,37.0
12:20:17.600,116.8,102.6,115.3,84.2,91.7,96.3,99.3,99.5,104.4,105.8,108.4,110.2,110.3,109.2,106.9,104.2,94.2,96.5,102.3,103.1,101.0,93.8,97.5,96.1,94.3,92.4,91.2,89.6,86.2,83.3,78.7,76.2,72.2,68.8,64.6,59.1,53.7,49.1,45.0
12:20:18.600,117.5,101.9,115.5,85.1,91.0,97.5,100.6,104.5,106.4,107.9,108.1,110.2,110.5,107.9,106.5,100.1,95.4,98.8,101.2,102.2,96.4,93.9,97.0,92.5,93.5,92.0,91.2,89.0,86.2,83.5,80.0,76.1,71.2,64.7,59.4,55.4,51.6,45.3,41.4
12:20:19.600,118.8,100.9,116.3,81.2,92.1,99.7,102.3,100.2,105.4,111.3,111.1,111.7,111.6,108.4,104.7,96.6,98.2,98.8,101.4,99.9,92.7,96.4,95.0,94.0,91.5,90.2,87.6,83.8,80.9,80.1,76.1,73.9,70.8,65.7,60.3,56.4,50.9,45.2,41.3
12:20:20.600,120.3,102.8,117.8,81.1,89.3,93.9,99.1,104.3,108.6,110.2,113.9,111.5,112.4,110.0,103.0,94.6,100.0,103.3,104.8,100.5,94.2,97.9,95.6,96.5,93.5,92.2,90.6,89.4,87.2,85.0,82.7,80.6,78.1,74.6,69.8,64.5,58.2,50.9,46.0
12:20:21.600,120.0,103.1,116.8,91.8,97.3,97.4,101.1,105.9,112.6,113.4,114.5,109.2,108.6,105.7,97.3,96.8,101.1,103.3,103.9,98.5,95.2,98.3,93.5,95.0,92.9,93.3,91.7,90.2,88.6,87.2,84.7,83.4,80.7,76.8,73.2,69.6,66.2,62.2,59.3
12:20:22.600,119.7,103.1,117.1,90.2,94.1,96.0,102.7,107.4,107.6,113.3,112.5,112.8,110.0,103.7,97.5,97.8,102.7,105.0,102.3,97.9,98.2,98.4,95.2,94.1,92.7,91.7,89.0,87.4,85.6,83.9,82.5,80.8,77.9,73.9,70.9,66.7,61.7,55.3,49.9
12:20:23.600,119.8,104.9,117.0,88.3,92.3,101.7,104.8,106.2,112.3,111.9,112.0,110.5,108.9,101.5,95.0,100.9,106.6,106.3,104.0,96.3,102.0,98.5,99.2,96.8,95.4,94.0,93.2,92.2,90.3,89.1,86.9,85.2,83.3,80.3,78.2,76.6,74.6,71.6,69.7
12:20:24.600,119.8,100.6,116.5,92.5,97.5,101.4,101.4,106.5,108.8,112.1,114.4,110.6,105.5,98.1,93.9,99.9,105.7,102.9,100.4,94.4,98.3,93.4,94.8,93.6,90.5,89.3,86.8,84.6,81.1,78.3,75.7,72.3,67.3,63.1,57.5,52.6,48.9,44.8,42.1
12:20:25.600,120.7,100.6,116.2,95.4,99.1,108.4,114.2,112.7,110.2,115.3,112.0,107.5,105.7,97.3,95.7,102.3,105.3,103.9,98.2,96.6,97.0,95.2,93.5,93.6,92.3,89.7,88.3,86.6,83.9,81.1,78.3,76.5,74.1,71.1,67.9,63.6,59.7,55.3,51.2
12:20:26.600,118.4,99.3,114.5,97.2,100.9,104.6,105.5,111.1,110.7,112.8,111.7,105.2,102.1,93.4,97.7,102.6,103.9,100.7,93.0,97.5,94.8,94.7,91.8,90.8,90.2,88.1,86.0,83.8,81.4,78.8,74.8,72.6,68.5,63.8,59.9,54.9,48.1,41.4,38.0
12:20:27.600,119.5,99.3,115.1,96.7,99.1,100.8,105.5,109.5,112.4,113.0,110.1,106.9,100.3,93.6,99.9,102.5,105.3,99.6,94.0,98.4,92.6,94.7,92.3,90.5,88.4,87.5,86.5,83.9,82.1,79.1,75.9,73.5,70.7,66.0,63.1,60.0,56.5,52.5,48.6
12:20:28.600,118.5,100.6,114.4,92.8,99.7,105.4,104.1,107.8,111.3,113.5,110.6,103.0,98.0,93.7,100.6,104.7,105.4,98.7,96.7,99.5,94.8,95.3,93.8,93.8,92.3,91.4,90.5,88.6,86.1,82.6,79.8,77.3,74.3,68.9,64.9,60.0,54.6,49.3,45.4
12:20:29.600,116.5,97.8,112.2,97.4,98.0,100.2,105.1,104.2,106.6,109.5,106.4,103.4,95.9,95.7,102.2,102.2,101.7,95.0,96.2,96.6,93.9,91.6,91.4,91.0,87.5,86.6,84.3,81.5,77.9,74.1,71.2,66.7,61.4,53.2,45.8,39.3,35.5,35.7,36.5
12:20:30.600,117.1,99.8,113.2,93.7,99.8,105.9,109.9,108.2,110.5,110.6,106.4,101.8,96.3,99.2,101.9,105.4,104.4,95.4,99.4,98.1,96.6,93.5,92.6,91.9,90.0,89.5,88.2,86.7,84.8,81.3,77.6,75.2,71.9,66.3,62.1,56.8,51.1,45.6,40.1
12:20:31.600,117.1,100.8,112.8,91.7,99.6,106.4,109.7,110.1,108.3,106.1,106.9,103.7,91.9,98.3,103.7,102.9,101.6,91.7,100.3,96.8,97.8,95.4,94.2,92.1,90.9,89.5,88.9,86.5,85.0,82.6,79.9,76.4,73.4,68.5,63.9,57.8,51.2,44.0,39.2
12:20:32.600,117.1,101.0,114.1,94.1,97.0,100.3,106.0,108.5,107.1,110.2,109.4,100.8,91.9,103.4,105.7,107.0,102.3,95.7,102.3,96.2,98.9,95.7,93.8,92.7,90.1,89.9,88.7,86.9,85.1,83.4,80.2,78.2,76.1,72.7,69.9,66.0,62.1,58.0,54.3
12:20:33.600,117.5,99.9,113.1,98.8,102.7,108.6,106.7,110.4,110.8,106.9,104.9,99.9,96.4,102.1,104.1,106.3,100.6,96.2,100.8,95.7,95.2,95.5,93.9,93.0,91.0,90.8,89.1,86.6,84.0,82.8,79.2,76.3,73.9,67.9,64.0,59.8,56.1,50.4,45.7
12:20:34.600,116.1,97.4,112.3,95.3,100.9,103.7,107.5,110.1,107.3,106.7,103.7,99.5,95.9,102.7,103.8,104.4,98.7,98.1,99.3,94.6,93.8,91.9,91.2,90.3,87.9,85.8,83.2,81.1,79.3,77.1,73.6,68.9,65.3,58.9,52.8,46.8,39.7,36.2,36.7
12:20:35.600,115.0,94.8,110.1,97.2,101.6,106.7,107.2,105.6,103.6,105.9,105.6,92.9,97.2,100.4,103.6,99.7,93.4,93.7,93.5,92.7,91.3,90.3,89.3,88.2,86.4,84.4,82.4,80.0,78.1,74.5,71.2,66.9,63.2,57.7,51.4,46.2,40.0,36.2,36.5
12:20:36.600,113.6,96.3,110.1,93.2,95.6,97.8,103.2,103.7,103.0,108.1,101.9,92.3,94.7,100.7,103.7,101.6,93.9,98.5,94.8,95.0,92.5,90.7,89.5,88.7,86.4,85.2,81.7,79.1,75.7,70.2,67.0,61.2,55.4,50.0,41.8,36.9,35.0,35.4,36.3
12:20:37.600,114.3,95.0,109.8,95.0,100.6,100.6,105.5,105.3,106.4,102.6,99.5,91.9,97.3,102.6,102.3,98.2,91.7,97.2,93.3,94.4,90.5,88.2,86.5,86.3,83.8,82.7,81.0,79.0,76.1,72.4,68.3,63.2,57.7,51.2,42.4,36.5,34.6,35.4,36.1
12:20:38.600,113.3,94.0,108.6,92.3,103.0,106.6,105.8,104.9,105.7,102.1,96.4,90.8,97.1,101.0,102.4,97.2,90.7,96.9,90.6,92.7,90.5,88.8,86.7,86.8,84.6,83.1,81.9,79.8,76.4,73.4,69.6,66.1,61.3,55.3,47.4,41.5,35.9,35.5,36.4
12:20:39.600,113.4,93.9,108.5,97.7,101.8,105.2,106.5,106.7,104.4,102.3,96.0,90.8,97.7,99.4,102.8,96.9,91.0,96.7,91.2,94.0,90.4,88.7,86.5,84.8,82.9,81.4,79.5,77.4,74.3,71.4,67.6,61.9,56.8,49.5,40.8,35.9,35.8,36.4,37.1
12:20:40.600,113.9,94.0,109.1,99.8,102.3,102.2,104.0,106.5,107.1,102.3,96.7,88.2,98.1,100.6,101.4,95.9,89.3,95.8,90.6,93.1,91.3,88.2,86.6,84.5,82.7,80.8,78.0,74.6,70.4,67.3,62.4,56.0,51.6,46.0,39.8,36.8,34.9,35.6,36.6
12:20:41.600,111.2,91.9,107.0,93.2,99.5,101.1,102.8,103.3,103.2,99.7,97.4,88.3,96.7,97.7,99.9,94.9,90.1,96.2,90.4,91.6,87.9,87.6,85.9,82.4,79.7,77.9,75.4,71.2,67.3,64.0,59.6,52.9,44.4,36.1,32.8,33.2,34.2,35.4,36.1
12:20:42.600,110.5,92.2,106.8,94.1,94.1,97.6,98.6,100.2,99.9,98.5,94.8,91.8,98.3,99.4,100.6,93.3,92.5,94.3,90.8,89.8,88.4,86.8,84.3,83.3,81.2,77.9,75.4,73.6,69.2,66.4,62.0,56.7,51.5,46.6,39.7,35.6,34.4,35.4,36.2
12:20:43.600,109.5,91.1,106.3,95.2,97.3,100.6,99.5,94.8,96.7,100.8,93.2,92.0,96.4,100.9,101.7,94.1,92.8,93.8,90.7,88.9,88.9,87.6,83.8,82.3,80.6,77.2,75.1,72.4,68.2,64.2,56.1,48.7,39.2,33.2,32.6,33.4,34.3,35.2,36.2
12:20:44.600,108.2,87.9,104.7,90.6,94.0,99.7,99.3,100.2,98.0,96.8,87.9,87.9,97.9,100.1,98.1,90.5,91.7,93.2,88.5,86.1,85.5,84.6,80.8,78.7,76.2,72.0,68.3,64.0,58.0,52.7,44.7,35.2,31.6,31.7,32.3,33.3,34.0,35.2,36.3
12:20:45.600,105.6,87.6,103.3,88.3,89.6,86.7,92.3,94.0,95.9,95.8,90.2,90.2,98.3,97.8,95.9,88.9,91.1,92.5,89.1,85.3,85.1,82.6,79.9,77.2,74.1,71.2,66.6,61.0,56.0,48.4,40.6,32.7,30.9,31.5,32.7,33.4,34.2,35.2,36.3
12:20:46.600,105.9,85.6,102.5,88.6,93.2,96.5,96.9,94.7,97.5,94.7,88.9,89.8,93.9,96.4,95.1,89.3,89.5,90.2,87.4,84.8,83.8,80.7,77.5,75.2,72.5,69.7,64.2,59.1,51.9,43.1,35.1,30.3,30.8,31.4,32.4,33.2,34.1,35.3,36.2
12:20:47.600,105.1,84.0,102.0,89.1,93.6,92.4,92.4,93.8,90.2,94.8,89.7,92.6,94.4,96.6,96.3,86.2,88.9,87.1,86.3,83.2,81.1,78.6,76.4,74.3,69.0,64.4,59.5,54.6,50.6,43.3,35.3,30.9,30.6,31.5,32.2,33.3,34.2,35.2,36.2
12:20:48.600,105.7,85.3,103.0,89.3,90.7,95.0,92.9,92.1,95.6,93.9,89.9,94.9,98.0,99.1,94.8,86.4,90.0,86.6,87.6,84.5,83.2,81.2,80.0,75.4,72.0,68.5,64.0,59.9,56.1,51.1,43.9,36.5,31.3,31.5,32.2,33.1,34.2,35.2,36.3
12:20:49.600,105.9,84.0,102.1,87.7,89.8,95.7,96.8,96.9,97.0,92.1,87.3,90.9,95.8,98.6,93.3,83.9,91.0,86.0,87.9,83.3,82.4,79.5,76.7,72.7,68.2,64.5,58.3,53.0,45.3,36.6,30.9,30.0,30.6,31.4,32.6,33.2,34.3,35.2,36.3
12:20:50.600,103.1,81.8,100.1,90.9,88.7,86.8,91.6,92.1,91.5,88.2,83.6,91.8,91.9,95.2,92.8,83.6,89.1,85.4,86.5,80.9,77.7,74.7,73.1,70.0,65.5,61.0,55.5,49.9,42.6,34.3,30.0,29.9,30.7,31.4,32.0,33.1,34.3,35.2,36.1
12:20:51.600,104.5,82.4,100.9,87.3,88.2,86.6,90.9,92.0,91.3,93.1,86.0,89.5,94.3,95.1,90.7,82.5,90.2,84.2,84.4,81.7,77.9,77.2,74.2,71.0,65.7,61.0,53.6,44.7,35.5,31.0,30.3,32.5,34.3,34.0,34.3,33.9,35.2,35.4,36.4
12:20:52.600,102.7,79.8,99.3,87.8,87.6,89.8,93.8,92.8,95.3,90.8,84.6,87.7,92.6,93.6,93.2,83.0,87.1,83.8,82.6,78.4,76.4,74.3,70.1,63.7,58.7,52.9,45.9,38.2,29.9,28.5,29.3,29.8,30.6,31.7,32.4,33.5,34.1,35.0,36.1
12:20:53.600,102.9,79.1,98.6,86.8,89.9,94.7,94.3,91.6,91.6,90.3,82.9,88.8,91.7,92.3,92.7,81.7,88.2,81.2,83.8,78.3,75.2,73.0,69.8,65.2,60.6,54.8,49.1,44.1,36.2,30.8,29.7,31.5,32.9,33.0,33.6,33.7,34.8,35.4,36.2
12:20:54.600,101.7,79.3,99.3,83.7,85.6,86.0,88.2,89.0,89.5,88.0,82.3,88.4,95.5,96.3,89.6,81.8,88.0,81.1,81.4,79.4,76.0,73.9,67.7,60.7,55.9,50.9,45.3,36.5,29.5,28.4,29.4,29.9,31.1,31.4,32.3,33.2,34.3,35.2,36.3
12:20:55.600,101.9,78.2,98.6,87.3,91.1,90.0,90.6,93.2,92.2,86.3,84.3,87.6,91.8,94.0,91.4,84.1,86.9,79.9,81.1,76.6,73.6,71.5,67.3,62.1,59.3,54.7,47.9,37.7,29.8,28.6,29.0,29.4,30.6,31.4,32.8,33.2,34.2,35.1,36.1
12:20:56.600,101.8,76.4,98.0,85.2,85.3,87.7,90.7,92.5,88.9,88.9,83.4,86.4,92.0,93.8,86.3,81.8,84.4,77.9,80.6,76.6,71.1,67.1,63.2,59.2,54.4,50.0,46.1,35.5,30.0,28.5,29.0,29.8,30.4,31.1,32.3,33.2,34.2,35.1,36.2
12:20:57.600,100.8,75.8,96.1,86.0,83.8,83.2,89.4,90.4,93.6,86.7,80.6,87.4,90.3,90.0,86.7,80.4,84.6,77.5,80.2,75.0,72.6,70.5,65.7,60.1,53.8,49.2,44.2,35.3,30.3,29.3,30.0,30.4,31.1,31.9,32.9,33.5,34.6,35.3,36.4
12:20:58.600,101.2,74.6,96.3,88.2,90.4,92.0,88.0,88.7,92.0,88.6,81.3,86.1,91.1,89.1,88.5,80.3,84.1,73.6,76.8,72.4,70.1,66.8,61.9,58.8,53.4,48.6,42.4,36.8,29.4,28.7,29.4,29.8,30.5,31.5,32.4,33.4,34.1,35.1,36.2
12:20:59.600,101.0,72.9,95.7,77.1,87.5,92.6,94.1,96.3,91.0,85.8,83.4,87.5,90.1,90.0,86.2,79.1,82.9,74.1,72.9,72.1,69.0,66.7,62.0,58.6,53.3,48.7,41.1,34.9,30.1,29.5,29.7,30.3,31.3,32.1,32.9,33.7,34.6,35.3,36.3
12:21:00.600,100.0,73.3,95.6,83.7,87.6,88.2,89.2,91.4,90.8,88.4,80.1,83.4,90.0,91.4,87.2,81.6,82.9,75.0,74.3,71.9,67.9,63.2,59.0,56.5,53.4,48.7,42.6,36.0,29.0,28.8,29.0,29.8,30.6,31.4,32.2,33.2,34.4,35.2,36.1
12:21:01.600,99.4,73.5,95.2,86.9,86.1,89.3,92.4,91.0,92.4,85.6,84.3,87.6,88.8,90.0,87.6,80.0,83.1,75.6,77.5,73.2,70.7,67.0,60.6,58.6,55.2,49.1,42.1,34.7,29.0,28.4,29.1,29.4,30.5,31.4,32.9,33.3,34.1,35.2,36.1
12:21:02.600,100.3,71.7,94.8,88.9,90.5,92.1,89.3,86.7,91.7,89.2,83.1,88.7,87.9,88.5,83.7,77.1,81.3,74.3,74.1,70.8,66.7,61.7,56.6,55.7,56.2,50.2,44.2,36.8,28.5,29.2,29.1,29.6,30.1,31.1,32.1,33.2,34.2,35.1,36.2
12:21:03.600,100.1,72.1,94.9,81.4,85.0,90.8,91.0,86.5,87.8,86.6,78.7,88.6,90.8,88.7,85.1,77.7,82.8,73.6,73.4,68.0,66.8,62.5,57.4,55.9,57.0,51.8,46.9,37.0,29.2,28.9,29.3,30.1,30.4,31.0,32.1,33.3,34.1,35.0,36.2
12:21:04.600,99.7,72.5,94.6,88.4,93.2,92.4,91.3,88.3,89.4,85.8,80.5,84.8,88.8,88.3,84.0,77.1,81.6,72.2,74.8,72.3,68.0,65.5,59.3,57.2,56.2,51.6,47.0,38.5,29.5,28.8,29.2,29.8,30.1,31.4,32.5,33.4,34.4,35.2,36.2
12:21:05.600,100.5,72.7,95.2,84.2,91.9,94.4,89.1,90.3,90.2,88.2,81.9,86.9,90.9,89.2,84.7,79.3,83.0,75.0,75.8,71.9,66.7,63.9,57.7,55.2,54.9,49.5,46.1,37.3,29.6,31.5,30.6,29.8,30.7,31.3,32.1,33.2,34.1,35.2,36.1
12:21:06.600,100.7,70.5,94.5,91.3,90.1,87.5,90.8,91.9,90.8,85.5,79.3,86.8,89.8,85.1,82.0,77.1,79.8,70.3,70.6,67.0,62.9,57.6,54.8,52.7,53.4,48.8,43.3,36.3,29.6,28.7,29.0,30.0,30.8,31.4,32.3,33.4,34.3,35.3,36.2
12:21:07.600,102.3,70.7,94.9,89.7,93.3,97.3,96.0,92.6,91.9,87.5,77.9,86.9,88.7,88.2,81.0,77.4,78.1,72.7,74.3,69.0,63.3,59.0,54.3,52.1,53.7,49.0,43.5,35.2,28.8,28.3,28.6,29.9,30.4,31.4,32.6,33.2,34.1,35.0,36.2
12:21:08.600,99.0,70.9,94.0,80.8,83.3,90.9,89.9,87.8,89.8,84.8,79.5,84.4,88.3,86.8,81.7,77.7,81.1,72.1,72.0,67.9,62.3,60.3,54.3,52.3,52.4,48.9,41.9,36.1,29.3,28.8,29.3,29.8,30.7,31.5,32.3,33.1,34.2,35.1,36.2
12:21:09.600,98.7,69.3,93.4,85.9,86.4,86.9,91.3,92.6,89.2,84.9,79.6,83.8,89.2,89.4,82.2,77.3,80.0,70.4,70.8,67.2,63.1,59.0,54.0,52.0,52.3,47.1,43.0,35.6,28.7,28.8,29.5,29.8,30.6,31.4,32.0,33.2,34.1,35.2,36.2
12:21:10.600,97.4,68.7,92.3,83.5,86.8,89.8,88.0,87.8,81.1,79.7,75.0,82.3,88.3,86.6,81.2,76.7,77.7,69.4,68.6,66.3,60.0,54.1,51.3,50.4,53.1,47.8,42.2,35.1,28.6,28.5,28.8,29.6,30.6,31.3,32.4,33.3,34.2,35.0,36.2
12:21:11.600,98.4,67.6,92.3,88.4,86.7,88.1,87.9,86.4,87.6,80.5,78.0,83.0,89.0,86.3,79.7,75.2,77.0,68.5,67.2,62.8,58.8,54.1,49.9,53.2,52.0,49.4,43.6,34.8,29.8,29.1,29.4,30.0,30.5,31.5,32.2,33.1,34.1,35.1,36.2
12:21:12.600,96.6,68.6,91.9,81.1,82.1,86.5,89.3,86.5,84.6,80.2,82.1,81.9,88.0,87.0,82.1,76.2,79.7,69.2,67.3,64.0,59.4,55.5,50.7,52.9,53.1,49.3,43.1,34.2,28.9,28.4,29.8,30.0,30.6,31.4,32.3,33.1,34.2,35.1,36.1
12:21:13.600,97.6,67.0,90.9,87.9,86.4,86.3,88.3,90.0,88.2,79.2,77.2,83.0,85.6,84.6,81.3,74.0,76.7,69.7,67.0,62.3,58.7,54.0,51.2,52.9,54.5,48.3,41.1,33.6,29.1,28.4,28.9,29.9,30.7,31.4,32.2,33.2,34.1,35.1,36.2
12:21:14.600,97.0,66.7,90.6,87.8,86.6,86.7,88.8,84.8,83.8,79.7,79.8,82.8,83.9,85.1,79.3,74.9,77.6,67.6,66.3,62.0,57.4,50.4,50.5,54.1,56.7,51.7,43.5,35.4,29.4,28.1,29.1,30.0,30.4,31.4,32.1,33.0,34.1,35.1,36.2
12:21:15.600,97.7,65.6,90.4,84.5,85.1,89.6,91.4,88.5,86.8,77.7,78.2,82.5,83.4,84.0,79.4,73.0,74.0,66.6,65.2,60.4,57.0,52.3,51.3,53.4,55.0,53.1,46.7,37.2,31.3,28.5,29.3,30.2,30.8,31.4,32.2,33.3,34.2,35.2,36.1
12:21:16.600,95.7,65.9,89.9,82.0,83.6,84.7,88.1,88.2,80.6,81.0,78.1,82.5,87.2,83.6,78.8,70.9,74.8,65.6,64.1,61.3,57.3,52.5,50.3,54.4,56.6,55.2,50.4,41.5,33.5,28.9,29.4,30.2,30.8,31.8,32.5,33.6,34.3,35.4,36.2
12:21:17.600,96.3,66.3,90.4,85.9,86.4,87.3,87.5,85.9,84.2,80.0,77.7,82.1,88.3,83.3,77.8,74.4,74.3,67.5,64.1,60.1,56.7,51.1,51.9,54.7,55.7,54.8,50.2,42.0,31.7,29.0,29.8,30.8,30.7,31.5,32.3,33.2,34.2,35.0,36.2
12:21:18.600,95.6,65.9,89.7,83.7,84.7,87.1,87.9,88.2,83.5,82.4,77.6,81.1,84.6,83.8,78.0,71.5,74.6,66.7,63.8,59.2,53.7,50.4,51.6,57.2,55.3,52.7,49.5,38.8,30.1,28.8,29.3,29.6,30.6,31.3,33.5,33.1,34.4,35.4,36.3
12:21:19.600,94.4,65.7,89.5,82.2,81.5,81.0,83.9,86.4,85.2,79.5,76.3,83.5,84.3,81.8,76.5,71.7,73.6,66.0,63.6,59.6,55.3,50.4,51.8,56.4,55.8,52.5,47.5,38.0,30.0,28.6,29.5,30.6,30.9,31.4,32.3,33.4,34.4,35.2,36.3
12:21:20.600,96.0,64.9,88.4,85.3,88.4,88.7,85.5,86.9,83.1,73.2,76.5,79.7,84.4,81.4,79.5,72.0,74.0,66.4,64.2,61.4,55.3,50.7,52.5,56.6,55.1,52.1,45.4,37.6,29.4,29.2,29.6,29.7,30.7,31.5,32.2,33.1,34.1,35.4,36.3
12:21:21.600,94.0,64.1,87.7,82.6,84.1,78.6,80.7,85.6,84.2,78.8,77.8,80.6,83.5,82.1,77.0,71.0,72.0,65.0,62.9,58.4,55.2,50.1,52.2,56.6,54.0,50.6,46.3,40.5,31.0,29.0,29.5,30.3,30.6,31.6,32.4,33.1,34.2,35.2,36.2
12:21:22.600,92.9,62.8,86.2,85.6,82.7,81.7,80.8,81.7,84.9,81.0,71.2,78.8,81.7,78.9,71.8,71.0,70.9,64.0,62.5,58.7,53.7,48.6,49.3,55.3,55.2,49.5,44.7,41.1,31.0,29.1,29.8,29.9,30.6,31.6,32.4,33.3,34.2,35.2,36.3
12:21:23.600,94.3,64.5,87.6,83.1,85.1,82.9,83.2,83.9,83.3,77.2,74.9,80.7,82.4,83.4,76.8,72.4,74.1,65.8,65.2,60.8,54.6,49.5,50.3,55.0,55.0,48.9,43.9,39.0,29.9,29.0,29.5,29.8,31.4,31.5,32.5,33.1,34.2,35.2,36.2
12:21:24.600,92.6,62.6,86.5,76.9,79.3,79.9,81.0,85.0,84.1,78.5,74.5,77.9,78.7,80.0,74.5,69.5,70.1,63.2,60.5,56.3,53.4,47.3,50.9,56.2,52.9,47.5,43.8,34.9,29.5,28.6,29.1,30.1,30.6,31.5,32.1,33.2,34.2,35.0,36.1
12:21:25.600,92.2,61.3,85.4,81.5,83.2,82.9,83.8,85.4,78.8,77.0,74.6,77.9,79.3,78.3,71.3,69.9,69.5,61.6,58.0,54.4,50.4,46.8,50.3,55.6,51.6,46.7,42.4,37.0,30.1,29.5,29.2,29.9,30.5,31.5,32.6,33.4,34.2,35.2,36.2
12:21:26.600,93.1,61.7,86.2,79.5,79.6,84.3,83.7,84.1,79.7,79.5,74.7,77.0,78.5,81.8,73.3,69.8,69.9,62.9,58.0,52.7,49.7,46.0,48.6,55.6,52.2,45.9,42.1,36.8,30.0,29.1,29.2,29.9,30.5,31.6,32.4,33.2,34.2,35.1,36.1
12:21:27.600,92.6,60.6,85.6,75.1,76.7,82.9,85.3,85.1,80.5,77.5,76.7,77.6,81.3,79.5,72.6,67.7,70.3,61.1,57.4,53.6,50.5,46.2,48.0,53.5,51.3,45.8,42.9,34.2,29.4,28.9,30.2,30.2,31.0,31.4,32.2,33.2,34.1,35.2,36.2
12:21:28.600,92.7,60.6,85.4,71.6,77.9,83.7,87.1,82.7,82.2,74.4,72.9,75.8,80.9,79.2,71.9,66.4,68.2,60.9,56.5,53.8,49.2,45.4,47.4,53.8,51.9,46.8,41.9,33.9,29.2,28.5,29.4,30.0,30.5,31.4,32.4,33.3,34.2,35.3,36.3
12:21:29.600,92.7,60.4,84.3,82.6,80.1,80.1,77.2,81.9,83.2,75.6,77.0,78.2,78.6,75.8,70.7,68.8,67.6,59.5,55.3,53.2,49.9,45.8,46.7,54.1,54.2,49.5,44.5,34.3,29.8,28.7,29.2,29.8,30.6,31.5,32.3,33.4,34.1,35.2,36.2
12:21:30.600,91.8,61.3,84.1,80.1,82.2,84.1,82.2,78.7,80.5,72.4,73.3,74.9,80.5,76.3,70.1,66.6,67.2,59.7,55.2,51.8,48.0,46.3,49.1,55.2,55.8,52.8,47.1,36.9,29.7,28.2,29.6,30.9,31.3,31.3,33.1,33.4,34.3,35.2,36.2
12:21:31.600,91.1,61.0,83.8,78.6,75.6,79.0,82.8,87.0,82.0,79.7,74.4,74.8,77.3,77.4,71.5,64.8,63.3,56.6,52.8,51.1,47.4,47.5,49.6,54.9,55.5,53.0,47.5,40.5,31.2,28.5,29.0,29.7,30.4,31.4,32.3,33.2,34.2,35.2,36.2
12:21:32.600,90.1,62.1,83.8,82.7,80.5,77.1,82.3,82.5,82.4,79.2,74.8,75.2,78.5,74.4,71.6,66.7,64.9,58.2,54.5,52.1,48.0,48.4,48.2,54.4,56.6,55.7,48.1,42.6,32.8,29.0,29.0,29.8,30.9,31.4,32.4,33.3,34.4,35.2,36.2
12:21:33.600,89.9,61.5,83.4,76.6,78.5,80.1,79.2,80.0,78.2,71.0,73.4,79.0,77.6,76.2,69.5,64.5,63.0,56.8,53.9,50.1,48.6,49.0,49.0,54.1,55.4,54.5,48.5,44.1,34.4,28.4,29.1,29.6,30.2,30.9,32.1,33.3,34.2,35.2,36.3
12:21:34.600,90.5,60.9,83.0,83.3,84.4,78.9,78.0,77.8,76.7,76.2,74.8,76.3,77.3,74.0,69.4,65.6,65.2,58.7,56.1,50.9,48.0,49.4,48.9,55.9,53.9,51.6,47.8,40.8,31.2,28.3,29.0,29.7,30.7,31.4,32.1,33.1,34.2,35.0,36.3
12:21:35.600,90.1,60.1,82.7,77.1,78.8,85.5,82.4,77.8,81.9,77.1,72.3,75.8,76.3,75.3,68.2,64.7,64.1,58.5,56.7,49.8,48.5,47.1,46.2,56.7,52.8,50.5,47.0,38.2,29.8,28.5,28.8,29.9,30.7,31.3,32.3,33.4,34.3,35.1,36.1
12:21:36.600,90.4,59.8,83.6,76.5,76.7,82.4,85.2,82.2,79.0,75.7,74.6,79.0,78.1,74.7,72.2,65.2,65.8,59.2,56.6,49.7,47.0,46.3,46.8,55.0,52.5,48.0,44.2,37.1,29.5,28.4,29.1,29.5,30.5,31.5,32.3,33.3,34.1,35.2,36.2
12:21:37.600,89.6,59.3,83.5,76.0,73.1,80.0,81.7,79.1,75.4,76.9,75.3,77.3,80.1,75.5,71.3,66.1,66.7,57.8,53.9,48.8,47.3,46.4,47.0,51.8,50.3,49.6,43.7,34.6,29.1,28.7,29.0,30.0,30.4,31.2,32.2,33.0,34.1,35.1,36.1
12:21:38.600,90.2,58.3,83.8,72.8,75.4,80.8,86.4,83.1,80.0,74.1,74.2,77.7,78.5,76.2,71.1,64.9,65.3,57.4,53.6,48.9,47.1,46.1,46.3,48.7,49.0,50.2,41.5,34.2,28.9,28.2,28.8,29.7,30.7,31.5,32.2,33.1,34.1,35.3,36.1
12:21:39.600,88.8,57.5,81.7,78.9,83.4,81.6,78.6,79.0,72.1,71.0,71.5,77.0,77.2,74.8,71.9,64.6,63.7,56.9,53.2,48.8,47.0,46.9,46.8,47.4,48.5,47.7,40.3,35.1,28.9,28.2,29.0,29.5,30.4,31.3,32.4,33.3,34.4,35.3,36.2
12:21:40.600,89.1,56.3,81.2,82.7,83.3,77.4,73.0,81.4,78.2,74.0,71.6,74.0,76.3,74.1,67.2,62.2,59.5,56.1,51.6,47.8,45.7,47.5,46.1,48.7,47.7,46.9,40.0,33.9,29.1,28.9,29.1,29.7,30.5,31.4,32.4,33.2,34.3,35.1,36.1
12:21:41.600,87.9,56.5,79.3,81.6,81.9,79.6,77.2,73.8,75.2,71.8,73.5,71.4,73.0,71.0,68.7,63.9,61.2,55.2,51.7,46.4,45.7,46.9,47.1,50.5,48.9,47.7,41.4,33.9,29.1,28.5,29.1,29.9,30.8,31.6,32.5,33.6,34.3,35.3,36.3
12:21:42.600,88.9,56.6,80.3,80.0,78.5,81.7,82.0,79.6,73.7,74.0,74.2,72.9,73.1,73.7,68.5,62.2,61.3,54.7,52.8,48.3,45.4,47.0,47.4,50.1,47.8,47.0,42.3,33.7,29.2,28.5,29.1,29.7,30.5,31.4,32.4,33.1,34.2,35.2,36.2
12:21:43.600,88.0,64.0,81.3,78.0,76.3,79.4,79.8,72.1,77.0,72.9,71.5,74.5,74.6,72.9,68.3,61.9,59.9,56.1,54.2,48.2,52.9,60.5,51.9,53.8,50.4,48.4,45.2,43.7,40.0,37.0,36.0,30.4,31.2,31.6,33.0,34.1,34.3,35.3,36.2
12:21:44.600,87.7,59.0,80.6,74.0,78.4,75.6,81.8,83.4,77.8,73.2,72.7,72.2,74.4,74.9,67.1,63.7,63.6,55.7,53.8,49.6,50.3,51.7,53.2,52.6,50.1,47.6,43.3,50.8,46.2,40.4,38.9,31.4,31.9,32.0,33.2,34.3,34.4,35.2,36.3
12:21:45.600,87.3,57.2,80.2,69.2,74.8,78.3,77.9,81.1,79.2,72.8,72.1,72.1,71.8,73.8,68.3,64.7,63.2,56.3,52.3,46.5,45.5,49.0,48.2,47.3,50.0,47.5,43.2,35.7,29.9,28.7,29.4,30.3,30.7,31.5,32.3,33.4,34.3,35.2,36.2
12:21:46.600,87.8,58.4,80.2,75.5,79.1,78.7,75.4,76.8,75.0,73.1,69.2,74.1,76.5,71.3,68.0,63.4,63.8,55.5,52.0,48.0,46.9,49.1,50.3,50.0,52.2,50.3,43.1,35.4,29.2,28.6,30.0,29.6,30.8,31.3,32.3,33.2,34.1,35.3,36.2
12:21:47.600,86.5,58.6,79.5,76.0,74.0,75.2,79.8,81.8,76.3,70.1,70.7,73.6,71.7,71.5,65.6,63.5,60.1,55.1,51.1,47.4,46.3,49.8,51.0,54.5,52.2,51.0,44.3,35.1,29.4,28.4,29.2,29.7,30.6,31.3,32.2,33.5,34.2,35.1,36.1
12:21:48.600,87.7,58.9,79.8,71.2,72.7,80.2,81.4,80.4,73.9,69.5,72.7,71.4,73.7,71.0,67.6,62.2,59.6,52.2,48.8,46.6,45.2,48.8,51.6,55.2,51.1,50.9,44.9,37.6,30.1,28.4,29.1,29.6,30.5,31.4,32.3,33.2,34.2,35.1,36.3
12:21:49.600,86.4,58.9,79.0,72.1,78.7,76.2,75.8,80.4,77.1,73.1,71.9,72.2,72.5,72.4,66.6,61.6,58.1,53.8,49.8,46.5,46.6,49.3,52.0,55.2,51.3,52.2,44.4,38.2,29.8,28.4,28.9,29.7,30.6,31.2,32.4,33.2,34.2,35.2,36.2
12:21:50.600,85.6,59.4,78.8,77.0,75.4,74.6,73.3,71.9,75.7,71.8,71.7,71.9,73.8,70.4,69.3,59.6,59.3,52.3,50.6,46.8,44.3,48.5,52.7,55.8,51.4,50.4,43.9,38.5,30.7,29.7,31.9,35.3,32.4,33.0,34.4,33.9,34.2,35.2,36.3
12:21:51.600,85.9,63.5,79.1,70.6,70.6,76.4,76.4,75.9,75.1,71.8,71.0,71.2,74.0,71.3,67.3,60.1,59.4,56.8,51.3,45.6,50.8,49.5,53.8,55.8,53.7,49.7,53.2,55.0,48.6,52.4,45.8,36.6,41.5,38.2,37.6,35.1,34.8,35.2,36.3
12:21:52.600,86.7,62.5,79.6,80.1,79.3,75.1,75.9,75.6,73.2,69.5,71.8,74.2,76.2,74.3,69.0,63.1,60.2,52.5,50.9,47.8,46.1,54.1,56.5,59.3,58.0,52.3,55.4,46.6,42.2,43.7,42.9,31.7,32.3,31.8,33.0,33.8,34.4,35.3,36.5
12:21:53.600,86.2,57.9,79.1,71.9,72.7,78.5,77.7,72.2,72.9,74.9,70.6,71.3,75.7,73.4,67.0,62.9,59.4,53.0,48.4,46.3,43.1,46.1,52.0,52.0,51.5,48.5,45.4,36.2,29.3,28.7,29.4,30.0,30.4,31.1,32.4,33.3,34.1,35.2,36.3
12:21:54.600,87.9,58.2,80.5,73.1,73.8,77.3,75.0,81.0,77.1,70.6,71.5,74.7,75.5,75.0,66.5,60.5,62.3,53.4,51.8,45.5,43.6,44.3,50.1,52.8,52.7,48.6,45.1,34.5,28.8,28.5,28.8,29.4,30.3,31.1,32.2,33.3,34.2,35.2,36.3
12:21:55.600,86.0,58.7,80.7,72.4,77.0,76.2,75.7,75.0,75.2,72.3,68.8,71.1,75.3,75.1,68.2,62.1,60.5,54.2,49.8,49.5,45.5,44.8,50.6,54.4,52.6,49.5,43.6,35.3,29.3,28.7,29.1,29.8,30.4,31.3,32.3,33.2,34.1,35.1,36.2
12:21:56.600,86.4,58.5,80.7,72.0,69.2,71.4,74.9,75.1,75.5,74.6,71.1,75.5,73.8,74.4,69.1,64.3,63.4,56.0,53.3,47.4,42.8,44.4,49.0,53.2,53.2,48.4,43.6,35.5,29.6,28.7,28.8,29.7,30.6,31.3,32.4,33.1,34.2,35.2,36.3
12:21:57.600,88.2,58.3,80.8,77.2,77.9,79.7,79.6,78.7,80.0,72.8,73.1,71.0,74.8,73.4,70.5,62.7,66.2,55.9,54.3,48.8,42.7,45.6,47.6,52.5,51.7,48.5,43.7,37.6,29.7,28.6,28.7,29.7,30.6,31.2,32.3,33.3,34.3,35.0,36.2
12:21:58.600,88.4,58.0,80.4,80.3,80.6,80.1,76.4,81.5,75.4,72.4,64.7,75.3,75.0,70.8,65.3,63.8,64.4,54.4,51.2,45.8,43.6,45.5,48.0,52.5,51.8,48.5,44.8,39.8,29.8,28.4,29.2,29.9,30.7,31.5,32.3,33.3,34.0,35.3,36.2
12:21:59.600,85.7,58.6,80.0,72.6,76.1,75.4,75.8,72.9,74.4,70.8,71.0,74.0,75.9,73.7,65.7,61.0,61.7,54.8,51.5,50.9,42.9,46.6,49.3,52.9,52.6,50.1,46.3,39.5,30.8,28.9,29.1,29.3,30.4,31.4,32.3,33.3,34.1,35.1,36.3
12:22:00.600,86.9,59.4,80.1,76.7,74.6,77.9,77.1,77.5,72.8,68.6,73.1,73.2,77.3,72.0,67.9,60.8,60.7,54.0,51.0,48.9,45.4,46.4,51.7,53.0,53.6,50.3,47.5,40.0,30.8,28.6,28.8,29.8,30.5,31.4,32.3,33.2,34.3,35.0,36.3
12:22:01.600,85.4,60.5,79.4,75.8,78.0,76.6,77.2,72.7,72.0,74.3,72.1,72.0,72.4,74.7,68.9,58.7,60.1,52.2,47.9,44.6,43.3,47.5,53.2,54.0,56.0,52.8,48.5,41.1,31.2,28.0,28.8,29.8,30.3,31.3,32.3,33.5,34.2,35.1,36.3
12:22:02.600,84.7,60.8,79.7,75.3,74.2,73.1,74.1,70.9,70.1,72.0,72.4,74.5,75.2,73.5,69.0,62.9,62.3,53.7,51.1,49.3,41.9,46.2,53.6,56.0,55.9,53.0,46.7,39.5,30.4,28.2,29.4,29.8,30.6,31.5,32.5,33.2,34.2,35.1,36.3
12:22:03.600,85.9,60.3,80.3,69.1,75.6,78.7,77.9,73.4,76.5,72.6,70.6,72.9,73.6,73.2,69.9,60.6,61.4,54.9,49.6,42.9,43.1,44.5,52.4,56.8,54.3,52.3,45.1,36.6,29.7,28.4,29.3,29.6,30.5,31.3,32.2,33.2,34.3,35.2,36.2
12:22:04.600,84.8,58.5,79.0,73.2,74.5,73.7,77.3,74.4,72.5,71.6,73.8,71.0,73.3,72.1,66.9,59.9,59.4,51.8,48.7,43.9,40.2,43.1,51.1,54.5,53.7,47.4,43.1,37.0,30.0,28.3,29.1,29.6,30.6,31.1,32.0,33.2,34.4,35.1,36.2
12:22:05.600,84.8,56.8,78.1,72.9,78.0,80.1,77.3,74.2,69.1,71.4,72.3,71.1,72.1,70.1,67.5,58.5,59.1,51.8,48.3,47.0,42.8,43.6,50.8,52.1,51.1,46.7,41.9,35.5,29.4,28.6,28.8,29.9,30.6,31.3,32.4,33.2,34.1,35.0,36.2
12:22:06.600,84.1,55.6,77.2,70.5,71.6,76.9,73.7,74.9,73.1,69.9,65.2,73.0,71.4,71.8,67.3,59.0,59.4,51.1,45.5,43.2,42.8,43.6,49.4,50.6,48.1,44.7,41.3,34.6,29.1,28.0,29.2,29.6,30.5,31.2,32.2,33.3,34.2,35.1,36.2
12:22:07.600,83.3,55.8,77.6,66.7,70.7,72.0,73.4,74.6,75.1,73.2,71.9,73.0,67.9,71.2,67.0,61.0,57.8,52.4,48.2,50.3,44.9,44.5,50.0,51.5,47.5,43.6,40.7,34.8,29.0,28.7,29.1,29.6,30.2,31.2,32.5,33.1,34.3,35.2,36.2
12:22:08.600,85.4,56.4,77.7,72.5,75.8,77.5,78.3,74.6,68.7,68.2,72.9,73.1,70.1,68.6,65.0,59.8,58.8,50.6,48.0,46.3,43.8,45.4,49.5,53.3,50.1,44.9,40.8,34.8,28.6,28.3,28.7,29.7,30.5,31.6,32.4,33.2,34.1,35.1,36.1
12:22:09.600,84.8,56.8,77.3,72.3,72.2,73.5,76.3,76.4,73.4,69.5,72.3,72.2,67.0,68.6,67.3,58.4,58.2,51.4,48.5,43.7,43.8,45.0,50.0,53.7,50.9,47.0,41.0,34.1,28.8,28.3,29.1,29.8,30.5,31.3,32.3,33.3,34.1,35.1,36.1
12:22:10.600,83.5,56.7,76.7,73.0,72.1,75.9,73.4,69.2,74.3,72.1,70.8,71.1,71.0,66.7,66.2,59.7,57.6,49.4,47.4,41.9,43.3,45.7,50.5,53.3,49.5,47.6,43.7,33.5,29.5,28.5,29.2,29.9,30.4,31.4,32.4,33.4,34.2,35.1,36.2
12:22:11.600,84.4,56.5,77.2,76.7,75.9,74.0,75.2,75.6,74.7,71.1,71.1,69.4,71.2,70.1,65.3,59.0,61.1,50.1,47.0,45.5,41.6,43.6,51.7,51.8,48.5,47.4,43.8,35.1,29.7,28.5,29.1,29.9,30.4,31.2,32.4,33.4,34.3,35.2,36.2
12:22:12.600,83.2,56.2,77.1,65.2,68.0,71.0,73.4,72.2,73.6,73.5,71.7,71.0,70.4,69.9,65.6,58.0,56.2,50.8,49.6,43.6,41.7,43.4,50.9,50.2,49.2,47.3,42.7,37.2,29.5,28.7,29.3,29.8,30.4,31.3,32.3,33.3,34.2,35.1,36.2
12:22:13.600,84.3,56.2,77.9,67.6,70.9,74.8,77.1,78.1,70.7,71.2,71.0,71.9,72.2,68.1,64.5,59.2,58.8,51.5,49.7,43.8,42.7,43.4,51.0,50.0,48.7,47.2,45.6,35.5,29.0,28.4,28.9,29.4,30.2,31.4,32.2,33.3,34.0,35.2,36.2
12:22:14.600,84.5,56.2,77.5,69.4,73.7,75.9,75.2,74.5,72.9,72.5,69.2,70.2,71.1,69.5,66.1,59.1,57.5,51.6,49.5,46.0,43.2,44.0,50.1,51.1,48.2,47.6,45.5,34.2,30.2,40.5,37.6,30.2,30.7,31.5,32.4,33.2,34.4,35.2,36.2
12:22:15.600,85.2,56.5,78.4,69.7,75.6,77.7,76.7,74.1,71.9,71.7,73.4,71.1,74.4,70.7,68.7,59.9,58.0,50.9,47.6,43.7,44.7,45.6,48.4,51.9,49.0,46.7,44.7,34.6,30.2,29.5,29.8,30.1,30.8,31.4,32.5,33.3,34.2,35.2,36.3
12:22:16.600,83.7,56.4,77.3,73.9,75.2,73.8,74.6,74.1,76.1,70.8,71.3,71.0,70.5,69.8,65.7,60.0,58.9,52.7,49.5,46.4,46.5,47.5,48.6,53.8,46.7,44.1,43.9,34.8,29.7,28.9,28.8,29.6,30.5,31.4,32.3,33.5,34.1,35.3,36.3
12:22:17.600,85.4,57.1,78.4,70.7,74.0,73.8,73.2,75.3,69.6,71.9,70.2,72.0,72.4,74.5,64.3,59.2,60.8,54.1,49.2,45.8,46.1,48.7,48.6,53.4,48.9,45.1,41.7,36.6,29.9,28.2,28.7,29.7,30.8,31.4,32.3,33.3,34.1,35.1,36.3
12:22:18.600,85.0,56.8,78.5,74.1,75.1,74.7,77.5,74.9,71.7,75.2,73.5,73.8,68.9,68.0,66.3,57.7,59.1,52.6,49.4,46.5,47.2,49.4,50.5,52.9,49.0,46.5,40.5,35.8,30.6,28.1,29.1,29.9,30.7,31.1,32.2,33.3,34.1,35.1,36.2
12:22:19.600,86.9,56.3,78.3,74.0,76.6,78.4,79.7,81.1,76.9,71.5,70.1,69.4,68.3,69.4,65.8,60.7,63.1,53.8,48.4,46.0,46.7,51.2,51.0,49.5,49.8,44.8,40.8,36.8,30.3,28.8,29.3,29.7,30.4,31.4,32.3,33.3,34.2,35.1,36.2
12:22:20.600,83.9,58.1,77.3,69.3,71.8,73.6,72.3,74.7,74.8,70.6,66.0,69.7,68.9,70.3,64.8,57.8,57.3,52.7,47.9,43.8,46.1,50.5,52.2,52.4,53.1,50.6,43.4,38.6,31.4,28.9,29.1,30.1,30.9,31.2,32.2,33.0,34.1,35.4,36.4
12:22:21.600,84.5,59.5,78.3,71.7,76.6,77.7,73.0,73.9,73.9,74.4,73.1,72.4,73.3,72.9,67.4,56.8,55.8,50.0,48.3,43.9,44.8,50.4,53.6,53.2,55.9,51.5,45.6,36.5,31.0,29.3,29.3,29.9,30.1,31.4,32.3,33.2,34.2,35.2,36.2
12:22:22.600,84.5,59.8,76.8,71.7,74.8,75.1,74.3,72.5,70.5,65.7,71.2,68.5,69.6,68.8,66.5,56.5,55.3,49.1,47.3,44.5,45.8,48.9,54.3,53.8,56.5,52.4,46.0,39.7,30.6,28.1,29.0,29.7,30.3,31.4,32.4,33.1,34.3,35.2,36.3
12:22:23.600,83.3,59.5,77.5,66.5,69.9,71.0,74.2,72.0,70.6,68.2,71.6,73.4,71.5,69.3,65.0,59.2,56.6,50.0,48.9,45.1,45.9,48.0,52.8,52.8,55.6,52.6,47.6,39.8,30.7,28.6,28.9,29.9,30.7,31.5,32.3,33.2,34.1,35.1,36.3
12:22:24.600,83.5,59.2,77.6,72.9,72.8,74.2,75.2,77.1,73.4,73.5,70.5,69.9,72.8,69.4,63.5,59.1,61.6,57.0,51.1,47.1,46.5,47.4,52.7,52.4,54.3,51.2,49.0,40.2,30.2,28.5,29.1,29.6,30.6,31.3,32.1,33.4,34.4,35.3,36.3
12:22:25.600,85.4,60.1,77.6,67.9,72.2,77.4,73.5,74.0,76.0,69.8,69.7,71.0,69.5,71.8,68.7,60.7,62.0,55.5,50.1,45.3,48.3,47.9,52.2,52.4,54.5,53.1,52.2,41.4,30.6,28.4,29.3,29.2,30.4,31.3,32.2,33.2,34.2,35.1,36.2
12:22:26.600,84.4,59.9,76.8,75.2,76.6,75.5,77.5,74.5,73.1,68.8,72.7,71.8,68.9,68.8,65.6,60.3,58.4,50.7,48.8,43.9,45.0,47.0,52.1,54.0,53.6,53.2,51.7,41.6,32.3,28.7,29.1,29.7,30.5,31.6,32.3,33.4,34.4,35.3,36.2
12:22:27.600,83.9,59.6,75.4,75.8,79.0,77.4,72.5,67.6,70.0,67.6,68.7,70.5,66.8,65.0,64.4,57.3,59.4,54.4,47.2,45.5,43.9,45.1,51.8,52.9,54.8,53.0,50.2,40.5,31.8,28.7,28.7,29.9,30.4,31.4,32.4,33.2,34.2,35.2,36.3
12:22:28.600,83.7,58.9,77.0,73.1,72.8,74.0,76.1,74.1,74.8,68.4,70.5,72.0,71.1,67.6,64.4,57.8,57.8,53.7,48.4,45.3,42.5,45.7,50.9,52.4,54.2,53.5,46.7,39.2,30.2,28.5,29.1,29.8,30.7,31.6,32.3,33.3,34.2,35.3,36.3
12:22:29.600,83.7,57.7,76.6,69.4,75.3,78.4,76.1,72.2,70.5,71.8,69.9,70.9,70.1,69.3,64.7,56.2,59.1,53.9,47.5,43.6,41.7,45.8,51.8,50.7,51.1,51.2,44.3,38.2,30.1,28.5,28.9,29.6,30.5,31.1,32.2,33.2,34.2,35.1,36.1
12:22:30.600,83.3,55.8,76.5,70.7,76.7,72.9,67.6,67.7,73.5,73.6,67.4,71.3,68.6,68.1,65.0,57.2,58.3,50.3,48.8,45.0,41.5,44.7,51.2,50.7,47.8,46.7,44.5,36.1,30.8,28.2,28.9,29.8,30.6,31.4,32.1,33.2,34.1,35.4,36.1
12:22:31.600,82.0,55.0,76.0,65.6,69.9,71.3,70.7,67.0,70.5,69.0,72.3,70.4,67.8,69.6,62.8,58.2,54.3,50.3,48.9,45.7,42.3,42.8,48.5,48.5,49.3,45.3,42.6,37.3,30.5,28.8,29.5,29.7,30.6,31.4,32.2,33.2,34.2,35.0,36.1
12:22:32.600,84.0,56.0,76.8,73.1,72.9,71.3,69.6,72.1,74.8,72.7,69.8,70.5,68.8,67.4,61.2,60.4,54.4,47.9,47.6,47.3,45.4,43.5,46.6,50.5,50.9,47.2,45.0,39.4,31.4,28.5,28.9,29.6,30.3,31.2,32.4,33.1,34.0,35.2,36.2
12:22:33.600,81.6,56.4,75.8,68.6,67.1,67.3,66.8,68.5,69.2,70.7,70.1,71.5,70.1,68.7,62.3,55.3,55.6,50.2,47.3,43.7,42.8,44.1,45.4,52.6,51.4,46.7,44.9,39.6,31.5,28.5,29.0,29.9,31.3,31.5,32.2,33.1,34.2,35.2,36.2
12:22:34.600,82.8,57.0,76.0,72.1,69.0,63.5,69.5,74.9,70.9,71.9,68.1,65.1,69.7,68.5,64.4,55.2,53.6,51.7,49.0,43.9,41.9,43.4,48.1,53.0,51.3,49.3,45.3,39.6,31.2,29.8,29.3,29.9,30.8,31.4,32.4,33.4,34.3,35.1,36.3
12:22:35.600,82.3,57.4,75.3,64.1,73.1,76.8,74.0,72.1,71.9,67.3,67.9,65.5,69.2,67.7,62.1,55.4,52.1,53.1,49.3,43.7,42.0,41.9,47.3,53.7,52.5,50.7,45.6,37.4,30.4,28.9,28.9,29.9,30.7,31.3,32.4,33.1,34.3,35.2,36.2
12:22:36.600,84.1,57.0,76.8,66.2,72.6,74.7,72.1,76.3,77.9,73.3,71.6,68.2,66.9,68.6,62.0,54.8,54.0,51.5,47.7,46.8,44.0,44.0,49.9,51.5,51.9,50.2,45.9,37.1,30.2,28.5,29.2,29.7,30.6,31.5,32.3,33.1,34.4,35.2,36.3
12:22:37.600,82.9,56.4,76.3,71.6,73.1,74.1,72.1,71.2,73.8,75.0,71.6,66.8,67.3,67.1,63.5,56.9,50.3,49.0,46.4,43.5,42.5,44.3,49.1,50.0,51.5,49.6,45.5,37.4,29.3,28.4,28.8,29.7,30.7,31.4,32.2,33.2,34.1,35.3,36.2
12:22:38.600,82.7,56.2,76.6,66.7,66.2,67.2,67.8,75.1,74.5,72.3,69.8,70.3,70.5,68.1,62.7,55.1,53.9,48.7,45.2,41.3,45.1,46.4,48.3,49.6,50.6,49.0,45.2,38.5,29.8,28.6,29.2,30.2,31.1,31.6,32.4,33.2,34.2,35.3,36.3
12:22:39.600,84.0,55.8,77.5,71.8,72.6,72.3,73.9,77.2,72.9,71.7,70.8,70.2,72.3,71.3,66.3,55.9,54.1,48.9,49.4,45.4,44.8,46.6,47.5,47.5,49.3,48.0,45.1,37.9,30.5,30.5,30.9,32.9,34.7,35.5,35.0,34.1,34.7,35.4,36.4
12:22:40.600,83.6,57.5,78.2,71.5,73.1,72.5,71.9,74.7,73.6,68.2,65.8,68.9,70.4,74.7,65.9,56.1,57.5,50.0,46.9,44.5,46.2,48.2,50.2,49.0,51.7,50.2,44.4,36.9,30.1,28.6,29.5,30.2,31.4,31.9,32.6,33.5,34.2,35.2,36.3
12:22:41.600,83.3,57.9,77.6,67.4,68.4,68.9,71.0,73.6,72.6,75.3,70.3,70.0,70.9,70.1,67.3,58.8,57.2,51.1,45.4,43.8,45.3,48.8,49.7,49.4,52.3,52.1,46.1,38.6,30.6,28.6,29.2,29.5,30.4,31.4,32.5,33.3,34.2,35.2,36.1
12:22:42.600,85.4,58.3,76.8,75.8,76.1,71.4,74.0,69.6,71.8,73.3,72.1,69.1,70.2,71.5,67.4,57.4,58.7,52.8,51.2,47.1,45.5,48.3,51.3,50.4,52.7,51.8,47.3,38.6,31.1,28.9,29.2,29.9,30.8,31.8,32.5,33.5,34.3,35.1,36.3
12:22:43.600,82.5,58.3,75.6,72.8,73.2,70.3,73.9,73.5,70.5,71.3,71.0,68.5,68.6,66.9,63.9,58.2,58.1,53.5,47.0,44.6,44.8,49.5,51.7,53.1,52.1,51.8,48.6,39.9,30.3,29.1,28.9,29.6,30.5,31.5,32.5,33.1,34.1,35.1,36.4
12:22:44.600,82.7,57.3,75.7,65.4,71.0,75.5,71.5,68.2,75.0,73.0,70.4,68.8,64.0,67.4,63.4,58.1,52.2,50.2,47.5,47.7,46.7,48.2,49.8,51.7,52.2,49.7,45.4,39.8,32.0,28.9,29.4,30.3,30.9,31.5,32.5,33.4,34.2,35.3,36.4
12:22:45.600,85.2,56.6,76.9,67.9,79.1,80.6,74.8,76.8,76.0,72.3,67.7,69.6,68.6,66.5,61.8,54.3,49.5,47.3,45.9,46.7,45.8,49.2,49.6,50.7,51.7,46.8,44.6,39.4,30.1,28.8,29.2,29.5,30.8,31.6,32.5,33.5,34.3,35.2,36.3
12:22:46.600,84.2,56.4,76.2,72.7,77.6,77.3,72.5,74.2,72.3,72.6,68.6,69.4,71.1,67.5,64.3,55.0,52.3,48.6,47.2,49.9,46.2,48.4,49.7,49.7,52.8,46.0,43.0,37.4,30.7,29.0,29.5,30.0,30.7,31.7,32.4,33.4,34.4,35.3,36.3
12:22:47.600,83.9,56.0,76.5,72.1,70.8,71.9,74.5,75.4,74.5,73.2,69.8,66.8,68.4,66.6,62.4,55.5,53.8,50.2,49.9,44.7,50.5,51.5,50.5,50.0,50.2,45.0,43.2,37.6,35.6,34.3,34.1,34.9,35.2,34.1,34.5,34.9,35.6,36.0,36.4
12:22:48.600,82.6,55.5,76.8,69.6,69.6,68.0,71.8,69.8,67.7,69.0,68.1,70.4,71.7,71.1,61.9,53.9,54.0,49.4,45.4,44.8,42.7,46.8,49.4,50.5,48.6,47.0,42.3,35.9,30.2,29.8,30.6,31.5,32.5,32.2,32.8,33.5,34.3,35.3,36.4
12:22:49.600,83.7,55.8,77.7,69.7,73.3,73.6,74.1,76.0,75.5,71.5,65.1,67.9,71.0,72.0,69.6,57.5,55.1,53.7,48.3,48.3,43.3,44.7,48.0,49.7,48.4,47.0,42.9,35.5,30.0,29.2,29.0,30.3,31.3,31.9,32.6,33.3,34.4,35.2,36.3
12:22:50.600,83.5,55.3,75.7,74.7,70.2,72.1,71.7,71.8,72.9,71.1,68.8,66.0,71.0,68.9,66.3,58.0,57.7,53.6,47.4,42.7,40.7,43.5,47.8,49.0,48.4,48.3,43.1,35.2,30.9,31.2,32.0,33.2,33.7,33.5,32.9,33.9,34.6,35.5,36.3
12:22:51.600,84.1,56.5,78.1,68.6,70.8,72.0,75.6,76.9,77.9,75.1,69.9,68.9,72.0,72.3,67.1,57.7,56.4,53.7,47.6,41.8,40.8,44.0,47.7,50.1,50.5,49.3,45.0,36.5,29.3,29.1,29.4,30.1,30.9,31.7,32.4,33.4,34.1,35.2,36.1
12:22:52.600,84.4,56.5,77.4,73.6,76.2,74.2,75.7,75.0,72.7,71.6,71.3,70.4,70.9,69.2,66.9,56.6,53.0,49.9,46.3,53.9,44.4,48.4,50.7,48.0,49.6,48.0,45.4,39.3,30.5,29.4,29.8,30.7,30.9,31.6,32.4,33.4,34.2,35.3,36.2
12:22:53.600,82.9,55.3,76.2,72.0,69.4,71.0,74.6,75.6,74.1,71.0,68.3,67.1,68.6,71.8,65.0,56.2,55.0,48.7,48.0,49.2,45.8,48.6,50.3,47.7,46.3,46.7,44.7,37.2,31.4,30.8,30.4,31.1,32.1,32.0,32.9,33.4,34.3,35.2,36.3
12:22:54.600,83.5,55.3,76.4,71.8,72.1,70.1,68.5,72.9,71.0,73.2,69.7,68.1,68.4,70.5,66.7,60.1,57.1,51.4,46.7,50.8,42.0,43.7,49.4,50.4,47.2,47.0,42.1,35.3,30.0,28.7,28.9,30.2,30.4,31.4,32.3,33.3,34.2,35.3,36.3
12:22:55.600,83.0,56.4,75.7,75.3,74.6,73.2,73.1,73.3,66.9,71.4,67.7,64.6,68.8,71.8,67.0,58.2,56.7,54.4,47.3,44.4,42.1,43.5,49.3,51.8,48.9,49.2,42.0,36.8,30.2,28.5,29.3,30.0,30.7,31.6,32.6,33.3,34.4,35.1,36.3
12:22:56.600,83.5,57.5,76.0,74.0,73.2,71.5,70.2,72.7,69.9,67.9,67.7,68.8,67.5,71.7,64.7,57.5,57.0,52.5,46.9,45.9,46.9,45.8,50.3,52.9,51.9,50.2,43.3,38.4,30.7,30.0,29.6,29.9,30.5,31.5,32.2,33.0,34.2,35.2,36.2
12:22:57.600,84.1,57.9,77.6,72.2,74.8,73.5,75.7,73.7,70.9,69.6,69.4,66.9,72.1,72.1,69.4,56.7,58.1,56.4,47.5,48.1,45.5,43.2,48.5,52.0,52.3,49.6,42.8,37.7,32.2,29.8,30.9,30.7,30.6,31.3,32.1,33.2,34.2,35.2,36.1
12:22:58.600,84.4,57.3,76.0,74.3,73.8,75.9,76.0,73.2,71.9,70.7,68.4,64.5,66.4,70.2,64.8,57.0,56.8,49.7,47.9,48.3,46.7,45.6,50.1,52.0,52.0,49.1,45.0,36.9,30.4,30.0,29.8,29.8,30.7,32.0,32.8,33.4,34.3,35.3,36.2
12:22:59.600,81.9,56.7,75.3,70.0,69.3,72.4,74.3,70.2,67.0,71.5,70.5,67.3,68.8,68.1,61.7,57.4,54.3,51.2,47.7,45.2,44.9,47.2,50.8,51.3,51.8,47.9,42.2,36.5,30.3,28.7,29.3,29.9,30.6,31.4,32.3,33.2,34.2,35.3,36.3
12:23:00.600,83.0,56.8,75.4,68.7,74.1,75.5,70.2,74.6,71.4,70.3,68.0,67.7,68.7,67.1,66.1,56.4,55.7,50.4,46.0,45.8,42.7,47.1,52.4,51.1,50.9,48.5,43.6,37.8,30.4,28.4,28.9,29.6,30.6,31.4,32.4,33.2,34.2,35.2,36.2
12:23:01.600,82.9,57.0,75.4,71.5,72.6,73.5,73.3,75.9,70.3,70.0,70.6,70.1,67.8,67.0,66.0,55.6,53.7,51.3,45.5,46.5,43.7,48.5,52.7,52.6,50.4,47.8,41.7,37.0,30.0,28.8,29.6,29.6,30.5,31.2,31.9,33.1,34.1,35.2,36.4
12:23:02.600,82.9,57.3,75.8,67.7,70.7,71.0,74.7,74.4,72.2,73.5,69.7,68.1,67.4,67.9,65.3,58.3,55.5,52.3,48.5,48.9,45.8,47.7,53.0,52.7,52.0,48.2,42.9,37.0,29.7,28.8,29.1,30.0,30.5,31.4,32.3,33.3,34.3,34.9,36.3
12:23:03.600,82.5,57.5,75.0,70.1,71.5,76.6,75.1,69.1,71.4,69.3,66.0,66.2,68.4,64.6,64.8,55.8,53.5,52.0,48.3,45.2,44.0,46.9,52.0,52.1,52.8,49.7,44.5,38.2,30.2,28.4,29.2,29.7,30.6,31.3,32.4,33.1,34.1,35.2,36.3
12:23:04.600,81.6,57.9,73.8,73.5,72.7,73.3,70.9,69.6,69.4,69.1,69.8,68.2,65.7,63.8,63.0,54.7,51.9,51.2,45.3,48.1,44.2,49.1,50.0,52.7,53.7,50.1,46.7,37.9,30.6,29.1,28.7,29.8,30.4,31.5,32.4,33.4,34.1,35.2,36.2
12:23:05.600,81.9,58.8,74.8,68.6,69.1,75.8,75.1,73.3,68.6,70.5,69.2,67.9,65.1,69.2,60.9,55.9,51.3,49.5,46.9,44.1,43.8,47.2,49.4,53.9,55.0,52.3,45.4,37.2,30.1,28.5,29.2,29.6,30.8,31.3,32.3,33.2,34.3,35.3,36.2
12:23:06.600,81.1,59.3,73.8,73.7,72.8,71.0,69.7,71.2,73.2,66.4,65.2,65.8,66.0,67.9,61.8,54.5,52.5,49.3,45.5,43.7,44.4,48.6,50.6,53.4,55.7,52.7,47.8,38.6,30.1,28.1,29.0,29.4,30.5,31.2,32.4,33.2,34.2,35.1,36.2
12:23:07.600,82.5,59.8,75.4,71.6,70.6,70.2,75.0,73.3,66.5,68.9,67.5,67.1,69.3,69.0,59.9,53.5,49.3,50.2,44.2,41.9,43.9,49.3,52.0,53.6,55.5,54.3,48.8,38.2,30.1,28.0,28.8,29.7,30.5,31.4,32.4,33.1,34.2,35.2,36.3
12:23:08.600,82.3,58.4,76.2,67.8,71.9,68.8,69.8,72.8,75.8,71.0,67.4,65.6,69.6,71.8,64.9,58.9,54.0,48.9,45.2,43.0,42.7,47.6,51.9,54.4,52.4,51.0,45.9,39.1,31.3,28.8,28.9,29.7,30.4,31.3,32.2,33.2,34.0,35.2,36.3
12:23:09.600,82.2,57.2,76.8,64.3,68.8,71.5,69.6,75.5,74.4,71.5,64.8,69.1,72.1,72.0,66.3,56.3,54.5,50.2,44.7,42.8,42.4,46.4,50.2,51.7,52.1,49.2,45.7,38.5,31.4,28.4,28.9,29.9,31.0,31.7,32.2,33.2,34.2,35.2,36.1
12:23:10.600,81.6,56.9,75.4,61.8,65.0,70.3,70.6,71.3,72.3,70.2,66.5,63.5,70.0,68.8,60.7,57.0,50.7,46.8,45.0,42.0,41.4,46.9,49.5,52.3,52.2,49.3,45.1,36.3,30.5,28.9,29.4,30.1,30.7,31.2,32.4,33.4,34.2,35.3,36.2
12:23:11.600,80.6,55.6,72.4,71.4,70.8,68.2,74.9,71.2,71.1,68.8,63.7,65.2,64.4,64.7,60.9,55.5,51.9,48.7,44.9,42.7,43.4,47.3,48.9,49.5,50.2,49.7,42.7,36.2,33.4,31.1,31.3,34.4,34.6,32.5,32.5,33.3,34.2,35.2,36.3
12:23:12.600,83.1,55.6,74.7,73.3,70.0,72.8,74.9,74.7,70.7,67.5,67.0,67.5,65.9,65.3,59.0,54.4,51.3,47.8,44.7,43.5,43.3,48.8,48.7,51.0,49.1,48.1,43.2,38.4,29.3,28.6,29.6,29.7,31.0,31.4,32.4,33.2,34.2,35.0,36.2
12:23:13.600,80.5,57.7,73.6,64.5,68.2,72.3,69.6,70.7,68.1,66.5,65.4,68.2,66.1,65.0,58.5,54.1,51.5,46.6,43.1,42.0,41.3,47.2,48.8,53.5,53.1,50.9,46.7,39.0,30.4,29.0,29.6,30.0,30.6,31.3,32.4,33.1,34.1,35.3,36.2
12:23:14.600,80.3,59.1,72.8,69.3,71.5,73.1,72.8,71.9,66.5,66.9,68.0,64.9,66.7,64.0,59.8,52.4,52.2,47.5,43.5,43.7,43.3,46.9,50.4,53.3,54.4,53.4,48.7,40.5,32.2,29.0,29.9,29.8,30.6,31.4,32.2,33.4,34.5,35.4,36.3
12:23:15.600,80.7,58.5,72.7,70.9,72.0,72.0,67.8,72.2,71.8,71.3,65.1,65.4,64.8,61.7,59.8,51.7,50.6,47.6,43.5,39.9,41.2,46.2,51.2,52.3,53.2,53.4,48.7,39.0,30.6,28.3,29.5,29.9,30.5,31.4,32.3,33.1,34.1,35.2,36.3
12:23:16.600,80.9,57.2,73.3,72.6,70.9,70.1,71.0,72.2,70.7,66.9,66.7,67.8,65.8,64.4,59.0,54.3,52.4,51.2,44.8,41.0,42.4,45.2,50.5,52.7,52.1,50.9,46.0,37.8,30.4,28.8,29.4,29.6,30.5,31.3,32.5,33.2,34.1,35.2,36.3
12:23:17.600,79.7,56.5,73.3,66.9,69.7,68.7,67.4,68.9,69.0,69.1,70.1,64.5,63.6,61.5,60.2,52.5,50.5,47.7,44.1,39.9,41.4,44.5,48.6,53.3,50.4,49.6,42.8,38.0,29.8,29.0,29.3,29.9,30.4,31.3,32.4,33.3,34.2,35.1,36.1
12:23:18.600,80.1,56.9,72.8,61.6,67.9,70.6,72.7,73.9,69.0,69.7,64.3,63.4,62.6,65.0,60.6,57.2,50.8,49.7,44.1,40.7,41.5,45.6,48.1,53.4,51.6,50.1,44.5,37.2,29.5,28.5,29.3,29.9,30.4,31.2,32.5,33.1,34.2,35.1,36.2
12:23:19.600,80.4,58.5,72.6,72.5,68.6,68.9,74.6,74.6,66.7,67.2,67.6,63.5,63.2,62.8,60.1,54.2,50.6,48.4,45.3,42.6,41.1,45.8,47.3,53.5,54.2,53.1,45.5,38.6,29.8,28.6,29.3,29.6,31.1,31.6,32.3,33.2,34.1,35.2,36.3
12:23:20.600,78.6,58.3,71.8,68.9,67.0,63.4,69.0,70.1,70.6,67.1,65.9,66.4,62.1,62.8,58.4,52.5,50.9,46.4,44.8,41.8,42.2,46.7,47.6,51.9,53.4,53.6,47.5,39.7,32.1,28.5,29.1,29.8,30.7,31.4,32.3,33.2,34.2,35.1,36.4
12:23:21.600,82.5,58.5,74.4,73.4,74.1,70.5,70.5,72.8,67.7,70.5,68.8,69.2,65.8,62.4,59.0,52.6,51.9,48.5,44.7,48.5,43.1,45.6,49.1,52.4,54.1,52.6,46.4,39.0,31.8,28.7,29.2,29.9,30.7,31.3,32.2,33.0,34.3,35.3,36.2
12:23:22.600,81.2,59.8,72.9,74.8,75.1,72.2,70.0,70.9,71.7,70.8,68.6,63.6,64.7,60.3,61.5,55.2,53.3,51.0,47.1,42.4,40.4,44.8,51.3,53.9,57.2,52.8,46.5,38.9,31.3,28.4,28.9,29.9,30.8,31.4,32.3,33.1,34.2,35.2,36.3
12:23:23.600,79.8,59.8,71.0,64.9,62.0,65.1,66.1,67.6,67.9,66.7,65.6,62.3,62.3,62.7,59.0,52.6,49.9,46.6,44.5,44.4,42.6,45.3,52.3,54.2,57.2,52.6,45.0,38.2,31.0,28.4,29.0,29.8,30.4,31.3,32.4,33.4,34.3,35.2,36.2
12:23:24.600,80.5,59.7,73.8,66.6,67.7,66.5,68.4,68.5,70.6,72.4,68.5,65.0,66.1,64.2,60.8,53.6,51.6,48.7,44.7,43.9,43.8,44.9,51.9,55.1,55.2,53.6,47.4,39.7,31.7,28.5,29.2,29.4,30.3,31.2,32.4,33.2,34.3,35.2,36.3
12:23:25.600,80.0,59.7,73.3,64.6,67.6,69.9,69.8,70.2,69.4,68.4,67.5,68.4,66.6,65.0,61.4,55.0,51.8,47.9,44.5,44.7,42.8,45.1,51.0,55.0,54.2,54.5,49.8,42.9,32.7,28.8,28.5,29.7,30.7,31.3,32.5,33.1,34.1,35.2,36.2
12:23:26.600,80.0,59.3,73.2,68.6,66.7,66.3,70.8,70.1,70.5,71.0,69.4,63.7,62.7,65.2,61.5,52.1,48.8,50.0,45.4,44.5,43.6,47.1,50.9,52.9,55.5,53.3,47.1,43.2,32.4,28.4,28.9,29.9,30.5,31.3,32.4,33.3,34.3,35.3,36.2
12:23:27.600,80.7,58.7,72.3,69.3,69.3,69.4,69.9,66.6,66.1,68.1,69.8,65.6,63.0,64.5,55.9,52.1,51.2,46.7,45.5,53.1,46.7,47.7,51.9,51.6,54.2,52.3,46.6,39.6,32.8,28.5,29.1,29.8,30.4,31.4,32.3,33.3,34.1,35.2,36.3
12:23:28.600,81.9,58.9,73.1,69.8,70.7,72.5,69.0,71.0,66.8,69.1,66.6,67.1,64.1,64.9,61.6,54.0,52.5,48.0,47.5,49.1,44.8,47.2,54.2,52.9,54.6,50.4,48.4,40.0,30.9,28.5,28.8,29.8,30.5,31.4,32.4,33.2,34.1,35.2,36.4
12:23:29.600,79.4,59.4,72.5,69.6,68.7,66.5,68.4,69.6,70.0,67.4,65.5,63.9,66.8,65.3,60.2,53.0,51.2,49.2,45.9,48.2,45.3,49.0,54.1,54.7,55.2,51.4,46.4,43.2,31.8,28.5,29.0,29.5,30.6,31.4,32.3,33.3,34.3,35.2,36.2
12:23:30.600,79.8,59.9,72.5,69.8,69.8,66.9,69.9,73.0,66.1,62.8,63.4,64.3,65.4,63.4,59.0,52.1,50.1,47.9,47.0,47.3,46.3,48.9,55.1,54.5,56.8,50.9,45.8,42.4,32.0,28.7,29.0,29.8,30.7,31.4,32.3,33.2,34.2,35.2,36.1
12:23:31.600,80.1,60.6,73.0,64.8,67.4,68.1,67.4,68.4,67.3,68.8,68.7,66.8,65.1,63.4,61.8,52.5,49.7,45.7,46.2,49.9,47.5,50.5,55.4,55.4,57.5,53.3,45.5,40.1,31.9,28.7,29.1,30.0,30.4,31.5,32.0,33.3,34.1,35.4,36.3
12:23:32.600,79.7,60.6,73.2,69.7,67.1,66.8,69.7,71.2,70.2,66.9,64.6,66.1,63.6,62.2,64.4,55.5,51.7,47.4,46.1,51.9,46.8,50.0,54.3,54.2,57.5,54.0,47.1,41.0,33.7,28.6,29.0,30.0,30.5,31.3,32.2,33.4,34.2,35.3,36.2
12:23:33.600,80.0,60.4,72.3,71.3,72.5,70.4,69.1,69.2,71.3,69.9,65.1,62.4,63.6,63.0,61.2,56.3,53.2,48.5,46.4,50.2,46.7,50.2,53.9,54.2,55.0,55.0,49.4,40.3,32.3,28.2,29.1,29.6,30.6,31.6,32.3,33.4,34.3,35.2,36.2
12:23:34.600,79.5,60.1,72.5,71.8,72.0,69.4,68.9,65.0,67.0,69.6,69.6,67.8,62.2,62.8,59.9,54.7,49.1,46.8,45.3,54.1,50.5,51.0,54.3,53.3,54.2,54.3,50.2,39.6,31.5,28.8,28.8,29.5,30.5,31.3,32.3,33.3,34.1,35.3,36.4
12:23:35.600,80.9,59.9,72.0,73.3,70.2,71.1,71.2,65.8,69.5,69.7,66.4,62.3,63.5,64.1,61.0,54.8,52.0,45.9,45.8,44.8,44.3,51.0,55.7,53.2,53.3,54.5,49.1,42.0,32.0,28.7,28.9,29.5,30.5,31.5,32.2,33.2,34.2,35.1,36.2
12:23:36.600,80.0,59.9,72.5,69.0,68.0,67.6,68.3,68.5,72.2,67.2,66.5,65.4,63.8,62.0,60.7,51.5,50.1,47.3,46.4,44.7,44.9,49.6,55.7,54.9,53.1,54.4,48.1,40.4,32.2,28.6,28.9,29.8,30.3,31.6,32.2,33.5,34.2,35.3,36.2
12:23:37.600,80.6,59.2,72.5,68.0,71.8,71.5,75.1,73.3,69.7,65.7,66.5,63.5,63.6,59.0,57.5,53.3,51.6,47.0,44.8,53.2,46.7,49.8,55.8,54.6,52.3,52.9,46.5,37.9,31.2,28.3,28.7,29.4,30.3,31.4,32.5,33.2,34.3,35.2,36.2
12:23:38.600,81.0,58.7,72.2,72.9,72.5,68.1,72.3,73.6,69.7,70.1,60.3,62.1,60.6,58.6,57.8,52.8,47.7,48.0,46.6,44.9,43.8,48.6,54.1,54.4,53.6,51.4,45.7,38.6,30.8,28.4,28.9,29.7,30.6,31.4,32.2,33.2,34.2,35.3,36.3
12:23:39.600,81.2,58.2,73.1,58.9,63.1,63.8,71.7,75.4,67.3,67.1,64.7,63.1,63.9,59.8,58.3,51.3,50.4,45.7,45.3,44.8,44.1,48.5,52.8,53.1,53.5,51.4,46.8,37.8,31.4,28.7,29.3,29.5,30.4,31.5,32.2,33.4,34.3,35.3,36.2
12:23:40.600,81.1,57.7,73.3,71.6,67.3,67.6,68.6,71.2,69.8,70.0,68.3,65.0,63.5,61.5,61.1,57.3,52.9,45.2,43.2,43.6,43.0,47.0,50.8,50.9,52.4,52.2,45.3,36.6,30.2,28.5,29.6,30.0,30.7,31.5,32.2,33.3,34.2,35.3,36.1
12:23:41.600,80.0,57.9,73.2,65.3,69.1,69.3,69.0,73.2,70.0,66.4,66.2,62.8,64.0,63.4,65.0,57.5,50.4,47.8,45.1,43.9,44.1,47.1,52.9,51.2,53.2,51.4,44.9,36.6,29.8,28.7,29.2,29.8,30.6,31.5,32.4,33.3,34.3,35.2,36.4
12:23:42.600,80.1,57.4,74.4,66.3,67.6,69.1,68.6,68.5,71.5,69.6,65.0,66.4,66.8,66.6,63.9,57.4,53.5,48.9,45.9,44.2,43.9,47.3,51.7,51.7,52.9,49.5,44.6,36.7,30.1,28.4,29.3,29.9,30.6,31.3,32.4,33.2,34.2,35.2,36.3
12:23:43.600,81.4,57.6,74.1,71.4,70.8,68.1,72.9,71.4,71.0,73.1,67.0,64.4,64.4,66.3,64.1,57.6,50.9,45.9,44.7,43.4,43.6,47.4,52.5,52.1,53.3,49.4,44.7,38.4,31.0,28.5,29.1,29.9,30.6,31.5,32.4,33.2,34.1,35.0,36.2
12:23:44.600,79.6,58.2,72.9,69.1,69.6,72.7,70.9,67.1,71.4,66.1,67.7,64.8,64.6,62.2,63.0,57.0,46.9,47.6,43.7,43.0,43.7,48.4,52.3,52.5,53.2,51.3,46.3,41.2,31.7,28.5,28.9,29.6,30.6,31.3,32.9,33.3,34.2,35.2,36.1
12:23:45.600,80.3,58.9,73.2,66.9,66.3,71.1,73.8,71.5,68.7,69.8,68.2,63.4,62.2,61.1,62.1,54.5,50.1,47.3,44.8,43.3,43.7,48.6,53.4,52.0,53.8,54.0,46.2,39.3,32.0,28.6,28.9,29.9,30.6,31.5,32.4,33.3,34.2,35.1,36.2
12:23:46.600,79.6,59.7,71.8,66.9,69.2,73.1,72.0,68.9,68.3,65.1,63.7,63.0,63.2,62.4,61.6,55.3,47.9,43.4,44.5,44.8,44.4,49.2,53.2,53.5,54.6,54.2,49.3,41.2,32.9,28.7,29.1,29.6,30.4,31.1,32.1,33.1,34.0,35.3,36.2
12:23:47.600,80.8,59.6,73.4,70.1,65.8,71.2,74.7,72.2,74.8,71.4,68.7,64.2,62.4,60.9,57.2,50.6,49.2,45.4,45.4,43.9,43.8,47.8,51.5,54.0,53.7,55.2,49.7,41.7,33.3,28.8,29.1,30.0,30.7,31.5,32.1,33.1,34.2,35.2,36.4
12:23:48.600,79.3,58.7,72.7,63.6,65.0,69.5,69.8,73.6,72.6,70.8,66.2,65.2,63.9,58.1,58.6,51.9,50.1,44.0,45.1,43.2,44.2,46.0,52.3,54.6,51.4,53.3,48.4,40.5,32.9,28.7,29.3,30.0,30.3,31.5,32.2,33.2,34.3,35.3,36.3
12:23:49.600,80.4,58.0,72.5,64.3,65.4,67.8,75.4,74.4,72.7,71.2,66.7,62.2,59.0,58.1,54.7,54.5,50.5,47.1,44.9,43.2,43.7,45.9,50.4,54.3,50.9,51.6,49.0,40.6,32.1,29.1,28.9,29.9,30.8,31.4,32.2,33.4,34.4,35.2,36.2
12:23:50.600,80.5,56.9,71.9,68.3,69.9,69.7,74.8,70.9,68.5,67.9,66.4,60.9,59.9,57.3,55.5,52.3,50.4,46.4,43.1,43.6,43.5,44.5,49.8,53.2,50.3,49.4,47.5,39.1,31.5,28.7,29.1,29.5,30.5,31.4,32.3,33.3,34.3,35.0,36.2
12:23:51.600,80.3,56.0,72.6,62.7,65.5,70.7,73.0,74.1,68.8,69.2,67.6,62.4,61.8,57.9,60.2,52.2,52.3,46.8,45.0,43.6,43.2,45.2,49.0,51.4,50.5,48.7,44.9,37.6,31.4,28.3,29.2,29.9,30.4,31.6,32.3,33.3,34.3,35.2,36.3
12:23:52.600,79.2,56.6,72.1,65.8,68.9,67.2,71.7,70.0,70.6,70.8,67.6,58.3,60.0,61.8,60.6,55.1,51.3,46.2,44.5,43.4,43.7,46.2,46.7,51.4,52.4,48.5,47.1,38.9,31.6,28.6,29.4,29.9,30.9,31.4,32.7,33.3,34.1,35.1,36.3
12:23:53.600,78.8,58.1,71.0,65.0,63.7,69.3,72.9,72.5,68.7,65.0,64.2,62.3,59.0,59.6,57.9,53.8,48.5,43.7,43.3,42.6,43.2,47.3,46.3,51.2,54.6,51.9,49.2,39.8,31.4,28.3,29.2,29.8,30.7,31.4,32.0,33.2,34.2,35.2,36.2
12:23:54.600,78.6,57.3,70.8,66.9,65.2,67.9,70.8,65.0,71.5,66.3,64.5,61.1,57.8,60.5,58.8,51.2,50.2,43.3,43.4,41.7,43.0,46.0,46.6,49.9,51.7,51.5,50.2,39.5,30.9,28.8,29.1,29.6,30.5,31.4,32.2,33.1,34.3,35.4,36.3
12:23:55.600,78.0,55.8,70.6,64.9,66.0,70.7,69.6,70.0,69.2,67.4,66.4,62.0,60.3,60.6,60.2,50.8,49.6,44.9,43.6,42.9,42.9,44.9,46.1,47.9,50.5,49.0,47.5,39.2,31.1,29.0,29.3,29.6,30.7,31.5,32.2,33.3,34.2,35.0,36.1
12:23:56.600,79.7,55.1,71.5,66.6,63.6,65.6,67.7,68.6,70.3,68.3,68.2,65.1,63.5,58.9,57.2,53.4,48.5,44.8,43.2,43.1,43.9,45.5,46.4,49.1,50.1,48.1,45.0,39.5,30.7,28.4,29.2,29.5,30.5,31.4,32.2,33.4,34.1,35.2,36.2
12:23:57.600,77.8,56.2,69.3,69.7,74.1,70.8,65.2,66.0,66.1,65.8,62.6,61.6,61.0,61.4,55.6,52.2,50.2,44.2,42.4,42.2,42.8,46.0,47.6,52.5,51.0,49.1,46.2,39.0,31.0,28.5,29.1,30.8,31.3,31.9,32.8,33.3,34.2,35.2,36.3
12:23:58.600,77.8,56.7,70.2,65.0,61.4,64.3,66.4,70.6,69.3,66.0,64.3,61.9,60.5,57.8,58.7,54.7,49.8,49.7,43.5,46.9,50.0,48.4,49.0,53.4,51.1,48.7,43.6,39.0,33.1,33.4,31.5,31.1,31.4,31.7,32.8,33.6,34.4,35.3,36.3
12:23:59.600,78.6,59.2,72.5,68.3,63.4,67.5,69.6,68.8,70.2,67.7,68.6,66.0,62.2,61.5,62.9,54.4,53.6,48.2,42.9,43.7,43.9,51.4,51.0,53.5,53.3,52.2,49.0,41.0,35.3,37.5,39.0,41.5,37.7,36.4,36.5,35.4,35.9,37.7,36.8
12:24:00.600,80.4,59.4,72.1,70.7,72.8,68.9,67.2,66.3,67.8,70.2,66.2,64.9,64.6,62.6,61.3,55.0,53.1,45.8,44.2,47.3,45.8,50.3,48.3,54.5,53.9,52.4,49.7,41.5,33.9,31.2,30.3,30.6,31.0,32.1,32.7,33.6,34.4,35.4,36.2
12:24:01.600,78.9,59.5,71.1,68.0,65.7,68.1,69.0,68.2,68.6,66.6,63.4,58.1,61.0,60.2,58.8,53.8,49.5,46.4,43.7,41.1,41.8,47.3,48.3,55.6,54.6,52.4,49.5,43.4,32.5,29.3,29.7,30.2,30.7,32.0,32.7,33.5,34.4,35.2,36.4
12:24:02.600,76.4,59.3,70.4,61.8,65.6,64.5,63.3,66.6,66.3,61.5,65.3,64.3,60.7,60.6,57.9,53.1,51.0,44.8,46.6,41.3,45.5,47.6,48.5,55.9,55.1,52.3,45.7,40.1,31.9,28.8,30.1,30.5,31.0,31.9,32.6,33.5,34.3,35.4,36.3
12:24:03.600,79.0,58.9,71.0,68.3,69.8,69.9,70.5,70.8,67.2,67.5,65.6,62.4,61.0,59.6,57.4,53.1,54.3,45.7,45.6,41.3,47.3,49.1,48.5,54.0,54.7,52.7,47.1,44.4,35.5,29.9,30.1,31.4,33.0,34.4,34.9,34.6,34.9,35.4,36.2
12:24:04.600,80.2,57.7,71.0,69.4,71.9,74.3,71.5,64.9,68.8,62.7,64.3,62.4,62.1,58.7,54.2,51.0,49.0,42.8,44.2,44.7,43.7,45.8,47.6,51.7,53.3,52.5,48.5,37.8,31.0,29.1,29.2,29.9,30.8,31.5,32.5,33.3,34.3,35.3,36.2
12:24:05.600,79.7,56.9,72.5,65.9,66.6,70.8,69.9,71.1,71.4,68.6,65.6,65.6,63.2,61.7,56.7,54.5,50.2,44.8,46.9,43.4,44.2,47.5,47.8,51.3,52.0,50.7,47.9,39.3,33.2,28.9,30.1,29.9,31.0,32.2,32.7,33.3,34.2,35.2,36.3
12:24:06.600,78.6,56.6,70.9,68.9,72.9,72.1,67.7,69.5,68.4,66.2,64.8,63.9,62.5,60.9,57.6,55.1,49.5,44.4,42.9,44.8,41.8,45.8,48.0,51.2,52.4,50.3,46.3,39.6,29.8,28.2,28.9,29.7,30.2,31.4,32.3,33.2,34.2,35.3,36.2
12:24:07.600,78.9,57.0,70.5,67.7,71.2,69.9,71.2,66.8,64.6,65.0,64.9,61.3,59.5,62.6,58.6,54.4,50.6,46.5,45.8,43.9,42.7,46.6,47.9,50.6,53.7,49.7,47.4,40.2,30.4,28.6,28.8,30.1,30.8,31.5,32.4,33.2,34.2,35.1,36.4
12:24:08.600,78.3,56.2,70.5,65.6,66.6,64.6,64.2,68.6,69.8,67.7,64.4,61.7,58.6,59.8,58.1,53.7,52.2,44.3,46.3,42.3,45.6,46.3,48.6,51.1,51.1,48.3,46.1,39.7,34.4,30.2,31.7,30.4,31.3,31.9,32.9,33.4,34.3,35.2,36.3
12:24:09.600,78.3,56.1,71.2,69.3,70.2,68.4,70.3,66.8,68.5,66.2,65.2,64.3,62.2,62.2,59.3,52.3,49.1,44.3,44.7,42.8,41.5,45.6,48.3,52.5,51.2,48.1,45.7,37.2,29.8,28.5,29.1,29.5,30.5,31.4,32.3,33.3,34.0,35.3,36.2
12:24:10.600,80.0,56.2,71.2,72.6,73.2,74.7,70.9,69.8,68.5,69.6,63.9,62.1,60.7,58.6,60.6,56.6,51.3,45.8,45.1,45.9,43.5,45.6,48.4,52.5,51.1,47.4,44.5,37.1,30.0,28.1,28.9,29.8,30.4,31.4,32.4,33.3,34.1,35.2,36.2
12:24:11.600,81.5,56.0,72.9,68.8,71.2,70.7,68.3,69.8,73.8,72.9,62.4,62.9,61.9,62.1,58.8,58.5,55.5,47.8,46.1,45.3,44.0,45.6,48.0,53.9,49.1,46.3,44.2,38.0,31.2,29.1,29.5,29.8,31.1,31.9,32.8,33.5,34.3,35.3,36.2
12:24:12.600,81.7,55.0,72.5,69.5,71.2,73.6,75.6,71.1,68.5,65.5,69.6,64.8,64.6,62.7,58.9,59.8,52.2,48.0,44.3,42.4,42.8,46.1,47.8,50.5,47.5,47.4,46.0,37.9,30.1,28.6,29.4,29.9,30.6,31.6,32.4,33.2,34.3,35.1,36.2
12:24:13.600,78.6,55.5,72.1,64.8,63.3,68.7,66.0,68.7,69.3,67.7,67.2,65.2,63.3,65.8,61.3,53.5,47.8,45.4,43.3,43.6,41.3,45.3,47.1,51.5,48.7,48.5,45.5,37.9,30.8,29.0,29.1,29.5,30.8,31.4,32.4,33.3,34.2,35.3,36.2
12:24:14.600,79.8,56.1,73.1,63.3,67.8,72.8,72.7,70.5,72.4,71.2,68.3,64.0,61.4,61.7,64.1,56.7,50.7,46.6,43.6,41.3,41.4,46.3,47.9,53.5,49.0,48.9,45.9,38.0,31.9,28.5,29.1,29.5,30.7,31.1,32.4,33.2,34.4,35.3,36.2
12:24:15.600,78.6,55.6,72.5,65.1,66.9,70.8,68.5,69.4,71.5,67.9,65.6,63.5,63.7,64.2,63.5,57.5,52.7,49.1,46.4,43.6,41.9,46.6,48.6,51.4,50.0,46.6,43.7,36.6,29.6,28.5,29.3,29.9,30.3,31.5,32.4,33.2,34.2,35.2,36.2
12:24:16.600,79.1,56.1,71.6,69.2,67.2,72.6,68.1,66.2,68.6,68.4,66.1,61.6,62.7,64.0,61.9,58.3,52.3,47.0,44.2,43.8,41.8,46.9,49.6,51.2,50.5,47.5,44.3,38.4,30.3,28.7,29.2,29.7,30.5,31.3,32.3,33.4,34.3,35.4,36.2
12:24:17.600,78.3,57.3,72.0,62.8,64.5,67.0,65.4,67.3,69.4,69.1,66.1,61.6,59.9,62.7,59.7,55.8,50.7,44.2,44.7,43.5,41.0,45.6,49.7,52.4,51.3,49.9,48.5,41.9,31.7,29.2,29.4,29.9,30.5,31.5,32.3,33.3,34.2,35.2,36.3
12:24:18.600,79.9,57.5,71.4,71.7,70.7,69.0,71.5,71.8,67.1,68.5,63.8,60.7,61.0,61.9,61.1,55.3,53.2,47.8,46.1,46.2,42.9,45.4,49.5,52.8,52.9,50.2,46.2,42.2,31.8,28.3,29.3,29.8,30.6,31.3,32.3,33.3,34.3,35.3,36.2
12:24:19.600,80.3,56.7,71.5,69.4,67.0,68.9,73.0,74.2,64.8,69.4,64.8,62.9,60.7,59.5,56.9,50.0,53.3,44.5,45.5,45.0,41.8,45.4,47.6,51.5,52.6,50.3,44.5,39.6,30.5,28.9,29.0,29.8,30.7,31.5,32.4,33.3,34.1,35.3,36.3
12:24:20.600,79.0,55.4,70.9,69.1,68.0,68.0,66.7,70.5,70.7,68.8,65.7,60.7,61.7,58.1,57.1,51.3,48.8,45.2,43.5,48.5,43.7,45.1,46.4,50.8,51.5,47.3,41.8,35.1,29.5,28.6,29.1,29.8,30.6,31.3,32.5,33.3,34.1,35.1,36.3
12:24:21.600,78.5,54.4,70.0,66.9,71.1,70.1,69.3,73.0,71.6,66.3,61.8,60.4,58.0,58.5,54.5,52.0,50.1,45.2,44.5,42.6,41.1,44.2,46.2,49.5,49.7,47.4,41.7,37.3,29.0,28.3,28.9,29.4,30.3,31.2,32.0,33.2,34.3,35.2,36.3
12:24:22.600,78.3,55.3,69.8,64.1,64.9,65.7,71.9,69.9,69.1,64.3,64.1,60.0,58.6,58.0,54.3,51.7,49.3,44.4,43.3,44.5,42.3,44.3,46.8,49.3,51.3,48.2,46.3,36.2,29.2,28.4,29.3,29.8,30.6,31.4,32.2,33.0,34.2,35.1,36.2
12:24:23.600,78.5,56.9,71.2,66.1,65.9,66.8,67.0,67.6,70.2,69.6,66.4,63.9,61.7,61.4,54.2,53.5,52.2,42.7,43.6,44.7,44.2,45.3,49.1,49.4,52.5,51.0,47.4,38.6,30.2,28.6,29.1,29.7,30.3,31.3,32.2,33.2,34.3,35.2,36.2
12:24:24.600,76.2,57.1,68.3,63.1,60.7,64.7,65.3,67.7,67.1,62.4,61.6,61.1,58.1,54.5,52.2,48.5,47.6,43.7,43.8,43.7,45.2,45.1,50.4,49.4,52.7,51.3,47.3,40.0,30.9,28.5,29.0,29.8,30.5,31.3,32.5,33.3,34.2,35.2,36.2
12:24:25.600,77.3,57.0,69.4,58.6,66.1,68.6,66.5,68.9,65.2,64.4,62.0,60.9,57.4,57.6,54.8,52.4,48.9,43.4,46.4,46.7,46.1,46.7,51.1,50.4,52.1,50.0,47.2,37.5,30.4,28.7,29.2,29.8,30.3,31.4,32.2,33.1,34.5,35.2,36.1
12:24:26.600,78.0,56.8,70.2,69.1,69.5,70.8,64.5,67.0,63.8,68.5,64.8,64.0,58.4,58.4,60.3,55.5,48.6,45.8,44.6,43.9,43.0,47.1,51.5,51.0,51.2,50.1,45.2,35.8,30.0,28.5,29.4,29.8,30.8,31.3,32.4,33.1,34.1,35.2,36.2
12:24:27.600,78.5,56.3,70.1,63.7,67.3,67.5,69.8,71.7,68.2,63.7,64.4,60.5,61.7,56.8,59.8,57.9,49.9,43.5,47.3,44.7,44.9,47.0,50.2,51.8,50.8,48.9,46.2,37.8,30.2,28.5,29.1,29.3,30.4,31.3,32.4,33.3,34.2,35.2,36.3
12:24:28.600,77.7,55.8,69.9,65.6,60.1,64.0,67.3,65.5,67.0,66.1,63.9,60.7,59.3,60.0,59.9,58.8,55.3,44.2,47.5,47.4,45.0,44.7,49.1,50.7,50.6,47.6,45.7,36.5,30.5,28.2,29.1,29.6,30.6,31.3,32.3,33.3,34.2,35.2,36.3
12:24:29.600,79.6,55.7,72.5,64.0,67.6,68.1,67.0,67.9,72.4,68.2,68.1,65.4,60.9,61.7,61.6,59.2,53.3,45.2,48.9,44.0,44.8,45.2,48.1,49.6,50.3,48.0,46.4,37.2,29.6,28.5,29.0,29.5,30.4,31.4,32.2,33.2,34.2,35.2,36.2
12:24:30.600,81.7,55.7,73.5,73.8,74.3,74.0,73.3,72.1,67.9,72.2,67.0,66.1,64.2,60.5,62.9,59.5,58.1,49.6,46.1,43.2,42.6,45.0,48.4,48.9,49.5,47.6,46.2,36.8,30.5,28.7,29.3,29.7,30.3,31.6,32.1,33.0,34.2,35.2,36.4
12:24:31.600,79.5,56.4,72.3,62.8,65.7,68.8,71.7,70.2,67.8,67.1,63.5,62.7,61.3,60.2,61.1,61.5,53.7,47.3,50.9,45.3,42.4,45.3,48.9,49.5,51.7,48.1,46.6,37.6,30.1,28.5,29.2,29.7,30.3,31.4,32.4,33.1,34.5,35.3,36.4
12:24:32.600,80.1,56.5,71.7,71.6,73.6,71.1,67.7,63.2,65.1,70.8,67.7,61.8,60.7,60.5,62.6,61.2,58.6,47.1,51.7,51.1,52.0,49.2,49.4,50.1,50.9,47.5,44.7,37.2,30.3,28.6,28.8,29.8,30.6,31.1,32.3,33.3,34.2,35.2,36.3
12:24:33.600,82.8,56.3,72.4,72.3,72.3,73.0,69.7,66.2,66.9,66.9,67.0,66.4,64.4,60.4,60.7,60.1,59.1,52.0,49.7,52.2,45.1,46.5,49.7,52.6,50.2,45.8,43.9,38.4,30.4,28.3,28.7,30.0,30.4,31.4,32.3,33.3,34.3,35.3,36.3
12:24:34.600,77.5,56.1,69.9,67.4,65.8,69.4,68.6,68.9,66.3,64.3,60.1,59.8,59.7,58.7,55.2,62.6,54.9,46.0,48.0,45.0,44.0,45.5,48.9,53.3,50.3,46.4,44.8,38.7,30.0,28.4,29.2,29.7,30.5,31.4,32.4,33.1,34.1,35.2,36.3
12:24:35.600,76.4,56.8,70.1,63.3,65.1,64.4,65.3,69.1,68.8,62.8,62.5,64.0,61.8,58.8,53.8,61.5,56.2,43.5,49.5,50.0,50.6,47.6,48.3,52.1,49.8,49.2,47.8,42.0,31.3,28.7,28.9,29.6,30.7,31.0,32.1,33.2,34.3,35.3,36.2
12:24:36.600,78.4,57.2,71.9,65.3,67.5,68.6,68.0,70.3,66.6,70.4,66.6,62.0,59.4,59.2,59.0,58.9,53.3,44.9,49.7,46.1,47.6,46.3,46.0,52.4,50.6,49.0,50.3,42.2,32.6,28.6,29.1,29.6,30.5,31.6,32.4,33.2,34.4,35.2,36.3
12:24:37.600,77.8,57.9,71.0,63.2,68.7,70.5,66.5,68.0,66.7,65.1,67.7,64.3,61.3,59.8,57.0,61.8,57.8,46.5,49.6,48.3,48.5,47.1,44.5,49.7,50.5,50.8,52.4,42.5,34.2,28.6,28.8,29.8,30.2,31.3,32.5,33.3,34.1,35.3,36.2
12:24:38.600,78.2,57.7,71.8,64.2,65.4,62.5,69.3,68.9,69.2,68.7,65.4,61.5,64.1,60.6,57.6,58.9,53.7,44.4,47.1,47.0,47.3,47.5,45.8,50.0,50.9,52.1,50.5,42.9,33.6,28.8,29.0,29.7,30.4,31.3,32.2,33.3,34.2,35.2,36.1
12:24:39.600,77.9,58.1,71.1,64.8,69.9,68.8,64.5,71.3,66.8,66.5,65.9,64.7,62.5,61.5,57.1,55.6,56.6,44.9,47.4,50.9,49.2,46.9,46.4,50.2,51.7,53.1,50.7,41.9,31.5,28.3,29.1,29.5,30.5,31.5,32.3,33.3,34.2,35.1,36.3
12:24:40.600,77.0,57.3,70.2,67.4,68.3,66.7,66.0,66.0,66.7,65.9,61.3,63.6,57.6,60.3,57.3,58.2,51.7,45.2,50.7,50.5,49.2,47.2,46.4,51.0,52.8,50.4,48.4,41.7,31.4,28.5,28.9,29.9,31.1,31.4,32.5,33.3,34.1,35.2,36.4
12:24:41.600,76.5,57.8,70.4,65.9,66.5,67.3,65.3,67.2,66.5,67.3,66.9,63.5,59.6,58.3,58.3,56.8,51.3,45.9,48.0,49.9,48.3,46.6,46.6,51.6,52.6,50.8,50.3,43.1,31.6,28.3,28.8,29.9,30.3,31.4,32.3,33.2,34.3,35.2,36.2
12:24:42.600,78.4,57.8,72.1,66.4,65.8,65.9,67.1,68.4,66.8,70.9,69.9,60.2,63.0,60.1,58.3,56.3,51.3,48.9,47.4,49.3,48.4,46.7,45.5,49.3,51.9,53.0,49.4,42.9,33.9,29.6,29.9,30.4,31.0,31.8,32.6,33.4,34.3,35.4,36.4
12:24:43.600,79.7,57.4,73.2,62.7,70.3,70.6,72.6,73.2,66.2,69.4,70.9,66.7,64.8,61.1,62.1,61.5,56.2,51.3,49.7,52.1,49.3,46.4,45.8,47.5,49.0,52.5,50.0,41.1,33.5,28.9,28.8,29.7,30.7,31.6,32.3,33.2,34.2,35.1,36.3
12:24:44.600,78.1,56.9,71.9,67.5,68.0,68.4,65.3,65.4,70.9,69.7,65.1,62.8,64.1,58.6,54.4,59.8,51.7,44.7,52.1,47.0,49.2,45.6,45.3,47.7,50.7,51.7,48.9,40.4,32.2,28.4,29.2,29.7,30.5,31.4,32.2,33.2,34.2,35.1,36.3
12:24:45.600,76.8,56.9,70.1,68.8,66.2,61.9,66.6,62.8,67.3,63.8,60.6,61.4,59.3,57.7,59.4,59.8,50.0,44.2,47.9,45.3,50.0,45.7,45.1,47.9,52.6,50.6,47.6,38.3,31.7,28.6,29.2,29.8,30.4,31.6,32.7,33.3,34.2,35.3,36.2
12:24:46.600,77.9,56.9,70.7,65.0,65.8,64.4,63.9,63.9,69.8,71.3,64.4,60.7,57.9,58.0,58.2,59.1,50.3,45.5,51.6,52.5,53.8,47.7,48.7,48.8,51.9,49.3,45.8,38.8,33.6,30.0,30.5,30.8,31.6,32.2,33.0,33.8,34.7,35.5,36.4
12:24:47.600,76.6,54.5,71.3,60.8,60.2,55.3,58.2,68.1,69.5,69.6,66.2,65.9,60.6,61.4,60.5,55.2,51.7,44.8,49.1,48.0,52.1,47.5,45.5,45.6,48.3,47.5,43.4,37.9,30.7,29.2,29.7,30.1,30.7,31.5,32.4,33.3,34.3,35.4,36.1
12:24:48.600,78.0,53.6,71.0,63.9,65.8,64.6,65.8,68.0,67.1,65.7,66.4,63.9,61.6,57.8,59.4,55.6,51.0,43.9,48.0,46.2,48.7,46.4,45.1,45.1,48.4,46.1,43.2,36.6,30.8,28.7,29.6,30.1,31.1,31.8,32.7,33.5,34.3,35.3,36.3
12:24:49.600,76.7,54.3,69.5,65.2,66.7,67.3,61.1,66.3,67.5,66.2,64.2,58.9,58.2,56.8,58.4,57.2,48.8,44.6,46.5,46.7,55.5,47.5,44.2,45.1,48.2,45.8,41.9,36.8,30.4,28.6,29.1,29.5,30.6,31.3,32.3,33.1,34.2,35.3,36.3
12:24:50.600,76.7,53.7,70.2,57.6,61.0,64.4,66.4,70.2,62.1,67.3,66.4,63.7,61.5,55.3,60.9,53.2,48.9,44.0,41.8,45.9,50.5,46.1,44.4,48.6,47.8,44.8,40.9,35.8,29.3,28.5,29.3,29.8,30.4,31.6,32.4,33.2,34.2,35.3,36.2
12:24:51.600,78.0,54.7,69.4,69.7,67.5,63.2,64.2,67.5,65.8,64.1,64.3,60.2,63.0,57.4,58.4,53.3,49.6,46.5,46.0,49.9,55.3,47.5,46.1,49.0,48.0,45.6,43.7,36.8,30.2,28.4,29.2,29.9,30.6,31.6,32.4,33.4,34.2,35.2,36.3
12:24:52.600,78.9,53.8,70.9,71.2,70.1,69.3,67.2,72.3,68.6,66.8,64.5,64.0,63.3,61.8,62.1,56.6,52.9,49.8,46.4,47.0,47.8,44.8,45.5,48.4,48.0,44.5,42.0,34.5,29.1,28.3,28.8,29.8,30.8,31.2,32.2,33.2,34.3,35.4,36.2
12:24:53.600,77.0,53.9,69.8,64.8,68.2,69.8,64.4,66.4,67.3,67.9,65.8,62.3,62.3,57.0,59.0,53.3,50.1,48.3,44.4,41.7,47.8,45.3,45.2,47.1,47.7,47.6,43.4,36.1,29.6,28.5,29.1,29.8,30.4,31.5,32.5,33.6,34.4,35.1,36.3
12:24:54.600,78.0,54.4,69.3,65.8,69.9,71.1,69.5,69.7,69.7,64.9,61.9,58.2,58.2,55.4,56.5,51.8,50.2,47.3,43.5,43.8,44.2,46.4,44.4,46.2,47.9,48.5,46.5,37.1,30.2,28.5,28.8,29.6,30.4,31.5,32.4,33.2,34.1,35.1,36.2
12:24:55.600,76.5,53.6,68.6,64.0,63.6,67.5,70.3,68.4,68.7,61.9,59.2,59.1,60.2,56.7,58.4,53.7,50.7,48.7,45.4,42.4,44.4,46.5,46.5,46.7,47.3,45.8,44.5,37.0,30.3,28.4,29.1,29.5,30.4,31.4,32.4,33.4,34.3,35.2,36.1
12:24:56.600,79.8,52.4,72.2,69.3,68.6,66.5,72.8,75.5,69.5,67.5,64.6,65.6,62.6,55.8,59.7,55.9,49.5,48.4,45.2,41.5,43.9,48.5,45.2,44.8,45.8,44.3,41.8,35.9,29.7,28.3,28.7,29.9,30.3,31.5,32.3,33.0,34.2,35.2,36.2
12:24:57.600,80.8,54.1,72.9,68.0,68.8,72.2,74.0,73.5,69.5,71.5,64.4,67.3,63.5,59.3,57.4,51.4,53.2,49.2,49.6,49.0,52.2,52.1,45.9,46.3,46.5,44.5,41.9,34.8,29.5,28.6,29.2,29.9,30.6,31.3,32.3,33.1,34.1,35.2,36.2
12:24:58.600,77.5,54.5,70.1,64.7,68.0,69.7,71.1,63.1,67.4,66.1,65.1,61.4,60.4,57.2,54.0,53.4,51.7,47.5,45.5,52.0,49.2,51.2,45.1,45.7,47.2,45.9,43.1,36.3,29.3,28.4,29.1,29.5,30.5,31.3,32.5,33.2,34.2,35.2,36.2
12:24:59.600,77.9,54.0,71.0,54.6,61.0,67.5,70.8,71.5,69.6,67.5,67.6,63.1,60.1,56.9,55.7,55.1,52.0,48.4,48.8,48.4,50.1,51.3,44.7,46.5,46.9,46.4,41.6,34.8,29.7,29.3,29.6,29.8,30.7,31.8,32.4,33.4,34.1,35.3,36.3
