AMBIENT,65.0,40.5,49.4,48.5,45.6,43.9,43.9,46.1,43.5,42.7,42.8,43.8,39.6,38.7,38.7,35.7,33.1,32.2,32.8,33.0,32.9,32.1,30.4,30.1,28.7,27.5,26.9,26.8,29.1,31.7,29.4,29.1,22.1,21.6,22.6,23.1,23.8,24.7,25.7
12:19:53.140,60.2,37.5,49.4,48.3,46.2,44.5,49.3,49.5,44.9,43.8,43.0,42.8,40.6,37.0,39.6,33.6,33.8,31.9,33.2,33.5,35.1,34.0,30.6,30.0,27.9,26.5,23.7,23.7,21.9,20.1,19.6,19.9,20.1,21.1,22.1,22.8,23.8,24.6,25.7
12:19:54.140,60.8,37.5,48.8,42.5,44.9,43.5,43.7,41.0,43.1,45.6,42.8,40.6,39.1,38.5,39.7,35.9,31.3,30.5,31.7,31.8,31.6,33.0,31.1,31.3,28.9,26.0,22.5,21.2,18.7,19.1,20.7,22.7,22.4,22.0,22.2,22.8,23.6,24.7,25.6
12:19:55.140,64.8,37.7,49.8,47.2,44.8,45.5,48.7,50.9,39.2,45.2,42.4,44.1,41.0,38.4,38.4,33.0,30.8,29.5,31.3,34.1,33.9,34.5,32.0,30.1,29.0,26.5,21.2,20.2,18.8,18.7,19.0,20.1,20.2,20.4,22.0,22.8,23.6,24.6,25.6
12:19:56.140,62.5,37.5,48.7,44.5,42.3,45.7,45.3,40.2,42.9,39.6,39.3,42.5,37.9,37.6,38.4,35.3,30.6,32.0,32.5,31.4,31.5,33.9,30.1,29.4,28.0,25.3,20.1,22.0,20.9,19.2,23.2,26.8,24.4,21.2,22.2,22.8,23.8,24.7,25.7
12:19:57.140,62.5,37.5,48.5,46.5,46.8,42.3,43.2,47.6,43.2,41.9,42.0,42.6,37.5,36.7,38.3,31.9,32.4,32.4,31.0,31.3,32.7,33.1,31.0,32.3,30.4,25.8,21.3,18.3,18.9,18.6,20.6,19.9,20.0,20.7,21.9,22.7,23.6,24.7,25.5
12:19:58.140,63.0,37.2,48.7,42.6,42.5,42.5,44.3,40.8,43.8,42.6,40.2,42.8,38.9,37.0,37.8,35.8,30.2,31.6,30.2,32.6,33.2,30.9,31.3,31.0,28.6,24.6,22.0,19.3,18.5,18.9,20.8,23.4,22.9,21.2,22.0,22.8,23.7,24.7,25.6
12:19:59.140,60.7,37.8,48.8,45.3,46.4,42.7,42.5,45.1,38.4,42.7,41.1,41.6,40.7,39.4,38.0,32.7,32.5,34.7,31.8,33.4,33.7,33.2,30.4,30.2,29.1,25.7,20.9,20.5,19.0,19.0,18.8,19.8,20.0,21.1,22.3,22.7,23.6,24.5,25.7
12:20:00.140,59.6,38.9,48.3,40.1,45.1,41.6,45.4,43.3,43.2,41.8,39.1,42.1,39.6,38.1,38.4,33.5,31.0,32.2,30.7,32.3,31.0,32.8,30.0,29.1,28.7,26.5,25.1,24.7,21.8,24.2,28.9,27.7,21.7,21.4,22.5,22.6,23.6,24.6,25.7
12:20:01.140,57.0,38.6,48.5,45.8,45.7,41.3,44.7,46.6,43.1,37.6,39.8,43.4,41.2,39.7,38.1,31.6,31.1,33.1,32.5,33.1,31.3,31.8,30.8,30.5,29.8,26.9,22.3,21.9,20.0,21.0,25.7,29.2,25.3,21.2,22.2,22.7,23.7,24.7,25.8
12:20:02.140,56.5,37.4,49.3,42.3,43.5,42.3,45.1,48.2,45.6,41.8,43.6,44.4,40.4,37.7,37.9,34.1,28.9,32.8,32.5,32.0,31.1,31.5,32.3,30.9,30.9,27.1,21.2,19.8,19.4,18.9,20.0,19.2,20.3,20.8,21.7,22.7,23.6,24.6,25.7
12:20:03.140,59.2,37.6,48.9,44.7,47.9,44.8,41.7,46.5,38.8,43.9,43.4,41.9,41.1,37.1,37.3,32.0,30.5,32.4,32.2,31.9,30.8,31.9,29.8,31.2,31.1,26.8,21.1,21.4,20.4,20.3,23.7,21.9,20.2,20.5,21.9,22.9,23.8,24.6,25.7
12:20:04.140,60.8,37.5,48.9,46.4,42.7,40.8,42.8,42.5,46.1,41.7,40.6,42.0,39.4,38.0,39.6,32.4,30.6,34.7,31.9,34.1,32.0,30.3,31.5,31.2,29.7,27.2,21.4,18.1,16.9,18.0,18.3,20.3,20.8,20.9,22.0,22.7,23.7,24.7,25.7
12:20:05.140,62.4,37.2,48.1,45.2,44.9,41.3,38.8,38.9,40.8,41.0,41.1,43.4,37.5,37.0,40.0,32.0,29.8,32.0,33.6,33.1,30.8,30.4,29.6,30.6,29.1,26.6,21.1,18.0,17.4,19.8,27.5,20.5,20.6,21.1,21.8,22.7,23.7,24.6,25.5
12:20:06.140,59.4,36.7,49.1,45.8,42.9,38.9,46.2,48.1,41.5,44.9,41.7,40.6,36.9,40.0,40.4,34.6,29.4,32.3,32.4,33.5,30.9,30.6,29.7,30.3,28.6,25.8,20.7,19.4,20.8,20.7,19.6,19.7,20.3,20.9,22.1,23.0,23.9,24.7,25.7
12:20:07.140,80.6,62.6,72.8,60.8,62.3,63.7,63.9,68.5,69.2,69.9,69.2,62.8,56.9,55.5,57.9,50.6,47.8,53.4,50.8,54.2,62.2,56.7,56.7,51.7,48.2,43.6,32.2,21.0,17.9,17.9,17.7,18.4,19.7,20.7,21.5,22.6,23.5,24.7,25.5
12:20:08.140,80.5,58.0,72.5,63.3,65.5,63.7,66.2,70.0,69.8,67.9,62.2,60.4,59.0,49.6,50.1,48.7,45.2,48.4,50.2,54.5,57.9,57.4,55.0,51.4,49.3,45.4,35.2,21.1,18.9,18.5,21.9,25.1,24.1,20.7,21.9,22.8,23.6,24.6,25.6
12:20:09.140,96.5,61.6,90.7,73.5,71.7,82.5,90.7,89.7,90.3,91.3,88.1,81.5,79.5,76.7,70.4,66.8,55.6,52.7,53.4,57.4,59.5,57.8,56.1,54.7,52.0,46.7,36.8,23.8,18.6,17.8,18.0,18.8,19.9,21.2,22.6,22.8,23.8,24.5,25.6
12:20:10.140,99.8,67.8,94.9,77.1,79.8,82.7,87.6,91.8,94.4,95.1,91.3,85.9,83.2,79.3,74.7,71.1,61.5,59.1,60.1,63.5,65.5,63.8,62.6,60.2,58.5,51.7,42.0,29.0,19.9,19.0,18.8,20.1,19.9,21.0,22.0,22.6,23.7,24.6,25.6
12:20:11.140,99.6,74.5,95.3,76.8,78.4,78.1,87.9,90.4,89.2,94.2,89.6,91.1,85.6,80.6,81.9,74.0,68.0,63.5,66.9,71.1,73.6,73.3,71.0,67.4,62.1,56.5,50.0,36.6,25.3,22.7,24.5,26.7,25.2,23.9,24.2,24.5,24.6,25.0,25.7
12:20:12.140,100.2,79.0,96.1,74.8,72.4,78.6,86.4,93.0,92.5,91.7,92.1,89.3,87.6,80.1,80.3,76.0,72.0,69.6,72.0,74.1,78.5,77.3,75.2,72.7,64.9,58.9,52.8,41.9,30.1,20.8,19.8,20.2,20.8,21.5,22.5,23.0,23.8,24.6,25.8
12:20:13.140,104.3,82.0,98.7,79.0,83.6,87.2,94.1,96.8,99.6,91.7,90.3,87.3,82.5,80.9,85.3,80.9,78.1,73.3,75.0,76.4,80.6,80.4,78.8,75.5,69.6,62.4,57.4,48.2,38.4,28.0,22.0,23.8,23.6,21.8,22.8,23.1,23.9,24.8,25.6
12:20:14.140,105.8,85.3,101.1,78.9,82.6,86.3,94.1,97.7,99.1,99.3,94.8,89.9,91.4,88.9,90.4,85.0,82.7,79.7,77.2,79.4,81.8,84.3,82.6,80.0,75.2,68.7,66.4,57.7,49.8,41.1,29.0,21.4,20.7,21.6,23.3,22.9,23.9,24.8,25.6
12:20:15.140,106.3,87.2,102.2,84.8,83.4,88.9,96.4,98.0,97.0,98.8,97.2,93.6,92.3,94.1,92.5,89.1,86.2,80.7,79.3,80.3,82.1,86.3,85.5,80.5,76.5,71.5,70.5,63.8,55.7,46.0,37.8,26.5,20.3,20.7,21.7,22.7,23.7,24.6,25.6
12:20:16.140,108.1,87.1,103.6,84.7,84.6,90.1,97.9,98.8,102.2,97.6,92.9,91.0,95.8,96.9,92.8,88.6,85.6,81.0,81.2,80.5,82.5,86.2,85.4,80.5,74.1,70.5,69.8,62.1,55.3,44.1,32.9,24.7,20.5,20.9,21.8,22.8,23.7,24.6,25.6
12:20:17.140,104.8,88.0,101.7,83.9,81.6,85.5,91.1,94.3,93.8,93.7,91.6,92.2,95.2,96.2,90.4,84.8,82.3,82.2,82.1,83.2,83.6,85.6,86.1,82.3,74.3,69.9,68.8,61.8,53.1,48.3,34.7,24.2,20.2,20.5,21.7,22.8,23.6,24.7,25.6
12:20:18.140,103.9,90.4,101.3,83.8,87.1,90.6,88.6,92.0,94.6,94.8,92.1,94.5,96.6,95.3,89.1,89.6,83.3,83.9,83.2,83.8,85.2,88.2,88.7,84.8,78.1,74.5,75.1,69.7,59.0,56.2,45.6,38.7,30.7,22.3,23.1,22.7,23.7,24.6,25.7
12:20:19.140,105.7,90.5,102.7,85.1,88.9,95.7,94.6,93.5,94.2,93.1,93.1,96.8,97.9,93.6,90.6,92.2,86.7,82.0,83.9,85.1,86.5,88.5,87.9,83.9,78.5,75.2,71.2,67.8,60.4,53.0,43.8,32.3,24.1,21.3,21.7,22.8,23.7,24.7,25.8
12:20:20.140,108.1,94.0,106.1,83.0,89.3,90.7,88.3,91.9,97.0,94.7,94.5,98.2,101.4,96.2,97.0,94.9,90.1,85.8,86.0,89.0,88.8,89.8,89.9,89.1,85.0,81.0,77.0,70.9,66.4,60.9,51.0,42.9,35.9,25.8,22.2,22.7,23.5,24.7,25.7
12:20:21.140,110.9,99.5,109.3,91.8,93.4,94.2,94.2,95.4,94.8,96.4,97.7,102.8,102.4,102.3,101.7,97.0,90.6,90.1,96.5,98.0,97.8,96.1,92.4,92.9,91.3,87.9,85.1,82.7,79.5,76.1,72.1,66.7,61.0,53.2,46.5,40.8,32.5,26.1,25.7
12:20:22.140,109.2,97.1,107.8,89.6,87.7,87.1,85.8,91.0,93.2,97.0,97.0,98.6,102.0,101.5,100.0,89.8,86.7,88.2,92.3,94.6,94.1,92.2,88.7,87.0,88.2,84.1,83.0,80.5,75.5,70.3,64.9,58.1,51.2,43.8,36.2,28.9,25.1,24.8,25.5
12:20:23.140,105.3,90.2,102.7,83.7,87.1,87.0,88.4,91.2,92.5,94.9,94.9,94.2,95.3,93.1,90.1,89.7,85.1,88.0,90.2,90.7,85.6,84.2,86.9,83.5,80.4,78.4,77.5,73.5,67.1,61.6,55.3,46.4,39.3,29.0,22.4,22.8,23.6,24.7,25.7
12:20:24.140,106.1,88.0,103.9,83.9,77.7,79.1,85.8,91.1,91.3,94.6,97.4,97.5,96.8,95.4,91.0,85.8,82.9,84.6,88.7,86.5,85.0,82.8,83.2,80.0,77.6,74.7,71.1,70.6,63.7,56.2,47.8,36.6,28.6,21.4,21.8,22.7,23.7,24.7,25.5
12:20:25.140,106.4,87.8,104.1,81.6,85.9,89.3,90.9,91.0,90.1,92.8,98.4,101.6,99.5,95.8,91.1,83.6,82.6,85.4,86.1,85.8,86.9,81.7,82.7,77.8,77.2,75.5,72.8,69.6,63.8,58.9,50.8,40.0,28.3,21.8,21.6,22.8,23.7,24.5,25.8
12:20:26.140,108.0,90.6,105.7,79.4,80.5,87.7,91.5,93.1,96.2,98.7,101.0,103.7,99.8,96.1,94.2,85.8,85.0,86.0,90.3,91.9,87.9,82.5,84.2,82.0,82.5,80.4,78.9,76.5,73.8,68.8,61.5,52.6,43.3,32.8,23.7,22.7,23.7,24.6,25.6
12:20:27.140,108.2,91.1,105.7,74.5,81.9,89.7,91.1,92.2,98.6,98.8,98.2,99.9,97.2,95.4,93.3,87.6,86.7,89.6,92.5,92.1,86.9,82.5,86.6,82.2,83.5,81.1,78.8,77.2,72.7,67.3,58.1,49.7,42.5,33.7,24.2,22.8,23.6,24.8,25.8
12:20:28.140,111.2,93.1,108.2,76.6,83.5,91.0,92.9,98.9,102.2,102.6,104.3,103.5,100.0,99.2,92.3,88.1,87.7,90.0,93.6,92.0,89.2,86.0,89.0,83.6,84.1,80.0,77.3,76.7,74.4,69.3,63.6,56.3,50.9,43.0,33.0,26.3,24.2,24.6,25.6
12:20:29.140,111.4,93.4,108.4,86.1,86.2,92.2,96.6,99.1,100.6,105.4,103.6,103.4,102.0,95.9,92.8,90.2,88.1,92.4,95.8,94.5,88.7,86.9,88.7,82.9,83.3,84.0,81.0,77.7,75.3,72.1,65.3,59.4,54.8,47.2,37.8,29.3,25.2,24.8,25.8
12:20:30.140,109.6,92.1,106.6,80.3,79.2,87.9,95.4,99.0,101.3,103.0,100.5,101.3,97.2,95.2,93.0,86.4,87.2,91.9,93.4,91.2,85.3,84.9,85.4,83.7,81.4,80.6,79.5,77.0,73.0,69.3,63.1,56.8,49.4,39.8,30.7,24.7,23.7,24.7,25.6
12:20:31.140,111.1,94.2,108.1,87.7,89.2,91.7,94.0,99.9,102.1,103.3,104.7,102.8,97.8,96.4,95.7,89.7,92.6,95.5,95.2,93.3,86.4,90.2,88.9,87.8,85.5,83.7,81.3,78.1,74.3,71.4,66.4,60.8,53.8,48.4,45.3,40.4,31.4,25.4,25.6
12:20:32.140,112.0,92.6,108.0,88.0,91.4,91.4,100.4,103.1,104.0,105.2,105.2,100.9,98.0,95.1,93.9,87.5,88.8,92.9,93.8,92.0,85.0,89.2,86.3,86.0,81.0,80.3,77.5,75.1,72.7,69.9,65.2,58.4,51.2,42.7,32.8,25.5,24.0,24.5,25.6
12:20:33.140,110.7,87.6,106.3,91.9,94.1,96.1,97.8,101.7,103.4,103.0,102.0,101.5,98.2,93.7,88.5,85.4,85.9,89.0,90.0,87.0,80.3,81.7,78.7,79.8,78.3,75.7,72.7,69.9,64.7,59.5,52.4,44.6,36.5,27.2,22.5,22.7,23.6,24.6,25.7
12:20:34.140,111.3,95.1,107.5,89.4,92.8,90.7,98.7,107.7,104.3,100.7,100.2,102.8,96.6,95.1,93.5,86.3,92.9,95.4,95.7,91.6,88.2,90.5,86.0,87.0,85.4,83.5,81.7,80.8,78.3,74.7,69.9,66.0,62.5,56.7,49.0,41.3,31.0,25.9,25.8
12:20:35.140,111.4,91.3,107.4,85.1,91.2,97.7,99.9,100.7,98.2,104.8,101.8,99.6,99.9,94.3,89.8,88.1,91.6,94.4,93.8,85.9,84.8,86.2,81.4,80.9,79.0,77.0,75.5,72.8,69.9,66.2,61.5,56.6,50.2,41.1,31.3,25.6,24.7,24.9,25.6
12:20:36.140,110.3,88.3,105.6,92.0,94.6,95.0,101.1,101.9,102.7,103.0,101.2,98.2,96.8,90.1,85.7,83.7,90.5,90.7,90.1,85.9,84.1,85.7,82.8,80.6,79.1,74.8,70.4,68.0,62.5,57.8,50.8,41.9,32.8,25.0,24.0,23.9,24.1,24.8,25.7
12:20:37.140,112.8,91.4,107.8,92.0,93.0,93.6,100.3,101.5,104.0,106.6,103.0,100.7,98.9,94.6,88.0,89.9,94.1,93.5,93.3,86.7,87.1,84.8,83.0,82.5,82.5,80.7,78.5,75.4,72.2,67.7,62.1,56.0,49.7,40.9,31.3,24.2,23.8,24.8,25.7
12:20:38.140,111.8,92.8,107.7,87.6,88.8,94.1,98.4,102.9,105.1,104.6,99.3,104.7,94.0,89.7,86.0,90.5,96.3,96.1,92.9,86.4,90.3,86.7,85.8,84.1,83.4,80.5,77.9,75.5,71.4,68.0,62.7,57.2,52.1,45.1,37.2,29.3,24.3,24.7,25.6
12:20:39.140,111.9,91.1,108.0,92.8,94.6,94.5,98.8,102.2,97.9,104.3,106.6,100.9,97.4,91.5,86.9,91.1,93.0,94.2,88.7,85.0,89.2,84.1,86.3,83.1,80.6,79.0,77.4,75.5,72.7,69.5,64.9,59.8,54.8,47.7,39.8,30.4,24.1,24.7,25.5
12:20:40.140,114.2,94.2,109.2,92.3,95.7,102.4,102.5,106.8,105.3,107.0,103.9,100.8,98.6,90.9,89.2,93.4,97.9,97.3,93.0,91.1,92.4,88.0,86.9,86.4,85.3,84.0,82.0,80.3,78.1,75.3,70.1,64.6,59.0,51.9,47.2,40.9,31.0,25.0,25.6
12:20:41.140,113.4,94.2,108.7,91.9,95.9,99.8,104.5,107.3,105.8,105.1,104.4,100.8,96.1,91.2,88.6,95.5,100.2,97.6,91.7,93.5,93.4,89.1,87.0,86.7,84.9,83.6,81.1,79.5,76.8,72.7,68.6,62.8,57.2,50.6,42.5,34.1,25.7,24.6,25.6
12:20:42.140,112.4,90.3,106.8,95.7,100.8,102.4,103.9,103.7,103.2,102.8,101.4,100.7,94.6,85.5,88.8,96.2,96.5,91.7,85.2,90.4,85.9,86.1,82.0,81.0,79.2,76.9,72.2,68.9,65.6,59.9,53.0,45.7,37.4,28.6,23.2,22.7,23.6,24.7,25.5
12:20:43.140,111.5,91.2,106.5,90.0,91.6,96.5,102.1,103.3,100.7,101.8,100.0,100.8,95.3,86.5,92.3,96.1,98.0,93.3,86.4,91.6,85.8,86.7,84.9,82.4,80.7,80.0,78.1,76.5,74.4,71.3,66.2,60.5,55.0,47.3,37.8,27.2,23.8,24.7,25.8
12:20:44.140,112.3,92.1,107.3,91.4,98.1,103.0,102.6,103.0,104.0,102.4,99.1,98.2,94.8,86.1,94.9,97.7,97.9,92.4,89.0,92.1,86.7,87.0,85.0,81.0,79.0,76.6,74.5,72.6,69.5,64.7,58.4,51.5,43.8,34.2,25.2,23.1,23.6,24.6,25.7
12:20:45.140,112.9,90.6,106.7,89.3,100.1,107.1,107.1,106.1,99.1,100.5,102.4,98.2,88.7,87.9,93.1,97.5,95.6,89.7,88.1,90.8,84.9,84.7,81.7,81.4,78.4,76.0,71.7,67.5,64.1,59.7,54.9,47.8,40.5,31.8,24.8,22.9,23.8,24.6,25.6
12:20:46.140,111.8,88.5,105.1,100.8,96.3,103.4,106.4,101.7,103.5,99.7,98.4,92.6,88.4,86.7,93.5,95.3,94.9,87.4,88.1,88.0,84.6,82.8,81.0,79.2,75.3,73.1,69.3,66.1,61.5,56.6,51.0,43.7,36.6,28.8,23.4,22.8,23.8,24.8,25.6
12:20:47.140,111.9,93.0,106.7,98.8,101.6,98.1,100.6,104.5,105.9,104.9,100.9,97.1,89.6,91.1,96.4,96.0,94.3,85.4,92.1,87.8,90.4,87.5,87.5,85.8,83.9,82.6,81.1,80.2,78.6,76.0,71.1,66.3,62.6,56.2,48.7,40.1,28.8,24.8,25.8
12:20:48.140,110.7,92.0,105.8,93.4,98.9,103.6,98.3,96.8,102.8,96.1,99.8,95.8,85.6,90.4,96.1,98.1,96.0,86.3,94.2,88.9,90.7,87.2,86.3,83.8,81.4,79.0,75.6,73.0,69.4,65.2,58.6,51.7,45.9,38.5,30.0,24.3,23.9,24.6,25.6
12:20:49.140,108.8,85.4,103.3,99.7,98.7,96.3,96.1,100.4,99.9,100.3,97.1,92.6,83.2,89.2,94.8,93.6,91.0,82.0,88.5,82.6,83.5,79.6,78.2,75.3,73.7,71.0,66.2,58.5,53.0,47.1,39.8,32.8,25.5,22.0,21.9,22.7,23.6,24.6,25.6
12:20:50.140,107.1,84.5,101.8,88.6,94.9,100.5,96.3,96.0,95.8,97.1,92.3,89.8,83.4,91.6,93.7,93.5,90.9,84.3,88.6,81.9,80.8,76.4,75.2,71.6,69.2,65.9,62.8,58.5,52.2,46.0,38.2,30.0,23.8,21.1,21.7,22.6,23.6,24.6,25.7
12:20:51.140,105.3,86.2,100.6,89.6,93.2,95.0,94.1,97.6,92.3,95.5,96.0,89.3,87.1,88.9,90.7,91.0,89.1,84.7,89.3,82.2,84.4,82.6,79.7,77.0,73.5,70.7,66.2,61.5,56.3,48.1,40.1,31.9,23.8,21.2,21.8,22.5,23.7,24.7,25.6
12:20:52.140,103.8,81.3,99.3,84.2,89.4,87.8,95.0,95.0,91.4,92.2,91.9,84.0,82.4,90.0,91.5,92.9,85.2,81.5,83.2,77.7,76.8,76.6,74.9,71.7,67.6,62.5,57.6,51.3,45.4,36.9,29.3,22.7,20.5,21.3,22.1,23.0,23.7,24.7,25.7
12:20:53.140,103.0,83.0,98.4,89.4,92.6,92.4,95.1,95.1,90.2,92.3,89.0,82.8,79.8,89.9,91.7,89.8,83.8,84.6,85.0,81.6,81.0,80.7,76.9,72.3,68.6,65.9,61.9,56.0,49.5,40.1,29.3,20.8,19.8,20.7,21.7,22.8,23.6,24.7,25.7
12:20:54.140,103.9,81.7,99.3,84.5,83.8,94.8,97.4,96.3,93.7,95.1,92.0,86.0,82.2,88.6,94.7,92.9,86.0,86.0,84.7,80.2,76.7,75.0,74.7,71.2,68.8,66.7,63.4,58.4,54.2,46.8,37.5,27.6,21.2,20.9,21.6,22.8,23.8,24.6,25.6
12:20:55.140,104.4,80.7,99.1,89.0,94.1,94.4,94.1,95.7,97.5,95.3,87.0,83.0,83.2,89.6,92.3,90.3,81.3,85.1,82.7,80.0,77.2,75.1,70.4,66.2,63.0,58.4,52.0,45.5,39.3,33.1,28.2,22.9,20.9,21.0,21.8,22.8,23.6,24.6,25.7
12:20:56.140,103.0,80.7,98.4,91.3,89.7,89.2,92.9,93.2,90.5,91.3,88.5,82.9,85.3,90.1,93.1,91.3,82.0,85.9,81.8,79.6,76.4,74.6,72.2,69.2,66.2,60.9,54.8,47.8,40.5,31.6,22.1,19.2,20.1,20.8,22.0,22.8,23.6,24.5,25.6
12:20:57.140,103.6,81.5,99.5,92.1,93.0,92.4,93.2,96.2,95.5,95.2,86.3,80.2,85.2,92.3,94.2,93.3,83.0,87.6,84.3,83.3,78.1,73.9,69.6,67.9,64.6,59.8,56.2,47.0,37.5,28.2,20.8,19.2,20.1,20.9,22.0,22.5,23.7,24.6,25.5
12:20:58.140,103.1,77.6,97.3,90.8,92.7,93.2,94.0,92.9,93.6,93.1,87.8,81.9,84.4,89.8,90.0,86.5,77.2,83.7,77.8,78.0,73.5,73.1,69.2,62.8,58.1,50.7,42.8,33.7,24.4,18.8,20.6,19.2,21.8,21.7,22.0,22.8,23.6,24.9,25.6
12:20:59.140,102.7,77.2,96.4,90.2,93.3,95.1,93.5,92.7,90.8,89.8,86.3,83.5,83.3,88.7,89.9,85.7,77.3,81.8,74.8,79.2,75.2,73.3,70.3,67.5,64.3,59.3,54.9,48.2,40.8,30.7,24.7,20.0,20.0,20.7,21.7,22.8,23.7,24.6,25.6
12:21:00.140,101.8,75.7,96.2,88.0,87.7,87.5,93.1,90.1,87.9,89.0,88.3,81.0,85.8,90.0,91.5,84.1,77.5,81.1,75.8,75.6,72.4,69.8,63.4,59.8,55.1,48.4,41.2,31.4,24.9,22.4,25.1,20.8,19.9,20.5,21.6,22.6,23.6,24.5,25.7
12:21:01.140,101.5,76.4,96.2,88.3,90.4,91.1,90.6,91.1,93.5,89.7,85.6,81.3,86.9,89.7,89.8,85.0,79.7,82.9,77.4,77.3,72.9,67.6,63.0,62.2,54.8,47.4,38.8,27.4,22.1,22.5,24.3,20.3,19.9,20.6,21.7,22.7,23.6,24.7,25.6
12:21:02.140,101.2,76.4,97.3,87.6,87.6,87.7,90.5,91.0,85.8,86.9,84.2,82.6,86.6,93.4,90.3,85.9,80.5,83.6,76.5,75.8,69.5,64.0,59.4,56.0,50.8,41.9,32.9,23.2,17.4,18.1,19.6,21.3,19.9,20.7,21.7,22.7,23.7,24.7,25.7
12:21:03.140,103.1,77.6,97.6,91.5,90.2,90.4,92.4,93.1,92.8,87.9,86.7,82.6,85.5,90.6,92.2,88.1,81.1,85.6,78.1,78.0,73.4,69.6,66.1,59.7,52.8,44.4,34.2,23.0,17.6,20.3,24.3,20.8,20.4,20.8,21.9,22.7,23.6,24.6,25.6
12:21:04.140,103.0,75.1,95.8,92.7,92.6,94.1,88.1,90.2,91.3,89.3,83.2,80.7,85.7,88.0,88.6,84.2,79.5,82.3,74.6,75.8,69.3,64.7,60.9,55.7,48.7,40.2,31.3,21.6,18.4,17.8,19.6,19.3,19.9,20.8,21.9,22.6,23.7,24.6,25.7
12:21:05.140,101.9,72.6,94.8,79.9,88.1,92.5,92.6,94.5,92.7,89.8,86.1,78.8,83.3,87.6,88.7,82.6,76.3,79.7,69.9,69.6,70.4,64.4,57.6,52.5,46.5,38.4,28.6,21.4,19.2,17.5,18.4,19.1,21.7,21.1,21.7,22.9,23.6,24.6,25.6
12:21:06.140,100.9,71.2,93.9,86.0,90.6,93.0,90.4,92.1,90.9,87.8,79.4,78.5,85.5,87.7,86.8,79.2,75.3,77.7,72.7,70.2,67.9,62.1,56.7,50.4,44.3,37.1,28.6,21.2,24.1,24.6,28.5,24.1,21.1,21.3,21.8,22.6,23.7,24.7,25.6
12:21:07.140,100.4,71.9,94.3,90.8,87.3,90.3,92.6,91.4,93.2,91.0,85.0,77.7,85.7,89.8,85.5,80.9,77.8,79.8,72.7,71.5,68.1,64.0,57.8,51.2,44.2,35.8,26.4,18.2,22.2,22.7,21.6,19.9,21.8,21.1,21.6,22.6,23.6,24.7,25.6
12:21:08.140,101.7,72.9,95.0,91.0,94.6,95.3,90.1,89.0,90.5,89.7,83.6,82.3,86.1,88.1,85.4,80.7,77.1,79.3,74.1,70.9,67.9,61.8,56.0,50.3,42.9,35.1,26.3,18.0,17.3,18.1,19.1,19.1,19.6,20.8,21.9,22.5,23.7,24.6,25.7
12:21:09.140,102.0,73.8,95.6,84.1,88.7,95.4,97.1,92.9,89.4,92.3,86.9,80.2,86.5,91.1,88.5,81.3,79.2,81.0,77.3,73.7,71.0,67.5,63.3,55.7,47.4,38.2,27.5,20.8,18.8,25.2,28.5,27.9,20.5,20.8,21.9,22.9,23.7,24.5,25.6
12:21:10.140,101.8,71.1,94.7,89.2,94.5,93.3,92.3,92.7,89.9,91.9,83.2,79.8,84.1,88.7,87.6,80.4,75.1,77.5,73.5,69.9,65.4,61.2,54.9,48.2,41.3,34.6,25.2,19.2,17.4,18.8,20.8,21.5,20.4,21.0,21.6,22.7,23.6,24.7,25.5
12:21:11.140,103.1,69.6,95.0,93.3,95.0,96.4,89.6,89.0,92.4,92.4,80.8,80.3,87.0,87.6,86.4,78.2,75.9,76.7,66.3,63.2,60.5,54.3,52.0,46.3,41.4,35.0,26.6,20.6,25.3,25.0,33.9,34.9,26.2,24.4,22.9,22.8,23.6,24.7,25.7
12:21:12.140,103.8,70.1,94.7,97.4,98.1,93.7,92.1,97.2,91.8,91.1,82.4,80.1,85.5,87.5,86.3,76.5,79.1,76.7,68.5,65.3,59.3,60.5,56.7,48.9,46.0,37.9,28.1,21.9,23.6,29.0,34.9,42.3,27.4,26.9,25.4,22.6,23.7,24.8,25.6
12:21:13.140,105.1,71.9,95.4,92.1,96.2,99.5,98.2,95.4,92.9,90.8,79.6,77.9,87.6,90.7,87.3,79.4,80.1,80.7,75.6,69.0,66.2,64.4,59.1,54.8,49.9,40.0,30.8,20.3,17.9,18.7,20.1,19.8,21.3,20.9,21.8,22.7,23.7,24.6,25.6
12:21:14.140,101.6,71.3,94.0,84.6,88.6,93.2,92.2,90.8,90.9,88.4,81.4,79.5,88.6,89.9,84.7,78.0,80.1,79.1,74.6,69.1,66.1,61.2,54.6,48.0,46.1,36.3,27.3,21.2,20.2,23.0,26.2,28.9,21.2,21.7,21.9,22.6,23.8,24.6,25.6
12:21:15.140,100.5,69.2,92.8,91.4,89.6,87.2,94.6,93.5,87.7,87.2,82.2,81.7,85.5,86.2,83.9,77.0,76.5,74.7,69.9,65.0,60.8,55.7,51.1,46.5,45.3,35.9,26.4,20.4,19.5,29.9,33.8,38.7,26.0,26.2,23.0,22.8,23.6,24.7,25.7
12:21:16.140,101.7,68.5,92.8,92.7,90.2,91.5,91.4,91.6,89.4,85.9,76.9,80.5,83.1,87.6,83.7,75.6,76.2,75.0,71.5,62.8,58.5,54.9,49.8,44.8,41.5,34.7,25.7,17.9,17.1,18.0,23.9,19.7,20.0,22.0,23.0,22.8,23.5,24.6,25.7
12:21:17.140,100.6,66.9,91.9,93.1,91.3,93.4,89.6,90.2,90.0,85.4,78.0,76.0,83.9,85.9,83.2,74.3,73.3,71.3,70.1,64.8,57.8,52.2,47.9,43.9,41.2,35.8,25.8,18.2,18.7,19.9,19.5,25.1,22.1,24.5,22.8,22.7,23.8,24.6,25.5
12:21:18.140,99.4,68.6,91.6,85.2,89.4,90.1,91.3,91.6,87.0,82.0,82.2,77.5,83.6,86.4,85.1,76.1,75.5,75.1,69.7,64.4,60.8,55.4,47.3,43.6,42.3,37.1,25.3,20.1,21.0,26.9,35.3,37.5,23.3,22.8,22.3,22.8,23.5,24.6,25.7
12:21:19.140,102.2,70.6,92.4,93.7,94.0,92.1,93.7,92.0,88.0,83.2,81.4,79.4,83.1,86.8,83.6,75.5,78.5,76.2,75.5,68.4,65.3,58.4,50.8,45.9,42.4,35.2,26.8,18.6,17.4,18.7,19.8,22.2,20.2,21.1,21.7,22.4,23.6,24.7,25.8
12:21:20.140,100.6,68.8,92.2,88.0,90.6,92.9,92.0,91.0,89.6,88.3,80.1,79.0,83.9,85.3,82.8,74.5,77.8,74.2,70.8,66.7,62.7,56.2,50.4,45.6,42.1,35.5,26.7,19.4,19.9,23.2,23.3,22.1,20.2,20.9,21.8,22.7,23.6,24.7,25.7
12:21:21.140,99.0,66.6,91.3,87.1,84.5,83.6,89.9,91.8,86.7,79.7,79.3,76.2,82.0,85.2,80.1,73.5,75.0,70.3,68.6,61.3,57.5,52.0,46.8,44.1,43.9,36.0,27.2,25.8,21.2,19.5,19.2,19.7,19.9,20.7,21.8,22.5,23.7,24.7,25.6
12:21:22.140,99.5,66.5,90.7,85.5,89.5,92.1,93.4,91.7,87.5,81.4,77.7,76.1,83.9,84.1,82.1,73.8,77.5,72.0,67.3,60.0,58.1,53.1,48.0,43.0,40.8,34.3,26.9,20.0,18.3,17.7,18.0,19.0,19.9,20.6,21.7,22.6,23.6,24.5,25.7
12:21:23.140,98.8,68.1,90.9,86.8,91.2,89.9,86.4,89.3,87.4,87.3,76.7,77.7,83.9,86.6,85.1,73.5,79.0,74.9,72.5,64.5,58.9,51.5,45.6,42.4,38.7,32.3,25.1,20.2,17.4,17.9,18.8,18.7,19.6,20.7,21.7,22.8,23.8,24.7,25.7
12:21:24.140,98.9,67.0,91.0,87.6,81.5,86.7,90.0,89.8,88.0,81.8,76.1,77.5,86.3,86.3,80.7,74.0,76.7,73.1,70.1,63.0,56.1,49.2,44.7,41.3,39.6,32.7,27.0,20.9,17.1,17.5,18.1,19.0,19.7,21.0,21.9,22.6,23.6,24.6,25.7
12:21:25.140,98.5,65.6,90.1,88.9,86.8,88.6,85.7,86.7,90.6,80.9,74.9,77.5,81.1,83.5,82.6,69.9,74.7,70.3,65.8,60.7,58.0,51.1,44.8,41.6,38.4,34.4,30.9,23.5,18.3,17.3,18.2,19.0,19.6,20.5,21.8,22.6,23.7,24.6,25.6
12:21:26.140,99.0,65.7,89.6,87.1,89.3,89.4,85.3,85.3,84.7,83.5,76.9,77.1,80.5,86.6,80.0,71.4,75.2,71.2,67.0,60.9,56.7,51.6,47.4,42.5,38.3,33.0,27.6,20.4,17.6,17.4,18.2,19.1,19.9,20.7,21.9,22.7,23.8,24.7,25.6
12:21:27.140,97.7,65.9,89.5,87.4,87.7,89.5,88.6,84.1,87.9,80.7,74.9,79.2,81.5,83.3,82.2,72.7,76.3,72.3,67.1,58.9,55.6,50.1,44.3,42.3,36.5,33.2,29.1,25.2,21.1,25.7,29.7,19.9,20.5,20.9,22.0,22.6,23.5,24.7,25.6
12:21:28.140,98.3,66.5,89.1,87.3,90.5,88.0,83.3,83.9,84.0,83.4,79.5,76.0,81.3,83.0,82.7,72.5,75.9,72.4,66.1,60.4,55.4,49.6,43.2,41.8,37.8,35.2,34.0,27.6,21.7,22.8,22.4,19.9,20.5,21.3,22.0,22.9,23.8,24.8,25.6
12:21:29.140,97.8,66.1,89.7,91.8,88.0,82.0,85.5,86.4,87.1,82.5,76.7,77.1,81.8,86.5,81.0,71.3,75.3,69.6,67.0,60.1,54.6,47.6,43.2,41.6,40.3,34.2,30.9,25.2,24.1,20.6,19.9,19.6,20.2,21.1,22.0,22.8,23.7,24.5,25.6
12:21:30.140,96.5,64.1,89.2,82.3,88.5,86.3,85.1,85.3,87.4,83.4,75.7,75.8,83.4,84.5,79.5,71.3,74.3,68.2,64.9,56.4,50.0,46.0,44.0,44.1,41.5,36.1,31.4,26.2,20.1,23.3,35.8,21.4,20.8,20.9,21.9,22.8,23.7,24.6,25.6
12:21:31.140,97.6,65.3,89.4,87.8,86.1,92.0,91.2,87.4,87.0,83.2,73.6,75.2,80.5,85.1,83.5,72.2,74.4,70.2,66.7,60.4,55.7,47.6,43.5,42.8,41.9,34.5,30.6,26.6,19.6,22.3,35.3,23.0,21.6,21.3,22.1,22.8,23.7,24.7,25.7
12:21:32.140,95.7,63.6,88.5,75.1,79.4,84.6,91.3,90.8,82.8,81.6,76.9,77.8,82.1,82.2,78.1,68.1,72.7,69.2,64.0,56.7,52.2,46.2,41.8,40.6,41.0,35.9,33.5,28.3,28.4,19.2,21.9,19.1,19.7,20.4,21.6,22.8,23.7,24.5,25.7
12:21:33.140,96.4,62.9,88.1,86.8,88.3,89.4,87.8,89.0,83.6,77.4,70.8,75.0,81.9,81.8,78.1,68.8,71.4,65.6,63.0,54.4,50.4,45.5,42.0,39.8,41.1,36.4,30.5,23.9,19.7,18.6,20.4,19.0,19.9,20.6,21.8,22.7,23.4,24.5,25.6
12:21:34.140,96.6,62.0,87.3,89.8,89.0,89.7,89.6,84.2,84.5,78.7,72.9,76.6,81.0,81.1,77.1,67.0,72.1,64.2,64.1,54.3,49.3,43.8,44.7,41.8,38.6,35.5,29.7,25.0,25.6,22.3,35.5,21.4,21.2,20.8,22.1,22.6,23.7,24.6,25.6
12:21:35.140,95.0,59.9,87.0,83.9,84.3,87.0,85.4,89.1,87.2,79.9,75.1,76.2,79.8,82.1,74.6,64.3,69.3,61.1,61.1,53.9,46.1,44.1,44.8,45.2,42.3,36.9,31.4,22.8,17.7,19.0,21.5,19.0,19.8,20.9,21.5,22.7,23.8,24.5,25.7
12:21:36.140,95.0,58.2,84.4,84.1,84.0,85.4,85.8,84.3,81.6,77.8,71.5,73.7,76.6,77.1,72.5,63.3,66.4,59.7,57.6,50.4,45.7,43.3,44.4,47.8,46.4,39.6,31.5,23.0,17.9,18.6,20.0,19.3,19.7,21.0,21.8,22.8,23.6,24.6,25.6
12:21:37.140,94.0,58.8,85.5,76.0,80.7,81.2,84.8,83.7,78.1,74.4,72.0,74.9,80.3,81.7,74.5,63.1,66.0,58.2,58.1,51.1,46.6,43.0,44.9,45.6,44.9,37.6,31.6,20.2,17.1,18.1,19.2,19.0,19.5,20.5,21.8,22.8,23.5,24.6,25.6
12:21:38.140,95.4,57.9,84.2,79.9,84.6,84.4,85.9,78.3,78.1,80.7,69.2,73.9,79.8,76.9,71.1,63.1,66.0,60.2,56.4,50.7,45.4,43.6,43.7,43.3,40.3,35.6,28.6,24.9,18.6,23.7,34.9,22.0,22.5,20.9,21.9,22.7,23.7,24.9,25.7
12:21:39.140,93.7,57.1,83.8,87.6,86.4,82.4,83.3,81.8,80.0,78.2,73.1,71.9,76.8,78.0,73.5,63.9,66.3,59.1,58.2,50.9,46.9,42.6,43.0,42.4,38.5,32.7,25.6,23.5,26.5,18.4,19.6,19.2,20.2,21.0,21.7,22.8,23.7,24.8,25.6
12:21:40.140,92.8,55.4,83.3,80.4,78.6,84.1,83.7,81.9,83.2,76.6,71.2,73.8,74.1,76.7,70.8,63.4,62.7,55.1,53.6,49.1,45.6,43.1,41.3,39.6,36.1,32.0,24.4,19.4,17.0,18.0,19.0,19.9,19.8,21.0,21.9,22.5,23.7,24.7,25.7
12:21:41.140,91.9,57.1,83.2,84.3,83.3,78.2,81.1,82.8,78.9,77.9,73.1,71.2,77.4,77.2,72.5,62.4,67.0,60.2,55.1,48.5,44.0,41.8,39.3,38.7,37.0,31.1,25.8,21.9,20.0,19.4,20.4,19.9,19.7,20.7,21.5,22.6,23.6,24.6,25.6
12:21:42.140,91.8,57.0,83.1,74.6,78.5,83.2,83.4,83.4,82.2,76.0,72.0,71.0,76.8,76.3,71.8,64.6,66.9,60.2,59.0,50.6,46.7,43.4,40.0,39.9,39.8,31.9,27.3,19.1,17.6,19.9,21.1,20.8,20.2,20.7,21.9,22.8,23.6,24.6,25.7
12:21:43.140,93.1,55.4,83.3,81.4,86.3,83.8,82.0,83.6,84.1,79.0,69.1,69.4,71.9,72.2,71.1,61.9,65.2,57.3,55.9,49.0,44.6,44.6,42.1,39.7,39.5,32.6,26.3,21.9,20.5,23.8,33.6,23.7,21.1,20.9,21.9,22.5,23.7,24.5,25.7
12:21:44.140,92.7,55.5,82.2,76.9,84.7,84.3,83.2,81.6,77.8,75.7,69.0,70.4,75.2,75.3,70.4,58.9,63.9,60.4,56.0,48.1,44.8,44.5,43.1,40.4,41.4,34.5,26.4,21.6,20.2,22.5,23.8,24.0,21.3,21.2,21.8,22.7,23.7,24.7,25.6
12:21:45.140,92.8,56.1,83.3,81.3,81.0,80.8,79.4,83.1,78.7,74.5,68.4,73.7,79.4,77.9,70.7,59.9,62.3,54.9,52.1,45.7,43.2,44.1,43.6,40.2,41.0,34.0,28.0,21.5,21.8,23.2,24.8,24.8,22.0,21.5,22.3,23.0,23.8,24.7,25.6
12:21:46.140,93.8,56.2,82.6,87.5,86.7,84.2,81.9,82.8,80.6,73.6,71.0,72.0,72.2,74.0,72.4,61.1,64.8,56.8,55.8,46.7,42.5,45.3,43.9,42.3,38.8,35.1,27.7,19.8,19.5,23.5,26.9,27.5,23.7,21.7,21.8,22.7,23.6,24.7,25.6
12:21:47.140,91.2,57.1,82.7,81.5,85.2,83.9,78.5,80.2,80.4,74.4,66.9,73.1,75.2,77.7,73.4,63.0,66.7,59.1,53.8,46.5,42.8,43.4,44.4,41.4,39.8,32.9,25.6,19.1,18.7,21.9,21.9,23.3,20.6,20.9,22.0,22.9,23.6,24.5,25.7
12:21:48.140,92.6,57.5,83.2,84.1,83.4,83.9,84.3,84.2,81.8,70.5,70.2,72.5,75.5,77.0,73.3,64.4,67.0,60.5,58.8,50.0,42.8,40.7,41.9,41.8,38.3,30.6,24.3,21.1,22.1,23.3,23.4,22.7,20.4,21.0,21.6,22.4,23.7,24.7,25.7
12:21:49.140,92.6,56.7,82.5,79.1,82.0,81.2,82.0,81.3,78.7,71.4,68.6,70.3,75.6,76.1,73.7,62.2,65.6,59.6,56.1,46.4,41.6,40.5,41.1,40.7,37.4,30.0,23.9,21.7,19.2,25.1,34.8,25.2,22.6,21.5,21.9,22.9,23.7,24.5,25.6
12:21:50.140,90.9,54.3,80.9,71.5,75.1,81.8,81.2,79.1,74.1,75.7,70.9,70.2,74.9,74.1,68.9,58.1,62.2,55.2,55.7,46.4,41.7,39.8,40.7,40.7,37.6,29.7,24.3,19.5,20.1,23.1,23.4,25.1,21.7,21.2,22.0,22.8,23.7,24.7,25.6
12:21:51.140,92.8,53.9,81.4,83.7,86.9,84.2,80.3,77.9,78.5,73.8,68.9,69.4,75.3,74.2,69.2,61.5,62.6,56.0,53.6,44.4,39.4,39.7,38.6,39.3,35.8,32.1,23.4,19.7,20.0,23.0,32.0,22.9,21.7,21.1,22.0,22.8,23.6,24.6,25.6
12:21:52.140,92.0,55.8,82.0,74.0,71.2,77.2,81.3,83.5,80.4,74.6,69.2,73.9,77.2,75.0,72.7,63.1,66.1,59.1,55.7,49.0,43.3,40.2,39.0,39.2,34.8,29.8,22.9,17.4,17.1,19.3,19.5,19.7,19.8,20.7,21.6,22.7,23.6,24.5,25.7
12:21:53.140,91.7,55.5,81.6,83.1,82.4,77.1,82.3,84.4,77.8,72.4,70.6,71.3,75.6,72.1,70.3,62.3,65.2,57.3,52.0,44.1,41.0,40.5,38.8,39.0,35.5,31.2,25.4,23.5,18.2,18.7,20.6,20.0,20.0,20.6,21.8,22.7,23.6,24.6,25.8
12:21:54.140,90.0,53.3,79.8,80.9,82.2,80.3,79.4,78.4,76.2,71.1,69.7,70.4,73.0,72.5,67.7,59.9,63.0,55.9,52.4,45.0,38.2,37.5,37.1,38.3,36.1,32.5,24.2,20.3,18.3,20.3,21.9,19.2,19.9,20.8,21.8,22.7,23.6,24.5,25.6
12:21:55.140,90.6,51.6,78.4,84.7,82.1,78.0,80.0,76.7,72.2,72.4,66.8,67.5,74.0,70.3,67.5,58.5,59.1,53.7,50.2,42.7,39.1,39.3,36.5,37.0,35.9,30.4,23.4,18.3,18.3,19.5,19.9,20.0,19.8,20.9,21.9,22.7,23.9,24.7,25.6
12:21:56.140,91.3,50.2,78.6,79.3,81.3,86.7,83.7,76.5,77.0,72.4,66.1,66.4,70.2,69.4,67.4,58.1,58.3,51.7,49.2,41.1,40.5,39.3,38.4,38.0,35.5,32.0,24.0,17.7,17.6,17.9,18.2,19.1,20.0,20.7,21.8,22.7,23.8,24.7,25.5
12:21:57.140,89.0,51.4,78.3,78.5,72.7,74.8,80.7,78.1,75.2,69.3,67.9,72.2,74.1,70.7,67.5,58.5,57.0,51.9,50.6,42.6,40.7,40.3,38.9,36.6,36.4,31.5,23.8,20.6,16.8,18.2,19.2,19.3,19.9,20.6,21.9,22.6,23.5,24.6,25.6
12:21:58.140,90.6,52.1,79.3,79.2,75.1,81.5,83.0,79.1,75.3,69.2,67.0,68.2,68.6,72.4,67.6,58.9,60.2,53.6,50.5,42.9,41.4,40.8,38.3,37.1,34.3,29.7,23.1,17.8,16.3,17.8,18.7,19.0,19.6,20.8,21.9,22.8,23.8,24.6,25.6
12:21:59.140,89.0,51.4,78.7,76.6,74.7,79.1,80.9,82.3,78.2,72.5,66.6,68.9,68.6,69.4,65.9,59.1,60.3,52.2,49.3,42.4,39.6,41.0,40.9,38.4,34.5,29.2,24.4,17.9,17.0,17.5,18.7,18.6,19.7,20.9,21.9,22.7,23.6,24.7,25.6
12:22:00.140,88.3,50.6,77.8,74.2,78.3,78.1,77.4,77.1,77.0,69.6,68.1,69.7,72.1,71.1,65.9,57.7,57.9,49.8,49.2,42.1,39.1,40.4,41.0,38.5,35.5,28.5,24.1,18.2,19.1,18.7,18.5,19.2,19.7,20.8,21.6,22.7,23.6,24.7,25.5
12:22:01.140,87.3,50.2,77.7,75.5,77.6,79.1,80.9,78.3,74.7,73.3,64.3,67.1,70.2,70.3,65.5,56.1,56.9,52.1,47.2,40.8,39.8,41.5,40.0,38.2,36.7,30.7,23.9,17.6,16.5,18.1,19.5,18.8,19.5,20.8,22.1,22.7,23.6,24.4,25.6
12:22:02.140,89.7,50.6,77.7,81.3,84.1,79.8,78.2,76.1,73.5,69.8,66.0,67.8,71.8,69.3,66.1,56.0,55.8,52.1,45.4,39.6,40.0,42.3,39.2,40.4,37.1,30.9,22.5,18.1,16.8,17.1,18.7,18.7,19.9,20.8,21.9,22.9,23.6,24.6,25.7
12:22:03.140,89.1,51.0,78.1,79.1,79.7,81.3,80.9,75.4,71.0,70.9,68.8,68.1,68.1,71.6,69.4,58.0,56.3,50.2,44.5,39.0,38.9,39.5,39.0,38.0,35.5,30.2,23.3,17.9,17.2,17.6,18.3,18.9,19.8,21.1,21.9,22.5,23.6,24.8,25.7
12:22:04.140,88.7,50.9,77.9,78.6,77.8,81.6,80.0,77.2,72.2,71.0,67.1,68.0,68.7,70.1,65.9,58.2,61.9,52.9,49.0,41.0,38.3,39.4,39.3,37.5,36.1,29.9,24.3,18.2,17.6,18.1,18.3,18.9,19.8,21.4,23.6,22.8,23.5,24.7,25.6
12:22:05.140,87.8,50.9,77.0,82.1,78.0,78.4,78.7,74.5,71.7,67.8,68.0,68.1,72.0,71.0,65.4,55.9,60.1,55.3,48.7,40.8,37.5,39.3,39.5,38.0,36.7,29.2,23.2,17.8,16.3,17.2,18.4,19.0,20.5,22.5,22.4,22.7,23.8,24.6,25.7
12:22:06.140,87.1,50.8,76.7,77.8,76.1,73.9,77.1,75.1,72.5,67.0,64.6,68.3,70.2,69.5,68.0,55.8,58.2,52.6,46.4,40.3,39.9,40.4,40.2,36.8,36.7,31.2,24.7,18.9,16.5,17.2,18.2,18.7,19.6,20.7,21.6,22.8,23.5,24.7,25.6
12:22:07.140,86.9,48.9,76.6,75.1,75.8,79.0,76.3,74.7,70.6,70.3,67.1,68.1,72.0,69.4,63.2,57.3,56.4,49.5,44.1,40.1,36.8,37.2,37.2,34.5,34.9,28.8,23.1,17.6,16.6,17.4,18.2,18.8,19.9,20.6,21.7,22.6,23.6,24.7,25.7
12:22:08.140,85.7,48.2,75.4,76.7,77.1,78.1,75.1,75.8,70.1,66.0,67.6,64.0,71.4,68.5,63.3,54.8,51.5,47.0,44.0,38.2,38.1,37.0,35.9,35.8,35.2,30.0,22.3,17.8,18.2,18.0,18.4,19.0,19.8,20.8,22.0,22.7,23.6,24.7,25.6
12:22:09.140,87.5,48.0,76.2,78.0,78.1,79.8,82.2,75.8,73.8,68.6,65.9,65.1,66.5,65.9,65.6,55.6,52.1,46.4,43.1,38.4,37.7,37.0,35.6,34.7,34.0,30.3,22.6,16.1,16.1,17.2,17.8,18.7,19.9,20.5,21.5,22.6,23.5,24.6,25.6
12:22:10.140,86.0,47.4,76.0,77.4,73.9,74.0,72.6,79.0,75.5,66.0,70.6,68.9,66.3,66.2,63.2,57.1,52.6,48.7,44.2,38.8,37.6,36.3,35.1,34.2,33.0,29.8,22.6,17.0,16.7,20.0,19.7,19.3,19.9,20.8,21.9,22.7,23.8,24.6,25.7
12:22:11.140,86.5,47.5,74.9,76.4,71.3,74.0,73.2,70.3,72.9,70.5,65.4,65.7,67.8,68.2,63.5,55.0,54.9,47.0,44.6,38.0,35.8,35.4,34.3,34.1,32.2,28.7,22.4,16.4,16.9,21.1,21.1,19.4,20.0,20.9,21.8,22.5,23.5,24.7,25.7
12:22:12.140,85.6,47.0,74.7,76.5,71.7,75.0,73.8,75.8,72.3,69.1,67.3,68.0,67.4,64.1,64.8,54.2,52.4,46.7,42.9,37.9,36.3,36.1,35.0,35.5,33.1,29.1,23.2,17.7,16.3,18.2,18.8,18.7,19.8,20.8,22.6,22.7,23.6,24.8,25.6
12:22:13.140,87.7,47.4,76.0,74.0,76.2,77.7,77.2,74.1,72.1,71.6,65.0,68.3,66.7,68.0,62.8,53.4,52.4,45.9,43.9,38.0,35.7,34.9,35.3,36.9,33.0,28.5,21.9,17.3,18.4,21.1,20.6,19.3,19.7,20.8,21.7,22.6,23.6,24.6,25.7
12:22:14.140,88.4,48.1,75.7,80.1,82.2,76.3,73.8,75.4,71.5,71.0,67.0,66.5,67.8,68.7,65.6,54.1,53.2,48.0,43.7,37.6,36.8,35.8,35.0,36.8,34.0,29.5,22.4,16.7,16.3,17.9,18.1,18.7,19.9,20.6,21.9,22.6,23.5,24.5,25.7
12:22:15.140,86.9,48.5,75.9,78.4,77.5,78.6,77.1,74.5,71.6,69.5,65.0,69.5,69.2,68.4,62.1,55.9,57.4,52.3,44.8,38.8,37.2,36.3,36.1,35.7,32.8,27.9,22.5,17.2,16.4,17.9,18.2,18.9,19.7,20.8,21.9,22.8,23.7,24.7,25.7
12:22:16.140,87.0,47.1,74.9,79.0,76.6,73.7,74.1,71.9,73.1,70.9,67.4,65.8,68.0,65.4,65.5,54.2,52.4,46.4,42.8,37.8,37.1,35.2,36.4,35.4,32.9,29.5,23.1,17.3,16.9,21.6,20.9,19.2,19.9,20.6,21.6,22.6,23.4,24.7,25.7
12:22:17.140,85.9,46.0,74.9,72.6,70.9,73.7,77.2,78.1,75.2,70.3,66.0,63.8,67.6,63.9,60.1,50.7,50.4,47.1,42.8,38.3,38.1,36.2,35.3,35.3,33.4,30.9,24.1,16.6,16.4,18.4,19.0,18.8,19.9,20.6,21.7,22.6,23.8,24.6,25.7
12:22:18.140,86.0,46.0,74.7,76.3,76.5,77.4,76.3,72.3,73.5,67.8,64.6,65.6,69.7,63.3,59.9,53.3,49.3,44.9,42.3,38.3,39.3,35.8,35.8,39.1,34.7,30.9,25.0,19.2,16.5,18.1,19.0,18.9,19.8,20.8,21.7,22.7,23.6,24.6,25.6
12:22:19.140,85.4,46.6,74.7,72.3,75.7,73.5,74.0,78.8,74.9,68.0,63.6,64.8,66.8,62.9,62.6,54.0,47.4,46.3,41.2,38.5,40.1,38.2,37.4,39.7,37.4,32.7,23.9,17.1,18.0,18.3,19.0,18.9,19.7,20.7,21.4,22.5,23.8,24.7,25.6
12:22:20.140,87.2,47.7,75.6,75.7,74.3,74.5,79.6,75.8,76.1,68.6,62.6,63.5,65.0,67.3,63.6,53.2,52.4,45.4,41.8,39.6,40.0,38.4,37.1,39.2,37.4,32.1,23.0,17.5,18.1,18.7,19.4,20.0,19.9,20.8,22.1,22.7,23.7,24.5,25.5
12:22:21.140,85.0,48.0,76.0,73.3,75.5,75.6,75.0,72.4,76.7,71.9,66.5,66.3,68.5,69.1,63.4,54.3,53.8,48.3,44.3,38.8,40.7,37.8,36.7,37.9,36.3,32.2,22.6,16.8,16.6,17.4,18.3,19.0,19.8,20.9,21.7,22.8,23.6,24.6,25.7
12:22:22.140,85.4,48.9,75.4,78.5,74.9,75.2,75.3,75.7,71.8,70.1,64.6,63.7,67.4,67.6,65.4,54.6,55.0,49.4,46.2,38.1,41.0,38.3,34.8,36.6,35.2,31.6,23.4,17.7,19.0,17.8,18.7,19.4,20.0,20.6,21.9,22.6,23.8,24.7,25.8
12:22:23.140,87.2,48.4,74.7,78.0,76.0,75.4,70.4,74.6,73.5,69.6,68.0,66.0,67.4,67.9,62.4,53.3,56.3,53.0,49.2,41.2,41.8,39.0,36.7,36.7,33.8,30.3,22.8,17.3,16.1,17.0,18.1,18.7,19.6,21.6,22.5,22.8,23.6,24.6,25.5
12:22:24.140,86.5,48.3,75.6,77.0,78.0,77.3,78.6,74.2,73.9,70.0,67.4,68.5,65.6,67.6,64.2,53.2,56.3,51.3,46.2,39.0,38.4,38.1,37.4,35.9,34.7,30.1,21.8,17.5,17.1,18.2,19.4,18.8,20.0,20.9,21.8,22.5,23.7,24.6,25.7
12:22:25.140,86.4,48.1,74.8,77.7,77.0,75.3,75.1,74.1,72.4,69.0,66.8,63.2,63.8,64.8,63.0,54.8,55.9,49.6,44.8,38.7,39.8,38.5,38.2,37.1,33.6,29.4,21.3,17.2,17.4,18.0,18.3,19.1,20.0,20.6,21.9,22.7,23.7,24.6,25.7
12:22:26.140,85.0,46.7,74.2,69.8,72.8,76.6,74.1,74.2,73.7,68.8,66.0,63.6,66.1,68.2,62.4,51.7,49.1,48.1,41.6,39.0,39.2,37.3,37.3,37.0,35.2,31.1,22.9,16.8,17.6,17.3,18.0,18.6,19.8,20.9,21.9,22.6,23.6,24.7,25.6
12:22:27.140,87.8,46.1,74.3,74.8,74.3,70.6,75.4,77.7,69.1,68.4,64.9,63.9,67.3,65.5,59.5,51.5,48.7,47.2,42.4,37.5,40.0,36.7,34.8,36.4,35.0,29.7,22.2,17.2,17.4,17.4,18.6,18.7,19.8,20.7,21.7,22.8,23.8,24.6,25.7
12:22:28.140,85.9,46.3,72.6,73.0,73.8,76.8,74.9,71.1,71.1,66.6,64.7,65.3,62.9,60.5,58.8,50.9,53.4,52.4,43.6,38.2,40.8,38.7,37.0,35.9,34.7,32.0,26.0,30.2,30.9,29.7,26.8,22.4,19.7,20.9,21.9,22.6,23.7,24.6,25.6
12:22:29.140,86.4,45.6,72.5,74.2,74.0,73.3,70.9,73.6,68.6,69.1,66.3,64.6,63.7,63.0,59.9,51.7,48.5,48.5,44.8,37.1,37.4,37.6,35.9,36.4,34.6,29.3,23.2,17.5,16.8,17.3,17.8,18.8,19.8,20.8,22.0,22.6,23.8,24.6,25.8
12:22:30.140,85.3,46.1,72.5,67.6,72.1,73.5,73.8,69.4,65.5,70.5,67.8,63.8,65.5,61.9,60.4,52.9,51.6,49.0,43.0,38.6,38.5,37.4,36.6,36.7,36.3,30.0,23.4,17.4,16.6,17.9,18.1,18.6,19.6,21.0,22.0,22.5,23.5,24.5,25.5
12:22:31.140,86.6,47.2,74.0,70.2,77.5,80.2,77.0,68.1,70.7,70.6,64.7,64.6,66.5,67.3,62.3,53.2,52.0,47.9,42.0,36.9,37.6,37.0,36.6,36.7,34.1,29.8,22.7,17.8,19.0,31.7,25.4,19.0,19.9,20.8,21.8,22.6,23.6,24.6,25.6
12:22:32.140,85.4,48.6,73.9,70.7,72.9,72.6,76.0,74.2,70.2,68.0,64.3,62.5,67.8,65.8,64.4,53.9,59.2,52.3,47.6,39.6,37.4,37.4,35.0,37.8,33.3,30.7,22.7,16.8,16.4,19.5,19.1,18.8,19.7,20.9,21.8,22.6,23.5,24.7,25.6
12:22:33.140,84.1,47.7,73.3,71.8,71.7,69.3,70.0,69.9,69.1,67.0,62.8,64.1,64.5,65.9,62.8,55.4,55.7,50.2,45.4,37.9,37.7,38.2,36.9,37.2,35.5,31.0,24.0,18.2,16.5,20.6,19.7,19.3,20.0,20.7,21.6,22.7,23.6,24.7,25.7
12:22:34.140,83.8,46.3,72.8,76.1,77.9,72.8,71.9,68.7,70.0,70.7,65.9,65.1,62.0,64.9,61.9,54.6,49.4,46.0,41.3,37.4,38.0,38.7,36.7,38.0,34.9,30.2,24.5,17.4,16.6,17.3,18.5,18.8,19.8,20.7,21.8,22.6,23.6,24.6,25.7
12:22:35.140,84.4,45.6,72.3,75.2,76.3,75.4,75.6,72.4,69.4,66.1,62.7,62.9,64.1,64.3,57.4,49.0,45.5,43.1,42.1,36.3,37.5,39.5,37.4,38.7,35.4,30.4,24.3,17.8,17.5,17.9,18.9,25.4,20.7,20.9,21.9,22.6,23.5,24.6,25.8
12:22:36.140,84.3,44.9,72.3,77.3,75.4,74.0,70.4,67.5,73.9,69.4,62.7,60.2,64.6,61.7,57.9,49.5,46.6,42.4,43.0,36.8,37.6,38.9,36.4,38.2,33.4,30.8,23.9,17.0,16.6,17.8,21.0,22.9,20.0,20.8,21.7,22.6,23.7,24.5,25.7
12:22:37.140,83.3,44.0,69.7,72.4,68.0,69.3,70.4,68.0,68.1,66.3,65.0,61.9,64.1,61.5,56.5,49.7,48.4,44.2,38.3,35.2,35.7,38.7,37.0,36.1,32.8,30.5,23.3,16.7,16.4,18.0,22.7,18.7,19.8,20.9,21.8,22.7,23.6,24.7,25.6
12:22:38.140,81.5,44.9,71.2,71.0,67.3,68.2,67.6,66.8,67.8,67.0,63.6,63.7,61.4,61.5,58.6,52.1,51.3,47.2,41.3,36.5,36.9,38.0,37.4,34.9,33.8,28.7,22.4,17.1,16.7,18.0,20.0,19.3,19.8,20.7,21.5,22.7,23.6,24.6,25.6
12:22:39.140,83.8,45.5,72.2,74.5,73.0,69.6,71.9,74.9,70.4,65.7,63.6,64.0,66.2,64.3,58.8,51.4,52.5,49.1,40.3,38.4,35.7,36.3,35.8,35.3,34.4,28.5,22.4,17.1,16.7,17.2,18.5,18.8,19.9,20.4,21.6,22.7,23.7,24.7,25.6
12:22:40.140,83.1,45.2,73.0,69.1,71.7,74.6,74.6,73.2,72.5,68.9,63.4,60.1,63.8,61.4,61.9,51.8,52.6,46.2,41.6,37.1,37.1,36.9,35.8,35.3,34.2,29.5,22.5,18.4,18.6,18.2,19.2,19.3,19.7,20.5,21.7,22.4,23.6,24.6,25.6
12:22:41.140,81.8,46.6,73.1,70.7,69.3,72.4,68.7,65.2,65.7,66.0,66.4,64.5,68.8,66.7,59.3,50.9,48.4,46.5,39.8,36.5,38.0,35.6,36.7,37.4,36.0,30.8,23.7,18.2,17.0,19.2,18.5,18.8,19.7,20.6,21.8,22.6,23.5,24.6,25.7
12:22:42.140,81.8,49.1,74.7,68.7,69.9,71.2,74.2,72.7,71.2,68.6,62.1,63.4,68.0,70.5,67.3,57.3,54.0,45.9,39.2,35.4,36.3,37.2,36.2,37.2,35.3,29.6,23.2,17.6,16.6,17.2,18.6,18.8,19.8,20.7,21.9,22.7,23.6,24.6,25.6
12:22:43.140,82.9,48.4,74.3,75.4,75.3,68.9,65.9,69.5,73.1,71.0,65.8,67.1,68.2,68.8,65.1,55.3,56.2,51.3,42.5,35.7,35.6,37.6,35.9,35.9,36.7,31.7,25.1,20.2,22.2,26.0,27.4,27.0,20.9,22.1,22.0,22.7,23.8,24.6,25.7
12:22:44.140,85.8,46.3,73.5,74.5,68.9,68.2,67.2,71.8,71.7,68.2,66.2,62.1,65.2,64.8,61.5,52.3,52.8,47.4,39.9,34.9,36.4,35.6,35.0,35.5,35.7,30.4,23.9,20.3,18.8,24.0,29.4,27.3,20.6,22.0,21.9,22.7,23.7,24.6,25.8
12:22:45.140,82.3,47.1,73.8,74.3,69.9,71.2,72.7,72.9,65.3,66.6,67.0,64.4,68.3,69.7,61.4,50.7,51.4,45.4,38.5,35.6,37.5,37.6,35.4,34.5,33.4,28.5,23.7,20.1,18.3,22.1,31.1,26.7,20.6,21.0,21.8,22.7,23.7,24.6,25.6
12:22:46.140,82.4,46.6,73.0,74.1,76.5,73.8,70.0,69.3,72.0,65.9,62.3,63.4,64.8,65.8,62.7,50.6,47.1,45.6,41.2,35.7,37.1,39.2,37.1,35.7,34.3,29.2,24.8,20.1,18.3,21.6,31.1,26.5,20.3,20.8,21.7,22.8,23.6,24.6,25.6
12:22:47.140,84.5,45.2,72.1,77.6,77.1,74.4,69.8,68.1,71.4,66.0,64.5,60.8,64.6,64.3,59.2,49.8,48.3,46.5,40.1,36.0,35.5,36.2,36.7,35.8,34.9,29.7,23.3,19.6,19.4,18.1,18.8,19.1,19.7,20.7,21.7,22.8,23.6,24.7,25.7
12:22:48.140,86.7,44.3,72.4,74.5,78.6,77.6,73.4,73.8,70.8,66.5,62.8,61.7,63.5,62.0,56.7,49.4,48.5,43.0,38.5,35.8,36.7,38.5,35.6,35.6,33.5,30.9,23.7,19.9,18.2,21.9,31.6,28.3,21.1,21.4,21.7,22.8,23.6,24.7,25.5
12:22:49.140,84.6,45.2,72.6,70.8,75.0,76.5,75.6,73.7,70.0,64.3,61.5,65.5,66.3,63.1,58.3,50.1,51.1,43.1,39.5,35.9,37.2,37.6,36.3,37.0,35.8,31.2,24.5,19.6,17.2,17.8,18.8,18.7,19.9,20.6,21.6,22.5,23.6,24.5,25.6
12:22:50.140,86.7,48.7,75.5,74.3,76.7,79.5,77.4,76.1,71.9,71.3,65.7,64.4,65.1,67.4,65.7,57.0,55.1,49.6,40.7,37.1,37.3,38.9,36.9,38.9,37.4,31.9,24.7,19.8,17.9,18.0,18.5,19.4,20.0,20.7,21.6,22.6,23.5,24.5,25.7
12:22:51.140,84.8,50.0,74.1,74.6,75.3,76.0,73.8,70.9,68.3,66.8,63.2,64.3,67.0,68.1,66.6,57.0,59.2,54.5,47.6,38.7,36.1,39.8,38.0,37.1,36.4,33.7,26.1,21.3,19.0,22.2,29.4,22.7,20.9,21.6,21.8,23.0,23.6,24.6,25.7
12:22:52.140,85.4,48.5,74.5,75.5,72.3,76.6,81.1,75.0,69.1,66.2,62.9,64.3,63.9,66.2,64.0,54.1,57.1,53.0,47.2,39.7,36.6,38.2,38.1,36.2,36.8,32.6,26.4,20.6,18.3,18.3,18.9,19.1,20.2,21.3,22.8,22.6,23.5,24.7,25.6
12:22:53.140,85.2,46.8,73.4,74.6,75.5,75.2,74.1,76.3,69.5,65.6,62.4,60.6,65.0,65.6,60.5,49.6,52.2,50.2,41.1,37.2,36.4,38.1,37.7,37.5,36.9,31.9,27.0,23.2,19.9,17.9,18.8,18.7,19.9,20.8,21.5,22.7,23.6,24.5,25.6
12:22:54.140,83.2,45.4,72.2,74.0,71.3,69.4,68.4,69.5,73.9,68.7,62.5,65.4,62.9,61.2,61.3,50.9,45.6,45.7,40.3,35.9,35.6,35.7,37.3,38.0,35.3,31.4,26.3,21.7,19.6,19.6,19.1,19.3,19.9,20.9,21.7,22.7,23.6,24.6,25.6
12:22:55.140,84.9,45.1,72.4,78.0,73.2,71.8,71.1,68.7,73.4,67.3,62.7,64.8,64.8,60.8,58.1,50.6,49.4,47.5,40.1,34.9,35.6,36.8,37.3,37.2,34.6,31.2,26.9,22.8,19.6,19.3,19.1,19.0,19.9,20.6,21.8,22.6,23.8,24.8,25.6
12:22:56.140,82.2,46.7,72.5,73.4,69.8,73.9,74.3,69.7,66.7,63.8,64.6,61.2,64.5,66.8,62.0,54.6,51.9,47.9,41.5,35.7,36.7,38.2,37.8,37.8,35.2,31.9,27.0,23.4,19.4,18.0,17.9,18.7,20.0,20.7,21.8,22.8,23.8,24.7,25.7
12:22:57.140,81.5,47.8,72.8,70.6,72.1,70.8,70.9,71.9,66.9,67.3,61.4,64.0,64.0,66.5,64.0,53.4,54.4,50.2,44.3,38.6,36.6,38.7,36.0,36.7,36.7,29.9,27.6,24.7,21.5,20.0,18.8,19.4,20.0,20.8,21.6,22.7,23.7,24.8,25.7
12:22:58.140,84.7,47.6,72.8,72.7,68.9,70.8,76.1,70.0,67.4,66.1,61.8,64.3,63.1,67.6,63.5,54.2,53.0,52.6,42.6,39.1,35.5,38.5,36.0,38.5,36.1,31.3,27.4,26.6,24.2,18.3,18.5,19.0,19.7,20.9,21.9,22.6,23.6,24.7,25.6
12:22:59.140,82.8,47.0,72.2,75.1,67.7,67.3,71.6,74.0,66.9,65.8,63.9,61.6,64.9,66.4,61.9,55.9,52.1,46.2,37.9,36.8,35.8,38.1,37.0,37.1,36.5,33.0,28.9,27.0,23.7,20.9,19.4,19.6,19.9,20.7,21.9,22.7,23.8,24.7,25.6
12:23:00.140,83.5,45.9,70.8,68.3,71.5,71.3,67.2,67.2,66.5,62.6,62.0,60.1,65.9,63.8,60.2,52.5,49.2,45.6,39.3,37.9,36.7,38.1,37.1,36.2,34.9,31.2,28.1,25.0,21.8,19.0,19.4,19.4,20.0,21.0,21.7,22.7,23.5,24.7,25.7
12:23:01.140,84.3,45.4,70.2,72.9,75.1,72.4,69.6,67.1,63.4,63.6,65.3,63.8,61.0,62.2,59.8,52.2,47.0,45.7,39.1,35.9,37.4,37.6,36.9,36.6,34.7,31.9,28.2,25.4,22.0,22.7,31.0,23.2,21.0,22.5,22.0,22.7,23.5,24.6,25.7
12:23:02.140,83.0,44.6,70.4,73.3,72.0,74.2,74.7,69.5,70.2,65.6,62.8,62.6,59.7,60.0,57.5,50.3,46.7,44.0,38.8,36.7,37.6,38.7,38.3,36.5,34.8,33.3,29.6,27.7,23.8,21.5,20.3,19.4,20.4,20.9,21.7,22.5,23.6,24.7,25.6
12:23:03.140,80.7,45.2,70.0,71.4,70.7,69.6,69.6,72.1,67.9,63.2,57.3,59.7,57.4,62.0,59.8,50.1,48.8,44.4,40.7,37.0,38.0,39.9,38.9,35.8,34.6,33.6,30.4,27.1,23.4,20.4,19.5,19.1,19.9,20.7,21.7,22.6,23.5,24.7,25.8
12:23:04.140,81.5,44.9,68.6,65.9,67.4,71.3,70.4,69.3,66.6,62.9,60.0,61.3,58.5,60.6,56.0,47.0,45.8,45.3,38.8,37.7,37.7,40.2,38.7,37.1,36.0,33.6,30.3,28.0,24.6,21.9,22.7,19.9,22.4,22.0,21.5,22.7,23.7,24.5,25.4
12:23:05.140,82.2,44.6,69.3,65.3,67.8,70.9,72.2,69.9,66.8,63.5,61.2,60.2,60.3,54.7,54.6,46.6,46.8,44.1,39.9,37.2,35.7,39.4,38.1,37.4,35.6,34.1,31.3,28.6,25.0,21.9,20.0,19.6,20.5,21.0,21.6,22.7,23.6,24.6,25.5
12:23:06.140,83.1,45.7,70.3,75.8,71.7,69.4,68.6,71.2,66.6,63.8,60.3,62.2,60.3,61.6,53.5,48.7,47.9,45.8,41.7,39.0,36.8,40.0,39.6,38.5,36.6,34.6,32.0,29.7,25.3,21.8,19.9,19.4,20.1,21.0,22.4,22.6,23.6,24.6,25.6
12:23:07.140,83.2,45.6,71.5,70.8,75.6,72.7,70.4,70.7,69.5,64.6,63.7,60.0,64.1,62.1,58.9,49.4,47.4,47.6,41.6,39.6,37.8,36.8,35.9,35.7,35.2,34.2,32.7,29.1,24.9,22.2,20.2,19.7,20.0,20.8,21.9,22.7,23.8,24.5,25.7
12:23:08.140,82.5,48.0,73.8,72.0,71.2,72.2,74.7,74.2,70.1,65.0,63.6,66.1,66.1,67.9,64.2,54.4,51.6,48.2,42.5,38.7,37.2,37.6,36.3,37.3,36.1,34.6,32.1,30.1,26.6,23.8,21.2,20.4,20.3,20.9,21.8,22.7,23.6,24.8,25.6
12:23:09.140,83.3,48.7,74.0,69.3,72.8,73.0,69.9,71.0,70.7,69.4,66.5,65.3,67.5,66.6,65.1,54.3,50.5,50.8,43.2,39.8,36.3,37.3,36.3,37.9,36.3,36.0,33.5,30.5,27.1,24.9,28.4,22.5,21.0,21.5,21.9,22.6,23.5,24.7,25.6
12:23:10.140,80.9,47.5,72.5,70.9,69.1,72.1,71.0,67.3,65.5,65.1,63.6,64.3,68.1,66.9,64.4,52.6,46.7,46.0,40.9,37.0,34.7,35.4,37.0,38.3,36.7,34.9,33.2,31.0,27.3,24.4,22.6,25.2,20.6,21.3,21.7,22.7,23.6,24.6,25.6
12:23:11.140,82.6,45.4,71.3,69.9,71.4,71.2,72.7,73.8,68.6,69.1,61.9,60.4,61.1,61.1,57.7,48.5,46.8,44.9,42.0,38.7,35.7,36.1,35.7,37.5,36.8,36.4,33.7,30.2,27.1,24.4,25.3,20.1,20.3,20.7,22.0,22.7,23.5,24.6,25.6
12:23:12.140,82.2,45.1,70.2,69.9,69.4,69.6,69.8,72.7,69.5,65.7,63.6,59.5,57.6,57.8,60.8,48.2,43.8,44.1,39.6,37.2,36.4,37.5,36.4,37.9,37.2,33.8,32.0,28.8,25.2,22.6,24.9,20.4,20.1,20.9,21.8,22.7,23.6,24.6,25.7
12:23:13.140,82.0,45.1,70.8,73.2,66.9,68.5,70.4,70.9,71.8,64.2,63.7,59.3,58.7,59.7,58.4,46.2,50.6,46.6,39.4,37.8,36.2,36.0,36.6,37.5,36.3,33.9,31.2,28.6,25.8,23.6,20.9,20.4,20.7,20.9,21.7,22.7,23.6,24.7,25.7
12:23:14.140,83.1,45.7,71.8,73.2,76.1,71.1,70.9,71.6,70.1,67.2,63.9,59.0,60.6,60.3,57.5,51.4,46.5,45.2,40.9,37.7,37.1,38.2,36.9,39.5,37.3,34.8,31.6,28.0,25.4,23.8,22.1,20.2,20.4,21.6,22.5,22.9,23.7,24.6,25.6
12:23:15.140,82.6,45.9,71.3,73.2,68.5,70.8,76.7,71.5,64.8,63.3,65.8,60.6,59.5,62.1,60.8,52.1,46.4,45.7,38.3,35.7,35.8,35.9,35.3,37.9,37.2,33.7,31.7,28.2,25.5,22.6,20.8,20.0,20.2,20.9,21.7,22.6,23.5,24.6,25.6
12:23:16.140,82.1,44.4,70.1,71.2,71.1,70.0,70.9,68.9,70.2,65.8,60.5,60.2,60.4,58.5,58.6,51.0,48.0,46.0,39.2,36.6,35.2,36.6,34.6,35.8,35.5,31.8,29.3,27.5,23.9,21.2,19.8,19.1,20.0,20.7,21.8,22.4,23.5,24.6,25.6
12:23:17.140,83.2,44.5,69.9,74.6,76.5,74.3,69.9,67.8,66.8,64.6,64.0,58.5,56.8,59.3,57.9,48.5,47.9,45.8,41.9,38.6,35.8,37.8,36.0,36.4,35.2,32.7,30.1,27.1,24.2,20.4,19.5,18.9,20.0,20.8,21.7,22.7,23.6,24.6,25.6
12:23:18.140,83.0,45.4,70.4,67.4,68.0,69.8,71.8,72.4,69.1,67.8,62.3,61.9,62.4,59.1,54.5,47.3,47.6,46.8,41.5,39.4,35.8,37.5,37.5,37.8,37.9,35.3,32.4,29.5,24.4,20.7,19.9,19.3,19.8,20.9,21.6,22.6,23.7,24.6,25.7
12:23:19.140,82.0,45.3,70.4,71.5,74.3,75.3,69.7,66.9,69.5,66.0,62.4,59.0,63.8,62.5,55.7,50.4,49.1,47.6,40.1,37.9,34.3,35.2,37.3,39.0,36.9,34.7,31.8,28.2,23.8,20.7,19.6,19.1,20.0,20.7,21.4,22.7,23.4,24.8,25.6
12:23:20.140,83.8,45.0,69.1,72.0,67.3,66.0,66.2,64.9,67.4,66.2,60.6,59.2,59.5,63.2,51.8,47.0,48.4,47.6,42.0,37.1,36.2,36.6,37.1,37.4,36.3,34.1,31.0,28.1,23.9,21.6,20.3,19.6,20.1,21.0,21.8,22.6,23.7,24.6,25.6
12:23:21.140,84.3,44.6,69.8,74.0,70.7,71.5,64.8,65.6,68.9,62.3,62.7,60.2,58.3,60.3,55.6,47.6,48.2,44.6,38.4,35.6,33.5,34.5,35.4,36.3,36.5,33.7,30.0,27.1,25.2,22.5,20.0,19.3,19.6,20.6,21.7,22.7,23.8,24.5,25.6
12:23:22.140,81.2,45.0,68.9,71.6,71.0,71.3,67.5,65.1,63.9,65.3,62.6,59.1,59.5,61.4,56.6,50.0,50.2,44.5,37.7,35.2,33.4,35.4,36.6,35.9,36.9,34.8,29.7,27.5,24.0,21.5,19.7,25.3,20.3,20.7,21.6,22.6,23.6,24.7,25.7
12:23:23.140,82.2,43.9,69.2,68.7,69.9,71.8,72.4,68.7,69.4,64.3,60.7,61.6,61.3,57.5,58.5,49.3,47.2,44.5,39.7,35.5,34.1,37.2,34.9,35.6,35.1,32.8,30.4,27.0,23.8,21.1,25.5,19.4,20.2,20.8,21.6,22.6,23.7,24.5,25.6
12:23:24.140,83.8,44.1,69.6,70.6,66.7,67.1,68.9,68.4,64.9,65.2,60.8,62.5,59.1,62.3,57.5,49.9,45.1,42.8,38.2,35.5,32.5,34.7,34.2,35.7,36.6,33.3,30.0,27.6,24.7,21.5,25.3,19.5,19.8,20.7,21.8,22.6,23.7,24.7,25.6
12:23:25.140,79.3,44.4,69.2,69.0,68.9,71.3,70.2,62.3,65.1,63.8,59.8,61.8,61.9,61.9,56.2,51.2,45.5,43.5,37.2,34.6,34.0,36.1,33.9,35.1,36.6,35.1,31.4,28.8,26.4,23.6,20.8,20.1,20.1,20.8,21.6,22.7,23.7,24.7,25.7
12:23:26.140,82.3,44.0,69.1,69.3,72.6,66.6,68.0,67.3,69.0,65.1,60.3,61.2,60.3,59.9,54.9,49.6,43.6,41.6,39.2,35.9,33.7,35.0,35.2,35.8,36.6,35.4,31.2,28.8,26.4,24.7,21.9,20.7,20.5,21.0,21.7,22.8,23.6,24.6,25.6
12:23:27.140,82.8,44.6,69.7,73.9,75.4,72.4,71.4,71.7,65.5,62.9,61.5,60.5,58.7,55.6,54.5,47.9,45.3,42.7,38.4,37.2,34.4,36.1,36.7,36.2,38.6,36.4,32.0,29.7,25.6,22.9,22.1,20.5,20.5,20.7,21.7,22.7,23.6,24.7,25.6
12:23:28.140,82.7,43.7,69.8,76.3,73.3,66.7,67.9,68.8,67.9,64.7,64.9,62.2,58.3,60.3,55.5,48.5,43.8,42.9,38.4,34.7,34.6,35.5,34.4,34.9,36.2,33.7,28.2,25.9,23.3,20.7,20.4,19.4,20.0,20.6,21.6,22.8,23.7,24.5,25.6
12:23:29.140,81.4,43.8,69.8,71.2,63.7,68.0,72.8,72.4,69.7,64.6,61.8,59.1,59.6,61.9,57.2,48.6,45.0,42.2,36.7,35.9,36.7,36.8,34.5,36.4,35.2,32.6,28.3,26.4,22.7,20.5,19.5,19.2,20.0,20.8,21.8,22.7,23.6,24.7,25.8
12:23:30.140,81.4,44.3,70.4,69.1,66.4,69.1,67.9,68.9,71.5,64.9,59.9,60.6,58.0,62.1,56.8,48.2,45.0,42.4,36.9,36.3,35.9,38.0,37.0,37.4,35.6,32.1,28.2,25.5,22.3,20.4,20.3,19.6,19.9,20.8,21.7,22.7,23.7,24.5,25.5
12:23:31.140,81.3,44.3,70.1,73.2,75.5,72.6,63.4,71.1,71.8,67.6,59.8,59.6,59.3,58.5,58.7,48.4,44.1,43.4,38.9,36.1,34.7,36.3,37.4,36.7,36.0,33.3,30.2,26.5,22.4,19.9,19.5,19.6,19.9,20.7,21.8,22.7,23.7,24.6,25.7
12:23:32.140,83.5,44.9,70.9,77.7,76.3,68.7,68.8,71.9,70.3,69.9,62.0,60.8,58.2,58.2,59.8,50.3,42.5,42.3,38.7,37.0,35.9,36.8,37.3,37.8,37.1,33.9,29.1,26.6,22.7,20.5,19.6,19.0,20.1,20.7,21.8,22.7,23.5,24.6,25.6
12:23:33.140,81.1,44.8,69.6,74.4,70.3,71.8,70.3,68.6,69.9,66.8,61.2,57.5,60.0,55.3,55.7,52.9,43.1,44.9,39.5,39.3,35.3,36.8,36.6,38.9,37.5,34.8,30.8,27.2,24.0,21.3,20.2,19.3,19.8,20.8,21.7,22.6,23.6,24.8,25.5
12:23:34.140,81.5,43.8,67.6,75.3,68.6,64.7,65.1,64.5,63.8,61.3,62.4,55.2,59.6,56.9,51.4,47.0,42.4,42.3,38.1,38.4,36.4,37.4,36.0,36.9,36.3,34.0,30.2,28.1,23.7,21.3,20.2,20.1,20.1,20.9,21.8,22.6,23.5,24.6,25.6
12:23:35.140,82.4,45.0,71.2,78.0,73.3,65.6,63.4,71.4,70.0,68.3,67.2,59.7,63.2,63.0,57.2,48.5,44.6,44.5,36.2,36.8,34.8,35.4,36.4,37.2,37.6,35.4,31.5,28.3,24.7,21.8,19.6,19.0,20.0,20.4,21.7,22.6,23.5,24.6,25.7
12:23:36.140,81.4,45.4,71.4,71.3,68.9,69.9,72.4,73.8,72.6,65.9,60.0,60.7,65.0,61.7,58.3,49.7,45.1,44.5,38.4,36.4,35.0,35.7,37.3,37.3,37.6,35.1,31.7,28.1,24.9,21.5,19.8,19.0,19.6,20.9,21.5,22.6,23.6,24.5,25.6
12:23:37.140,82.1,45.4,71.6,68.6,70.5,69.9,71.6,68.5,69.8,70.1,63.4,59.9,62.4,64.2,58.2,49.2,44.8,42.3,39.0,35.8,34.5,35.6,37.5,37.7,37.7,33.8,31.3,27.9,24.2,21.5,20.1,20.5,20.2,21.2,21.7,22.7,23.7,24.6,25.4
12:23:38.140,80.6,45.1,69.2,71.3,66.4,62.8,68.1,67.1,67.7,68.3,57.4,60.9,61.0,59.8,53.0,49.4,45.0,44.9,38.4,35.4,34.4,37.2,38.2,38.8,38.2,34.8,31.8,29.4,25.3,22.6,21.6,27.2,20.3,21.3,21.9,22.9,23.8,24.6,25.6
12:23:39.140,82.9,45.5,70.3,72.0,73.9,71.9,67.2,71.4,66.3,68.7,64.7,62.5,60.9,57.7,56.2,53.1,44.7,42.5,38.1,37.0,34.9,36.5,38.3,39.5,37.6,36.0,32.8,29.6,25.3,23.2,26.1,20.8,20.4,20.9,21.8,22.7,23.7,24.6,25.7
12:23:40.140,81.0,46.2,71.1,66.8,67.9,69.0,69.4,69.2,68.5,70.5,66.4,58.8,61.5,59.0,58.9,53.2,43.3,46.2,38.9,36.7,35.2,38.2,38.5,40.4,39.2,35.8,32.9,30.2,26.0,23.9,25.7,20.7,20.8,20.9,21.8,22.7,23.6,24.8,25.7
12:23:41.140,82.0,45.2,67.8,73.8,70.8,70.8,73.8,66.4,66.0,62.7,58.9,60.0,60.7,55.0,55.0,49.8,42.5,41.3,39.4,35.3,35.5,37.8,38.7,38.8,38.6,35.0,32.4,29.7,26.7,23.4,22.2,20.8,20.2,20.8,21.6,22.7,23.6,24.7,25.6
12:23:42.140,81.3,45.5,69.5,69.7,69.0,70.6,72.2,71.3,69.1,64.0,63.5,56.8,56.3,57.7,53.7,50.3,44.1,44.6,39.7,36.8,37.4,37.5,38.0,39.3,38.8,35.9,33.1,30.4,26.6,24.8,22.9,21.9,21.0,20.8,22.0,22.7,23.7,24.7,25.7
12:23:43.140,81.6,44.8,70.3,71.5,69.2,73.4,74.3,71.3,69.0,63.2,62.8,62.5,56.8,53.7,54.9,49.7,44.1,44.9,39.5,36.8,36.1,37.1,37.7,38.6,37.3,35.3,31.8,28.2,25.1,22.4,21.0,20.0,20.4,20.8,22.6,22.7,23.7,24.7,25.6
12:23:44.140,80.7,45.2,69.9,72.9,69.8,69.0,73.9,72.3,68.6,64.5,61.7,55.0,60.6,56.9,57.2,53.7,45.0,45.3,40.5,38.3,37.6,38.1,36.8,38.1,37.6,35.4,31.5,28.2,24.9,21.6,20.3,19.7,20.0,20.5,21.8,22.8,23.6,24.6,25.7
12:23:45.140,81.2,45.6,69.5,71.3,65.9,70.3,70.9,72.7,67.3,61.5,59.8,57.7,59.2,57.4,59.3,54.2,44.7,45.0,39.3,37.8,36.9,37.7,36.1,37.8,37.7,36.5,32.3,28.4,24.8,22.9,21.7,19.8,20.0,20.8,22.1,22.7,23.7,24.6,25.6
12:23:46.140,83.0,45.8,70.1,70.9,66.6,70.0,70.9,71.5,70.9,64.0,62.7,58.8,61.7,59.7,57.6,52.7,44.3,45.5,39.5,38.6,36.9,38.9,36.8,38.1,37.6,35.9,34.3,29.9,26.6,24.4,22.3,20.7,20.4,21.1,21.6,22.7,23.6,24.6,25.5
12:23:47.140,81.3,46.1,71.4,70.0,70.1,69.6,68.5,71.5,71.5,65.7,62.1,56.3,58.6,63.3,60.0,51.7,43.9,42.5,39.7,37.3,37.1,38.9,36.7,37.8,37.4,34.8,32.4,28.1,24.6,22.1,20.0,19.5,20.0,21.0,22.0,22.7,23.7,24.7,25.6
12:23:48.140,80.5,46.6,70.6,66.1,66.4,64.9,69.4,71.2,70.0,66.1,59.3,60.5,59.9,66.3,59.5,48.9,43.2,46.9,41.8,40.1,37.6,37.4,37.6,39.8,38.5,37.3,33.7,29.4,26.2,24.2,22.1,20.2,20.3,20.8,21.8,22.6,23.6,24.5,25.5
12:23:49.140,80.2,46.1,69.5,68.8,67.9,69.5,71.0,70.7,67.7,65.9,59.5,55.4,55.7,62.5,59.0,49.4,44.2,42.8,40.7,41.1,38.9,37.3,37.9,40.4,37.8,35.6,32.3,29.0,26.0,23.2,21.4,20.0,20.4,20.8,22.1,22.8,23.6,24.7,25.6
12:23:50.140,80.5,46.1,70.2,69.3,69.7,70.6,72.6,71.1,69.9,66.4,61.0,56.0,60.1,60.5,56.6,48.8,44.0,44.7,42.5,39.7,37.9,37.6,37.4,39.8,39.5,36.2,32.2,29.1,25.9,23.6,20.9,19.8,20.0,20.9,21.9,22.8,23.6,24.6,25.7
12:23:51.140,80.8,45.9,69.9,71.2,68.6,73.9,74.4,69.7,70.5,65.7,59.4,59.3,58.3,60.7,59.2,50.2,44.2,44.5,42.3,37.1,38.0,38.4,36.7,38.2,38.5,35.9,33.2,29.8,27.4,25.9,23.3,21.2,20.8,21.1,21.9,22.8,23.6,24.5,25.7
12:23:52.140,81.3,45.8,69.5,69.1,71.0,73.8,73.1,67.6,67.1,65.1,60.5,58.1,54.6,57.9,59.7,54.3,45.1,44.0,41.3,38.3,37.7,39.4,36.5,37.6,36.4,35.2,32.4,29.0,26.9,25.0,22.1,20.2,20.1,20.6,21.7,22.7,23.6,24.6,25.6
12:23:53.140,78.9,45.9,69.2,65.6,67.6,66.2,68.5,68.7,67.2,67.5,57.8,56.2,57.5,59.0,60.1,50.5,45.7,46.1,41.5,37.8,38.0,40.0,38.7,37.7,37.0,34.6,33.1,29.6,27.2,26.1,24.2,22.3,21.5,21.0,21.6,22.7,23.6,24.6,25.6
12:23:54.140,80.1,46.0,68.5,69.1,68.5,66.6,67.6,65.5,65.8,67.0,61.3,59.5,57.4,58.1,57.4,51.1,45.1,44.2,39.6,38.4,39.3,41.2,39.2,38.6,37.4,35.4,33.0,31.2,30.3,27.6,24.8,22.3,20.9,21.0,21.8,22.6,23.4,24.7,25.6
12:23:55.140,80.3,44.7,68.3,68.4,70.8,68.4,69.5,67.9,67.7,64.9,64.4,56.5,59.8,55.0,51.6,49.4,42.2,42.0,38.2,36.8,39.7,40.8,38.9,37.3,37.6,33.4,29.8,27.4,28.9,21.3,19.4,19.2,19.8,20.5,21.7,22.8,23.6,24.8,25.6
12:23:56.140,79.2,44.2,68.2,66.6,67.6,67.4,70.7,68.9,65.2,63.2,60.6,56.5,58.3,57.0,49.5,47.5,42.2,41.7,37.7,36.5,37.8,40.2,39.2,37.0,35.7,34.1,29.3,27.2,23.8,20.8,19.2,19.0,19.7,20.6,21.8,22.7,23.6,24.5,25.6
12:23:57.140,80.3,44.4,67.3,63.7,69.9,72.2,69.9,66.6,66.4,62.3,61.8,57.8,56.6,58.4,58.2,48.0,41.8,39.2,39.5,37.2,36.7,39.4,37.3,36.6,37.5,33.1,29.3,26.5,24.9,21.3,19.7,19.3,20.5,20.9,21.8,22.6,23.6,24.6,25.7
12:23:58.140,78.0,45.2,67.9,69.9,68.6,67.5,67.3,68.4,68.2,61.6,60.5,58.6,59.0,59.2,58.7,47.7,44.5,46.1,37.4,36.8,35.4,37.1,37.0,38.3,39.2,34.1,30.0,27.6,26.2,23.9,21.4,19.8,20.3,20.8,22.4,22.8,23.7,24.5,25.7
12:23:59.140,80.9,44.8,68.1,69.3,66.5,69.7,69.1,69.8,64.6,63.7,61.2,60.0,56.3,57.5,54.1,49.0,43.6,44.3,38.4,35.9,35.3,36.9,36.9,38.3,39.3,33.9,30.0,28.8,26.5,24.5,22.1,20.4,20.9,21.1,22.0,22.8,23.7,24.6,25.7
12:24:00.140,79.0,44.1,66.2,68.2,63.3,66.3,66.2,64.2,65.3,64.8,57.8,55.5,55.1,57.1,55.4,48.4,44.9,43.4,37.1,36.6,35.2,36.5,38.2,37.5,37.0,32.9,30.3,29.1,25.6,23.3,21.2,19.9,20.4,20.8,22.0,22.8,23.6,24.7,25.5
12:24:01.140,78.9,45.4,66.9,67.8,66.1,70.1,69.0,65.8,62.9,62.5,60.2,57.7,55.9,58.3,54.0,48.8,44.7,43.4,37.9,34.5,35.8,37.5,39.0,38.4,36.3,34.1,30.7,29.6,33.0,25.2,32.7,33.7,23.0,23.2,21.6,22.7,23.5,24.6,25.6
12:24:02.140,80.0,45.5,66.0,74.2,72.2,66.5,65.5,62.2,63.7,61.0,58.1,60.9,53.7,57.0,56.4,47.9,44.2,42.3,38.1,36.7,38.2,38.4,36.5,36.5,35.2,33.6,31.8,29.5,29.1,27.6,33.4,34.9,21.2,22.0,21.9,22.9,23.6,24.7,25.7
12:24:03.140,78.8,46.5,66.4,63.4,68.7,68.9,66.7,66.5,66.3,61.4,59.4,55.5,56.2,55.3,54.7,48.7,41.6,40.5,36.6,35.3,39.6,39.8,37.3,37.5,36.7,33.2,30.6,29.4,29.8,31.0,40.6,37.0,22.5,22.3,22.0,22.7,23.7,24.6,25.8
12:24:04.140,77.5,46.9,66.2,68.4,65.3,69.6,69.2,61.6,61.0,59.9,58.0,56.3,56.0,56.9,55.9,48.2,43.4,40.5,38.5,35.6,38.5,41.2,38.0,37.4,37.8,34.4,30.5,29.4,28.1,33.9,40.1,36.9,22.9,22.7,22.3,22.7,23.8,24.6,25.6
12:24:05.140,75.7,46.2,65.8,64.5,66.0,69.7,69.0,62.4,59.8,59.6,60.7,59.9,57.3,54.9,54.9,49.3,41.7,40.0,38.5,36.7,39.1,41.1,38.9,38.4,38.2,34.3,31.0,30.1,29.0,28.2,37.5,32.0,21.2,22.4,22.1,22.7,23.6,24.6,25.8
12:24:06.140,78.4,47.2,64.8,69.3,70.8,64.9,63.0,65.6,63.8,57.8,56.0,56.4,56.8,54.6,51.9,48.7,43.5,41.0,37.9,35.7,38.0,42.4,40.7,40.1,38.7,35.5,32.1,30.0,29.8,28.6,37.1,33.6,21.4,21.8,22.0,22.6,23.5,24.7,25.6
12:24:07.140,77.7,46.5,65.8,68.9,70.0,68.7,68.5,66.6,62.7,62.7,58.4,58.6,53.8,53.9,49.7,47.6,41.0,39.6,36.0,35.2,36.4,41.1,40.7,41.6,38.7,36.5,32.5,30.0,28.9,31.0,34.8,29.4,21.4,22.9,22.0,22.6,23.6,24.5,25.7
12:24:08.140,77.3,46.2,66.4,68.3,69.4,67.6,65.4,68.6,60.2,60.9,60.6,56.1,57.4,52.8,49.8,46.0,40.8,39.8,36.7,34.9,35.2,40.3,42.1,41.1,39.6,35.5,31.6,28.6,24.4,27.5,34.7,29.8,22.7,22.1,21.9,22.7,23.8,24.7,25.6
12:24:09.140,78.5,46.1,65.9,69.5,71.1,69.2,66.0,64.0,64.3,60.8,60.8,58.5,50.4,54.6,54.4,47.3,40.3,40.0,33.8,36.4,34.7,39.6,40.0,40.2,40.5,34.9,30.5,27.9,24.7,29.8,30.7,30.5,20.5,21.7,21.9,22.7,23.5,24.7,25.7
12:24:10.140,79.4,45.4,65.8,73.7,70.5,70.8,67.6,65.8,58.2,61.4,61.6,57.1,57.6,53.9,50.5,45.6,40.1,41.5,35.2,34.1,35.3,39.1,40.5,40.9,39.2,34.1,30.7,29.0,26.4,23.1,21.3,20.2,23.4,21.5,21.6,22.7,23.5,24.6,25.8
12:24:11.140,76.7,45.6,65.4,66.6,68.5,66.6,64.5,65.6,60.5,61.4,57.8,57.8,53.9,57.2,51.6,46.7,39.5,39.3,36.9,35.4,35.7,39.5,39.9,40.4,38.5,35.2,30.4,28.8,25.6,27.4,35.2,26.6,21.5,22.2,22.1,22.9,23.7,24.6,25.7
12:24:12.140,78.9,44.7,65.8,68.6,68.0,60.3,60.6,63.0,62.5,65.4,57.2,54.7,53.7,55.4,52.7,45.8,39.8,39.2,35.0,35.1,36.1,38.1,38.2,39.6,38.4,34.8,31.4,29.1,25.8,22.2,21.5,19.8,20.0,20.9,21.8,22.7,23.7,24.6,25.7
12:24:13.140,78.9,46.0,65.1,68.2,70.4,66.9,65.0,59.7,65.1,56.7,56.2,57.9,56.0,53.4,52.0,47.9,41.4,40.1,35.7,34.5,36.1,38.0,36.6,39.2,39.8,36.3,32.2,29.8,26.5,28.9,39.6,30.3,21.3,22.5,22.0,22.6,23.6,24.7,25.6
12:24:14.140,78.7,44.9,64.0,67.3,67.1,60.7,57.0,59.1,62.2,62.6,55.5,55.3,53.8,53.7,52.3,47.9,40.9,37.8,35.0,37.1,35.9,37.9,38.5,38.9,39.0,36.5,32.0,30.1,26.6,23.8,22.4,21.0,20.1,20.9,21.5,22.5,23.6,24.8,25.5
12:24:15.140,79.5,46.0,65.6,69.0,69.0,67.2,67.1,61.4,62.5,59.0,60.0,57.9,54.8,54.5,53.9,49.7,42.6,41.3,36.6,36.3,35.7,37.7,36.2,39.4,37.7,36.2,32.5,30.9,28.1,27.0,39.0,29.2,21.5,22.1,21.9,22.7,23.7,24.7,25.5
12:24:16.140,80.3,45.5,65.1,73.8,70.5,67.2,64.5,63.1,62.0,59.1,58.2,57.7,56.6,53.1,48.7,49.5,41.9,39.5,36.5,36.4,36.0,38.8,36.9,40.7,39.1,36.4,32.7,31.7,28.5,25.4,23.4,22.0,20.3,20.9,21.9,22.7,23.7,24.7,25.8
12:24:17.140,78.6,46.0,65.0,67.9,69.8,71.5,62.9,63.0,60.7,60.2,56.1,56.0,56.9,56.0,49.9,48.4,43.0,40.4,38.4,37.0,37.0,39.7,37.1,39.2,39.8,35.5,32.0,31.5,29.2,30.6,37.8,33.1,21.4,22.5,21.9,22.6,23.7,24.7,25.5
12:24:18.140,79.0,45.1,65.1,71.9,73.1,69.7,68.7,66.4,60.8,60.9,54.2,57.1,56.3,53.1,51.3,47.1,44.2,41.8,37.9,37.3,36.0,37.5,35.4,36.8,38.5,36.0,33.1,31.8,30.6,29.6,28.8,25.7,22.0,21.1,21.8,22.9,23.7,24.6,25.8
12:24:19.140,79.3,46.0,65.4,66.8,69.7,66.0,61.0,60.2,62.4,61.6,60.1,57.1,54.3,54.2,53.8,50.3,44.0,40.3,37.3,37.8,34.8,37.2,36.9,37.1,38.4,36.7,34.2,33.6,31.7,30.6,32.7,26.9,23.3,21.5,21.7,22.8,23.8,24.6,25.8
12:24:20.140,78.1,46.3,65.8,66.9,69.3,68.7,65.1,64.4,62.1,62.7,58.8,53.6,56.1,55.2,51.8,50.3,43.5,41.6,39.5,38.7,37.0,37.8,36.1,38.7,39.6,36.5,35.3,34.2,31.5,31.1,31.2,28.6,23.9,21.6,22.0,22.8,23.8,24.6,25.7
12:24:21.140,78.0,47.7,66.8,66.5,64.9,68.2,69.2,67.1,66.4,65.4,56.9,54.2,55.1,53.9,50.9,48.2,43.7,42.7,40.6,37.6,37.5,38.5,37.2,39.0,39.2,36.7,35.3,33.5,31.6,35.7,42.3,38.3,24.4,24.2,22.7,22.6,23.5,24.7,25.7
12:24:22.140,76.7,45.8,65.9,69.9,65.6,68.2,67.2,67.0,63.8,63.4,61.8,55.9,53.6,53.1,50.5,48.5,44.5,43.2,38.7,37.0,36.4,38.9,38.9,39.7,40.0,36.6,32.4,30.4,28.0,27.8,25.8,24.2,21.4,21.0,21.8,22.8,23.5,24.6,25.5
12:24:23.140,77.2,45.2,66.5,66.5,66.9,71.7,68.0,65.9,67.0,63.7,58.6,55.5,53.5,54.4,50.1,48.5,41.8,43.5,37.5,38.5,37.5,37.4,38.1,39.0,38.5,36.1,33.4,31.3,27.2,25.8,23.6,21.9,20.7,21.2,21.8,22.7,23.6,24.6,25.5
12:24:24.140,76.5,45.4,66.4,65.8,66.8,69.1,69.3,66.2,64.3,64.0,60.4,54.4,53.0,51.6,53.1,49.0,41.6,42.0,38.3,39.0,39.3,40.7,37.1,37.8,38.3,36.0,31.8,28.6,25.4,24.5,24.5,22.4,20.3,20.9,21.5,22.6,23.7,24.8,25.7
12:24:25.140,80.3,46.5,68.0,67.9,72.6,70.4,71.6,69.5,64.3,61.1,60.9,54.1,51.9,54.1,56.8,53.5,42.8,37.5,37.4,37.4,39.7,41.2,38.3,38.3,41.2,37.2,33.4,30.7,25.4,24.3,25.3,20.7,20.6,20.9,21.7,22.5,23.7,24.6,25.5
12:24:26.140,77.9,46.1,67.7,68.9,64.6,66.2,66.0,65.2,66.3,62.3,59.1,57.0,57.3,55.5,57.1,57.6,44.4,41.0,37.6,38.5,39.7,40.8,39.1,37.6,38.8,36.3,33.3,30.1,25.8,22.5,20.8,20.0,20.0,20.9,21.9,22.5,23.5,24.7,25.7
12:24:27.140,78.8,45.8,68.1,70.1,70.2,70.7,70.5,66.8,69.1,63.8,61.3,58.0,55.2,54.6,53.1,52.8,41.5,41.0,36.7,36.6,37.4,39.7,39.2,40.0,39.5,36.4,32.5,29.2,24.7,21.5,20.8,20.2,19.9,20.8,21.8,22.6,23.6,24.5,25.6
12:24:28.140,75.8,46.7,66.4,63.3,62.7,62.0,65.9,65.1,64.7,66.6,59.1,54.1,54.3,50.5,54.6,54.6,44.4,39.9,37.2,37.4,38.8,41.1,39.6,41.0,39.3,36.6,32.6,30.5,25.9,26.3,33.1,25.2,21.4,22.6,21.8,22.7,23.7,24.6,25.7
12:24:29.140,79.2,47.8,65.2,67.6,67.4,65.5,66.4,63.2,63.7,58.5,58.6,53.3,52.2,53.1,55.6,52.3,43.3,42.2,37.8,38.3,38.3,40.8,40.8,42.4,43.1,38.4,34.2,31.3,26.6,23.9,21.9,20.9,20.3,20.7,21.8,22.6,23.6,24.6,25.7
12:24:30.140,76.0,47.7,67.3,64.6,63.2,62.3,70.4,67.3,63.5,62.6,59.9,57.1,55.6,58.2,56.8,51.1,42.0,40.1,38.8,37.4,39.1,42.0,39.5,41.9,40.5,37.5,33.1,30.1,26.7,30.1,35.8,29.5,21.3,22.0,21.9,22.8,23.7,24.7,25.7
12:24:31.140,76.9,46.7,66.2,60.9,61.9,64.5,69.4,66.6,65.7,60.5,55.0,53.4,51.2,56.2,54.4,48.6,41.7,40.1,40.3,38.6,39.1,41.0,39.8,41.0,40.7,37.3,33.4,30.0,26.1,24.6,23.3,21.0,21.0,20.8,21.5,22.7,23.6,24.5,25.7
12:24:32.140,76.0,45.8,65.7,66.3,68.8,66.7,63.1,60.1,66.3,65.6,57.4,53.3,54.0,50.9,48.3,44.3,42.3,38.9,39.5,36.3,38.3,39.0,37.8,40.1,39.5,36.9,33.4,31.3,27.9,25.3,23.0,21.4,20.5,20.5,21.8,22.8,23.6,24.7,25.5
12:24:33.140,80.3,47.0,66.8,70.6,66.4,66.1,69.1,69.7,64.4,59.2,61.1,53.6,55.4,54.4,56.6,46.2,42.0,38.6,37.4,34.8,38.1,39.0,37.6,41.4,40.0,37.5,34.8,30.9,27.8,28.2,36.5,25.4,21.9,21.6,22.0,22.8,23.7,24.5,25.8
12:24:34.140,77.2,45.2,65.7,57.3,62.1,64.2,66.1,69.3,66.2,64.4,56.0,52.4,53.7,50.8,54.4,46.8,40.6,38.3,40.8,37.7,37.0,37.4,37.2,40.2,39.2,35.6,32.8,29.0,25.1,23.3,21.6,20.1,20.2,20.9,21.7,22.6,23.5,24.7,25.6
12:24:35.140,76.3,45.4,64.5,64.9,67.1,66.0,63.8,62.8,63.7,60.8,59.1,53.9,49.8,51.2,55.4,47.8,39.1,36.5,45.6,41.5,38.0,38.0,39.5,40.2,38.9,35.8,31.0,26.3,22.2,20.1,19.3,19.3,19.9,20.8,21.8,22.7,23.6,24.7,25.7
12:24:36.140,77.1,45.4,63.7,62.5,61.4,65.2,62.7,57.0,63.7,61.6,57.9,52.4,51.8,50.8,48.2,44.1,40.3,36.3,41.2,37.5,36.5,39.5,38.9,40.2,40.0,35.3,29.8,26.1,22.9,19.7,18.9,19.1,19.8,21.0,21.9,22.7,23.6,24.6,25.8
12:24:37.140,75.5,45.3,64.0,63.9,63.0,62.4,62.4,63.9,66.9,60.7,57.8,55.9,52.7,49.6,48.5,42.9,38.0,36.2,41.3,39.8,37.0,38.9,39.7,41.1,39.8,35.5,31.0,26.7,23.1,21.2,23.1,20.6,19.9,20.8,21.6,22.6,23.7,24.7,25.5
12:24:38.140,76.2,45.5,63.8,67.9,65.9,68.0,65.6,63.0,61.8,58.2,57.4,54.1,52.3,52.2,50.1,40.6,36.4,37.4,44.8,40.2,39.6,38.0,40.2,40.9,40.1,34.4,29.0,26.5,22.6,20.4,19.1,19.3,20.0,20.8,21.6,22.5,23.6,24.5,25.6
12:24:39.140,77.4,44.8,63.3,65.2,67.8,67.6,65.1,62.4,57.8,59.1,60.5,55.5,51.7,50.7,49.9,44.1,40.5,36.6,44.6,41.3,39.3,38.1,37.5,39.0,38.9,34.9,28.9,26.1,22.7,19.6,18.9,19.2,20.0,20.6,21.7,22.5,23.7,24.7,25.6
12:24:40.140,76.3,44.7,63.5,66.7,67.2,65.9,64.0,58.1,59.8,60.7,59.9,50.9,50.7,52.4,52.9,48.6,40.4,37.6,43.7,37.7,39.6,37.9,38.1,40.2,38.0,35.3,29.2,26.1,22.7,22.0,20.8,20.1,19.9,20.8,21.8,22.8,23.6,24.7,25.7
12:24:41.140,78.0,44.3,63.3,64.2,63.6,65.9,66.0,61.6,56.4,57.3,55.1,56.8,51.4,53.6,50.5,47.4,39.6,36.5,45.3,40.4,41.6,39.1,36.0,37.3,36.8,34.8,28.9,24.7,21.6,18.9,18.2,19.0,20.1,20.7,21.7,22.7,23.5,24.7,25.7
12:24:42.140,77.7,43.6,63.5,67.1,67.4,64.9,65.3,63.0,56.9,58.7,60.3,55.2,50.6,51.6,47.9,47.8,40.3,37.8,44.2,39.2,39.1,38.1,35.7,37.7,36.2,32.4,28.5,25.4,21.7,21.2,21.4,19.5,19.8,20.7,21.6,22.7,23.6,24.6,25.7
12:24:43.140,77.2,44.4,63.4,68.6,67.9,67.7,62.9,59.5,56.1,57.6,58.0,55.4,48.8,53.5,54.3,47.2,45.1,37.0,46.5,39.6,39.2,38.5,37.0,38.1,37.9,32.9,28.3,25.3,21.9,20.7,20.1,19.4,19.8,20.6,21.6,22.5,23.7,24.6,25.6
12:24:44.140,77.1,43.9,62.6,70.6,71.2,63.9,60.7,60.2,57.9,58.8,57.0,57.2,50.8,49.6,50.1,46.1,40.8,38.1,44.0,40.8,37.6,37.5,36.3,38.5,37.4,32.2,27.3,25.7,22.5,20.2,18.9,18.9,19.9,20.6,21.8,22.7,23.7,24.6,25.7
12:24:45.140,76.8,44.5,64.2,66.6,65.9,67.0,65.8,66.0,59.1,59.2,55.3,51.9,53.8,48.6,45.8,44.8,40.5,38.4,44.8,40.4,41.5,39.4,36.9,38.6,36.9,33.2,28.9,26.8,23.8,21.4,19.7,19.3,20.0,20.5,21.9,22.8,23.7,24.7,25.5
12:24:46.140,79.0,44.1,62.7,64.9,63.4,65.5,62.2,65.7,58.7,54.1,55.1,54.3,52.9,47.7,47.1,42.5,41.0,37.4,41.0,42.1,39.3,38.6,37.1,38.8,38.0,33.3,27.9,26.1,23.3,20.7,19.3,19.1,19.9,20.6,21.6,22.5,23.6,24.6,25.6
12:24:47.140,75.4,43.5,62.8,63.9,65.9,67.7,65.2,59.7,59.7,58.9,54.5,52.9,50.8,49.6,46.6,45.7,39.3,37.0,39.0,38.9,38.6,38.8,38.0,37.4,36.1,33.5,28.9,26.6,23.5,21.2,23.0,20.6,20.0,20.7,22.0,22.8,23.6,24.7,25.7
12:24:48.140,77.0,43.4,62.0,67.7,64.2,63.8,66.0,61.1,58.9,51.1,53.4,55.5,52.3,50.8,46.7,46.6,40.0,39.8,39.8,38.4,37.9,39.8,37.3,37.7,35.7,33.1,28.9,27.7,24.4,21.3,19.5,19.1,19.6,20.7,21.7,22.7,23.7,24.6,25.7
12:24:49.140,76.8,43.6,62.8,68.4,68.3,66.1,64.0,63.2,58.0,55.6,51.3,52.3,51.7,48.3,46.9,44.6,38.3,42.4,41.7,39.1,39.7,38.1,37.2,37.7,36.7,33.0,29.4,27.8,24.2,20.5,19.2,19.3,20.0,20.8,21.7,22.7,23.6,24.6,25.5
12:24:50.140,77.9,43.1,63.4,72.2,71.0,65.9,64.6,64.8,61.2,52.2,55.2,53.9,51.0,50.3,48.7,44.7,40.2,41.4,39.8,40.1,37.9,35.7,35.7,36.4,36.4,32.5,29.8,28.4,24.4,20.7,19.4,19.3,19.6,20.7,21.8,22.5,23.7,24.7,25.5
12:24:51.140,75.6,43.2,62.3,68.2,65.6,63.7,63.0,58.9,62.9,59.2,50.6,50.1,51.4,47.8,46.6,43.9,40.4,39.9,39.3,38.1,37.8,38.7,35.3,36.8,36.4,33.5,30.5,28.2,23.9,20.4,19.2,19.1,19.8,20.7,21.7,22.4,23.6,24.7,25.7
12:24:52.140,76.7,43.5,63.3,59.6,64.9,66.6,66.5,62.0,60.0,58.4,55.4,53.6,50.9,46.3,49.4,45.1,40.9,38.0,36.7,37.0,38.6,40.0,36.4,36.1,35.3,33.5,31.4,28.4,24.5,20.5,18.8,19.0,20.0,20.8,21.8,22.8,23.7,24.7,25.6
12:24:53.140,75.1,43.9,65.1,64.2,64.1,65.8,68.2,66.0,63.0,61.7,58.6,55.1,50.0,50.9,49.2,44.0,45.4,37.6,36.8,38.2,37.9,41.3,36.9,36.6,36.4,34.3,31.2,28.9,25.6,20.7,19.3,19.2,20.2,20.8,21.6,22.7,23.6,24.6,25.7
12:24:54.140,78.0,44.2,65.2,63.5,64.2,68.1,68.4,67.3,63.1,57.0,51.6,54.2,51.9,47.3,48.8,46.1,41.1,37.1,36.9,36.6,38.9,41.3,39.1,35.3,37.2,34.8,32.0,29.5,25.1,21.5,19.4,18.9,19.7,20.6,22.1,22.9,23.6,24.4,25.5
12:24:55.140,76.6,44.2,63.6,69.7,69.0,64.7,62.7,61.9,63.4,63.0,57.4,51.1,50.8,46.9,46.4,47.9,41.7,37.1,36.3,36.0,38.8,39.4,39.6,36.0,37.0,34.5,31.6,28.4,25.1,21.1,19.5,19.3,20.1,20.8,21.8,22.6,23.5,24.6,25.7
12:24:56.140,78.1,44.2,63.9,65.2,65.8,66.0,66.4,61.8,61.4,58.6,56.5,54.7,51.4,49.0,49.4,45.7,41.9,38.9,37.5,36.9,38.3,39.9,38.5,37.7,36.7,34.6,32.7,30.4,25.3,21.6,19.6,19.6,19.7,20.9,22.0,22.8,23.6,24.6,25.7
12:24:57.140,77.7,44.7,65.0,67.9,63.9,66.1,68.3,69.4,63.6,59.5,58.2,54.7,50.3,51.3,48.1,46.2,44.3,39.7,38.2,35.2,39.4,41.2,37.5,37.9,37.4,35.5,31.7,29.4,25.4,21.9,20.0,20.6,20.0,20.4,21.5,22.7,23.7,24.7,25.7
12:24:58.140,77.7,45.0,66.1,68.3,71.0,68.8,65.6,66.1,65.6,65.0,57.3,52.7,50.5,50.9,48.9,46.9,42.6,40.8,37.9,38.1,41.0,42.0,36.9,36.5,38.2,34.9,32.9,29.6,25.5,22.3,20.9,20.5,20.2,20.8,21.9,22.6,23.8,24.7,25.7
12:24:59.140,79.1,45.7,67.4,70.9,66.8,65.8,67.0,71.3,66.6,64.6,64.9,53.4,49.9,48.0,52.1,49.9,41.4,40.5,38.8,38.3,41.6,42.4,37.9,38.0,37.9,36.3,34.9,31.3,27.4,23.4,21.3,20.5,20.3,20.9,21.8,22.5,23.6,24.7,25.7
12:25:00.140,77.7,45.4,66.1,66.9,67.9,65.6,68.4,68.9,63.7,62.7,60.8,56.1,50.0,47.5,51.4,46.4,38.2,38.8,39.1,38.7,39.6,41.1,39.5,37.5,38.2,36.3,34.8,30.7,27.8,24.8,22.9,21.4,20.5,20.9,21.6,22.7,23.7,24.5,25.6
12:25:01.140,79.1,44.4,66.4,62.9,67.2,64.7,67.2,68.4,65.3,64.6,59.7,56.5,49.4,48.2,47.5,45.8,40.6,37.7,36.2,35.3,39.5,40.3,37.8,37.9,37.3,34.8,32.2,29.7,25.7,21.2,19.2,19.4,19.8,20.8,21.8,22.6,23.5,24.7,25.6
12:25:02.140,79.1,45.0,67.8,63.3,68.1,68.2,67.1,67.7,65.0,65.5,62.3,54.7,51.0,48.2,47.0,43.5,39.9,35.5,34.8,37.6,38.2,41.0,39.0,39.3,39.4,34.9,31.6,29.4,25.2,21.3,19.2,19.0,19.6,20.9,21.7,22.6,23.5,24.6,25.5
12:25:03.140,78.2,45.1,67.1,67.3,69.2,68.9,71.0,67.4,67.4,65.7,56.9,52.7,48.5,50.8,49.6,47.7,39.4,36.9,36.6,38.3,37.7,40.6,40.0,40.4,37.9,34.3,32.0,28.8,25.3,21.6,19.4,19.4,19.9,20.8,21.9,22.7,23.6,24.6,25.6
12:25:04.140,78.9,46.5,66.5,69.3,68.6,65.6,66.2,65.6,66.4,66.2,55.5,53.1,48.9,54.5,51.7,44.2,40.4,38.3,36.6,39.5,39.0,41.9,42.6,42.1,39.6,34.5,32.1,29.6,26.1,22.0,19.8,19.3,20.0,20.9,21.7,22.7,23.6,24.7,25.6
12:25:05.140,78.9,48.4,64.7,64.3,68.8,66.8,62.6,66.1,62.0,59.3,57.1,53.8,50.2,51.6,51.4,46.5,39.6,36.5,36.4,39.0,40.8,43.4,44.0,44.7,41.9,36.5,31.8,30.1,26.9,22.5,19.8,19.7,20.4,21.0,22.0,22.8,23.8,24.8,25.6
12:25:06.140,79.2,50.0,65.1,71.7,70.0,69.7,66.0,68.6,62.3,60.3,56.0,55.1,50.5,49.2,46.9,44.7,37.8,36.1,38.3,38.2,41.7,43.5,45.4,47.4,44.3,37.6,32.3,29.8,27.0,23.4,20.0,19.5,20.2,21.0,21.9,22.8,23.7,24.6,25.5
12:25:07.140,79.1,50.0,64.9,70.8,73.9,69.9,61.9,64.1,57.8,56.2,55.5,51.8,48.6,47.2,44.1,43.4,37.6,36.2,36.8,38.5,43.1,44.3,45.7,47.4,43.0,38.0,31.0,28.1,24.4,20.4,18.7,18.9,19.6,20.7,21.8,22.7,23.8,24.6,25.7
