AMBIENT,74.4,59.2,65.3,65.0,65.1,64.8,62.4,61.2,61.4,60.6,57.2,56.3,54.7,51.1,49.3,46.0,41.2,42.9,45.4,44.4,43.5,52.4,55.2,50.6,48.3,50.3,53.4,46.4,40.6,38.4,35.7,33.8,33.0,30.9,32.7,31.6,32.3,33.0,34.0
12:19:52.600,66.9,53.7,60.5,53.6,53.8,53.8,55.7,53.8,55.7,57.3,52.2,52.4,47.4,44.6,45.8,37.0,37.3,39.1,46.7,44.9,40.0,48.6,49.5,55.4,44.7,47.4,43.2,29.2,28.3,32.3,31.4,32.0,30.3,29.5,30.2,30.8,31.9,32.8,33.8
12:19:53.600,72.6,64.0,67.3,66.9,61.9,57.9,60.3,59.8,60.5,61.9,55.3,59.7,55.7,49.3,47.1,48.2,40.9,46.6,52.0,50.5,48.6,60.2,62.4,56.5,55.1,57.7,61.5,53.7,47.7,45.6,42.5,39.8,38.1,34.2,36.7,33.0,33.1,33.4,34.0
12:19:54.600,76.7,43.2,65.2,66.7,67.9,66.1,63.6,62.7,64.1,63.2,59.1,56.8,58.2,52.9,53.3,46.6,41.4,40.5,37.4,35.1,36.4,39.0,33.0,31.6,30.3,29.7,28.2,27.9,26.1,26.5,27.8,28.5,28.2,29.0,30.1,30.9,31.6,32.7,33.9
12:19:55.600,73.9,42.8,61.7,63.5,64.3,62.3,59.5,58.8,58.8,56.4,57.3,54.5,48.7,49.1,46.9,44.7,40.2,41.5,38.2,35.1,36.3,38.0,33.6,31.9,30.5,30.3,29.1,27.3,26.3,26.7,27.1,27.4,28.1,28.6,29.6,30.7,31.7,32.8,34.0
12:19:56.600,71.0,43.8,60.9,55.7,60.2,58.7,58.4,59.7,54.6,56.1,54.8,55.1,49.0,45.6,45.9,42.1,39.6,41.0,43.7,42.7,38.9,38.3,36.1,32.0,31.0,30.3,28.1,27.5,26.3,26.7,27.4,27.8,28.2,28.9,29.7,30.6,31.6,32.6,33.9
12:19:57.600,70.4,45.7,59.6,58.2,61.6,59.3,58.5,59.9,58.0,56.8,54.2,54.0,50.4,48.7,47.9,42.4,39.4,41.5,40.4,38.4,38.1,38.0,36.1,38.2,36.1,30.8,29.1,30.3,27.7,29.8,28.7,31.1,34.7,32.7,34.0,32.1,33.2,33.3,34.2
12:19:58.600,77.0,44.6,65.1,68.2,69.7,66.0,68.5,66.6,62.8,58.9,61.2,61.2,56.6,54.7,52.4,49.3,44.3,44.4,38.9,36.3,36.1,39.5,36.6,32.5,31.3,30.8,30.2,30.4,27.4,29.5,28.3,30.2,33.5,31.7,32.8,31.8,32.8,33.2,34.1
12:19:59.600,74.3,46.8,65.9,63.6,58.9,57.9,56.2,54.9,55.8,53.4,57.7,54.8,51.7,51.3,50.0,45.1,40.2,41.9,39.0,36.5,37.3,39.5,36.3,33.8,35.4,31.1,29.5,28.5,26.9,27.2,27.9,28.2,29.0,29.6,31.3,31.5,32.2,33.0,34.3
12:20:00.600,88.2,70.7,85.1,79.7,75.2,74.8,75.9,75.9,74.7,70.3,66.9,70.3,66.8,70.5,72.1,71.9,75.9,84.2,72.6,59.6,64.4,59.4,62.4,61.5,59.6,57.1,52.0,44.0,34.5,27.5,27.2,27.4,28.0,29.0,29.8,30.8,31.6,32.7,33.8
12:20:01.600,93.2,64.4,89.2,72.3,72.4,76.1,75.8,77.6,79.9,77.1,77.7,80.3,76.7,75.4,73.1,71.4,67.1,66.4,60.4,55.3,50.9,50.9,53.3,51.3,53.2,51.8,46.4,38.1,29.2,26.4,26.9,28.4,29.3,29.5,30.1,30.8,31.8,32.7,33.9
12:20:02.600,102.1,75.2,99.3,83.2,85.6,84.2,85.1,90.0,91.0,88.6,92.1,89.2,93.6,92.7,93.1,84.9,82.5,77.3,70.9,64.6,56.5,56.0,58.7,58.1,57.4,57.3,51.7,43.2,32.7,28.9,28.4,30.7,33.0,31.7,33.0,32.0,32.4,32.9,34.1
12:20:03.600,104.2,80.0,101.8,81.5,84.9,91.4,92.6,89.8,90.9,90.1,94.1,94.6,96.5,96.0,93.3,89.7,86.8,84.2,78.8,73.5,67.4,66.6,68.4,68.3,66.6,66.9,61.4,53.3,41.7,29.5,27.7,27.9,28.2,29.0,29.8,30.6,31.7,32.6,33.8
12:20:04.600,106.1,87.3,104.5,76.5,81.4,86.4,88.6,91.2,94.5,94.5,95.1,96.6,97.5,97.9,97.7,96.3,93.0,93.8,86.5,82.0,77.2,76.6,77.5,77.2,76.6,75.4,71.2,64.6,57.7,49.6,40.4,30.6,28.4,28.8,29.6,30.6,31.4,32.7,33.8
12:20:05.600,108.9,92.1,107.5,81.1,87.6,87.5,88.6,97.4,95.8,94.9,98.2,97.6,99.6,101.1,98.4,98.4,99.6,96.6,92.9,87.1,84.4,83.7,85.8,83.1,83.0,80.3,76.0,70.2,64.4,58.6,50.7,43.3,35.7,29.9,29.7,30.7,31.4,32.5,33.6
12:20:06.600,113.5,97.1,112.3,89.7,88.9,91.9,94.2,99.1,98.5,98.8,98.4,103.4,107.8,105.4,105.5,103.2,100.6,101.6,97.7,93.7,90.1,88.8,90.7,90.0,88.8,87.8,84.5,79.6,75.9,71.3,68.7,59.7,53.3,48.5,43.2,40.3,37.0,33.9,34.2
12:20:07.600,114.8,99.3,113.4,86.9,89.4,93.9,98.0,100.2,101.2,102.0,105.0,103.2,106.6,105.7,105.4,104.3,103.8,101.6,99.1,95.0,91.4,90.7,91.6,92.1,90.7,89.2,87.1,84.5,81.1,77.6,74.1,69.6,65.5,61.0,55.7,51.8,48.2,44.7,40.4
12:20:08.600,114.8,99.6,113.2,86.1,86.4,92.5,100.7,99.8,102.0,103.0,101.1,104.4,105.7,107.1,105.0,103.7,103.3,101.2,99.3,96.7,92.5,91.2,91.4,92.2,91.4,88.8,87.1,84.9,82.2,79.4,75.4,72.2,70.1,66.9,63.7,59.2,56.0,53.5,50.9
12:20:09.600,114.3,96.5,112.5,89.7,94.9,97.8,98.7,101.2,100.4,104.8,105.2,106.0,105.8,104.2,103.9,103.9,101.3,99.6,97.8,94.4,90.7,87.2,86.9,87.3,87.6,85.9,83.2,78.7,74.4,70.6,66.5,63.8,58.2,51.8,45.3,39.1,34.5,33.0,33.6
12:20:10.600,111.7,91.5,109.7,86.9,93.4,95.6,95.8,96.6,97.6,101.8,102.8,100.6,99.9,102.9,102.0,99.9,98.1,94.4,93.1,87.8,85.2,83.7,83.3,80.8,80.2,78.2,74.5,68.9,65.3,59.6,49.1,40.3,34.1,32.2,31.7,31.2,32.6,33.3,34.0
12:20:11.600,111.1,91.7,109.3,89.0,86.5,93.9,93.1,93.6,99.7,101.5,102.1,99.4,102.5,103.6,101.4,100.6,94.9,95.9,91.7,87.8,83.0,83.8,85.7,85.3,81.1,78.3,77.5,72.4,70.6,67.0,59.7,50.4,42.3,34.4,31.6,30.8,31.8,32.8,33.7
12:20:12.600,113.8,95.7,111.6,91.4,89.2,95.7,99.2,98.6,103.0,102.9,102.2,105.1,106.2,105.0,102.6,100.4,98.6,96.2,92.3,88.7,87.3,90.4,90.9,88.4,86.1,83.5,78.1,76.5,72.2,65.8,59.8,53.0,45.3,37.8,32.2,30.9,31.6,32.6,33.6
12:20:13.600,116.1,104.2,114.8,85.8,87.6,89.2,97.7,98.5,104.5,101.9,105.1,108.2,109.2,106.2,105.7,105.7,102.0,99.5,95.8,94.8,97.7,99.5,100.0,97.9,95.8,93.0,92.3,93.0,89.5,87.4,85.7,82.9,79.6,75.0,70.1,64.5,58.9,55.4,52.0
12:20:14.600,116.1,103.2,114.6,90.1,93.9,95.9,99.4,99.0,99.3,103.6,106.3,109.5,106.9,107.6,105.0,103.5,101.0,95.1,94.3,96.2,97.6,98.9,97.7,94.9,93.3,92.3,90.5,90.3,87.1,85.0,82.2,79.3,76.3,72.0,69.0,66.3,63.4,59.5,58.1
12:20:15.600,115.8,101.1,114.2,89.1,94.1,92.6,92.6,95.6,101.9,107.2,104.1,107.9,109.9,108.3,104.0,101.6,97.7,95.4,94.4,98.0,98.4,96.8,92.2,94.1,93.1,89.7,88.6,85.8,82.0,79.6,77.0,73.7,71.2,66.2,61.5,56.3,50.4,45.8,43.7
12:20:16.600,114.5,101.5,112.7,87.1,88.3,92.3,96.4,99.7,101.9,102.9,103.9,102.9,104.6,103.1,102.6,99.0,94.7,93.7,98.7,100.7,100.9,96.9,93.3,94.5,90.8,91.4,88.6,85.7,83.0,80.4,78.6,75.1,69.5,64.2,58.9,52.1,44.2,37.7,34.7
12:20:17.600,115.5,102.5,114.0,87.9,93.7,97.1,99.1,98.8,103.1,104.1,106.6,108.3,108.6,107.7,105.7,103.4,93.4,96.2,102.2,102.9,100.9,93.7,97.4,95.9,94.2,92.2,91.2,89.5,86.3,83.7,79.3,75.8,72.2,68.6,64.8,58.7,52.9,48.2,44.2
12:20:18.600,116.2,101.8,114.2,88.2,93.2,98.6,100.6,103.7,105.1,106.3,106.3,108.4,108.8,106.3,105.3,99.4,95.0,98.3,101.1,102.2,96.3,93.9,97.0,92.4,93.3,91.8,90.8,88.8,86.2,83.8,80.5,75.7,70.9,64.4,59.2,55.7,50.3,44.2,40.1
12:20:19.600,117.3,100.8,114.9,84.0,93.6,100.3,102.3,99.4,103.9,109.6,109.3,109.9,109.8,106.8,103.4,95.7,97.6,98.5,101.3,99.7,92.6,96.4,94.8,94.0,91.5,90.3,87.9,84.1,80.6,80.3,76.5,73.7,70.7,65.2,60.0,56.0,50.2,44.6,39.4
12:20:20.600,118.8,102.6,116.3,84.1,91.3,94.8,98.8,103.6,107.2,108.6,112.0,109.7,110.7,108.4,101.6,93.5,99.5,102.9,104.7,100.4,94.1,98.0,95.6,96.3,93.4,91.8,90.5,89.4,87.1,85.1,82.9,80.3,78.1,74.8,69.7,64.2,57.4,50.6,45.1
12:20:21.600,118.7,103.0,115.5,94.7,99.5,99.0,100.9,104.9,111.3,111.8,112.7,107.4,106.8,104.1,96.1,95.8,100.7,103.0,103.7,98.4,95.1,98.3,93.5,95.0,92.8,93.3,91.7,90.2,88.5,87.2,85.0,83.0,80.4,76.8,73.2,69.4,64.9,61.0,59.0
12:20:22.600,118.3,103.0,115.8,93.0,96.5,96.6,102.6,106.6,106.3,111.6,110.7,110.9,108.3,102.1,96.3,96.8,102.2,104.6,102.1,97.8,98.1,98.4,95.1,94.1,92.7,91.8,89.2,87.5,85.8,84.0,82.8,80.2,77.4,73.9,70.7,66.6,61.0,54.6,49.7
12:20:23.600,118.6,104.8,115.8,92.4,94.8,102.3,105.1,105.2,110.9,110.2,110.2,108.6,107.1,99.9,93.8,100.0,106.1,105.9,103.9,96.1,101.9,98.5,99.2,96.7,95.5,94.2,93.0,92.0,90.4,89.2,87.2,84.9,82.9,80.2,77.7,76.2,73.9,71.0,69.9
12:20:24.600,118.4,100.5,115.1,95.8,99.2,102.4,101.3,105.7,107.4,110.4,112.6,108.8,103.8,96.5,92.8,98.9,105.2,102.5,100.4,94.3,98.1,93.1,94.7,93.6,90.6,89.4,86.8,84.8,81.1,78.3,76.0,71.8,67.5,62.7,57.5,52.5,48.8,44.4,40.5
12:20:25.600,119.7,100.5,115.0,98.6,101.3,108.8,114.2,112.0,109.1,113.6,110.2,105.6,104.1,95.7,94.6,101.4,104.8,103.5,98.1,96.5,97.0,95.0,93.4,93.5,92.1,89.6,88.5,86.5,83.9,81.3,78.4,76.5,73.6,71.0,67.2,63.4,59.5,54.8,51.1
12:20:26.600,117.3,99.1,113.2,100.5,102.9,105.7,105.6,110.2,109.4,111.2,109.9,103.4,100.5,92.0,96.6,101.6,103.4,100.2,92.8,97.3,94.8,94.8,91.6,90.7,90.0,87.9,85.9,83.8,81.6,78.9,75.2,72.6,68.2,63.7,58.9,54.9,48.4,40.5,35.8
12:20:27.600,118.5,99.1,113.9,100.5,101.9,101.9,105.1,108.6,111.0,111.3,108.3,105.1,98.5,92.0,98.8,101.6,104.8,99.2,93.8,98.3,92.6,94.6,92.1,90.5,88.0,87.3,86.4,83.9,82.2,79.3,76.6,73.4,70.0,65.8,62.0,59.7,56.6,52.3,48.5
12:20:28.600,117.5,100.4,113.3,96.2,101.5,106.5,104.4,106.9,110.0,111.9,108.7,101.2,96.2,92.2,99.4,103.9,105.0,98.3,96.4,99.4,94.7,95.4,93.8,93.3,92.3,91.2,90.3,88.6,86.3,82.5,80.0,77.2,73.3,68.4,63.6,59.7,54.6,49.4,45.2
12:20:29.600,115.8,97.6,111.0,100.8,100.7,100.9,105.0,103.7,105.2,107.8,104.6,101.5,94.3,94.4,101.0,101.3,101.2,94.8,95.8,96.5,93.8,91.6,91.4,90.9,87.2,86.4,84.3,81.4,77.7,74.4,70.5,67.4,61.5,53.4,46.1,39.2,33.5,32.9,33.7
12:20:30.600,116.4,99.6,112.2,98.5,101.5,107.0,110.0,107.7,109.2,109.0,104.6,100.0,94.6,97.9,100.8,104.5,103.8,95.0,99.2,98.0,96.7,93.3,92.3,91.8,89.8,89.3,87.9,86.6,84.8,81.1,78.1,75.2,71.2,65.9,61.1,56.9,52.0,46.2,39.2
12:20:31.600,116.6,100.6,111.9,95.3,101.3,107.5,109.7,109.5,106.9,104.4,105.0,101.8,90.4,96.8,102.6,102.0,101.1,91.6,100.0,96.9,97.8,95.2,94.2,92.1,90.9,89.5,88.7,86.4,85.0,82.7,80.1,76.7,72.4,68.1,62.4,57.6,51.7,44.6,37.4
12:20:32.600,116.1,100.8,113.0,97.2,99.1,101.2,106.0,107.8,105.9,108.5,107.6,98.9,90.4,102.0,104.5,106.1,101.6,95.6,102.1,96.2,98.9,95.7,93.8,92.5,90.2,89.6,88.5,86.8,85.0,83.5,80.3,78.3,75.1,72.0,68.4,65.7,63.1,59.4,54.5
12:20:33.600,117.3,99.7,112.2,102.1,104.8,109.8,107.1,109.6,109.6,105.2,103.1,98.0,94.7,100.5,103.1,105.3,100.0,96.0,100.6,95.5,95.1,95.5,93.9,92.9,91.0,90.7,88.9,86.2,83.9,82.5,79.7,76.4,73.1,67.6,63.4,60.1,56.9,52.2,46.5
12:20:34.600,115.5,97.3,111.2,98.4,103.0,105.1,107.2,109.5,106.1,105.1,101.9,97.7,94.2,101.2,102.6,103.5,98.0,97.9,99.2,94.6,93.7,91.8,91.3,90.3,87.9,85.9,83.5,81.0,79.3,76.9,74.1,69.4,64.8,58.5,51.7,46.3,39.3,34.1,33.8
12:20:35.600,114.7,94.7,109.0,100.5,103.8,107.6,107.5,104.9,102.4,104.1,103.8,91.1,95.5,98.9,102.5,98.7,92.7,93.4,93.4,92.5,91.1,90.3,89.3,88.1,86.6,84.7,82.2,80.1,78.0,74.1,71.2,67.1,62.5,56.7,50.4,45.6,39.9,34.7,33.9
12:20:36.600,112.9,96.1,109.1,96.7,97.9,99.3,103.3,103.0,101.8,106.4,100.1,90.5,92.8,99.3,102.6,100.6,93.2,98.2,94.6,94.9,92.6,90.7,89.4,88.4,86.2,84.8,81.6,78.8,75.5,69.7,66.8,63.0,55.6,49.6,41.4,35.5,32.3,32.6,33.7
12:20:37.600,114.2,94.9,108.7,98.5,102.9,102.4,105.4,104.7,105.0,101.0,97.7,90.1,95.5,101.1,101.2,97.2,90.9,96.9,93.2,94.1,90.5,88.1,86.5,86.2,83.8,82.9,81.1,79.1,76.0,72.3,68.0,63.5,57.0,50.3,41.8,34.6,32.1,32.8,33.8
12:20:38.600,113.3,93.8,107.6,94.8,104.6,107.7,106.1,104.2,104.4,100.4,94.5,88.8,95.4,99.5,101.3,96.2,89.9,96.5,90.5,92.6,90.5,88.8,86.6,86.9,84.4,83.1,82.2,79.4,76.4,73.5,70.1,66.5,60.6,53.9,46.4,39.8,34.0,32.8,33.7
12:20:39.600,113.6,93.8,107.5,101.9,103.7,106.3,106.5,106.1,103.2,100.7,94.3,89.1,95.9,98.0,101.6,96.0,90.4,96.3,91.2,93.8,90.3,88.5,86.4,85.0,82.8,81.2,79.5,77.5,74.3,71.3,67.8,62.4,56.2,48.3,40.0,34.4,33.8,34.1,34.8
12:20:40.600,113.8,93.8,108.1,103.5,105.1,103.5,104.2,105.8,106.0,100.7,95.0,86.3,96.3,99.2,100.2,95.0,88.7,95.5,90.5,92.9,91.3,88.0,86.7,84.7,82.4,80.9,78.0,74.5,70.7,67.0,62.9,56.9,51.2,44.9,39.5,35.3,32.7,32.7,33.7
12:20:41.600,111.0,91.7,106.0,95.9,101.6,102.5,102.9,102.6,102.0,98.0,95.6,86.4,94.9,96.3,98.7,94.0,89.6,95.8,90.3,91.4,88.0,87.5,86.1,82.3,79.8,77.8,75.0,71.3,67.1,64.1,58.9,53.1,43.8,34.5,30.5,30.7,31.6,32.6,33.7
12:20:42.600,110.5,92.0,105.7,98.7,96.5,98.8,98.7,99.5,98.7,96.9,92.9,89.8,96.5,97.9,99.4,92.4,92.0,93.9,90.6,89.6,88.5,86.7,84.5,83.4,81.4,77.9,75.2,73.3,69.3,66.7,62.1,57.5,50.9,45.4,38.5,33.8,32.0,32.6,33.7
12:20:43.600,109.4,90.9,105.2,98.3,99.5,101.5,99.9,94.2,95.3,99.1,91.4,90.1,94.6,99.5,100.5,93.2,92.3,93.4,90.5,88.7,88.7,87.5,84.0,82.5,80.8,76.9,74.9,72.3,68.6,63.9,56.0,48.7,39.5,31.6,29.9,30.4,31.6,32.5,33.6
12:20:44.600,107.9,87.8,103.6,94.2,95.7,100.7,99.6,99.5,96.7,95.1,86.2,86.3,96.3,98.6,96.9,89.6,91.2,92.7,88.4,86.2,85.5,84.6,81.1,78.6,75.9,72.2,68.2,63.4,58.4,52.5,44.9,35.1,30.2,29.1,30.0,30.7,31.7,32.6,33.9
12:20:45.600,104.9,87.4,102.2,92.1,92.2,87.4,91.9,93.5,94.6,94.2,88.4,88.2,96.5,96.4,94.7,88.1,90.6,92.1,88.9,85.5,85.1,82.5,79.7,77.3,74.0,71.2,66.5,60.7,55.9,48.1,40.4,32.5,28.3,29.0,30.6,30.9,31.5,32.6,33.8
12:20:46.600,105.3,85.3,101.4,91.5,95.5,97.6,97.1,93.9,96.3,92.9,86.8,87.5,92.2,94.9,94.0,88.4,89.0,89.8,87.2,84.9,83.5,80.6,77.6,75.1,72.3,69.8,64.2,58.8,51.3,43.1,34.1,28.7,28.0,29.1,29.8,30.5,31.6,32.7,33.8
12:20:47.600,104.4,83.7,100.8,91.4,95.8,93.5,92.3,92.9,89.0,92.9,87.9,90.6,92.6,95.2,95.1,85.2,88.5,86.7,86.0,83.2,81.0,78.7,76.8,74.0,68.8,64.9,59.0,54.5,50.1,43.1,34.6,29.4,28.2,28.8,29.5,30.7,31.6,32.7,33.8
12:20:48.600,105.2,85.0,101.7,93.3,93.1,96.1,93.4,91.2,94.4,92.1,87.7,93.0,96.2,97.6,93.6,85.6,89.5,86.1,87.3,84.4,82.9,81.2,79.9,74.9,71.9,68.7,63.7,59.7,55.6,50.5,44.2,36.7,29.4,29.0,29.6,30.6,31.6,32.6,33.7
12:20:49.600,105.4,83.7,100.9,91.8,92.0,96.5,96.8,96.1,95.7,90.4,85.2,89.1,94.1,97.1,92.1,83.1,90.5,85.5,87.6,83.2,82.0,79.5,76.6,72.6,68.0,64.2,58.3,53.4,45.4,36.0,29.1,27.6,28.2,28.9,30.0,30.8,31.6,32.7,33.9
12:20:50.600,103.2,81.5,98.9,94.5,91.5,87.4,91.6,91.5,90.4,86.6,81.8,89.9,90.1,93.7,91.6,82.7,88.7,84.9,86.3,80.9,77.6,74.7,73.1,70.1,65.1,60.9,55.6,49.7,42.4,33.6,28.3,27.3,28.1,28.8,29.8,30.6,31.7,32.8,33.7
12:20:51.600,104.4,82.0,99.7,91.2,90.9,88.0,90.7,91.6,89.9,91.3,83.8,87.7,92.6,93.6,89.5,81.6,89.8,83.8,84.0,81.5,77.8,77.0,74.3,71.0,65.8,60.6,54.0,44.8,35.7,29.6,28.8,31.3,33.9,32.4,33.2,31.9,33.4,33.0,34.1
12:20:52.600,102.7,79.2,98.0,92.3,91.4,90.6,93.8,92.1,94.0,89.1,82.9,85.8,90.8,92.0,92.0,82.1,86.6,83.4,82.1,78.2,76.0,73.9,69.8,63.7,58.7,53.2,45.8,37.8,29.1,26.3,27.0,27.6,28.4,29.1,29.8,30.6,31.6,32.5,33.8
12:20:53.600,103.1,78.6,97.5,90.0,91.9,95.8,94.7,90.8,90.4,88.5,81.4,87.2,90.1,90.8,91.7,81.0,87.7,80.8,83.6,78.2,75.1,72.6,69.6,65.6,60.6,54.4,49.2,43.7,36.0,29.6,27.8,30.4,32.3,31.1,32.0,31.5,32.7,33.1,34.0
12:20:54.600,101.6,78.8,98.0,87.9,89.4,88.7,88.3,88.3,88.2,86.7,81.0,86.7,93.8,94.7,88.4,81.0,87.6,80.7,81.1,79.3,75.8,73.9,67.6,61.1,55.9,50.4,45.5,35.6,28.3,26.7,27.6,28.0,28.8,29.4,29.6,30.7,31.6,32.7,33.8
12:20:55.600,101.6,77.6,97.3,91.2,93.8,91.8,90.8,92.5,91.0,84.8,82.6,85.7,90.0,92.5,90.2,83.3,86.4,79.5,80.7,76.6,73.3,71.2,67.0,62.6,59.0,54.3,47.8,37.3,28.5,26.2,27.0,27.4,28.1,29.0,30.5,30.7,31.6,32.6,33.8
12:20:56.600,101.8,75.8,96.6,88.9,88.1,89.0,90.9,91.9,87.5,87.3,81.5,84.5,90.3,92.3,85.1,81.0,83.9,77.5,80.3,76.1,71.1,66.5,63.5,59.5,54.4,50.1,45.8,35.6,28.7,26.5,26.6,27.0,27.9,28.9,29.5,30.7,31.6,32.7,33.7
12:20:57.600,100.5,75.3,94.9,90.0,87.1,84.0,89.3,89.7,92.3,85.0,78.7,85.4,88.5,88.5,85.6,79.6,84.1,77.1,80.0,75.0,72.6,70.6,65.6,60.5,53.9,49.1,44.9,35.3,29.2,27.8,28.0,28.8,29.3,29.7,30.6,31.5,32.3,33.1,34.1
12:20:58.600,101.9,74.0,95.1,92.3,92.2,93.2,88.7,88.0,90.6,87.0,79.2,84.3,89.3,87.6,87.4,79.4,83.5,73.2,76.4,72.2,69.9,66.8,61.8,58.6,52.8,48.5,42.0,36.9,27.8,27.3,27.5,27.3,27.8,29.0,29.8,30.7,31.7,32.8,33.9
12:20:59.600,101.2,72.4,94.4,81.4,89.0,93.8,94.1,95.7,89.4,84.4,81.7,85.4,88.4,88.4,85.0,78.4,82.4,73.8,72.7,71.8,69.1,66.8,62.3,58.5,53.3,48.3,41.2,34.5,28.6,28.2,28.0,28.9,29.4,29.8,31.1,31.4,32.3,33.0,34.0
12:21:00.600,100.9,72.6,94.3,87.8,89.8,89.6,89.4,90.9,89.5,86.8,78.0,81.3,88.3,89.9,86.0,80.8,82.3,74.7,73.9,71.5,67.3,62.4,58.8,56.6,53.3,48.2,41.9,35.8,27.6,26.8,27.4,27.8,28.3,29.0,29.9,30.7,31.6,32.7,33.9
12:21:01.600,99.6,72.9,93.9,91.6,89.1,90.6,92.6,90.4,91.2,84.2,82.5,85.4,86.9,88.4,86.5,79.3,82.6,75.3,77.1,72.9,70.6,66.8,60.3,58.1,55.3,48.3,41.8,34.2,27.1,26.4,26.8,27.3,28.2,28.9,30.9,30.8,31.6,32.5,33.7
12:21:02.600,100.7,71.1,93.5,91.4,92.2,93.9,89.5,86.1,90.5,87.7,82.2,87.1,86.2,86.9,82.7,76.3,80.8,73.9,73.8,70.7,66.6,61.6,56.7,56.2,55.9,50.0,43.9,36.3,26.7,27.3,27.0,27.4,28.1,28.9,29.7,30.6,31.6,32.7,33.8
12:21:03.600,100.5,71.6,93.6,85.5,88.1,91.6,91.3,86.2,86.5,85.1,76.4,86.8,88.9,87.3,84.0,77.0,82.3,73.4,73.2,67.9,66.5,62.5,57.3,55.7,56.6,51.5,46.5,36.8,28.1,26.4,26.9,27.6,28.1,29.0,29.6,30.6,31.7,32.4,33.8
12:21:04.600,100.3,71.9,93.4,90.9,95.6,93.9,91.4,87.9,87.9,84.1,78.7,83.0,87.1,86.8,82.7,76.3,81.1,72.1,74.5,72.1,67.8,65.1,59.6,56.9,56.1,51.2,46.9,37.9,28.4,26.4,27.0,27.5,27.9,28.9,29.7,30.6,31.5,32.6,33.7
12:21:05.600,101.5,72.1,94.0,87.8,94.0,95.9,89.5,89.6,89.1,86.8,80.3,85.1,89.2,87.7,83.5,78.4,82.5,74.6,75.5,71.6,66.6,63.5,57.5,54.9,54.5,49.2,45.9,37.2,28.8,30.7,29.5,27.3,27.9,28.8,29.7,30.6,31.7,32.6,33.6
12:21:06.600,102.3,69.8,93.2,95.3,93.4,89.3,90.6,91.1,89.7,84.0,77.6,84.9,88.0,83.5,80.9,76.3,79.3,70.0,70.4,66.8,62.7,57.2,54.9,52.8,53.2,48.7,43.4,36.1,28.3,26.4,27.0,27.9,28.1,29.1,29.5,30.7,31.7,32.8,33.8
12:21:07.600,103.8,70.1,93.9,93.0,95.6,98.5,96.5,92.1,90.9,85.7,75.7,84.9,87.1,86.7,79.9,76.6,77.5,72.4,74.1,68.8,63.2,59.3,54.4,51.9,53.3,49.0,43.5,35.0,27.7,26.2,26.8,27.5,27.8,28.9,30.1,30.7,31.7,32.6,33.7
12:21:08.600,99.8,70.3,92.8,85.0,85.2,91.9,90.2,87.0,88.2,83.3,77.4,83.0,86.7,85.4,80.8,77.2,80.6,71.9,71.8,67.5,62.6,60.6,54.4,52.1,52.4,48.9,41.8,35.7,27.3,27.0,26.8,27.6,28.3,29.0,29.9,30.6,31.6,32.6,33.7
12:21:09.600,99.9,68.5,92.0,89.4,88.7,87.3,91.4,92.0,88.0,83.3,77.8,82.2,87.5,87.8,81.0,76.4,79.5,70.2,70.6,67.0,63.1,58.7,54.1,51.8,52.3,46.8,42.9,34.9,28.1,26.7,27.2,27.6,28.2,29.1,29.8,30.6,31.5,32.8,33.9
12:21:10.600,98.9,68.0,91.1,87.6,88.7,91.1,88.8,87.1,80.5,77.6,73.0,80.4,86.6,85.0,80.2,75.8,77.2,69.2,68.5,66.2,60.0,54.5,50.8,50.4,52.8,47.8,41.8,34.6,27.1,26.7,26.8,27.3,28.0,28.9,29.9,30.8,31.8,32.7,33.9
12:21:11.600,100.0,66.8,91.0,91.6,88.7,88.3,88.3,85.7,86.4,78.9,75.9,80.8,87.2,84.7,78.5,74.6,76.6,68.2,67.0,62.5,59.2,54.2,50.3,53.4,51.9,49.2,43.3,34.5,28.6,27.6,27.2,27.7,28.3,28.8,29.6,30.7,31.8,32.6,33.8
12:21:12.600,97.7,67.8,90.6,85.7,85.2,87.3,89.6,85.9,83.5,79.0,79.5,80.0,86.2,85.6,80.9,75.3,79.2,69.0,67.1,63.8,59.3,55.5,50.9,52.9,53.1,49.1,43.3,34.3,27.7,26.4,27.6,28.3,27.7,28.9,29.9,30.8,31.7,32.6,33.8
12:21:13.600,99.3,66.3,89.8,92.0,89.7,87.5,88.6,89.2,87.1,77.2,74.9,80.9,83.8,83.1,80.2,73.2,76.1,69.4,66.8,62.0,58.3,54.0,51.5,52.8,54.3,48.5,41.2,33.1,27.5,26.3,26.7,27.4,28.1,28.7,29.7,30.6,31.6,32.6,33.7
12:21:14.600,99.0,66.0,89.4,91.9,89.7,87.6,88.5,84.3,82.5,77.8,78.3,81.1,82.2,83.6,78.1,74.2,77.0,67.4,66.0,61.9,57.1,51.0,51.1,53.9,56.3,51.4,43.3,35.2,28.6,26.4,27.2,27.9,28.1,28.8,29.8,30.7,31.6,32.8,33.8
12:21:15.600,98.9,64.9,89.3,88.7,87.7,90.3,91.5,87.4,85.0,76.5,76.8,80.7,81.8,82.5,78.2,72.1,73.5,66.4,65.0,60.1,56.8,51.9,51.5,53.0,54.7,53.0,46.3,37.2,30.3,26.4,27.2,27.9,28.7,29.1,29.7,30.6,31.7,32.7,33.8
12:21:16.600,96.4,65.2,88.7,86.0,86.6,85.6,88.1,87.7,79.3,79.6,76.2,80.7,85.5,82.0,77.6,70.1,74.2,65.2,64.1,60.9,57.0,52.4,50.3,54.2,56.5,55.0,50.1,41.4,32.8,27.7,28.0,27.9,28.5,29.5,30.3,31.1,31.9,32.8,33.9
12:21:17.600,97.9,65.6,89.1,89.3,89.2,89.0,87.4,85.3,82.8,77.9,75.8,80.2,86.5,81.7,76.6,73.5,73.8,67.2,64.0,59.8,56.7,50.8,52.0,54.6,55.6,54.7,49.8,42.0,31.0,26.9,28.2,28.8,28.3,28.9,29.8,30.7,31.7,32.6,33.9
12:21:18.600,97.2,65.2,88.5,88.5,87.3,88.1,88.2,87.8,82.3,80.9,75.2,79.1,82.8,82.3,76.8,70.7,74.0,66.7,63.8,59.0,53.4,50.6,51.5,57.0,55.1,52.6,49.5,38.8,29.2,26.5,27.7,28.0,28.2,29.3,31.4,31.0,31.7,32.7,33.9
12:21:19.600,95.6,65.1,88.1,87.3,84.3,82.7,84.0,85.9,83.7,77.8,74.5,81.5,82.6,80.3,75.1,70.9,72.9,65.8,63.5,59.2,55.0,50.3,51.3,56.1,55.7,52.3,47.3,37.6,28.4,27.5,27.9,29.1,28.4,29.3,29.9,30.8,31.7,32.8,34.0
12:21:20.600,98.5,64.2,87.4,89.6,91.0,90.1,85.6,85.9,81.7,71.3,74.6,77.7,82.8,79.9,78.2,71.2,73.4,66.2,64.1,61.3,55.1,50.7,52.6,56.3,55.0,52.0,45.3,37.7,28.7,27.2,27.4,27.5,27.9,29.1,29.7,30.9,31.6,32.6,33.8
12:21:21.600,95.6,63.4,86.4,86.1,86.6,80.7,80.5,84.9,83.0,77.3,75.8,78.7,81.8,80.7,75.9,70.3,71.5,64.9,62.9,58.3,54.9,49.9,52.0,56.2,54.0,50.5,46.3,40.0,30.2,27.3,28.0,28.5,28.2,29.1,30.0,30.6,31.9,32.8,33.9
12:21:22.600,95.7,62.3,84.9,90.1,86.5,83.3,81.5,81.2,83.4,79.8,69.3,76.9,79.7,77.5,70.6,70.3,70.4,63.8,62.3,58.8,53.4,48.6,49.3,55.1,54.9,49.1,44.3,40.8,30.3,26.9,27.9,28.0,28.9,29.4,30.3,31.0,31.8,32.8,33.9
12:21:23.600,96.7,63.8,86.3,88.5,88.0,84.1,82.4,82.9,81.9,75.2,72.5,78.7,80.7,81.9,75.5,71.6,73.5,65.7,65.0,60.5,54.3,49.3,50.7,55.0,54.7,48.7,43.8,38.3,29.0,26.9,26.9,27.5,29.6,28.6,30.1,30.8,31.7,32.7,33.7
12:21:24.600,95.3,61.9,85.3,85.8,84.6,82.7,83.0,84.1,82.3,75.2,73.6,75.1,76.9,78.5,73.2,68.2,69.8,63.0,60.3,56.2,53.5,47.6,51.1,55.9,52.8,47.4,43.6,34.5,28.6,26.9,27.3,27.7,28.3,28.8,29.9,30.5,31.6,32.7,33.7
12:21:25.600,94.0,60.7,84.4,84.2,86.0,84.9,83.8,85.1,77.5,74.8,73.4,76.1,77.2,77.1,70.2,69.1,68.9,61.5,58.2,54.5,50.7,46.5,50.0,55.2,51.5,46.4,42.1,37.4,29.4,28.0,27.5,28.0,28.3,29.0,30.2,30.9,31.7,32.6,33.9
12:21:26.600,94.0,60.9,85.1,82.3,81.3,84.8,83.7,83.6,79.0,77.8,72.7,74.9,76.6,80.1,72.2,68.9,69.2,62.6,57.7,52.8,49.5,46.1,48.5,55.3,51.9,45.7,41.7,36.5,28.7,27.4,27.3,27.8,28.5,29.0,30.0,30.8,31.9,32.8,34.0
12:21:27.600,92.8,59.9,84.5,78.3,79.4,84.1,85.8,84.3,79.3,75.7,74.9,76.0,79.6,78.0,71.3,66.8,69.7,60.7,57.1,53.1,49.9,45.9,48.2,53.4,51.2,45.7,42.6,33.8,28.5,26.4,28.7,27.9,28.9,28.7,29.7,30.5,31.8,32.8,33.9
12:21:28.600,93.9,59.9,84.4,77.9,80.3,84.5,87.4,81.9,81.4,74.0,71.0,74.1,79.1,77.7,70.6,65.7,67.7,60.6,56.2,53.6,49.0,45.4,47.5,53.6,51.7,46.5,41.5,33.1,27.0,26.4,26.6,27.5,28.2,28.9,29.9,30.5,31.8,32.7,33.9
12:21:29.600,93.7,59.9,83.2,83.6,81.4,82.2,78.1,81.2,81.7,73.8,75.3,76.9,77.0,74.3,69.7,68.0,67.2,59.3,55.3,53.0,49.6,45.9,46.6,53.8,53.9,49.2,44.3,34.1,28.5,26.8,27.3,27.7,28.4,29.0,29.9,30.7,31.6,32.9,34.0
12:21:30.600,93.8,60.8,83.1,83.2,82.7,82.2,82.6,79.2,80.0,70.2,73.5,73.9,78.1,74.6,69.3,66.0,66.3,59.3,54.7,51.7,47.4,46.0,49.3,54.8,55.5,52.8,47.4,37.0,28.6,27.0,27.7,29.1,29.4,29.1,31.0,31.0,31.9,32.8,33.9
12:21:31.600,91.5,60.5,82.5,79.1,76.3,77.6,83.8,86.5,80.4,76.8,72.9,72.7,74.8,75.5,70.2,64.6,63.0,56.7,52.8,50.8,46.9,47.4,49.4,54.7,55.2,52.9,47.4,40.2,30.4,26.5,26.7,27.1,28.3,29.2,29.9,30.7,31.7,32.8,33.8
12:21:32.600,91.6,61.7,82.3,83.4,81.3,77.9,81.0,81.2,80.8,76.4,72.7,73.8,76.7,73.1,70.1,66.2,64.8,58.0,54.2,51.7,47.9,48.0,48.1,54.0,56.4,55.8,48.0,42.6,32.5,26.7,26.7,27.3,28.5,28.7,30.0,31.0,31.6,32.6,33.9
12:21:33.600,92.2,61.1,81.9,81.5,80.4,80.6,79.1,79.9,76.3,67.2,71.1,77.1,75.6,74.3,67.9,63.7,62.4,56.3,53.1,50.4,48.7,48.8,48.9,54.0,55.4,54.4,48.7,43.9,34.1,26.7,26.7,27.5,28.1,28.8,29.7,30.7,31.5,32.6,33.8
12:21:34.600,92.2,60.4,81.9,85.5,86.4,80.7,77.8,76.4,75.9,74.8,73.3,74.4,75.7,72.1,68.6,64.5,64.2,59.0,56.0,50.7,48.1,49.0,48.8,55.8,53.6,51.6,47.6,40.8,30.9,26.4,26.8,27.3,27.9,28.8,29.7,30.8,31.6,32.8,33.8
12:21:35.600,90.4,59.7,81.1,80.6,79.9,84.1,81.1,79.3,80.3,76.7,70.0,71.2,74.9,73.7,67.6,64.4,64.0,58.7,56.2,49.5,48.4,47.5,46.2,56.6,52.5,50.7,47.2,38.1,29.1,26.4,26.7,27.4,28.1,28.7,29.9,30.7,31.6,32.7,33.9
12:21:36.600,90.9,59.3,82.5,77.4,79.4,82.4,85.4,82.3,78.6,74.5,73.3,77.6,76.5,73.4,71.0,64.5,65.2,58.9,56.7,49.8,47.1,46.5,46.5,54.7,52.4,48.0,44.1,36.5,28.3,26.6,26.8,27.4,28.0,29.0,29.7,30.6,31.5,32.6,33.8
12:21:37.600,90.7,58.6,82.3,82.8,79.9,83.9,82.8,79.1,74.1,76.1,73.5,75.6,78.1,73.8,69.9,64.6,66.1,57.6,53.9,48.9,47.8,47.0,46.7,51.6,50.0,49.4,43.6,33.8,27.7,26.6,26.8,27.3,28.1,28.7,29.7,30.5,31.6,32.8,33.8
12:21:38.600,90.3,57.7,82.6,75.1,77.2,80.9,86.3,82.8,79.2,72.4,72.5,75.7,76.9,74.7,69.9,64.3,64.8,57.3,53.7,48.3,46.9,46.3,46.6,48.4,49.0,50.2,41.8,34.2,27.7,26.6,27.1,27.4,28.1,29.0,29.7,30.8,31.7,32.7,33.8
12:21:39.600,90.4,56.9,80.4,83.1,84.9,82.8,78.5,76.7,70.0,71.6,69.4,75.2,75.3,73.2,71.0,63.8,63.2,56.4,53.3,48.6,46.9,47.2,46.6,47.3,48.2,47.9,40.2,35.1,27.3,26.4,26.8,27.4,28.1,29.0,29.8,30.6,31.7,32.7,33.8
12:21:40.600,90.8,55.8,80.1,85.9,86.2,79.1,72.1,80.6,77.6,70.5,68.2,72.3,74.7,72.4,66.3,61.3,58.9,56.2,51.7,47.9,45.6,47.6,46.3,48.7,47.5,46.7,39.8,33.9,27.4,26.0,27.1,27.8,28.4,28.9,29.8,30.8,31.6,32.7,33.8
12:21:41.600,88.7,55.8,78.0,80.9,80.7,81.2,80.3,73.8,74.4,71.6,69.8,69.8,71.0,69.4,66.8,62.8,59.7,54.8,51.3,46.8,45.4,46.9,47.2,50.2,48.5,47.2,41.1,34.2,27.8,26.8,27.1,27.6,28.1,29.2,30.2,31.3,32.0,32.9,33.9
12:21:42.600,89.4,55.9,79.3,79.8,78.5,82.3,82.2,77.9,73.4,72.7,73.3,71.3,72.2,72.0,66.8,61.3,60.3,54.2,52.3,48.2,45.7,46.7,47.2,49.4,47.7,47.0,42.1,33.9,27.7,26.5,26.9,27.2,28.0,29.0,29.8,30.8,31.6,32.7,33.9
12:21:43.600,89.9,64.0,80.2,84.1,80.5,80.5,80.1,72.1,75.9,73.0,70.0,72.2,72.8,71.6,66.7,61.1,59.0,55.8,54.0,48.2,53.1,60.3,52.1,54.3,49.9,47.9,44.9,44.4,40.7,37.3,36.3,28.7,29.4,29.4,31.4,31.7,32.0,32.8,33.9
12:21:44.600,90.0,58.8,79.8,78.3,82.5,79.2,82.1,81.9,76.9,72.2,70.6,70.4,74.0,73.6,66.6,61.4,62.3,56.9,53.2,49.0,50.7,51.7,53.4,52.3,49.9,47.2,43.1,51.5,47.0,41.2,39.5,30.0,30.3,30.3,32.4,31.7,31.8,32.8,33.9
12:21:45.600,89.8,56.7,78.9,73.6,79.1,80.8,78.3,79.2,78.1,73.1,68.5,68.8,70.0,72.5,67.1,64.0,62.5,55.9,52.0,46.8,44.8,49.2,48.0,47.5,49.7,47.2,42.9,35.3,28.4,26.7,27.1,27.9,28.5,29.1,29.9,30.9,31.7,32.7,33.8
12:21:46.600,89.5,58.0,79.0,79.7,80.8,79.4,77.9,75.0,71.7,70.3,67.3,71.4,74.7,69.8,67.4,62.2,63.3,55.1,51.9,47.9,46.8,49.3,50.3,49.9,52.0,50.2,43.1,35.2,28.1,26.8,28.1,27.7,28.3,29.1,29.8,30.7,31.8,32.7,33.9
12:21:47.600,88.7,58.2,78.4,80.8,77.8,78.1,79.5,80.9,77.4,69.6,69.2,70.8,69.9,69.7,64.2,61.7,59.2,54.6,51.0,47.2,46.2,50.1,50.9,54.3,52.0,50.7,44.2,34.7,28.5,26.3,26.8,27.3,28.5,29.2,29.7,30.6,31.5,32.8,33.8
12:21:48.600,90.5,58.6,78.9,80.1,75.8,80.8,81.7,80.2,71.5,68.8,71.0,70.5,72.5,69.6,66.3,61.2,59.2,52.1,48.6,46.5,45.4,49.0,51.5,55.2,50.8,50.8,44.9,37.3,28.9,26.5,27.0,27.4,28.1,29.1,30.1,30.7,31.6,32.7,33.8
12:21:49.600,87.6,58.6,77.7,79.6,78.4,73.3,77.5,79.8,74.8,71.5,70.3,70.1,70.0,71.4,65.8,61.0,57.9,53.0,49.2,46.4,46.4,49.4,51.9,55.2,51.1,52.0,43.9,37.7,28.8,26.3,26.5,27.1,28.3,28.8,29.7,30.8,31.8,32.6,33.9
12:21:50.600,88.5,59.2,77.8,80.3,77.6,75.7,74.0,71.7,74.3,70.7,70.5,70.2,72.9,69.4,68.4,58.7,58.7,52.2,50.3,46.9,44.7,48.7,52.7,55.6,51.0,50.0,43.4,37.9,29.9,28.3,31.4,34.5,30.3,31.7,33.1,31.8,31.9,32.8,33.8
12:21:51.600,87.9,63.6,78.4,75.9,77.4,77.2,77.3,76.5,75.2,73.5,70.9,69.0,72.2,70.1,65.4,59.1,59.4,56.5,51.2,45.9,50.8,49.2,53.7,55.2,53.8,49.0,53.3,55.9,49.2,52.3,46.8,36.6,40.6,38.5,37.6,33.5,32.5,33.1,33.9
12:21:52.600,88.7,62.8,78.5,84.8,81.9,77.2,75.4,74.7,70.7,69.5,70.3,72.1,74.4,72.7,67.6,62.3,59.9,52.0,50.3,47.4,46.2,54.1,56.8,60.3,58.6,52.2,55.9,46.6,43.0,45.0,44.2,30.4,30.3,29.5,30.7,31.6,32.2,33.0,34.0
12:21:53.600,86.6,57.4,77.6,72.0,70.0,77.7,78.6,75.6,72.0,70.7,67.8,67.1,73.5,71.1,66.1,62.3,59.1,52.5,48.4,46.2,43.0,46.1,51.8,52.1,51.2,48.3,45.1,35.4,28.4,26.1,26.8,27.4,28.2,28.7,29.8,30.4,31.7,32.6,33.9
12:21:54.600,88.2,57.8,78.9,81.4,81.4,80.1,75.7,78.5,75.2,70.1,67.8,72.4,73.4,73.4,65.0,59.7,61.7,53.1,51.7,45.4,43.2,44.0,50.0,52.6,52.4,48.6,44.9,34.0,27.4,26.9,27.1,27.3,28.0,28.8,29.6,30.6,31.7,32.7,33.8
12:21:55.600,85.9,58.2,79.2,77.6,74.9,74.4,74.9,74.3,73.8,71.7,68.2,68.8,74.0,73.8,67.2,61.7,59.5,54.2,49.8,49.8,45.5,45.1,50.6,54.2,52.5,49.3,43.4,35.0,28.1,26.2,26.8,27.3,27.9,28.7,29.8,30.6,31.6,32.7,33.8
12:21:56.600,87.5,57.9,79.4,75.2,77.9,77.5,75.9,76.8,75.4,72.9,69.0,74.4,71.5,72.6,67.8,62.4,61.7,55.9,52.8,47.3,42.5,44.1,48.7,53.0,52.9,48.2,43.5,35.2,28.8,26.6,26.6,27.4,28.2,28.8,29.7,30.6,31.6,32.8,34.0
12:21:57.600,89.0,58.0,79.3,75.6,79.5,81.3,79.3,77.1,77.0,69.9,69.8,68.3,74.0,71.7,69.6,63.0,65.4,55.4,53.6,48.2,42.5,45.5,47.7,52.5,51.6,48.6,43.7,37.8,28.5,26.7,26.8,27.5,27.9,28.8,29.6,30.7,31.9,32.7,33.8
12:21:58.600,88.5,57.6,78.7,79.8,81.2,80.9,77.5,79.1,71.4,69.4,67.0,73.4,72.9,69.6,63.7,62.8,64.0,54.3,51.0,46.0,43.3,45.4,48.1,52.5,51.4,48.4,44.8,39.8,29.1,27.0,26.9,27.4,28.4,29.3,29.7,30.6,31.8,32.7,33.8
12:21:59.600,87.2,58.2,78.5,76.8,76.4,76.9,76.2,71.9,73.2,69.3,68.5,72.3,74.5,72.5,64.1,60.8,61.4,54.7,50.9,50.8,42.9,46.3,49.5,52.8,52.3,49.8,46.2,39.4,30.0,26.2,26.5,27.3,28.0,28.8,29.8,30.6,31.8,32.7,33.7
12:22:00.600,88.6,59.1,78.3,82.0,75.8,75.8,77.0,74.2,69.4,67.6,69.0,67.0,75.7,71.3,65.2,61.2,59.7,54.1,51.2,48.6,45.3,46.4,51.9,52.8,53.4,50.2,47.1,39.7,29.3,26.4,27.0,27.3,28.3,28.7,29.8,30.5,31.5,32.7,33.8
12:22:01.600,86.0,60.2,78.0,76.0,79.3,77.7,76.7,71.8,72.0,72.7,70.8,70.5,70.3,73.1,67.4,57.3,59.4,51.4,48.0,44.9,42.9,47.2,53.2,54.0,55.8,52.7,48.4,41.0,30.6,26.5,26.7,27.4,28.0,29.0,29.6,30.7,31.6,32.7,33.8
12:22:02.600,86.4,60.4,78.3,80.0,77.0,75.6,75.8,70.7,69.8,70.9,70.7,72.3,73.1,72.0,67.7,62.0,61.7,53.4,50.9,49.4,41.7,46.2,53.3,55.8,55.7,52.9,46.5,39.3,29.7,26.4,26.8,27.3,28.2,28.9,29.7,30.5,31.8,32.7,33.9
12:22:03.600,86.1,59.9,79.0,73.1,77.7,79.0,77.7,72.7,74.6,70.7,68.7,71.1,71.8,71.6,68.8,59.8,60.8,54.6,49.4,42.6,43.0,44.4,52.4,56.7,54.2,52.3,44.9,36.2,28.2,26.2,26.8,27.3,27.9,28.7,29.8,30.7,31.6,32.8,33.7
12:22:04.600,86.4,58.1,77.7,73.3,75.9,74.6,78.6,74.9,71.7,70.1,71.4,68.1,72.3,70.6,66.2,59.3,58.4,51.8,48.5,43.5,40.1,42.9,51.2,54.4,53.5,47.2,42.7,36.6,28.6,26.1,26.4,27.5,27.9,28.9,29.6,30.8,31.7,32.8,33.8
12:22:05.600,86.3,56.6,77.3,77.4,80.3,81.2,77.7,74.2,69.1,71.3,69.9,69.7,71.1,69.0,66.0,57.8,58.5,51.6,48.5,47.1,42.6,43.5,51.3,52.1,51.0,46.7,41.9,35.4,28.2,26.4,27.0,27.3,28.0,28.7,29.6,30.7,31.8,32.7,33.8
12:22:06.600,86.3,55.2,76.2,77.2,74.3,77.0,72.8,72.7,72.8,69.2,64.9,71.7,69.5,70.4,65.7,58.6,59.0,50.8,45.4,43.2,42.6,43.5,49.4,50.3,48.2,45.0,41.5,34.0,27.8,26.4,26.7,27.5,27.8,28.6,29.7,30.7,31.6,32.8,33.9
12:22:07.600,84.5,55.5,75.9,74.3,73.9,73.7,72.0,71.5,73.8,69.5,66.7,71.7,66.2,70.0,66.2,60.9,58.4,52.6,47.5,50.2,44.6,44.7,49.7,51.2,47.3,43.7,40.8,34.5,27.6,26.1,26.7,27.1,27.7,28.7,29.8,30.9,31.5,32.7,33.9
12:22:08.600,88.1,56.0,76.3,78.6,79.9,78.1,77.9,74.8,68.4,66.9,70.2,70.9,68.0,66.5,63.9,59.3,58.8,50.7,48.1,45.8,43.7,45.4,50.0,53.1,50.0,44.8,40.3,33.5,27.7,26.2,26.5,27.1,27.9,28.9,29.6,30.7,31.6,32.8,33.7
12:22:09.600,86.0,56.4,75.7,76.5,76.1,76.1,76.8,73.7,69.5,67.2,68.4,71.4,66.6,67.8,65.4,57.3,57.5,50.3,48.5,43.9,43.6,44.9,50.2,53.6,50.7,47.0,40.8,33.7,27.2,26.5,27.1,27.4,27.9,29.0,29.6,30.7,31.6,32.7,33.8
12:22:10.600,85.3,56.5,75.6,77.5,75.5,77.6,75.4,72.7,72.6,70.8,70.2,69.0,70.4,65.9,64.6,58.9,57.7,49.2,46.8,41.7,43.1,45.5,50.7,53.3,49.2,47.4,43.7,32.9,27.3,26.3,26.6,27.2,28.0,29.1,29.7,30.8,31.6,32.6,33.8
12:22:11.600,85.1,56.2,76.0,79.3,78.1,76.4,76.7,75.4,72.4,68.2,70.4,68.1,69.3,68.6,64.3,58.9,60.6,49.8,46.5,45.0,41.8,43.5,51.7,51.5,48.4,47.5,43.7,34.8,28.5,26.8,26.9,27.5,27.9,28.7,29.9,30.8,31.5,32.6,33.8
12:22:12.600,85.5,55.7,76.0,71.5,72.8,73.4,75.2,73.2,73.4,70.2,69.2,69.0,68.5,68.2,65.0,57.1,55.4,50.6,49.3,43.2,41.7,43.5,50.8,50.3,49.3,47.3,42.7,36.6,28.0,26.5,26.7,27.2,28.0,29.0,29.8,30.6,31.7,32.6,33.9
12:22:13.600,84.5,55.8,76.5,71.7,74.2,76.2,76.1,76.4,70.6,69.5,71.1,69.5,69.3,67.1,63.8,58.3,57.9,50.5,49.4,43.1,42.8,43.4,50.8,49.7,48.3,47.1,45.3,34.7,27.3,26.6,27.1,27.6,28.0,28.9,29.7,30.8,31.7,32.6,33.9
12:22:14.600,85.6,55.9,76.2,75.4,75.5,75.7,73.2,75.3,71.7,71.6,67.3,67.9,68.3,67.4,64.8,58.1,57.5,51.3,49.0,45.8,43.2,43.9,49.7,50.9,48.5,47.5,45.2,33.8,28.8,40.1,37.4,28.2,28.5,29.2,30.0,30.8,31.8,32.7,33.9
12:22:15.600,87.0,56.0,76.8,81.3,80.7,76.9,75.7,69.8,70.1,71.0,71.0,70.5,72.0,67.2,66.1,57.7,56.4,50.2,48.3,44.9,44.8,45.8,48.3,51.7,48.7,46.5,44.5,34.5,28.9,27.6,27.7,27.9,28.5,29.3,30.2,31.0,31.8,32.9,33.9
12:22:16.600,83.4,56.0,75.8,69.7,65.2,71.3,73.6,76.2,75.4,69.7,67.1,69.3,69.0,66.9,64.0,58.5,57.3,50.1,47.0,46.4,46.7,47.6,49.0,53.7,46.5,44.1,44.0,34.2,28.5,26.7,26.7,27.4,28.0,29.0,29.8,30.7,31.7,32.7,33.9
12:22:17.600,86.5,56.5,76.8,74.3,74.5,75.4,73.8,73.5,69.8,71.5,67.6,70.2,70.6,73.0,64.7,57.6,59.7,52.3,48.6,45.4,46.0,48.3,48.6,53.1,48.6,44.8,41.6,36.3,28.6,26.3,26.8,27.4,27.8,28.9,29.9,30.7,31.5,32.6,33.7
12:22:18.600,86.3,56.3,76.8,77.7,77.6,75.7,77.5,75.2,72.1,73.5,71.3,70.9,66.6,66.5,65.2,57.4,58.9,52.0,49.1,46.4,47.2,49.3,50.5,52.5,48.8,46.3,40.4,35.9,29.6,26.1,26.9,27.4,28.2,28.8,29.7,30.7,31.7,32.6,33.8
12:22:19.600,86.9,55.8,76.7,77.1,75.0,77.5,78.9,80.0,74.4,67.6,66.4,67.7,67.0,67.8,63.5,59.5,62.6,53.8,47.9,46.0,46.6,51.0,50.8,48.8,49.6,44.7,39.9,36.6,29.4,26.4,26.7,27.3,27.9,28.6,29.9,30.8,31.8,32.8,33.7
12:22:20.600,84.6,57.8,75.9,71.7,75.1,74.7,70.4,73.4,74.0,69.6,65.3,69.1,67.5,68.3,64.0,57.4,56.6,52.4,48.0,43.9,46.0,50.4,52.0,52.1,52.9,50.4,43.1,38.5,30.6,26.3,26.8,27.6,28.2,28.6,29.7,30.7,31.7,32.7,33.9
12:22:21.600,85.8,59.1,76.6,75.9,79.6,79.2,75.7,72.8,70.4,70.7,69.7,71.2,71.4,71.1,66.0,56.1,55.7,49.8,48.4,44.0,45.1,50.2,53.4,52.7,55.5,51.5,45.3,36.3,30.4,27.5,27.7,27.6,28.0,28.9,29.8,30.7,31.6,32.6,33.8
12:22:22.600,85.0,59.6,75.4,72.1,74.5,76.5,75.0,71.2,69.9,64.2,69.5,65.8,67.8,67.4,65.5,55.9,54.7,48.7,47.0,44.7,45.7,48.9,54.4,53.7,56.4,52.3,45.9,39.5,29.2,26.2,26.9,27.5,28.1,29.0,29.7,30.7,31.7,32.6,33.9
12:22:23.600,85.4,59.3,76.2,71.4,70.5,73.8,77.0,73.0,71.5,66.4,69.8,72.1,69.2,67.2,64.2,58.0,56.3,49.5,48.1,45.0,45.7,48.0,52.5,52.8,55.6,52.6,47.7,39.9,29.4,26.5,26.8,27.5,28.0,29.2,29.9,30.5,31.6,32.7,33.8
12:22:24.600,85.8,58.9,76.0,79.8,75.8,76.2,74.8,75.2,70.9,71.6,69.3,68.3,70.3,67.7,62.3,58.7,60.8,56.3,51.0,46.9,46.8,47.1,52.5,52.3,54.2,51.0,48.8,39.8,29.3,26.8,27.0,27.7,28.1,29.0,29.7,30.6,31.7,32.8,34.0
12:22:25.600,85.8,59.8,76.6,75.7,76.0,78.4,75.2,73.7,74.6,70.8,66.3,69.8,68.6,70.1,67.2,59.9,60.7,55.0,49.6,45.3,48.2,47.5,52.1,52.1,54.3,52.9,52.0,41.1,30.1,26.6,27.0,27.3,28.1,28.8,29.7,30.7,31.6,32.7,33.9
12:22:26.600,84.6,59.6,75.9,71.7,73.7,74.4,78.5,71.0,69.3,67.5,71.2,70.9,66.2,67.3,64.7,58.3,57.4,49.8,48.8,44.0,44.8,46.9,51.7,53.6,53.5,52.9,51.3,41.2,31.7,26.8,27.1,27.2,28.0,28.8,29.6,30.8,31.5,32.7,33.8
12:22:27.600,85.9,59.4,74.8,78.7,81.5,78.6,73.6,64.9,71.1,68.0,67.5,68.2,65.9,62.9,62.8,57.3,59.1,53.8,46.9,45.9,44.2,44.9,51.8,52.8,54.6,52.9,50.1,40.2,31.5,26.3,26.2,27.4,28.0,28.8,29.6,30.7,31.7,32.6,33.9
12:22:28.600,85.2,58.7,75.8,76.2,77.4,76.5,76.8,72.1,73.9,67.7,68.3,70.6,69.6,66.4,63.5,56.8,57.4,53.3,48.1,44.6,42.2,45.3,51.0,52.3,54.1,53.5,46.6,39.4,29.0,26.5,26.8,27.3,27.5,29.0,29.9,30.6,31.7,32.6,33.9
12:22:29.600,84.1,57.4,75.3,72.1,73.6,77.2,77.3,71.6,71.9,69.4,66.0,69.1,68.7,67.9,63.2,55.4,58.7,53.4,47.3,43.2,42.1,46.0,51.8,50.6,50.9,51.1,44.4,37.4,29.6,26.5,26.7,27.3,27.8,28.7,29.9,30.7,31.6,32.8,33.9
12:22:30.600,83.9,55.3,74.5,73.4,76.3,74.1,68.6,68.5,71.9,70.0,64.1,68.4,65.3,65.5,63.6,55.3,56.4,49.6,48.8,44.8,41.5,44.6,51.2,50.5,47.5,46.5,44.5,36.1,30.3,26.4,26.6,27.1,28.2,28.9,29.6,30.7,31.8,32.6,33.8
12:22:31.600,83.9,54.5,74.2,71.1,70.2,70.9,70.0,68.9,69.3,68.5,67.7,68.7,66.8,68.5,61.9,57.5,54.3,50.4,48.6,45.3,42.0,42.5,48.1,48.2,49.2,45.4,42.4,36.7,29.6,26.7,27.2,27.5,28.0,28.7,29.7,30.6,31.8,32.7,34.0
12:22:32.600,83.7,55.7,75.0,71.6,67.3,74.1,73.0,70.9,72.3,71.7,68.9,67.2,67.1,65.0,60.2,57.3,53.5,47.1,47.1,46.2,44.9,43.6,46.9,50.5,50.7,47.0,45.0,39.2,30.5,26.5,26.7,27.1,27.9,28.7,29.5,30.8,31.6,32.8,33.6
12:22:33.600,82.3,56.1,74.2,75.0,67.9,67.5,67.1,67.2,66.3,68.9,68.4,68.0,68.3,67.2,61.9,54.0,55.0,49.6,47.3,43.3,42.1,44.1,45.5,52.5,51.2,46.7,44.9,39.3,30.8,26.5,26.9,27.2,28.6,28.9,29.8,30.6,31.7,32.7,33.9
12:22:34.600,83.5,56.7,74.9,73.5,70.7,69.8,70.2,72.8,70.0,68.8,65.8,65.7,68.9,66.8,62.4,55.2,53.9,51.9,48.5,43.9,41.9,43.2,47.6,52.8,51.3,49.1,45.2,39.5,30.7,28.4,27.4,27.8,28.2,29.0,29.6,30.6,31.6,32.7,33.9
12:22:35.600,83.2,57.2,73.8,72.4,75.1,78.1,74.5,69.6,70.7,66.9,66.5,64.8,67.0,66.1,60.3,53.7,51.2,52.8,49.2,43.8,42.3,41.6,47.0,53.6,52.5,50.5,45.5,37.0,29.3,26.2,26.5,27.3,28.0,29.0,29.8,30.5,31.7,32.7,33.8
12:22:36.600,84.8,56.7,75.8,76.6,75.4,76.6,75.2,70.3,76.9,73.3,69.8,68.3,66.5,66.5,61.3,56.8,53.8,49.3,47.3,46.9,43.8,43.8,50.3,51.2,51.6,50.0,45.9,37.0,29.1,26.3,26.9,27.3,28.0,28.8,29.6,30.8,31.5,32.6,33.9
12:22:37.600,84.1,56.2,75.0,75.8,76.8,76.1,74.0,68.5,71.0,72.1,70.2,64.6,66.5,65.3,62.5,55.2,50.2,49.0,46.0,43.3,42.5,44.3,48.9,49.9,51.2,49.4,45.4,36.5,28.1,26.5,27.0,27.4,27.7,28.7,29.8,30.8,31.7,32.7,33.9
12:22:38.600,84.7,55.9,74.8,75.4,70.2,64.3,65.4,71.2,70.9,70.7,67.0,69.2,68.2,66.3,60.8,54.5,52.7,48.0,44.9,41.6,44.1,46.1,48.0,49.8,50.6,49.1,45.0,38.3,29.0,26.8,27.2,28.2,28.5,29.2,29.9,30.7,31.9,32.9,34.0
12:22:39.600,84.1,55.5,76.3,75.2,73.3,73.3,72.0,75.7,72.2,71.6,68.1,69.2,70.8,70.1,64.9,54.7,54.2,48.5,49.6,45.4,44.3,46.6,47.5,47.8,49.3,48.0,45.0,37.9,29.2,28.4,29.4,32.0,33.5,34.0,33.6,32.1,32.3,33.0,34.1
12:22:40.600,82.8,57.1,76.8,69.2,73.8,73.5,72.7,73.6,72.6,67.4,65.4,67.1,68.5,73.3,64.8,55.4,56.7,49.4,46.6,44.3,45.9,48.2,50.3,48.6,51.5,50.1,44.4,37.0,28.6,26.7,27.2,27.9,28.9,29.6,30.3,30.7,31.6,32.7,33.8
12:22:41.600,83.7,57.5,76.0,72.0,69.6,68.2,71.7,71.2,70.0,72.4,67.5,67.2,69.7,68.9,65.9,57.2,56.7,51.0,45.0,43.7,45.2,48.6,49.7,49.1,52.2,51.7,45.7,37.8,29.6,26.2,27.0,27.4,28.4,28.9,29.8,30.8,31.9,32.8,33.9
12:22:42.600,86.0,58.0,76.4,74.0,75.5,78.5,75.8,67.5,72.9,74.0,70.6,70.7,69.3,70.1,65.4,56.9,56.7,52.7,50.0,46.9,45.0,48.6,51.2,50.4,52.6,51.6,47.1,38.3,30.2,26.9,27.2,27.7,28.4,29.3,30.4,30.9,31.7,32.7,33.8
12:22:43.600,82.8,58.2,74.0,71.9,71.6,70.2,70.4,69.8,68.8,69.3,70.5,67.7,66.1,64.6,63.4,58.2,57.5,53.7,47.6,44.6,45.0,49.6,51.7,53.1,52.3,51.9,48.3,39.5,29.8,26.3,27.1,27.4,28.2,28.7,30.0,30.8,31.7,32.7,33.9
12:22:44.600,84.7,57.1,74.1,75.0,76.7,77.9,71.9,67.6,72.0,70.2,68.0,65.4,63.4,65.4,62.2,57.5,52.4,50.2,47.4,47.8,46.5,47.8,50.2,51.4,52.0,49.5,45.4,39.7,31.4,27.0,27.3,27.9,28.4,29.2,30.2,30.9,32.0,32.8,33.9
12:22:45.600,86.0,56.4,75.6,71.3,80.2,82.3,76.2,74.9,73.7,71.5,67.5,66.8,66.1,64.4,60.8,52.8,49.5,47.4,45.6,46.6,45.5,48.8,50.1,50.8,51.5,46.6,44.4,39.1,29.4,27.2,27.2,27.6,28.2,29.3,30.0,30.8,31.9,32.8,33.8
12:22:46.600,86.2,56.2,75.0,76.0,76.3,76.7,73.5,74.2,72.2,70.8,65.8,68.9,68.8,65.5,62.8,53.5,52.0,47.9,47.2,49.8,45.9,48.1,49.8,49.7,52.7,45.8,42.7,37.0,29.5,27.3,27.5,27.7,28.6,29.6,30.0,30.9,31.9,32.9,33.8
12:22:47.600,84.6,55.7,74.8,74.8,72.8,74.9,73.1,71.8,71.1,71.1,66.6,64.5,65.7,65.5,61.8,54.8,51.8,49.6,49.1,44.4,49.9,50.8,50.4,50.2,50.1,44.9,42.9,37.9,35.1,33.5,33.1,34.0,34.8,33.4,32.6,34.1,34.0,33.7,34.1
12:22:48.600,83.6,55.0,74.9,68.9,71.2,69.3,73.4,68.7,66.7,69.2,66.2,68.4,69.6,68.4,60.6,54.5,53.3,49.2,44.9,44.7,42.8,46.8,49.3,50.5,48.2,46.6,41.9,35.2,29.2,28.2,29.5,29.8,30.6,30.5,30.5,31.2,32.0,32.8,34.0
12:22:49.600,84.6,55.3,76.2,72.6,73.9,75.7,76.5,74.9,73.2,68.1,66.9,66.0,70.4,70.2,68.4,56.5,53.9,53.0,47.7,48.3,43.2,44.6,47.5,49.5,48.3,46.7,43.0,35.0,28.6,27.0,27.9,28.6,29.4,30.2,30.4,30.7,31.9,32.9,33.7
12:22:50.600,85.3,54.9,74.2,77.8,72.3,73.5,72.9,71.0,70.3,68.6,66.7,65.8,67.9,67.4,65.2,56.7,57.2,53.3,47.0,43.4,40.5,43.3,47.7,49.1,48.1,48.2,42.8,34.9,29.8,29.6,31.0,32.6,32.7,32.1,31.2,31.7,32.3,33.0,34.0
12:22:51.600,84.6,56.0,76.9,72.5,67.9,72.5,76.8,76.0,74.7,73.9,67.4,68.8,70.2,69.7,65.1,55.6,55.8,52.9,47.3,41.3,40.4,43.2,47.3,50.0,50.5,49.1,44.6,36.3,28.6,26.9,27.3,27.8,28.4,29.3,30.0,30.6,31.7,32.8,33.8
12:22:52.600,85.7,56.3,76.0,79.3,79.3,76.4,76.2,73.8,73.6,71.2,69.9,69.0,68.4,67.6,65.5,56.3,51.6,49.6,46.3,54.0,44.4,48.8,51.2,48.0,49.4,48.1,45.4,38.9,30.2,28.3,28.3,29.0,29.0,29.4,30.1,31.1,31.7,32.7,33.8
12:22:53.600,83.5,54.9,74.2,76.3,75.5,72.9,72.0,72.1,70.6,68.4,66.2,66.3,66.2,70.0,64.3,55.3,54.1,48.5,47.5,49.2,46.0,48.8,50.1,47.8,46.5,46.6,44.8,37.0,30.3,29.7,29.0,29.2,30.5,29.6,30.8,31.2,32.0,32.9,33.9
12:22:54.600,83.9,54.9,74.4,73.5,74.1,71.7,71.2,73.7,68.9,68.4,66.0,64.2,67.5,68.5,64.3,57.8,55.6,52.2,47.5,50.4,41.6,43.5,49.9,50.5,47.1,47.1,42.3,35.0,28.2,27.3,26.7,27.5,27.6,28.8,29.6,30.7,31.6,32.7,33.8
12:22:55.600,85.7,56.0,73.7,75.8,71.9,71.0,70.2,71.7,65.0,66.0,64.8,66.0,66.3,69.9,65.9,56.6,56.5,54.1,47.0,44.2,42.1,43.3,49.2,51.7,48.5,49.4,42.0,36.8,28.8,27.3,26.7,27.4,28.0,28.9,29.6,30.6,31.6,32.7,33.8
12:22:56.600,82.7,57.3,74.8,73.9,71.1,67.7,70.8,72.1,69.3,66.5,65.5,67.2,66.3,70.2,63.2,56.8,56.5,52.2,46.5,45.9,46.7,45.5,50.2,52.9,51.8,50.2,43.1,38.0,29.6,28.5,27.9,28.0,28.2,29.0,29.9,30.7,31.5,32.7,33.9
12:22:57.600,84.1,57.6,75.8,78.1,76.3,72.2,69.7,69.1,68.8,69.3,67.3,66.1,70.0,70.9,68.3,56.7,56.3,55.8,46.9,47.9,45.3,43.8,48.4,52.1,52.3,49.8,42.9,37.2,31.8,28.3,29.4,28.7,28.5,29.0,29.9,30.7,31.7,32.7,33.8
12:22:58.600,82.5,56.9,74.3,70.1,70.0,73.9,74.3,73.2,72.7,69.7,66.0,62.4,63.6,68.9,64.4,58.6,56.3,49.4,48.0,48.2,47.2,45.8,49.9,51.9,51.7,49.0,44.6,36.4,29.3,28.5,27.9,27.5,28.8,30.5,30.5,31.4,31.7,32.8,33.8
12:22:59.600,83.4,56.4,74.1,69.7,74.2,78.8,76.1,67.5,68.6,69.2,70.1,64.1,66.2,66.5,61.7,58.2,53.3,49.3,47.5,45.5,45.4,46.9,50.8,51.1,51.7,47.7,42.1,36.2,29.4,26.8,27.3,27.4,28.4,29.0,29.9,30.6,31.7,32.6,33.8
12:23:00.600,83.9,56.6,74.2,74.2,76.9,76.9,70.7,73.5,70.4,68.4,66.2,64.9,66.0,66.9,65.2,54.4,55.2,49.1,45.8,45.5,43.2,47.4,52.4,50.9,50.8,48.2,43.5,37.7,29.8,26.5,26.9,27.5,28.2,28.7,29.9,30.7,31.7,32.8,33.9
12:23:01.600,82.7,56.7,73.4,74.1,76.1,73.5,75.0,73.9,65.4,68.7,68.3,67.8,64.3,64.7,64.5,55.1,52.7,51.0,45.3,46.2,43.7,48.3,52.9,52.2,50.0,47.8,41.7,37.0,28.9,26.2,26.8,27.5,28.0,29.2,29.9,30.7,31.7,32.6,33.9
12:23:02.600,84.0,57.0,74.7,68.6,71.5,75.3,75.1,72.3,72.1,73.1,68.3,65.0,67.0,65.9,64.0,57.8,55.1,51.8,48.5,48.0,45.5,47.9,53.3,52.5,51.7,48.0,42.1,36.9,28.3,26.3,27.0,27.4,28.0,28.8,29.9,30.9,31.7,32.8,33.9
12:23:03.600,83.4,57.4,73.8,70.6,73.3,78.1,75.3,67.9,69.4,67.6,65.0,65.4,65.8,64.4,64.3,53.9,52.7,51.4,47.7,45.0,44.1,46.7,52.0,52.3,52.8,49.7,44.1,37.8,29.1,26.8,27.1,27.4,28.0,28.8,29.8,30.6,31.5,32.5,33.8
12:23:04.600,83.4,57.6,72.7,75.5,75.8,74.8,71.5,69.4,68.6,67.0,67.2,65.7,63.9,63.0,61.5,52.2,50.9,51.0,45.6,47.8,44.5,49.2,50.2,52.6,53.5,49.9,46.5,37.7,29.4,26.6,26.9,27.3,28.3,29.0,29.8,30.6,31.7,32.7,33.7
12:23:05.600,81.5,58.6,73.0,70.5,70.4,73.7,72.9,71.5,65.7,67.3,65.0,64.7,63.7,68.1,60.0,53.6,51.2,49.4,45.7,43.7,44.0,47.4,49.3,54.0,54.7,52.4,45.4,37.3,28.8,26.4,26.7,27.4,28.3,28.8,29.8,30.9,31.7,32.7,34.0
12:23:06.600,81.7,59.1,72.4,70.3,70.5,71.8,70.7,69.6,70.8,65.1,64.5,63.8,64.5,66.8,60.2,52.8,51.7,49.1,45.4,43.2,44.0,48.7,50.7,53.1,55.4,52.7,47.5,38.4,28.8,26.0,27.1,27.2,28.0,29.0,29.6,30.8,31.8,32.6,33.9
12:23:07.600,82.3,59.7,74.2,73.6,71.6,71.9,74.6,73.3,65.4,66.6,66.8,65.4,67.4,67.3,58.8,51.6,48.6,49.1,43.5,42.1,43.7,49.1,52.2,53.5,55.3,54.3,48.8,37.9,29.4,26.4,26.8,27.2,27.9,28.9,29.6,30.6,31.7,32.8,33.9
12:23:08.600,82.7,58.0,74.7,69.6,76.2,74.9,69.3,73.0,74.9,69.9,65.8,63.1,64.6,68.2,62.6,56.1,49.9,47.2,44.6,42.9,42.4,47.1,51.7,53.8,52.3,50.9,46.0,39.0,29.8,26.8,26.7,27.3,28.2,29.0,29.8,30.6,31.6,32.7,33.9
12:23:09.600,82.7,56.7,75.3,68.3,71.0,71.3,68.4,73.2,74.6,70.4,64.5,67.5,70.4,70.2,64.3,53.6,53.9,49.7,44.6,42.8,42.5,47.0,50.3,51.4,51.9,48.9,45.3,38.2,30.0,26.3,26.9,27.2,29.1,29.2,30.0,30.6,31.6,32.7,33.9
12:23:10.600,82.1,56.6,74.3,70.2,67.0,72.0,71.0,71.2,71.0,67.5,65.5,61.4,68.0,67.4,60.7,55.8,50.1,47.0,44.6,41.0,41.4,47.0,49.3,52.2,52.0,48.9,45.0,35.8,29.8,26.7,27.3,27.7,28.2,29.1,29.7,30.7,31.6,32.7,33.8
12:23:11.600,81.1,55.5,71.5,71.5,71.2,71.2,74.1,70.2,69.7,65.9,63.4,63.9,62.8,63.0,60.0,54.6,50.4,48.0,44.4,42.8,43.2,47.5,48.7,49.6,50.0,49.7,43.2,36.1,33.2,30.7,30.7,33.7,33.3,30.9,30.2,31.2,31.9,32.8,33.9
12:23:12.600,84.9,55.5,73.3,74.7,72.5,75.7,74.6,75.2,70.2,66.4,64.3,63.0,63.1,63.5,57.5,52.1,49.6,46.3,45.2,43.4,43.4,49.1,48.6,51.0,49.1,48.1,42.8,38.0,28.5,26.7,28.0,27.9,28.6,28.8,29.7,30.8,31.8,32.7,33.9
12:23:13.600,80.2,57.4,72.1,67.1,66.2,67.7,68.2,72.6,67.5,64.7,65.0,65.6,63.3,62.2,57.3,52.4,49.8,46.8,43.0,41.6,41.1,47.5,49.1,53.2,52.9,50.6,46.4,38.3,29.4,27.3,27.9,27.7,28.3,28.8,29.8,30.9,31.7,32.7,34.1
12:23:14.600,81.4,58.8,71.6,69.5,71.4,71.8,73.0,71.8,64.5,65.0,66.0,63.3,65.5,62.5,59.3,51.5,51.0,46.6,43.7,43.3,43.0,46.7,50.0,53.2,54.0,53.3,48.5,40.2,32.0,26.4,27.6,27.6,28.0,28.7,29.7,30.7,31.7,32.8,33.8
12:23:15.600,82.3,58.3,71.0,74.2,70.8,70.6,65.8,71.9,70.2,68.3,59.7,61.2,62.0,58.9,58.9,49.7,49.8,46.9,43.1,39.8,41.1,45.9,51.3,52.0,52.9,53.3,48.6,38.9,29.9,26.8,27.1,27.4,28.2,29.1,29.7,30.8,31.8,32.9,33.9
12:23:16.600,81.1,57.1,71.3,74.4,71.2,69.6,68.7,68.8,68.4,65.8,63.7,66.2,59.0,59.2,58.9,53.3,52.1,49.4,45.1,40.0,42.1,45.4,50.4,52.6,52.2,50.9,45.7,38.0,29.4,26.5,27.5,27.2,27.8,28.7,29.8,30.7,31.6,32.8,33.9
12:23:17.600,81.0,56.3,70.9,72.6,71.8,68.8,64.3,67.3,66.7,65.0,64.0,62.9,63.6,59.5,58.7,52.4,49.7,46.7,43.9,40.4,41.6,44.4,48.5,53.1,50.3,49.2,42.4,37.9,28.7,26.9,27.2,27.6,27.8,28.7,29.8,30.5,31.6,32.7,33.8
12:23:18.600,81.7,56.7,71.0,69.9,67.1,67.6,68.4,69.6,68.7,67.0,63.8,62.2,62.8,62.3,58.8,55.4,50.4,48.9,44.3,40.5,41.5,45.5,48.1,53.3,51.4,49.9,44.5,37.2,28.6,26.3,26.9,27.5,28.0,29.1,29.6,30.6,31.7,32.8,33.9
12:23:19.600,81.8,58.4,70.7,72.7,69.4,68.7,73.0,71.4,66.6,62.3,61.7,62.0,61.6,61.4,58.6,52.1,49.9,46.0,43.7,41.7,41.0,45.8,47.4,53.3,54.2,53.2,45.5,38.6,29.5,26.8,27.4,27.9,28.3,28.8,29.8,30.8,31.7,32.8,33.9
12:23:20.600,80.0,58.0,70.1,71.3,68.8,63.2,65.6,70.2,70.2,66.2,63.6,63.6,60.0,60.4,55.8,50.8,49.7,45.9,43.7,40.9,42.2,47.2,47.3,51.7,53.3,53.3,47.2,39.5,31.4,26.6,27.0,27.5,27.9,28.9,29.8,30.6,31.6,32.6,33.9
12:23:21.600,83.1,58.3,72.1,77.1,77.9,74.1,68.6,71.6,66.3,66.7,64.8,66.5,63.1,60.5,58.4,51.6,49.8,46.9,44.0,48.5,43.1,45.7,49.2,52.2,54.1,52.4,46.0,39.1,31.1,26.5,27.1,27.6,28.1,28.9,29.8,30.7,31.8,32.8,33.9
12:23:22.600,82.8,59.6,71.4,73.4,74.9,74.2,71.8,71.4,69.3,68.8,65.4,62.3,63.0,61.4,61.2,52.2,51.2,45.6,44.6,41.8,40.1,44.4,51.1,53.8,57.0,52.7,46.3,38.7,29.8,26.5,26.8,27.7,27.8,28.9,29.9,30.6,31.6,32.8,33.9
12:23:23.600,80.2,59.6,69.8,69.0,66.6,64.8,65.2,66.4,64.4,63.8,64.7,61.7,59.8,61.4,58.2,52.3,49.6,47.2,44.0,44.4,42.3,45.2,52.5,54.1,57.1,52.5,45.1,38.2,30.2,26.7,27.0,27.3,28.0,29.0,29.7,30.7,31.6,32.6,33.9
12:23:24.600,81.5,59.5,71.3,74.8,73.8,72.3,68.6,71.6,69.7,63.9,64.8,61.6,63.6,60.1,58.7,53.3,51.0,47.0,43.6,43.5,43.8,44.7,51.7,55.1,55.0,53.4,47.2,39.7,31.2,26.6,26.9,27.4,27.7,29.0,29.7,30.6,31.5,32.6,33.9
12:23:25.600,80.4,59.5,70.7,67.0,69.2,71.0,65.6,65.3,67.4,64.1,65.4,63.4,63.5,60.9,59.5,52.7,50.6,47.5,43.6,44.9,42.8,44.8,51.1,54.9,54.0,54.5,49.5,42.8,32.1,26.2,26.7,27.3,28.0,28.7,29.8,30.8,31.8,32.8,33.9
12:23:26.600,81.3,59.1,71.2,73.3,69.9,69.3,72.0,70.7,65.6,67.7,66.6,61.6,60.8,63.6,60.1,51.4,48.1,49.4,45.1,44.2,43.2,47.3,51.1,52.9,55.3,53.3,46.6,43.0,31.8,26.2,26.7,26.9,28.1,28.9,29.7,30.8,31.6,32.7,33.7
12:23:27.600,81.0,58.5,70.9,72.0,68.2,68.1,71.0,66.9,65.8,67.2,66.2,63.7,60.9,62.7,57.0,51.7,50.4,46.4,45.0,53.6,46.8,47.9,51.9,51.4,54.1,52.1,46.6,39.7,32.1,26.5,26.8,27.2,28.2,28.9,29.7,30.7,31.6,32.7,33.8
12:23:28.600,81.9,58.7,71.2,75.0,71.8,67.7,69.7,71.2,66.6,69.2,63.7,62.5,62.7,63.4,60.0,53.0,51.4,47.6,47.2,49.2,44.9,47.1,54.4,52.7,54.4,50.4,48.2,39.6,30.3,26.5,26.8,27.3,28.1,29.0,29.7,30.5,31.7,32.7,33.9
12:23:29.600,81.2,59.2,71.5,68.6,68.9,70.3,68.7,65.9,67.3,65.6,65.3,62.5,64.6,63.5,58.7,51.7,50.2,48.7,45.9,48.2,45.7,48.9,54.3,54.4,54.9,51.3,46.5,42.9,31.2,26.7,26.7,27.0,28.2,28.8,29.8,30.8,31.7,32.7,33.9
12:23:30.600,79.7,59.8,71.0,66.1,69.2,67.8,70.3,71.8,62.6,64.4,63.5,62.9,63.7,61.1,57.9,51.0,49.5,47.3,46.6,47.5,46.1,48.7,55.2,54.4,56.8,50.8,45.6,42.2,31.0,26.6,26.8,27.4,28.2,28.9,29.6,30.7,31.6,32.6,33.7
12:23:31.600,80.5,60.4,70.9,70.7,71.4,70.0,65.1,67.3,66.5,66.2,66.1,63.6,63.5,61.5,60.3,51.8,48.9,45.1,46.0,50.0,47.3,50.6,55.3,55.3,57.2,53.3,45.3,40.0,31.5,26.4,26.5,27.4,28.0,28.8,29.7,30.8,31.7,32.8,33.9
12:23:32.600,79.0,60.5,70.8,67.3,64.6,61.8,67.5,68.1,66.1,64.0,63.8,61.3,61.1,62.4,63.4,55.2,50.0,47.0,45.6,51.9,46.8,50.0,54.3,54.1,57.4,54.0,47.1,40.9,33.4,26.7,26.7,27.2,27.9,28.8,29.7,30.5,31.5,32.7,33.8
12:23:33.600,81.1,60.3,70.8,75.3,74.1,71.0,68.9,69.8,68.6,65.8,63.2,62.8,62.1,60.8,59.1,55.0,50.2,48.0,46.3,50.6,46.6,49.9,54.0,53.9,54.7,54.8,49.4,40.3,31.8,26.4,26.8,27.3,28.1,29.0,29.7,30.7,31.8,32.8,33.9
12:23:34.600,80.4,60.0,70.8,73.2,72.1,68.6,67.6,68.1,65.5,66.4,65.1,63.6,59.8,62.5,58.6,53.8,48.0,46.5,45.1,54.2,50.3,51.2,54.2,53.2,53.9,54.3,49.9,39.2,30.8,26.8,26.8,27.2,28.3,28.8,29.7,30.8,31.7,32.7,33.9
12:23:35.600,80.4,59.7,70.5,70.9,71.7,71.4,70.0,67.1,66.9,67.2,64.9,60.8,59.8,62.4,58.9,53.6,50.6,46.3,46.2,45.0,44.0,50.9,55.5,53.1,53.1,54.4,49.0,42.1,30.8,26.6,27.0,27.2,28.1,28.8,29.9,30.8,31.7,32.7,33.8
12:23:36.600,81.2,59.7,71.5,70.0,69.3,66.8,68.7,69.2,70.8,65.3,64.3,61.9,62.6,60.0,58.7,50.3,49.6,46.5,46.2,44.2,44.4,49.6,55.7,55.0,53.0,54.1,47.9,40.2,31.3,26.4,26.7,27.3,27.9,28.8,29.6,30.6,31.6,32.6,33.9
12:23:37.600,80.2,59.0,70.9,71.2,73.9,70.8,72.8,69.9,68.6,64.5,62.9,60.2,60.4,58.7,54.9,52.2,50.9,46.5,44.4,53.2,46.9,49.8,55.9,54.5,52.3,52.7,46.5,37.8,30.2,26.5,26.9,27.4,28.1,28.9,29.8,30.7,31.7,32.8,34.0
12:23:38.600,81.6,58.5,70.7,75.1,76.0,68.7,70.6,71.7,68.5,68.0,59.8,60.1,58.4,57.1,55.9,51.9,47.9,47.8,46.7,44.7,43.9,48.6,54.1,54.4,53.4,51.4,45.7,38.6,30.0,26.5,26.7,27.4,27.9,28.9,29.7,30.8,31.8,32.8,33.7
12:23:39.600,80.9,58.0,71.7,68.9,69.6,69.8,71.5,73.7,69.0,67.5,60.9,63.7,61.5,59.2,57.5,51.0,49.4,45.4,45.0,44.4,44.2,48.6,52.6,53.1,53.4,51.2,46.6,37.7,30.2,26.4,26.7,27.3,28.1,28.9,29.6,30.9,31.6,32.8,33.8
12:23:40.600,81.1,57.5,71.5,68.4,63.7,63.5,69.4,70.0,66.0,67.7,65.2,63.8,62.6,57.2,59.8,56.7,51.7,45.4,42.7,43.8,42.6,46.9,50.9,51.0,52.2,52.0,45.2,36.3,28.7,26.3,26.7,27.3,27.9,28.9,29.6,30.8,31.7,32.8,33.7
12:23:41.600,80.3,57.7,72.1,66.3,67.8,67.9,72.1,72.4,67.1,64.4,64.9,60.5,62.9,62.1,63.7,56.3,49.7,46.7,44.9,43.8,44.1,47.1,52.8,51.0,52.8,51.4,44.9,36.3,28.8,26.4,26.3,27.2,28.0,28.9,29.9,30.8,31.7,32.6,33.7
12:23:42.600,81.7,57.1,73.5,72.9,73.0,74.3,70.4,73.2,69.9,68.2,63.7,65.4,65.8,64.9,62.1,56.2,51.9,46.7,46.0,44.0,43.4,47.0,51.7,51.9,52.7,49.5,44.7,36.8,28.8,26.2,26.5,27.5,27.9,28.8,29.5,30.7,31.7,32.6,33.9
12:23:43.600,81.3,57.4,72.8,65.9,70.2,72.8,73.4,70.6,70.7,70.7,65.9,62.5,62.9,65.1,63.7,58.1,50.4,45.5,44.3,43.5,43.5,47.5,52.4,51.9,53.2,49.4,44.5,38.2,30.3,26.2,26.9,27.4,28.0,28.8,29.7,30.8,31.7,32.7,33.8
12:23:44.600,79.9,58.0,71.5,70.4,72.5,74.0,71.5,65.8,69.2,65.0,65.9,62.3,61.9,61.6,61.5,55.5,48.1,47.3,43.6,43.3,43.5,48.2,52.6,52.6,52.7,51.3,46.1,41.1,31.8,26.3,27.0,27.6,28.2,28.8,30.5,31.0,31.6,32.7,33.9
12:23:45.600,80.4,58.8,72.0,67.2,65.5,70.5,73.7,70.8,68.1,67.6,67.6,61.8,59.0,59.5,60.7,54.7,49.0,46.7,44.8,43.6,43.4,48.6,53.7,51.7,53.7,53.9,45.9,38.9,31.5,26.3,26.7,27.1,27.9,28.7,29.8,31.0,31.6,32.6,33.8
12:23:46.600,80.9,59.5,70.9,69.1,71.7,75.1,70.5,70.9,69.2,62.6,62.0,60.8,60.7,60.8,60.7,54.0,47.2,42.8,44.3,44.2,44.2,49.2,53.2,53.2,54.3,54.0,49.1,41.0,31.8,26.7,26.7,27.2,28.1,28.8,29.8,30.7,31.8,32.7,33.7
12:23:47.600,80.0,59.4,71.7,66.1,68.1,71.7,71.6,70.4,73.6,67.6,64.2,62.3,61.5,59.2,55.0,50.2,48.3,45.8,45.5,44.3,43.8,47.9,51.5,53.9,53.4,55.2,49.5,41.5,32.7,26.4,26.7,27.5,28.3,29.1,29.8,30.7,31.6,32.6,33.9
12:23:48.600,79.3,58.6,70.8,67.8,66.8,69.8,69.9,69.9,68.8,68.7,62.5,63.8,61.7,56.5,55.9,51.4,49.2,43.4,44.6,43.5,44.1,46.0,52.3,54.7,51.2,53.3,48.5,40.5,32.3,26.1,26.9,27.6,28.0,28.9,29.6,30.6,31.6,32.8,33.9
12:23:49.600,80.5,57.8,70.9,65.3,66.8,69.9,74.4,72.0,71.9,66.7,62.9,58.3,56.6,55.2,54.0,53.8,50.1,46.5,44.7,43.1,43.2,45.7,50.6,54.2,50.7,51.4,48.7,40.0,31.7,26.4,26.8,27.2,27.9,28.9,29.7,30.7,31.7,32.6,33.8
12:23:50.600,80.4,56.7,70.6,70.5,70.1,69.3,72.6,71.3,67.3,64.9,66.4,57.9,56.6,56.1,54.6,52.2,49.8,46.4,43.2,43.4,43.3,44.3,49.7,53.1,50.1,49.4,47.2,38.9,30.9,26.2,26.5,27.3,28.0,28.9,29.9,30.5,31.7,32.8,33.9
12:23:51.600,81.3,55.8,71.3,65.4,70.7,74.3,72.6,71.4,69.6,67.6,63.5,61.1,60.6,55.4,59.0,51.9,51.5,46.0,44.7,43.1,42.3,45.2,48.9,51.4,50.6,48.6,44.7,37.2,30.7,26.5,26.8,27.5,28.0,28.9,29.7,30.6,31.5,32.7,33.9
12:23:52.600,78.8,56.2,70.6,67.1,68.6,66.8,71.6,66.8,70.2,70.5,63.9,57.4,58.4,59.9,59.8,54.5,50.2,45.8,44.5,43.8,43.9,46.0,46.3,50.7,52.1,48.4,46.7,38.6,31.2,26.3,26.7,27.4,27.9,28.7,30.8,31.0,31.6,32.8,33.8
12:23:53.600,81.7,57.9,69.0,70.3,65.6,69.6,72.3,71.1,66.6,60.9,61.3,58.4,57.9,58.4,56.3,52.2,47.5,43.2,42.6,42.9,43.3,47.0,45.8,51.1,54.3,51.9,48.8,39.4,30.7,26.6,27.1,27.3,28.0,28.7,29.8,30.9,31.5,32.6,33.9
12:23:54.600,79.9,57.2,70.0,67.6,68.5,71.0,70.3,65.7,69.3,66.0,64.1,61.8,57.2,60.0,57.4,50.6,49.9,44.3,43.5,42.0,42.9,45.8,46.6,49.9,51.7,51.5,50.2,39.2,30.0,27.0,27.0,27.2,28.0,28.8,29.8,30.7,31.7,32.7,33.9
12:23:55.600,79.0,55.6,68.8,68.2,66.4,71.3,71.3,68.3,66.7,66.9,62.9,58.2,56.2,59.1,58.8,48.8,49.4,44.6,43.4,43.2,42.4,45.1,45.7,47.7,50.7,48.9,47.4,39.0,30.1,27.2,26.8,27.4,28.1,29.0,29.9,30.7,31.7,32.7,33.9
12:23:56.600,81.7,54.9,69.1,69.3,69.2,68.5,69.8,70.4,66.6,62.3,63.2,60.0,61.1,57.5,56.4,51.6,49.4,43.4,42.7,43.2,43.9,45.3,46.0,49.7,50.2,47.7,44.8,39.0,29.6,26.7,27.0,27.1,28.0,29.0,29.8,30.6,31.7,32.5,33.8
12:23:57.600,78.8,55.9,67.8,70.7,72.7,71.8,66.3,63.6,65.4,60.0,59.4,56.9,61.0,60.1,54.9,51.9,50.2,44.4,42.2,42.8,42.7,46.2,48.2,52.3,50.3,48.6,45.8,38.7,30.0,26.7,27.0,28.4,29.1,29.9,30.4,31.2,31.6,32.5,33.8
12:23:58.600,78.6,56.7,68.7,69.9,67.3,64.1,68.6,67.6,66.7,64.7,60.8,61.0,58.8,57.1,57.9,54.3,49.5,49.4,43.5,47.2,50.0,48.6,49.2,53.2,51.6,48.6,44.0,38.7,32.8,32.8,30.1,29.2,29.3,29.6,30.2,30.7,31.9,32.7,33.9
12:23:59.600,77.9,59.1,69.7,67.3,65.7,67.6,67.5,66.9,64.1,65.7,62.9,61.9,62.4,58.4,59.9,53.5,53.0,46.3,43.0,43.6,43.5,51.3,51.2,53.4,53.3,52.0,48.6,40.5,35.0,37.7,38.6,40.7,38.8,37.0,34.5,33.9,34.4,36.0,34.7
12:24:00.600,78.7,59.0,68.0,69.2,71.5,68.8,65.3,62.3,63.3,62.3,62.9,60.8,56.3,57.0,58.2,52.5,51.4,44.3,43.5,46.7,46.0,50.7,48.3,54.3,53.6,52.2,49.3,41.1,33.6,30.5,28.9,28.9,29.0,29.4,30.3,31.2,31.7,32.9,33.9
12:24:01.600,80.2,59.3,69.4,73.8,72.7,67.9,66.6,67.7,67.7,61.3,59.8,57.4,58.0,57.9,57.9,52.1,49.7,44.9,43.2,40.8,42.0,47.6,48.4,55.5,54.5,52.5,49.5,43.3,32.2,27.0,27.6,28.4,28.7,29.7,30.3,31.2,31.9,32.9,33.9
12:24:02.600,77.0,59.2,69.0,66.9,68.6,68.3,63.0,65.0,65.4,61.3,62.8,62.5,57.8,59.0,56.8,52.0,49.5,43.3,46.1,40.5,45.6,47.7,48.8,55.6,54.9,52.1,45.8,40.0,31.1,26.9,28.5,28.6,29.3,29.7,30.2,30.9,31.7,32.8,33.9
12:24:03.600,79.8,58.5,69.4,70.7,72.6,71.8,68.2,65.1,64.0,65.1,65.2,57.5,56.9,56.9,54.4,48.2,52.9,45.6,45.9,41.7,46.5,49.1,48.8,53.8,54.3,52.6,46.7,43.5,35.0,28.6,29.1,30.3,32.6,33.5,33.9,32.7,32.6,32.9,34.0
12:24:04.600,81.4,57.6,69.1,73.9,72.1,74.7,72.3,66.1,64.8,60.3,62.9,60.5,60.9,58.3,53.1,52.6,49.6,43.4,43.7,44.2,43.5,45.7,47.6,51.4,53.3,52.7,48.4,37.9,30.2,26.9,27.1,27.8,28.6,29.3,30.0,30.8,31.7,32.7,33.9
12:24:05.600,79.8,56.8,69.4,69.3,70.2,73.1,69.6,69.0,67.4,62.6,62.1,60.5,60.1,60.8,58.4,53.9,49.6,44.1,46.0,43.4,44.4,47.6,47.5,51.2,52.1,51.0,47.9,39.1,32.3,26.6,28.9,28.4,29.4,30.2,30.3,30.9,31.8,32.7,33.6
12:24:06.600,79.1,56.4,68.8,68.9,71.7,70.3,68.6,68.7,69.0,64.3,62.1,60.4,56.6,56.5,54.3,53.3,48.0,44.7,42.9,44.6,41.9,45.5,47.8,50.5,52.3,50.0,46.5,39.3,28.8,26.2,26.6,27.2,27.6,28.6,29.7,30.8,31.6,32.7,33.8
12:24:07.600,79.8,56.8,69.2,70.9,73.5,71.2,70.4,64.3,61.7,62.5,62.8,58.6,60.1,62.3,57.5,52.8,49.7,44.8,44.0,43.3,43.0,46.8,49.2,50.8,53.1,49.5,47.1,39.9,29.5,26.7,26.8,27.3,28.1,28.7,29.8,30.7,31.5,32.8,33.9
12:24:08.600,80.0,56.1,69.4,70.5,71.2,70.5,65.2,63.7,68.3,67.0,64.8,59.8,58.6,59.3,56.6,51.9,50.1,44.6,46.0,42.6,46.2,46.2,48.1,51.1,50.9,48.4,46.2,39.6,33.3,29.4,30.6,28.3,29.7,30.0,30.4,31.0,31.7,32.6,33.8
12:24:09.600,78.4,55.7,69.2,61.4,69.1,72.2,73.5,66.8,67.2,64.7,63.0,61.7,58.3,58.0,58.1,51.1,48.8,43.5,43.2,42.7,41.4,45.6,48.8,52.1,50.6,47.8,45.4,37.1,28.6,26.5,26.5,27.5,28.1,28.9,29.6,30.8,31.8,32.7,33.9
12:24:10.600,81.6,55.9,69.5,73.9,72.3,74.4,69.0,62.0,65.9,64.7,60.7,60.1,60.2,57.7,60.6,55.8,50.3,44.8,44.4,46.2,43.5,45.6,48.4,52.1,50.8,47.3,44.6,36.9,28.6,26.6,26.6,27.1,27.9,28.8,29.8,30.5,31.6,32.7,33.9
12:24:11.600,80.7,55.5,71.0,62.6,66.1,72.0,72.3,65.6,67.5,70.4,66.8,62.4,60.6,59.6,56.9,55.8,52.2,47.4,44.9,44.9,43.9,45.4,48.0,53.7,48.9,45.9,43.7,37.9,29.9,27.2,27.3,28.0,29.1,29.6,30.1,31.0,31.8,32.8,33.9
12:24:12.600,81.4,54.7,70.2,69.2,67.9,70.0,72.2,67.3,67.3,63.3,63.0,61.4,61.4,60.9,59.3,57.2,52.0,45.9,43.6,42.3,42.9,45.8,47.6,50.6,47.8,47.2,45.7,37.3,29.7,26.2,26.5,27.4,28.1,28.8,29.5,30.6,31.7,32.6,33.8
12:24:13.600,80.1,55.3,70.9,73.7,71.5,71.4,66.9,68.8,68.9,69.0,65.2,62.8,57.0,63.1,60.4,53.3,47.8,45.6,43.4,42.9,41.1,45.4,46.8,51.5,48.5,48.1,45.4,37.8,30.3,26.6,26.6,27.3,28.1,28.8,29.9,30.6,31.6,32.7,33.9
12:24:14.600,80.0,55.9,71.3,68.3,72.7,73.2,70.5,67.5,70.5,70.7,65.6,59.3,59.2,60.9,62.2,55.4,49.2,46.1,43.5,40.8,41.4,46.3,48.0,53.5,48.9,48.5,45.4,37.9,31.6,26.5,26.9,27.1,28.0,28.9,29.8,30.6,31.8,32.9,33.9
12:24:15.600,78.6,55.5,71.4,68.0,64.4,69.9,68.5,69.5,72.7,66.3,66.4,60.2,61.5,63.9,61.8,57.1,50.2,47.4,45.3,43.5,42.0,46.6,49.0,51.6,50.0,46.5,43.0,36.1,28.6,26.2,27.1,27.3,28.0,28.9,29.7,30.6,31.6,32.8,33.7
12:24:16.600,78.7,56.0,70.7,70.8,67.3,68.3,68.6,70.3,66.2,68.7,66.1,61.2,60.6,61.8,61.0,56.6,51.2,46.8,44.0,44.3,41.7,46.9,49.7,51.2,50.8,47.5,44.3,38.1,29.1,26.4,27.1,27.8,28.1,28.9,30.0,30.8,31.7,32.8,33.8
12:24:17.600,78.6,57.2,70.7,65.0,65.9,69.4,67.5,67.4,66.3,67.3,65.3,57.6,58.1,61.7,58.8,54.0,49.9,43.5,44.9,43.7,41.2,45.7,49.7,52.1,51.7,50.0,48.3,41.8,30.9,26.8,27.3,27.3,28.0,28.9,29.9,30.5,31.7,32.8,33.9
12:24:18.600,79.1,57.3,70.0,66.8,71.7,70.0,71.8,67.8,66.2,66.3,63.4,59.7,60.0,59.5,60.0,51.1,51.7,44.8,44.8,46.3,43.0,45.7,49.1,52.8,52.4,50.1,46.3,41.8,31.3,26.6,26.6,27.3,27.8,28.9,29.8,30.6,31.6,32.7,33.8
12:24:19.600,81.2,56.4,70.4,70.3,72.4,68.8,72.5,72.7,66.8,66.1,62.2,59.7,59.1,59.1,55.3,49.8,51.8,43.4,44.9,44.8,42.0,45.2,47.9,51.4,52.4,50.2,44.5,39.2,29.7,26.3,26.6,27.3,27.8,28.9,29.8,30.6,31.6,32.7,33.9
12:24:20.600,78.3,55.0,68.2,67.5,64.0,65.3,65.2,69.3,67.5,64.9,65.0,59.9,58.1,55.9,55.0,50.1,48.1,45.6,43.3,48.7,43.8,45.3,46.1,50.9,51.1,47.0,41.6,34.9,28.3,26.4,26.6,27.4,28.0,28.9,29.7,30.8,31.7,32.5,33.7
12:24:21.600,79.0,54.1,68.3,69.0,70.5,69.3,68.2,66.1,69.9,64.6,57.7,59.4,54.2,52.3,53.7,50.0,48.8,43.4,44.0,42.5,40.5,43.9,45.8,49.5,49.7,47.4,41.5,37.3,28.0,26.2,26.8,27.3,27.8,28.5,29.6,30.6,31.6,32.8,33.9
12:24:22.600,76.4,55.1,66.4,67.1,66.8,63.2,65.4,63.1,60.3,61.5,61.7,53.7,56.2,54.2,51.4,47.6,47.2,41.2,42.9,44.5,42.4,44.5,46.9,49.3,51.1,48.0,46.0,35.8,28.1,26.3,26.9,27.0,27.8,28.9,29.8,30.6,31.6,32.7,33.9
12:24:23.600,78.3,56.7,67.8,66.8,69.8,64.5,63.5,62.7,66.7,62.7,64.4,58.2,57.3,57.1,50.8,50.2,49.3,42.4,42.6,44.3,44.3,45.6,49.1,49.6,52.5,50.7,47.4,38.2,29.1,26.4,26.1,27.3,28.0,28.8,29.8,30.6,31.7,32.8,33.9
12:24:24.600,77.3,57.0,67.5,63.0,62.3,61.5,67.7,65.8,65.9,59.7,60.7,60.0,57.4,52.4,51.2,47.7,47.2,43.4,43.6,43.6,46.0,45.2,50.6,49.0,52.6,51.1,47.3,39.8,29.9,26.1,26.7,27.2,28.0,28.8,29.9,30.8,31.5,32.8,33.8
12:24:25.600,76.1,56.9,67.3,61.5,67.5,68.3,65.6,62.2,63.5,64.5,57.4,59.2,55.0,55.5,52.9,50.2,48.7,43.4,45.7,46.9,46.4,46.9,51.2,50.3,52.1,50.0,46.9,37.5,28.9,26.5,26.7,27.2,28.1,28.7,30.1,30.8,31.8,32.8,33.9
12:24:26.600,78.0,56.6,67.8,71.8,72.4,68.0,65.7,64.3,62.2,64.3,60.3,58.4,59.8,56.0,57.0,51.8,47.3,44.6,44.1,43.4,42.4,47.0,51.5,50.9,51.0,50.1,45.1,35.7,28.8,26.7,27.0,27.3,28.1,28.9,29.6,30.7,31.8,32.8,33.9
12:24:27.600,78.1,56.1,67.8,67.7,63.7,62.7,64.6,68.9,63.1,61.2,62.6,56.3,57.0,52.8,57.1,56.5,48.7,43.0,47.0,44.9,44.4,46.6,50.3,51.5,50.5,48.9,46.2,37.7,29.1,26.5,26.9,27.5,28.0,28.9,29.8,30.7,31.6,32.7,34.0
12:24:28.600,78.5,55.5,68.6,65.2,67.5,63.7,63.1,66.3,65.9,64.9,59.9,59.7,57.9,59.5,56.8,57.7,53.7,43.1,47.4,47.1,44.5,45.0,49.1,50.6,50.4,47.3,45.4,36.5,29.2,26.7,26.9,27.4,28.2,28.8,29.7,30.6,31.7,32.8,33.9
12:24:29.600,78.3,55.4,68.7,64.1,63.2,64.0,62.4,63.0,64.3,62.7,58.3,56.6,57.0,57.0,60.0,58.6,52.9,45.1,48.7,43.9,45.0,45.1,48.2,49.4,50.3,47.8,46.0,36.9,28.3,26.1,26.8,27.3,27.9,28.9,29.8,30.6,31.7,32.6,33.9
12:24:30.600,78.9,55.3,69.4,69.8,65.5,65.2,65.3,62.3,64.6,66.2,62.4,59.3,59.0,59.2,60.6,57.3,56.8,46.9,45.1,43.4,42.6,44.5,48.1,49.0,49.5,47.4,45.9,36.9,29.1,26.2,26.7,27.2,28.1,28.6,29.6,30.8,31.7,32.8,33.8
12:24:31.600,78.5,56.0,69.9,68.7,69.8,68.2,66.8,67.5,64.0,62.6,64.1,59.7,63.9,58.7,58.7,60.0,52.7,45.0,50.5,44.7,42.4,45.2,49.0,49.2,51.5,47.9,46.3,37.6,28.9,26.3,26.6,27.4,28.0,28.9,29.8,30.8,31.6,32.8,33.9
12:24:32.600,77.8,56.2,68.7,65.1,67.9,71.9,67.8,66.2,67.1,57.7,59.0,59.6,58.1,59.4,58.1,60.2,57.5,45.4,51.6,51.0,51.7,49.3,49.0,49.8,50.8,47.5,44.5,37.2,29.1,26.2,26.9,27.6,28.0,28.8,29.6,30.7,31.7,32.7,33.8
12:24:33.600,82.7,56.1,71.6,72.3,72.7,73.7,70.7,66.0,66.7,68.3,64.2,61.7,61.7,62.8,60.9,60.4,58.6,49.1,50.1,52.1,44.4,46.5,49.4,52.2,50.2,45.6,43.6,38.1,29.2,26.1,26.4,26.9,28.0,28.8,29.6,30.6,31.8,32.9,33.9
12:24:34.600,77.3,55.9,69.2,70.1,70.5,70.8,68.6,65.8,66.2,64.0,60.1,62.3,58.1,55.8,56.8,62.7,54.2,44.9,46.4,44.5,44.0,45.1,49.1,53.0,50.0,46.0,44.2,38.2,29.0,26.0,26.5,27.3,28.0,28.8,29.8,30.7,31.7,32.6,33.8
12:24:35.600,76.9,56.6,67.6,63.2,65.7,69.8,66.6,65.3,59.8,59.8,63.3,59.7,57.7,55.8,51.7,60.6,55.4,43.4,49.5,49.9,50.6,47.6,48.5,51.9,49.5,49.2,47.7,41.5,30.3,26.4,27.0,26.9,28.0,29.0,30.0,30.9,31.6,32.7,33.9
12:24:36.600,78.1,56.8,68.4,68.7,68.8,71.4,66.6,66.3,64.6,63.0,61.5,58.3,58.7,53.0,56.6,58.2,52.3,43.5,49.1,46.2,47.9,46.0,46.2,52.0,50.2,48.6,50.2,42.2,31.9,26.7,26.9,27.6,28.2,28.7,29.8,30.6,31.7,32.7,33.9
12:24:37.600,77.5,57.7,68.9,63.4,65.3,67.8,65.8,66.2,69.1,64.5,62.3,59.2,56.1,58.5,55.1,61.3,57.4,45.1,49.3,48.0,47.8,46.9,44.3,49.3,50.6,50.8,52.3,42.4,34.1,26.6,26.8,27.3,28.0,28.8,29.8,30.6,31.7,32.8,33.8
12:24:38.600,77.9,57.5,68.2,67.0,68.9,67.8,66.6,62.7,63.2,63.2,59.0,59.0,59.5,58.0,55.4,58.0,53.0,43.9,47.3,46.8,47.2,47.0,46.0,50.0,51.0,52.0,50.3,42.6,33.3,26.7,26.7,27.4,27.9,28.9,29.9,30.5,31.6,32.7,33.8
12:24:39.600,78.1,58.0,68.8,65.0,66.4,68.6,67.4,70.8,65.1,61.0,61.0,58.5,56.0,55.3,55.5,54.6,56.0,44.1,47.2,51.0,49.4,46.6,46.4,50.2,51.8,53.1,50.6,42.1,30.8,26.5,26.9,27.2,28.0,29.0,29.7,30.8,31.7,32.6,33.8
12:24:40.600,78.9,57.0,67.7,63.8,63.0,69.1,66.6,65.4,64.9,60.7,60.9,57.4,56.8,55.2,54.9,54.8,50.4,44.2,49.9,50.2,49.2,46.6,46.6,50.9,52.5,50.3,48.0,41.5,30.9,26.6,26.7,27.7,28.4,29.1,29.8,30.6,31.6,32.9,34.0
12:24:41.600,75.5,57.6,67.5,65.3,67.5,67.8,64.3,63.2,67.1,60.6,61.2,58.9,57.5,56.4,55.7,55.8,48.5,45.5,47.2,50.0,48.6,46.9,46.5,51.6,52.3,50.9,50.1,42.8,31.2,26.4,27.1,27.2,27.6,28.9,29.7,30.6,31.7,32.7,34.0
12:24:42.600,76.8,57.6,67.1,63.5,61.4,64.3,64.8,62.9,64.8,62.5,58.9,58.3,57.6,55.1,54.6,56.9,50.7,46.1,46.7,48.5,47.6,46.1,45.2,49.3,51.8,53.2,49.4,42.8,33.5,27.7,27.9,28.4,29.1,29.4,30.4,31.3,32.2,33.0,34.3
12:24:43.600,76.9,57.2,70.4,65.6,70.3,69.2,66.5,69.0,67.5,63.9,61.8,65.2,64.3,60.5,59.6,61.5,54.1,49.3,50.5,51.9,49.4,46.4,45.9,47.4,48.9,52.5,49.7,41.0,32.9,26.5,26.9,27.4,28.3,28.9,29.8,30.7,31.6,32.7,33.9
12:24:44.600,78.4,56.7,68.7,71.8,67.9,64.0,59.8,64.8,69.5,66.2,62.0,58.9,57.0,55.8,54.0,59.1,49.6,43.9,51.6,47.2,49.2,45.5,45.6,47.3,50.7,51.7,48.8,40.1,31.9,26.8,27.0,27.3,27.7,28.8,29.9,30.8,31.7,32.6,33.8
12:24:45.600,75.2,56.8,67.5,66.5,65.1,61.5,61.8,64.1,59.5,64.2,59.9,60.8,55.6,53.7,56.9,58.3,49.5,44.6,48.1,45.1,49.5,45.5,45.5,47.8,52.4,50.4,47.4,38.1,30.7,26.7,26.8,27.5,28.2,28.8,29.7,30.8,31.7,32.7,34.0
12:24:46.600,76.1,56.6,67.5,61.4,60.6,65.7,63.8,61.3,65.1,64.8,60.5,57.1,55.6,51.9,57.4,58.1,49.8,45.3,51.4,52.5,53.6,47.7,48.6,48.2,51.7,49.3,45.8,38.5,33.1,28.6,29.1,29.5,30.2,30.1,31.1,31.6,32.2,33.0,34.1
12:24:47.600,75.7,54.2,67.3,65.8,65.3,63.1,65.6,66.0,63.8,61.2,61.9,58.1,57.2,56.1,58.6,53.2,50.1,42.9,48.5,48.1,52.1,47.3,45.1,46.0,48.2,47.4,43.4,38.0,30.1,27.2,27.3,28.1,28.7,29.1,29.9,31.0,31.9,32.9,34.0
12:24:48.600,77.4,53.4,66.9,67.2,61.8,64.5,63.9,63.5,63.2,62.1,60.3,57.1,55.9,50.6,57.4,54.9,50.0,42.5,47.7,45.8,48.5,46.3,45.2,45.1,48.3,46.5,43.2,36.3,30.7,26.6,27.4,27.8,28.8,29.5,30.2,31.2,32.0,33.1,34.1
12:24:49.600,77.8,54.0,67.0,70.5,70.8,64.1,60.1,63.5,60.8,63.7,60.4,58.6,57.8,54.8,56.6,56.5,47.6,43.6,46.1,46.7,55.3,47.2,44.4,45.4,47.7,45.6,41.8,36.2,29.3,26.5,27.0,27.0,28.0,28.4,29.8,30.6,31.6,32.8,33.9
12:24:50.600,78.4,53.4,66.5,70.7,69.3,65.3,64.0,64.5,59.0,60.2,62.5,57.5,55.9,54.5,58.5,51.8,48.2,43.7,41.6,45.8,50.5,46.0,44.0,48.8,47.6,44.8,40.5,35.7,28.4,26.4,26.7,27.4,28.1,28.9,29.8,30.8,31.7,32.7,33.8
12:24:51.600,78.2,54.5,67.2,68.8,68.6,68.4,67.8,64.5,60.7,62.9,59.4,60.9,58.1,55.5,57.6,50.6,49.1,46.1,46.3,50.3,55.3,47.1,46.0,48.8,48.0,45.5,43.4,36.4,29.4,26.4,26.8,27.4,28.2,29.1,30.0,30.9,31.8,32.8,33.9
12:24:52.600,78.2,53.4,67.1,70.7,74.1,70.2,64.8,61.0,60.0,61.9,58.4,59.0,58.5,57.1,59.7,55.8,50.9,48.1,45.1,46.1,48.0,44.8,45.4,48.2,47.8,44.7,42.0,34.6,28.4,26.6,26.8,27.6,28.2,29.0,29.8,30.6,31.6,32.8,34.0
12:24:53.600,78.3,53.6,67.0,71.2,67.0,67.7,64.1,67.7,64.0,60.1,59.4,60.0,58.3,54.5,57.5,52.2,49.0,47.9,44.0,41.9,47.9,45.5,45.4,46.6,47.6,47.6,43.5,36.0,28.5,26.6,26.8,27.2,27.9,28.8,29.7,30.8,31.6,32.7,33.8
12:24:54.600,77.8,54.1,67.0,64.3,69.3,65.9,68.0,68.1,63.1,60.9,62.0,56.3,55.0,54.0,56.1,52.3,50.0,46.6,43.5,43.4,44.2,46.1,44.4,45.9,47.6,48.4,46.3,36.7,28.9,26.4,26.7,27.4,28.1,28.7,29.8,30.7,31.7,32.7,33.8
12:24:55.600,77.4,53.3,66.7,62.9,69.6,68.2,69.5,66.0,63.1,62.4,59.8,55.4,56.5,54.4,56.7,52.3,49.3,48.1,44.9,42.1,44.5,46.4,46.1,46.8,47.1,45.5,44.2,37.0,29.6,26.7,26.8,27.5,28.0,28.9,29.8,30.8,31.7,32.6,33.8
12:24:56.600,80.4,51.9,68.7,71.8,69.9,69.0,66.5,68.6,65.7,64.6,62.3,60.2,58.6,55.1,56.8,54.1,50.5,48.7,45.3,41.4,43.5,47.9,45.4,44.6,45.7,44.1,41.5,35.5,28.3,26.3,26.9,27.3,28.1,28.9,29.6,30.6,31.6,32.8,33.9
12:24:57.600,78.5,53.7,68.8,65.4,71.2,71.0,70.0,68.0,66.2,65.3,61.9,57.2,53.9,54.9,53.7,50.5,51.2,48.9,49.4,49.1,52.1,52.0,46.0,46.4,45.9,44.4,41.7,33.9,27.8,26.3,26.5,27.3,28.0,28.9,29.7,30.7,31.7,32.7,33.8
12:24:58.600,78.8,54.2,67.8,70.5,70.4,68.6,69.7,65.2,66.2,64.7,61.1,59.8,56.6,54.5,52.0,52.9,51.9,47.3,45.4,51.8,48.9,50.8,45.1,45.9,47.0,45.5,43.0,35.8,27.9,26.6,26.9,27.1,28.2,28.8,29.8,30.7,31.7,32.7,33.9
12:24:59.600,77.9,53.7,67.6,63.7,63.5,66.4,67.6,70.1,66.8,61.0,59.8,59.5,53.7,53.0,54.0,54.0,51.4,48.2,48.5,47.9,49.9,51.4,44.4,46.1,46.9,46.5,41.2,35.1,28.5,26.8,27.1,27.8,28.5,29.0,30.0,30.9,31.7,32.7,33.9
