AMBIENT,NaN,48.2,NaN,46.8,44.7,42.2,44.7,49.6,44.4,45.8,49.5,50.6,46.7,46.2,50.8,45.5,44.5,44.6,42.7,41.7,40.2,38.1,37.4,39.9,41.3,42.1,39.7,37.7,33.9,31.5,31.3,32.2,33.2,34.5,35.6,37.4,37.9,38.9,40.7
12:19:42.000,NaN,49.7,NaN,47.4,46.8,43.4,46.5,49.7,43.9,45.4,49.0,52.1,48.0,45.3,51.5,46.1,45.8,44.6,41.5,40.7,39.7,38.6,36.6,40.5,41.8,43.0,43.5,39.8,36.5,32.8,31.1,32.4,33.0,34.3,35.7,37.3,37.8,38.9,40.6
12:19:43.000,NaN,47.2,NaN,47.1,46.1,42.9,47.3,50.9,46.4,44.6,46.9,50.5,46.3,41.9,50.1,45.9,42.9,44.3,41.9,40.2,40.8,37.2,35.1,39.3,40.2,40.1,40.5,36.6,33.0,31.3,31.1,32.0,33.2,34.3,35.6,37.4,37.9,39.0,40.6
12:19:44.000,NaN,46.5,NaN,47.9,47.0,43.8,40.8,51.5,41.3,43.8,47.1,50.0,45.2,44.2,49.4,43.2,44.2,44.3,42.0,40.5,39.6,38.2,35.0,38.9,39.9,38.4,38.5,35.1,31.7,31.1,31.3,32.0,33.3,34.5,35.4,37.4,37.8,39.0,40.6
12:19:45.000,NaN,47.1,NaN,46.4,42.0,40.5,47.2,44.2,40.7,44.1,48.4,51.5,45.6,44.8,52.2,44.0,43.2,44.2,42.9,40.3,39.6,37.4,36.9,40.4,38.7,40.1,37.8,37.5,33.6,31.6,31.0,32.3,33.0,34.6,35.5,37.2,37.8,38.9,40.6
12:19:46.000,NaN,47.3,NaN,47.6,44.1,43.8,46.3,50.0,46.5,41.1,45.9,50.5,43.1,44.4,50.0,43.8,43.1,43.5,41.7,41.3,40.6,37.6,37.4,37.9,40.5,40.0,39.7,36.9,34.2,32.3,31.4,32.0,33.2,34.4,35.6,37.3,37.8,39.1,40.5
12:19:47.000,NaN,47.1,NaN,48.0,47.1,41.9,47.4,53.4,45.2,45.0,48.4,51.7,44.2,43.9,48.0,43.7,43.6,41.1,43.0,41.7,40.1,36.7,36.6,38.3,39.0,39.5,40.5,36.4,35.6,32.6,31.4,32.2,33.1,34.6,35.5,37.4,37.9,39.0,40.6
12:19:48.000,NaN,47.0,NaN,44.3,46.6,42.4,49.8,51.6,41.7,43.3,46.5,49.7,46.7,45.5,49.3,43.0,45.2,44.7,43.4,42.3,40.1,37.2,38.0,37.9,39.8,39.8,38.6,35.5,34.6,31.7,31.2,32.2,33.1,34.5,35.7,37.3,37.8,39.0,40.5
12:19:49.000,NaN,46.7,NaN,44.4,42.6,43.0,44.8,50.5,42.9,48.3,47.0,50.6,46.2,46.2,51.1,43.0,42.8,43.7,42.3,41.5,39.5,37.3,37.5,39.1,38.5,40.4,36.8,35.8,33.7,31.0,31.2,31.8,33.0,34.2,35.5,37.3,37.7,38.8,40.5
12:19:50.000,NaN,50.5,NaN,39.9,46.2,43.7,43.9,50.9,47.0,52.3,51.1,51.6,47.4,45.8,52.0,45.5,43.1,45.7,46.0,45.6,43.0,39.4,40.3,45.8,43.3,43.9,39.8,36.1,34.5,31.1,31.4,32.5,33.2,34.5,35.5,37.4,37.7,39.1,40.7
12:19:51.000,NaN,50.8,NaN,45.0,44.8,43.7,46.1,48.9,47.2,47.1,49.8,54.6,45.7,49.2,51.7,47.5,47.1,47.7,47.6,46.7,44.8,41.7,40.9,45.1,44.1,43.0,41.1,36.5,35.4,31.1,31.1,31.9,33.2,34.5,35.5,37.3,37.8,38.8,40.7
12:19:52.000,NaN,51.1,NaN,45.6,40.5,47.0,47.5,49.2,47.1,51.4,51.7,53.0,51.8,49.8,51.9,47.1,45.1,46.0,47.7,47.5,45.8,41.3,43.4,45.8,44.8,43.1,39.7,36.3,34.6,32.1,31.6,32.0,33.1,34.5,35.5,37.2,38.0,38.9,40.5
12:19:53.000,NaN,53.0,NaN,44.7,47.1,46.3,40.6,50.0,43.9,46.6,51.6,53.7,50.4,48.9,52.2,49.6,49.3,46.2,49.2,48.3,45.4,41.8,47.0,49.1,46.2,44.5,41.7,36.8,34.0,31.7,31.3,32.0,33.4,34.5,35.6,37.5,37.8,38.8,40.5
12:19:54.000,NaN,90.0,NaN,46.1,44.2,46.1,48.7,50.5,46.5,55.5,48.3,51.2,50.0,51.2,58.5,64.8,73.8,85.6,79.8,79.8,83.8,74.9,84.0,83.1,85.2,81.8,78.8,74.2,69.7,63.1,55.6,46.7,39.0,35.2,35.6,36.8,37.8,38.9,40.7
12:19:55.000,NaN,89.2,NaN,36.7,42.7,42.6,44.4,52.4,72.6,82.2,82.9,74.8,74.3,76.2,70.0,68.0,79.6,88.6,82.2,83.1,78.6,70.9,82.3,81.7,84.1,82.1,80.5,75.1,72.8,65.6,55.0,43.6,35.1,34.6,35.8,36.9,38.0,38.9,40.5
12:19:56.000,NaN,100.7,NaN,43.5,47.2,60.0,71.0,81.0,86.5,91.2,91.0,88.1,104.2,101.2,102.7,94.8,94.5,94.9,95.4,96.0,94.5,88.7,91.0,94.7,93.3,93.2,90.4,85.5,83.0,81.9,78.1,74.5,72.0,70.3,65.2,64.2,60.8,57.2,53.5
12:19:57.000,NaN,102.5,NaN,42.9,48.9,86.9,92.9,89.7,109.4,116.1,115.0,110.2,112.3,109.9,107.8,99.3,98.6,97.0,97.6,97.3,94.9,89.4,94.1,97.0,95.9,93.9,92.2,88.0,86.0,84.4,80.7,76.2,72.4,69.2,64.9,59.0,54.5,49.0,45.9
12:19:58.000,NaN,103.8,NaN,61.7,70.1,91.3,106.9,112.6,116.9,121.3,118.9,113.1,112.5,112.2,110.3,99.7,99.1,98.4,99.6,99.9,96.2,91.9,94.8,97.9,95.6,95.7,94.7,89.7,86.0,85.2,79.3,77.3,72.3,69.1,64.1,59.8,54.2,49.1,46.1
12:19:59.000,NaN,103.8,NaN,82.3,90.0,108.5,116.2,116.8,115.6,117.6,115.9,111.8,115.2,111.1,111.7,100.9,99.7,101.1,101.4,100.5,97.4,93.3,95.5,97.1,96.8,94.8,94.2,90.5,85.8,84.6,79.6,76.5,72.8,69.1,65.7,61.5,55.9,51.1,47.0
12:20:00.000,NaN,103.5,NaN,92.3,95.4,111.0,115.4,115.3,118.1,120.4,117.7,114.7,112.2,111.6,108.7,101.6,103.9,104.0,103.1,99.9,94.7,92.8,95.1,95.4,95.8,93.9,93.0,91.0,87.3,87.3,83.1,79.0,75.2,72.6,67.9,62.7,57.7,51.9,45.8
12:20:01.000,NaN,106.4,NaN,96.1,103.6,111.4,111.5,119.5,117.8,119.2,115.7,106.4,109.6,106.6,102.3,105.3,105.2,104.6,103.5,100.3,95.8,93.2,95.5,98.1,97.9,98.0,96.9,94.1,92.1,92.3,89.6,87.1,85.6,83.9,80.9,78.5,75.4,71.3,66.5
12:20:02.000,NaN,109.2,NaN,99.3,108.4,114.6,114.2,116.7,114.1,111.3,113.7,111.8,110.6,107.1,107.1,108.1,109.0,107.4,107.8,103.1,99.5,97.5,100.4,101.0,101.4,100.3,97.9,96.8,95.8,94.9,91.3,88.2,86.0,83.5,80.7,77.2,73.0,69.0,63.5
12:20:03.000,NaN,110.5,NaN,104.6,106.2,109.6,115.8,114.4,111.4,115.0,115.2,111.8,113.0,111.4,111.4,112.5,112.2,111.2,107.9,104.3,101.4,100.6,103.5,104.5,103.8,101.0,96.8,96.7,93.9,92.4,91.3,88.4,86.2,83.7,80.9,77.3,73.7,70.4,64.4
12:20:04.000,NaN,112.5,NaN,102.1,111.2,111.9,111.4,108.8,112.0,115.4,111.9,114.5,114.5,110.9,112.7,115.0,112.5,110.6,108.2,103.6,98.9,101.7,105.7,106.8,103.2,101.2,102.8,100.8,99.7,97.3,95.0,92.7,91.7,90.0,87.5,85.1,81.7,78.8,74.2
12:20:05.000,NaN,113.7,NaN,106.3,103.8,110.1,104.7,109.7,111.6,105.7,112.3,112.4,115.0,115.0,115.1,114.1,113.2,110.1,107.7,102.8,99.3,105.4,107.0,107.0,102.9,102.8,104.1,100.8,101.3,99.2,97.9,95.6,94.3,92.8,90.3,88.5,86.0,83.4,78.3
12:20:06.000,NaN,111.9,NaN,107.9,109.1,110.5,107.1,109.0,108.2,111.6,113.2,113.6,119.0,119.6,117.9,116.4,113.1,111.5,107.0,100.1,103.2,105.7,106.8,104.3,100.7,102.8,100.9,100.1,98.2,97.4,95.3,92.2,91.4,89.4,87.0,85.0,82.8,79.3,74.5
12:20:07.000,NaN,111.0,NaN,100.7,108.6,107.3,107.5,106.2,112.5,117.8,116.1,117.3,120.4,118.5,119.3,116.6,112.9,110.1,103.2,97.6,105.8,107.4,105.4,100.6,98.5,101.0,98.5,99.3,97.5,96.4,94.9,92.8,91.7,90.1,87.1,85.0,82.3,79.0,74.9
12:20:08.000,NaN,113.7,NaN,104.4,101.1,104.6,106.2,111.6,112.9,116.2,118.0,119.4,118.9,118.7,114.1,114.7,111.9,107.7,98.5,104.7,108.2,109.1,107.7,103.0,105.2,104.2,102.3,99.5,99.6,98.2,95.6,95.2,93.0,91.2,89.4,87.7,85.3,82.6,77.9
12:20:09.000,NaN,113.6,NaN,98.3,101.0,100.6,108.5,113.3,114.9,117.6,118.9,121.8,120.5,117.8,115.4,115.8,109.6,105.4,99.9,108.2,109.9,109.5,106.2,101.9,106.5,102.0,103.1,101.1,100.1,98.4,97.3,95.6,94.6,92.5,91.0,89.1,87.4,84.4,80.3
12:20:10.000,NaN,112.7,NaN,99.8,104.3,102.3,108.8,108.7,118.5,120.1,120.1,120.1,118.7,117.7,115.9,112.9,109.1,101.3,104.6,109.4,110.0,108.5,104.5,104.3,104.5,100.8,100.1,99.0,98.4,97.3,95.1,93.9,93.6,91.2,89.3,87.7,85.0,82.4,77.9
12:20:11.000,NaN,111.5,NaN,98.6,95.8,105.7,111.1,114.6,117.5,123.4,120.3,120.7,117.6,119.8,116.6,112.0,106.0,98.8,107.0,110.5,108.0,106.8,101.6,104.9,99.3,101.6,98.8,97.3,95.8,95.1,93.6,91.9,91.0,89.1,87.2,84.5,81.9,78.5,74.5
12:20:12.000,NaN,111.4,NaN,91.5,102.1,105.1,115.9,115.5,119.5,119.1,123.6,117.7,115.4,117.0,114.9,110.6,102.2,100.8,108.0,108.2,109.1,105.7,104.1,104.2,100.7,100.5,99.3,97.7,96.9,95.7,94.5,93.1,91.3,88.9,87.4,85.9,83.5,80.8,76.5
12:20:13.000,NaN,111.5,NaN,93.8,94.6,114.4,115.5,117.3,117.0,125.2,121.8,120.4,117.9,115.6,112.9,109.4,97.9,106.6,109.4,109.6,109.2,102.6,106.0,102.8,103.6,100.6,99.5,98.6,96.8,95.0,92.3,91.4,89.9,88.2,86.3,84.7,82.6,79.1,75.9
12:20:14.000,NaN,111.0,NaN,100.1,106.0,113.7,111.9,118.2,118.4,119.1,121.1,117.0,118.7,116.0,112.8,105.2,97.1,107.5,108.5,110.0,108.3,100.3,105.6,100.0,102.2,100.8,98.7,98.1,97.3,94.0,92.4,91.1,89.8,88.1,85.5,83.5,81.5,78.7,73.5
12:20:15.000,NaN,110.6,NaN,99.6,107.7,115.3,117.3,116.3,118.0,120.4,116.9,118.0,115.5,112.9,109.2,102.6,101.5,108.4,110.2,109.1,105.8,103.5,104.9,101.9,101.0,100.5,99.2,97.6,96.0,94.7,92.4,90.1,88.5,87.5,84.8,82.6,81.1,78.1,73.0
12:20:16.000,NaN,111.0,NaN,102.3,115.8,110.5,116.1,115.3,119.0,116.4,118.0,118.1,114.6,112.7,107.2,98.0,104.8,109.1,108.8,109.9,103.2,106.3,104.0,102.6,100.3,100.5,100.1,98.1,96.8,95.9,92.4,91.6,89.3,88.0,85.9,84.0,82.1,79.4,74.5
12:20:17.000,NaN,109.6,NaN,107.2,106.4,118.4,117.0,119.5,115.2,115.7,114.3,117.8,112.8,111.2,106.5,97.2,105.7,108.0,108.9,109.2,100.6,105.9,100.3,103.3,101.1,99.1,97.4,96.5,95.2,92.5,90.6,89.0,87.6,85.0,82.5,79.7,76.3,74.1,69.6
12:20:18.000,NaN,109.6,NaN,109.7,112.1,112.4,113.4,118.2,113.7,120.1,115.2,116.3,113.4,108.7,102.4,96.2,104.7,107.3,108.9,106.1,100.5,105.9,100.6,101.5,101.2,98.7,98.2,97.2,95.7,93.6,91.8,89.6,87.3,85.1,82.4,79.0,76.8,73.8,69.5
12:20:19.000,NaN,107.8,NaN,106.4,107.6,115.7,116.6,114.2,114.4,116.9,117.3,113.5,111.1,106.7,100.4,100.0,106.0,107.6,109.3,103.5,102.0,103.5,99.2,99.0,98.8,97.9,96.6,94.4,92.6,91.6,89.6,87.8,85.8,84.0,80.8,78.1,75.7,73.2,68.8
12:20:20.000,NaN,106.3,NaN,107.6,110.1,114.4,116.0,110.8,114.3,115.5,112.5,111.2,111.8,108.2,97.6,100.7,105.2,106.5,107.0,100.5,101.4,101.3,99.8,97.9,96.6,96.0,93.6,92.5,91.0,89.6,86.2,84.6,82.2,79.6,77.7,75.7,71.0,69.1,64.1
12:20:21.000,NaN,105.0,NaN,112.2,111.6,116.1,111.4,113.8,113.7,111.4,113.9,111.7,110.4,104.6,97.4,102.6,104.3,106.0,107.8,99.2,101.2,100.8,99.3,96.4,95.6,95.0,92.2,91.6,89.5,87.8,84.2,82.5,80.2,76.7,73.6,69.9,65.2,61.5,55.6
12:20:22.000,NaN,104.5,NaN,108.3,111.8,112.9,113.0,112.7,111.4,113.2,115.0,113.8,110.8,103.8,94.6,101.5,103.6,104.6,105.6,95.8,99.9,98.6,98.8,95.9,95.2,93.6,92.9,91.4,89.0,87.0,85.3,83.0,79.7,77.8,74.1,71.4,67.5,63.8,58.5
12:20:23.000,NaN,103.8,NaN,110.6,107.5,115.1,112.4,110.2,113.5,109.5,113.2,110.9,107.0,103.4,93.7,100.5,104.9,105.9,103.8,95.0,100.5,98.3,99.0,95.6,93.7,92.2,91.7,89.7,89.4,87.0,85.1,82.1,79.0,76.0,74.1,70.2,66.9,60.8,56.0
12:20:24.000,NaN,102.0,NaN,110.6,113.1,109.2,112.8,112.7,113.8,110.2,114.2,110.9,104.8,101.7,91.7,100.0,101.3,104.2,102.1,94.2,99.2,95.7,96.9,93.4,92.9,90.7,90.0,88.9,86.7,84.9,82.9,80.4,77.2,74.1,70.6,66.7,62.6,57.2,51.1
12:20:25.000,NaN,100.7,NaN,110.6,113.7,112.6,112.5,106.4,110.8,109.3,111.5,106.6,105.2,98.3,94.4,100.0,102.0,102.5,101.6,93.4,97.9,93.0,94.0,93.3,90.8,90.1,88.5,87.9,85.1,83.0,80.3,77.5,74.3,69.6,65.8,60.4,56.8,51.3,45.4
12:20:26.000,NaN,100.6,NaN,109.5,111.7,111.0,111.5,109.6,110.5,109.2,110.1,106.7,102.6,97.9,93.7,98.7,100.2,101.8,100.1,94.1,97.2,93.5,93.9,92.9,91.3,91.1,88.2,87.9,86.2,83.9,81.2,78.0,74.7,71.1,66.6,61.8,56.0,49.2,44.0
12:20:27.000,NaN,99.7,NaN,109.6,110.0,109.0,108.4,107.7,110.7,108.9,110.7,103.5,103.6,96.9,93.3,97.7,99.8,102.0,99.0,94.3,97.6,92.9,93.6,92.7,90.4,89.4,87.1,85.1,83.8,80.7,77.2,74.0,70.6,65.8,61.4,57.0,49.1,44.8,42.1
12:20:28.000,NaN,96.3,NaN,108.6,106.5,108.3,114.0,108.8,107.0,107.8,108.1,104.9,99.7,92.2,93.0,99.4,100.1,99.1,94.5,92.1,94.5,89.4,89.9,88.7,86.7,83.9,81.2,79.9,77.6,74.3,70.5,66.1,62.3,55.0,49.8,43.6,38.9,39.3,41.0
12:20:29.000,NaN,96.1,NaN,109.9,106.0,110.1,108.7,112.1,106.1,107.0,107.0,102.0,100.3,90.9,90.3,97.0,98.6,99.7,93.5,94.0,94.9,91.3,89.5,89.0,86.7,84.8,82.3,80.5,78.3,74.8,70.5,66.5,60.9,54.4,46.8,40.0,38.5,39.2,41.1
12:20:30.000,NaN,95.7,NaN,108.9,106.5,107.9,104.9,108.3,105.8,103.7,105.6,102.2,100.7,93.0,90.9,96.1,97.9,99.1,93.5,92.1,93.7,90.0,89.6,88.1,86.7,83.8,81.6,78.6,76.4,72.2,68.3,63.5,59.2,53.8,47.1,42.2,39.2,39.3,41.1
12:20:31.000,NaN,96.1,NaN,102.7,108.6,109.0,103.7,106.2,105.4,105.6,105.4,102.2,99.2,89.6,92.3,96.8,98.4,100.3,92.5,93.8,93.2,89.9,90.0,88.9,87.1,83.6,81.9,80.5,78.2,74.5,73.1,69.0,64.1,59.8,55.6,48.3,41.7,39.8,41.1
12:20:32.000,NaN,92.7,NaN,99.9,106.3,105.1,106.9,106.4,107.3,101.3,104.0,99.6,98.8,89.9,92.0,94.0,96.3,97.9,91.0,92.0,90.3,88.3,85.4,84.0,82.6,78.9,77.4,75.4,72.0,68.0,64.6,60.6,55.4,49.3,43.2,38.9,38.3,39.3,40.9
12:20:33.000,NaN,91.7,NaN,93.9,95.1,101.8,105.9,106.3,106.0,104.1,104.2,100.6,97.3,87.4,92.6,96.1,94.8,95.9,89.2,91.0,90.2,86.8,85.3,83.9,81.9,79.5,76.6,73.5,70.7,66.4,62.5,57.8,51.6,44.5,37.8,37.2,38.1,39.0,40.9
12:20:34.000,NaN,90.8,NaN,107.7,106.1,109.1,107.3,102.7,104.0,104.2,103.4,99.7,95.2,83.2,89.0,95.2,94.3,95.8,86.9,90.1,87.7,86.2,84.1,81.8,81.2,78.0,76.3,73.1,69.2,65.2,58.8,52.6,44.5,38.5,35.9,36.8,37.9,39.0,40.8
12:20:35.000,NaN,89.7,NaN,103.8,107.1,101.2,110.1,102.6,105.1,100.9,100.0,97.3,94.2,85.1,91.0,94.7,92.6,94.4,87.7,88.8,87.6,85.2,82.2,81.3,78.4,74.3,70.6,68.8,64.0,59.2,51.8,44.1,37.2,34.8,35.7,36.9,38.2,39.1,40.8
12:20:36.000,NaN,90.8,NaN,103.2,100.9,99.6,105.9,100.7,98.3,100.3,100.7,95.8,92.8,82.6,91.4,94.5,94.6,96.5,86.6,89.8,88.3,87.7,83.9,82.3,79.5,76.6,73.5,70.4,66.0,61.9,55.1,48.5,40.7,35.6,36.0,36.9,38.1,39.1,40.8
12:20:37.000,NaN,91.0,NaN,104.7,102.1,100.8,100.0,101.6,104.0,99.8,101.5,97.6,94.7,84.5,88.7,92.7,94.9,94.0,84.5,90.6,89.0,87.8,85.7,82.2,80.3,77.2,75.5,72.2,70.1,67.5,60.7,56.5,51.1,44.6,39.0,37.2,37.9,39.0,40.7
12:20:38.000,NaN,89.6,NaN,107.7,104.6,103.8,105.4,103.4,103.0,102.5,100.6,97.4,91.1,82.6,87.4,93.6,93.8,92.8,86.1,88.5,85.9,86.6,83.7,82.1,79.0,76.8,73.3,69.9,65.7,59.6,52.9,46.0,38.9,35.5,35.9,36.9,37.9,38.9,40.8
12:20:39.000,NaN,88.8,NaN,98.8,100.3,102.4,102.3,106.1,97.9,100.5,97.7,97.4,92.6,82.6,91.2,93.4,92.5,94.2,84.3,90.0,86.1,85.2,81.7,78.4,76.5,72.8,69.5,67.7,64.5,58.9,51.8,44.0,36.4,34.8,35.7,36.9,38.0,38.9,40.8
12:20:40.000,NaN,85.9,NaN,100.4,105.4,102.3,101.4,98.9,100.4,101.5,99.2,96.1,90.4,83.4,86.6,91.2,92.5,90.6,82.1,87.0,85.0,83.4,81.0,78.5,74.9,71.8,66.4,60.9,56.9,49.2,38.3,32.6,33.4,34.5,35.6,36.8,38.1,38.9,40.6
12:20:41.000,NaN,83.2,NaN,102.2,103.0,101.1,97.8,97.5,99.9,100.2,97.4,95.9,89.8,83.3,86.3,89.4,89.9,89.3,81.6,84.4,81.2,78.8,75.6,71.9,67.8,63.9,60.8,58.3,55.6,48.4,38.5,32.4,33.2,34.5,35.8,36.9,37.9,39.0,40.6
12:20:42.000,NaN,81.7,NaN,104.3,101.2,99.1,97.6,97.9,97.7,99.9,95.4,95.0,89.0,79.1,85.4,88.3,89.3,88.6,79.9,83.1,79.3,77.1,72.9,68.5,65.1,62.0,60.0,57.7,55.4,48.9,37.6,32.3,33.3,34.5,35.8,36.9,37.9,38.9,40.6
12:20:43.000,NaN,79.9,NaN,97.6,101.3,99.4,98.5,100.2,95.8,96.3,93.5,90.4,88.7,80.2,84.0,87.1,86.8,87.1,76.8,81.3,76.4,76.8,72.3,68.3,65.0,61.9,60.4,58.6,55.3,49.3,38.9,32.7,33.2,34.3,35.7,36.7,37.9,38.8,40.6
12:20:44.000,NaN,79.8,NaN,103.3,96.5,95.9,95.1,90.0,98.1,95.4,95.6,92.1,86.0,80.4,84.1,87.9,87.5,85.1,75.8,79.8,76.5,76.1,72.2,67.7,65.3,62.2,60.2,58.3,56.8,49.1,39.0,32.6,33.3,34.5,35.6,36.7,37.9,38.9,40.5
12:20:45.000,NaN,78.3,NaN,100.5,99.6,94.0,95.9,90.9,93.1,95.1,94.6,87.6,85.0,78.5,83.0,87.5,86.9,84.7,76.3,78.3,74.1,71.5,67.8,63.3,65.3,63.9,60.7,58.4,56.7,51.4,39.9,33.1,33.4,34.5,35.6,36.9,37.9,38.8,40.6
12:20:46.000,NaN,78.2,NaN,97.1,97.1,96.4,93.9,96.8,93.1,95.9,92.6,89.5,82.6,78.5,82.0,87.1,86.2,84.4,73.8,75.3,72.6,70.5,68.2,65.0,68.0,68.0,65.4,62.1,60.0,52.6,44.0,33.4,33.3,34.5,35.6,36.8,37.9,38.9,40.7
12:20:47.000,NaN,78.3,NaN,91.7,95.4,96.7,91.8,93.4,98.7,92.3,93.7,91.4,85.8,79.3,83.9,85.9,83.2,82.9,76.4,78.4,75.1,73.8,70.3,66.1,66.5,65.7,63.2,61.3,56.6,50.8,39.3,32.5,33.3,34.5,35.6,36.8,37.9,38.8,40.5
12:20:48.000,NaN,78.6,NaN,90.6,93.4,95.5,97.0,96.6,92.3,92.0,90.9,87.2,84.2,80.0,85.7,86.3,87.2,84.0,76.5,78.7,72.9,72.5,68.9,65.9,65.4,65.6,63.5,61.5,57.9,50.7,40.3,32.8,33.3,34.5,35.7,36.7,37.9,39.0,40.6
12:20:49.000,NaN,75.9,NaN,93.1,92.9,96.1,92.2,93.6,94.5,95.4,91.5,88.5,84.2,78.5,83.0,85.6,83.9,82.5,73.2,75.2,69.8,67.4,63.4,63.1,64.0,63.9,62.9,61.5,59.0,51.3,41.5,32.8,33.2,34.4,35.9,37.0,37.9,39.0,40.5
12:20:50.000,NaN,75.6,NaN,93.9,94.3,94.6,95.1,93.4,94.1,94.2,91.4,86.0,85.0,76.4,81.5,83.5,82.6,81.0,71.9,74.5,68.6,67.9,67.6,64.9,64.5,63.7,62.9,61.0,58.4,50.7,41.2,32.8,33.3,34.4,35.4,36.7,37.9,38.9,40.6
12:20:51.000,NaN,76.8,NaN,92.8,95.3,93.5,94.5,90.7,93.6,91.9,91.0,89.3,83.0,77.9,80.7,84.6,83.6,81.5,72.6,73.1,68.5,68.5,63.5,62.1,64.5,67.5,67.0,63.3,60.4,53.5,43.7,33.8,33.2,34.4,35.7,36.9,37.7,38.8,40.6
12:20:52.000,NaN,76.1,NaN,96.2,92.0,94.9,93.2,93.8,89.7,90.1,90.6,88.5,84.0,77.1,80.4,82.9,82.6,80.4,70.6,73.8,67.4,66.9,62.9,62.6,66.7,68.5,67.0,63.9,61.3,55.7,44.2,33.4,33.4,34.5,35.4,37.0,37.8,38.9,40.6
12:20:53.000,NaN,75.2,NaN,92.7,97.5,93.2,92.2,91.8,93.4,93.8,90.3,86.1,84.9,76.0,81.1,82.1,81.5,79.6,69.6,72.7,66.6,64.9,62.7,64.4,67.3,65.2,63.5,61.6,58.4,52.0,42.0,32.9,33.4,34.5,35.6,36.8,37.9,39.0,40.6
12:20:54.000,NaN,74.8,NaN,93.5,96.4,93.4,92.8,92.6,88.3,86.5,90.4,87.1,82.9,77.4,79.5,82.9,80.1,80.0,68.0,72.5,67.1,64.4,60.4,63.8,66.9,66.9,63.3,59.6,58.0,52.5,41.9,32.9,33.3,34.3,35.6,36.8,37.9,38.9,40.4
12:20:55.000,NaN,75.8,NaN,91.3,93.4,86.6,89.1,92.5,95.4,88.1,88.1,86.8,81.8,74.9,79.3,82.7,80.6,79.7,68.8,71.7,65.9,64.3,61.1,63.4,68.7,69.3,66.4,61.7,58.9,52.1,40.1,32.9,33.2,34.4,35.6,36.9,37.9,38.9,40.6
12:20:56.000,NaN,74.0,NaN,92.3,95.0,96.9,96.1,91.0,95.6,88.6,87.0,85.9,83.3,75.9,78.9,79.2,80.1,77.8,68.8,71.4,66.3,63.8,60.8,63.1,66.9,66.8,63.7,60.5,58.9,52.8,41.4,33.3,33.3,34.6,35.7,36.8,37.7,38.7,40.5
12:20:57.000,NaN,73.7,NaN,93.3,91.1,91.1,91.3,91.7,91.3,92.0,87.6,87.9,79.9,74.8,79.7,81.5,79.3,76.4,66.3,69.1,62.1,60.5,58.8,62.8,66.6,66.9,62.8,58.2,56.7,52.1,40.0,32.8,33.3,34.4,35.6,36.9,37.8,38.8,40.6
12:20:58.000,NaN,73.4,NaN,92.2,89.5,95.2,92.6,89.4,92.4,89.2,87.5,83.9,80.3,77.2,79.5,81.4,79.7,79.1,69.3,70.8,64.5,63.1,60.1,61.7,66.4,65.5,60.9,57.9,54.2,50.3,39.0,32.5,33.3,34.5,35.7,36.7,37.8,39.0,40.6
12:20:59.000,NaN,72.5,NaN,92.4,91.8,92.6,91.1,91.1,91.1,89.0,88.4,85.9,82.2,72.9,79.7,79.7,78.6,76.8,67.6,69.1,63.4,60.9,58.2,59.8,63.1,65.5,62.2,59.8,54.6,50.2,39.8,32.8,33.3,34.5,35.6,36.9,37.8,38.8,40.6
12:21:00.000,NaN,74.1,NaN,92.5,93.6,91.4,91.8,91.6,92.9,90.8,86.3,84.6,78.1,73.9,78.4,77.2,76.8,74.7,66.6,69.4,61.9,60.9,57.7,61.0,64.7,68.0,66.5,63.4,58.3,53.3,42.7,32.9,33.4,34.5,35.5,36.8,38.0,38.9,40.7
12:21:01.000,NaN,75.0,NaN,93.1,94.6,93.2,92.4,89.2,90.8,89.2,87.8,83.8,81.4,74.7,77.9,80.0,77.2,74.9,67.9,70.8,63.4,62.1,58.4,62.0,65.8,68.1,67.7,65.4,60.9,53.1,44.0,33.7,33.2,34.4,35.5,36.7,37.9,38.9,40.6
12:21:02.000,NaN,72.8,NaN,96.8,89.8,94.3,91.7,88.9,92.3,89.1,87.7,83.5,80.3,75.4,77.1,79.2,78.4,76.8,68.5,67.6,61.5,60.9,57.3,61.9,63.7,64.6,63.5,61.5,58.4,51.3,42.1,32.9,33.3,34.5,35.7,36.8,37.9,38.9,40.6
12:21:03.000,NaN,72.9,NaN,92.6,93.2,94.2,94.8,93.4,90.5,86.2,86.2,86.6,82.2,73.2,78.0,78.5,76.9,76.0,66.3,68.1,59.9,59.9,57.5,60.6,62.3,65.6,65.3,62.2,57.5,49.6,40.0,32.4,33.4,34.3,35.8,36.8,38.0,38.9,40.6
12:21:04.000,NaN,73.9,NaN,92.6,93.3,93.7,94.3,90.3,89.6,88.4,85.8,85.4,80.2,73.4,77.9,80.2,78.9,75.7,67.0,68.9,61.7,60.0,57.8,58.7,65.4,67.4,65.8,63.1,57.3,50.0,39.6,32.5,33.4,34.4,35.6,36.8,37.8,38.8,40.6
12:21:05.000,NaN,74.3,NaN,77.6,97.7,95.4,89.7,94.9,88.3,89.8,89.8,82.9,79.1,73.7,79.1,80.2,78.0,74.4,66.9,68.8,60.4,56.6,56.0,59.6,67.7,68.3,66.0,62.8,59.5,52.6,40.1,32.5,33.1,34.4,35.7,37.0,37.9,38.8,40.5
12:21:06.000,NaN,73.1,NaN,86.9,92.5,90.1,93.3,92.7,91.3,91.0,90.1,85.2,77.8,73.6,80.1,80.6,80.0,77.2,67.9,70.7,61.9,60.5,56.0,59.0,62.9,65.4,63.0,58.8,56.9,51.5,38.5,32.3,33.2,34.5,35.6,36.8,38.0,38.9,40.5
12:21:07.000,NaN,70.9,NaN,90.8,93.9,99.5,92.8,90.2,92.4,90.4,88.8,86.1,78.8,74.4,80.0,81.2,79.8,76.8,67.0,68.6,60.7,59.9,56.2,59.0,59.5,60.8,60.1,56.8,53.9,46.7,36.9,32.2,33.3,34.5,35.6,36.9,37.9,39.0,40.6
12:21:08.000,NaN,70.6,NaN,95.4,96.4,93.6,88.8,91.2,91.3,89.9,86.4,84.1,79.1,75.5,77.6,79.8,76.5,76.1,66.5,68.3,60.4,57.7,55.4,59.1,59.6,60.3,61.9,59.1,55.3,48.0,36.3,32.6,33.2,34.5,35.7,36.9,37.8,38.8,40.6
12:21:09.000,NaN,71.3,NaN,94.9,93.1,88.6,90.5,94.5,93.3,89.3,87.0,83.4,78.8,74.5,75.8,79.7,75.2,73.7,63.9,65.5,57.8,55.8,54.7,59.7,61.0,62.0,63.9,59.5,55.4,47.3,37.4,32.4,33.3,34.4,35.5,36.9,38.0,38.8,40.5
12:21:10.000,NaN,73.3,NaN,92.0,88.2,92.7,93.6,89.8,90.5,90.1,85.9,83.5,77.1,73.0,77.4,80.5,78.5,74.5,65.9,69.2,61.0,61.5,58.2,61.4,65.0,66.4,65.2,60.2,55.3,47.7,37.5,32.5,33.6,34.4,35.4,36.9,37.7,38.9,40.5
12:21:11.000,NaN,73.6,NaN,92.6,93.2,92.1,93.7,90.5,91.9,89.9,88.6,87.6,80.8,73.3,78.1,78.9,77.2,74.6,64.5,66.3,57.5,56.8,57.1,61.5,65.4,67.8,66.5,61.0,58.7,52.1,40.2,32.7,33.6,34.4,35.6,36.8,37.8,38.9,40.6
12:21:12.000,NaN,73.5,NaN,90.8,91.7,95.5,94.2,92.4,89.2,91.1,86.4,85.5,78.2,74.5,76.4,78.4,78.1,73.6,63.6,67.8,58.5,57.6,58.6,62.7,64.5,67.5,65.3,61.2,59.3,53.3,41.7,33.2,33.4,34.5,35.6,36.6,37.7,38.9,40.5
12:21:13.000,NaN,72.4,NaN,97.4,81.8,93.5,94.2,91.2,86.4,87.3,88.3,82.3,78.4,73.3,77.2,79.6,78.4,74.7,64.9,67.5,57.9,57.5,57.9,61.8,64.3,65.3,62.7,62.2,57.3,53.4,41.3,33.3,33.1,34.4,35.8,36.8,37.8,38.8,40.6
12:21:14.000,NaN,71.0,NaN,93.2,90.1,92.6,93.5,91.6,87.8,89.9,89.0,84.0,79.9,72.8,75.4,78.5,75.4,70.8,61.4,63.8,56.3,55.6,57.7,58.5,61.9,65.3,63.5,59.8,55.7,49.1,40.2,32.6,33.3,34.4,35.7,36.8,37.9,38.8,40.5
12:21:15.000,NaN,70.8,NaN,93.3,97.8,91.6,93.4,92.1,89.3,89.3,87.0,83.2,77.5,72.3,77.3,77.2,73.7,71.1,59.3,63.9,56.2,56.6,55.6,57.3,60.8,63.4,63.6,61.7,57.4,49.8,39.3,32.3,33.1,34.4,35.6,36.9,38.0,38.8,40.7
12:21:16.000,NaN,70.7,NaN,95.0,92.3,89.2,94.4,89.0,90.3,89.1,81.1,83.6,77.0,72.2,74.7,77.6,75.1,71.7,62.2,63.3,57.2,55.2,55.4,57.8,61.0,62.9,63.4,61.2,58.6,49.9,39.0,32.6,33.3,34.5,35.5,37.0,37.8,38.9,40.6
12:21:17.000,NaN,72.0,NaN,89.3,86.9,88.9,88.4,93.3,87.4,89.2,83.6,84.7,77.3,70.6,75.9,79.0,72.2,71.3,59.6,64.2,56.5,56.1,57.3,60.3,62.9,64.0,64.2,62.2,61.0,50.1,38.8,32.5,33.3,34.4,35.7,36.7,37.8,38.8,40.5
12:21:18.000,NaN,73.1,NaN,92.4,91.0,87.6,88.3,89.2,88.4,83.3,83.9,82.3,78.1,71.6,78.6,77.9,76.2,72.9,63.9,62.7,55.1,55.0,59.1,62.7,66.3,66.2,65.9,60.1,60.4,50.5,39.4,32.7,33.5,34.4,35.7,36.8,37.9,38.9,40.6
12:21:19.000,NaN,74.2,NaN,89.6,90.2,88.6,89.5,89.6,91.1,85.4,82.8,81.6,77.5,70.6,74.5,77.6,74.6,70.2,60.5,62.7,55.8,55.9,61.4,64.0,66.7,68.1,67.5,63.0,59.5,52.3,40.4,32.8,33.2,34.4,35.7,36.9,37.9,38.9,40.5
12:21:20.000,NaN,75.8,NaN,86.9,79.4,91.4,89.6,87.4,86.6,85.3,85.3,81.1,78.3,73.8,74.0,76.6,74.7,71.7,61.8,63.6,56.8,56.0,60.2,63.7,68.1,70.4,69.8,65.0,62.8,55.3,41.9,32.9,33.2,34.3,35.4,36.7,37.9,39.0,40.5
12:21:21.000,NaN,74.6,NaN,88.1,92.4,91.8,85.3,88.3,88.8,87.0,84.7,81.1,75.2,72.2,73.2,76.0,72.5,68.2,58.8,61.1,55.0,54.4,58.0,62.5,66.9,70.0,68.1,63.5,61.6,54.8,41.7,32.9,33.3,34.6,35.7,36.9,37.8,38.8,40.5
12:21:22.000,NaN,70.3,NaN,88.4,93.7,86.8,88.6,86.0,88.7,85.7,84.9,79.4,75.4,69.0,70.6,73.1,72.2,68.3,61.5,61.7,53.6,51.7,57.3,61.1,63.0,63.9,62.0,60.2,55.9,50.7,40.2,32.6,33.3,34.4,35.6,36.8,38.0,38.9,40.5
12:21:23.000,NaN,70.5,NaN,88.7,82.6,87.0,86.5,88.5,84.8,85.3,84.4,80.0,73.9,71.1,72.7,76.3,74.1,68.0,60.9,61.9,55.5,52.8,57.4,59.7,61.9,62.4,63.4,61.0,55.8,50.6,41.3,32.7,33.4,34.5,35.7,36.7,37.9,39.0,40.6
12:21:24.000,NaN,68.6,NaN,93.5,90.7,88.9,83.2,86.2,85.7,88.0,83.6,80.6,76.8,69.2,73.9,76.2,73.4,70.3,62.0,63.7,55.1,54.3,55.6,55.7,59.8,60.3,60.8,58.8,53.8,47.6,38.1,32.3,33.4,34.4,35.6,36.8,38.0,38.9,40.7
12:21:25.000,NaN,68.1,NaN,86.6,88.1,92.1,89.5,88.9,89.7,87.0,82.2,78.4,75.4,71.3,72.1,76.2,72.9,69.1,60.5,61.5,53.3,52.1,53.1,56.2,57.5,61.4,60.4,57.4,53.7,46.7,37.5,32.6,33.3,34.7,35.8,36.9,37.9,38.9,40.5
12:21:26.000,NaN,67.7,NaN,88.8,91.2,88.7,90.7,89.2,90.0,85.8,83.7,82.4,77.9,72.0,73.1,74.6,72.9,67.0,58.9,57.9,51.9,51.7,52.8,54.8,57.4,60.7,61.0,57.2,54.2,47.9,36.7,32.7,33.2,34.4,35.7,37.0,37.9,38.7,40.6
12:21:27.000,NaN,67.7,NaN,88.4,84.9,93.5,94.3,86.7,86.0,85.1,82.6,77.9,77.3,70.0,71.6,75.4,73.1,66.0,57.0,59.8,54.6,52.5,52.2,56.6,57.9,59.5,59.8,57.5,56.8,47.0,37.3,32.8,33.3,34.3,35.7,36.8,37.8,38.8,40.5
12:21:28.000,NaN,68.5,NaN,89.9,81.4,88.6,90.5,90.5,88.8,80.7,83.4,80.8,76.0,71.3,69.1,72.7,70.8,66.8,58.3,58.2,53.1,51.7,52.8,57.7,60.1,62.2,60.0,58.7,57.1,47.5,37.6,32.2,33.5,34.4,35.6,36.8,38.0,38.9,40.6
12:21:29.000,NaN,69.6,NaN,87.3,85.3,89.0,91.9,83.5,86.4,85.7,83.3,80.3,77.4,69.5,70.8,76.3,74.8,69.5,58.6,59.8,52.6,52.3,53.1,60.4,62.2,62.3,61.2,58.1,55.2,48.7,37.8,32.5,33.1,34.5,35.8,36.8,38.0,39.0,40.7
12:21:30.000,NaN,70.0,NaN,88.1,88.1,85.7,89.1,89.9,85.3,85.8,82.4,78.9,76.7,70.2,71.6,73.1,72.6,67.0,56.3,57.7,52.5,51.9,54.7,60.9,65.0,64.3,60.5,56.9,56.4,49.6,36.9,32.3,33.1,34.5,35.6,36.8,37.9,38.9,40.5
12:21:31.000,NaN,72.9,NaN,88.7,86.0,86.6,86.1,86.0,85.6,84.1,82.5,79.3,73.6,71.8,72.5,73.1,71.7,65.2,58.5,58.4,52.3,52.6,56.3,62.4,66.8,68.5,64.2,60.0,57.8,52.7,37.6,32.6,33.3,34.5,35.6,36.7,37.9,39.0,40.7
12:21:32.000,NaN,73.8,NaN,85.9,86.9,86.5,87.8,86.7,89.2,85.1,84.7,82.0,73.2,72.4,69.8,73.3,69.0,64.9,56.9,57.6,51.9,52.1,56.6,63.9,66.9,68.8,65.7,63.4,62.1,51.6,39.6,32.9,33.5,34.4,35.6,36.8,37.8,38.9,40.6
12:21:33.000,NaN,72.9,NaN,85.5,86.0,88.0,90.4,85.7,88.9,83.7,81.1,80.1,76.3,69.8,71.5,73.5,71.9,65.8,58.4,59.2,52.7,54.8,56.6,62.0,66.2,65.8,64.9,64.9,61.2,55.7,44.1,33.4,33.1,34.4,35.6,36.8,38.0,38.8,40.6
12:21:34.000,NaN,71.4,NaN,85.4,87.3,86.6,85.5,85.3,88.7,82.8,81.7,76.5,73.0,69.3,71.4,71.6,71.5,65.3,57.3,57.6,52.4,54.0,56.7,61.1,64.5,63.8,64.5,63.3,58.4,53.6,43.5,32.9,33.3,34.4,35.7,36.8,38.0,38.8,40.5
12:21:35.000,NaN,73.3,NaN,81.7,91.5,88.4,90.0,85.6,84.5,83.6,81.0,77.4,75.7,70.3,69.1,72.0,70.8,63.7,56.7,55.2,51.8,54.3,56.2,61.2,64.2,66.6,67.1,65.9,58.9,52.5,42.1,32.9,33.4,34.4,35.6,36.8,37.9,38.9,40.5
12:21:36.000,NaN,74.3,NaN,86.6,86.3,87.5,83.7,88.5,84.2,81.4,82.0,79.5,76.7,70.8,72.1,74.6,73.3,66.9,59.4,58.2,53.8,55.0,56.3,60.0,64.9,66.8,68.9,67.7,59.5,52.7,41.5,32.7,33.5,34.7,35.6,36.9,38.0,38.9,40.5
12:21:37.000,NaN,72.0,NaN,80.7,84.3,87.0,91.9,86.0,81.6,83.2,83.4,79.8,76.4,69.9,70.6,75.2,73.2,66.5,59.6,61.2,54.0,56.6,55.1,58.5,63.3,65.8,66.8,62.1,54.8,48.9,39.8,32.4,33.0,34.4,35.6,36.7,37.8,38.9,40.6
12:21:38.000,NaN,71.1,NaN,76.7,84.7,88.1,83.7,84.7,84.1,83.6,83.9,78.9,77.0,71.4,71.7,74.4,73.0,68.0,58.9,58.6,54.0,54.8,53.2,57.4,63.0,65.7,64.6,60.9,54.6,50.2,40.4,32.8,33.4,34.5,35.6,37.0,37.8,38.9,40.6
12:21:39.000,NaN,71.4,NaN,82.7,82.8,81.2,87.8,88.0,79.4,81.2,83.7,78.8,74.9,69.8,70.9,73.5,72.6,66.3,56.8,55.0,51.7,54.4,54.2,57.2,63.2,65.7,65.0,63.3,56.7,50.9,40.3,32.8,33.2,34.7,35.5,36.8,37.9,38.9,40.5
12:21:40.000,NaN,72.5,NaN,79.9,90.5,89.4,84.6,81.1,85.8,80.1,81.0,77.3,73.4,70.1,70.3,70.1,68.3,63.2,55.4,54.0,51.9,53.3,54.5,57.8,63.2,66.6,66.4,64.6,59.2,51.7,41.1,33.0,33.3,34.5,35.7,36.8,38.0,38.8,40.5
12:21:41.000,NaN,71.2,NaN,83.2,87.8,86.0,89.8,86.9,87.2,86.1,82.6,75.9,74.7,71.2,67.2,67.4,65.9,62.4,56.2,54.5,52.5,52.5,55.2,59.6,62.9,65.2,65.4,62.2,58.7,50.5,40.0,32.8,33.3,34.4,35.6,36.7,37.9,38.9,40.6
12:21:42.000,NaN,70.0,NaN,88.7,88.1,87.6,88.3,87.0,85.6,78.9,79.8,78.0,75.6,69.7,68.0,70.4,68.7,63.0,56.0,53.1,50.6,52.5,56.0,59.2,63.3,63.8,64.5,59.0,55.2,47.8,39.4,32.5,33.4,34.3,35.6,36.8,38.0,38.8,40.5
12:21:43.000,NaN,70.2,NaN,82.1,84.9,86.7,87.0,85.2,84.3,83.4,78.4,75.5,69.1,70.1,67.4,70.0,69.7,63.2,55.6,56.6,52.6,52.9,55.0,57.2,64.2,63.9,64.0,60.7,55.4,47.7,37.9,32.8,33.3,34.8,35.8,36.9,38.0,38.8,40.6
12:21:44.000,NaN,71.7,NaN,86.8,80.3,86.9,84.1,82.9,85.4,82.5,78.9,75.2,72.4,70.1,69.3,68.6,67.2,60.2,53.2,53.6,51.4,51.8,54.3,58.7,64.8,66.6,65.0,61.7,57.0,48.6,38.6,32.6,33.5,34.4,35.7,36.9,37.9,38.6,40.6
12:21:45.000,NaN,71.5,NaN,84.6,85.7,88.7,88.9,86.0,81.3,77.0,80.0,74.4,72.5,70.5,68.9,69.4,66.8,58.3,53.2,52.9,48.9,52.2,52.5,59.2,63.7,66.1,65.8,61.5,57.6,48.2,38.8,32.6,33.3,34.5,35.9,36.8,38.0,39.0,40.6
12:21:46.000,NaN,70.6,NaN,74.9,89.3,85.6,82.5,87.5,82.1,80.7,80.2,76.7,68.4,67.6,67.6,69.2,67.7,63.0,54.9,53.8,50.9,51.8,53.7,58.7,63.2,64.9,63.1,62.5,58.6,48.2,38.6,32.7,33.5,34.5,35.7,36.8,37.9,38.8,40.6
12:21:47.000,NaN,69.3,NaN,81.4,85.7,87.9,84.6,84.8,83.7,79.2,78.2,74.3,68.5,69.0,69.5,66.9,69.8,62.4,54.3,52.4,48.5,50.6,53.4,57.9,60.2,62.2,62.8,62.1,56.4,47.2,38.9,32.5,33.5,34.6,35.8,36.8,37.9,38.9,40.5
12:21:48.000,NaN,68.7,NaN,81.7,84.3,82.7,84.5,83.8,82.1,78.3,79.2,76.7,73.2,68.1,70.1,66.6,65.7,59.2,51.1,51.0,49.3,51.1,54.0,56.6,60.7,62.9,62.6,60.8,54.7,46.8,38.2,32.5,33.4,34.3,35.5,36.9,37.9,38.9,40.6
12:21:49.000,NaN,68.8,NaN,83.3,84.1,84.1,85.2,81.4,83.9,77.8,76.9,75.4,72.2,67.9,67.7,66.9,64.2,58.0,50.5,49.6,48.0,50.0,53.6,55.4,59.4,62.8,62.5,61.1,56.8,49.0,38.8,32.9,33.3,34.5,35.6,36.8,37.8,38.9,40.5
12:21:50.000,NaN,69.1,NaN,80.7,87.3,85.2,81.2,81.0,81.3,81.9,76.3,73.2,71.2,69.0,67.0,65.8,64.5,59.8,50.6,48.5,48.2,49.9,53.0,56.7,59.7,61.9,62.5,61.9,58.5,51.3,40.7,33.1,33.1,34.6,35.7,36.8,38.1,38.9,40.6
12:21:51.000,NaN,69.0,NaN,86.6,81.1,83.6,86.3,82.1,82.5,80.9,77.2,73.7,70.7,65.7,66.3,64.8,64.5,58.1,51.9,48.4,47.5,49.4,53.7,56.3,59.4,62.6,63.0,61.3,58.3,50.6,40.3,32.4,33.2,34.5,35.8,37.0,38.0,38.8,40.6
12:21:52.000,NaN,68.2,NaN,79.6,81.7,83.8,85.5,85.7,81.1,80.7,80.3,73.4,73.9,67.8,66.5,67.7,67.8,58.2,52.5,51.2,49.7,50.2,52.9,55.7,58.6,61.5,62.2,60.1,55.0,48.4,36.4,32.1,33.2,34.5,35.6,36.7,37.8,38.9,40.6
12:21:53.000,NaN,68.7,NaN,86.6,83.3,86.0,82.9,77.4,86.0,81.8,78.1,76.7,74.0,69.5,67.5,70.0,72.2,66.4,54.7,54.5,52.3,52.0,54.3,55.8,60.6,62.1,61.8,60.5,54.7,48.9,37.0,32.3,33.4,34.3,35.9,36.8,37.9,38.8,40.5
12:21:54.000,NaN,71.0,NaN,86.6,78.5,82.8,87.0,85.5,85.6,79.5,81.3,81.1,73.6,67.8,65.7,71.0,68.2,61.8,54.0,51.6,52.0,51.3,53.6,58.2,63.0,65.6,64.5,61.7,55.1,48.7,38.2,32.6,33.1,34.2,35.6,36.9,38.0,39.0,40.6
12:21:55.000,NaN,75.9,NaN,83.1,85.9,86.6,84.4,85.6,85.2,80.3,77.5,79.2,70.1,69.7,67.1,66.6,67.7,61.5,53.4,52.5,51.4,52.5,56.0,64.5,69.7,70.1,70.0,66.5,57.0,52.2,41.6,32.7,33.3,34.6,35.6,36.9,38.0,38.9,40.6
12:21:56.000,NaN,78.4,NaN,82.8,86.3,86.4,84.4,85.3,82.6,77.3,77.3,74.8,71.4,63.3,66.3,67.0,67.3,59.9,54.4,53.4,51.9,54.5,58.8,64.8,71.2,72.4,72.9,69.7,62.4,56.5,46.6,34.4,33.5,34.5,35.5,37.1,37.9,38.8,40.6
12:21:57.000,NaN,76.3,NaN,78.9,88.3,87.7,86.7,83.4,78.9,78.1,75.8,74.5,72.1,67.0,64.7,67.1,68.5,62.9,54.0,53.8,53.2,55.3,60.3,65.3,68.6,69.0,71.0,69.0,62.9,56.4,48.2,34.1,33.2,34.4,35.9,36.9,37.9,38.9,40.5
12:21:58.000,NaN,72.4,NaN,84.6,83.1,84.1,85.2,81.3,82.1,79.9,77.3,75.0,72.5,67.7,65.7,67.5,66.9,62.1,54.5,52.3,52.9,54.1,60.8,62.3,65.5,64.6,66.4,64.4,59.7,55.4,45.9,33.5,33.3,34.6,35.6,36.8,38.0,38.8,40.6
12:21:59.000,NaN,71.1,NaN,85.3,83.8,80.2,84.2,81.2,81.1,77.1,78.8,74.4,70.4,67.6,65.1,64.8,64.7,57.5,52.8,53.0,52.1,53.5,57.1,58.8,63.4,64.5,64.2,64.4,58.9,50.9,42.0,32.7,33.1,34.7,35.8,36.8,37.9,38.9,40.5
12:22:00.000,NaN,70.1,NaN,82.2,80.2,85.2,83.5,79.6,81.3,75.8,74.8,75.2,68.7,67.2,64.8,64.0,63.8,58.7,53.0,52.4,51.0,50.9,53.5,59.2,62.0,63.7,64.3,62.2,56.3,49.1,40.0,32.7,33.3,34.4,35.7,36.9,37.9,39.0,40.5
12:22:01.000,NaN,69.8,NaN,83.0,86.7,82.8,81.8,78.9,82.8,77.9,77.4,75.3,68.9,64.0,65.8,66.3,65.4,60.4,52.7,52.9,49.2,51.4,53.4,58.8,62.2,62.5,63.5,62.5,57.6,50.0,39.3,32.6,33.2,34.6,35.6,36.9,37.9,38.9,40.7
12:22:02.000,NaN,70.3,NaN,78.3,83.0,85.6,88.8,83.6,80.9,78.9,76.1,72.5,72.1,65.5,65.9,66.6,65.1,59.1,51.2,51.4,50.4,52.5,54.4,58.5,60.2,63.3,63.7,62.9,60.6,52.8,41.6,32.7,33.4,34.4,35.8,36.9,37.9,38.9,40.6
12:22:03.000,NaN,70.7,NaN,85.5,83.9,84.6,80.4,83.2,79.7,77.7,77.0,77.6,71.0,65.0,64.2,62.1,60.9,54.2,52.5,51.2,50.7,54.1,55.3,59.5,61.2,63.8,64.6,63.5,59.7,53.0,40.4,32.7,33.2,34.6,35.6,36.9,37.9,38.9,40.5
12:22:04.000,NaN,69.7,NaN,78.0,82.3,83.6,79.3,82.1,79.6,79.7,76.3,75.3,71.9,62.0,63.3,61.2,58.8,54.3,52.2,51.8,50.3,54.9,56.5,58.8,59.7,63.2,64.1,62.0,55.8,48.4,38.8,32.3,33.1,34.5,35.8,36.7,37.9,38.8,40.5
12:22:05.000,NaN,68.0,NaN,82.2,83.0,81.5,79.2,81.8,76.7,79.1,77.0,73.5,72.2,67.1,64.1,62.8,58.7,56.2,50.9,51.2,50.5,53.1,56.9,59.3,57.9,61.0,62.1,59.0,56.2,49.2,38.4,32.5,33.1,34.3,35.7,37.0,37.9,38.9,40.6
12:22:06.000,NaN,69.6,NaN,77.8,80.7,84.1,84.5,78.5,79.2,75.0,75.0,72.1,66.9,65.7,62.6,63.0,62.9,59.6,51.7,51.7,50.8,51.4,55.7,59.5,60.2,63.9,63.5,60.4,57.2,50.5,39.6,32.9,33.4,34.4,35.7,36.9,38.1,38.8,40.4
12:22:07.000,NaN,72.4,NaN,83.7,76.7,83.0,82.3,80.8,81.4,76.6,72.1,72.7,69.0,64.3,63.6,64.7,62.9,58.1,52.0,51.6,50.1,49.7,54.5,60.8,63.3,67.5,66.2,62.9,58.6,52.4,43.6,33.5,33.1,34.6,35.8,37.0,37.9,38.9,40.4
12:22:08.000,NaN,72.4,NaN,71.9,81.0,83.0,79.5,77.8,79.8,77.6,74.5,71.9,68.2,64.1,62.0,63.3,63.3,56.8,52.9,51.0,50.4,50.9,55.8,62.6,65.9,67.6,66.3,62.1,57.2,51.2,42.3,33.0,33.5,34.6,35.5,36.9,37.9,39.0,40.5
12:22:09.000,NaN,70.7,NaN,79.6,83.3,82.6,78.1,80.8,81.0,78.7,76.3,72.4,70.8,68.3,63.1,64.1,65.5,61.7,52.0,51.8,50.3,50.3,56.7,61.6,65.4,65.1,63.3,59.4,55.8,50.4,39.7,32.6,33.5,34.5,35.6,36.9,37.8,38.9,40.5
12:22:10.000,NaN,70.0,NaN,79.2,80.9,80.0,81.6,79.1,78.1,75.2,74.4,74.4,69.5,65.6,62.4,66.8,69.0,64.5,53.1,51.2,50.0,51.5,57.0,60.8,63.9,64.8,61.6,59.1,56.5,49.2,40.6,32.4,33.2,34.6,35.8,36.9,37.9,39.0,40.5
12:22:11.000,NaN,70.5,NaN,74.7,79.3,83.9,77.4,84.0,76.6,75.8,74.1,74.0,69.8,66.4,62.2,63.7,64.8,59.2,50.5,49.6,49.3,51.8,56.3,59.7,64.1,65.3,63.4,61.6,56.6,47.5,38.7,32.6,33.3,34.4,35.8,36.9,37.8,38.8,40.7
12:22:12.000,NaN,70.5,NaN,84.3,80.0,79.6,80.2,80.0,75.3,78.5,77.8,73.5,69.2,63.8,63.3,61.2,59.5,57.5,49.9,48.9,48.0,51.8,57.5,59.8,65.5,64.8,62.4,60.5,58.2,50.1,41.1,33.2,33.3,34.4,35.5,36.9,37.8,38.9,40.5
12:22:13.000,NaN,69.6,NaN,74.8,82.8,80.1,80.7,77.4,80.8,76.1,76.3,71.8,67.2,66.5,61.9,61.0,59.4,56.1,51.2,50.2,47.8,52.7,57.2,60.1,62.4,62.1,63.4,61.0,57.2,50.7,40.7,32.8,33.3,34.4,35.7,36.9,37.9,38.9,40.4
12:22:14.000,NaN,68.8,NaN,72.7,80.8,77.5,79.2,83.3,79.8,81.4,73.4,71.3,67.4,65.5,62.2,60.8,61.4,58.5,50.8,50.6,50.2,50.1,58.2,59.7,60.9,62.3,62.6,60.2,55.3,48.9,38.3,32.4,33.3,34.4,35.6,37.0,37.9,38.9,40.6
12:22:15.000,NaN,68.5,NaN,81.7,84.1,82.8,76.7,81.4,80.6,76.8,73.0,71.9,69.3,67.4,61.3,62.1,64.1,59.7,51.7,50.2,50.4,51.0,55.3,58.7,61.6,62.4,60.6,61.0,56.5,48.3,37.1,32.2,33.1,34.4,35.7,37.0,38.0,38.8,40.6
12:22:16.000,NaN,68.1,NaN,80.6,76.4,77.8,84.5,78.7,79.2,74.9,69.9,73.0,72.4,66.4,62.9,61.7,62.7,60.6,50.9,50.4,50.2,50.8,56.0,57.0,59.7,60.5,61.3,61.4,56.5,49.1,38.7,32.5,33.2,34.5,35.8,36.9,37.9,38.8,40.6
12:22:17.000,NaN,68.3,NaN,78.6,80.3,80.5,85.4,82.1,81.5,76.2,71.9,70.4,74.4,64.9,61.6,62.8,64.7,62.7,53.6,51.7,51.3,50.0,56.7,57.6,58.3,61.9,61.8,60.2,56.6,49.2,40.0,33.0,33.3,34.5,35.8,36.9,38.0,38.8,40.5
12:22:18.000,NaN,68.4,NaN,77.3,81.3,81.7,75.3,78.6,78.3,77.4,72.2,74.3,71.2,65.6,62.2,64.9,65.8,60.9,54.0,51.7,50.1,51.2,57.3,58.3,59.7,60.0,61.8,60.8,57.7,48.8,37.8,32.5,33.4,34.3,35.5,36.9,38.1,38.6,40.6
12:22:19.000,NaN,69.1,NaN,80.5,81.0,81.8,81.0,80.6,80.3,77.2,74.2,72.4,71.9,66.3,61.7,61.9,64.9,61.6,53.7,52.4,51.3,52.6,57.4,57.7,60.9,63.2,62.6,60.4,56.5,50.2,39.7,32.4,33.3,34.6,35.9,36.8,37.8,38.8,40.5
12:22:20.000,NaN,70.1,NaN,80.1,81.4,82.4,79.1,74.3,73.1,79.1,76.0,73.6,69.7,64.7,60.8,63.7,63.0,59.1,52.7,52.6,51.6,52.2,56.8,59.8,61.8,64.4,63.6,60.9,57.6,51.7,40.8,32.8,33.3,34.5,35.8,36.9,38.2,38.9,40.6
12:22:21.000,NaN,72.5,NaN,78.8,82.7,83.4,79.6,79.0,72.3,78.5,74.2,73.3,69.2,66.0,62.7,62.5,63.6,55.7,53.6,54.1,53.7,54.0,58.1,62.4,64.9,67.3,64.7,63.7,60.1,53.9,42.4,33.2,33.1,34.5,35.8,36.9,38.0,39.0,40.5
12:22:22.000,NaN,75.4,NaN,68.9,78.8,82.2,77.5,80.2,76.5,74.2,73.5,71.2,68.0,66.3,61.9,60.5,62.8,58.1,51.9,53.0,52.5,54.5,58.5,63.5,68.3,69.2,69.7,66.0,62.1,55.8,44.0,33.2,33.2,34.5,35.7,36.8,38.0,38.9,40.6
12:22:23.000,NaN,76.4,NaN,76.1,77.6,81.7,80.8,78.8,79.1,74.2,75.5,67.5,66.5,63.1,57.9,58.9,60.6,56.1,51.1,52.4,53.0,53.9,59.4,63.3,69.6,70.4,69.5,68.5,64.1,56.0,46.4,33.5,33.4,34.7,35.7,37.1,38.0,39.0,40.6
12:22:24.000,NaN,74.1,NaN,80.8,75.9,80.9,84.1,80.0,77.8,76.2,71.2,69.7,68.9,63.1,59.9,56.4,59.5,55.6,50.8,51.9,52.2,52.4,59.6,62.0,68.0,68.9,67.1,64.6,62.4,53.7,45.5,34.2,33.4,34.3,35.8,36.8,37.9,38.9,40.5
12:22:25.000,NaN,71.0,NaN,80.3,78.6,75.8,75.5,75.9,77.2,73.2,74.2,69.5,69.8,62.3,60.4,60.2,57.7,52.8,50.2,50.0,50.6,51.8,57.4,60.4,62.8,64.3,64.8,62.6,59.7,52.4,41.3,33.0,33.1,34.5,35.8,36.9,37.9,38.9,40.5
12:22:26.000,NaN,70.7,NaN,75.8,82.7,74.5,79.0,79.0,75.9,77.4,71.9,71.4,66.6,61.8,59.9,58.3,57.7,53.7,50.3,51.0,49.8,49.6,54.3,57.0,60.7,63.2,65.1,63.2,60.6,53.2,42.0,32.5,33.1,34.6,35.9,37.0,37.8,38.8,40.5
12:22:27.000,NaN,69.1,NaN,77.5,84.2,81.9,80.6,75.4,79.4,75.4,75.4,71.9,69.5,63.4,60.5,62.2,62.0,57.7,50.2,49.5,48.4,47.6,53.1,56.4,60.6,62.1,63.7,61.6,57.0,50.6,39.8,32.8,33.1,34.4,35.6,37.0,37.8,38.9,40.6
12:22:28.000,NaN,67.7,NaN,79.1,84.2,80.2,72.3,76.9,76.5,76.2,76.7,73.5,71.8,66.5,59.5,63.0,60.5,58.5,49.8,48.8,48.3,47.2,52.7,55.6,59.9,59.8,61.7,60.7,55.7,48.4,37.8,32.3,33.4,34.4,35.7,36.8,37.9,38.9,40.6
12:22:29.000,NaN,68.0,NaN,75.7,81.0,75.6,76.1,77.2,80.1,78.6,74.4,72.2,69.8,64.1,61.1,57.7,55.6,51.1,48.6,47.7,47.5,47.6,51.4,55.0,58.8,60.8,62.0,61.0,55.9,47.9,38.5,32.3,33.3,34.4,35.7,36.9,37.9,38.9,40.6
12:22:30.000,NaN,69.3,NaN,77.2,82.4,81.3,79.2,77.7,79.7,75.8,76.0,73.1,69.7,63.7,60.8,58.2,58.9,56.8,50.5,48.8,47.2,46.2,52.5,56.0,60.6,61.4,62.9,63.1,57.0,50.1,40.4,32.8,33.4,34.5,35.8,36.8,37.9,38.7,40.5
12:22:31.000,NaN,70.2,NaN,79.3,76.8,77.2,75.2,84.6,81.3,78.7,73.3,72.9,70.3,67.3,62.0,63.1,63.4,60.7,51.8,49.2,46.8,48.4,52.1,56.9,60.3,61.6,63.6,64.8,59.7,50.1,39.4,32.5,33.1,34.6,35.8,36.9,37.8,39.0,40.7
12:22:32.000,NaN,69.5,NaN,79.7,78.7,80.4,80.0,81.0,75.9,80.3,80.1,75.3,70.1,65.9,63.0,64.6,64.3,60.3,49.6,48.4,47.3,49.5,53.3,56.5,59.5,61.3,63.0,63.6,58.5,50.0,38.2,32.2,33.2,34.6,35.8,37.1,37.9,38.8,40.5
12:22:33.000,NaN,68.6,NaN,77.2,79.4,85.3,79.2,80.2,81.7,78.6,76.9,71.9,69.9,65.8,61.6,61.6,63.0,61.3,51.3,48.3,48.4,48.7,52.7,56.5,61.8,61.7,61.9,60.2,56.9,49.3,38.4,32.6,33.1,34.3,35.7,36.9,37.9,38.9,40.5
12:22:34.000,NaN,69.2,NaN,82.0,78.3,80.0,82.3,80.3,81.2,78.7,75.2,69.6,70.1,64.0,58.5,61.3,64.4,59.3,52.5,50.3,49.2,48.4,51.6,56.4,61.6,63.7,61.0,61.5,57.7,49.4,39.8,32.6,33.1,34.3,35.8,37.1,38.0,38.8,40.6
12:22:35.000,NaN,70.3,NaN,76.3,76.6,76.0,74.9,82.9,79.4,77.1,75.0,70.0,70.3,64.9,60.7,61.4,61.3,55.7,50.6,50.9,50.4,51.2,54.8,58.7,60.5,62.6,64.9,62.9,58.9,50.5,40.6,32.7,33.3,34.3,35.8,36.9,37.8,38.8,40.5
12:22:36.000,NaN,72.0,NaN,79.8,75.2,79.3,78.3,79.7,76.2,76.3,74.5,69.6,71.0,66.0,59.4,60.0,60.6,58.0,52.7,52.1,50.5,50.7,55.6,60.6,60.8,64.1,66.6,65.8,59.2,50.5,42.1,33.9,33.2,34.7,35.9,36.8,37.9,38.8,40.4
12:22:37.000,NaN,73.7,NaN,78.5,81.2,78.2,76.2,78.4,78.5,79.4,72.5,69.8,71.3,64.1,60.0,59.4,57.6,56.0,52.4,51.7,51.0,53.9,57.9,60.3,63.3,66.8,67.0,67.8,62.2,52.3,41.7,33.4,33.4,34.4,35.6,36.9,37.9,38.8,40.5
12:22:38.000,NaN,75.0,NaN,78.6,74.6,78.7,75.1,78.5,76.7,76.5,72.2,70.3,68.0,62.6,59.7,60.0,59.0,52.7,53.0,52.0,50.5,52.8,58.7,61.9,67.6,66.8,67.7,69.0,64.4,55.3,45.9,33.2,33.2,34.6,35.8,37.0,38.0,38.9,40.6
12:22:39.000,NaN,74.4,NaN,79.0,78.0,75.1,77.0,74.3,74.2,73.3,72.0,69.0,65.9,61.9,59.6,58.0,54.8,53.5,53.1,52.7,51.6,53.6,58.4,61.9,68.1,69.6,67.7,64.0,61.0,54.0,46.3,34.1,33.3,34.5,35.8,37.0,37.9,38.8,40.6
12:22:40.000,NaN,75.9,NaN,76.6,76.4,77.4,74.9,76.5,74.3,73.7,71.2,68.5,67.8,63.7,60.6,59.3,56.2,51.4,51.5,52.7,53.4,54.0,61.0,63.8,68.9,69.0,69.7,68.1,64.4,53.8,43.9,33.3,33.5,34.6,35.9,36.9,38.0,38.8,40.5
12:22:41.000,NaN,76.2,NaN,78.1,76.6,77.1,76.1,73.3,79.6,74.1,69.1,69.2,67.6,63.0,59.4,56.1,56.4,54.1,52.8,52.2,53.4,54.3,62.0,65.0,69.6,67.3,69.9,69.7,64.5,54.8,44.5,34.0,33.5,34.7,35.6,37.1,37.9,38.8,40.6
12:22:42.000,NaN,76.3,NaN,78.2,79.2,84.1,75.7,77.9,79.0,76.4,72.5,69.5,68.7,61.1,57.6,57.3,60.6,57.5,53.1,52.2,52.9,54.1,60.4,64.4,67.4,70.3,70.9,67.5,63.2,56.1,47.2,34.5,33.2,34.4,35.7,36.7,37.9,39.0,40.6
12:22:43.000,NaN,74.6,NaN,70.5,75.3,82.9,76.2,77.8,77.7,77.2,73.7,70.3,68.7,61.1,59.3,58.1,63.3,60.3,54.0,51.3,52.0,52.5,59.3,63.2,69.0,69.1,67.9,65.2,61.7,54.7,46.8,33.9,33.2,34.5,35.6,37.0,37.8,38.9,40.5
12:22:44.000,NaN,72.6,NaN,72.3,79.3,79.6,78.2,81.3,77.1,78.4,70.8,72.1,69.8,60.9,58.4,60.5,58.9,53.6,49.9,51.4,50.6,52.9,58.9,62.4,65.9,66.2,66.7,63.9,59.4,52.5,43.8,33.5,33.2,34.4,35.6,36.9,37.9,38.9,40.6
12:22:45.000,NaN,70.8,NaN,76.7,74.0,74.0,77.9,77.2,82.0,76.3,73.8,70.4,68.7,60.8,58.3,56.8,55.8,53.5,50.5,50.7,50.7,52.5,58.0,61.6,65.3,64.6,63.9,60.4,58.5,52.2,42.0,33.0,33.2,34.7,35.8,36.8,38.0,38.8,40.5
12:22:46.000,NaN,69.7,NaN,80.2,77.7,75.4,77.3,80.5,76.0,74.9,74.3,72.7,67.5,64.5,58.0,60.3,60.4,55.8,51.1,50.9,51.4,53.2,58.7,60.4,64.2,63.0,62.6,60.7,55.9,49.1,41.7,32.7,33.1,34.5,35.6,36.8,38.0,38.9,40.4
12:22:47.000,NaN,70.5,NaN,75.3,76.3,75.5,78.1,75.6,80.4,78.5,74.6,68.8,70.4,64.4,58.0,60.4,62.7,59.7,52.5,51.0,50.6,51.6,58.7,58.9,63.9,64.8,63.9,60.9,57.4,49.6,40.0,32.5,33.6,34.3,35.7,36.8,37.9,38.8,40.5
12:22:48.000,NaN,70.8,NaN,75.1,79.8,76.2,80.7,82.0,79.3,76.3,74.8,73.3,69.1,64.2,59.2,57.9,59.9,60.3,53.6,50.4,50.0,50.8,57.1,57.2,64.4,65.3,63.7,61.6,57.2,50.8,40.2,32.3,33.3,34.7,35.8,36.9,37.9,38.9,40.7
12:22:49.000,NaN,70.2,NaN,77.2,73.8,79.6,77.8,78.2,79.1,75.7,70.0,71.8,66.4,61.3,54.8,57.6,59.3,54.9,50.8,51.5,50.1,48.9,56.7,58.0,64.5,63.5,63.5,62.2,57.1,49.4,38.7,32.4,33.3,34.6,35.8,37.0,37.8,38.7,40.4
12:22:50.000,NaN,69.1,NaN,80.4,70.6,76.7,76.4,77.8,75.6,75.6,74.4,68.8,66.5,63.8,57.0,55.7,58.3,52.6,49.4,51.2,51.1,49.7,55.9,58.3,63.5,62.1,62.6,60.2,56.9,49.5,38.9,32.7,33.3,34.6,35.5,37.0,37.9,38.8,40.5
12:22:51.000,NaN,68.5,NaN,79.4,82.8,72.9,74.8,77.1,72.1,73.6,75.4,69.1,66.0,63.1,56.1,55.7,56.0,57.5,51.7,51.1,51.1,49.2,55.6,58.4,61.9,61.4,62.2,59.2,56.9,49.7,38.3,32.7,33.4,34.4,35.8,36.8,38.0,38.9,40.5
12:22:52.000,NaN,68.3,NaN,81.6,78.5,79.3,73.4,78.7,76.9,75.0,70.2,66.5,66.8,63.2,56.8,57.4,57.9,56.2,52.4,51.4,52.4,50.0,55.7,57.3,60.6,62.0,61.1,60.9,56.5,49.5,38.4,32.3,33.4,34.5,35.7,37.1,38.0,38.9,40.6
12:22:53.000,NaN,69.2,NaN,80.0,76.1,73.3,76.1,75.8,76.8,75.8,71.9,68.4,64.4,59.8,57.0,58.0,57.3,53.3,50.3,51.1,51.7,51.1,55.4,57.8,61.3,63.2,62.0,61.2,57.0,51.5,39.7,32.9,33.2,34.5,35.8,36.9,38.0,38.9,40.5
12:22:54.000,NaN,71.6,NaN,75.6,74.9,73.9,79.6,77.8,76.7,74.8,72.7,66.0,66.2,61.2,58.6,58.5,57.8,56.5,52.0,51.6,52.1,50.7,56.4,59.7,61.4,65.1,66.1,63.8,57.6,53.3,40.9,33.3,33.2,34.6,35.8,37.1,38.0,39.0,40.5
12:22:55.000,NaN,73.7,NaN,75.7,78.6,77.7,78.1,74.6,74.8,74.9,71.7,68.7,68.2,64.4,56.8,57.0,58.5,57.6,51.5,50.4,51.3,52.2,57.8,58.7,65.2,67.2,67.8,66.8,60.1,52.4,42.4,33.2,33.3,34.5,35.9,36.9,37.9,38.9,40.5
12:22:56.000,NaN,74.2,NaN,75.5,77.7,80.3,78.2,74.3,73.5,72.4,72.2,70.6,68.2,63.1,59.3,57.1,55.0,52.0,50.5,49.8,51.0,52.6,57.5,59.5,67.1,68.7,68.1,65.9,59.3,54.5,44.1,33.3,33.3,34.6,35.8,36.9,37.9,39.0,40.6
12:22:57.000,NaN,75.8,NaN,77.9,69.8,76.9,73.6,77.7,75.2,75.0,72.3,71.0,69.4,62.4,58.0,52.4,53.3,52.3,50.4,51.6,51.2,51.4,55.7,61.7,67.7,70.7,71.1,66.5,59.0,54.6,44.0,33.5,33.4,34.4,35.9,37.1,37.9,38.9,40.5
12:22:58.000,NaN,74.3,NaN,68.3,74.7,77.9,76.1,75.7,75.7,74.2,73.0,68.7,64.6,61.7,54.5,53.6,54.4,53.9,50.7,53.0,52.6,52.8,56.1,62.1,65.3,68.9,69.1,65.6,60.9,53.0,43.2,33.1,33.2,34.6,35.8,36.9,38.0,38.8,40.7
12:22:59.000,NaN,71.8,NaN,70.8,78.1,74.6,81.0,74.4,76.3,73.0,71.4,65.1,67.4,62.0,58.6,56.5,58.8,57.0,53.8,52.9,53.5,52.3,55.5,60.1,65.7,65.1,65.5,62.4,59.0,52.5,41.9,33.0,33.2,34.6,35.6,36.9,38.0,38.8,40.5
12:23:00.000,NaN,71.6,NaN,76.1,80.8,80.0,74.4,73.8,74.8,74.3,71.7,67.4,62.5,60.5,54.8,55.7,59.2,57.4,53.4,54.0,52.6,52.4,56.6,59.7,64.4,65.9,64.2,63.4,60.8,51.9,41.2,33.1,33.1,34.5,35.8,37.0,37.9,38.8,40.5
12:23:01.000,NaN,72.6,NaN,71.9,79.1,81.5,75.0,78.2,72.8,74.7,69.3,67.0,65.1,61.7,56.3,56.4,60.3,57.0,54.0,54.2,53.4,52.4,58.4,62.8,64.7,66.6,65.4,64.1,60.9,53.7,43.4,33.5,33.1,34.5,35.6,37.0,37.9,38.9,40.6
12:23:02.000,NaN,75.3,NaN,75.1,78.2,78.8,78.2,80.5,73.0,77.2,75.2,67.0,68.9,63.6,56.1,57.1,57.5,59.4,56.6,56.2,54.2,53.3,60.8,65.8,70.3,70.4,66.5,64.6,60.6,54.8,46.0,33.4,33.2,34.7,35.7,36.9,38.1,38.8,40.6
12:23:03.000,NaN,76.9,NaN,75.9,79.0,77.4,77.9,72.4,77.9,76.4,74.0,71.0,71.0,64.9,57.6,61.8,63.7,61.7,56.8,55.4,54.6,53.9,61.3,65.7,70.6,72.7,69.0,66.0,62.1,57.3,46.0,33.7,33.1,34.4,35.8,37.1,37.9,38.8,40.5
12:23:04.000,NaN,75.2,NaN,78.0,75.3,79.0,80.1,77.7,81.6,75.4,76.1,75.4,71.7,66.5,56.4,63.9,64.4,60.9,56.5,55.0,54.4,55.7,60.1,64.9,68.6,70.5,67.9,65.2,63.6,54.3,44.2,34.1,33.2,34.6,35.7,37.0,38.0,38.8,40.7
12:23:05.000,NaN,73.9,NaN,76.6,77.8,80.8,76.1,77.7,79.2,76.5,75.9,72.1,69.0,65.5,57.9,59.3,58.9,55.9,53.7,54.8,55.9,56.6,60.0,62.9,64.2,67.2,67.4,65.7,65.0,54.1,45.5,34.4,33.2,34.7,35.8,36.9,38.1,38.9,40.7
12:23:06.000,NaN,74.7,NaN,76.4,78.1,76.9,81.0,75.1,77.0,74.9,75.2,68.1,69.1,62.1,57.1,54.8,53.1,51.4,52.2,54.5,54.3,55.5,58.0,64.0,65.2,69.0,67.3,67.9,63.1,54.8,45.1,33.9,33.4,34.5,35.9,37.0,37.9,38.9,40.5
12:23:07.000,NaN,75.1,NaN,79.2,81.9,78.2,79.2,73.8,75.8,72.8,71.0,67.4,68.3,61.5,58.1,54.8,51.9,51.5,53.6,54.7,53.4,53.6,57.6,64.5,68.1,68.7,67.4,66.2,65.1,58.5,47.8,35.5,33.3,34.4,35.6,36.9,38.1,38.9,40.6
12:23:08.000,NaN,73.9,NaN,71.8,77.7,75.3,80.4,73.3,76.2,72.1,70.0,68.6,64.6,60.4,55.0,53.0,50.6,50.8,52.4,53.0,51.5,52.3,58.5,63.5,69.0,68.2,66.8,63.6,61.1,54.5,44.9,34.4,33.1,34.5,35.8,37.1,38.0,38.8,40.5
12:23:09.000,NaN,73.3,NaN,75.0,72.8,79.3,76.6,78.9,75.3,71.1,68.2,65.8,63.8,59.5,56.9,53.0,49.3,49.9,51.2,51.7,49.4,53.1,57.6,63.5,67.7,68.4,66.2,60.8,59.1,54.6,43.3,33.1,33.4,34.7,35.7,37.0,37.9,38.8,40.6
12:23:10.000,NaN,73.0,NaN,77.4,79.2,72.7,70.4,75.0,67.9,71.1,68.3,65.9,61.7,60.0,56.5,51.2,51.3,51.3,51.5,50.4,51.2,52.5,57.0,63.7,67.3,67.2,65.9,63.2,60.3,51.8,41.4,32.7,33.3,34.2,35.7,37.1,37.9,38.9,40.6
12:23:11.000,NaN,73.4,NaN,77.9,75.2,79.1,76.9,75.8,73.8,68.1,68.2,66.6,64.4,60.3,54.0,51.2,51.2,50.3,51.3,51.4,52.1,51.9,56.9,62.8,66.8,67.8,67.5,64.1,58.8,52.7,40.7,33.1,33.0,34.6,35.6,37.0,37.9,38.9,40.5
12:23:12.000,NaN,72.9,NaN,70.8,73.5,75.5,70.9,70.0,74.0,72.5,70.0,63.9,62.3,57.9,55.8,50.7,51.4,49.4,51.3,53.4,53.1,53.8,57.4,61.5,66.7,67.6,67.0,62.1,58.8,51.7,40.2,33.0,33.5,34.5,35.7,37.0,37.9,38.7,40.6
12:23:13.000,NaN,71.8,NaN,73.4,76.0,74.9,71.3,74.9,72.9,71.1,68.5,65.7,63.8,57.0,56.6,52.5,50.5,51.7,52.2,53.1,54.3,53.9,59.9,62.6,66.3,64.7,65.2,62.5,57.2,51.1,41.4,32.6,33.2,34.6,35.5,37.0,37.9,38.8,40.6
12:23:14.000,NaN,73.9,NaN,73.5,72.2,72.5,69.9,75.4,69.4,70.7,70.4,63.1,62.4,59.6,54.7,52.1,48.8,51.5,51.3,53.8,53.5,54.0,59.9,67.0,68.9,68.3,64.7,61.3,57.9,52.2,40.2,32.8,33.1,34.4,35.8,37.2,37.8,38.8,40.6
12:23:15.000,NaN,76.5,NaN,77.3,73.1,73.4,73.1,74.4,72.1,72.5,70.6,65.5,61.4,57.5,56.8,49.0,49.8,50.2,51.2,53.1,54.0,54.6,59.8,65.9,70.1,72.1,70.2,64.8,61.4,57.9,44.3,34.2,33.4,34.5,35.7,36.8,37.9,38.9,40.5
12:23:16.000,NaN,77.4,NaN,74.6,73.1,67.0,74.7,74.4,71.2,70.3,69.9,67.8,62.7,58.9,55.2,52.1,52.3,51.6,51.2,52.0,52.7,54.0,57.7,65.1,67.8,71.3,71.5,69.6,65.0,62.0,50.2,35.9,33.3,34.5,35.9,37.1,37.9,38.9,40.6
12:23:17.000,NaN,74.7,NaN,71.8,71.4,69.1,71.7,75.2,72.1,71.5,71.4,63.6,62.9,58.7,55.3,55.2,50.8,51.0,51.4,52.3,53.4,53.1,56.0,62.2,64.2,68.9,69.2,67.3,60.7,59.4,46.1,34.7,33.0,34.6,35.9,37.1,37.8,38.9,40.7
12:23:18.000,NaN,69.7,NaN,75.0,68.3,70.9,72.4,74.8,72.4,72.0,68.0,62.0,61.8,58.5,57.4,52.2,50.7,50.3,50.0,51.2,51.7,51.2,53.3,58.4,60.6,65.1,64.4,59.2,55.6,53.2,41.5,33.4,33.3,34.4,35.9,37.1,37.9,38.8,40.5
12:23:19.000,NaN,67.3,NaN,72.4,74.1,70.4,71.3,74.0,74.7,73.4,67.9,65.5,63.1,59.2,57.0,51.5,51.7,51.0,49.9,50.1,50.2,49.7,52.8,56.6,60.6,62.3,59.9,58.8,52.3,46.5,37.2,32.4,33.0,34.4,35.7,37.2,37.9,38.8,40.7
12:23:20.000,NaN,66.8,NaN,75.7,78.4,73.6,73.5,72.9,72.4,68.7,65.1,62.6,63.8,59.1,57.0,52.2,52.9,51.7,50.1,49.5,48.8,50.1,53.8,57.4,60.4,61.0,60.2,57.1,53.4,46.7,36.5,32.5,33.4,34.6,35.8,37.0,38.0,38.8,40.6
12:23:21.000,NaN,66.5,NaN,75.6,76.3,72.5,69.2,67.1,69.7,70.7,66.7,63.7,62.5,60.0,57.1,51.1,52.8,50.7,48.3,49.3,49.7,52.3,54.2,58.4,58.4,61.2,59.4,55.7,53.5,46.8,35.9,32.2,33.4,34.6,35.6,37.0,37.9,38.9,40.7
12:23:22.000,NaN,66.8,NaN,74.8,67.8,74.0,72.0,73.3,71.1,70.1,66.6,65.6,63.3,57.7,56.2,49.2,50.9,48.5,48.6,49.3,49.0,52.2,54.2,57.8,60.1,62.1,58.9,55.6,52.8,45.9,36.5,32.4,33.1,34.5,35.6,37.0,37.9,38.8,40.6
12:23:23.000,NaN,67.4,NaN,71.2,66.1,68.0,72.9,70.5,69.3,70.2,66.9,65.8,63.9,58.9,53.7,50.0,48.7,47.8,48.0,48.7,50.4,52.0,54.0,57.9,60.3,63.2,59.2,57.6,53.7,48.2,37.5,32.7,33.3,34.5,35.8,37.0,37.8,38.9,40.6
12:23:24.000,NaN,68.7,NaN,64.2,74.6,74.4,69.8,70.9,71.3,65.7,69.3,65.0,63.8,59.1,54.7,49.8,48.0,48.7,48.4,49.9,49.8,51.5,53.7,58.3,60.3,62.7,60.0,60.8,59.5,50.6,42.9,32.8,33.0,34.4,35.8,37.1,37.9,38.9,40.8
12:23:25.000,NaN,69.4,NaN,74.9,75.7,68.7,69.4,70.3,69.1,68.1,68.6,66.3,63.6,60.7,56.1,51.5,52.2,50.9,49.3,51.7,50.3,51.3,54.3,58.1,61.9,63.5,61.4,61.5,58.8,50.2,40.6,33.1,33.1,34.5,36.0,37.1,37.9,38.9,40.7
12:23:26.000,NaN,69.5,NaN,77.9,69.9,67.7,69.1,74.6,69.8,66.6,69.0,66.2,66.7,59.0,57.7,50.1,50.4,50.5,48.9,51.2,51.5,51.8,57.5,58.9,62.2,63.5,62.5,62.0,56.7,48.0,38.7,32.7,33.2,34.4,35.8,37.2,37.7,38.9,40.7
12:23:27.000,NaN,69.6,NaN,74.4,71.2,72.8,72.3,70.5,68.6,67.5,68.9,65.2,65.5,57.7,57.3,51.3,50.5,50.1,50.4,51.1,52.5,53.3,58.8,60.0,61.8,63.4,62.9,60.5,57.6,49.3,38.2,32.4,33.2,34.3,35.6,37.1,37.7,38.8,40.6
12:23:28.000,NaN,70.7,NaN,74.3,69.3,72.1,72.2,71.8,69.4,72.2,63.7,69.0,67.0,57.4,55.4,53.4,53.4,52.0,51.5,51.2,52.6,54.1,61.8,61.3,62.0,66.0,63.6,59.7,57.3,51.1,38.7,32.6,33.3,34.2,35.7,37.1,37.9,38.9,40.5
12:23:29.000,NaN,72.5,NaN,78.0,71.0,63.8,68.4,71.4,67.9,72.4,69.6,62.3,64.4,55.9,55.7,53.6,52.8,50.7,51.1,50.9,52.7,54.1,58.2,60.0,61.1,68.8,66.1,62.4,58.7,50.0,40.4,32.8,33.1,34.3,35.8,37.0,37.9,38.8,40.6
12:23:30.000,NaN,71.9,NaN,72.2,71.3,74.1,70.6,72.5,71.6,73.7,70.7,65.0,63.0,56.9,56.9,52.2,52.3,49.1,50.6,50.1,53.2,53.1,58.1,58.7,62.1,66.0,66.4,64.0,58.8,48.9,39.3,32.5,32.9,34.5,35.7,37.0,37.9,38.8,40.5
12:23:31.000,NaN,70.9,NaN,73.4,67.7,74.7,72.0,68.5,72.8,71.1,68.8,66.1,57.3,57.6,54.3,51.8,48.9,50.2,50.7,52.0,52.1,52.7,57.6,60.4,65.2,64.2,64.0,62.6,57.7,48.6,39.1,32.8,33.3,34.4,35.9,36.9,37.8,38.9,40.5
12:23:32.000,NaN,70.2,NaN,75.4,75.7,73.2,76.3,70.6,74.4,69.8,66.7,61.9,62.6,59.4,54.6,51.9,50.9,49.6,50.2,52.0,52.7,53.8,57.5,61.2,64.5,62.6,63.6,61.6,56.7,49.4,40.1,32.8,33.2,34.4,35.9,37.1,37.9,38.8,40.6
12:23:33.000,NaN,70.5,NaN,74.7,73.8,70.1,74.5,74.1,73.1,72.6,68.1,65.6,63.2,61.1,55.5,52.0,52.1,51.0,50.5,51.6,52.4,52.6,57.3,59.3,61.1,64.6,64.2,62.3,57.8,48.9,42.2,33.0,33.3,34.5,35.9,37.0,37.9,39.0,40.7
12:23:34.000,NaN,72.1,NaN,75.3,72.3,72.8,77.4,74.5,74.9,70.7,69.3,64.9,65.3,60.1,55.0,52.9,56.2,54.6,52.0,51.9,51.6,51.2,56.3,58.9,59.1,66.3,66.2,65.0,59.7,51.7,42.2,32.8,33.3,34.3,35.7,36.9,37.9,38.8,40.6
12:23:35.000,NaN,70.5,NaN,73.5,76.0,66.7,73.8,76.5,73.3,70.8,70.3,67.2,62.7,58.8,53.6,50.2,53.1,52.4,49.8,51.1,51.3,50.2,55.6,62.5,61.1,64.1,65.1,62.5,56.3,49.4,41.0,32.5,33.1,34.5,35.6,37.1,37.9,38.9,40.5
12:23:36.000,NaN,72.1,NaN,74.6,76.4,70.7,74.2,77.1,75.0,71.6,68.3,63.2,61.6,60.8,55.6,49.8,49.7,49.2,50.3,50.5,50.5,49.6,55.5,63.6,64.0,66.0,64.9,65.1,57.8,49.9,40.1,32.7,33.4,34.4,35.7,37.1,38.0,39.0,40.5
12:23:37.000,NaN,73.3,NaN,75.4,74.6,73.3,76.2,77.7,77.4,70.4,71.4,66.3,61.0,58.7,53.8,51.2,51.2,49.6,51.4,50.1,51.3,50.9,55.4,62.4,65.7,67.3,66.5,66.3,58.4,51.6,41.6,33.0,33.0,34.5,35.8,37.1,38.0,38.9,40.6
12:23:38.000,NaN,75.4,NaN,68.5,69.9,69.6,72.5,76.2,68.9,71.2,69.2,64.7,63.0,55.7,56.0,50.5,49.8,50.1,51.3,51.2,51.2,51.4,54.7,62.2,65.8,70.1,69.9,68.0,60.2,52.5,43.6,32.7,33.4,34.4,35.8,36.9,37.7,38.8,40.6
12:23:39.000,NaN,76.6,NaN,74.0,67.7,73.5,75.3,74.2,74.1,67.3,66.0,63.0,61.5,58.4,56.4,47.2,49.2,49.8,52.1,52.8,52.3,51.7,54.3,61.3,65.1,69.8,71.4,70.3,63.1,53.5,44.2,34.0,33.2,34.2,35.8,37.0,37.7,38.9,40.7
12:23:40.000,NaN,74.9,NaN,68.5,68.5,68.0,73.8,71.6,71.3,70.7,66.7,62.1,60.4,56.7,55.3,51.8,49.8,51.0,52.4,54.1,51.9,52.3,55.9,60.8,65.3,69.2,70.0,67.0,61.0,53.6,42.1,33.7,33.2,34.5,35.6,37.0,37.8,38.8,40.6
12:23:41.000,NaN,71.9,NaN,67.4,70.3,75.4,75.1,71.9,74.6,69.8,66.8,65.4,62.5,58.9,56.1,49.4,48.9,50.4,52.3,53.3,53.5,53.0,57.6,59.5,64.9,65.4,65.3,63.2,61.5,53.3,42.7,33.1,33.0,34.4,35.6,37.1,37.7,39.0,40.6
12:23:42.000,NaN,71.2,NaN,69.9,71.1,74.7,74.8,70.1,69.8,66.9,66.6,65.1,62.5,58.3,56.6,51.2,49.5,50.1,52.6,52.5,52.5,53.8,58.0,58.6,61.9,65.2,64.7,63.9,59.4,53.0,42.7,32.9,33.1,34.4,35.7,37.1,37.8,38.8,40.6
12:23:43.000,NaN,71.4,NaN,70.8,65.5,76.9,74.3,72.9,68.2,69.9,66.0,65.8,61.5,55.7,55.1,48.9,48.6,49.1,52.5,53.1,53.0,52.3,57.2,60.2,63.3,65.9,65.0,63.4,58.1,52.4,43.0,33.4,33.3,34.6,35.7,37.0,38.0,38.9,40.5
12:23:44.000,NaN,71.7,NaN,73.6,69.4,70.2,68.1,69.8,68.6,69.1,68.0,65.6,63.4,56.5,53.8,47.2,47.9,47.5,52.0,52.7,52.5,51.9,56.2,60.1,66.3,64.9,64.5,63.1,60.2,51.3,43.0,33.0,33.2,34.4,35.9,37.2,37.8,38.9,40.5
12:23:45.000,NaN,72.2,NaN,73.4,69.2,71.3,72.8,65.8,70.1,69.8,70.3,62.4,61.8,55.9,54.6,50.9,47.6,48.9,50.7,52.3,52.7,51.5,56.6,60.9,66.6,65.5,66.1,62.0,58.9,50.7,41.7,32.7,33.2,34.5,35.5,37.3,37.8,38.9,40.7
12:23:46.000,NaN,72.2,NaN,71.2,65.4,71.0,72.2,67.6,65.2,69.6,70.6,66.1,61.5,57.1,52.8,49.0,46.8,48.0,50.9,48.9,50.9,50.9,55.7,59.6,64.7,67.9,66.0,61.8,57.4,49.9,39.5,33.0,33.0,34.2,35.7,37.3,37.8,38.9,40.5
12:23:47.000,NaN,70.8,NaN,67.1,71.4,70.3,68.1,68.1,68.5,71.3,67.6,67.0,59.3,56.3,54.7,48.2,49.3,47.0,49.3,49.9,51.8,50.9,54.5,57.6,63.3,65.8,65.1,61.6,56.0,49.0,38.3,32.2,33.1,34.2,35.8,36.9,37.8,38.9,40.5
12:23:48.000,NaN,69.6,NaN,65.4,74.3,71.5,70.0,64.2,67.4,66.9,66.7,62.1,58.1,54.5,54.0,50.3,47.8,47.1,48.3,50.6,49.9,51.0,55.8,57.8,61.6,63.9,63.4,61.8,55.6,50.3,39.0,32.5,33.2,34.5,35.8,37.2,37.9,38.9,40.5
12:23:49.000,NaN,69.3,NaN,70.4,71.6,68.6,71.0,69.3,65.9,71.7,65.5,65.7,61.2,57.4,55.7,49.1,48.8,47.0,48.2,51.9,51.9,50.8,55.3,58.2,62.4,62.4,63.4,60.9,56.2,50.6,40.7,32.9,33.1,34.3,35.7,37.2,38.0,38.9,40.5
12:23:50.000,NaN,69.3,NaN,62.0,72.9,73.6,69.9,66.0,65.4,68.4,65.7,64.4,62.8,57.3,52.5,50.5,49.3,49.7,49.2,51.5,52.3,50.7,56.9,58.7,62.5,63.8,62.2,60.6,58.1,51.5,40.2,32.8,33.2,34.5,35.6,37.0,37.8,38.8,40.6
12:23:51.000,NaN,69.8,NaN,70.7,63.4,69.3,70.0,68.5,68.7,65.3,65.8,64.4,62.2,56.5,54.1,51.5,49.8,49.3,50.1,50.8,52.1,52.3,57.8,59.7,62.1,61.1,63.7,63.3,56.5,50.8,40.1,32.9,33.1,34.4,35.8,37.2,37.9,38.8,40.5
12:23:52.000,NaN,69.9,NaN,71.9,71.5,74.1,68.5,70.5,68.3,69.7,62.5,62.4,60.2,56.0,50.6,48.5,48.1,46.4,47.8,50.2,51.8,51.0,56.8,58.4,61.6,61.8,64.3,63.2,56.4,49.8,39.5,32.9,33.3,34.2,35.7,37.2,37.9,38.9,40.7
12:23:53.000,NaN,69.8,NaN,71.4,61.5,68.6,67.7,63.6,66.6,70.5,64.3,62.0,60.0,53.3,53.2,48.4,44.7,48.3,48.8,49.5,50.7,50.6,55.6,57.7,62.3,64.2,64.4,59.9,56.0,49.1,39.6,32.5,33.1,34.3,35.7,37.3,37.8,38.7,40.6
12:23:54.000,NaN,70.1,NaN,73.1,67.7,69.9,70.9,67.7,68.5,70.3,63.9,58.8,58.7,56.4,56.9,48.6,46.4,48.2,49.7,49.0,49.8,49.8,53.4,57.3,63.0,65.1,63.7,60.9,56.5,49.1,38.2,32.7,33.4,34.5,35.8,37.0,37.8,38.8,40.6
12:23:55.000,NaN,69.5,NaN,74.9,73.0,72.5,73.1,66.8,67.0,69.6,64.0,60.6,58.2,55.0,53.0,46.3,48.4,47.3,48.2,50.9,51.0,51.1,54.8,57.2,61.6,65.1,62.9,60.7,55.1,50.1,38.9,32.4,33.3,34.4,35.7,37.2,37.8,38.8,40.5
12:23:56.000,NaN,68.7,NaN,70.4,61.8,69.5,66.3,74.7,70.6,72.2,64.9,62.6,60.3,54.8,52.6,48.1,47.9,47.4,49.2,50.6,50.9,50.9,56.4,56.9,61.5,63.0,61.9,59.7,56.4,50.4,39.6,32.5,33.3,34.4,35.7,36.9,37.9,38.8,40.6
12:23:57.000,NaN,68.6,NaN,67.4,64.0,65.6,76.8,69.0,70.3,69.3,67.8,61.5,58.9,53.4,52.9,47.6,48.4,47.2,48.2,50.7,52.5,51.9,57.6,57.3,61.2,62.3,61.5,60.3,57.3,47.1,38.6,32.4,33.2,34.5,35.6,37.1,37.9,38.9,40.5
12:23:58.000,NaN,68.6,NaN,63.0,73.7,72.8,73.6,76.0,73.8,69.1,65.3,61.8,60.4,55.4,55.0,49.0,48.3,49.6,49.5,51.8,51.3,52.8,58.6,58.7,61.7,62.4,62.0,59.6,55.3,47.5,37.8,32.4,33.1,34.5,35.7,37.1,38.0,39.0,40.6
12:23:59.000,NaN,70.3,NaN,73.3,71.2,73.2,74.7,72.1,72.8,71.3,66.9,61.8,59.6,56.1,52.9,49.3,49.3,50.0,51.0,52.3,52.3,53.3,58.9,59.4,62.8,64.4,63.7,61.6,58.4,50.4,39.3,32.5,33.2,34.2,35.8,37.0,37.8,38.8,40.6
12:24:00.000,NaN,71.1,NaN,74.3,69.5,73.5,74.2,72.5,71.7,66.0,64.5,62.5,58.1,56.0,55.9,49.6,50.3,49.0,50.4,51.2,51.5,52.5,56.6,58.7,64.5,64.3,65.2,62.9,57.6,52.9,39.6,32.6,33.1,34.3,35.7,36.8,37.8,38.8,40.6
12:24:01.000,NaN,69.8,NaN,68.1,74.7,76.4,75.8,72.7,72.5,70.2,63.5,62.5,58.9,55.6,54.8,48.2,46.5,48.0,51.4,50.9,51.7,51.6,58.5,60.1,63.9,63.9,62.9,60.8,55.1,49.7,38.5,32.8,32.9,34.4,35.9,37.0,37.9,38.8,40.6
12:24:02.000,NaN,68.6,NaN,64.2,72.9,71.1,72.2,74.9,72.4,68.6,68.9,60.9,59.2,53.0,54.1,47.5,47.8,48.4,49.0,51.1,51.0,51.7,58.1,59.5,62.1,63.0,60.8,60.0,54.8,48.6,39.6,32.6,33.3,34.3,35.8,37.1,37.7,38.8,40.6
12:24:03.000,NaN,68.2,NaN,70.9,60.3,74.3,73.0,72.8,69.9,70.7,63.4,65.2,63.7,53.0,51.7,48.1,48.7,49.0,51.7,51.7,51.1,53.8,58.6,60.2,59.8,60.4,62.1,58.9,54.9,48.8,39.6,32.3,32.9,34.3,35.7,37.0,37.9,38.8,40.7
12:24:04.000,NaN,69.3,NaN,64.8,71.2,68.8,70.6,68.1,67.2,69.3,70.7,67.7,62.0,53.6,52.6,48.8,48.7,48.3,50.6,51.7,52.7,54.1,57.8,61.0,60.3,62.2,62.8,60.8,57.5,48.3,38.5,32.7,33.2,34.4,35.7,37.1,37.9,38.7,40.7
12:24:05.000,NaN,70.7,NaN,70.1,73.6,66.6,74.3,68.6,67.3,68.2,71.0,66.4,60.5,55.1,52.4,49.1,49.5,49.3,49.4,52.4,53.0,52.8,59.2,61.5,63.5,64.2,64.2,61.3,59.2,50.2,41.3,32.8,33.0,34.3,35.7,37.1,37.9,38.7,40.6
12:24:06.000,NaN,72.2,NaN,69.9,70.0,75.7,69.6,67.7,68.9,70.0,69.1,63.9,64.6,55.2,52.6,47.8,50.2,51.3,52.3,50.9,52.3,53.8,60.3,62.4,65.2,65.3,65.4,63.3,61.2,52.5,41.5,32.9,33.3,34.5,35.8,37.2,37.9,38.9,40.7
12:24:07.000,NaN,74.2,NaN,63.4,69.2,73.4,67.2,68.6,68.4,66.2,66.4,64.0,59.7,57.3,54.5,46.2,46.9,48.8,51.4,53.0,52.1,53.5,59.4,62.8,68.0,67.0,68.3,65.4,62.7,54.2,42.0,33.4,33.1,34.4,35.8,37.1,37.9,38.7,40.5
12:24:08.000,NaN,76.1,NaN,69.6,66.9,74.7,71.9,67.2,70.0,68.8,67.5,64.0,62.5,57.4,52.2,48.1,46.3,50.4,52.5,53.6,52.9,52.9,58.2,62.1,67.1,69.7,70.8,67.7,64.6,58.2,43.8,33.7,33.3,34.3,35.8,37.2,37.7,38.7,40.7
12:24:09.000,NaN,75.0,NaN,75.8,69.4,72.3,64.1,67.4,67.9,69.5,67.5,61.2,62.8,55.5,55.4,45.5,45.2,47.7,52.1,53.9,53.4,54.0,59.3,61.1,66.6,69.1,68.7,67.1,62.7,60.5,49.0,35.7,33.1,34.4,35.6,37.0,37.8,39.0,40.7
12:24:10.000,NaN,73.8,NaN,62.4,72.3,71.4,68.7,65.8,66.4,67.0,67.0,62.5,60.4,54.9,53.0,47.7,45.9,48.9,51.4,52.9,54.9,54.4,60.5,61.4,65.1,67.3,67.5,66.9,60.0,57.2,49.2,35.3,33.1,34.4,35.8,37.0,37.9,38.8,40.6
12:24:11.000,NaN,74.6,NaN,73.0,72.2,74.0,71.1,66.4,63.2,66.5,65.4,61.1,55.8,53.8,52.5,46.6,47.6,47.2,50.8,53.8,54.4,54.7,61.7,63.5,65.9,67.8,69.1,67.2,60.1,52.4,42.5,33.6,33.4,34.5,35.7,37.1,37.9,38.8,40.6
12:24:12.000,NaN,75.4,NaN,70.4,73.0,73.6,65.7,70.4,65.9,65.4,64.0,61.9,57.2,54.3,53.6,48.5,48.2,47.9,51.4,52.1,52.7,54.1,61.7,65.6,68.9,69.2,68.9,66.5,62.8,55.5,41.8,33.5,32.9,34.6,35.7,36.9,37.8,38.8,40.6
12:24:13.000,NaN,73.5,NaN,67.8,67.5,72.0,72.4,70.6,67.7,63.6,63.3,57.9,56.4,54.6,52.9,47.3,48.3,47.2,51.4,53.0,51.6,51.8,60.4,65.4,66.5,68.4,66.1,63.8,60.9,53.6,42.7,33.2,33.3,34.3,35.8,37.2,37.8,38.7,40.5
12:24:14.000,NaN,70.6,NaN,67.3,61.5,75.8,72.7,71.2,68.1,66.3,63.5,58.6,57.2,53.7,54.1,47.8,46.7,47.8,50.1,51.4,49.3,50.5,59.8,61.0,62.7,66.2,62.6,61.5,57.2,49.9,40.8,32.5,33.1,34.4,35.8,37.1,37.8,38.8,40.6
12:24:15.000,NaN,68.0,NaN,73.2,66.2,71.4,75.0,74.9,68.7,68.5,64.3,59.5,54.7,51.2,51.7,46.9,45.5,47.8,49.5,50.3,49.6,49.5,55.4,57.8,60.0,62.5,61.2,60.2,55.3,49.9,38.3,32.3,33.3,34.4,35.9,37.1,37.9,38.9,40.7
12:24:16.000,NaN,66.6,NaN,69.8,71.7,75.7,68.2,70.5,73.0,70.0,67.1,58.2,58.9,56.4,54.0,45.8,44.5,46.9,48.6,50.6,49.4,48.5,53.6,56.3,56.9,60.0,60.6,59.4,54.1,46.2,36.5,32.1,33.3,34.5,35.8,37.0,37.9,38.9,40.6
12:24:17.000,NaN,66.9,NaN,67.1,75.6,71.9,72.5,69.6,73.0,71.6,67.6,65.2,64.2,58.6,53.7,45.7,47.5,48.5,48.3,51.2,49.6,49.7,54.7,55.9,57.7,61.5,60.4,59.0,52.9,46.6,36.3,32.4,33.1,34.2,35.6,37.0,37.8,38.9,40.5
12:24:18.000,NaN,67.4,NaN,69.0,70.7,71.6,68.0,67.6,72.9,68.9,69.8,66.0,65.6,61.4,56.3,50.5,50.0,51.2,49.9,51.0,51.0,50.5,54.8,56.0,59.6,61.5,61.2,58.5,53.3,46.5,37.0,32.2,33.2,34.4,35.8,37.1,37.8,39.0,40.6
12:24:19.000,NaN,68.2,NaN,72.6,73.1,69.8,69.4,67.4,73.2,70.7,71.4,66.6,62.5,61.3,57.0,50.3,50.5,50.3,50.8,51.5,51.3,52.2,55.5,58.5,60.2,62.6,61.1,59.3,54.5,49.3,37.0,32.7,33.2,34.3,35.8,37.1,37.8,38.8,40.6
12:24:20.000,NaN,69.6,NaN,70.6,71.5,67.0,72.0,71.1,72.0,72.3,68.9,67.2,64.7,60.7,53.7,49.7,49.1,50.5,50.6,51.1,52.0,52.0,56.5,59.4,62.1,65.2,61.0,60.2,56.0,50.4,40.6,32.8,33.4,34.4,35.8,37.2,37.9,38.8,40.7
12:24:21.000,NaN,72.8,NaN,64.2,71.9,67.3,72.3,73.1,73.7,72.3,69.9,66.0,63.9,55.7,55.1,49.6,47.9,49.2,51.1,51.0,51.7,51.8,57.6,61.4,67.8,68.4,64.1,60.9,57.0,50.5,40.5,32.5,32.9,34.5,35.9,37.1,37.8,38.7,40.7
12:24:22.000,NaN,75.8,NaN,62.5,68.7,73.0,68.9,74.3,68.5,72.0,69.0,63.0,60.3,56.5,52.9,50.0,47.8,49.8,51.4,51.7,51.6,52.6,58.0,62.6,69.4,71.7,69.3,64.6,59.4,52.4,42.1,33.0,33.2,34.7,35.9,36.9,38.0,38.8,40.7
12:24:23.000,NaN,75.6,NaN,68.2,70.2,70.4,74.4,71.1,69.8,71.9,67.7,62.4,58.1,51.5,52.1,47.9,47.4,49.0,50.8,52.0,52.3,52.0,58.3,61.4,66.9,70.8,69.6,67.7,60.8,52.3,41.2,32.9,33.1,34.4,35.9,37.0,37.7,38.7,40.6
12:24:24.000,NaN,75.0,NaN,66.8,74.3,64.9,71.7,71.1,71.2,67.9,64.0,61.1,57.5,53.7,54.1,48.5,47.0,48.8,51.5,51.9,53.3,53.6,58.8,61.0,66.0,68.6,69.7,67.3,62.6,51.7,40.5,32.5,33.5,34.6,35.7,37.1,38.0,38.8,40.7
12:24:25.000,NaN,72.8,NaN,66.4,62.5,69.2,70.2,71.5,69.5,67.9,61.4,58.6,57.1,55.1,54.6,48.2,48.8,48.3,52.1,53.0,52.4,54.3,58.9,61.2,65.6,67.6,66.4,64.3,58.3,50.1,39.8,32.6,33.1,34.4,36.0,37.2,37.7,38.7,40.6
12:24:26.000,NaN,71.5,NaN,73.3,66.4,72.8,67.1,69.0,71.1,67.7,62.8,58.8,56.7,53.1,52.9,49.1,48.7,49.6,50.6,52.7,52.1,52.0,58.2,62.2,65.4,66.2,63.8,62.6,58.0,49.9,39.9,32.4,33.3,34.4,35.7,37.2,37.9,38.8,40.6
12:24:27.000,NaN,72.0,NaN,62.8,71.8,68.3,68.9,68.2,66.4,66.5,58.2,58.7,57.5,51.7,53.8,49.5,47.2,49.7,53.0,53.2,53.1,51.8,58.6,62.1,64.9,66.1,65.9,61.8,58.0,50.2,39.2,33.1,33.1,34.3,35.8,37.0,37.8,38.8,40.7
12:24:28.000,NaN,72.9,NaN,61.9,68.7,73.8,69.4,70.5,66.9,64.5,60.9,59.9,56.6,52.3,50.8,47.0,46.8,49.5,51.9,52.6,53.0,51.0,57.9,62.2,66.7,68.4,65.2,62.4,58.8,50.1,40.1,32.7,33.1,34.2,35.8,37.1,37.8,38.9,40.6
12:24:29.000,NaN,73.5,NaN,63.6,70.1,71.1,65.3,67.2,65.7,63.3,61.5,58.8,56.9,53.0,52.2,46.8,47.7,48.1,50.2,52.0,52.7,51.6,57.4,63.2,67.3,67.7,66.2,64.6,62.1,54.5,43.3,33.7,33.4,34.3,35.8,37.1,37.9,38.8,40.6
12:24:30.000,NaN,74.1,NaN,69.5,66.7,69.4,67.8,63.2,62.1,66.1,60.8,59.2,57.4,54.6,52.8,46.1,45.0,46.6,50.4,51.5,51.6,51.3,57.8,61.3,66.4,67.4,68.0,66.7,62.3,56.1,45.4,33.7,33.3,34.5,35.6,37.1,37.9,38.8,40.6
12:24:31.000,NaN,72.5,NaN,70.3,69.6,68.1,70.0,67.6,65.8,64.7,62.5,58.8,55.8,53.1,56.1,45.1,44.6,47.3,52.4,52.1,51.5,52.0,57.8,60.3,65.5,66.8,66.6,63.8,59.9,51.7,41.7,33.0,33.2,34.4,35.8,37.1,37.7,38.8,40.5
12:24:32.000,NaN,70.9,NaN,70.7,67.7,70.2,68.3,65.7,67.1,63.1,63.4,59.3,59.4,54.6,52.6,49.2,49.6,48.8,50.6,52.0,53.6,53.5,56.9,60.0,62.7,65.0,64.2,63.0,58.7,49.9,40.4,32.7,33.2,34.6,35.4,37.1,37.9,38.7,40.7
12:24:33.000,NaN,71.0,NaN,63.8,67.1,70.2,65.2,66.6,61.4,64.7,64.9,62.0,58.4,52.2,54.2,51.2,49.9,49.4,51.8,53.7,53.8,53.0,57.3,60.6,63.7,65.1,63.5,62.3,58.0,50.4,40.2,32.9,33.3,34.4,35.9,37.0,37.9,38.9,40.6
12:24:34.000,NaN,71.7,NaN,69.9,65.8,69.3,61.9,67.5,66.0,61.1,63.8,63.2,59.1,56.6,54.7,53.8,49.5,50.1,53.9,52.5,53.5,53.3,57.4,59.8,65.7,66.0,65.0,62.5,56.8,52.3,41.8,32.5,33.1,34.5,35.8,37.1,37.8,38.8,40.6
12:24:35.000,NaN,72.0,NaN,73.7,60.3,70.7,61.9,64.5,66.7,68.2,64.1,63.8,59.6,57.9,52.9,55.7,55.8,48.1,52.0,54.3,53.3,53.2,57.3,61.7,65.6,66.7,65.1,62.4,59.9,51.3,41.4,33.0,33.4,34.5,35.9,37.1,37.8,38.9,40.7
12:24:36.000,NaN,73.7,NaN,70.1,71.9,69.5,63.3,62.9,64.5,65.9,64.6,62.8,63.4,60.4,54.6,58.5,53.8,47.9,51.3,53.2,52.4,52.2,57.7,64.4,67.8,68.2,65.3,64.0,63.2,55.2,43.0,33.5,33.3,34.3,35.7,37.2,37.6,38.7,40.6
12:24:37.000,NaN,75.3,NaN,69.1,69.6,70.1,70.3,59.3,66.2,63.4,65.4,64.7,60.2,56.0,54.1,54.4,56.3,50.3,52.5,53.3,51.4,53.0,59.8,64.8,70.2,70.0,67.0,65.1,62.4,57.1,48.1,34.9,33.1,34.4,35.7,37.0,37.9,38.9,40.6
12:24:38.000,NaN,76.8,NaN,72.5,70.8,69.0,67.2,64.6,70.0,66.8,67.5,65.8,60.5,57.4,56.2,57.3,53.1,49.2,54.8,53.1,51.2,55.2,61.0,65.7,70.6,71.7,69.3,67.9,64.6,56.2,47.3,34.7,33.3,34.7,35.8,37.1,37.8,38.7,40.6
12:24:39.000,NaN,76.9,NaN,65.1,67.6,67.9,65.7,70.4,67.9,67.1,64.2,63.6,61.3,57.8,56.2,56.1,54.9,50.7,53.2,54.2,50.0,56.2,62.4,67.5,70.5,71.2,69.5,67.3,65.1,57.6,46.0,33.9,33.3,34.3,35.7,37.1,37.8,38.9,40.6
12:24:40.000,NaN,76.9,NaN,67.1,67.4,69.0,65.7,72.5,68.3,68.3,67.0,62.6,60.7,55.4,54.2,51.9,53.9,49.5,52.9,52.4,50.4,54.8,63.4,67.7,71.2,72.1,70.3,64.7,61.2,55.6,45.6,34.3,33.0,34.5,36.0,37.0,37.9,38.9,40.6
12:24:41.000,NaN,76.3,NaN,70.5,67.2,67.0,68.0,68.5,67.5,69.0,67.7,66.1,63.3,59.9,53.5,53.6,47.1,48.8,51.4,52.3,50.7,52.5,62.6,65.8,70.0,69.9,70.1,67.1,62.5,57.7,48.1,35.8,33.4,34.4,35.7,37.1,37.8,38.9,40.7
12:24:42.000,NaN,74.8,NaN,75.3,69.6,68.5,68.1,70.4,72.6,68.9,69.6,63.8,66.0,57.9,56.4,52.5,49.2,49.5,51.6,51.9,52.0,49.9,59.2,63.6,67.0,67.6,69.4,67.0,62.9,55.4,44.9,34.2,33.1,34.3,35.7,37.1,37.9,38.9,40.5
12:24:43.000,NaN,71.8,NaN,73.9,59.9,70.9,71.9,71.8,71.6,69.0,68.1,67.0,61.5,59.6,55.2,52.3,50.2,49.5,52.8,51.6,51.5,49.7,55.5,60.0,65.2,66.1,64.8,63.2,59.4,53.1,43.0,33.0,32.9,34.4,35.7,37.1,37.8,38.9,40.6
12:24:44.000,NaN,68.1,NaN,69.0,71.3,71.6,69.6,67.8,71.5,69.7,69.6,65.4,64.4,57.5,53.9,52.0,50.5,49.4,51.2,53.2,52.7,49.4,54.1,58.6,62.6,62.8,60.1,57.9,56.1,49.5,39.1,32.5,33.1,34.6,35.7,37.1,38.0,38.8,40.6
12:24:45.000,NaN,67.2,NaN,67.4,64.6,68.1,63.9,69.2,71.8,71.0,70.1,65.5,63.2,54.0,54.8,53.2,50.6,49.8,50.3,53.0,51.6,49.9,53.5,58.3,60.5,58.4,60.4,59.0,57.5,49.9,39.5,32.6,33.2,34.4,35.6,37.2,37.8,38.9,40.6
12:24:46.000,NaN,67.9,NaN,69.4,67.7,72.1,69.3,71.7,68.6,70.2,66.0,65.9,61.8,55.2,54.2,50.0,51.5,47.6,51.6,53.8,51.3,51.6,54.5,57.4,59.7,59.3,61.5,60.9,57.1,50.0,40.8,32.9,33.2,34.5,35.7,37.2,37.8,38.9,40.5
12:24:47.000,NaN,68.6,NaN,69.2,71.8,72.5,70.2,70.1,68.9,69.9,68.9,64.9,57.4,53.9,57.1,51.2,49.5,49.4,52.9,52.5,54.1,55.3,57.7,58.9,60.0,62.0,62.0,59.9,57.4,49.7,41.3,32.6,33.2,34.3,35.7,37.2,37.7,38.8,40.6
12:24:48.000,NaN,68.3,NaN,68.3,72.1,71.2,67.0,72.1,63.2,67.1,64.2,59.7,58.3,54.0,55.6,51.5,49.4,49.7,51.9,51.7,53.9,54.2,56.8,59.0,60.8,63.0,60.8,60.6,54.4,48.4,38.1,32.4,33.4,34.5,35.9,37.3,38.0,38.8,40.6
12:24:49.000,NaN,68.4,NaN,70.3,70.9,68.1,67.3,67.7,66.1,65.5,64.5,62.1,59.7,53.7,53.8,49.2,49.8,49.1,50.9,52.1,51.6,52.9,55.6,58.7,60.6,63.6,60.3,59.6,54.5,46.8,37.7,32.6,33.5,34.5,35.7,37.2,37.8,38.9,40.6
12:24:50.000,NaN,69.1,NaN,71.2,68.4,67.7,73.7,68.0,66.1,66.1,61.4,61.2,57.6,53.2,55.1,51.2,47.7,48.7,51.3,51.3,53.3,51.8,54.5,57.9,60.3,63.5,62.1,61.3,56.8,48.5,38.6,32.6,33.3,34.4,35.6,37.1,37.8,38.7,40.6
12:24:51.000,NaN,70.5,NaN,71.1,70.8,63.7,69.8,68.5,63.4,66.2,65.1,56.3,56.4,55.5,52.8,51.9,47.9,48.7,52.1,51.6,52.1,50.8,56.1,58.3,60.7,64.2,64.1,63.4,60.2,50.3,38.1,32.5,33.1,34.4,35.7,37.2,37.9,38.8,40.6
12:24:52.000,NaN,69.4,NaN,66.6,69.5,68.9,66.8,62.5,67.2,66.1,60.7,59.5,54.2,54.6,52.9,51.4,48.0,48.0,50.2,50.1,51.6,53.1,56.6,59.3,61.3,62.8,62.5,61.5,58.7,49.7,39.7,32.6,33.3,34.7,35.8,37.2,37.7,38.9,40.5
12:24:53.000,NaN,70.7,NaN,65.1,71.4,67.5,67.1,63.6,65.4,63.9,60.9,58.2,54.5,49.9,53.8,51.8,49.7,50.7,50.6,50.8,50.6,52.5,57.1,59.7,64.6,62.8,65.6,61.2,57.5,49.1,40.7,32.7,33.2,34.4,35.6,37.1,37.9,38.7,40.7
12:24:54.000,NaN,72.0,NaN,70.5,70.5,63.0,62.4,65.7,63.1,64.4,58.6,57.8,53.9,53.6,54.6,49.1,48.6,50.5,49.8,50.6,50.0,51.9,55.2,59.5,63.5,63.8,66.7,63.5,62.6,53.6,42.0,33.1,33.1,34.3,35.7,37.0,37.7,38.9,40.7
12:24:55.000,NaN,72.3,NaN,66.4,69.9,63.7,59.6,67.7,63.8,61.4,59.2,58.9,55.9,52.3,55.4,49.7,50.9,51.4,51.4,51.7,50.4,52.3,56.5,59.1,62.3,65.4,65.9,64.1,63.5,54.9,44.3,34.0,33.2,34.4,35.8,37.2,37.8,38.8,40.5
12:24:56.000,NaN,70.5,NaN,68.8,62.9,65.6,59.7,63.4,67.3,61.3,57.4,57.5,56.3,51.8,55.4,49.9,50.9,50.1,52.1,50.8,51.4,51.0,56.9,59.6,62.1,62.8,64.9,63.5,57.7,50.0,41.2,33.2,33.3,34.4,35.6,37.1,37.9,38.8,40.5
