AMBIENT,65.0,53.1,62.1,43.2,42.6,43.5,46.2,48.3,48.3,61.4,49.8,54.1,46.0,51.6,51.7,51.7,51.2,48.2,46.5,46.5,43.1,43.3,45.1,42.7,41.5,40.5,38.2,37.6,37.5,38.0,38.8,39.5,40.3,41.3,42.2,43.2,44.2,45.2,46.2
12:19:48.819,65.2,51.4,61.8,41.8,40.1,44.7,48.4,46.8,48.3,61.8,51.5,50.4,44.5,51.1,53.5,52.3,53.8,49.0,42.2,43.3,39.2,42.6,39.8,36.3,36.4,38.5,38.3,37.0,37.9,38.3,38.7,39.1,40.1,41.3,42.4,43.1,44.2,45.2,46.3
12:19:49.819,65.0,54.7,62.4,30.3,34.2,41.4,46.7,46.8,45.4,60.5,51.2,54.2,47.5,51.1,54.5,51.6,53.5,48.1,44.5,45.4,39.7,40.6,40.6,47.9,49.5,52.1,44.0,38.5,36.7,37.5,39.7,39.7,40.4,41.2,42.2,43.2,44.0,45.1,46.3
12:19:50.819,65.4,51.4,62.3,45.1,43.4,43.5,46.3,43.3,48.6,61.4,50.5,54.6,48.3,50.6,53.5,52.1,53.1,49.2,44.6,45.9,42.0,39.0,38.8,39.5,37.7,35.4,35.3,35.5,36.7,37.3,38.8,39.3,40.1,41.3,42.2,43.2,44.1,45.2,46.2
12:19:51.819,65.4,51.9,62.6,40.0,43.6,45.1,41.9,47.9,49.5,61.4,50.5,52.5,50.0,52.0,52.8,51.8,51.9,47.6,49.4,43.9,43.6,37.4,35.0,34.9,35.2,34.3,35.0,35.4,36.1,37.2,38.5,39.4,40.1,41.1,42.0,43.2,44.1,45.0,46.2
12:19:52.819,67.7,61.6,65.6,44.3,46.6,46.5,46.2,49.6,47.1,60.9,51.0,54.0,45.0,50.9,52.8,51.4,53.5,51.0,54.6,49.0,48.0,52.0,53.5,56.5,56.5,46.6,44.7,51.2,43.3,40.8,39.5,40.0,40.2,41.4,42.4,43.1,44.3,45.2,46.2
12:19:53.819,66.9,60.8,65.3,47.2,45.9,44.4,43.7,43.1,45.6,60.4,50.9,56.3,44.8,50.0,53.2,52.2,53.4,49.5,46.7,48.1,46.5,49.8,49.5,58.7,56.7,41.2,42.2,40.7,38.4,38.3,38.6,39.5,40.6,41.6,42.4,43.3,44.0,45.3,46.2
12:19:54.819,67.3,61.6,65.7,40.2,43.8,40.2,43.7,45.2,46.4,60.8,51.6,55.6,46.8,50.8,51.1,53.4,54.0,49.3,50.5,49.6,51.8,51.5,49.8,60.5,55.9,42.0,39.5,38.0,37.4,38.5,39.0,39.8,40.3,41.2,42.1,43.0,44.0,45.3,46.3
12:19:55.819,66.3,59.1,64.1,44.8,42.1,40.0,41.6,45.1,49.1,60.5,51.2,50.6,46.3,52.0,53.0,51.2,52.3,49.6,45.8,46.3,49.4,44.3,47.5,55.8,51.6,40.3,48.1,47.1,41.5,39.5,41.0,40.4,40.7,41.7,42.4,43.3,44.1,45.2,46.3
12:19:56.819,69.4,66.5,68.5,44.9,45.3,44.2,43.6,43.5,49.7,61.0,51.2,54.6,48.4,53.0,55.0,51.9,53.6,51.3,54.1,48.7,45.3,48.3,48.1,56.7,64.5,60.2,49.5,54.3,52.2,47.6,41.6,41.0,40.6,41.3,42.3,43.2,44.2,45.1,46.1
12:19:57.819,68.1,63.8,66.7,41.3,38.4,39.0,44.6,48.8,50.1,61.4,50.9,51.8,43.7,49.5,54.2,50.7,53.2,48.6,47.3,47.3,48.1,45.7,57.2,59.6,53.7,51.9,49.1,48.7,42.2,40.7,39.6,40.3,40.8,41.7,42.2,43.0,44.2,45.1,46.1
12:19:58.819,67.3,61.6,65.2,44.8,44.5,45.3,42.3,42.4,50.1,61.4,49.9,50.6,46.2,52.1,51.0,53.1,52.5,49.6,48.6,49.5,45.1,46.1,52.8,54.8,56.9,57.0,49.7,47.6,45.3,45.8,42.2,40.2,40.5,41.5,42.3,43.2,44.1,45.2,46.2
12:19:59.819,67.3,60.6,64.7,43.6,47.6,47.5,40.9,47.1,49.1,60.5,51.2,53.4,48.3,51.6,51.7,52.0,53.7,48.5,47.2,49.0,43.7,47.3,50.7,54.8,54.6,47.8,50.1,42.0,40.1,38.8,39.0,40.0,40.8,41.6,42.3,43.2,44.1,45.0,46.3
12:20:00.819,71.5,69.7,70.9,43.7,45.9,45.8,40.9,42.4,47.5,60.8,51.9,55.7,47.5,51.5,52.7,51.4,51.6,50.5,48.0,47.0,46.8,46.0,45.8,54.0,70.6,63.3,50.1,54.3,47.8,42.6,40.1,40.0,40.6,41.2,42.3,43.2,44.3,45.3,46.1
12:20:01.819,68.6,63.6,67.1,42.7,46.0,46.1,47.2,44.7,46.8,60.9,50.7,53.6,47.4,50.8,54.6,53.1,54.0,52.0,48.9,51.0,56.5,48.2,53.3,63.9,61.1,49.8,49.4,49.1,42.4,42.8,43.1,40.7,40.7,41.6,42.2,43.3,44.2,45.1,46.1
12:20:02.819,88.1,72.2,84.4,76.4,74.6,75.3,77.2,75.8,77.6,77.2,79.1,74.6,72.5,74.7,77.2,75.6,72.7,81.7,73.8,65.7,70.5,62.4,60.4,58.7,61.9,66.6,51.3,47.1,44.8,41.5,44.4,43.8,40.9,41.7,42.2,43.4,44.1,45.2,46.1
12:20:03.819,93.1,73.8,89.3,69.7,72.5,76.0,76.7,79.0,82.7,84.2,83.6,77.3,78.5,75.8,76.5,73.5,71.5,68.7,68.5,66.7,66.9,63.4,63.1,71.0,65.4,65.6,56.0,52.8,54.8,48.0,48.9,47.2,46.8,46.4,44.0,43.7,44.4,45.2,46.3
12:20:04.819,105.7,77.6,102.7,82.5,86.0,85.3,90.7,91.9,94.7,97.9,96.4,94.7,93.4,95.1,94.7,90.3,82.4,77.4,76.2,68.3,65.6,62.2,57.7,57.2,59.0,65.6,55.4,43.1,52.7,44.8,46.7,42.9,41.5,42.1,42.3,43.3,44.3,45.1,46.2
12:20:05.819,107.7,81.2,104.8,82.2,88.6,93.5,94.5,90.8,96.1,99.8,102.9,100.0,98.6,95.8,93.8,93.6,87.9,83.3,81.2,74.1,73.1,69.0,64.8,64.3,62.3,58.5,51.3,45.1,44.7,44.5,41.6,40.6,40.6,41.7,42.4,43.1,44.3,45.2,46.3
12:20:06.819,109.4,85.4,107.4,76.5,84.0,84.2,89.8,90.9,95.5,97.9,102.0,105.0,99.4,97.5,98.5,95.3,91.7,89.3,86.7,82.3,78.6,76.9,74.4,72.8,70.2,65.4,59.0,49.6,42.2,42.9,41.9,41.7,42.0,42.1,42.3,43.5,44.2,45.2,46.0
12:20:07.819,109.7,89.7,107.4,81.5,86.2,86.0,88.7,97.9,99.0,97.0,100.2,102.1,99.9,100.4,99.8,98.7,96.9,92.2,91.2,87.7,85.9,81.2,80.8,80.1,82.3,70.5,65.8,63.3,53.0,50.7,52.4,43.3,46.7,45.0,44.0,44.0,44.3,45.1,46.2
12:20:08.819,113.6,93.4,111.6,87.6,89.8,92.4,95.8,102.1,100.7,100.8,104.2,106.0,106.1,104.2,104.4,104.3,99.9,97.3,96.7,92.4,90.8,85.5,83.9,80.9,78.7,74.8,71.3,65.4,61.0,57.2,53.9,50.5,45.7,43.2,42.8,43.4,44.1,45.2,46.2
12:20:09.819,114.6,95.2,112.5,84.3,92.6,95.3,99.3,101.2,104.5,104.0,107.0,104.4,105.1,103.5,104.0,104.4,102.6,99.8,97.2,96.0,91.4,90.3,85.7,82.9,81.3,78.4,73.8,68.4,65.0,61.6,58.4,53.9,48.2,44.2,42.9,43.2,44.2,45.2,46.3
12:20:10.819,115.0,95.5,112.9,87.5,87.2,92.9,100.0,100.4,100.8,104.3,101.4,106.7,106.6,105.4,105.8,104.7,100.9,100.6,100.2,95.7,91.5,89.6,84.9,83.0,81.4,79.3,74.9,69.9,66.1,62.4,62.2,57.9,52.0,47.8,44.7,43.6,44.2,45.3,46.2
12:20:11.819,113.8,94.3,111.9,89.5,92.7,94.2,98.0,97.3,99.7,104.0,102.2,105.0,105.1,103.9,100.4,102.8,103.0,98.6,97.8,93.3,91.3,87.1,83.3,80.8,79.1,75.8,70.8,65.2,60.0,56.4,54.3,48.1,44.0,42.3,42.3,43.3,44.1,45.3,46.1
12:20:12.819,110.5,91.2,108.8,86.6,88.2,90.9,97.8,99.6,101.0,98.5,96.1,98.7,98.8,100.3,99.2,103.8,97.8,95.0,95.1,88.0,85.4,84.2,78.9,77.3,75.7,72.0,67.4,59.8,54.1,48.9,44.4,41.0,40.7,41.5,42.2,43.3,44.3,45.1,46.3
12:20:13.819,111.2,92.1,109.9,88.5,89.3,91.2,90.2,95.3,96.0,94.6,96.4,100.6,98.0,101.4,104.7,102.1,95.6,98.9,94.6,89.9,87.5,84.8,81.1,76.8,76.6,73.2,69.6,62.2,56.3,51.6,46.7,42.5,41.1,41.6,42.4,43.2,44.3,45.3,46.2
12:20:14.819,112.2,93.9,111.0,91.2,93.2,97.3,99.4,96.3,96.3,96.6,97.2,98.2,99.3,103.9,106.7,101.0,100.6,100.2,95.5,91.6,89.0,88.2,84.4,82.3,79.6,78.8,75.7,69.5,65.5,62.1,60.0,54.6,48.8,44.7,43.0,43.1,44.1,45.2,46.3
12:20:15.819,113.7,93.6,112.5,88.1,88.6,91.2,95.1,94.4,100.7,98.9,96.4,98.8,107.0,108.5,106.4,102.3,101.9,97.5,94.8,92.2,87.8,87.6,83.9,82.3,80.5,77.6,75.1,69.5,64.5,59.9,58.2,52.7,48.7,44.6,42.9,43.3,44.0,45.1,46.2
12:20:16.819,113.2,94.0,111.7,90.9,94.0,95.4,96.9,95.6,98.5,96.7,98.6,108.2,104.5,104.4,102.7,102.9,100.0,98.5,94.4,91.4,90.7,87.7,86.1,83.6,80.1,78.1,76.0,69.9,66.3,62.7,59.0,54.3,47.5,43.7,42.5,43.1,44.0,45.1,46.2
12:20:17.819,115.2,96.6,113.9,90.5,88.9,90.7,90.4,96.2,97.9,98.8,103.1,106.1,105.4,109.1,105.4,106.7,103.0,98.9,96.3,94.4,92.6,92.2,90.2,86.9,83.6,80.8,79.4,74.2,70.1,67.9,65.6,63.5,59.2,54.2,49.3,44.9,44.4,45.2,46.1
12:20:18.819,114.6,96.1,113.3,83.8,90.2,87.6,89.3,96.7,98.6,101.7,100.7,107.9,105.4,108.1,105.9,104.3,100.3,96.8,95.3,92.5,93.9,92.7,89.3,84.5,82.2,79.5,76.8,72.8,68.9,66.3,63.8,59.3,53.9,48.0,44.0,43.2,44.1,45.1,46.2
12:20:19.819,116.5,97.4,115.1,88.6,91.0,91.5,95.9,96.4,99.5,104.2,107.8,109.1,108.4,111.7,106.5,105.3,98.8,96.3,96.0,96.6,96.7,93.6,90.0,87.4,85.3,80.7,79.8,75.9,73.1,71.0,68.8,65.1,60.3,55.3,49.1,44.8,44.4,45.2,46.1
12:20:20.819,116.1,98.8,114.6,88.0,91.9,94.3,97.8,102.8,103.9,100.5,104.2,109.8,109.2,108.5,108.8,104.2,100.7,96.7,97.1,98.6,98.2,95.6,93.1,91.4,89.3,82.8,83.4,79.2,78.0,75.3,74.4,71.6,66.5,61.6,59.7,51.3,48.2,46.1,46.3
12:20:21.819,118.1,99.3,116.4,84.2,88.4,96.1,99.6,97.8,102.8,108.0,107.9,112.8,110.8,110.8,107.0,102.3,99.6,95.7,100.1,98.0,99.4,95.8,91.7,91.8,87.8,81.7,80.0,77.6,76.5,73.2,72.3,70.8,66.4,60.0,53.1,47.1,44.9,45.3,46.3
12:20:22.819,117.3,97.0,115.2,82.5,89.2,95.1,96.9,99.3,105.8,104.2,107.5,111.3,109.9,110.1,104.3,100.9,95.9,96.7,97.0,97.3,96.9,92.4,88.9,88.2,84.7,78.7,75.9,72.7,70.3,68.1,67.6,66.0,60.6,54.3,46.9,43.8,44.2,45.0,46.1
12:20:23.819,119.1,100.2,116.8,86.7,93.1,96.2,99.0,102.5,108.6,108.6,110.8,110.3,110.4,108.8,106.0,102.4,98.2,100.7,100.4,101.0,98.9,96.2,93.4,92.3,89.2,84.1,81.1,77.8,76.0,73.3,73.3,73.3,68.7,62.1,54.5,47.9,44.9,45.2,46.2
12:20:24.819,117.5,99.9,115.1,91.6,92.3,98.0,102.1,102.5,102.4,108.3,107.4,110.2,109.3,104.7,105.2,98.4,98.6,101.8,100.5,100.5,98.8,96.3,92.5,90.8,87.5,84.2,78.7,76.9,78.6,74.6,76.0,77.4,73.9,68.1,61.0,52.7,47.2,45.8,46.3
12:20:25.819,117.9,100.2,115.8,89.9,90.9,99.3,103.5,104.4,107.9,107.2,108.9,111.4,107.8,106.9,102.7,98.7,100.9,102.5,101.8,100.9,98.5,96.4,92.3,90.5,88.1,83.4,79.7,76.7,77.1,73.8,73.3,72.0,69.0,66.7,62.9,56.4,49.8,46.4,46.3
12:20:26.819,118.0,99.0,115.4,94.7,98.2,101.1,101.4,106.6,107.4,110.4,112.6,111.2,105.1,106.5,103.2,98.8,99.6,102.2,100.1,99.8,98.5,94.7,90.4,88.3,86.7,81.5,78.0,76.6,76.2,74.1,73.1,70.1,69.0,64.5,57.2,48.5,44.4,45.1,46.1
12:20:27.819,119.1,99.1,115.3,96.6,100.2,104.6,111.6,111.0,107.0,112.0,110.8,109.0,105.9,103.8,103.3,100.3,100.2,103.4,101.0,99.6,97.4,94.1,91.2,89.9,89.1,84.3,79.1,78.5,78.4,77.7,77.3,74.5,71.8,68.2,62.2,53.4,47.0,45.4,46.2
12:20:28.819,117.1,97.8,113.7,98.6,101.3,103.4,103.0,107.3,107.0,107.7,108.9,108.4,106.0,100.4,100.4,98.1,100.5,100.8,99.0,97.6,96.5,93.3,90.2,89.2,87.3,84.3,78.3,78.2,79.3,78.2,76.8,74.1,68.9,62.2,52.8,44.9,44.4,45.4,46.2
12:20:29.819,116.3,96.9,112.5,96.1,98.9,98.6,104.0,110.0,107.7,106.6,105.4,107.9,104.3,102.6,99.4,97.6,99.2,100.3,97.1,98.7,96.3,92.2,88.0,87.5,85.7,83.2,78.7,76.9,78.4,76.6,73.4,71.7,67.2,62.3,52.8,45.3,44.2,45.2,46.2
12:20:30.819,115.9,97.3,112.4,93.6,99.5,104.9,102.8,104.1,104.9,109.8,106.1,103.9,105.6,102.1,99.0,100.5,101.0,100.2,98.3,98.1,96.4,90.7,88.5,88.8,88.3,83.0,80.6,77.3,81.3,82.0,79.6,76.5,74.0,69.5,59.9,53.4,46.1,45.3,46.2
12:20:31.819,115.4,95.4,111.8,98.2,99.4,98.7,104.9,103.7,104.7,106.5,105.4,105.1,103.3,103.8,97.7,96.2,99.4,99.0,96.1,96.2,93.5,88.0,86.0,84.0,84.4,79.0,75.3,70.9,71.9,71.4,67.4,63.3,59.8,53.2,43.6,43.2,44.0,45.0,46.1
12:20:32.819,116.8,98.5,113.2,97.5,98.2,100.7,105.4,104.0,107.5,107.7,105.1,105.6,105.5,102.7,100.5,100.8,102.6,99.9,100.4,99.1,96.0,91.9,89.8,89.0,89.8,85.2,82.0,76.9,79.5,79.6,77.3,74.0,71.8,68.0,59.2,53.2,46.0,45.2,46.2
12:20:33.819,117.1,98.9,113.7,91.3,96.1,103.1,107.5,108.8,109.1,106.1,107.9,108.1,102.3,102.9,103.1,102.4,101.7,100.4,100.8,99.8,94.6,91.6,91.0,89.0,88.5,85.5,83.9,78.8,81.1,82.1,81.7,79.5,76.3,70.7,62.5,53.4,45.6,45.1,46.2
12:20:34.819,116.4,98.5,113.4,97.8,99.9,97.0,101.3,106.8,102.4,107.2,110.4,105.2,103.2,103.5,102.3,102.2,102.2,99.4,101.2,99.1,94.2,92.4,91.4,89.8,89.0,86.3,84.0,77.2,76.9,78.9,79.2,78.1,74.2,68.0,62.3,55.2,47.2,45.6,46.3
12:20:35.819,116.9,95.9,111.7,98.2,101.5,106.7,106.3,109.9,108.5,106.5,103.7,101.4,102.4,102.6,99.2,98.2,99.5,96.7,97.1,95.4,90.4,90.2,89.5,86.6,84.7,81.3,79.1,73.4,69.4,66.9,66.0,62.9,56.1,46.2,42.7,43.1,44.3,45.1,46.3
12:20:36.819,116.2,96.5,111.5,97.0,101.6,103.7,108.4,110.5,107.6,105.9,104.5,102.9,103.1,103.4,99.9,98.9,98.2,97.6,98.8,96.0,92.8,90.1,90.3,88.2,88.3,85.7,81.9,77.4,74.7,75.6,75.5,72.4,66.3,56.9,49.5,44.2,44.2,45.2,46.4
12:20:37.819,116.1,98.7,112.7,98.8,103.7,106.3,105.9,105.7,105.3,106.0,106.5,105.9,105.3,105.3,103.2,102.2,101.9,101.3,100.4,96.4,94.1,94.5,92.6,91.8,91.3,88.0,84.6,83.2,81.5,83.8,83.0,79.6,75.1,69.2,63.7,54.1,47.5,45.6,46.3
12:20:38.819,114.9,96.8,111.1,95.0,96.2,98.1,103.0,104.1,102.4,104.8,99.7,102.7,102.2,99.9,101.8,101.3,99.2,99.0,97.7,93.6,91.6,90.6,89.0,89.3,86.3,82.3,81.3,77.5,74.2,75.1,73.2,69.6,63.1,53.2,46.2,43.3,44.2,45.2,46.2
12:20:39.819,115.8,97.8,111.7,96.7,101.4,101.8,104.5,104.9,104.5,101.9,102.0,103.8,103.6,103.9,99.5,100.6,99.6,100.1,97.1,94.1,93.7,93.1,90.0,89.7,87.5,82.4,82.0,77.3,75.5,77.0,75.2,71.7,66.8,58.8,51.8,44.5,44.3,45.2,46.2
12:20:40.819,115.8,96.2,111.3,96.2,105.8,109.9,108.2,105.7,105.5,104.4,103.6,105.0,102.4,100.5,101.3,98.7,98.8,98.9,94.7,92.8,92.1,89.5,88.8,88.3,85.6,84.4,84.5,80.4,79.1,80.2,78.8,74.6,69.3,64.9,59.4,48.3,45.1,45.3,46.1
12:20:41.819,115.1,96.9,110.6,103.3,102.2,106.8,107.9,104.8,104.1,104.8,101.1,100.9,100.0,101.0,101.7,99.2,101.2,98.4,96.1,94.6,92.7,91.9,90.2,89.5,85.9,86.4,84.8,81.2,80.2,79.9,77.4,72.1,66.2,59.2,50.6,44.2,44.3,45.3,46.2
12:20:42.819,114.3,94.2,109.5,102.8,104.5,103.7,103.4,104.9,106.8,104.3,101.0,102.1,101.6,98.4,98.2,97.1,99.1,97.2,94.2,90.9,90.5,88.9,86.8,86.1,81.4,82.3,80.1,74.5,73.1,71.8,68.7,61.6,53.5,45.2,42.6,43.2,44.3,45.2,46.1
12:20:43.819,112.3,93.1,108.2,94.1,101.2,102.6,102.4,101.6,102.6,102.6,101.9,99.8,99.9,98.2,96.2,97.6,97.8,95.2,94.1,91.2,90.3,86.0,85.7,82.9,79.9,80.3,78.4,74.1,73.0,71.5,68.9,62.6,56.1,49.2,43.7,43.2,44.2,45.2,46.2
12:20:44.819,111.7,90.5,107.3,99.9,99.1,98.9,98.4,101.6,102.2,100.2,100.5,100.6,98.3,96.9,98.4,95.1,98.2,94.8,92.9,89.6,88.6,85.2,82.5,81.5,78.7,78.8,75.5,69.1,66.6,64.6,58.6,50.3,43.3,41.8,42.2,43.1,44.1,45.2,46.2
12:20:45.819,111.1,89.9,107.1,96.2,99.2,102.8,100.5,97.4,96.7,104.5,100.0,101.7,99.2,97.9,99.0,95.9,97.2,91.2,91.7,87.8,87.1,85.3,83.2,80.1,79.1,79.9,77.8,73.7,71.9,69.5,65.0,58.0,49.8,42.8,42.2,43.1,44.2,45.1,46.1
12:20:46.819,109.6,90.2,106.1,94.8,96.7,100.4,98.5,99.7,98.2,101.1,97.8,97.1,97.3,93.9,96.1,94.7,97.7,91.9,93.2,89.6,87.7,85.1,81.5,79.3,78.5,78.2,75.9,71.6,69.1,68.0,62.6,54.1,45.7,42.2,42.4,43.2,44.0,45.2,46.3
12:20:47.819,106.6,86.5,103.9,91.6,92.5,92.1,94.4,94.9,96.9,97.2,93.2,99.1,97.3,93.6,96.1,93.0,93.8,87.0,86.8,84.6,84.3,79.8,76.3,74.2,73.0,71.2,68.1,61.7,56.4,52.6,45.0,40.1,40.6,41.5,42.3,43.3,44.1,45.0,46.1
12:20:48.819,107.6,87.1,104.3,89.5,94.5,96.4,96.8,92.5,98.9,97.7,98.3,100.2,95.7,93.5,95.5,92.7,93.8,88.2,89.4,87.9,85.2,83.3,80.0,77.6,76.1,73.8,69.5,62.4,57.0,50.4,42.6,39.9,40.5,41.1,42.4,43.2,44.1,45.2,46.2
12:20:49.819,107.8,85.1,104.7,90.7,96.0,93.3,91.6,95.0,90.9,97.7,101.7,97.8,96.4,95.3,94.5,95.6,93.1,87.8,87.0,85.2,82.2,78.0,72.7,67.3,67.8,64.6,59.8,52.9,49.2,46.2,42.0,40.3,40.6,41.6,42.2,43.1,44.0,45.1,46.2
12:20:50.819,107.4,85.2,104.0,93.7,94.2,96.3,95.4,95.4,96.5,95.8,95.4,98.0,98.2,94.6,95.6,95.5,92.2,88.3,89.4,86.2,83.5,80.4,75.3,71.8,71.4,70.3,66.1,58.0,52.8,46.2,40.5,39.5,40.3,41.3,42.2,43.1,44.3,45.3,46.1
12:20:51.819,107.2,83.8,103.0,91.7,89.3,96.3,97.3,96.8,96.8,98.3,93.1,96.0,94.9,94.8,93.8,96.0,90.4,88.9,84.9,83.3,79.9,77.7,72.2,67.6,65.2,64.5,59.5,47.8,41.0,38.6,40.4,40.3,41.2,41.6,42.4,43.3,44.3,45.1,46.1
12:20:52.819,105.6,83.9,102.2,95.2,92.8,86.3,92.5,94.4,93.0,90.4,91.3,94.5,95.4,94.6,91.9,92.2,88.2,87.4,85.9,84.3,81.6,79.0,75.0,72.6,70.4,68.7,64.6,55.6,46.7,39.6,38.8,39.5,40.3,41.1,42.3,43.2,44.4,45.2,46.1
12:20:53.819,106.3,82.4,102.0,92.0,95.9,96.6,95.0,95.0,94.2,92.7,96.8,93.4,95.0,92.7,91.6,90.3,89.2,86.6,86.2,82.5,76.1,73.2,66.1,63.2,62.2,60.3,54.8,47.8,44.1,43.4,39.7,39.7,40.5,41.2,42.1,43.2,44.2,45.1,46.2
12:20:54.819,105.7,80.1,101.3,91.7,95.3,95.3,93.0,90.8,93.8,95.5,95.1,95.9,96.3,91.8,92.6,92.1,88.2,85.5,84.4,79.7,75.4,71.0,67.2,64.9,61.7,57.1,50.5,43.7,38.7,38.3,39.3,39.6,41.8,41.8,42.3,43.1,44.3,45.1,46.2
12:20:55.819,105.7,79.9,101.5,93.3,94.8,96.8,94.2,87.2,94.1,95.0,97.3,95.5,94.9,90.4,90.0,90.1,86.5,82.0,82.4,77.7,75.8,69.3,65.7,62.2,58.6,54.1,47.0,39.1,37.2,38.6,39.1,39.2,40.3,41.4,42.0,43.2,44.1,45.0,46.3
12:20:56.819,104.7,80.0,100.9,91.7,93.9,94.4,91.5,95.1,94.1,95.0,93.9,94.8,94.4,91.5,93.2,89.9,87.2,84.7,84.0,79.8,76.6,72.4,67.7,63.3,57.5,53.8,47.5,42.1,38.3,38.5,38.4,39.7,40.5,41.4,42.3,43.3,44.2,45.0,46.0
12:20:57.819,104.5,79.9,100.8,92.8,94.2,90.3,90.3,94.4,91.4,96.5,94.4,95.5,92.3,91.1,93.2,91.1,87.9,84.5,83.2,79.6,76.3,71.6,68.8,65.0,62.9,62.6,57.2,51.9,45.3,40.2,38.9,39.6,40.4,41.5,42.4,43.3,44.2,45.3,46.1
12:20:58.819,105.0,79.1,100.5,91.7,91.6,96.7,95.4,95.8,96.7,92.7,93.4,93.6,94.9,91.9,92.8,88.5,85.7,82.9,84.4,79.2,75.5,68.3,62.2,57.7,53.2,46.7,41.0,37.5,37.0,38.3,39.4,39.7,40.4,41.3,42.3,43.3,44.2,45.1,46.2
12:20:59.819,105.1,79.2,100.6,93.1,92.5,91.5,93.7,92.3,93.3,92.8,94.8,93.3,95.1,89.3,88.9,88.0,86.2,82.0,82.4,79.2,73.6,69.7,64.6,58.8,55.0,46.9,41.8,39.7,37.1,41.1,41.3,39.7,40.5,41.1,42.5,43.2,44.3,45.2,46.4
12:21:00.819,104.4,78.6,99.7,92.8,94.0,95.8,92.8,91.6,92.5,95.0,92.5,90.5,92.6,88.6,92.3,89.4,85.4,82.7,82.5,77.9,73.7,67.8,61.7,55.5,52.5,49.1,42.8,41.9,40.4,40.4,39.8,39.3,40.3,41.4,42.5,43.1,44.0,45.2,46.1
12:21:01.819,104.5,76.8,98.5,94.4,95.8,92.8,89.4,91.7,93.7,94.4,91.5,92.1,91.7,87.4,89.6,89.5,83.2,81.6,81.6,75.9,69.8,65.9,60.6,55.3,52.1,45.8,46.3,43.5,40.7,42.9,41.3,40.4,41.8,42.1,42.3,43.3,44.2,45.1,46.2
12:21:02.819,103.1,76.7,98.9,88.1,88.0,89.3,92.3,94.0,91.4,88.5,94.3,92.6,92.3,88.1,89.5,85.4,83.7,79.9,80.5,76.8,73.5,66.5,61.4,55.3,48.9,43.2,41.0,38.4,37.6,38.9,39.0,39.5,40.3,41.3,42.3,43.2,44.1,45.2,46.3
12:21:03.819,103.7,75.4,98.5,93.3,91.9,91.7,90.5,90.8,95.6,92.3,92.2,91.6,90.0,89.7,88.6,85.4,82.3,78.3,77.7,74.2,70.0,64.8,60.4,55.3,51.7,46.1,44.1,40.3,41.1,39.5,40.0,39.8,40.4,41.3,42.2,43.1,44.4,45.3,46.3
12:21:04.819,103.2,74.7,97.8,92.2,96.0,94.2,90.5,90.5,91.6,95.0,91.6,91.5,89.7,89.5,88.4,86.3,82.6,78.1,76.5,73.0,70.2,63.6,59.9,54.7,48.7,43.9,38.8,38.9,39.2,39.4,39.6,39.8,40.7,41.3,42.4,43.3,44.1,45.2,46.1
12:21:05.819,104.3,76.1,99.1,87.2,93.1,95.2,97.4,94.1,92.7,95.7,92.8,93.7,93.5,90.2,90.6,86.2,84.2,80.7,79.7,75.3,70.5,64.4,60.0,53.2,50.5,47.2,40.7,44.0,39.8,39.7,38.8,39.7,40.2,41.3,42.2,43.3,44.1,45.3,46.2
12:21:06.819,103.8,74.4,98.1,89.9,92.9,93.6,93.7,92.3,91.7,94.3,90.7,88.2,91.6,88.0,88.1,86.1,81.4,79.9,77.6,70.8,66.1,61.3,60.5,53.0,57.5,51.4,52.3,50.0,41.7,39.6,40.8,40.7,41.1,41.7,42.2,43.0,44.1,45.3,46.3
12:21:07.819,104.5,74.4,98.6,95.0,94.1,95.5,89.9,91.1,92.5,95.6,92.4,91.0,91.4,87.9,88.8,84.6,81.8,79.6,78.2,71.6,64.7,58.9,54.6,50.3,44.6,40.8,38.5,39.2,37.4,38.3,39.0,39.8,40.7,41.4,42.3,43.3,44.1,45.2,46.1
12:21:08.819,106.0,75.0,98.4,97.5,98.0,94.3,92.1,98.3,93.9,93.6,93.9,91.4,92.3,89.6,88.9,85.2,82.5,81.5,80.2,72.7,68.1,64.1,59.6,55.6,51.5,46.7,42.5,40.9,37.9,38.8,39.0,39.5,41.0,41.3,42.3,43.2,44.2,45.1,46.2
12:21:09.819,106.4,75.7,99.4,93.4,96.8,99.0,96.7,96.4,95.4,92.9,92.2,93.5,94.8,92.0,87.3,88.5,82.8,82.7,80.3,73.2,68.9,63.4,60.7,54.8,51.4,45.4,40.4,38.3,38.8,38.2,39.1,40.0,40.8,41.3,42.2,43.2,44.1,45.1,46.2
12:21:10.819,103.2,73.2,97.0,89.3,89.3,93.4,92.4,90.4,91.5,91.3,93.5,87.8,91.8,90.8,86.5,84.2,81.3,78.9,75.8,70.8,65.3,60.5,54.5,49.8,47.0,43.2,40.0,37.7,38.6,41.0,39.6,39.4,40.6,41.4,42.2,43.1,44.2,45.2,46.1
12:21:11.819,103.0,72.1,96.9,92.7,89.9,87.8,94.9,94.3,91.2,94.9,91.3,91.9,90.9,85.1,85.5,81.4,79.3,77.6,75.2,69.3,64.0,58.9,53.0,50.0,51.1,45.3,43.9,39.8,40.1,38.7,39.2,39.9,40.4,41.3,42.2,43.2,44.1,45.2,46.1
12:21:12.819,103.1,70.1,95.1,94.2,91.0,91.7,92.5,91.1,90.8,90.3,89.7,90.4,86.5,85.5,84.4,80.9,77.8,76.6,72.1,65.8,58.9,55.0,52.1,52.8,48.5,45.1,40.5,40.0,40.2,39.4,39.7,39.7,40.5,41.2,42.2,43.1,44.2,45.2,46.2
12:21:13.819,101.3,69.8,94.5,93.7,90.3,89.0,87.9,88.0,88.1,90.1,86.7,87.8,89.6,87.0,83.0,81.2,77.8,73.8,69.1,63.4,58.8,53.9,51.3,51.5,52.9,48.2,44.3,44.6,39.6,39.3,39.6,39.8,40.5,41.3,42.3,43.2,44.3,45.2,46.1
12:21:14.819,101.8,72.3,95.6,85.6,89.3,90.1,92.1,91.7,89.9,88.2,90.5,88.7,90.8,87.4,88.3,81.8,78.9,76.2,75.5,68.7,64.0,58.9,55.1,56.5,59.3,54.1,53.8,49.3,45.0,42.5,42.0,41.6,41.0,41.7,42.3,43.2,44.2,45.3,46.2
12:21:15.819,103.9,75.1,95.4,94.7,95.6,93.2,94.0,93.5,90.2,89.6,91.0,88.5,86.6,87.2,84.4,81.2,79.0,77.9,75.5,70.0,65.3,59.4,60.6,65.3,65.5,69.2,61.8,55.8,53.8,47.9,51.0,44.8,43.8,43.4,43.7,43.7,44.3,45.3,46.2
12:21:16.819,102.4,73.8,95.1,88.2,91.7,93.8,92.3,92.7,90.1,93.5,90.3,88.8,86.1,85.4,85.2,81.3,76.9,76.5,73.7,66.6,63.5,59.6,60.2,65.2,62.4,67.8,59.4,57.5,57.7,54.9,52.4,45.6,44.8,45.3,45.0,43.9,44.6,45.3,46.2
12:21:17.819,100.5,73.1,94.9,89.2,86.4,86.3,91.8,91.9,86.9,85.1,92.4,88.0,85.6,86.1,84.5,82.1,75.7,73.7,69.2,64.0,60.5,56.1,55.8,58.7,68.3,64.2,58.2,59.0,55.9,52.9,48.2,45.3,44.0,44.2,43.8,43.8,44.4,45.2,46.2
12:21:18.819,101.4,72.9,94.3,85.2,89.5,92.2,93.4,91.5,88.9,87.5,90.8,88.3,87.1,84.3,84.5,81.0,78.5,74.3,71.8,66.0,63.0,58.0,60.1,61.3,62.5,62.6,64.6,64.5,60.5,56.3,53.1,52.3,49.5,47.8,45.5,44.2,44.7,45.5,46.2
12:21:19.819,100.0,73.9,94.6,85.9,90.4,90.1,86.1,89.0,90.1,92.0,87.8,89.6,87.6,86.0,84.7,82.6,78.7,76.1,72.3,66.3,61.2,56.3,55.5,58.2,60.5,62.4,66.9,67.0,63.6,56.7,55.4,48.1,44.6,43.9,43.9,44.1,44.5,45.2,46.2
12:21:20.819,100.4,71.2,93.4,89.3,81.2,84.6,91.6,90.8,89.3,85.4,88.3,85.7,88.0,86.6,80.9,79.3,75.1,73.5,70.7,64.5,58.3,51.8,53.0,54.9,56.7,58.6,62.3,62.4,56.0,52.2,52.8,53.3,44.8,45.6,44.0,43.7,44.3,45.3,46.2
12:21:21.819,100.0,68.7,92.6,90.1,87.5,88.8,87.3,89.7,91.8,85.3,83.4,85.6,83.5,82.7,83.0,77.9,75.1,70.3,66.9,61.5,56.3,52.8,54.7,57.5,54.0,55.1,57.8,54.9,52.5,48.1,46.1,46.1,43.9,43.8,43.9,43.4,44.1,45.2,46.1
12:21:22.819,100.2,67.0,91.7,87.2,90.9,90.7,85.6,84.8,82.7,88.6,84.2,87.5,85.5,83.1,80.9,78.5,74.2,70.2,66.0,59.9,55.0,55.8,53.9,52.0,50.9,52.6,50.3,47.0,46.1,40.3,40.0,39.6,40.5,41.5,42.4,43.1,44.0,45.1,46.2
12:21:23.819,99.4,67.5,92.5,87.8,87.4,90.1,88.8,85.0,89.9,87.1,88.8,88.4,85.6,81.0,83.0,80.0,75.7,73.0,68.1,61.7,56.3,52.6,54.9,53.4,50.8,46.7,45.4,44.7,41.5,40.5,39.8,40.4,41.1,41.7,42.3,43.2,44.2,45.1,46.2
12:21:24.819,99.5,66.8,91.0,88.7,91.0,86.9,81.1,84.5,84.4,84.3,87.8,85.9,81.2,78.2,82.6,78.9,74.0,70.8,65.9,60.1,55.1,51.9,53.4,51.9,50.2,46.2,42.5,40.8,40.5,41.0,40.0,39.8,40.7,41.2,42.2,43.1,44.1,45.2,46.1
12:21:25.819,99.1,66.6,91.2,92.1,88.2,82.6,85.0,88.3,88.6,85.8,86.8,85.5,82.1,83.5,80.7,75.5,73.5,69.8,66.6,60.3,56.3,56.7,53.4,52.0,50.5,46.3,47.6,46.6,44.0,41.9,41.9,40.7,41.6,42.0,42.7,43.2,44.2,45.1,46.2
12:21:26.819,97.9,65.6,90.8,82.8,89.5,86.6,83.2,86.5,90.6,89.5,85.1,82.8,82.0,81.1,79.5,76.2,73.5,71.1,66.9,60.7,55.7,53.1,51.1,49.9,53.2,48.7,43.2,42.1,39.2,39.0,39.6,39.9,40.4,41.4,42.2,43.2,44.1,45.2,46.3
12:21:27.819,98.7,66.0,90.6,87.1,86.7,90.6,89.6,89.0,88.0,87.9,86.7,84.4,82.1,80.4,80.6,77.4,74.2,71.8,67.1,60.5,56.8,54.5,54.8,55.4,51.0,46.5,46.0,45.5,40.7,40.1,39.9,40.4,40.8,41.6,42.2,43.2,44.3,45.3,46.2
12:21:28.819,97.3,66.5,90.7,75.6,76.5,80.3,92.8,90.9,85.5,86.5,84.1,83.0,82.9,80.6,79.4,77.1,74.9,71.9,65.6,60.7,55.7,53.3,53.5,50.2,52.7,46.3,44.1,42.5,40.4,39.9,40.0,39.9,40.4,41.5,42.3,43.3,44.1,45.2,46.2
12:21:29.819,97.8,66.0,90.3,87.7,88.7,89.9,89.7,89.6,85.5,80.8,84.7,82.8,81.4,80.3,80.5,77.4,73.4,69.5,66.9,61.4,56.3,55.6,56.3,54.6,52.1,49.2,50.8,46.0,41.3,42.5,43.4,41.1,40.4,41.7,42.4,43.2,44.2,45.2,46.2
12:21:30.819,97.4,64.0,89.6,89.1,88.2,88.5,90.6,85.9,86.0,82.6,85.1,85.2,81.1,78.9,75.7,74.2,71.1,68.3,64.0,59.7,58.2,54.6,53.5,50.2,47.6,47.9,46.5,43.9,40.5,40.6,40.3,39.7,40.3,41.4,42.1,43.2,44.1,45.3,46.2
12:21:31.819,96.2,63.5,89.0,83.3,82.1,84.3,83.6,89.9,86.5,83.1,83.6,80.9,81.2,79.6,75.5,71.4,70.8,65.0,62.2,56.1,52.4,50.0,51.0,50.2,52.9,48.0,46.5,41.1,39.2,40.1,39.3,40.0,40.3,41.3,42.4,43.2,44.2,45.2,46.3
12:21:32.819,96.3,63.1,87.4,88.1,83.2,83.7,86.1,82.5,82.8,83.9,79.5,81.8,79.6,77.5,78.5,74.5,72.0,68.0,59.9,57.1,50.3,49.9,49.2,49.9,46.7,45.7,42.9,40.5,39.4,38.8,39.1,39.5,40.6,41.5,42.4,43.3,44.0,45.1,46.2
12:21:33.819,95.4,64.3,88.8,77.7,79.9,80.9,85.7,85.5,82.5,80.5,84.1,80.5,82.8,81.8,77.8,75.8,71.5,68.5,64.0,56.2,52.6,52.0,56.5,55.5,51.1,47.4,45.2,40.1,39.7,39.6,39.9,40.5,41.0,41.7,42.3,43.2,44.3,45.3,46.2
12:21:34.819,96.6,63.5,88.0,80.1,84.7,83.6,85.7,81.4,81.2,84.4,84.0,82.6,81.7,78.1,76.7,74.3,69.5,65.8,61.6,55.9,52.8,50.8,52.7,54.3,55.9,50.1,44.7,40.0,38.8,41.4,39.5,40.6,43.0,41.5,42.5,43.2,44.2,45.1,46.1
12:21:35.819,96.1,64.1,88.6,85.4,84.2,82.8,81.6,84.6,84.5,84.2,82.0,80.7,80.5,81.3,78.4,74.9,70.0,67.5,62.1,57.4,54.9,51.2,52.9,54.1,53.5,52.6,47.7,40.9,39.1,40.0,39.7,41.3,41.5,41.4,42.1,43.2,43.9,45.1,46.1
12:21:36.819,95.2,64.9,88.0,81.2,81.9,80.9,83.4,83.1,87.0,82.2,84.6,82.8,81.2,78.8,76.0,74.1,69.4,63.5,58.6,55.9,53.2,53.8,58.1,59.8,58.1,53.3,49.9,47.6,43.8,43.5,42.2,40.8,40.7,41.6,42.3,43.1,44.1,45.2,46.3
12:21:37.819,93.0,64.1,85.9,83.1,82.0,79.8,80.9,81.1,81.5,82.6,84.2,77.1,77.5,72.0,71.6,69.3,66.3,64.7,58.2,55.0,55.5,55.9,55.9,52.9,53.1,48.6,48.7,46.8,49.0,44.6,43.3,42.8,40.8,41.6,42.2,43.2,44.0,45.2,46.3
12:21:38.819,93.0,63.2,84.7,79.0,79.5,84.4,87.0,85.3,82.4,76.7,79.2,77.7,74.9,72.1,72.2,71.6,65.5,63.1,56.6,55.5,52.7,51.5,50.1,50.5,49.0,42.3,41.7,40.3,49.5,52.6,41.5,39.8,40.6,41.3,42.2,43.2,44.2,45.1,46.1
12:21:39.819,93.1,62.8,86.1,82.1,84.6,83.0,80.4,81.3,82.5,84.2,82.5,79.5,78.5,74.3,74.6,71.3,65.4,61.4,60.3,54.3,54.1,63.4,57.6,54.6,50.3,46.2,44.6,44.4,43.2,44.2,40.4,39.9,40.6,41.3,42.3,43.2,44.1,45.1,46.2
12:21:40.819,94.2,61.7,86.1,76.2,79.3,81.2,86.2,81.7,77.0,81.1,77.5,78.5,80.1,76.5,77.1,72.8,67.3,63.3,58.5,52.8,50.3,51.8,49.1,48.9,46.8,43.2,43.8,38.6,38.3,38.5,39.1,39.8,40.7,41.5,42.3,43.2,44.1,45.1,46.2
12:21:41.819,92.8,61.9,85.9,81.3,75.4,74.2,76.9,83.8,81.5,79.3,82.7,80.4,80.6,77.0,74.8,71.4,69.2,64.3,60.1,55.7,54.0,54.5,55.8,52.7,47.9,43.8,42.8,41.0,38.7,38.4,38.9,39.7,40.5,41.3,42.2,43.2,44.3,45.1,46.1
12:21:42.819,94.5,61.5,85.0,84.7,84.9,81.4,79.6,83.1,81.7,79.9,80.9,77.5,76.4,75.3,73.9,71.2,67.9,63.5,56.7,55.3,54.5,53.9,54.0,54.5,49.8,45.4,44.1,41.6,39.2,38.9,39.4,40.6,40.8,41.4,42.3,43.3,44.2,45.2,46.3
12:21:43.819,92.2,63.1,85.7,75.4,81.3,82.3,78.5,81.1,81.9,81.6,79.8,76.5,75.7,78.5,77.5,73.6,68.6,66.0,60.0,57.0,53.1,53.8,52.3,53.7,50.5,42.9,41.2,39.6,39.6,39.0,39.4,39.9,40.5,41.4,42.1,43.1,44.2,45.2,46.1
12:21:44.819,94.2,61.2,86.7,81.9,81.3,83.1,86.7,86.9,85.5,78.1,77.7,79.4,78.7,77.2,76.7,70.8,68.3,64.5,58.0,53.3,51.2,52.4,51.2,49.4,47.0,43.4,40.9,41.3,39.5,39.3,39.6,39.6,40.5,41.2,42.5,43.1,44.2,45.3,46.2
12:21:45.819,93.9,61.3,85.8,80.6,80.7,80.0,79.3,79.3,82.6,81.7,79.3,80.4,78.8,75.8,74.9,70.7,63.9,61.5,58.7,54.6,53.4,55.3,52.9,52.2,48.6,47.1,42.3,39.4,39.2,38.8,39.9,41.4,43.0,43.2,42.6,43.2,44.1,45.0,46.3
12:21:46.819,92.7,62.8,84.6,73.1,75.1,78.9,82.0,80.5,77.7,81.5,78.9,79.2,78.1,76.4,72.1,68.7,63.6,61.3,56.6,55.4,50.7,54.0,54.9,54.3,57.5,48.1,44.9,49.3,41.4,42.4,41.4,41.5,41.5,41.8,42.4,43.2,44.2,45.0,46.1
12:21:47.819,94.5,62.9,85.1,84.7,88.1,85.3,81.5,78.4,81.8,79.3,78.9,78.8,77.6,71.7,71.0,69.8,65.8,61.9,55.9,55.4,52.6,56.3,54.6,55.3,56.4,50.8,48.8,48.4,42.6,41.9,39.8,40.2,40.8,41.8,42.4,43.2,44.1,45.1,46.3
12:21:48.819,93.5,64.3,85.2,78.6,76.5,79.0,81.5,84.3,83.3,81.5,78.4,78.2,78.2,72.4,68.7,69.8,62.9,60.1,58.9,53.9,54.4,58.5,60.0,60.6,58.1,53.2,49.7,49.5,45.0,48.4,53.3,48.7,42.0,42.5,42.6,43.3,44.1,45.2,46.1
12:21:49.819,93.1,62.2,82.8,84.5,84.3,80.5,79.3,82.9,80.8,77.0,78.4,75.6,76.1,69.4,69.7,67.1,61.7,57.6,56.9,62.0,54.8,57.3,52.9,56.3,55.9,50.5,50.6,47.5,45.4,44.3,43.3,42.6,41.1,41.9,42.6,43.1,44.2,45.1,46.2
12:21:50.819,91.8,62.9,83.8,81.9,83.1,82.0,80.0,81.1,80.5,76.0,79.2,79.0,76.5,71.9,70.8,67.5,63.3,60.7,55.5,54.9,58.6,58.7,56.4,56.2,53.1,48.3,50.0,48.8,44.9,45.7,46.7,44.6,40.9,41.7,42.5,43.2,44.3,45.1,46.1
12:21:51.819,92.4,64.2,83.0,85.5,84.7,80.4,81.8,78.9,77.8,79.0,78.9,73.9,77.7,71.0,68.3,63.9,62.5,61.3,55.4,51.5,52.8,60.3,59.6,60.5,54.8,46.9,42.3,45.3,46.1,43.5,42.4,44.4,44.2,43.1,42.8,43.5,44.2,45.1,46.3
12:21:52.819,92.8,62.2,82.7,79.7,80.4,85.5,83.1,77.8,80.3,77.7,77.9,73.0,75.0,73.2,71.4,66.1,63.0,58.7,52.7,54.1,52.6,53.2,55.0,56.5,52.1,44.2,44.8,45.3,46.1,48.5,46.6,42.5,41.5,42.0,42.6,43.3,44.1,45.3,46.2
12:21:53.819,90.8,61.3,82.7,79.9,74.5,74.4,78.7,81.5,82.6,76.1,75.0,78.6,76.4,74.0,72.6,67.1,63.5,60.1,51.7,53.3,49.7,52.5,57.8,56.3,52.5,48.7,46.8,46.0,44.3,42.9,40.4,41.8,41.8,42.2,42.4,43.3,44.4,45.2,46.2
12:21:54.819,92.1,60.2,82.4,82.5,77.7,80.5,84.0,80.6,77.2,77.9,77.8,76.1,73.5,71.8,71.7,63.9,60.6,58.8,51.4,52.7,51.3,51.5,56.1,54.3,51.8,44.5,44.6,47.7,48.1,45.5,42.0,40.7,40.6,41.6,42.2,43.1,44.4,45.2,46.4
12:21:55.819,91.3,58.5,83.1,79.7,77.1,79.7,81.4,82.6,81.8,80.7,75.2,77.1,71.1,72.2,68.6,65.5,61.2,58.4,51.9,51.1,48.4,48.8,49.0,50.3,48.2,42.6,42.3,40.3,38.7,38.4,39.8,40.0,40.6,41.5,42.3,43.3,44.2,45.1,46.2
12:21:56.819,90.7,61.5,83.0,75.2,79.3,80.4,79.5,80.3,79.8,77.8,77.7,74.4,73.9,72.3,70.9,65.5,61.8,58.0,54.6,59.1,53.5,55.2,56.0,55.3,53.1,44.9,45.0,46.1,47.9,46.2,43.3,43.7,41.7,41.7,42.4,43.0,44.2,45.2,46.2
12:21:57.819,90.9,60.1,84.0,78.9,80.6,80.8,83.3,81.0,78.7,80.1,76.4,79.1,74.1,71.8,71.5,66.7,62.9,61.0,58.2,53.5,51.8,52.4,53.0,51.8,48.0,43.7,41.5,41.2,39.3,38.7,40.0,39.8,40.5,41.3,42.3,43.3,44.1,45.3,46.3
12:21:58.819,92.7,62.4,84.1,82.2,84.5,79.1,78.2,77.0,78.2,80.5,79.6,80.7,77.1,71.1,70.1,68.0,65.8,60.7,55.5,56.8,62.2,56.6,53.4,52.1,49.9,48.8,48.5,45.9,40.2,41.2,44.3,41.4,41.0,41.5,42.5,43.4,44.3,45.2,46.3
12:21:59.819,92.5,61.4,84.9,77.5,80.6,81.8,83.1,79.2,79.6,79.7,79.9,81.0,77.0,73.1,71.8,67.1,62.6,61.4,56.8,56.1,53.2,53.1,56.1,51.6,53.9,50.1,44.5,42.8,41.3,40.7,40.9,40.8,41.1,41.6,42.4,43.4,44.2,45.2,46.2
12:22:00.819,91.7,61.2,84.1,80.5,79.9,82.2,81.6,82.0,79.5,77.2,79.6,80.0,77.0,73.7,73.3,66.8,58.4,56.9,53.2,53.9,54.4,53.0,53.4,55.6,52.2,47.1,43.6,41.8,42.3,41.0,41.1,41.4,40.7,42.0,42.2,43.1,44.1,45.2,46.1
12:22:01.819,90.5,59.8,82.0,83.3,79.7,77.4,79.8,77.1,78.8,75.3,77.0,78.3,75.2,67.8,66.1,63.9,58.3,55.3,50.8,55.2,51.3,52.7,55.3,52.0,52.2,48.0,45.5,43.3,41.2,40.9,40.7,40.8,40.5,41.4,42.2,43.2,44.2,45.1,46.2
12:22:02.819,89.9,60.9,82.0,80.0,79.9,74.9,76.7,78.5,77.4,75.9,75.3,79.4,76.7,70.8,68.0,63.1,59.7,57.5,52.1,52.3,51.7,52.8,56.1,50.0,50.7,49.7,48.6,43.0,39.8,39.1,39.8,40.1,40.6,41.5,42.6,43.3,44.2,45.3,46.3
12:22:03.819,89.6,59.7,82.5,78.2,76.6,79.3,78.3,76.7,76.8,78.5,77.7,77.4,78.8,72.0,66.2,63.6,59.1,56.1,53.1,52.8,56.0,56.3,54.3,51.7,46.4,43.8,41.7,42.0,40.0,39.6,40.6,40.1,40.6,41.5,42.2,43.3,44.1,45.2,46.2
12:22:04.819,89.0,59.5,80.7,79.4,79.8,79.5,77.3,75.5,72.6,76.2,74.7,75.0,75.3,70.7,66.4,63.1,58.6,53.9,53.5,53.0,51.7,52.6,53.3,53.8,55.6,47.1,47.3,41.5,40.1,39.0,39.8,39.8,41.0,41.6,42.3,43.2,44.1,45.1,46.3
12:22:05.819,90.1,63.1,81.4,78.7,79.3,80.1,83.6,78.0,78.9,75.0,74.6,77.6,71.4,68.8,70.0,65.5,59.5,59.1,52.5,61.7,55.4,57.0,60.9,56.5,58.1,50.2,48.1,43.7,41.9,41.0,42.0,40.6,43.3,43.4,42.5,43.3,44.3,45.1,46.1
12:22:06.819,88.7,61.3,80.6,78.8,75.3,73.9,74.5,79.1,76.8,75.4,73.6,76.8,71.4,66.6,67.8,67.3,63.9,58.6,54.7,55.1,52.8,55.0,57.0,56.8,55.3,48.2,46.5,45.9,40.7,40.4,40.9,40.7,40.7,41.5,42.5,43.3,44.2,45.2,46.3
12:22:07.819,89.0,61.6,80.6,78.8,75.4,74.8,72.7,72.4,74.4,75.9,74.7,75.7,71.6,67.9,68.9,67.7,59.3,56.1,54.3,50.9,53.9,57.0,54.5,54.6,55.0,54.1,50.5,42.3,40.2,39.9,41.9,39.5,40.4,41.2,42.3,43.2,44.3,45.1,46.0
12:22:08.819,88.7,62.1,80.4,77.2,75.8,75.0,71.9,78.4,75.8,75.0,74.7,76.4,71.0,66.8,69.5,64.8,58.6,56.1,52.5,51.0,53.6,53.7,53.0,59.0,54.1,50.5,45.6,42.4,40.7,39.4,40.5,40.2,40.9,41.3,42.5,43.2,44.1,45.2,46.2
12:22:09.819,90.3,64.1,80.8,75.6,77.4,79.0,76.9,75.7,74.5,75.5,74.7,75.2,75.6,69.3,68.5,70.4,60.2,58.0,52.9,53.0,53.5,56.1,58.1,61.5,57.0,54.5,50.2,49.0,46.1,42.7,40.7,40.3,40.7,41.6,42.4,43.2,44.2,45.2,46.2
12:22:10.819,90.2,64.8,82.1,80.3,81.9,77.8,73.5,76.0,77.1,75.4,77.6,75.4,77.0,71.1,68.7,67.3,59.3,61.8,56.6,55.4,54.4,58.6,59.7,61.2,58.4,50.6,49.4,51.2,45.8,45.3,43.1,41.2,43.2,43.8,42.4,43.3,44.3,45.3,46.2
12:22:11.819,88.4,67.6,81.1,80.3,78.4,79.0,74.1,75.1,77.7,75.2,71.6,72.8,75.7,69.9,67.3,68.9,61.0,57.2,57.0,59.2,57.0,57.4,64.5,66.3,58.5,56.4,54.5,52.7,44.5,45.2,42.7,42.2,41.2,41.9,42.2,43.2,44.0,45.2,46.2
12:22:12.819,89.4,64.1,80.0,80.1,75.2,74.2,72.4,78.0,72.8,72.9,75.6,71.7,73.9,67.8,68.6,71.4,61.9,58.2,56.5,57.9,55.1,57.1,62.4,57.7,57.2,56.9,52.1,46.9,42.5,42.2,42.0,40.8,40.7,41.6,42.3,43.0,44.2,45.1,46.2
12:22:13.819,88.1,62.9,80.3,74.9,70.8,69.8,76.2,78.5,79.8,76.1,73.7,71.2,71.3,70.2,69.7,63.7,64.1,59.0,55.8,54.2,51.9,54.0,57.4,57.7,55.8,47.6,46.1,42.6,39.0,40.2,40.7,40.6,41.7,41.9,42.6,43.1,44.2,45.3,46.3
12:22:14.819,88.3,61.8,80.7,76.7,77.8,78.8,77.9,75.8,78.3,74.6,75.4,75.0,75.6,66.1,67.9,70.7,62.3,63.8,57.8,56.6,58.4,56.2,57.2,50.6,47.2,44.9,40.1,42.6,44.7,42.7,41.9,40.2,40.8,41.4,42.4,43.1,44.2,45.3,46.2
12:22:15.819,88.3,62.3,80.7,72.1,73.7,74.4,74.1,79.5,76.3,73.9,76.0,74.9,73.9,67.0,66.5,73.2,63.8,61.0,58.9,56.6,51.2,56.0,54.4,53.2,54.7,52.2,50.7,46.3,43.8,44.4,42.2,40.9,40.9,41.7,42.2,43.2,44.2,45.1,46.2
12:22:16.819,89.3,61.9,80.8,76.5,77.6,76.9,78.6,76.8,77.3,71.6,72.2,74.1,73.2,68.8,65.4,74.7,59.6,57.8,59.2,51.3,54.6,57.6,51.9,54.9,55.0,49.3,52.9,50.3,42.1,39.5,40.0,40.2,42.7,43.7,42.6,43.2,44.1,45.2,46.2
12:22:17.819,86.5,63.8,81.0,75.2,74.5,74.8,73.7,67.5,74.4,75.8,75.9,74.8,74.2,69.0,66.6,73.7,60.0,57.6,56.4,53.1,51.0,52.8,56.6,55.6,54.1,58.8,54.9,55.1,46.6,43.1,41.6,41.0,41.3,41.4,42.3,43.2,44.1,45.3,46.1
12:22:18.819,87.2,60.0,79.6,78.5,75.6,76.2,75.4,77.6,69.9,72.8,77.4,74.7,72.8,68.3,65.6,62.8,60.8,61.1,54.7,55.2,50.1,52.0,56.9,52.6,54.1,46.6,45.7,45.0,40.7,41.5,40.1,40.8,41.0,41.7,42.5,43.4,44.2,45.1,46.2
12:22:19.819,89.0,61.5,78.8,79.9,76.5,72.9,71.3,75.1,73.0,76.9,71.7,70.7,72.5,65.6,67.8,61.0,60.2,60.9,57.5,54.1,50.9,53.7,53.4,59.4,55.2,47.7,45.3,43.2,43.0,41.1,41.1,40.8,40.9,42.6,42.1,43.2,44.0,45.2,46.2
12:22:20.819,88.6,59.2,78.8,77.8,79.0,78.1,79.2,73.9,74.4,72.3,75.0,71.5,68.4,68.4,67.3,63.8,57.8,59.7,55.0,52.9,50.7,53.8,50.8,52.6,53.4,44.0,43.2,41.0,39.1,39.0,39.9,39.5,40.3,41.2,42.1,43.2,44.1,45.2,46.2
12:22:21.819,88.7,61.0,80.5,78.8,78.4,78.2,77.9,76.1,74.5,74.4,69.7,73.4,73.4,67.1,67.3,76.7,60.4,58.0,57.6,53.5,52.9,53.6,52.9,52.2,51.1,45.7,43.2,41.5,39.5,39.7,40.6,40.6,40.7,41.7,42.3,43.3,44.2,45.2,46.3
12:22:22.819,87.6,58.4,78.8,72.5,71.4,76.6,74.2,76.2,77.2,74.8,70.1,72.1,70.2,65.3,67.2,70.3,60.3,55.7,55.6,50.6,51.0,49.6,49.8,49.7,47.9,42.9,42.8,42.0,39.1,38.8,39.4,39.6,40.5,41.3,42.2,43.0,44.2,45.1,46.2
12:22:23.819,90.0,60.3,79.7,76.2,75.8,74.7,76.4,78.2,72.9,76.4,70.1,73.8,72.7,68.7,66.6,63.3,59.1,56.4,61.0,53.7,52.2,55.1,54.6,53.6,52.5,46.9,45.6,43.5,43.3,43.2,41.8,41.8,41.9,42.4,42.5,43.2,44.3,45.2,46.2
12:22:24.819,88.5,59.8,77.8,74.7,78.5,80.1,75.1,71.4,74.7,72.9,71.1,71.8,70.6,68.7,67.5,64.7,59.2,55.7,52.7,53.8,51.7,49.4,53.7,55.4,50.8,47.8,43.3,44.0,44.5,42.7,40.0,40.4,40.6,41.1,42.3,43.4,44.3,45.2,46.3
12:22:25.819,89.6,59.8,77.9,75.9,72.8,75.4,73.2,77.2,73.6,75.0,72.7,68.8,69.5,68.8,68.2,65.7,60.6,58.1,52.2,53.3,53.9,53.4,51.7,52.0,52.6,48.1,46.3,47.3,41.9,41.1,40.6,40.7,40.9,41.3,42.3,43.2,44.3,45.1,46.2
12:22:26.819,88.4,62.8,78.5,70.7,73.5,75.5,74.7,74.3,69.9,77.3,71.0,73.7,71.9,69.3,68.6,63.0,60.0,58.2,54.8,54.7,55.3,56.5,60.6,59.9,54.8,49.6,46.3,44.9,42.6,42.9,44.0,44.8,45.0,46.0,43.8,43.5,44.3,45.2,46.3
12:22:27.819,89.0,60.1,77.2,73.1,78.7,81.9,80.0,72.2,73.3,70.5,71.3,70.5,66.7,64.8,64.9,65.3,57.8,53.6,54.1,55.1,51.7,52.0,51.9,57.1,49.5,45.7,46.1,45.0,43.4,42.9,42.6,42.3,42.7,42.0,42.5,43.2,44.1,45.2,46.1
12:22:28.819,88.7,57.8,77.8,74.0,75.0,74.6,78.7,78.0,74.4,73.6,73.5,70.5,69.7,62.7,60.3,63.4,58.2,54.1,52.5,54.0,49.5,50.2,50.7,50.2,50.4,45.4,45.0,42.8,40.0,39.3,40.0,40.1,40.5,41.3,42.1,43.1,44.1,45.3,46.1
12:22:29.819,88.3,61.4,80.4,74.1,73.5,73.3,74.0,78.4,82.6,78.6,75.4,73.3,72.0,68.7,65.0,65.1,62.1,57.6,55.5,54.5,51.1,55.0,58.5,54.4,51.0,45.8,44.0,42.3,45.4,42.0,41.3,41.5,41.7,43.5,42.4,43.2,44.1,45.1,46.2
12:22:30.819,87.7,61.9,78.3,78.9,80.3,77.2,76.4,74.4,74.1,75.0,70.6,73.0,72.0,63.9,63.7,64.4,59.6,57.9,52.4,55.8,57.5,53.8,58.9,60.8,55.2,45.7,44.2,47.0,45.1,44.0,42.2,40.3,41.8,41.4,42.4,43.0,44.1,45.3,46.2
12:22:31.819,87.6,61.1,77.8,77.3,79.0,79.3,78.9,76.3,74.1,72.9,74.7,69.5,69.6,64.9,64.6,63.5,58.8,56.8,52.5,51.0,48.2,51.9,56.3,54.3,54.1,44.9,43.4,46.0,40.5,40.2,40.9,41.1,43.2,43.0,42.2,43.3,44.2,45.2,46.1
12:22:32.819,87.8,60.8,77.9,79.6,77.6,76.3,75.6,72.5,77.8,73.8,71.9,68.0,68.6,67.1,66.7,64.9,59.6,56.0,56.9,56.0,54.8,55.8,55.0,54.4,51.9,47.8,48.4,44.8,44.5,42.1,40.7,42.0,41.0,41.7,42.2,43.3,44.3,45.2,46.2
12:22:33.819,87.4,59.9,78.1,76.7,75.1,74.2,74.6,70.6,69.4,72.5,72.1,73.4,73.1,70.0,67.8,62.4,58.9,56.5,55.8,53.0,51.3,55.7,53.7,53.4,51.2,49.4,46.4,43.2,40.8,39.1,39.8,40.2,40.6,41.5,42.3,43.2,44.1,45.2,46.1
12:22:34.819,85.2,59.5,79.3,73.0,69.9,70.9,69.3,71.3,75.1,72.5,72.7,71.1,73.7,71.5,64.7,64.4,59.5,60.3,59.2,54.3,50.5,53.7,54.1,54.3,51.7,47.2,44.2,43.6,41.1,40.8,40.8,39.9,40.4,41.4,42.2,43.2,44.2,45.3,46.4
12:22:35.819,87.8,58.0,79.9,78.7,76.9,74.6,73.4,78.5,76.5,71.7,69.8,73.9,76.2,69.8,63.0,63.5,59.0,57.1,56.9,51.8,50.3,50.2,48.9,49.0,49.1,43.9,40.2,40.5,38.7,39.5,39.4,39.9,40.7,41.3,42.3,43.3,44.2,45.2,46.3
12:22:36.819,87.0,61.2,80.2,68.1,71.7,77.0,76.2,77.4,78.0,75.7,76.6,73.3,75.4,67.4,63.7,65.0,58.3,57.1,57.0,54.2,57.1,53.7,57.3,56.1,53.8,44.7,44.4,46.6,43.7,42.4,42.1,41.8,41.4,41.5,42.2,43.4,44.2,45.0,46.2
12:22:37.819,85.9,63.2,79.4,75.1,75.2,76.0,71.5,71.7,74.9,71.8,71.5,76.0,74.4,68.5,66.9,69.7,59.2,58.9,54.8,53.6,56.5,56.2,60.6,60.6,56.2,49.0,47.5,42.2,40.0,40.2,42.4,43.7,43.8,42.5,43.0,43.2,44.2,45.1,46.2
12:22:38.819,85.2,58.9,78.7,71.3,73.4,74.1,77.6,74.8,74.6,73.2,76.8,73.9,72.0,68.8,68.3,62.3,58.9,57.4,50.1,52.3,52.2,52.4,53.6,51.7,49.9,44.8,40.5,39.3,41.2,40.7,41.2,42.9,43.7,43.5,42.6,43.1,44.1,45.3,46.1
12:22:39.819,87.0,60.9,79.5,78.8,80.0,73.5,67.4,71.5,76.1,75.0,75.7,76.1,72.0,70.9,68.8,64.4,61.3,59.2,52.5,51.4,51.9,52.3,57.0,56.3,54.4,54.8,46.1,46.9,45.0,43.9,41.9,40.3,41.2,41.5,42.3,43.2,44.3,45.1,46.2
12:22:40.819,88.5,59.8,78.3,76.5,74.2,74.6,71.2,76.2,75.3,75.0,75.0,73.3,69.5,65.3,68.1,65.6,60.6,56.2,54.3,57.9,54.3,55.1,53.0,53.7,49.0,47.4,45.2,44.7,44.4,42.8,42.5,41.1,40.8,42.0,42.3,43.3,44.1,45.1,46.2
12:22:41.819,85.3,60.2,77.4,75.9,71.6,73.4,74.9,77.5,71.3,67.7,70.8,71.6,68.6,66.9,65.5,61.7,59.5,56.0,52.3,54.2,53.8,51.0,53.9,55.4,49.9,46.6,44.3,46.7,41.3,41.1,41.7,41.4,40.9,41.7,42.3,43.1,44.2,45.2,46.2
12:22:42.819,85.1,57.5,76.3,74.3,75.9,74.2,71.4,72.2,75.4,75.0,68.0,69.1,66.0,66.4,62.9,61.5,57.1,52.6,53.6,51.9,51.7,50.6,48.4,51.7,49.1,46.0,43.0,41.1,38.9,39.9,39.2,40.0,40.2,41.4,42.3,43.2,44.3,45.2,46.3
12:22:43.819,87.0,62.9,76.8,78.3,75.8,74.5,72.2,72.0,72.9,74.3,68.2,69.7,68.7,63.4,62.9,60.3,58.3,57.7,54.1,50.8,55.1,57.6,59.0,54.5,52.7,48.1,46.8,43.9,43.0,41.2,39.9,40.1,40.7,41.2,42.2,43.3,44.1,45.0,46.3
12:22:44.819,89.1,62.8,77.6,74.0,77.6,75.6,74.9,77.9,77.2,73.6,72.7,70.4,68.0,64.1,63.4,64.1,57.2,57.7,55.9,53.8,56.3,56.6,56.0,59.2,55.4,49.5,51.4,46.8,43.8,42.1,41.7,41.0,41.6,41.8,42.5,43.3,44.2,45.2,46.1
12:22:45.819,87.1,58.7,78.3,69.9,74.3,76.9,77.1,74.5,75.1,71.0,73.6,74.6,71.1,67.9,63.9,61.6,58.3,56.6,55.6,50.2,52.7,50.6,50.3,55.3,52.0,47.1,44.9,44.3,43.0,40.3,39.5,40.1,41.1,41.3,42.3,43.3,44.2,45.2,46.4
12:22:46.819,88.9,60.7,80.4,74.2,78.0,81.1,77.7,77.3,76.9,75.9,75.3,73.0,74.4,71.3,67.1,61.2,59.0,56.1,55.2,52.7,50.1,53.6,51.8,57.2,54.6,50.5,45.2,46.6,46.0,44.5,42.0,41.1,41.1,41.6,42.5,43.4,44.2,45.2,46.2
12:22:47.819,87.7,65.5,80.1,77.6,75.7,76.4,71.6,71.6,73.7,75.9,75.5,75.6,73.6,68.9,67.2,62.2,59.0,60.3,52.7,52.8,53.1,55.0,57.7,60.1,60.6,59.3,54.2,48.7,44.8,43.9,42.2,41.7,41.0,41.8,42.6,43.4,44.1,45.1,46.2
12:22:48.819,87.8,61.9,80.3,75.0,71.4,75.5,80.9,75.8,71.9,75.2,70.3,75.7,73.5,71.3,69.7,64.1,56.9,54.2,52.1,52.9,50.8,50.8,54.5,52.7,47.3,48.1,42.5,41.4,41.5,39.0,39.5,39.7,40.8,41.9,42.9,43.5,44.3,45.3,46.3
12:22:49.819,87.4,59.8,78.8,75.4,73.9,72.9,73.2,78.2,79.3,75.6,71.2,70.8,70.5,63.8,66.3,62.9,59.7,56.0,53.3,52.4,51.0,51.7,54.3,50.2,47.5,46.2,41.3,39.6,39.0,39.9,39.9,40.2,40.7,41.6,42.4,43.2,44.4,45.2,46.2
12:22:50.819,85.7,72.5,78.1,75.3,72.5,71.0,69.7,74.9,77.6,73.0,70.4,72.3,65.8,63.3,61.8,61.1,57.2,55.5,51.2,59.3,53.1,59.0,55.8,57.3,63.0,56.9,60.3,46.8,42.5,49.8,49.7,46.9,42.6,43.0,43.0,43.6,44.3,45.1,46.2
12:22:51.819,86.7,63.6,75.6,79.1,74.6,73.5,71.8,70.2,73.6,70.6,71.4,67.4,62.7,59.3,59.2,62.2,55.9,55.6,57.7,54.9,52.4,54.2,53.1,54.1,54.2,51.9,47.3,43.3,42.3,41.3,43.1,41.3,41.6,42.2,42.5,43.4,44.2,45.2,46.2
12:22:52.819,84.2,62.2,74.8,76.1,73.7,75.2,76.7,71.1,68.5,70.3,69.6,69.7,62.3,59.1,60.4,59.0,50.8,54.3,53.4,52.9,53.9,57.8,63.0,57.9,52.1,48.6,45.6,45.2,41.4,39.4,39.7,40.8,40.7,41.7,42.8,43.3,44.3,45.3,46.1
12:22:53.819,84.0,59.2,75.3,72.8,75.2,73.3,70.7,72.9,69.9,69.3,69.7,68.0,68.9,63.8,61.7,61.2,57.2,54.5,53.4,51.7,49.3,52.1,51.3,52.9,48.2,45.3,43.6,44.2,42.0,40.6,40.9,40.6,41.1,41.9,42.2,43.2,44.3,45.3,46.2
12:22:54.819,87.0,60.4,76.1,70.7,68.9,73.4,74.8,71.2,69.6,72.1,70.7,72.2,66.3,66.4,64.6,61.9,60.1,57.0,52.1,51.4,54.2,52.2,54.9,55.9,54.1,48.7,45.7,44.1,41.2,40.8,40.7,40.4,40.8,41.6,42.4,43.2,44.2,45.1,46.1
12:22:55.819,84.7,60.1,76.2,75.6,67.2,68.9,68.6,74.2,72.9,72.6,71.6,70.2,69.3,64.3,62.7,62.4,62.1,58.7,52.7,51.3,56.1,53.9,57.0,55.3,47.1,44.0,42.4,43.5,41.6,40.6,40.6,40.5,40.7,41.7,42.4,43.5,44.3,45.2,46.1
12:22:56.819,86.4,57.9,75.0,69.4,71.3,73.4,70.9,71.7,69.5,69.0,68.7,69.3,65.7,63.6,64.0,64.8,60.8,58.4,50.8,54.5,48.7,50.2,48.8,48.7,45.5,41.3,40.0,37.5,38.9,38.6,38.9,40.1,40.7,41.1,42.2,43.4,44.3,45.2,46.2
12:22:57.819,85.6,59.5,75.1,76.2,74.8,73.1,69.3,69.1,69.0,70.7,71.8,68.7,65.2,63.0,65.1,64.4,59.8,56.0,51.4,55.0,53.3,52.0,53.3,53.9,52.9,47.1,43.8,39.8,39.0,40.3,40.7,39.7,40.4,41.4,42.4,43.2,44.2,45.3,46.1
12:22:58.819,85.8,59.8,77.0,76.3,74.2,73.3,75.3,74.7,76.4,73.2,73.1,69.9,67.8,63.2,64.6,64.6,58.6,54.8,56.2,55.1,53.2,53.4,56.5,53.9,51.6,46.9,46.0,40.7,39.2,39.4,40.1,40.8,41.0,41.6,42.4,43.3,44.3,45.3,46.2
12:22:59.819,83.8,57.9,77.0,71.7,70.2,68.9,68.2,74.4,75.8,72.0,71.3,72.0,67.9,65.7,66.3,64.7,58.7,54.2,49.6,51.3,51.1,50.1,51.8,53.0,50.1,46.5,44.8,39.9,37.6,38.8,39.0,39.9,40.5,41.3,42.4,43.1,44.3,45.2,46.1
12:23:00.819,84.0,60.9,74.6,69.6,69.4,74.7,72.0,68.9,68.4,71.4,67.9,70.2,65.6,63.6,60.9,59.0,56.9,55.9,51.9,54.5,54.8,52.3,56.2,58.8,55.8,50.2,49.4,41.3,40.1,39.6,40.7,40.4,40.4,41.6,42.5,43.3,44.1,45.2,46.1
12:23:01.819,84.8,59.2,75.3,69.4,69.9,71.2,72.7,73.9,71.3,71.8,68.4,66.8,67.7,63.3,65.3,61.5,59.8,58.2,56.6,53.9,52.3,51.8,54.7,52.0,50.7,48.8,47.7,46.7,43.7,41.3,40.7,40.5,40.8,41.5,42.1,43.1,44.2,45.4,46.2
12:23:02.819,86.4,59.2,75.6,77.7,71.2,69.6,70.7,77.8,74.0,67.5,69.7,69.0,64.3,63.4,62.8,62.5,59.1,56.1,54.0,55.0,53.3,56.1,54.2,50.9,51.0,44.9,39.9,38.8,38.9,38.9,39.5,39.9,40.5,41.3,42.2,43.0,44.3,45.2,46.1
12:23:03.819,86.3,57.7,74.8,76.1,79.0,75.0,72.1,73.9,72.8,67.4,69.8,69.2,64.0,64.1,63.5,61.8,57.4,54.8,51.7,51.5,48.7,48.4,52.9,52.0,46.8,41.4,41.2,38.7,37.8,39.5,39.7,39.6,40.4,41.6,42.5,43.3,44.1,45.1,46.2
12:23:04.819,84.5,58.9,75.3,73.7,73.7,75.1,75.7,72.3,69.1,70.8,70.2,67.2,67.8,64.3,63.4,60.0,60.3,54.3,54.3,53.8,51.2,54.5,52.3,52.7,52.6,47.3,47.5,45.9,39.4,40.8,40.8,40.0,40.5,41.3,42.2,42.8,44.1,45.1,46.2
12:23:05.819,85.4,60.0,76.4,74.0,77.4,76.0,71.3,72.9,73.4,72.1,72.1,67.3,66.7,62.9,62.7,59.8,57.4,56.4,51.1,53.5,52.6,52.0,53.3,54.2,53.2,44.5,47.0,46.0,40.9,40.1,43.2,40.9,41.0,42.1,42.4,43.3,44.0,45.1,46.1
12:23:06.819,84.5,57.3,76.0,70.6,71.7,77.0,74.6,74.5,70.9,72.3,68.7,67.3,65.9,62.5,62.1,67.3,59.1,58.9,52.4,51.9,52.6,49.7,48.4,48.9,47.4,42.3,40.0,39.3,37.9,38.6,38.8,39.5,40.6,41.5,42.3,43.1,44.3,45.2,46.2
12:23:07.819,85.9,59.2,77.8,74.4,74.1,74.5,76.6,78.0,70.4,71.7,70.1,70.1,70.4,60.9,61.7,69.2,59.3,55.6,52.2,53.4,52.8,52.4,53.0,51.2,46.8,41.6,41.0,39.6,39.2,39.1,39.9,42.0,41.2,42.2,42.8,43.6,44.5,45.3,46.2
12:23:08.819,85.9,56.8,75.9,75.9,75.6,76.9,76.0,76.3,72.4,70.1,67.0,68.1,68.4,63.0,62.1,62.3,56.4,52.2,52.9,51.6,51.6,52.0,51.8,50.0,45.8,42.0,42.6,39.3,38.6,38.2,39.9,40.4,40.8,41.5,42.3,43.3,44.2,45.3,46.2
12:23:09.819,86.8,59.1,79.0,75.7,72.8,74.7,75.0,76.6,79.7,70.6,72.3,71.2,66.9,63.7,61.2,62.9,57.2,55.0,51.4,55.5,51.3,50.7,52.8,50.5,48.9,47.3,45.7,41.8,39.9,38.7,39.3,40.1,40.7,41.4,42.3,43.3,44.2,45.2,46.2
12:23:10.819,87.1,58.9,77.8,74.4,78.1,74.1,74.1,74.2,77.0,73.4,70.9,71.8,68.9,63.9,61.6,60.1,57.0,53.0,51.4,53.1,49.8,52.1,52.7,53.4,53.3,45.3,45.0,40.4,39.3,38.8,39.6,40.3,40.7,41.6,42.5,43.2,44.1,45.2,46.2
12:23:11.819,85.7,57.4,77.1,75.9,72.0,76.7,81.6,75.0,71.9,72.2,69.2,70.9,69.6,67.2,64.1,59.4,55.7,54.2,51.4,51.3,51.6,49.2,52.1,50.8,46.1,42.2,42.2,41.5,39.1,38.8,39.1,39.8,40.5,41.4,42.1,43.2,44.1,45.3,46.1
12:23:12.819,85.1,58.9,76.6,74.6,75.4,74.9,77.6,75.3,71.1,72.9,71.4,71.0,67.8,61.3,62.6,60.2,58.7,56.8,53.1,55.8,57.4,53.0,54.3,51.3,46.8,44.2,41.6,40.6,39.7,41.4,41.2,40.5,41.5,42.1,42.5,43.3,44.2,45.2,46.2
12:23:13.819,86.4,60.8,77.0,78.4,78.3,76.1,70.8,68.7,73.8,71.9,73.0,73.2,67.5,62.3,61.6,62.5,57.5,56.9,51.7,52.3,54.1,52.0,54.1,54.3,52.9,47.2,53.4,46.7,42.7,42.3,42.5,43.3,42.7,42.8,42.6,43.0,44.2,45.4,46.3
12:23:14.819,85.9,63.2,78.2,68.6,65.1,70.0,72.9,77.9,76.1,75.5,72.7,72.8,70.7,66.5,67.5,65.0,58.7,59.0,55.3,52.5,53.8,52.6,57.3,56.8,61.3,51.3,50.2,49.1,43.3,42.1,40.4,40.2,40.9,41.4,42.3,43.3,44.3,45.1,46.2
12:23:15.819,85.3,61.3,77.5,71.3,73.0,76.6,72.3,68.5,69.8,69.6,71.0,68.9,71.5,69.8,69.9,65.6,59.8,57.2,52.2,52.0,54.6,54.9,53.7,56.6,53.1,48.1,45.1,42.5,40.8,40.6,41.6,40.6,41.6,42.2,42.4,43.2,44.3,45.2,46.2
12:23:16.819,87.1,58.5,78.4,73.5,69.2,63.9,71.9,73.2,72.8,74.5,73.7,69.9,71.9,66.3,67.4,63.7,57.1,55.5,55.0,52.8,52.8,50.3,51.7,51.9,47.3,48.6,41.4,39.9,40.6,40.4,42.0,41.3,41.3,42.2,42.6,43.4,44.1,45.2,46.2
12:23:17.819,85.1,57.7,75.3,74.9,70.4,72.3,69.7,68.3,70.0,70.0,69.1,69.8,66.8,63.9,63.1,62.7,57.9,55.6,55.4,51.0,50.2,50.5,52.6,51.1,48.1,43.8,42.0,38.5,40.4,39.7,39.8,39.8,40.9,41.7,42.3,43.3,44.0,45.4,46.2
12:23:18.819,83.2,59.1,75.3,74.6,73.5,71.8,68.9,72.4,70.3,71.9,70.0,70.9,67.4,63.6,62.3,57.4,56.6,55.8,51.3,50.3,51.1,51.2,54.3,54.1,49.8,42.6,41.6,40.1,39.5,39.4,39.6,40.1,41.0,42.0,42.5,43.2,44.3,45.3,46.3
12:23:19.819,84.8,58.6,74.8,70.4,71.3,73.9,72.9,72.8,72.0,69.3,69.0,69.2,65.8,60.2,64.2,58.6,57.5,55.0,50.8,52.9,52.8,53.1,54.2,52.8,47.0,45.5,41.5,40.2,39.8,39.4,40.6,40.5,41.0,42.1,42.8,43.4,44.2,45.3,46.0
12:23:20.819,84.6,58.3,73.8,72.2,68.9,66.9,67.3,68.5,67.9,71.0,69.7,67.5,64.4,63.7,62.0,58.9,56.0,56.8,51.1,51.6,50.6,54.2,52.4,52.3,50.0,44.0,41.8,40.2,38.0,39.1,39.9,40.3,40.9,41.9,42.7,43.5,44.1,45.3,46.1
12:23:21.819,83.0,60.6,73.9,68.1,66.1,69.9,70.0,67.2,69.0,68.9,68.6,67.2,67.0,65.9,64.3,58.6,56.2,54.5,52.0,56.7,51.8,53.5,58.3,56.2,51.6,46.6,43.5,42.2,40.7,40.9,40.9,40.9,41.1,42.2,43.3,43.5,44.3,45.3,46.1
12:23:22.819,83.6,60.3,73.8,71.9,73.8,70.5,70.2,67.0,69.8,71.2,64.3,69.4,65.3,63.5,58.9,61.1,61.4,59.5,56.2,53.9,54.3,53.8,55.7,56.4,50.7,47.9,43.5,45.4,44.0,42.0,40.6,40.4,40.8,41.4,42.3,43.3,44.2,45.1,46.2
12:23:23.819,85.0,57.6,73.9,69.8,70.5,70.2,71.9,72.1,68.1,67.7,64.2,69.0,66.2,60.8,61.1,60.2,55.5,56.5,51.7,49.8,52.0,49.5,48.3,52.0,48.7,44.9,41.5,43.0,44.9,44.5,42.6,43.4,41.3,41.8,42.3,43.2,44.3,45.2,46.3
12:23:24.819,83.6,59.9,72.7,73.6,69.3,70.3,69.8,70.1,67.8,67.2,62.3,67.3,64.0,61.9,60.1,61.1,56.7,54.5,52.6,55.1,52.8,49.0,56.0,53.8,51.0,42.5,40.9,40.7,40.9,46.9,47.1,43.7,42.6,41.7,42.3,43.2,44.2,45.2,46.1
12:23:25.819,83.2,58.2,73.1,69.0,66.5,71.1,73.5,71.7,69.6,67.6,67.4,66.6,62.7,59.3,62.8,61.0,57.6,53.8,50.8,57.2,50.8,50.7,53.6,52.8,47.9,44.0,44.5,41.8,38.1,39.0,39.8,40.5,40.9,41.5,42.2,43.1,44.2,45.1,46.1
12:23:26.819,82.7,58.7,73.2,68.9,67.2,72.5,67.2,69.0,69.3,70.4,67.5,66.2,61.9,61.2,62.2,61.4,57.0,54.2,53.9,54.0,53.1,53.0,53.3,51.0,46.6,44.2,42.5,41.5,39.8,41.2,40.9,40.1,40.5,41.3,42.3,43.2,44.2,45.1,46.3
12:23:27.819,82.0,57.0,72.3,72.5,72.7,71.1,69.1,72.5,70.5,65.8,64.4,67.0,58.7,59.3,58.5,59.7,56.3,52.0,50.1,52.3,52.0,48.6,50.5,49.4,45.4,41.3,38.7,39.5,39.8,39.3,39.7,40.8,40.9,41.3,42.3,43.2,44.1,45.2,46.2
12:23:28.819,84.1,58.0,73.0,76.9,76.2,70.4,67.6,68.5,68.8,71.3,65.5,66.7,60.3,55.2,57.7,62.4,56.9,51.5,50.7,53.2,49.8,49.6,50.0,52.3,48.4,41.9,42.0,38.7,38.4,38.8,39.2,39.7,40.2,41.1,42.1,43.2,44.1,45.1,46.1
12:23:29.819,82.7,58.1,71.8,74.7,70.0,71.1,70.7,69.7,68.0,69.2,65.2,67.4,63.2,56.7,59.0,60.1,55.8,53.2,48.7,48.3,49.4,51.6,51.0,50.9,49.4,42.9,41.0,40.0,40.3,39.4,39.7,40.1,40.7,41.4,42.4,43.2,44.1,45.3,46.3
12:23:30.819,82.7,58.9,71.5,74.0,66.5,65.4,68.6,68.5,66.8,67.3,63.1,65.2,59.2,58.6,58.8,61.9,53.9,52.1,52.2,53.8,49.7,53.2,54.2,54.8,48.7,41.9,40.6,43.6,39.2,38.9,40.4,40.2,41.6,41.9,42.5,43.3,44.3,45.2,46.2
12:23:31.819,83.2,58.8,74.9,77.9,72.5,65.9,69.3,70.4,63.8,68.0,67.5,67.1,67.0,60.6,60.9,59.8,60.3,54.7,53.2,55.4,51.9,53.5,55.7,52.1,49.6,43.9,42.2,39.5,38.6,39.7,40.5,42.8,42.5,42.4,43.1,43.4,44.3,45.2,46.2
12:23:32.819,82.7,57.3,72.8,71.6,72.5,72.7,71.4,72.4,71.5,69.4,67.3,64.0,63.3,62.4,62.1,60.2,57.6,54.9,55.1,51.5,51.6,53.4,49.9,50.7,49.2,42.5,40.4,38.9,38.2,38.6,39.4,39.6,40.6,41.5,42.4,43.3,44.2,45.1,46.1
12:23:33.819,83.7,58.3,73.1,66.4,68.2,70.4,73.4,70.3,68.9,69.4,65.5,63.6,61.3,58.9,60.1,59.1,55.5,52.8,49.9,53.1,51.6,49.0,52.0,51.5,50.4,48.6,43.6,39.8,38.1,38.4,39.6,40.0,40.6,41.5,42.1,43.2,44.3,45.3,46.3
12:23:34.819,82.5,56.3,70.5,71.9,68.3,65.1,64.0,66.9,67.0,66.0,62.8,63.6,59.2,60.3,59.7,59.4,55.1,51.2,49.3,51.7,48.4,48.8,50.5,49.6,49.9,44.9,42.3,38.7,38.6,37.9,38.6,41.2,42.1,41.2,42.1,43.3,44.2,45.2,46.3
12:23:35.819,84.5,58.3,72.4,74.4,74.5,70.3,65.8,71.4,67.8,70.2,65.3,65.7,58.8,58.1,58.4,60.7,54.9,49.6,56.2,53.8,54.0,52.0,52.7,51.4,48.9,48.7,44.3,41.9,41.8,38.9,39.4,39.5,40.3,41.2,42.2,42.9,44.0,45.3,46.3
12:23:36.819,82.6,56.7,72.3,70.2,73.7,73.6,70.7,67.3,67.3,69.9,67.7,67.7,61.2,60.5,60.1,57.1,55.9,52.9,48.8,51.2,49.1,48.2,51.2,49.7,50.0,45.4,41.2,38.2,37.5,38.1,39.0,39.7,40.2,41.2,42.3,43.1,44.2,45.1,46.3
12:23:37.819,84.1,57.0,72.4,75.6,73.4,71.6,73.0,66.8,65.6,67.9,64.4,67.7,62.4,57.2,58.8,61.7,55.7,50.1,50.8,54.4,50.5,51.7,53.5,49.6,45.2,40.7,40.2,39.2,38.2,39.0,38.9,39.6,40.5,41.4,42.4,43.2,44.2,45.1,46.1
12:23:38.819,83.9,56.7,73.5,72.2,71.8,70.6,72.6,68.2,67.2,68.7,68.1,67.1,63.4,58.8,60.2,62.9,59.5,55.0,49.8,51.8,50.8,51.7,52.6,50.6,46.0,43.6,40.1,38.5,37.5,38.6,39.0,39.7,40.4,41.5,42.3,43.1,44.2,45.1,46.1
12:23:39.819,82.6,58.4,73.6,74.5,74.3,74.1,76.2,71.5,69.3,66.8,68.5,65.4,67.3,60.2,60.3,60.2,60.0,52.6,51.8,51.1,49.5,47.0,51.6,56.2,46.7,40.5,43.1,39.7,39.1,39.5,39.1,39.8,40.7,41.7,42.2,43.1,44.3,45.2,46.2
12:23:40.819,81.3,57.9,72.9,69.4,67.4,65.3,69.4,70.7,67.5,65.1,64.8,66.6,65.5,62.1,60.9,57.5,57.6,53.0,48.5,54.4,52.2,52.4,53.9,54.2,48.0,44.1,44.8,42.8,41.0,39.6,39.8,39.9,40.4,41.6,42.3,43.3,44.1,45.1,46.2
12:23:41.819,84.2,57.6,74.0,75.1,70.2,69.9,70.3,73.6,69.2,69.9,67.9,68.5,67.7,59.7,62.9,59.4,59.1,55.8,51.7,54.3,52.4,53.4,52.5,51.4,47.2,42.4,39.8,39.8,38.6,38.5,39.3,39.8,40.5,41.5,42.4,43.2,44.2,45.2,46.2
12:23:42.819,84.0,55.1,73.8,72.1,65.9,70.8,72.7,73.3,71.9,68.9,69.3,70.4,64.9,58.1,56.5,60.4,57.2,51.0,49.0,52.2,50.0,49.1,48.5,45.9,44.9,40.2,38.0,37.3,37.5,37.9,38.7,39.6,40.6,41.2,42.2,43.3,44.3,45.2,46.1
12:23:43.819,83.2,55.3,72.8,71.9,68.6,67.5,67.3,71.1,71.9,68.0,64.3,68.0,61.9,58.9,57.3,60.0,56.1,50.5,49.2,49.8,47.9,48.2,46.4,46.6,45.7,40.2,38.6,37.0,37.3,38.0,38.9,39.4,40.4,41.4,42.1,43.1,44.1,45.1,46.2
12:23:44.819,82.5,57.1,74.7,70.7,68.6,66.5,71.2,71.4,76.4,73.9,65.4,67.5,67.5,65.5,60.7,62.3,54.7,51.9,52.3,53.0,50.8,51.4,50.7,50.6,48.9,46.5,44.1,41.8,37.9,39.1,41.1,40.6,40.9,41.3,42.2,43.4,44.2,45.1,46.1
12:23:45.819,80.2,64.7,72.4,67.3,65.8,68.9,71.6,69.4,68.7,62.9,58.2,65.9,62.6,59.4,60.4,58.0,54.8,50.8,53.1,53.2,51.2,52.8,58.5,59.3,64.6,53.3,54.0,45.1,50.0,41.9,42.3,41.2,41.2,41.5,42.4,43.4,44.3,45.2,46.3
12:23:46.819,82.3,63.0,72.5,67.5,66.0,70.0,72.9,68.8,62.6,67.3,66.8,65.6,62.7,59.5,60.8,62.3,55.2,54.6,54.4,53.7,51.6,55.2,56.2,61.1,60.5,49.3,47.7,46.3,40.3,40.6,41.5,40.3,40.8,41.9,42.3,43.3,44.0,45.2,46.3
12:23:47.819,82.3,60.5,73.1,73.1,69.1,72.0,69.2,69.3,72.1,69.6,66.5,62.6,61.7,58.8,62.3,61.4,55.9,54.1,55.1,55.7,51.9,51.8,53.9,56.1,54.4,50.5,49.8,44.6,40.4,40.0,40.5,40.9,41.5,42.0,42.5,43.2,44.2,45.2,46.2
12:23:48.819,82.6,60.5,72.4,72.0,71.6,73.7,74.8,67.2,65.5,66.3,63.3,66.0,57.6,59.6,59.5,59.3,56.2,55.2,51.5,56.2,55.4,55.0,52.8,53.6,49.8,47.0,44.6,43.5,41.2,42.6,41.9,41.9,42.6,42.8,42.6,43.2,44.0,45.4,46.0
12:23:49.819,80.9,60.4,72.2,65.4,64.5,64.5,70.4,71.2,65.5,67.5,65.5,65.0,59.3,58.4,57.9,60.4,56.7,55.5,51.3,55.8,52.1,53.0,55.2,54.9,52.5,44.3,41.9,41.4,39.6,39.8,40.2,40.2,40.8,41.8,42.4,43.2,44.4,45.3,46.3
12:23:50.819,83.0,61.4,73.9,71.4,68.4,69.6,72.4,68.7,71.9,70.6,68.3,66.5,57.6,57.7,61.7,59.3,55.1,54.8,56.4,53.2,55.0,61.3,56.7,55.8,48.6,44.7,44.9,47.2,44.9,42.4,39.6,40.5,40.5,41.3,42.2,43.2,44.2,45.1,46.1
12:23:51.819,82.9,58.5,72.8,70.4,72.9,72.4,69.5,69.5,70.2,70.3,66.3,64.7,62.1,58.4,63.1,60.5,56.8,52.3,50.4,51.9,57.0,52.0,53.7,52.0,51.4,45.1,42.0,40.5,40.0,40.2,39.5,39.9,40.8,41.3,42.3,43.3,44.3,45.4,46.1
12:23:52.819,82.6,56.7,72.6,67.6,68.8,68.8,72.9,74.4,69.4,67.9,68.3,66.2,65.2,58.2,58.9,57.8,58.1,51.3,48.2,54.1,48.8,53.0,50.9,50.9,45.7,45.9,41.5,39.4,38.7,38.6,39.2,39.7,40.3,41.4,42.1,43.0,44.2,45.2,46.2
12:23:53.819,83.4,57.2,74.5,67.7,71.4,71.3,68.1,66.4,69.3,70.0,68.1,67.8,61.0,56.7,58.6,57.8,57.1,50.6,52.4,51.3,46.5,49.1,50.1,51.5,49.9,47.2,44.5,39.0,38.9,39.3,40.1,40.4,40.6,41.3,42.2,43.3,44.1,45.1,46.2
12:23:54.819,81.6,56.1,73.1,71.5,70.8,72.0,69.6,68.8,71.6,67.0,69.5,66.1,63.0,59.0,58.6,55.9,54.2,52.0,50.4,49.2,52.1,52.1,50.9,48.1,44.0,40.1,38.0,37.6,37.4,38.8,39.2,39.6,40.7,41.3,42.2,43.1,44.0,45.0,46.3
12:23:55.819,84.6,58.1,74.9,72.3,74.8,75.6,71.6,71.5,67.4,68.4,63.2,69.1,68.4,63.8,66.2,60.7,62.0,53.0,50.5,53.7,55.0,56.4,53.1,50.4,46.0,44.8,41.1,42.4,41.7,40.2,39.6,39.8,40.6,41.3,42.4,43.2,44.1,45.3,46.1
12:23:56.819,83.3,59.0,74.7,66.8,65.4,69.6,70.2,69.9,70.5,69.9,66.5,70.5,64.3,62.0,62.9,57.5,53.4,52.9,53.4,54.2,51.0,51.9,52.5,51.9,51.4,44.4,45.1,39.9,38.4,39.3,39.3,39.9,40.6,41.4,42.3,43.2,44.2,45.1,46.2
12:23:57.819,84.0,60.1,73.7,68.5,69.1,73.6,73.0,70.0,67.9,68.1,67.7,68.5,61.9,63.0,63.4,54.3,52.6,50.3,51.9,53.3,52.5,53.2,51.8,54.4,50.1,44.0,41.5,39.5,39.2,38.9,38.9,39.4,40.4,41.3,42.2,43.2,44.2,45.3,46.2
12:23:58.819,84.0,58.2,73.5,77.0,73.3,68.1,65.6,65.5,67.6,67.0,64.8,70.0,63.7,64.9,63.8,60.4,55.0,51.0,52.2,51.9,51.3,52.7,51.0,53.8,47.9,42.8,40.2,38.3,38.7,38.4,39.3,39.5,40.6,41.3,42.2,43.0,44.1,45.2,46.2
12:23:59.819,83.5,57.7,75.4,69.2,66.5,64.7,67.7,67.4,69.8,68.3,68.5,67.9,62.5,61.1,60.9,57.5,53.9,52.9,53.6,52.9,50.3,56.5,53.5,47.0,43.9,41.3,39.1,40.5,38.7,39.5,40.3,39.9,40.7,41.4,42.2,43.2,44.1,45.2,46.1
12:24:00.819,81.3,57.4,73.4,62.3,65.5,73.7,74.9,67.6,68.5,69.1,65.2,67.4,62.3,63.5,66.4,59.6,53.5,50.5,51.1,55.4,50.9,51.8,50.7,50.4,48.4,45.3,42.8,38.7,38.1,39.1,39.9,39.7,40.6,41.2,42.2,43.1,43.9,45.2,46.1
12:24:01.819,81.4,56.6,73.3,68.1,69.4,70.6,70.0,65.4,66.7,69.8,64.4,66.8,62.8,64.4,63.4,59.0,53.4,49.9,53.2,54.6,49.9,48.7,51.1,49.2,46.8,43.3,41.3,39.0,37.8,39.3,40.2,40.2,40.5,41.4,42.3,43.4,44.2,45.0,46.1
12:24:02.819,82.4,57.9,73.4,74.0,72.6,69.0,74.2,74.3,68.1,67.1,65.5,68.1,61.6,60.7,61.4,61.1,54.2,51.1,54.2,53.9,53.4,52.7,51.2,48.3,46.8,42.1,39.5,38.4,37.4,38.6,39.3,39.7,40.3,41.2,42.4,43.3,44.2,45.3,46.3
12:24:03.819,81.1,61.5,74.1,67.2,65.4,69.5,74.1,71.5,71.1,68.0,69.7,69.3,64.3,60.3,62.3,59.6,55.2,51.8,51.6,52.4,54.7,56.0,53.0,58.3,55.3,50.5,43.1,43.5,38.4,38.9,40.8,40.2,40.7,41.6,42.2,43.1,44.2,45.2,46.3
12:24:04.819,82.2,56.7,74.3,70.9,71.8,71.1,72.3,73.1,72.5,70.8,67.5,68.7,64.0,65.0,60.7,57.4,54.6,52.9,53.6,54.2,51.6,51.5,52.7,48.7,45.2,41.5,41.1,39.4,38.3,38.9,40.0,39.7,40.2,41.2,42.4,43.2,44.2,45.1,46.2
12:24:05.819,81.4,57.4,72.7,70.6,74.1,74.1,69.8,70.1,69.7,70.6,66.0,66.6,64.7,56.5,60.2,54.1,52.1,50.5,53.6,53.8,51.2,52.8,52.5,51.0,48.3,45.9,45.4,41.7,39.8,39.0,39.6,39.7,40.5,41.2,42.4,43.2,44.2,45.1,46.1
12:24:06.819,82.9,57.6,74.3,71.4,69.0,71.9,73.0,68.9,70.5,71.7,70.3,69.5,63.7,54.9,60.0,57.6,53.0,53.4,51.7,53.3,53.1,51.0,51.5,52.3,48.1,47.4,39.7,38.8,39.9,40.2,39.7,40.0,40.4,41.3,42.3,43.1,44.2,45.1,46.1
12:24:07.819,81.1,57.6,72.5,67.3,68.7,67.2,69.6,69.7,68.3,68.3,65.4,68.2,64.2,58.0,57.5,57.5,53.9,52.9,54.1,53.6,52.1,53.8,54.8,53.4,48.6,43.9,38.4,37.5,38.0,38.2,38.7,39.5,40.5,41.3,42.1,43.3,44.1,45.2,46.1
12:24:08.819,82.4,57.8,72.8,73.8,74.9,72.8,65.5,65.0,71.5,71.0,64.1,68.4,62.5,57.8,58.0,56.0,54.8,53.8,55.4,54.5,52.8,52.0,53.3,52.8,47.0,44.3,42.0,40.6,39.5,40.1,40.3,40.1,40.7,41.3,42.2,43.1,44.3,45.2,46.1
12:24:09.819,83.0,55.7,71.4,73.8,68.7,66.1,69.5,70.2,67.4,68.5,66.1,64.3,59.0,55.8,57.9,59.8,54.1,52.5,51.0,51.7,50.2,49.4,48.7,47.9,44.1,41.5,38.8,38.2,37.4,37.7,38.7,39.6,40.7,41.5,42.2,43.2,44.1,45.2,46.2
12:24:10.819,81.0,56.9,71.0,68.0,66.8,64.9,65.9,65.2,64.5,69.7,66.3,64.2,60.7,59.0,60.9,57.7,52.3,49.4,51.7,54.4,48.9,49.9,51.8,52.0,49.2,43.6,42.2,39.9,38.2,38.5,39.2,39.6,40.7,41.4,42.3,43.0,44.1,45.2,46.2
12:24:11.819,83.9,55.5,71.9,71.4,68.3,73.5,70.9,62.0,61.7,69.3,66.5,68.2,60.6,56.4,60.7,57.3,53.4,50.9,48.8,53.0,50.2,48.8,48.0,47.2,43.5,41.6,38.2,37.6,37.6,37.9,38.6,39.6,40.5,41.3,42.1,43.3,44.2,45.1,46.2
12:24:12.819,82.3,56.6,71.4,72.9,70.6,72.3,69.9,68.4,66.4,68.4,65.2,65.9,63.3,59.2,59.2,54.0,53.1,49.4,47.7,49.7,51.8,52.3,49.9,52.3,48.9,46.1,45.7,40.4,39.6,39.2,39.6,39.9,40.7,41.3,42.1,43.2,44.3,45.2,46.1
12:24:13.819,82.2,56.7,71.7,69.4,72.3,74.6,69.2,64.5,65.9,70.6,64.6,65.7,61.6,60.4,61.5,55.3,54.0,50.1,49.7,52.4,49.1,49.2,50.0,53.0,48.9,41.9,42.1,41.8,39.8,40.1,40.0,40.9,44.4,42.7,42.6,43.4,44.1,45.2,46.3
12:24:14.819,83.7,57.2,71.5,75.0,72.5,71.8,68.1,67.7,67.1,65.2,63.4,68.3,63.2,62.0,59.5,55.9,51.8,51.0,50.6,52.0,50.5,52.9,51.2,47.4,46.1,41.2,40.3,40.0,38.9,38.4,39.9,39.9,40.4,41.4,42.4,43.3,44.2,45.2,46.2
12:24:15.819,82.1,60.2,71.6,67.2,70.1,67.8,64.6,60.8,65.7,69.8,62.8,64.8,62.5,58.8,61.3,57.6,54.8,50.2,51.4,54.8,56.1,57.4,50.9,51.1,50.7,45.8,43.0,43.5,44.0,44.6,42.7,40.1,40.2,41.3,42.3,43.2,44.2,45.3,46.3
12:24:16.819,81.5,61.3,70.9,66.4,68.8,69.2,65.8,63.7,65.8,66.1,62.9,65.9,61.4,58.1,56.3,55.4,53.2,54.8,51.7,54.3,57.6,55.1,56.3,57.0,53.2,48.4,46.6,47.7,46.4,46.8,46.4,49.6,47.1,46.0,43.1,43.2,44.2,45.0,46.3
12:24:17.819,79.4,57.7,70.1,65.9,68.5,71.3,67.6,65.9,68.0,66.8,60.0,63.7,61.3,59.3,56.1,54.6,52.7,47.8,50.1,53.8,50.9,54.9,53.2,49.6,47.9,43.9,40.2,38.2,37.9,38.8,39.5,39.9,41.0,41.7,42.2,43.1,44.1,45.1,46.2
12:24:18.819,78.9,61.7,70.7,70.7,69.7,65.7,65.7,68.8,63.7,67.5,63.2,60.9,62.1,59.2,56.1,57.2,52.7,49.1,49.5,48.8,48.6,50.4,54.3,60.6,56.2,51.2,47.8,47.1,43.0,40.7,40.1,41.1,42.7,42.6,43.2,43.6,44.1,45.2,46.2
12:24:19.819,79.2,66.1,72.4,68.3,67.0,71.4,72.0,70.0,64.6,67.7,61.2,61.5,60.0,61.5,61.0,58.2,52.8,54.8,60.5,56.2,55.2,56.1,57.1,61.8,58.1,49.7,49.0,46.4,44.8,45.6,46.0,42.5,41.7,41.5,42.4,43.1,44.2,45.3,46.2
12:24:20.819,82.0,67.3,73.0,72.5,68.7,66.5,66.8,67.9,62.8,65.4,63.0,62.6,58.8,56.5,58.1,56.8,53.4,56.6,50.6,53.7,59.1,54.9,63.7,65.7,55.7,50.1,52.8,48.0,47.3,50.9,45.0,50.6,48.7,42.1,43.4,43.5,44.1,45.2,46.2
12:24:21.819,80.1,62.3,71.1,67.0,70.3,72.0,69.2,69.8,66.3,64.5,61.0,61.9,56.0,57.4,56.9,57.3,56.2,52.5,50.3,55.5,58.9,57.2,55.3,57.2,53.8,48.9,48.4,44.8,49.3,45.6,43.3,41.6,41.6,41.4,42.5,43.2,44.3,45.0,46.1
12:24:22.819,79.4,57.2,69.6,73.9,69.4,62.7,60.4,58.4,63.3,65.8,57.9,59.6,61.0,63.2,54.5,56.6,58.1,51.0,50.7,55.1,50.1,50.9,54.1,50.9,47.0,44.6,39.4,39.9,38.4,38.5,39.0,40.6,40.8,41.4,42.4,43.2,44.1,45.1,46.3
12:24:23.819,82.6,55.4,74.8,72.8,70.6,70.3,71.2,73.3,76.9,73.4,66.0,64.2,63.4,63.8,57.5,56.5,56.3,54.1,51.6,50.8,49.8,50.1,48.9,47.8,44.8,40.9,40.3,38.7,37.6,38.0,39.1,40.3,40.5,41.3,42.3,43.3,44.1,45.2,46.2
12:24:24.819,80.0,55.0,68.3,62.8,65.7,64.4,67.9,64.4,60.6,64.7,64.6,62.0,55.3,59.3,55.4,55.7,53.3,52.0,49.3,48.8,49.0,48.3,47.7,48.3,43.4,40.9,38.2,37.6,37.9,39.0,39.7,39.6,40.4,41.5,42.4,43.1,44.3,45.2,46.3
12:24:25.819,81.4,62.0,69.2,71.0,68.1,64.0,62.2,62.6,66.1,65.1,62.6,59.3,56.8,55.6,55.1,56.9,53.9,54.2,48.2,48.3,50.1,48.1,45.8,47.3,49.5,61.7,53.5,45.9,42.5,39.4,40.2,40.3,40.8,41.5,42.2,43.4,44.2,45.2,46.1
12:24:26.819,77.9,55.9,69.9,66.6,65.2,62.2,67.7,66.2,65.4,68.4,67.0,61.7,60.0,58.6,56.5,56.7,53.3,49.1,50.5,47.6,51.1,49.1,50.6,48.1,45.3,42.6,40.2,38.5,37.5,38.2,39.3,39.6,40.2,41.4,42.3,43.3,44.1,45.1,46.3
12:24:27.819,80.4,62.1,70.7,62.5,65.5,68.8,69.7,67.2,63.7,64.6,62.0,64.0,58.4,56.7,55.5,57.6,55.1,54.6,53.7,52.6,55.0,53.6,52.8,54.6,48.5,45.9,45.9,45.8,41.4,46.0,46.1,44.4,41.4,41.5,42.9,43.4,44.2,45.3,46.0
12:24:28.819,77.6,59.4,69.5,63.6,64.3,62.9,63.6,68.0,67.5,61.9,60.3,62.4,56.7,55.9,56.6,57.0,56.1,54.4,51.0,54.9,54.5,55.4,55.2,53.7,47.0,43.1,41.9,47.5,50.7,48.4,48.8,42.5,40.8,41.6,42.5,43.1,44.1,45.2,46.2
12:24:29.819,82.6,59.0,70.5,76.4,70.5,64.6,70.4,68.6,68.0,68.1,62.4,64.9,57.8,55.4,57.7,56.3,55.0,48.5,52.7,54.9,47.7,52.6,53.8,53.8,55.2,49.6,43.2,42.5,39.4,38.5,39.3,39.5,40.8,41.2,42.1,43.2,44.2,45.1,46.2
12:24:30.819,80.0,58.4,70.9,66.7,65.7,69.4,68.4,69.7,65.1,66.0,62.5,61.6,61.4,57.7,59.0,58.9,53.6,47.4,54.3,49.6,48.9,53.5,52.7,53.6,52.9,46.4,44.1,39.2,38.4,39.3,39.5,40.0,40.4,41.5,42.4,43.1,44.3,45.1,46.1
12:24:31.819,80.3,58.3,71.4,67.3,69.2,69.0,69.7,69.2,71.1,67.4,62.8,64.5,60.9,59.8,59.2,60.0,57.0,51.5,54.2,53.6,50.0,53.2,52.3,51.9,50.9,47.7,44.2,39.6,38.1,39.1,39.7,39.8,41.0,41.4,42.5,43.1,44.4,45.1,46.2
12:24:32.819,80.8,56.4,70.7,68.4,65.8,69.6,69.2,67.5,70.6,68.2,61.9,61.8,58.6,54.1,52.6,61.6,56.6,50.1,53.3,52.5,45.4,47.7,49.2,49.6,47.5,44.7,41.6,38.7,37.7,38.8,39.5,39.6,40.1,41.2,42.3,43.4,44.1,45.1,46.3
12:24:33.819,79.8,61.9,72.0,67.9,71.7,70.0,67.9,69.1,70.5,67.7,63.8,64.1,61.6,52.9,56.8,58.4,55.0,55.8,53.1,53.1,56.1,55.3,59.3,60.1,55.6,54.6,51.0,41.3,42.3,41.0,42.1,40.2,40.5,41.3,42.3,43.2,44.0,45.2,46.1
12:24:34.819,81.0,62.4,72.2,70.5,69.4,67.4,68.4,69.2,71.1,66.2,63.2,65.3,61.4,58.9,57.7,61.2,57.0,51.0,53.4,51.2,51.1,49.5,52.1,60.3,46.8,45.7,49.2,45.9,42.5,45.7,44.2,40.3,41.5,41.4,42.3,43.0,44.1,45.1,46.2
12:24:35.819,80.9,57.0,73.3,69.5,69.7,69.2,67.4,69.3,70.9,67.7,69.0,63.1,59.7,60.2,58.0,62.4,57.0,54.1,52.6,49.9,56.9,55.7,49.3,47.9,43.7,40.9,38.3,39.0,38.1,38.3,39.0,39.3,40.2,41.1,42.2,43.1,44.2,45.3,46.2
12:24:36.819,80.6,57.0,71.5,64.8,67.9,69.5,69.5,69.6,69.4,62.3,62.1,65.3,62.5,60.4,59.1,59.1,58.3,53.2,53.2,52.5,52.6,51.0,48.1,49.6,50.6,47.7,43.0,40.0,38.0,38.8,39.3,40.0,40.4,41.1,42.4,43.2,44.1,45.2,46.2
12:24:37.819,81.1,59.7,73.3,66.6,68.0,71.0,70.1,65.9,67.1,70.4,65.2,66.6,66.0,60.8,61.4,61.0,51.9,52.9,59.5,54.7,49.2,58.1,53.4,56.8,51.6,47.5,46.4,44.2,40.1,44.2,42.6,39.7,40.5,41.1,42.2,43.3,44.1,45.1,46.1
12:24:38.819,80.5,57.2,72.8,70.3,69.7,67.5,69.6,67.7,71.1,69.6,64.9,63.4,60.1,59.3,57.6,62.4,60.7,56.0,55.5,54.7,51.2,51.1,51.4,49.1,45.0,43.6,40.6,38.4,37.9,38.3,39.8,39.8,40.5,41.2,42.2,43.2,44.1,45.3,46.2
12:24:39.819,80.9,57.8,72.3,65.2,69.6,73.6,73.2,71.2,69.9,68.8,61.9,62.6,60.3,58.8,60.3,60.9,56.2,52.5,55.2,56.0,52.9,54.9,51.6,49.2,46.0,42.6,39.9,39.4,38.8,38.4,39.3,40.1,40.2,41.3,42.3,43.1,44.1,45.3,46.3
12:24:40.819,81.1,57.8,72.2,69.7,69.8,70.8,71.6,76.4,68.4,66.7,63.3,62.2,60.3,57.4,58.2,63.1,57.3,49.3,52.2,55.0,49.2,55.2,52.9,50.1,49.7,45.4,45.6,42.6,38.8,38.8,39.7,40.3,40.8,41.4,42.1,43.2,44.1,45.1,46.1
12:24:41.819,80.7,55.7,71.3,69.0,70.1,71.3,70.0,66.9,67.6,66.9,63.8,63.2,59.6,54.5,54.7,62.8,57.8,54.9,54.3,49.0,47.2,48.2,46.9,46.3,42.9,43.6,38.1,37.7,37.8,38.0,38.7,39.6,40.4,41.6,42.3,43.1,44.3,45.1,46.2
12:24:42.819,80.9,55.1,68.9,68.7,71.0,72.7,70.0,67.4,66.4,64.2,60.8,60.1,57.3,55.7,56.0,57.5,57.5,51.1,53.5,53.9,46.4,48.3,49.9,44.7,42.7,40.2,39.4,39.5,37.6,37.8,38.8,39.9,40.3,41.5,42.3,43.2,44.1,45.2,46.2
12:24:43.819,79.0,55.4,71.1,63.3,63.7,65.3,69.1,71.0,68.2,68.2,69.4,59.9,64.6,62.8,61.6,59.5,57.9,50.8,51.9,50.9,50.5,49.5,49.5,47.9,45.6,43.1,40.2,39.2,37.9,38.4,39.2,40.1,41.0,41.4,42.5,43.3,44.2,45.2,46.2
12:24:44.819,80.3,55.7,68.7,64.3,63.2,69.1,69.0,63.8,65.3,60.8,60.5,59.8,56.9,58.3,58.0,58.4,55.8,52.6,50.0,51.5,52.1,49.5,48.1,48.2,46.7,42.4,39.6,38.1,37.8,38.3,39.0,39.8,40.5,41.4,42.5,43.3,44.2,45.2,46.2
12:24:45.819,79.4,59.0,69.2,65.5,62.7,63.0,65.0,69.0,67.6,63.4,57.5,59.7,57.7,56.8,58.8,60.1,55.7,53.7,54.1,54.8,50.1,54.7,54.7,55.7,52.2,47.6,42.9,39.3,38.3,38.7,39.5,39.9,40.6,41.2,42.3,43.1,44.1,45.1,46.2
12:24:46.819,80.8,58.0,69.7,66.7,65.6,67.5,66.6,71.7,66.0,67.5,62.2,57.9,59.2,59.1,56.5,59.3,53.4,52.8,49.4,49.2,48.8,49.6,52.7,52.5,52.1,47.2,42.9,40.0,39.0,38.9,39.7,40.8,40.5,41.5,42.3,43.2,44.0,45.1,46.2
12:24:47.819,78.1,56.6,67.9,64.7,62.8,65.7,64.0,62.0,64.8,62.2,56.5,61.5,58.4,53.0,56.5,59.5,53.7,49.9,49.5,49.1,48.1,52.2,49.5,50.5,49.8,48.5,43.2,38.3,37.6,38.2,39.3,39.8,40.8,41.3,42.3,43.3,44.2,45.2,46.2
12:24:48.819,78.4,57.6,68.4,67.7,70.1,67.8,64.8,68.3,63.8,63.5,56.3,59.8,56.8,58.5,55.9,58.6,54.8,49.7,51.2,53.5,61.2,54.3,46.6,48.0,47.4,44.6,44.7,41.8,38.4,39.4,39.4,39.6,40.4,41.5,42.4,43.2,44.2,45.2,46.2
12:24:49.819,77.4,56.8,67.6,66.1,58.5,62.5,67.2,65.6,60.6,61.8,59.1,60.0,59.1,51.9,56.0,57.6,55.7,53.8,49.2,52.5,49.9,52.7,53.5,50.3,44.4,43.3,41.9,40.6,37.9,38.5,39.2,39.9,40.5,41.4,42.3,43.1,44.0,45.2,46.2
12:24:50.819,79.4,56.6,67.2,70.2,61.9,65.0,64.8,62.3,59.6,62.6,58.0,59.4,58.6,55.3,56.8,57.8,51.7,51.7,51.3,51.3,47.0,45.8,44.8,47.9,47.9,45.6,40.0,40.1,37.1,38.1,39.4,40.0,40.7,41.3,42.2,43.3,44.2,45.2,46.1
12:24:51.819,80.7,60.7,68.3,71.1,68.6,67.4,60.4,61.6,61.3,62.8,59.4,60.5,57.7,53.5,53.3,54.5,52.4,53.9,51.9,51.7,49.4,55.9,53.8,57.2,55.1,47.7,47.1,44.0,39.9,40.8,41.7,40.3,41.6,41.7,42.3,43.2,44.2,45.1,46.2
12:24:52.819,79.6,58.8,67.6,70.9,71.5,66.3,65.7,62.9,60.7,58.3,56.5,60.2,52.7,56.8,55.3,55.0,56.0,51.4,49.7,53.5,53.8,55.6,52.6,52.9,46.8,43.2,43.5,40.3,38.8,39.6,39.0,39.9,40.7,41.3,42.3,43.0,44.2,45.1,46.2
12:24:53.819,78.9,55.8,67.4,68.8,67.7,70.7,65.6,64.6,58.2,56.0,57.8,62.0,58.1,55.4,55.7,51.3,55.2,52.9,50.9,53.2,49.7,50.9,49.5,45.7,45.8,41.1,39.4,38.2,38.3,38.6,39.2,40.1,40.9,41.7,42.4,43.2,44.2,45.1,46.1
12:24:54.819,79.8,57.3,68.1,71.1,66.1,66.2,64.7,63.4,61.4,60.7,58.7,59.9,58.3,54.9,56.5,57.8,57.1,52.0,51.5,50.8,49.6,57.0,49.8,52.5,45.6,44.8,42.1,38.8,38.5,39.1,39.2,39.7,40.7,41.2,42.0,43.4,44.1,45.1,46.2
12:24:55.819,79.9,55.3,67.9,73.2,69.8,66.6,62.0,64.9,62.4,61.7,60.9,58.5,57.3,55.7,59.2,54.6,51.6,49.4,51.3,49.0,47.9,48.9,48.4,46.7,43.2,40.1,38.8,37.4,37.4,38.7,38.9,40.0,40.8,41.6,42.4,43.3,44.3,45.2,46.1
12:24:56.819,79.1,54.3,68.3,68.1,70.1,70.1,68.6,62.9,62.5,61.9,60.9,57.7,56.8,56.5,58.5,55.1,55.0,53.9,50.6,49.3,48.5,47.7,45.7,44.7,42.9,39.7,38.1,37.6,37.0,37.7,39.2,39.7,40.7,41.5,42.4,43.3,44.3,45.3,46.2
12:24:57.819,81.7,56.0,70.3,75.2,73.1,70.3,68.3,67.2,64.3,65.7,66.1,63.9,62.7,59.7,62.0,56.1,55.0,51.7,52.9,52.7,48.2,48.2,48.6,49.2,45.3,40.1,38.9,39.1,38.1,38.1,38.9,39.6,40.8,41.2,42.1,43.3,44.2,45.2,46.2
12:24:58.819,79.9,57.7,69.5,72.9,73.6,72.1,68.0,63.9,64.0,65.5,61.5,63.6,59.0,54.8,58.3,53.7,53.2,51.5,52.3,51.8,53.2,58.7,48.3,47.9,44.8,42.9,38.8,37.7,37.4,38.5,38.8,39.7,40.4,41.3,42.3,43.3,44.0,45.2,46.2
12:24:59.819,79.0,58.0,70.9,68.5,72.3,70.2,65.9,62.6,67.2,68.7,65.5,62.9,64.1,59.4,55.4,55.7,54.3,52.8,50.4,49.6,51.0,51.7,53.5,52.2,49.4,44.4,41.5,38.6,37.3,37.9,38.5,40.4,41.2,41.8,42.5,43.2,44.2,45.1,46.2
12:25:00.819,80.3,59.6,70.6,72.2,67.5,63.8,66.5,70.8,67.3,61.9,61.9,60.3,61.8,62.9,56.1,54.0,56.3,53.5,51.8,53.8,52.9,55.2,56.9,57.7,50.4,47.4,45.7,41.1,38.4,38.2,39.0,39.8,41.1,41.7,42.4,43.0,44.2,45.2,46.2
12:25:01.819,80.7,58.5,70.8,73.6,69.7,63.4,60.3,67.9,65.6,68.1,66.4,60.7,62.7,61.6,57.9,54.3,55.5,54.0,51.4,53.8,54.2,55.2,53.4,51.2,47.9,42.3,43.4,42.3,39.0,39.2,39.9,39.8,40.4,41.4,42.2,43.3,44.0,45.2,46.3
12:25:02.819,78.8,59.3,69.7,67.2,69.8,70.4,67.1,67.7,67.6,65.7,60.5,59.8,59.4,57.9,55.1,57.6,54.5,52.9,53.4,52.1,52.3,55.6,53.3,52.6,48.2,48.4,41.2,43.3,41.6,40.9,40.2,40.3,40.7,41.7,42.4,43.3,44.3,45.2,46.1
