AMBIENT,55.2,50.2,53.3,39.2,39.0,36.9,41.7,43.5,40.4,41.7,41.5,45.7,40.1,39.7,46.0,37.9,37.6,36.1,35.2,34.0,33.1,33.4,38.4,39.9,41.5,43.5,44.3,42.2,33.6,24.6,22.0,21.8,21.1,21.7,22.4,23.2,24.1,25.1,26.1
12:19:51.452,56.4,53.6,55.0,39.8,40.0,37.7,42.3,42.3,38.8,39.0,38.1,43.2,39.2,40.2,46.2,39.4,38.9,34.4,35.5,33.5,31.4,30.8,37.8,40.9,41.5,41.7,44.7,47.7,42.7,29.6,26.5,24.0,24.4,23.2,22.5,23.2,23.9,25.3,26.1
12:19:52.452,56.4,53.9,54.9,43.4,38.5,37.7,41.6,39.8,33.3,32.3,38.9,44.2,39.8,39.1,42.4,36.7,38.0,35.2,38.4,34.4,32.1,34.3,39.1,43.3,43.7,46.1,47.4,48.7,45.0,32.0,29.5,27.6,26.4,25.5,24.8,24.6,24.5,25.2,26.1
12:19:53.452,55.1,49.4,52.7,35.1,35.3,38.3,42.5,42.9,39.8,41.9,41.4,46.0,40.9,39.6,43.4,35.9,36.9,32.6,33.9,32.7,31.8,32.8,36.3,36.2,39.0,39.8,39.5,40.2,33.1,27.1,26.7,26.0,26.4,25.5,23.3,23.3,24.1,25.0,26.1
12:19:54.452,56.8,53.9,55.2,39.0,41.8,38.4,41.2,44.7,41.7,43.8,38.1,41.1,40.7,38.3,44.9,36.6,34.7,35.6,33.4,34.6,32.4,33.1,37.5,43.3,43.4,42.7,48.3,47.2,41.1,31.6,28.0,27.1,28.0,25.9,24.5,23.9,24.4,25.2,26.0
12:19:55.452,56.6,54.0,55.1,41.2,41.3,38.1,41.2,45.8,39.4,39.4,41.2,45.7,39.3,38.6,45.2,35.4,37.1,39.4,34.1,33.7,32.4,32.2,38.4,43.3,44.1,46.2,50.0,48.1,43.4,33.6,29.2,27.4,27.8,25.7,23.9,23.8,24.4,25.1,26.1
12:19:56.452,57.2,54.0,55.6,43.2,42.4,41.4,40.7,46.2,39.8,39.8,39.9,47.9,38.2,40.7,47.1,36.8,37.5,35.4,35.6,35.6,32.0,35.9,38.9,46.2,45.7,43.6,48.8,47.5,40.5,31.6,27.3,28.3,25.9,24.1,23.4,23.8,24.4,25.1,26.2
12:19:57.452,57.4,54.2,55.7,43.1,38.5,38.4,43.3,43.6,39.3,41.4,39.1,47.0,38.4,40.0,46.7,37.0,38.4,36.7,33.5,32.8,31.6,32.1,37.3,42.7,44.0,42.0,49.1,48.0,42.8,31.5,29.0,25.7,25.2,23.8,23.5,23.6,24.3,25.1,26.0
12:19:58.452,58.2,56.2,56.8,43.2,38.3,39.2,42.2,42.8,36.3,37.6,37.6,40.4,36.5,38.7,46.8,35.0,35.5,34.2,32.5,33.3,32.7,32.7,40.1,46.8,44.4,45.6,51.2,50.5,47.0,36.4,32.3,31.4,28.5,25.2,24.1,23.6,24.2,25.1,26.2
12:19:59.452,58.8,57.3,57.6,41.3,38.5,42.9,44.8,46.9,39.5,40.5,42.2,43.2,38.3,41.2,47.1,36.7,36.7,35.8,35.8,32.8,33.3,33.6,37.9,45.4,47.9,45.7,50.1,53.3,46.2,35.4,32.9,31.4,28.4,25.3,24.2,23.9,24.2,25.3,26.3
12:20:00.452,57.6,54.8,56.4,35.3,38.0,36.9,45.4,46.1,41.4,41.4,40.9,48.1,38.2,39.2,46.7,38.3,37.0,37.8,36.1,41.8,41.1,45.9,45.2,46.3,43.1,43.7,47.0,45.6,45.4,34.5,32.3,31.8,29.3,28.1,26.2,24.7,24.4,25.2,26.2
12:20:01.452,57.9,55.7,56.5,40.2,41.3,37.1,41.3,44.4,43.3,43.9,41.4,48.3,40.4,38.5,46.1,35.3,36.9,33.3,33.3,34.5,33.3,32.9,37.1,44.2,44.8,42.7,50.5,48.9,43.6,33.0,31.4,28.9,27.9,26.0,26.1,24.1,24.5,25.5,26.0
12:20:02.452,56.3,52.1,54.0,42.8,37.8,34.2,37.0,41.3,40.6,41.5,39.3,44.9,41.2,39.4,46.4,37.2,35.4,35.4,33.1,34.6,30.6,31.1,35.8,40.9,40.2,40.0,45.3,43.4,42.4,29.7,26.3,25.2,24.1,24.4,24.0,23.7,24.3,25.0,26.1
12:20:03.452,55.9,52.0,53.8,42.8,39.0,36.4,41.8,39.8,37.9,40.9,37.2,40.5,39.5,40.2,47.9,37.9,35.6,34.7,33.3,32.7,30.7,31.1,35.3,43.4,41.4,40.5,45.8,44.7,39.4,29.9,25.8,25.1,23.3,22.5,22.8,23.6,24.2,25.0,26.1
12:20:04.452,57.5,54.5,55.5,39.5,42.3,42.5,42.3,45.3,40.9,42.5,41.8,42.7,38.9,39.5,47.2,37.7,35.5,35.6,33.9,32.0,30.5,29.9,37.2,43.5,44.3,44.2,48.1,47.6,42.9,32.1,29.5,26.8,24.2,23.4,23.7,24.3,24.8,25.3,26.1
12:20:05.452,80.9,64.0,72.6,75.6,71.4,70.7,73.8,70.4,60.7,59.4,58.6,51.7,56.3,58.2,55.8,59.6,62.3,68.8,58.3,58.5,67.7,60.8,62.4,59.3,54.3,51.5,48.2,42.7,41.3,32.8,29.1,26.5,24.7,25.0,25.3,27.0,26.8,26.0,26.4
12:20:06.452,83.4,57.9,71.9,62.5,67.0,70.5,71.4,70.0,67.2,67.1,59.3,57.5,56.2,56.4,53.4,56.3,53.0,57.3,52.4,54.3,56.0,53.2,54.3,52.3,48.8,47.3,42.5,37.8,31.2,24.8,23.7,23.5,22.9,22.9,23.6,24.3,24.7,25.2,26.1
12:20:07.452,90.7,62.2,82.9,78.7,82.4,82.7,82.9,86.0,77.4,76.8,75.1,73.6,74.7,73.1,69.3,68.2,66.7,60.2,56.8,59.0,58.7,57.6,55.9,55.5,50.6,49.2,42.7,35.9,26.2,23.7,22.3,22.2,20.8,21.7,22.4,23.2,24.0,25.2,26.2
12:20:08.452,91.2,71.3,85.1,81.1,80.2,79.2,82.1,82.8,80.5,78.3,74.1,75.8,77.7,74.8,71.2,71.7,70.9,69.6,65.4,67.3,67.6,67.6,68.6,65.3,59.4,59.6,53.2,39.7,28.0,21.8,20.7,20.1,20.5,21.4,22.3,23.1,24.0,24.9,26.0
12:20:09.452,94.1,78.2,88.8,80.4,80.5,75.9,85.2,90.9,81.0,77.2,75.8,76.9,78.4,76.5,74.7,73.7,79.9,79.2,77.3,73.8,73.1,73.5,75.6,72.2,68.4,66.1,60.0,49.7,40.0,28.8,23.1,20.4,21.1,21.7,22.4,23.3,24.2,25.1,26.1
12:20:10.452,96.3,83.6,94.0,74.8,79.5,82.5,84.3,86.8,84.0,84.4,83.4,78.8,78.5,84.3,81.7,81.4,87.6,86.9,84.5,81.5,79.2,79.4,80.0,77.8,74.2,69.5,65.6,57.9,49.5,39.7,27.9,21.2,20.7,21.4,22.3,23.0,24.1,25.0,26.1
12:20:11.452,101.3,88.6,99.3,75.6,78.1,85.1,90.1,90.2,88.6,91.4,86.6,85.5,87.1,87.4,85.5,87.6,93.3,91.6,87.9,86.5,87.0,84.4,84.2,81.1,78.3,74.0,69.4,63.0,54.6,45.7,36.1,27.6,22.4,21.4,22.3,23.1,24.3,25.2,26.1
12:20:12.452,104.1,91.5,102.1,87.4,89.8,88.9,93.4,91.8,93.1,90.2,91.5,87.4,92.4,91.5,90.6,93.3,92.8,91.9,88.7,90.7,90.4,87.4,86.8,83.6,80.1,77.2,73.0,67.6,59.4,51.7,42.1,32.3,24.7,22.5,22.9,23.6,24.2,25.3,26.2
12:20:13.452,105.8,93.3,103.8,83.7,85.6,90.5,96.1,93.5,93.3,93.7,92.0,90.7,94.0,92.9,95.7,94.2,94.8,93.2,91.7,92.7,91.8,90.2,88.7,85.9,83.5,80.8,77.6,73.6,68.6,63.3,56.5,48.6,40.8,33.3,29.4,29.1,28.4,26.5,26.6
12:20:14.452,106.0,93.8,104.3,85.5,88.9,91.5,89.0,93.5,92.7,92.9,91.4,90.4,94.7,95.1,95.2,95.0,95.0,95.3,92.0,93.0,91.8,90.4,88.0,86.9,84.2,80.4,77.9,73.3,68.6,64.0,58.1,50.8,44.3,35.9,27.4,25.9,25.7,25.3,26.2
12:20:15.452,106.6,93.6,105.4,77.8,83.7,88.9,89.7,91.3,91.7,91.6,94.5,95.9,94.1,95.6,98.1,96.0,94.5,94.0,93.7,93.1,89.5,88.5,86.7,85.6,85.1,82.0,78.3,75.2,70.2,64.1,57.5,50.8,42.9,33.4,25.2,23.5,24.0,25.1,26.2
12:20:16.452,109.7,94.0,108.4,81.9,81.5,79.9,86.1,92.0,95.9,99.1,96.9,99.3,101.3,97.6,100.3,100.3,98.8,95.6,93.4,91.3,90.4,88.1,89.0,86.6,82.9,82.4,78.3,73.6,69.0,61.4,55.2,46.5,37.1,26.8,23.0,23.2,24.2,25.2,26.0
12:20:17.452,112.9,99.3,111.8,77.7,81.7,85.8,89.1,89.9,95.4,99.5,101.2,103.8,103.1,101.5,104.8,103.2,100.1,100.3,98.3,97.4,94.8,94.7,95.2,92.6,89.5,87.6,85.1,81.2,77.9,74.0,69.8,65.1,59.2,50.4,42.2,34.7,29.5,26.5,26.3
12:20:18.452,112.5,98.7,111.5,82.0,84.8,83.9,90.2,95.0,93.9,96.3,101.4,102.4,102.4,102.8,104.0,103.4,99.7,97.6,97.2,95.7,94.2,93.9,93.1,91.0,89.8,86.4,83.1,79.7,74.1,69.8,64.6,58.2,51.2,43.8,37.5,31.0,27.6,26.0,26.2
12:20:19.452,112.0,99.3,110.7,81.5,84.0,88.8,89.9,94.3,98.7,101.5,102.8,99.2,102.6,102.8,102.6,100.1,99.0,96.9,97.1,97.1,97.2,95.1,91.4,92.2,89.5,88.3,85.2,81.9,76.5,71.3,65.6,58.6,52.3,43.4,34.9,28.0,24.8,25.2,26.1
12:20:20.452,113.0,101.3,111.9,83.2,89.7,91.4,96.5,98.3,98.7,94.3,101.4,100.6,103.3,101.4,101.9,100.8,102.6,101.5,99.9,99.3,96.8,95.8,95.5,93.8,91.8,90.2,88.3,84.5,80.6,76.5,71.5,66.8,60.8,54.9,49.5,44.8,39.4,34.6,29.5
12:20:21.452,111.5,99.4,110.1,80.2,86.8,88.5,94.0,95.4,99.4,103.7,103.1,100.8,101.5,97.5,93.1,99.2,102.7,103.1,98.7,95.6,96.9,94.9,92.7,92.1,90.6,88.5,85.8,83.5,79.8,75.4,70.8,66.3,61.0,53.8,47.4,37.4,28.1,25.3,26.2
12:20:22.452,105.5,91.1,103.5,83.3,85.4,86.3,91.0,91.2,93.1,92.9,97.4,92.4,91.1,90.0,90.3,93.4,94.3,93.4,88.5,88.0,87.0,85.3,83.8,80.9,80.0,76.3,71.9,67.2,60.9,54.5,47.6,40.7,30.6,28.1,25.3,23.7,24.2,25.2,26.1
12:20:23.452,101.8,88.8,100.1,78.5,82.4,87.0,87.6,90.9,89.8,89.0,89.0,88.6,86.7,85.7,88.0,93.1,91.2,87.1,89.9,87.4,85.3,84.3,83.6,80.7,77.5,75.1,70.4,65.6,57.0,47.3,38.7,31.3,23.1,22.4,22.8,23.2,24.1,25.0,25.8
12:20:24.452,104.8,93.4,104.0,74.3,79.0,82.4,86.7,85.2,89.2,87.9,89.1,87.6,86.3,89.5,95.9,98.0,97.2,88.8,93.0,88.7,90.2,88.7,88.2,85.1,84.9,82.7,78.4,73.0,65.1,57.9,51.0,42.8,33.6,23.8,22.7,23.3,24.0,25.1,26.1
12:20:25.452,106.4,94.6,105.8,79.7,80.6,80.0,83.8,90.3,86.4,88.2,92.1,92.2,85.0,91.4,99.7,100.6,96.0,91.2,96.2,89.3,91.2,91.0,88.9,87.1,84.0,82.7,79.3,75.9,71.8,64.9,55.6,47.5,37.2,29.0,23.9,23.6,24.3,25.1,26.2
12:20:26.452,108.0,97.3,107.0,76.6,80.6,85.8,86.7,88.1,96.0,96.3,99.1,93.8,87.6,94.5,100.0,100.4,97.7,94.0,97.3,93.0,93.9,94.4,92.7,90.7,89.1,87.7,85.6,83.2,80.5,77.0,72.0,69.0,64.6,59.7,54.3,47.6,37.7,30.1,26.6
12:20:27.452,107.4,93.5,106.3,77.9,79.7,83.9,85.9,90.3,92.7,97.7,94.8,86.5,87.5,97.3,99.2,100.0,95.0,92.1,94.0,89.4,88.8,90.3,87.9,84.7,81.7,78.9,76.1,72.8,70.6,66.3,59.5,51.5,45.6,36.8,28.0,23.9,24.2,25.1,26.2
12:20:28.452,109.6,96.5,108.4,79.5,78.5,79.0,85.3,94.0,97.3,101.2,94.7,85.6,88.0,99.5,101.7,100.2,93.6,97.5,96.0,93.8,92.1,91.1,90.3,87.7,86.9,85.0,82.3,80.2,78.6,76.0,71.5,67.0,60.2,52.0,43.0,32.9,24.9,25.1,26.0
12:20:29.452,110.9,97.5,109.8,74.6,81.1,86.5,89.7,91.6,99.0,100.5,99.4,89.6,95.0,99.7,105.8,102.8,93.0,99.6,95.3,96.7,95.0,92.8,90.2,88.8,85.9,86.0,84.5,83.3,80.0,77.1,73.5,69.7,64.3,58.7,52.2,43.2,32.2,26.4,26.1
12:20:30.452,111.2,96.8,110.3,79.4,83.8,87.7,93.8,91.3,92.8,94.9,91.7,92.6,101.5,105.3,102.4,100.9,96.6,98.7,92.5,94.7,94.0,91.2,89.5,86.1,83.8,83.8,82.4,79.5,74.6,69.4,65.9,62.7,56.7,49.8,42.9,36.0,27.7,25.9,26.2
12:20:31.452,111.3,97.2,110.2,78.4,84.1,84.7,88.1,97.7,99.0,96.9,89.9,97.6,102.0,104.7,103.9,98.1,100.9,98.2,96.3,93.0,93.7,91.0,89.1,87.2,87.2,86.3,84.8,80.2,77.4,73.4,69.6,64.7,59.0,53.4,43.0,32.9,26.1,25.4,26.2
12:20:32.452,108.4,91.9,106.7,77.0,79.2,87.1,88.4,91.2,96.4,96.8,90.4,96.1,100.8,101.0,98.2,90.7,96.5,90.3,89.5,90.9,89.5,87.6,84.7,82.6,80.6,78.8,76.3,73.1,70.0,63.6,56.9,51.8,43.5,33.7,26.1,24.2,24.2,25.1,26.1
12:20:33.452,111.5,97.7,109.9,86.6,91.2,90.6,95.2,97.3,100.4,96.9,93.6,99.2,102.4,106.1,101.7,94.6,101.6,95.9,97.4,95.8,93.5,91.1,90.7,90.3,90.6,90.0,87.2,86.3,83.8,82.2,79.1,76.3,72.1,67.3,62.1,55.6,46.0,38.0,31.7
12:20:34.452,111.6,95.0,109.8,86.5,91.0,94.0,91.7,94.2,97.9,97.9,88.6,102.9,103.8,105.0,99.3,94.3,99.2,94.7,93.6,91.1,90.7,89.9,88.2,86.7,85.2,83.5,80.8,79.0,75.2,71.6,67.0,60.9,55.8,48.6,41.7,32.5,25.0,25.2,26.1
12:20:35.452,112.0,98.7,110.4,85.8,89.3,95.7,93.7,98.9,98.4,95.9,92.8,104.2,104.8,104.2,98.8,97.6,101.3,96.5,96.2,95.0,94.5,93.3,93.3,93.1,92.0,90.0,87.7,85.0,82.9,80.3,76.8,72.6,66.7,61.5,52.4,43.0,32.7,27.1,26.2
12:20:36.452,111.3,95.9,109.7,87.0,88.8,86.4,95.9,100.8,95.3,89.2,99.4,99.9,105.3,104.4,94.4,99.5,99.0,96.5,92.9,91.7,91.2,91.7,90.2,89.3,87.4,85.6,84.6,81.9,77.9,75.1,71.0,64.5,58.8,53.4,42.5,33.5,27.0,25.4,26.1
12:20:37.452,111.4,92.8,108.4,89.2,94.6,100.6,99.3,101.7,101.3,92.8,93.3,97.8,102.7,101.5,93.1,96.8,95.1,94.5,91.1,88.3,87.4,85.9,83.9,83.1,82.1,79.2,76.5,73.4,69.5,64.3,57.7,52.5,46.7,38.3,29.9,25.0,24.6,25.1,26.1
12:20:38.452,111.8,99.0,109.9,88.8,93.1,96.7,98.0,101.3,96.3,91.6,96.9,105.6,104.6,102.6,93.5,101.1,96.4,97.7,95.7,95.8,96.5,94.1,93.9,92.4,90.8,89.1,88.3,87.9,85.1,81.0,77.6,73.1,70.2,66.1,60.8,53.3,45.7,38.5,29.2
12:20:39.452,110.8,92.2,108.3,90.3,95.2,99.4,102.1,103.0,96.3,89.2,98.6,102.2,105.4,100.3,95.2,99.1,93.5,92.6,92.4,89.7,87.7,86.1,84.3,84.1,82.7,78.5,75.9,73.8,68.4,62.3,55.9,49.7,41.7,32.2,24.8,23.4,24.1,25.0,26.1
12:20:40.452,110.3,95.0,108.0,86.6,90.9,92.8,100.2,103.3,96.0,90.0,99.6,101.2,103.5,97.7,95.5,100.4,93.7,95.9,94.3,92.8,92.1,90.7,90.0,88.3,85.7,83.9,81.4,79.5,75.9,73.6,70.0,64.7,58.9,52.1,43.1,33.6,25.4,25.2,26.0
12:20:41.452,110.7,95.0,108.3,87.3,94.0,99.1,100.5,97.3,95.0,92.2,98.4,104.1,102.5,93.7,96.5,98.6,93.3,93.6,93.9,92.7,90.9,90.6,89.2,87.9,85.0,83.3,80.9,79.6,76.4,73.8,69.6,65.0,59.6,53.0,44.7,35.2,25.8,25.1,26.0
12:20:42.452,109.7,92.1,106.6,91.9,93.8,95.3,98.5,96.3,89.8,89.8,98.6,101.1,101.3,95.3,94.8,95.6,91.3,93.0,91.5,91.0,88.7,87.4,86.1,82.7,80.5,79.3,75.5,72.3,69.3,65.9,60.9,55.7,50.1,45.1,36.9,26.8,24.8,25.1,26.0
12:20:43.452,107.9,90.7,104.8,90.9,93.4,96.5,96.7,93.0,89.0,90.0,100.3,96.9,98.6,90.2,95.3,94.9,93.0,89.6,91.6,91.7,86.7,85.3,83.6,83.0,80.4,79.4,77.5,75.1,70.6,62.9,59.5,53.5,48.0,34.5,26.4,23.7,24.2,25.0,26.0
12:20:44.452,108.0,90.8,105.6,88.8,93.7,93.3,93.2,92.9,86.5,91.6,99.9,99.5,98.9,89.9,95.4,94.5,92.1,91.9,92.7,90.6,86.5,84.1,80.2,79.9,79.6,76.6,73.8,71.4,67.4,63.2,56.8,49.8,40.3,29.1,23.2,23.1,24.1,25.0,26.1
12:20:45.452,107.7,89.6,105.3,87.0,87.3,96.1,96.2,91.7,88.6,93.4,101.2,100.9,98.4,90.8,95.5,93.0,93.3,91.4,89.2,87.4,84.6,81.9,81.6,82.2,80.6,78.2,75.0,70.9,67.1,63.0,55.5,48.7,43.6,34.9,27.3,26.0,24.5,25.1,26.0
12:20:46.452,108.8,94.3,106.9,94.7,95.8,91.3,92.4,86.5,85.7,96.8,99.3,101.8,98.4,93.1,97.5,93.5,95.9,96.1,95.5,93.0,91.2,89.0,88.0,87.2,85.7,82.7,80.3,78.3,75.4,70.8,66.0,61.5,56.1,48.9,41.6,33.2,26.0,25.1,26.1
12:20:47.452,107.1,90.6,105.3,85.3,88.2,91.6,92.2,87.4,83.1,92.4,96.0,100.9,97.6,91.2,98.4,92.0,94.7,93.0,92.3,90.2,88.8,86.4,85.3,83.8,81.0,78.1,74.5,71.4,67.8,62.2,56.0,51.1,42.6,32.8,25.9,23.2,24.0,25.0,26.1
12:20:48.452,104.9,88.8,103.2,81.2,82.7,84.2,86.1,88.1,81.4,93.3,96.8,98.1,94.4,89.0,97.1,89.2,91.5,90.9,90.0,90.1,87.1,83.8,81.3,79.1,76.1,74.4,69.9,66.0,62.1,58.4,51.7,43.8,34.2,24.5,22.5,23.3,24.4,25.1,26.0
12:20:49.452,104.1,87.0,102.2,82.7,88.0,89.9,89.9,83.3,85.5,94.9,96.3,96.3,93.0,90.2,96.5,89.9,91.1,90.8,89.5,87.6,84.2,82.1,80.0,77.6,73.0,69.8,63.8,60.2,53.8,47.1,38.8,29.2,22.4,21.6,22.3,23.3,24.2,25.3,26.2
12:20:50.452,103.9,85.4,101.7,83.4,90.7,89.4,86.2,83.3,83.6,93.3,98.7,97.4,89.8,91.9,92.0,87.2,87.5,89.7,87.7,85.4,82.2,79.9,76.0,74.6,72.0,72.2,67.1,60.3,54.9,46.7,36.9,27.6,21.5,21.3,22.3,23.3,24.1,25.1,26.1
12:20:51.452,104.0,85.6,101.8,86.0,87.6,89.6,89.6,81.0,84.3,94.6,97.3,97.0,93.4,90.7,94.1,88.1,88.9,89.7,87.7,84.9,82.8,80.9,78.9,77.9,75.2,73.6,69.0,64.0,58.3,51.5,44.4,35.2,24.3,21.8,22.5,23.1,24.0,25.1,26.1
12:20:52.452,103.7,84.8,101.6,82.8,82.3,87.5,88.5,82.4,85.1,93.1,95.1,99.4,88.7,91.1,92.0,87.0,88.1,87.5,86.3,84.3,82.1,80.8,76.8,73.7,70.1,66.3,61.1,54.2,48.2,38.8,29.3,21.5,20.7,21.5,22.4,23.1,24.1,25.1,26.2
12:20:53.452,103.1,83.3,100.9,87.5,86.4,82.7,82.8,83.3,82.2,91.0,94.8,96.1,89.0,92.0,88.9,88.7,85.3,88.6,85.7,82.7,79.3,77.2,72.5,69.2,66.2,61.7,55.8,49.6,42.4,33.4,24.6,20.3,20.6,21.3,22.2,23.1,24.1,25.0,26.1
12:20:54.452,103.3,83.0,101.0,83.2,88.7,90.1,86.5,79.7,81.3,91.1,96.8,94.1,89.2,92.9,91.0,90.4,88.7,85.9,83.2,82.2,81.8,78.2,75.1,70.9,67.6,63.3,60.1,54.7,45.7,37.0,26.5,20.5,20.2,21.2,22.0,23.0,24.0,25.1,26.2
12:20:55.452,102.8,83.1,100.1,84.1,90.1,90.0,85.5,79.8,86.6,93.4,98.2,94.1,87.0,91.0,90.9,88.4,86.2,86.5,84.2,82.5,82.6,79.1,76.4,72.8,69.9,64.7,60.9,55.1,47.1,39.5,30.5,22.7,20.8,21.8,22.2,23.4,24.3,25.2,25.9
12:20:56.452,101.9,81.9,99.6,84.1,85.3,87.4,84.6,79.4,88.6,91.1,95.0,94.1,87.3,92.1,89.0,89.9,87.0,86.8,84.7,80.8,79.9,76.6,73.8,69.9,66.8,62.5,59.4,55.5,46.2,40.2,31.4,23.2,21.1,21.8,22.6,23.4,24.1,25.2,26.0
12:20:57.452,101.5,82.1,99.4,79.6,84.4,85.3,82.6,78.0,82.0,87.4,94.4,95.3,85.3,91.6,90.8,87.3,87.5,85.7,84.2,81.8,79.2,75.6,73.8,69.4,65.7,61.0,55.5,48.7,38.6,30.0,20.6,19.7,20.5,21.3,22.2,23.3,24.2,25.2,26.1
12:20:58.452,101.1,80.8,98.7,82.9,85.8,80.8,75.9,80.3,84.3,94.2,95.5,93.5,85.8,91.8,88.1,88.1,88.5,86.2,82.2,80.9,78.9,77.3,74.7,70.1,64.1,58.1,51.5,46.9,36.4,25.7,21.9,22.2,22.5,22.9,23.0,23.5,24.2,25.1,26.2
12:20:59.452,101.8,78.4,99.0,81.5,82.9,90.0,87.8,79.2,86.6,91.4,97.6,93.9,86.0,91.4,85.1,86.9,85.6,83.3,81.0,79.0,75.3,70.4,68.5,62.6,57.0,50.2,45.4,41.3,30.5,24.6,24.4,22.7,24.0,25.0,23.8,24.0,24.3,25.1,26.1
12:21:00.452,101.2,77.4,98.3,86.2,85.5,86.8,83.7,79.7,86.9,92.7,93.1,94.4,83.9,91.8,88.8,87.2,83.5,80.9,78.7,76.7,75.4,70.3,66.5,61.5,56.4,49.0,44.6,42.0,32.7,30.0,28.6,26.4,27.9,28.6,29.0,26.2,24.6,25.4,26.1
12:21:01.452,99.6,76.9,96.8,82.8,85.7,87.6,85.4,77.5,86.1,88.3,93.7,90.0,81.6,91.5,84.6,87.7,83.1,81.1,76.6,77.7,75.3,71.8,66.5,60.7,55.2,47.8,43.5,40.4,31.5,29.0,29.6,27.0,26.7,24.6,23.9,24.2,24.5,25.3,26.1
12:21:02.452,100.0,76.6,96.8,88.7,89.6,85.0,77.2,77.0,88.5,94.1,92.9,90.3,84.4,90.2,84.0,87.0,83.2,82.5,79.8,77.2,72.9,70.8,64.7,59.1,53.1,45.4,43.5,41.0,32.2,26.1,26.5,26.2,25.8,26.1,26.4,25.9,25.4,25.5,26.1
12:21:03.452,98.8,74.9,95.5,83.5,80.6,78.2,78.7,79.6,86.5,92.8,92.8,88.3,85.0,87.0,83.1,81.5,82.5,81.5,78.4,74.4,70.8,67.4,60.9,54.7,49.2,43.4,45.1,40.8,34.8,26.6,27.4,25.6,26.3,27.9,28.5,27.7,26.5,26.0,26.3
12:21:04.452,98.1,73.0,94.6,81.5,85.7,87.5,82.0,78.3,88.5,91.3,86.9,86.8,82.4,86.5,79.6,84.4,83.9,77.4,75.6,71.8,67.8,63.4,59.4,53.6,48.0,43.0,43.0,41.0,31.9,23.8,21.4,21.9,23.0,23.4,25.3,24.8,25.0,25.3,26.2
12:21:05.452,98.2,72.6,94.8,77.7,82.8,81.4,79.1,74.1,83.5,91.2,88.9,87.3,82.2,87.1,82.8,84.2,81.6,77.8,72.1,71.1,65.4,62.1,56.8,51.6,46.5,43.8,46.7,46.3,33.8,26.3,21.0,21.2,21.7,22.5,23.2,23.8,24.4,25.2,26.1
12:21:06.452,99.5,72.9,95.9,84.2,90.6,88.0,82.5,74.0,86.2,93.6,93.8,90.5,84.5,88.8,82.1,85.7,80.1,78.3,74.4,72.0,68.3,63.8,60.1,55.1,49.1,44.0,46.6,44.0,35.7,25.0,21.3,19.9,20.8,21.7,22.5,23.1,24.1,25.2,25.9
12:21:07.452,100.0,71.9,96.6,83.9,85.5,85.6,81.4,77.8,86.4,92.7,96.7,89.4,83.7,87.7,83.2,84.1,82.4,73.7,71.9,70.8,66.0,61.8,55.9,51.8,46.5,43.2,44.1,41.5,31.8,22.9,19.9,19.4,20.3,21.3,22.0,23.2,24.1,25.1,26.0
12:21:08.452,99.4,72.0,94.6,88.4,84.6,80.1,82.2,76.9,87.8,94.2,88.1,85.7,83.2,87.6,81.1,81.6,82.0,80.2,74.9,69.3,66.2,62.3,57.2,50.7,46.0,43.4,43.8,43.5,34.7,24.2,20.1,19.9,20.6,21.3,22.2,23.0,24.0,25.1,26.0
12:21:09.452,99.5,74.1,95.1,87.0,87.8,89.8,87.1,80.3,90.3,93.2,92.1,87.4,82.7,86.4,80.8,83.3,80.5,78.7,77.8,74.5,72.5,68.5,64.0,58.9,51.9,44.8,42.9,40.3,31.4,21.1,19.2,20.0,20.7,21.4,22.3,23.1,24.0,25.1,26.0
12:21:10.452,98.5,72.7,94.4,78.4,78.5,82.3,80.9,79.2,87.7,88.9,91.9,87.6,84.1,86.5,81.5,81.5,80.4,78.3,74.1,73.4,70.0,66.4,59.6,53.0,46.8,43.7,43.4,44.6,34.0,25.0,19.9,19.5,20.3,21.2,22.3,23.2,24.1,25.0,26.2
12:21:11.452,96.8,73.6,93.3,83.1,84.3,81.3,81.7,79.6,85.1,87.9,87.9,87.8,81.2,86.1,84.2,83.1,83.7,79.9,76.2,74.1,71.6,68.3,63.3,57.5,51.3,44.9,44.5,43.9,36.8,23.9,20.6,20.9,20.9,21.1,22.3,23.3,24.1,25.1,26.1
12:21:12.452,96.8,71.0,92.7,81.9,80.3,84.3,79.5,78.5,88.6,86.0,85.7,87.4,84.1,86.0,79.6,82.1,79.8,75.7,74.1,69.8,65.9,61.8,55.1,47.8,45.0,42.8,43.3,41.5,36.4,22.9,20.0,19.7,20.6,21.1,22.1,23.0,24.2,25.2,26.1
12:21:13.452,96.9,69.5,92.7,86.8,83.6,78.9,80.4,75.9,83.1,85.2,90.4,83.2,83.7,82.8,77.5,81.7,79.1,73.1,69.1,66.1,60.6,56.5,51.4,48.3,44.1,40.9,40.7,39.9,29.8,22.0,21.0,21.9,22.2,22.9,23.3,23.7,24.4,25.2,26.1
12:21:14.452,94.8,68.7,91.5,79.3,79.3,78.4,75.4,78.0,84.3,83.8,89.2,84.1,81.3,86.4,79.8,81.0,79.4,74.4,69.7,65.4,57.7,55.7,51.3,47.8,45.0,41.5,44.3,39.8,33.3,25.4,24.3,24.3,24.7,24.6,24.4,24.4,24.5,25.3,26.1
12:21:15.452,97.0,67.9,92.3,85.3,84.8,80.8,76.6,79.0,84.9,87.8,88.0,81.5,81.9,82.6,80.7,79.2,76.5,72.9,69.0,65.4,58.1,55.1,51.5,50.2,47.1,43.1,45.3,42.7,36.5,25.4,24.7,25.2,24.9,25.6,25.3,24.9,24.7,25.1,26.1
12:21:16.452,96.3,68.2,92.1,81.9,82.2,82.3,80.3,78.2,84.0,90.6,87.1,83.9,80.9,84.6,80.0,81.7,76.2,71.9,69.8,65.7,61.6,55.9,48.4,47.6,45.3,47.6,49.0,46.1,39.1,29.8,29.3,29.8,29.9,29.8,29.3,28.2,26.6,25.9,26.2
12:21:17.452,93.5,67.1,89.9,78.6,75.5,74.5,75.2,76.7,82.6,85.3,86.5,81.6,79.3,80.7,75.9,78.7,78.1,71.0,67.1,65.7,60.6,53.1,50.0,47.1,45.9,44.5,47.2,46.8,38.1,29.8,30.1,29.3,29.9,29.1,29.5,28.3,27.4,25.9,26.1
12:21:18.452,94.7,67.0,90.7,81.0,82.6,79.6,78.3,73.7,84.3,87.2,89.8,80.4,78.2,81.2,77.6,80.4,77.1,71.2,69.1,66.8,61.4,56.1,50.2,47.1,45.8,44.1,45.2,43.6,37.7,29.9,29.6,30.8,29.7,29.4,28.2,27.2,25.8,25.7,26.1
12:21:19.452,93.9,64.9,89.1,80.8,83.7,83.8,77.4,74.5,81.3,84.4,86.5,79.7,79.5,80.6,75.6,74.9,75.2,69.2,65.5,64.3,57.7,52.9,48.6,47.0,45.3,42.5,47.1,44.0,34.4,32.7,29.3,30.5,28.6,28.3,32.3,30.0,34.1,29.3,27.9
12:21:20.452,93.2,64.4,88.6,82.7,78.1,77.0,77.7,77.2,85.2,85.7,86.9,79.1,77.5,79.5,76.5,77.2,71.8,68.0,65.4,60.8,57.2,52.6,49.2,47.6,45.1,43.3,46.7,45.1,36.8,29.3,26.5,25.8,25.7,24.8,24.5,24.4,24.7,25.2,26.2
12:21:21.452,91.9,63.4,87.3,81.6,77.4,78.2,70.4,75.4,82.9,86.5,82.7,81.1,77.3,79.4,75.2,74.2,71.9,68.9,66.1,60.4,56.0,50.3,46.6,44.8,45.8,43.3,44.1,44.1,40.0,35.3,32.4,29.4,28.4,28.5,27.6,26.9,26.4,25.6,26.2
12:21:22.452,93.7,63.6,88.1,79.8,80.9,81.3,75.5,76.6,83.3,83.8,84.7,80.3,78.7,81.0,75.3,74.5,72.4,69.4,65.0,62.1,56.7,51.3,47.4,45.6,45.8,45.0,46.0,45.9,41.5,34.7,32.5,31.0,29.2,28.6,27.3,25.8,25.4,25.4,26.2
12:21:23.452,91.5,63.4,87.2,77.6,77.2,73.5,70.2,74.2,81.3,83.4,83.9,81.5,76.6,78.0,76.7,73.7,73.1,68.1,63.3,60.2,54.7,50.0,46.5,46.4,46.1,44.8,47.4,45.8,40.8,38.4,34.7,33.7,30.7,28.6,27.8,26.6,25.3,25.6,26.2
12:21:24.452,91.9,62.1,86.5,81.6,80.5,77.4,74.4,77.3,80.8,85.5,85.4,79.9,75.3,77.9,73.8,71.7,70.5,65.9,63.3,59.5,53.7,49.4,48.0,46.2,47.4,44.9,48.6,46.9,42.4,33.5,31.3,30.6,29.6,29.1,29.0,27.8,25.8,26.1,26.3
12:21:25.452,92.1,63.0,86.5,82.7,80.9,76.9,69.3,73.1,79.1,84.2,84.9,77.5,72.6,77.5,74.6,72.9,71.6,68.5,62.2,60.6,52.7,50.4,56.1,51.5,48.2,47.3,48.5,49.5,40.4,36.9,33.7,32.6,33.9,33.1,32.9,31.1,28.6,26.7,26.2
12:21:26.452,90.4,61.1,85.4,73.1,79.4,77.5,73.7,76.6,79.7,86.3,80.2,76.3,74.8,77.4,73.0,70.1,68.7,65.8,61.0,58.1,52.7,48.1,46.8,45.9,46.6,48.6,48.6,47.2,44.6,40.5,33.4,32.5,30.0,28.5,27.6,26.6,25.6,25.4,26.1
12:21:27.452,89.5,61.1,84.6,77.4,76.1,79.4,75.7,73.7,78.1,82.3,81.0,76.8,76.1,76.3,75.4,71.6,67.8,65.2,60.2,57.5,52.3,48.8,45.6,47.1,50.3,46.6,47.4,47.7,40.6,35.8,33.6,32.2,31.1,30.1,28.3,27.6,26.0,25.5,26.2
12:21:28.452,89.7,60.9,85.8,69.9,69.8,73.1,71.9,74.3,77.3,82.7,84.8,76.4,75.9,77.4,70.2,71.0,68.7,63.9,60.1,57.6,53.3,50.4,48.9,46.6,46.8,45.3,48.4,46.1,38.7,34.0,32.1,31.1,29.6,28.6,27.6,26.4,25.3,25.6,26.1
12:21:29.452,88.8,60.1,83.5,78.7,77.4,77.4,70.5,79.2,79.8,80.1,77.8,74.0,76.3,76.0,71.9,67.7,66.6,63.4,58.8,55.3,50.1,46.7,46.3,46.0,50.7,46.5,46.6,46.0,38.5,36.3,31.5,31.3,30.5,27.9,26.5,26.0,25.5,25.4,26.1
12:21:30.452,90.0,60.4,84.8,79.6,79.6,78.9,76.7,73.2,80.2,83.0,81.6,73.7,74.1,77.9,71.8,71.9,68.0,64.5,59.3,57.1,50.5,46.7,46.3,45.0,46.9,46.8,47.4,46.6,41.0,32.6,27.8,27.8,24.2,23.0,23.2,23.7,24.1,25.2,26.0
12:21:31.452,88.2,59.3,83.5,75.4,72.1,72.6,74.0,73.6,80.5,81.3,78.7,76.6,77.0,76.2,70.7,67.0,65.6,61.6,58.1,55.0,50.2,45.7,46.7,47.2,50.0,46.8,45.9,46.1,39.6,33.9,32.5,30.5,29.5,26.4,24.5,24.1,24.5,25.1,26.1
12:21:32.452,88.2,58.9,82.7,77.9,73.8,74.1,71.3,73.5,78.1,78.4,79.1,74.6,72.4,73.5,71.3,68.2,66.5,60.8,58.9,54.1,51.5,46.7,49.0,46.9,47.3,46.0,47.4,46.6,38.0,32.2,29.6,27.6,26.6,25.1,25.0,24.2,24.4,25.2,26.1
12:21:33.452,86.3,58.2,81.4,68.1,72.9,76.6,74.3,71.8,71.0,80.9,77.0,73.0,72.1,72.7,67.8,68.3,64.0,60.2,57.3,52.9,48.0,46.6,48.3,45.6,48.2,45.2,46.6,46.0,38.5,33.3,30.8,32.1,32.5,32.9,31.7,28.8,26.2,25.8,26.2
12:21:34.452,87.7,58.9,81.6,71.5,73.5,70.9,67.9,74.5,72.6,80.9,79.8,73.0,72.1,71.2,70.8,67.8,64.9,59.0,57.3,53.0,48.6,46.7,48.1,47.3,48.3,47.5,47.6,46.8,38.0,31.0,29.4,27.4,26.1,25.0,24.6,24.3,24.5,25.3,26.2
12:21:35.452,87.2,58.0,80.8,79.4,78.9,73.5,72.7,74.0,78.4,77.6,75.3,70.6,70.1,73.3,67.4,65.5,63.6,59.9,54.7,53.5,49.2,47.7,50.6,51.0,47.6,45.2,47.0,46.2,36.7,32.5,29.8,27.9,26.9,27.6,26.0,24.4,24.3,25.1,26.1
12:21:36.452,85.6,57.1,80.1,73.4,71.9,71.5,70.5,70.5,77.3,76.8,75.4,74.0,71.4,72.8,65.4,64.6,61.6,58.0,54.9,50.6,46.7,44.1,44.8,50.6,47.4,45.0,47.0,46.0,37.2,30.6,27.0,25.8,24.5,24.5,24.3,23.8,24.4,25.1,26.1
12:21:37.452,84.7,57.0,79.6,72.9,71.3,74.4,75.8,70.2,69.7,79.4,75.0,70.5,73.1,69.5,66.3,63.7,61.3,55.7,55.5,51.8,46.8,43.4,46.1,49.2,48.0,46.1,46.9,46.1,37.5,32.3,32.1,28.7,25.8,25.7,26.5,24.6,24.5,25.2,26.1
12:21:38.452,84.4,56.5,79.2,66.5,68.2,72.3,67.2,65.9,78.7,79.2,74.9,68.4,68.9,68.8,65.8,66.1,60.6,60.8,55.7,51.2,45.1,45.7,45.6,44.1,46.1,45.3,45.8,46.1,36.8,30.6,25.7,23.3,22.8,23.3,23.7,23.9,24.4,25.2,26.0
12:21:39.452,84.9,57.2,80.0,67.6,74.0,72.6,68.4,68.4,79.1,79.8,78.1,67.8,68.1,68.8,64.8,63.1,60.8,56.0,53.4,50.8,45.6,49.6,48.3,47.1,47.5,46.8,48.3,47.0,39.8,36.2,32.4,28.4,26.7,26.5,27.2,25.6,24.9,25.3,26.3
12:21:40.452,83.9,56.6,78.6,66.0,71.4,71.2,67.0,69.4,71.6,77.9,73.9,71.5,72.3,68.8,65.9,60.1,60.4,58.0,53.8,49.3,45.5,43.1,45.3,45.5,48.0,47.9,47.6,47.6,38.1,28.3,24.1,23.1,22.9,23.0,23.0,23.7,24.5,25.0,26.1
12:21:41.452,83.7,56.0,78.0,68.6,68.7,70.5,66.5,70.3,73.0,77.9,74.7,68.4,69.2,69.4,67.5,62.8,59.2,57.7,54.1,49.4,46.7,43.4,45.4,45.5,47.1,45.7,45.9,46.2,36.7,28.0,25.2,24.3,24.2,23.8,24.1,24.5,24.5,25.3,26.1
12:21:42.452,83.6,56.0,76.5,74.3,71.2,70.2,66.0,66.9,74.0,74.0,71.4,70.8,66.7,67.1,65.8,64.9,58.5,57.9,52.7,47.6,44.1,43.1,44.0,44.0,47.4,45.6,46.9,46.9,38.2,27.2,25.3,25.1,24.8,25.5,26.7,24.9,24.7,25.2,26.1
12:21:43.452,83.3,56.9,77.6,71.9,75.4,73.1,66.8,71.6,73.3,73.3,73.6,70.0,68.6,68.1,64.2,61.9,58.4,57.3,52.9,48.1,44.1,49.1,46.9,49.4,47.9,47.4,49.3,48.3,39.2,33.5,28.9,25.4,26.9,25.8,26.4,25.1,24.9,25.6,26.2
12:21:44.452,82.0,55.8,77.2,71.3,68.3,69.3,66.4,68.9,70.1,74.9,74.8,70.6,68.4,68.4,62.5,61.1,60.2,55.5,51.6,48.1,43.6,44.1,44.4,45.1,46.6,44.9,46.6,47.0,38.9,33.3,32.4,30.9,27.8,28.0,26.9,25.8,25.6,25.9,26.4
12:21:45.452,82.5,55.6,75.7,63.8,68.4,69.8,68.6,70.5,69.4,69.5,71.7,70.7,66.8,68.9,66.5,60.5,58.9,55.1,51.3,46.3,43.5,42.1,44.5,44.5,46.7,46.0,47.2,47.7,37.4,27.6,25.3,24.1,24.1,24.2,24.8,24.6,24.8,25.5,26.3
12:21:46.452,82.1,56.1,76.2,64.7,65.9,67.3,68.4,68.4,75.3,73.0,72.5,68.1,66.8,67.5,64.3,60.9,58.2,55.6,52.9,46.1,43.0,43.5,43.8,45.0,47.2,46.1,48.0,46.8,38.2,29.9,26.6,26.0,26.1,25.6,26.0,24.9,25.0,25.3,26.2
12:21:47.452,82.1,55.5,75.6,68.5,70.6,69.0,67.1,71.1,68.6,71.3,70.0,69.7,68.1,67.4,64.5,59.0,57.5,54.8,51.8,47.5,42.3,44.3,46.2,45.4,46.2,45.9,46.1,46.6,39.3,29.3,27.4,27.8,27.2,27.1,26.4,25.5,25.1,25.6,26.2
12:21:48.452,81.7,56.4,75.7,70.1,68.4,65.8,64.1,65.7,70.3,72.8,71.6,67.1,67.7,65.2,63.1,61.0,57.6,54.4,51.7,47.5,42.7,42.5,46.4,46.4,48.4,45.2,48.3,48.5,38.8,31.9,31.3,30.5,29.8,29.7,28.8,28.3,26.6,26.2,26.1
12:21:49.452,81.3,56.3,75.2,71.8,68.9,66.1,63.1,64.6,68.2,68.4,69.6,69.0,70.3,67.2,64.2,59.2,56.3,54.0,50.3,46.2,44.1,43.9,45.6,46.2,46.6,46.9,47.7,47.6,40.8,35.7,35.4,35.2,35.5,35.2,33.7,31.8,30.7,27.9,26.6
12:21:50.452,80.7,56.9,75.7,68.9,66.3,67.5,66.2,67.5,68.3,74.2,69.8,70.3,69.4,68.4,64.6,58.8,55.0,53.1,50.2,47.4,42.9,43.8,49.5,47.4,47.0,46.1,49.1,47.9,39.6,36.1,38.0,37.8,37.3,35.8,34.9,32.1,29.5,27.6,26.7
12:21:51.452,80.3,57.3,73.9,72.9,68.3,65.1,62.2,68.4,69.5,71.0,69.8,66.5,66.7,66.0,64.0,59.7,57.0,53.6,51.7,46.2,41.7,44.9,50.4,51.2,49.7,48.5,48.4,48.0,41.9,35.7,34.6,31.2,30.1,29.6,28.2,26.3,25.7,25.6,26.1
12:21:52.452,80.8,56.6,74.4,67.4,67.0,70.3,70.4,68.3,70.7,70.7,72.0,68.2,65.8,63.2,60.6,58.9,56.7,52.4,50.8,47.1,43.0,45.1,47.2,47.6,47.3,46.9,49.0,47.6,40.5,35.5,33.7,33.0,32.5,32.0,30.7,29.0,27.0,26.2,26.4
12:21:53.452,80.7,56.2,74.2,71.0,67.3,61.9,66.1,65.3,66.3,72.8,69.2,69.0,68.7,64.4,62.6,60.3,55.6,53.3,48.8,45.8,41.1,43.6,46.2,46.6,47.6,46.3,49.2,47.2,39.8,35.3,33.6,35.4,35.1,35.1,34.6,33.0,29.4,27.0,26.5
12:21:54.452,77.4,56.2,73.0,55.9,59.1,59.8,64.7,65.0,66.1,67.2,66.6,68.9,67.4,62.8,61.3,58.6,55.9,53.2,50.6,44.9,41.6,42.2,45.3,47.4,47.9,46.4,49.8,48.4,39.9,32.6,31.3,29.7,28.8,28.9,28.0,25.9,25.4,26.2,26.2
12:21:55.452,78.6,56.3,72.7,68.3,64.1,63.4,63.7,65.3,65.9,67.2,67.3,68.0,67.3,62.4,62.0,59.4,57.2,53.5,50.3,45.9,41.7,43.2,46.4,47.9,48.5,46.0,49.0,48.4,39.2,32.5,29.4,28.7,27.2,27.5,25.8,25.7,25.1,25.4,26.2
12:21:56.452,77.8,55.8,72.6,66.1,66.2,67.4,66.0,63.0,66.0,67.6,67.9,65.9,65.7,64.5,60.8,57.8,55.9,50.8,47.8,44.6,43.4,45.5,44.9,46.1,47.3,48.1,48.3,47.4,40.5,32.4,29.5,28.8,30.2,29.8,26.9,25.7,24.7,25.2,26.0
12:21:57.452,78.7,55.5,73.9,61.1,64.6,67.4,65.8,67.1,67.3,71.2,70.1,67.8,66.8,64.0,62.9,59.8,56.1,53.6,48.7,45.7,42.0,42.9,46.3,46.5,48.5,46.9,47.1,46.2,38.4,29.9,28.4,26.9,26.2,25.5,24.9,25.1,24.5,25.1,26.1
12:21:58.452,78.6,55.8,72.8,64.9,65.1,64.9,65.4,66.7,66.0,67.8,66.7,65.8,69.0,64.9,59.0,60.2,55.8,53.0,48.9,43.7,40.3,42.7,48.8,46.0,47.2,46.9,48.6,47.0,37.7,30.0,27.3,26.9,25.6,24.5,23.5,23.6,24.3,25.1,26.1
12:21:59.452,79.2,56.2,73.2,71.1,69.4,62.9,63.4,65.0,67.2,68.1,67.2,65.2,67.4,62.8,63.4,59.7,55.9,52.9,49.1,43.4,41.7,42.9,47.8,46.1,48.6,47.7,48.1,47.3,38.1,29.6,27.1,25.7,25.1,24.1,23.4,23.4,24.2,25.1,26.2
12:22:00.452,78.4,57.0,73.4,67.9,65.6,65.8,63.0,64.1,68.7,69.1,69.3,68.8,65.6,65.1,61.2,56.8,53.5,52.6,48.9,43.3,43.1,48.7,50.0,46.8,48.8,47.7,49.8,49.6,39.9,33.2,32.0,28.3,25.5,23.7,23.3,23.7,24.2,25.2,26.1
12:22:01.452,79.8,56.3,74.5,72.0,64.9,59.5,63.8,67.4,68.8,68.3,72.5,68.0,67.3,65.3,62.5,58.8,55.1,50.8,47.4,44.1,39.8,45.2,46.2,46.2,49.5,47.1,49.1,46.9,37.3,31.6,31.6,29.3,25.0,23.7,23.5,23.9,24.4,25.2,26.1
12:22:02.452,77.8,55.7,72.2,64.1,64.8,69.2,67.4,66.4,65.1,67.2,64.9,68.1,66.0,62.5,60.5,58.3,54.7,51.3,46.8,42.7,39.0,40.2,44.0,45.4,47.5,47.0,49.2,47.4,37.1,29.0,26.3,26.5,25.2,23.6,23.3,23.8,24.2,25.0,26.1
12:22:03.452,78.1,55.7,72.7,65.9,64.5,64.9,64.6,68.0,68.3,68.8,66.9,67.6,66.8,63.5,60.1,58.1,53.8,51.2,46.2,43.1,38.2,40.6,44.9,45.7,48.3,49.0,49.0,46.9,38.5,29.8,26.7,25.4,24.0,23.0,22.8,23.4,24.1,25.2,26.0
12:22:04.452,78.3,55.7,73.4,64.3,70.4,70.4,63.0,65.4,70.5,71.4,65.8,69.7,68.1,62.8,60.9,57.4,54.2,49.8,46.9,41.6,39.4,41.7,44.7,45.8,47.6,47.9,48.9,47.8,37.5,29.0,24.7,24.4,23.2,23.1,23.3,23.7,24.4,25.1,26.1
12:22:05.452,77.6,56.0,73.3,67.6,65.3,58.4,60.1,60.9,64.2,67.9,69.5,70.7,68.5,64.3,61.4,59.0,53.5,52.0,45.4,41.4,39.9,39.3,44.6,46.0,48.1,48.2,49.0,47.6,37.4,30.5,25.7,25.5,24.7,23.6,23.1,23.6,24.3,25.2,25.9
12:22:06.452,76.8,55.7,72.2,64.6,67.7,66.2,64.3,67.1,66.7,66.9,66.8,65.6,65.5,63.8,57.8,55.3,54.0,50.7,46.5,40.0,38.3,39.6,44.0,45.6,48.0,46.4,49.7,49.8,36.7,29.0,25.8,23.9,23.5,23.7,23.6,23.9,24.7,25.5,26.0
12:22:07.452,77.8,56.4,72.5,66.1,65.2,64.5,64.3,64.8,68.1,70.2,64.2,66.0,68.3,64.7,61.8,58.6,55.5,51.1,46.9,41.3,39.6,41.6,45.0,45.9,47.8,47.8,51.4,48.5,37.9,28.9,26.9,25.6,24.4,23.7,23.3,23.7,24.5,25.3,26.1
12:22:08.452,78.4,57.0,73.5,58.9,61.4,61.0,61.6,68.2,67.7,71.6,69.7,69.1,65.4,65.7,61.5,59.1,53.9,50.2,45.5,42.0,39.9,43.5,47.5,46.2,48.2,49.3,49.7,48.2,36.5,30.6,27.8,27.4,24.5,23.6,23.6,23.7,24.3,25.1,26.0
12:22:09.452,78.9,57.2,72.9,67.3,68.7,62.7,60.5,63.5,69.8,71.2,67.7,66.5,66.2,61.9,59.6,54.3,51.6,50.1,43.5,41.9,39.6,42.0,46.4,47.9,49.0,49.9,51.0,48.5,38.8,29.3,26.4,24.8,23.9,25.8,25.3,24.7,24.7,25.2,26.1
12:22:10.452,78.0,55.8,72.8,65.9,66.8,63.6,66.8,65.3,68.3,70.6,66.2,67.3,66.2,63.1,63.0,55.2,52.4,49.5,46.1,40.3,38.2,40.7,47.0,46.2,47.6,47.5,48.9,48.1,37.7,28.0,24.9,25.6,23.3,22.8,23.0,23.4,24.2,25.1,26.0
12:22:11.452,76.6,56.6,72.4,64.7,58.6,54.6,58.1,63.3,67.3,68.7,65.1,63.7,64.5,64.2,60.9,59.3,54.0,49.9,48.2,45.2,38.1,42.6,46.7,47.7,48.5,47.6,49.3,48.6,39.1,34.0,27.1,25.0,22.9,23.3,23.1,23.6,24.4,25.1,26.0
12:22:12.452,78.4,57.1,73.3,70.0,67.4,65.2,63.7,65.3,67.3,70.6,68.2,67.2,68.0,61.6,62.1,56.4,52.4,49.1,46.3,41.8,41.2,41.5,46.6,48.5,51.8,48.4,51.5,49.2,38.0,34.8,30.3,27.6,27.5,26.1,25.6,25.2,25.8,25.6,26.3
12:22:13.452,77.3,55.3,72.3,63.4,64.6,63.3,60.5,62.2,66.0,68.2,68.7,64.9,67.3,64.3,58.8,55.5,52.9,48.8,45.0,38.8,38.7,40.7,44.1,45.9,48.3,46.5,48.2,47.2,35.5,27.5,25.4,23.2,22.3,22.4,22.6,23.4,24.3,25.1,26.2
12:22:14.452,76.8,56.1,71.9,62.8,64.3,61.8,62.7,65.6,64.7,64.3,68.4,65.8,65.2,63.1,61.4,54.8,52.9,48.6,46.9,41.2,40.0,41.5,45.2,46.2,48.6,48.3,50.5,48.4,37.5,29.1,28.7,28.1,31.4,28.6,26.6,26.5,26.9,26.3,26.5
12:22:15.452,77.9,55.7,72.8,66.0,67.7,69.4,66.1,63.0,63.7,68.8,69.6,65.8,65.4,64.7,61.0,56.7,52.3,48.5,43.5,38.6,38.0,41.3,43.8,46.3,48.5,47.1,50.0,47.9,37.1,28.6,23.5,22.1,22.1,22.6,23.5,24.0,24.6,25.5,26.2
12:22:16.452,77.7,55.6,72.4,66.9,69.5,68.6,61.6,58.9,64.3,67.6,69.3,67.7,65.4,63.7,59.8,54.6,53.8,48.9,44.9,40.3,38.4,42.3,45.0,46.6,48.8,48.4,48.6,47.2,36.5,28.0,24.8,22.8,22.5,22.5,22.9,23.5,24.3,25.2,26.1
12:22:17.452,76.5,56.1,72.8,61.7,63.3,62.4,62.3,64.3,64.0,65.5,69.0,68.4,66.3,63.9,61.9,57.2,53.0,50.5,46.4,39.7,39.0,42.8,45.0,48.0,48.5,47.8,47.7,47.5,35.8,28.9,27.5,25.6,26.2,27.0,29.0,28.7,29.2,27.1,26.9
12:22:18.452,78.0,55.9,72.1,64.9,63.7,64.0,67.4,68.4,64.4,64.0,65.7,68.0,64.7,62.5,59.0,56.1,52.3,49.0,45.4,38.6,37.2,42.9,45.1,47.0,47.5,48.2,49.4,46.6,34.8,28.9,28.6,26.0,26.6,27.2,27.1,26.2,26.5,26.5,26.5
12:22:19.452,77.7,55.7,72.5,63.5,62.0,63.7,67.5,65.2,67.5,67.3,63.5,64.9,66.3,63.6,59.7,54.9,51.3,48.0,42.8,38.8,38.7,42.9,45.3,47.0,47.4,47.6,48.5,46.3,33.4,28.1,26.1,21.6,21.5,22.2,22.9,23.6,24.2,25.1,26.1
12:22:20.452,77.0,56.1,71.9,59.5,62.0,65.8,65.4,64.7,64.7,66.4,67.3,67.5,64.2,64.7,58.5,56.3,50.4,48.5,45.3,39.6,38.1,43.1,46.4,46.9,48.5,47.8,48.8,47.6,34.8,30.5,27.6,25.7,24.7,26.3,25.5,28.3,26.2,25.5,26.1
12:22:21.452,77.1,56.7,71.7,65.2,67.9,66.0,64.5,65.9,63.1,66.3,66.8,64.6,64.0,63.2,59.1,55.5,50.2,47.8,43.6,40.3,38.9,43.4,46.0,48.2,50.3,49.2,50.1,48.0,35.0,31.9,33.1,33.1,28.8,26.2,26.1,25.6,25.7,25.8,26.2
12:22:22.452,77.6,56.6,71.3,66.3,68.2,67.2,62.5,63.8,69.8,66.9,68.4,66.7,63.8,62.3,57.5,55.2,52.1,47.8,43.9,37.9,38.0,43.2,46.2,48.7,49.6,48.8,50.9,47.4,35.1,28.3,27.4,26.5,25.2,24.1,23.5,23.9,24.9,25.6,26.3
12:22:23.452,76.6,57.0,71.9,59.1,64.4,64.2,62.7,65.1,66.7,68.4,64.8,68.4,65.8,60.3,58.1,55.5,50.3,46.0,44.2,39.3,39.6,44.0,45.2,48.0,49.1,48.2,51.3,47.8,35.8,31.6,29.7,30.1,28.0,28.2,27.3,28.2,26.8,27.0,26.9
12:22:24.452,77.7,57.4,71.7,60.7,64.5,66.2,65.5,59.6,64.9,70.6,66.5,65.3,64.6,62.1,57.3,55.1,50.5,47.5,43.2,41.8,39.9,42.4,46.2,48.0,49.7,49.5,51.0,48.6,36.2,31.4,27.7,26.0,25.3,25.9,25.6,26.4,25.6,25.9,26.3
12:22:25.452,78.1,57.1,72.4,68.0,63.0,63.0,66.6,64.4,67.9,67.1,69.2,69.1,65.2,62.4,58.9,55.8,50.7,46.1,43.5,39.0,39.5,41.4,45.6,48.4,49.3,50.9,50.4,48.7,38.0,31.0,28.7,29.8,29.3,26.8,26.7,26.6,25.5,25.8,26.2
12:22:26.452,77.0,57.3,70.9,62.8,59.8,61.9,61.3,66.0,66.7,62.6,62.3,65.0,65.5,62.1,59.1,53.8,51.0,47.0,44.0,41.1,40.4,41.8,45.5,49.4,48.5,49.6,51.0,48.6,39.1,32.6,34.8,33.6,33.9,35.4,32.5,32.8,32.8,29.7,28.2
12:22:27.452,76.7,57.3,71.7,59.6,59.0,64.5,65.3,66.4,64.2,68.5,67.1,65.3,64.4,64.9,57.1,55.3,50.2,46.3,41.7,41.6,42.2,41.8,46.2,48.5,49.1,49.4,51.2,48.1,39.3,33.0,29.6,27.0,25.0,24.1,24.2,25.2,25.1,25.5,26.2
12:22:28.452,77.1,57.3,71.6,66.2,68.4,63.6,62.5,62.1,66.2,68.2,66.0,68.3,65.4,58.2,56.6,53.6,48.4,45.7,42.9,40.7,38.7,42.2,47.8,48.1,48.9,48.7,51.5,49.1,37.4,31.8,31.5,34.3,35.8,32.1,28.9,27.5,26.1,26.2,26.6
12:22:29.452,77.4,57.6,73.6,64.6,62.8,60.9,62.1,61.2,64.5,71.8,71.3,68.8,67.6,62.2,59.0,58.6,52.2,49.0,43.5,43.2,41.2,43.8,49.3,50.0,49.8,50.0,50.7,47.7,40.2,36.7,34.4,32.8,31.6,32.6,31.4,33.3,30.9,29.8,28.6
12:22:30.452,76.1,56.2,70.4,61.6,61.9,65.5,66.2,61.5,61.7,64.5,69.3,64.8,64.6,61.9,56.4,55.1,47.9,44.1,43.0,41.7,44.6,42.6,47.8,48.8,47.7,47.8,49.8,46.7,40.7,39.7,38.7,35.3,38.9,40.0,41.8,39.0,35.7,34.3,29.6
12:22:31.452,76.0,56.4,70.8,59.2,63.3,66.6,64.0,63.7,60.6,64.3,68.7,65.0,63.0,61.6,57.9,55.5,48.3,45.1,41.7,39.3,38.9,40.6,47.1,48.7,48.3,48.9,50.7,47.7,39.7,31.8,28.8,27.8,27.4,28.3,27.8,28.8,29.2,27.2,26.7
12:22:32.452,76.0,56.7,71.4,62.0,55.8,55.7,56.5,60.1,60.7,70.5,68.6,66.1,64.6,62.0,58.8,54.4,47.7,44.9,43.1,40.5,40.2,42.4,47.3,49.5,49.1,50.2,49.9,46.6,38.2,36.9,36.1,34.1,34.0,38.1,37.1,36.2,35.0,35.5,30.7
12:22:33.452,76.8,56.5,72.4,64.7,58.8,59.9,59.0,56.8,63.1,66.0,68.8,64.9,64.9,63.1,57.7,55.7,50.7,46.8,43.0,39.0,39.7,42.8,46.4,49.9,47.7,48.9,50.1,46.2,40.0,32.9,32.0,31.4,29.7,31.4,26.4,25.6,25.9,26.1,26.5
12:22:34.452,75.3,55.9,71.1,62.8,62.0,61.4,60.5,62.7,61.7,67.7,69.6,65.5,61.3,61.6,57.4,56.1,49.6,47.2,43.8,41.6,41.3,44.8,47.2,49.0,47.5,49.3,49.3,45.9,36.7,34.7,31.2,29.7,27.3,26.8,25.7,25.2,25.1,25.5,26.3
12:22:35.452,76.5,57.6,70.8,69.3,63.4,58.3,63.0,61.3,64.7,68.5,68.0,63.2,61.1,63.3,56.8,54.5,51.5,46.7,43.6,40.3,41.5,42.8,47.2,52.0,48.5,51.1,51.6,49.5,41.5,36.7,34.4,35.4,32.2,30.3,29.3,28.1,26.9,26.0,26.4
12:22:36.452,75.6,56.7,72.0,61.9,59.9,60.4,61.5,62.3,60.5,65.0,67.0,66.4,61.6,63.5,59.2,58.1,51.4,46.4,44.6,41.8,41.2,43.0,46.4,48.3,48.8,50.5,49.7,47.7,41.7,35.8,34.2,32.3,32.4,31.0,28.3,26.2,25.2,25.5,26.3
12:22:37.452,74.8,58.0,70.9,61.6,62.0,60.3,56.6,59.1,65.7,65.5,65.9,66.7,61.1,63.4,58.1,55.7,50.2,47.9,43.7,44.8,42.2,46.0,49.7,48.8,50.9,52.2,50.4,49.4,44.6,38.1,34.5,32.1,29.6,27.5,26.2,25.6,25.2,25.6,26.3
12:22:38.452,75.5,58.2,71.7,55.3,59.5,59.9,53.9,56.6,63.9,65.2,68.7,64.8,64.5,60.0,58.3,56.5,50.6,45.5,45.0,38.6,43.3,46.6,52.5,49.8,48.7,48.6,49.2,50.4,46.1,46.8,42.8,37.2,38.8,38.2,35.9,30.5,26.2,25.6,26.2
12:22:39.452,76.2,57.8,71.6,60.9,56.8,59.7,62.5,60.6,67.0,68.7,69.8,62.2,64.0,61.0,57.5,55.4,52.4,48.3,43.6,42.3,44.3,46.8,50.1,50.0,48.4,49.6,50.0,48.3,41.7,39.2,37.8,33.5,31.6,31.2,29.4,26.6,25.2,25.5,26.2
12:22:40.452,77.0,56.1,71.8,64.3,59.6,59.1,60.9,59.7,65.8,70.5,69.1,66.1,63.7,60.2,56.5,54.7,49.7,49.1,41.9,41.3,43.1,45.7,46.7,49.8,48.4,49.3,49.5,46.6,41.2,40.5,36.9,33.0,32.1,30.6,28.8,27.3,26.5,26.1,26.2
12:22:41.452,75.9,56.5,71.6,62.5,62.8,60.8,59.1,55.6,69.8,68.6,71.2,65.6,61.2,59.1,54.2,54.7,49.1,49.0,40.2,42.5,44.9,45.0,48.0,53.0,47.4,46.8,48.9,47.7,39.7,33.0,32.9,29.4,27.1,27.9,27.0,26.1,25.4,25.6,26.2
12:22:42.452,76.6,55.7,71.9,57.7,56.0,57.5,61.8,62.1,63.9,70.2,66.6,67.8,62.0,57.1,56.4,54.7,48.4,44.7,44.3,40.6,40.1,45.0,45.7,47.5,48.0,46.3,48.3,46.9,40.6,32.5,29.6,28.2,28.4,28.3,26.3,26.0,25.2,25.3,26.1
12:22:43.452,76.9,56.5,71.6,61.4,58.2,59.3,57.2,59.4,67.5,71.7,65.3,66.5,62.5,61.5,56.7,55.3,50.4,45.4,40.2,37.5,40.3,44.5,47.5,47.1,47.3,48.9,48.3,47.0,42.8,33.9,28.8,24.9,27.0,26.1,25.4,24.3,24.7,25.1,26.0
12:22:44.452,76.5,55.9,71.1,64.1,62.3,58.8,60.8,62.4,66.0,67.3,68.7,66.0,61.0,61.2,57.5,56.3,50.6,47.5,44.4,43.2,40.4,46.5,47.8,48.2,47.2,47.2,49.1,47.2,40.3,31.4,29.3,27.8,26.1,27.2,26.0,25.5,25.4,25.7,26.4
12:22:45.452,77.0,55.6,71.6,61.7,63.0,61.2,57.1,60.4,69.7,69.8,64.1,68.2,62.9,62.7,58.9,53.3,48.7,45.4,39.9,44.5,40.0,44.3,47.1,47.1,46.3,47.0,49.1,47.3,37.6,32.5,30.5,29.8,26.6,26.7,25.7,25.4,25.3,25.7,26.2
12:22:46.452,75.7,55.2,71.2,58.9,62.4,64.1,57.0,60.9,70.1,68.0,66.2,65.5,61.8,60.8,55.5,54.3,47.4,45.9,41.5,39.4,36.8,43.5,45.1,46.2,46.5,48.3,49.2,48.6,39.8,30.9,24.9,23.3,23.3,23.7,23.6,23.7,24.5,25.3,26.3
12:22:47.452,76.8,55.3,70.8,66.0,66.1,64.0,62.1,61.7,66.2,69.1,67.0,63.2,60.9,61.7,56.3,54.4,48.6,45.3,43.2,38.7,37.8,41.5,46.4,47.2,47.0,49.0,48.7,47.5,39.5,31.4,29.7,26.7,25.3,24.9,23.7,23.9,24.5,25.3,26.1
12:22:48.452,75.8,55.5,69.4,62.0,62.3,59.9,59.6,59.7,63.9,66.2,61.8,63.9,61.2,62.0,57.2,54.3,48.4,44.1,40.9,38.3,37.6,42.1,46.0,45.1,46.4,49.8,47.9,45.3,37.9,29.6,26.8,25.1,25.5,24.8,24.4,25.0,25.2,25.6,26.2
12:22:49.452,75.9,55.3,70.1,61.4,62.6,59.5,60.6,61.3,64.6,67.2,66.9,64.4,62.4,63.1,56.7,51.5,47.9,47.6,44.6,46.0,41.9,43.6,47.5,47.2,47.8,47.1,48.8,47.6,39.6,32.0,28.4,25.5,24.8,23.9,23.8,24.1,24.3,25.1,26.1
12:22:50.452,75.4,55.3,70.8,62.5,62.8,59.3,58.2,61.9,64.6,67.6,67.9,66.5,63.7,61.0,57.7,53.0,50.3,45.9,42.6,41.0,40.1,42.3,44.6,47.4,47.5,47.0,49.1,47.0,40.8,33.2,28.3,27.4,25.8,25.6,26.1,26.1,25.9,25.9,26.4
12:22:51.452,77.1,55.1,70.9,69.5,65.6,60.6,59.1,62.6,66.0,68.0,67.0,63.4,62.7,61.8,54.9,53.9,47.5,47.1,44.2,41.3,42.0,43.2,44.9,46.2,48.0,48.0,46.9,45.6,40.6,34.0,32.6,30.9,31.5,31.0,30.3,28.5,27.4,27.2,26.7
12:22:52.452,75.4,55.7,71.4,64.7,61.2,58.2,58.7,62.7,65.3,65.4,68.3,65.6,61.2,64.2,58.3,54.9,49.0,46.2,44.9,44.0,43.3,45.6,48.2,46.1,47.5,47.0,48.7,47.3,43.1,37.4,37.7,33.2,32.1,32.1,29.6,27.0,25.8,25.8,26.3
12:22:53.452,77.8,56.1,72.5,63.0,66.5,65.8,60.3,58.7,67.1,70.7,71.5,64.4,62.4,62.3,58.5,54.0,50.8,47.1,46.1,42.3,45.6,42.3,46.8,48.2,47.9,46.2,49.2,48.1,42.4,39.6,36.0,34.6,33.9,33.0,31.7,29.0,26.5,26.0,26.2
12:22:54.452,76.6,55.4,71.4,64.8,62.6,60.2,60.8,60.0,59.4,67.0,67.1,63.4,62.1,60.7,57.5,50.1,49.6,46.9,46.1,44.9,42.2,43.1,47.2,47.3,48.3,47.2,47.7,46.5,41.8,37.4,35.5,34.3,34.0,33.8,32.2,29.4,27.3,26.0,26.3
12:22:55.452,75.6,55.3,70.8,63.6,57.6,59.0,60.9,59.6,63.2,68.3,66.3,66.1,62.9,60.3,55.0,53.5,51.6,45.1,44.2,42.7,42.0,41.4,43.2,45.7,46.6,47.0,49.0,46.9,42.6,39.1,36.5,34.8,35.0,33.8,31.4,28.6,26.7,26.2,26.4
12:22:56.452,78.0,55.8,72.4,66.2,62.5,61.9,57.9,60.3,60.5,69.5,69.5,67.1,62.5,59.4,54.8,52.5,51.4,45.7,44.8,46.2,44.3,45.1,46.4,47.2,47.1,46.6,47.9,48.6,42.7,38.3,37.8,35.9,34.3,33.7,31.9,30.0,27.6,26.5,26.4
12:22:57.452,77.4,55.8,73.1,67.4,60.8,57.8,56.8,57.5,62.6,66.4,72.9,67.2,63.6,63.6,57.7,52.6,50.8,48.4,47.5,44.9,45.5,44.5,44.3,46.5,46.2,46.5,48.8,46.7,42.6,39.7,38.5,35.6,34.7,33.5,32.3,30.1,28.1,26.9,26.5
12:22:58.452,78.2,56.0,74.0,67.4,64.0,61.2,60.1,60.7,67.0,66.7,71.9,70.7,64.6,66.4,62.3,54.6,49.6,44.3,44.1,42.2,41.3,42.3,44.3,46.2,45.8,46.6,47.9,45.7,41.1,38.3,38.1,36.7,35.3,34.8,33.2,31.6,29.3,27.2,26.6
12:22:59.452,77.7,57.5,73.8,63.5,60.1,62.2,61.8,58.5,64.8,69.0,72.2,68.6,64.8,65.6,60.3,55.9,47.9,43.8,42.3,45.6,46.9,51.7,47.1,46.9,46.8,47.4,49.0,48.2,43.5,39.1,37.9,37.4,37.9,36.8,36.9,35.6,32.5,29.6,27.0
12:23:00.452,76.7,58.4,72.4,61.3,63.1,64.5,60.6,58.8,63.5,68.1,68.6,67.3,62.6,63.8,60.9,57.3,51.4,45.0,44.2,51.2,45.8,53.5,47.2,48.1,49.3,49.1,49.9,49.0,42.3,40.4,38.9,37.8,37.3,36.1,34.2,32.7,30.2,27.7,26.6
12:23:01.452,77.1,56.6,72.4,64.9,67.5,67.2,63.7,61.6,59.9,66.0,67.7,68.7,64.1,65.1,58.0,60.7,53.3,46.4,43.5,43.1,44.6,56.8,46.9,47.4,47.8,46.0,48.0,46.8,40.7,38.3,37.3,35.7,35.7,35.8,34.5,32.8,30.3,27.5,26.6
12:23:02.452,76.7,57.0,71.5,66.7,63.7,58.0,62.4,61.4,63.0,67.7,68.6,67.5,63.7,63.8,57.4,58.7,49.6,45.7,43.6,47.2,46.6,45.5,47.8,49.4,47.7,45.9,49.0,47.2,43.8,42.1,39.9,37.9,35.8,34.2,33.8,31.7,28.1,26.6,26.2
12:23:03.452,76.7,56.9,71.6,63.2,65.1,63.8,61.4,61.0,65.2,70.0,67.8,65.3,63.4,62.1,55.7,54.7,50.2,49.8,46.1,46.8,46.0,45.5,47.5,48.2,49.0,48.1,48.3,47.5,42.4,39.7,38.7,38.7,38.5,37.6,37.7,34.6,32.0,29.4,26.9
12:23:04.452,76.3,55.6,70.7,60.5,63.3,67.2,63.3,61.0,68.1,66.5,68.0,63.0,59.4,61.0,54.3,53.7,50.1,46.0,42.2,42.7,42.5,43.1,45.3,47.8,47.5,46.7,49.2,47.2,42.7,40.4,37.5,37.3,36.6,35.2,34.5,32.3,30.0,27.5,26.8
12:23:05.452,75.8,56.6,70.7,66.3,65.7,61.4,55.8,62.1,64.9,67.2,69.5,64.4,62.7,60.0,54.7,51.1,49.6,45.1,43.1,45.9,42.2,45.3,47.0,48.4,48.4,47.9,50.4,46.3,41.7,39.2,38.4,36.3,35.4,34.7,33.4,31.7,28.1,26.5,26.3
12:23:06.452,75.5,56.8,70.1,63.9,63.0,62.0,58.7,57.5,66.5,70.8,65.3,63.4,60.1,57.2,58.5,54.6,52.5,47.3,47.3,47.1,47.2,47.0,47.0,49.8,49.8,47.4,49.8,48.0,42.0,40.2,39.2,38.7,39.8,39.6,37.3,36.8,34.6,30.2,27.1
12:23:07.452,73.4,56.9,68.1,63.0,63.4,59.1,61.3,59.0,59.9,60.7,65.5,64.1,61.2,56.8,54.8,53.7,48.5,44.4,41.7,40.7,41.4,43.4,44.9,46.5,47.7,47.8,49.9,48.2,43.7,41.3,39.2,38.4,38.0,37.9,36.7,34.9,32.0,29.9,27.3
12:23:08.452,74.9,56.9,68.5,66.6,66.3,65.6,58.0,59.9,58.9,64.0,66.1,61.7,57.4,57.6,54.8,50.5,48.2,44.9,42.8,44.4,51.6,46.5,46.8,47.3,47.2,48.7,49.9,47.6,42.1,39.8,38.7,38.2,38.8,37.7,36.1,33.9,31.4,28.0,26.9
12:23:09.452,74.4,57.0,68.5,65.9,61.9,59.2,62.4,59.4,62.3,63.0,67.3,60.4,59.7,58.7,56.8,51.8,49.6,43.8,44.7,46.6,41.0,45.8,50.7,46.5,47.3,47.4,48.7,47.3,42.5,39.2,38.5,37.2,36.9,36.8,35.7,33.7,31.1,28.1,26.6
12:23:10.452,74.9,55.9,69.2,62.3,64.6,61.2,61.6,60.0,61.8,61.1,65.0,65.4,59.2,58.6,55.6,52.5,46.9,43.1,40.4,41.4,41.4,41.8,43.5,46.1,47.1,46.8,50.1,47.8,42.1,40.3,39.4,38.1,37.1,36.6,35.4,34.8,33.3,29.0,26.6
12:23:11.452,74.5,56.4,67.4,67.6,65.2,62.6,64.4,57.3,53.2,61.1,61.6,63.4,60.5,57.4,54.8,51.4,49.5,42.3,45.5,46.3,46.8,42.3,45.7,45.7,47.9,49.6,49.5,48.3,40.9,37.9,36.0,35.0,34.2,33.7,32.3,30.6,28.1,26.5,26.3
12:23:12.452,73.1,56.3,67.9,63.9,61.5,60.4,60.7,57.5,59.7,58.3,65.5,65.8,59.2,56.6,54.8,52.6,50.6,44.1,43.2,39.2,40.5,42.3,44.9,47.9,47.3,46.5,49.2,48.0,40.5,38.5,36.9,35.7,36.3,35.4,33.3,33.5,31.1,27.9,26.6
12:23:13.452,75.6,56.7,68.4,67.8,65.0,62.6,58.6,58.8,63.2,62.7,61.9,61.3,60.0,58.3,53.8,54.5,50.1,45.7,45.0,44.1,41.8,44.3,45.2,46.6,48.7,48.5,49.8,49.0,41.3,37.6,36.3,35.3,33.8,31.9,30.8,28.4,26.6,25.7,26.2
12:23:14.452,74.1,54.5,69.1,61.7,60.4,61.1,61.7,60.4,60.9,62.3,63.3,66.7,58.9,57.7,52.5,52.3,49.3,43.9,43.9,46.0,40.5,41.9,43.7,44.2,46.5,45.5,48.3,46.0,38.2,35.1,34.3,33.6,32.0,30.9,29.4,27.4,26.2,25.8,26.2
12:23:15.452,73.7,54.8,68.3,63.2,62.2,62.6,58.7,56.3,59.3,64.6,66.1,63.9,59.8,56.0,53.5,52.6,47.9,44.5,44.9,41.7,41.3,42.5,44.0,45.2,46.5,45.2,48.2,46.6,38.8,35.9,34.6,32.8,31.5,30.4,28.0,26.7,25.4,25.5,26.0
12:23:16.452,75.4,56.2,67.8,64.9,60.3,58.2,54.6,56.4,62.5,63.7,65.1,61.0,56.7,55.7,52.4,51.3,47.2,45.2,46.3,47.6,39.8,40.5,44.7,45.9,47.8,46.7,47.9,49.1,40.1,37.9,35.2,33.8,32.0,30.6,28.9,27.0,26.0,25.8,26.2
12:23:17.452,74.1,55.2,67.8,65.5,60.2,58.8,51.7,56.9,61.3,61.4,63.6,64.1,60.6,56.4,55.1,52.4,48.8,45.4,45.5,45.1,38.0,43.5,50.2,49.0,46.9,44.4,48.5,46.6,39.5,36.2,34.0,32.2,30.5,29.0,27.2,26.0,25.7,25.5,26.1
12:23:18.452,73.0,54.2,67.7,64.7,63.4,58.8,59.9,59.6,57.4,58.8,67.5,63.6,59.2,59.2,55.9,52.5,46.2,43.7,43.9,39.2,37.2,40.3,45.0,45.7,46.3,46.3,47.4,46.5,35.5,32.0,30.8,29.8,29.2,27.4,25.8,24.5,24.5,25.2,26.2
12:23:19.452,74.2,53.7,68.2,61.4,63.3,61.5,56.7,60.1,63.2,66.1,64.4,62.0,59.4,56.6,54.4,52.0,45.9,43.0,42.4,38.4,39.4,41.7,43.7,45.6,46.4,45.0,47.0,47.2,37.3,34.4,32.1,30.4,29.2,27.9,26.8,25.5,25.0,25.3,26.0
12:23:20.452,75.2,53.9,66.6,68.0,63.1,53.6,54.0,56.1,59.3,63.9,62.3,61.2,59.0,56.0,53.5,50.9,45.7,45.0,41.5,39.7,40.1,41.3,44.4,44.0,46.2,45.0,46.5,48.3,36.9,32.4,30.2,29.1,27.3,26.9,25.0,24.4,24.4,25.1,26.1
12:23:21.452,74.2,52.7,68.6,60.9,59.6,58.1,57.3,58.6,67.4,68.5,62.8,61.7,61.5,58.0,53.3,50.3,48.5,44.0,42.3,40.7,38.7,40.7,44.1,44.6,43.5,42.9,42.8,42.9,38.6,30.3,28.8,27.9,26.9,26.1,25.5,24.7,24.6,25.2,26.1
12:23:22.452,75.2,54.7,68.5,66.1,67.5,62.8,60.5,60.9,63.3,66.9,61.8,64.3,58.8,53.6,54.0,50.8,49.6,48.6,44.2,47.4,48.0,50.5,50.2,46.5,46.9,46.3,44.7,45.1,38.9,34.6,30.1,29.4,28.1,27.1,24.9,23.9,24.3,25.3,26.2
12:23:23.452,76.1,53.5,69.4,66.5,67.9,65.0,54.2,61.9,64.4,63.5,65.4,65.9,59.2,59.0,57.4,49.6,44.2,43.9,46.0,39.6,36.8,44.7,45.1,46.4,45.9,43.6,45.7,48.1,37.3,31.5,28.2,27.6,26.5,24.4,24.2,23.9,24.4,25.2,26.2
12:23:24.452,74.6,53.4,68.6,67.0,62.1,60.2,55.5,58.2,63.5,63.6,61.9,63.3,59.4,61.9,55.9,54.1,46.7,44.3,42.1,38.9,38.9,40.1,42.5,43.6,45.8,42.3,44.5,46.3,35.7,30.9,26.2,25.5,24.4,24.0,23.8,23.7,24.3,25.1,26.2
12:23:25.452,74.6,53.6,69.7,65.7,61.6,57.9,59.5,62.6,64.7,63.7,64.3,66.9,61.1,60.6,54.5,53.6,46.2,42.8,42.6,43.5,37.0,39.1,42.8,43.8,45.4,43.1,45.9,47.8,36.9,31.4,27.9,26.8,25.4,24.5,24.1,23.7,24.2,25.1,26.0
12:23:26.452,75.8,54.3,70.3,61.9,55.7,56.1,56.1,59.9,63.7,62.7,65.8,69.1,59.0,57.4,54.9,54.8,44.9,45.5,44.9,41.4,40.3,40.7,40.9,44.2,45.7,43.3,43.8,47.6,36.6,33.9,28.8,28.1,25.0,24.3,23.6,24.0,24.5,25.1,26.1
12:23:27.452,75.9,53.5,71.4,65.1,64.5,59.8,55.2,59.2,65.7,69.3,65.9,70.7,62.7,57.1,52.0,55.1,47.5,46.2,46.0,44.4,42.5,38.7,41.6,43.5,46.8,43.0,44.7,45.6,35.7,30.5,28.6,28.5,26.0,24.8,23.8,24.1,24.4,25.0,26.1
12:23:28.452,76.4,55.3,69.5,70.4,69.0,59.3,55.0,58.1,64.5,66.8,65.2,63.4,61.4,59.3,57.7,55.1,50.2,46.6,46.2,40.5,38.2,39.1,40.8,43.1,44.4,43.5,46.6,44.9,35.7,31.2,29.8,29.8,30.3,28.9,28.2,27.5,25.6,25.4,26.2
12:23:29.452,76.5,53.5,71.3,67.5,64.0,60.3,55.5,56.3,63.5,69.0,66.5,68.7,61.3,61.5,56.2,54.4,47.8,47.4,45.9,39.5,39.5,40.8,42.1,42.3,45.3,43.8,45.9,46.1,38.0,33.1,30.8,31.4,30.4,29.9,29.7,28.1,26.6,26.1,26.3
12:23:30.452,76.6,54.8,72.2,63.4,56.1,53.7,57.2,59.5,63.0,63.3,68.8,69.4,60.6,65.5,58.0,54.7,48.5,44.7,46.4,40.5,38.2,45.0,42.3,44.3,45.2,44.2,48.0,47.7,38.0,31.6,29.5,31.0,29.4,29.6,28.0,26.3,25.7,25.6,26.4
12:23:31.452,76.6,55.6,71.8,70.6,65.9,59.0,56.9,60.5,60.6,63.6,63.9,69.3,65.7,65.1,57.6,53.9,51.7,47.3,43.6,38.4,42.2,45.2,43.3,43.8,48.5,43.4,45.6,48.3,36.8,32.8,28.9,28.3,25.8,25.1,25.4,24.6,24.4,25.2,26.1
12:23:32.452,76.0,56.4,72.2,60.7,62.5,64.3,60.7,59.8,63.0,65.1,66.9,71.4,62.7,62.9,61.0,56.3,48.8,45.8,44.6,41.0,45.4,47.3,48.0,44.7,49.4,44.3,46.6,48.2,37.5,33.5,30.3,29.3,26.5,25.9,24.9,24.2,24.2,25.2,26.1
12:23:33.452,76.6,54.7,72.5,57.2,58.6,58.2,59.1,59.2,59.2,65.4,71.0,70.7,62.3,65.2,60.3,50.5,48.3,43.9,45.2,41.4,39.4,42.3,41.8,43.3,45.1,43.6,46.1,48.2,36.9,33.4,29.3,29.8,28.4,26.0,24.5,24.8,24.9,25.3,26.1
12:23:34.452,76.0,54.6,71.3,61.5,61.4,59.5,57.7,63.2,64.6,68.1,66.8,66.1,63.6,63.4,59.4,52.1,47.0,45.9,43.6,45.9,38.6,42.6,44.5,43.9,47.4,43.0,45.4,49.8,38.6,35.6,30.5,29.4,27.7,27.3,26.2,25.2,25.0,25.5,26.4
12:23:35.452,75.9,55.3,70.4,64.1,62.9,59.2,56.2,59.4,62.4,66.7,67.4,64.8,60.8,58.6,54.4,51.8,48.7,45.7,45.1,47.1,45.9,42.0,43.4,45.0,47.4,44.3,48.4,51.4,39.4,35.7,31.6,29.7,27.7,27.3,26.6,25.7,25.0,25.5,26.2
12:23:36.452,74.8,56.1,69.6,60.5,63.6,62.6,62.1,60.5,57.6,65.8,66.2,66.8,59.4,56.7,55.3,53.1,47.7,43.9,42.6,47.5,45.3,44.2,43.2,45.3,47.1,44.6,48.5,50.9,38.3,34.3,31.3,31.4,29.4,27.4,27.1,26.1,25.1,25.4,26.2
12:23:37.452,74.8,57.4,68.9,66.5,62.4,59.0,62.3,61.2,57.7,62.5,61.2,64.7,59.5,56.8,53.2,54.2,48.9,45.1,46.5,49.7,42.7,46.8,46.2,48.2,50.6,49.5,51.4,48.0,39.1,35.9,32.5,34.8,31.0,26.9,27.0,26.1,25.0,25.4,26.2
12:23:38.452,75.1,58.7,68.5,67.9,64.5,62.6,62.3,56.2,66.1,66.5,63.7,62.6,58.5,57.8,54.5,54.4,49.5,45.6,45.7,45.8,43.2,51.4,47.2,48.0,50.0,46.6,48.9,50.6,40.1,37.7,33.0,36.5,28.9,26.3,26.1,24.7,24.8,25.3,26.2
12:23:39.452,73.0,58.1,67.5,66.5,67.4,62.7,58.3,57.1,55.2,61.3,61.9,61.9,59.2,60.7,56.8,51.2,47.8,45.0,44.7,39.7,43.0,44.7,51.4,47.9,48.5,51.5,52.1,50.0,37.1,37.7,35.6,37.6,31.9,29.2,25.6,24.8,24.5,25.2,26.1
12:23:40.452,73.7,56.6,67.9,64.1,61.9,58.4,62.6,59.6,63.5,64.0,62.6,59.8,57.1,59.4,56.1,50.6,47.6,45.7,43.1,40.4,41.1,44.4,49.2,47.4,47.3,46.9,50.1,47.8,38.2,34.3,33.8,34.9,30.2,28.3,26.9,25.3,24.8,25.2,26.1
12:23:41.452,73.5,56.1,67.8,64.1,57.4,55.5,58.3,61.3,60.1,60.0,64.3,64.1,60.5,59.7,55.6,51.7,47.7,45.7,46.0,39.5,39.6,44.4,46.3,48.2,46.2,44.6,52.3,49.5,37.4,32.3,30.5,30.3,29.0,28.0,26.0,25.1,24.9,25.5,26.2
12:23:42.452,74.2,56.0,68.1,61.7,57.3,61.0,62.8,61.4,63.1,66.4,64.2,63.1,59.1,61.0,54.8,49.6,48.1,45.4,48.1,40.8,41.8,45.8,46.8,47.3,46.4,45.4,48.1,46.5,37.6,32.3,31.2,29.8,28.4,27.3,25.5,24.3,24.4,25.2,26.0
12:23:43.452,72.2,55.9,67.3,57.4,56.6,58.3,57.7,57.9,62.3,62.7,63.7,61.7,61.2,58.9,56.3,51.7,48.5,43.5,44.9,43.9,39.9,46.9,46.5,48.5,47.5,46.9,50.5,47.3,38.5,33.2,29.7,28.5,26.6,25.8,24.3,23.9,24.6,25.3,26.2
12:23:44.452,73.7,55.3,68.7,59.9,59.1,61.5,60.4,61.1,64.0,63.4,64.4,65.1,59.2,58.5,55.0,50.9,48.9,43.5,43.4,40.5,42.4,47.7,45.5,47.8,46.8,45.5,47.7,43.5,37.1,32.5,30.7,28.9,28.2,29.3,28.0,25.9,25.9,25.5,26.1
12:23:45.452,73.3,56.2,69.6,54.3,58.0,60.8,59.3,55.8,56.8,64.0,68.9,64.5,57.9,59.2,58.7,52.6,50.5,45.5,42.6,43.7,42.2,47.1,47.7,48.9,48.5,45.2,48.3,46.0,39.1,33.0,33.2,30.7,28.5,27.4,26.1,24.3,24.5,25.2,26.2
12:23:46.452,73.4,54.8,68.2,58.3,58.8,59.5,56.7,59.2,61.8,61.3,63.9,63.6,57.7,58.4,55.3,52.7,50.0,42.3,43.7,42.6,40.5,46.7,47.9,47.5,48.4,44.9,46.6,45.7,35.6,31.0,30.6,29.8,28.5,27.1,26.6,24.6,24.7,25.2,26.0
12:23:47.452,74.0,56.6,68.9,62.5,60.2,63.3,62.8,58.3,60.3,61.5,65.2,62.9,58.6,55.4,58.1,52.3,49.5,43.8,43.6,43.9,43.4,42.2,47.3,46.9,48.4,47.0,51.2,48.8,39.5,33.3,30.8,31.4,30.1,29.1,28.9,26.3,24.9,25.4,26.1
12:23:48.452,74.3,56.8,69.4,64.3,65.2,66.3,61.9,56.2,58.5,63.1,65.5,64.5,58.8,56.8,54.4,53.4,47.5,44.2,41.3,45.6,41.7,46.8,49.3,50.8,49.2,48.8,51.9,49.2,36.8,32.3,30.7,29.0,25.2,24.3,23.7,23.7,24.3,25.2,26.0
12:23:49.452,74.7,57.2,71.1,56.7,57.6,56.4,59.0,60.5,61.0,65.2,70.4,66.7,62.6,59.0,55.6,52.5,50.4,44.9,42.2,40.8,37.8,45.0,46.6,50.6,49.3,47.9,53.0,49.9,42.2,35.1,29.6,30.7,26.4,24.8,23.8,23.7,24.3,25.1,26.0
12:23:50.452,75.2,56.8,71.2,62.3,62.3,61.1,59.1,57.7,59.5,64.7,67.7,68.0,61.6,58.5,55.7,52.3,51.2,48.1,42.7,49.7,43.4,48.8,52.1,49.6,48.2,48.4,49.5,47.0,37.2,32.1,29.0,28.0,27.7,28.7,24.8,24.1,24.3,25.3,26.1
12:23:51.452,75.1,56.6,71.0,60.5,63.7,61.3,60.0,60.7,61.0,64.8,66.8,68.7,61.9,63.3,58.1,51.6,50.0,49.0,43.1,41.0,37.1,44.7,46.4,47.3,47.7,47.8,51.4,48.0,38.8,30.6,28.5,27.7,26.0,24.6,23.8,24.0,24.3,25.2,26.0
12:23:52.452,74.6,56.3,70.3,57.6,54.6,59.1,60.9,61.1,59.9,66.1,68.9,64.0,58.6,60.9,55.7,50.6,47.0,51.6,45.5,46.3,39.7,43.5,48.7,45.9,47.9,48.5,49.1,46.5,35.3,28.9,27.5,25.6,25.6,24.2,23.2,23.4,24.1,25.0,26.1
12:23:53.452,75.5,58.2,71.6,56.8,58.1,57.1,58.2,61.1,60.2,66.0,66.6,66.2,62.4,58.1,57.9,51.2,48.6,51.2,44.9,52.1,44.3,43.6,52.4,48.5,50.7,48.6,50.4,47.7,44.1,34.3,30.4,27.6,25.3,25.7,26.1,24.8,24.6,25.3,26.1
12:23:54.452,74.5,56.3,70.3,63.4,63.0,60.3,61.8,60.3,60.3,63.4,68.2,65.9,61.4,59.8,56.5,53.0,50.0,51.1,46.5,48.9,42.8,50.1,50.6,47.1,48.0,47.3,49.2,47.5,35.3,31.3,27.3,26.4,25.2,26.1,24.6,24.2,24.4,25.0,26.0
12:23:55.452,75.4,56.6,69.5,63.3,61.5,62.2,63.0,63.9,60.9,63.5,67.9,67.2,57.0,56.0,57.4,53.0,46.3,52.3,48.4,44.2,40.8,52.8,49.9,50.7,48.7,47.2,50.6,46.3,36.7,29.9,26.9,26.1,24.5,24.4,24.2,23.6,24.4,25.2,26.1
12:23:56.452,73.4,56.6,69.0,58.1,54.7,59.9,61.0,57.3,63.8,65.8,65.7,64.9,57.4,54.5,56.1,52.4,48.5,53.4,48.6,49.6,46.1,51.4,53.6,51.0,48.0,47.4,48.3,45.8,37.2,32.5,28.5,26.7,27.1,25.0,24.0,24.0,24.3,25.3,25.9
12:23:57.452,73.3,55.3,67.8,59.3,60.4,61.8,56.6,59.9,58.4,62.1,65.9,60.0,56.9,51.8,54.5,53.7,51.2,51.4,45.1,44.9,43.2,45.4,49.5,47.9,46.4,45.7,48.2,45.8,38.6,32.0,26.9,25.4,24.9,23.6,23.4,23.5,24.3,25.0,26.1
12:23:58.452,73.7,55.4,67.6,66.4,63.8,59.8,57.9,59.9,62.0,65.5,60.8,61.6,57.1,54.7,55.8,55.1,47.2,44.9,48.7,47.6,41.0,47.9,50.9,50.2,47.9,45.6,44.5,44.5,37.9,30.4,26.8,26.9,24.3,23.4,23.2,23.4,24.3,25.2,26.1
12:23:59.452,72.1,55.1,66.6,56.6,54.5,58.4,59.7,57.9,60.8,63.1,61.8,58.2,56.9,55.4,56.4,52.8,45.6,46.8,49.5,48.7,50.5,42.6,49.1,49.6,46.1,44.3,45.2,43.8,36.6,30.3,27.3,27.0,23.3,23.6,23.6,23.9,24.3,25.2,26.0
12:24:00.452,72.2,59.2,67.4,60.9,58.7,62.8,60.3,57.6,63.1,65.3,62.6,61.2,57.4,51.4,54.8,49.4,55.6,46.9,49.5,49.1,45.6,48.4,50.3,55.0,50.3,48.2,53.2,45.8,39.6,33.5,32.1,30.5,27.1,25.7,24.8,24.4,24.6,25.0,26.1
12:24:01.452,71.7,57.7,66.6,58.8,61.7,62.0,60.5,57.0,57.2,60.3,60.4,58.5,58.7,54.4,52.8,49.2,59.0,53.2,53.9,44.5,45.1,46.2,48.2,47.2,47.3,51.1,48.8,45.9,37.0,37.1,38.5,29.4,26.7,25.4,25.3,24.8,24.7,25.4,26.1
12:24:02.452,72.8,53.3,67.0,64.2,65.3,61.6,59.6,59.8,62.0,63.3,62.9,57.8,56.2,55.6,54.9,47.8,60.1,47.8,46.8,45.5,40.2,41.7,45.0,44.6,43.7,45.7,45.1,43.5,33.7,29.5,28.4,26.6,25.6,25.1,24.9,24.5,24.6,25.3,26.0
12:24:03.452,72.2,53.7,66.3,59.9,59.3,62.1,65.9,63.9,63.0,61.1,61.5,59.2,54.7,52.6,50.1,49.1,58.9,49.8,44.6,43.8,45.8,44.9,47.0,47.5,46.8,43.9,43.4,43.9,36.0,32.2,29.9,28.2,27.2,26.6,25.7,25.4,24.9,25.3,26.2
12:24:04.452,72.7,57.6,66.6,62.5,62.3,60.8,63.5,61.0,62.5,61.6,61.4,59.1,57.9,52.1,52.5,49.6,56.5,48.6,44.6,43.7,49.2,54.8,48.8,56.2,49.2,46.8,49.8,45.7,41.1,39.3,33.9,32.4,27.8,27.2,26.2,25.3,24.9,25.3,26.1
12:24:05.452,72.0,54.8,65.4,62.8,65.6,64.1,59.3,60.8,58.0,58.3,61.9,62.4,54.8,53.9,51.4,48.7,53.1,46.5,43.2,42.5,45.6,45.0,50.1,47.3,47.3,44.4,45.8,44.5,37.4,32.8,30.1,27.5,26.2,25.7,25.4,25.3,25.1,25.3,26.2
12:24:06.452,72.8,54.3,65.8,63.1,58.9,59.4,61.5,59.8,60.0,60.6,63.4,59.3,57.2,51.8,51.1,46.9,50.8,45.3,41.3,43.7,39.2,40.6,44.6,46.3,45.9,44.0,47.7,44.6,38.2,34.5,31.9,26.8,25.7,25.9,24.9,24.7,24.5,25.1,26.1
12:24:07.452,71.3,53.7,64.9,58.7,61.3,62.4,63.1,58.1,60.1,61.3,61.0,59.8,59.1,51.4,52.3,47.4,46.0,44.4,41.3,43.1,41.1,41.5,43.2,43.7,43.4,43.5,47.6,42.6,34.1,31.5,30.6,26.8,25.3,24.5,24.1,23.9,24.2,25.1,26.1
12:24:08.452,73.2,51.7,64.4,62.8,65.4,67.0,60.6,58.5,60.5,58.1,59.6,57.4,55.5,52.8,54.9,47.6,44.8,43.2,45.6,45.4,41.8,41.1,43.4,43.8,43.0,42.9,44.2,41.8,31.3,31.5,29.9,27.1,26.7,26.8,26.6,26.0,25.2,25.4,25.9
12:24:09.452,72.1,51.8,66.0,63.1,58.6,58.4,55.8,57.0,56.8,61.6,63.0,63.1,57.6,54.4,55.9,45.4,46.0,44.6,45.4,45.6,41.3,41.1,42.8,43.6,43.3,43.6,45.5,41.8,35.4,32.6,30.7,27.7,25.9,25.2,24.3,24.2,24.3,25.1,26.0
12:24:10.452,72.2,52.2,65.4,59.1,57.4,58.5,62.9,59.4,60.3,61.4,60.7,59.3,57.2,55.6,55.1,46.1,47.9,42.8,47.0,46.6,40.7,40.9,46.7,43.6,43.1,42.0,44.9,42.9,35.1,31.6,30.3,28.0,27.6,27.1,25.7,24.5,24.8,25.2,26.1
12:24:11.452,72.4,51.8,65.5,59.9,56.2,62.6,62.0,58.8,60.8,58.8,62.4,60.7,59.6,54.5,56.3,49.1,45.1,40.7,46.2,41.6,37.4,44.2,45.4,45.0,44.6,41.7,43.0,41.4,34.5,36.8,30.8,25.6,25.5,24.9,24.5,24.0,24.4,25.2,26.1
12:24:12.452,73.0,51.3,64.9,62.4,61.1,66.1,63.0,57.7,57.9,58.5,63.0,59.0,56.8,53.9,55.5,50.1,45.5,42.7,44.9,40.8,36.0,40.8,42.9,44.2,44.2,43.1,44.6,43.8,36.3,32.2,27.7,26.1,25.0,25.2,24.1,23.9,24.2,25.1,26.2
12:24:13.452,73.5,52.1,67.7,56.2,61.2,66.1,62.1,54.5,58.1,64.6,65.3,61.6,54.6,54.9,57.6,50.8,46.9,43.7,43.2,45.1,38.9,39.8,43.6,43.9,43.4,44.2,48.0,43.7,33.0,26.7,26.4,27.0,26.1,23.9,23.9,23.7,24.2,25.0,26.1
12:24:14.452,73.2,51.4,67.1,63.9,61.7,62.3,61.4,60.2,59.6,62.7,62.4,61.5,58.5,53.5,54.7,49.9,46.3,41.4,44.7,39.7,37.0,40.1,42.4,43.7,43.3,44.3,45.1,41.0,31.0,26.8,25.0,23.4,23.4,23.9,23.3,23.6,24.1,25.1,26.1
12:24:15.452,72.8,50.8,67.9,57.7,61.4,61.6,60.5,57.8,59.4,62.2,64.3,66.6,58.9,53.0,53.4,50.1,47.0,43.2,44.6,39.8,37.6,42.8,42.4,43.4,44.6,43.0,41.7,40.7,30.7,27.5,24.1,22.9,22.3,22.8,22.9,23.2,24.1,25.3,26.0
12:24:16.452,72.4,52.8,67.5,53.5,57.9,61.4,57.8,54.5,61.9,64.7,63.4,60.6,58.2,52.6,54.7,47.7,44.2,42.5,42.7,42.5,37.5,45.5,46.0,45.0,44.9,43.1,43.5,43.2,39.2,32.8,27.2,26.8,24.0,23.4,23.0,23.6,24.5,25.3,26.1
12:24:17.452,72.6,53.3,67.5,54.0,60.4,64.9,64.2,57.2,61.8,62.9,62.7,61.7,56.8,53.2,56.7,49.5,48.0,45.2,43.2,47.7,45.0,50.0,47.1,46.6,46.1,44.6,43.8,42.4,37.5,32.1,32.0,29.8,27.4,25.6,25.1,23.9,24.4,25.1,26.1
12:24:18.452,71.7,51.7,66.7,63.0,60.4,59.1,57.7,58.5,60.4,62.6,64.2,63.7,59.8,51.2,54.6,49.8,45.5,40.9,41.5,46.1,38.0,42.6,46.0,47.1,43.7,42.3,43.4,42.1,33.6,26.7,31.1,26.7,25.8,22.9,22.7,23.2,24.1,25.1,26.0
12:24:19.452,71.6,50.5,66.0,60.7,60.0,64.7,62.6,59.3,54.6,59.9,63.1,61.4,55.3,54.1,54.4,49.1,47.8,44.8,42.8,39.3,39.2,43.5,44.1,43.7,43.1,43.2,43.0,41.4,32.0,27.9,25.2,24.5,23.7,23.1,23.5,23.3,24.2,25.2,26.0
12:24:20.452,72.7,50.9,67.6,58.1,57.1,57.5,59.2,60.4,60.5,63.1,65.4,62.1,58.2,54.6,52.2,48.6,44.0,43.7,42.0,41.7,37.4,42.2,44.3,44.1,43.1,41.6,43.2,41.8,33.7,26.8,24.8,23.7,23.1,22.7,22.6,23.3,24.2,25.2,26.1
12:24:21.452,72.0,49.8,66.1,55.2,63.4,65.5,61.5,61.5,57.5,61.2,61.3,59.1,58.6,52.7,53.6,48.8,43.7,42.1,41.5,40.0,35.3,39.8,42.5,42.4,42.6,40.3,42.1,39.1,31.1,25.6,24.4,23.4,22.7,22.2,22.4,23.2,24.3,25.1,26.1
12:24:22.452,71.5,52.7,66.1,63.2,60.9,56.5,58.7,62.0,61.0,58.7,62.4,60.5,57.5,55.7,52.6,48.3,43.0,41.8,41.2,45.4,43.1,43.1,45.8,47.1,45.9,46.0,46.5,41.6,38.5,33.3,29.8,27.2,24.8,24.4,23.7,23.9,24.2,25.0,26.2
12:24:23.452,71.1,50.0,65.3,63.4,62.8,61.6,59.3,56.9,54.7,57.8,64.1,60.1,56.7,50.9,49.5,46.8,45.0,40.6,41.9,41.4,36.6,40.0,42.8,43.2,43.1,42.2,41.6,39.4,31.0,26.1,24.4,23.5,22.5,22.2,22.6,23.5,24.0,25.1,26.1
12:24:24.452,69.8,52.9,63.9,51.4,57.7,54.8,55.9,56.6,57.7,57.4,61.7,59.3,54.4,50.2,51.2,46.9,43.7,42.3,42.6,45.5,50.5,44.7,46.5,50.0,46.0,44.4,44.0,42.7,34.3,30.8,27.7,29.3,25.0,23.1,23.0,23.2,24.0,25.0,26.0
12:24:25.452,71.3,52.3,64.1,60.5,57.3,58.2,58.5,59.8,60.3,59.1,57.0,60.4,55.2,50.5,50.3,53.6,44.8,41.8,42.5,51.7,49.3,39.7,45.8,43.4,43.4,43.4,42.9,41.9,30.8,30.9,27.3,26.5,26.0,24.9,24.8,23.9,24.4,25.3,26.1
12:24:26.452,69.6,51.2,63.1,60.8,59.6,56.7,54.5,57.5,58.6,56.2,58.2,59.4,56.4,49.0,49.7,54.0,48.8,40.7,45.1,45.3,36.8,41.5,42.6,43.8,44.3,44.2,44.3,41.6,31.7,28.5,27.2,25.8,27.8,27.5,27.8,24.7,24.4,25.3,26.1
12:24:27.452,69.4,51.2,63.5,53.0,56.7,59.7,58.6,60.9,59.7,59.1,58.8,57.5,54.2,49.1,50.1,53.5,47.9,41.1,42.9,40.9,37.4,43.5,43.6,43.9,42.6,41.2,42.5,39.9,31.7,27.7,26.4,24.9,24.3,24.1,24.5,24.3,24.7,25.3,26.2
12:24:28.452,70.3,52.9,64.4,55.3,59.7,60.0,54.5,59.0,59.8,62.9,58.7,59.2,56.6,48.7,55.2,49.8,45.5,42.2,45.2,51.7,37.8,40.2,44.0,44.9,44.6,44.0,43.7,42.5,33.0,32.7,28.6,25.9,24.5,22.7,23.0,23.4,24.1,25.0,26.1
12:24:29.452,72.2,51.4,64.9,66.6,60.6,58.6,59.8,52.8,57.7,61.8,58.2,60.2,57.7,48.0,50.2,56.3,46.3,42.5,40.5,39.0,36.6,40.5,42.5,44.9,43.8,44.3,41.6,40.3,31.0,26.1,24.2,23.2,22.9,22.6,22.7,23.4,24.2,25.2,26.1
12:24:30.452,69.3,51.4,63.7,50.7,54.5,58.0,58.6,62.4,59.2,57.5,57.4,57.1,56.3,50.6,50.1,54.4,47.5,42.0,41.1,45.5,37.5,42.1,42.4,44.7,42.9,44.1,45.9,41.0,34.5,30.0,25.2,24.5,23.8,23.4,23.8,23.7,24.1,25.1,26.2
12:24:31.452,70.3,55.7,64.1,60.4,63.0,61.3,58.2,59.3,59.1,59.5,55.3,54.8,53.5,48.8,48.6,55.4,50.1,47.1,43.5,50.6,45.3,46.7,47.4,46.2,50.4,47.2,45.9,45.8,39.0,32.4,35.9,32.7,30.9,25.2,26.5,24.5,24.2,25.1,26.2
12:24:32.452,70.9,50.7,64.2,60.1,58.7,62.5,61.8,58.4,58.4,59.4,58.4,56.2,55.9,49.8,51.0,55.6,49.2,39.9,42.7,43.8,42.0,42.1,45.0,42.0,42.4,41.9,41.6,40.7,33.0,25.7,24.4,23.1,23.5,23.1,22.8,23.4,24.3,25.2,26.0
12:24:33.452,70.4,52.6,64.6,56.4,60.3,57.2,54.8,59.3,61.3,58.2,59.2,56.6,53.7,48.7,50.0,57.5,48.9,46.7,40.8,48.2,43.8,45.0,48.9,44.0,43.4,42.7,44.5,41.9,32.8,26.4,25.8,23.8,23.2,22.8,23.2,23.6,24.2,25.0,26.0
12:24:34.452,72.1,50.5,65.0,62.7,60.3,61.4,58.8,54.8,58.7,61.2,61.7,59.6,50.5,50.1,52.0,58.3,49.8,45.4,40.5,42.7,41.3,41.0,42.6,41.1,42.4,40.5,42.0,40.2,28.5,25.1,23.2,22.8,22.5,22.7,22.9,23.4,24.0,25.1,26.1
12:24:35.452,71.3,51.2,65.3,61.0,63.4,61.3,57.5,58.5,56.8,60.3,62.8,59.3,53.1,49.3,51.7,56.6,52.4,44.4,41.8,46.5,42.7,45.4,44.9,43.0,42.9,40.8,42.1,40.9,32.0,30.5,25.6,23.2,23.1,23.4,24.9,24.0,24.3,25.1,26.2
12:24:36.452,70.8,51.2,64.6,61.5,60.9,58.9,57.0,58.5,64.2,57.4,57.7,57.0,52.6,47.3,51.7,60.2,50.4,45.9,39.4,45.8,43.4,41.5,43.2,43.7,42.5,40.0,41.5,41.4,30.8,25.5,23.3,23.2,22.6,23.1,23.4,23.7,24.5,25.2,26.2
12:24:37.452,71.2,51.2,64.5,63.4,62.2,60.6,58.0,61.0,55.7,55.1,59.0,56.8,56.0,52.1,55.5,55.6,51.5,51.4,46.1,48.1,44.8,41.7,43.0,43.1,42.3,41.5,42.7,41.2,32.2,27.9,25.9,25.3,26.4,25.0,24.8,24.0,24.4,25.2,26.3
12:24:38.452,72.0,50.7,64.6,61.9,58.8,58.3,57.0,56.8,58.5,59.0,58.1,55.9,53.8,48.8,56.2,57.4,49.1,43.8,41.7,43.9,40.1,39.3,41.8,42.3,42.4,40.6,42.8,42.0,31.3,28.2,26.7,25.7,24.6,24.6,25.0,24.3,24.5,25.2,26.2
12:24:39.452,70.8,50.5,64.1,58.4,61.4,64.3,61.5,58.8,56.0,60.4,55.8,58.0,55.7,48.5,54.9,55.0,47.2,40.2,41.9,45.3,42.3,41.7,42.6,42.3,43.5,41.2,41.3,41.3,31.4,29.0,27.2,27.4,27.4,27.4,27.5,27.1,25.1,25.4,26.2
12:24:40.452,72.6,50.1,64.8,62.4,66.2,65.5,61.8,60.0,64.0,62.1,55.9,57.2,55.2,51.6,55.6,56.5,47.4,42.3,42.7,40.4,38.1,39.0,42.0,41.3,42.6,40.9,42.1,41.0,32.4,26.0,24.0,23.9,23.3,23.4,23.5,23.6,24.3,25.2,26.2
12:24:41.452,71.5,49.6,63.8,63.7,64.1,65.4,64.5,57.9,59.7,56.8,57.3,55.3,55.7,48.0,54.1,58.2,48.2,42.4,43.3,41.2,39.3,41.6,42.4,41.8,42.3,40.2,40.2,39.7,30.2,26.1,24.2,23.4,23.6,22.9,23.2,23.6,24.3,25.2,26.2
12:24:42.452,72.9,50.1,64.8,58.7,63.2,64.6,60.3,61.2,59.8,61.1,56.6,56.7,54.8,48.8,51.3,57.9,47.8,41.6,43.6,44.2,40.7,38.8,40.5,41.5,41.8,41.2,41.4,40.2,32.4,31.0,29.7,29.0,25.9,25.3,24.5,24.3,24.4,25.1,26.1
12:24:43.452,69.8,50.8,64.3,57.7,60.1,61.8,61.2,54.2,54.7,56.8,57.3,60.1,56.1,49.2,49.0,57.9,47.8,42.0,45.8,46.6,41.3,41.1,42.8,42.7,44.0,41.9,42.4,41.5,35.1,34.1,33.1,30.9,29.1,27.8,25.3,24.3,24.7,25.3,26.2
12:24:44.452,71.9,50.0,63.6,62.7,59.1,60.7,62.6,57.0,59.3,60.1,57.5,54.3,51.7,50.5,51.3,55.2,50.0,40.9,43.8,43.8,45.3,39.0,41.6,41.6,43.5,40.6,42.1,39.6,32.1,29.9,29.4,27.1,24.6,23.8,22.9,23.3,24.0,25.0,26.2
12:24:45.452,70.2,49.5,63.9,62.0,59.6,56.7,58.7,60.2,60.0,59.7,62.1,57.4,53.2,48.9,49.0,52.7,48.0,43.6,45.4,44.0,41.2,39.0,40.7,40.0,42.5,40.5,39.7,38.2,32.5,29.6,28.7,27.4,25.7,24.3,23.5,23.7,24.3,25.0,26.1
