AMBIENT,63.6,56.1,59.3,49.5,48.9,47.7,48.2,47.6,44.0,45.7,49.9,49.5,43.3,39.3,45.9,38.3,40.9,42.4,43.2,44.5,43.1,48.3,52.9,47.1,47.8,49.2,47.3,41.1,37.9,34.2,35.2,33.7,33.8,33.9,34.9,35.7,36.7,37.8,38.9
12:19:52.600,63.0,51.7,56.9,48.0,46.4,47.0,48.9,47.1,44.2,43.2,50.3,49.8,44.0,40.7,45.5,37.1,41.8,41.6,44.1,47.8,40.9,47.1,45.1,51.6,41.0,47.1,42.3,29.7,30.3,32.3,33.2,32.8,32.9,34.0,34.7,35.6,36.8,37.8,38.9
12:19:53.600,65.4,60.5,62.8,51.5,45.7,43.3,47.0,44.8,38.8,46.4,48.3,48.4,41.4,37.9,46.6,37.3,39.5,43.0,48.8,48.6,47.6,56.0,60.2,52.1,55.4,56.0,54.9,48.2,44.4,39.9,41.1,37.6,36.6,34.4,35.3,35.8,36.8,37.7,38.8
12:19:54.600,63.7,44.9,54.9,51.5,49.1,47.5,44.7,47.1,42.6,46.0,51.1,51.3,43.4,40.7,46.8,39.9,41.8,42.1,38.9,37.0,36.5,37.8,32.9,31.8,30.8,29.7,28.6,29.3,29.5,30.4,31.2,32.2,33.0,33.8,35.0,35.7,36.6,37.7,38.9
12:19:55.600,64.1,45.1,54.7,48.5,43.9,46.6,47.5,48.3,44.5,44.6,50.3,49.9,42.6,42.1,48.5,40.9,41.0,42.0,38.7,36.3,35.2,38.7,32.9,32.2,31.3,30.3,29.7,29.4,29.6,30.5,31.1,31.9,33.0,33.7,34.6,35.9,36.8,37.8,38.9
12:19:56.600,65.0,45.9,56.0,46.0,46.6,48.2,46.6,48.0,46.2,44.4,51.6,50.4,44.1,43.4,48.5,40.5,42.7,42.9,42.9,41.8,39.5,39.7,35.5,33.5,32.6,30.2,29.3,29.0,29.4,30.4,31.2,32.5,33.0,34.0,34.8,35.8,36.8,37.8,38.9
12:19:57.600,63.4,46.1,55.6,49.3,42.4,44.4,42.1,43.6,45.8,44.8,49.7,48.3,45.4,45.7,49.0,41.9,43.2,44.5,41.0,40.0,37.3,40.4,33.5,36.7,33.9,32.2,29.2,29.5,30.1,31.0,31.1,32.2,33.3,34.1,35.0,35.7,36.8,37.9,38.9
12:19:58.600,64.7,45.5,55.4,50.4,48.4,43.7,45.3,49.8,44.8,44.9,49.9,49.0,44.3,43.1,46.8,40.8,42.8,44.8,41.1,37.8,38.2,39.7,33.4,33.8,31.6,30.8,29.8,29.6,30.0,30.6,30.9,32.1,32.9,33.9,34.9,35.8,36.7,38.0,38.8
12:19:59.600,69.5,46.8,62.3,46.5,48.3,48.6,47.3,51.5,46.6,48.3,51.9,49.6,44.7,48.3,49.6,44.0,42.4,43.3,39.6,38.8,37.9,40.0,34.2,33.6,36.4,30.9,29.7,30.2,29.5,30.3,31.2,32.2,32.9,33.8,34.8,35.7,36.8,37.8,39.0
12:20:00.600,89.7,72.3,85.7,81.8,76.3,75.5,77.1,76.7,75.0,70.4,67.3,70.6,67.2,71.5,72.7,72.4,76.5,84.5,73.8,64.1,72.6,66.4,67.6,62.1,60.1,57.9,52.7,44.2,35.7,30.8,31.3,32.2,33.0,33.7,34.5,35.7,36.7,37.7,39.0
12:20:01.600,93.3,65.7,89.4,72.2,72.6,76.4,76.7,78.1,80.7,77.6,78.4,80.6,77.2,76.0,73.4,71.8,67.6,66.5,61.3,59.3,58.4,57.8,57.8,55.6,54.0,51.4,47.0,39.6,31.8,30.4,31.3,32.1,33.0,33.9,34.7,35.9,36.8,37.9,38.9
12:20:02.600,102.8,75.8,99.9,84.9,86.6,84.9,85.7,90.6,91.5,89.1,92.6,89.5,94.0,93.2,93.4,85.4,83.1,77.3,72.4,66.9,63.3,62.3,61.5,57.4,58.8,57.2,52.3,45.2,34.7,30.8,31.3,31.9,33.0,33.9,35.0,35.8,36.8,37.7,38.9
12:20:03.600,104.6,81.6,102.3,82.5,85.5,92.0,93.2,90.1,91.4,90.5,94.5,94.8,96.7,96.4,93.8,90.3,87.4,83.9,80.5,78.6,75.4,73.6,72.4,68.4,67.5,67.3,63.7,55.1,44.5,33.0,31.3,31.9,33.1,33.9,34.8,35.7,36.8,37.7,38.8
12:20:04.600,106.8,89.8,105.3,77.3,82.4,87.2,89.3,91.5,95.0,95.0,95.5,97.3,98.3,98.5,98.0,96.8,94.0,93.4,89.0,88.5,84.4,84.6,80.3,79.8,78.4,78.2,74.6,70.3,61.4,54.3,42.9,36.8,33.5,33.8,34.6,35.8,36.8,37.9,38.9
12:20:05.600,109.8,95.3,108.4,83.3,88.1,88.0,89.1,98.0,96.4,95.5,98.8,98.1,100.1,101.6,98.6,98.9,100.7,96.7,95.6,93.2,91.4,91.7,88.8,86.6,84.7,83.6,80.3,77.1,71.1,65.3,58.6,51.5,42.3,36.0,34.9,35.9,36.8,37.9,38.9
12:20:06.600,114.3,101.0,113.1,91.3,90.0,92.7,94.9,99.7,99.0,99.1,98.8,104.1,108.5,106.0,105.3,103.5,102.0,102.4,99.3,97.3,95.7,96.6,95.4,93.9,92.6,91.4,90.2,88.4,86.8,84.6,82.7,79.6,75.7,71.6,66.9,63.4,61.2,57.4,48.2
12:20:07.600,115.5,102.9,114.2,88.1,90.5,94.9,98.8,100.7,101.7,102.3,105.2,103.8,107.3,106.2,105.4,104.3,104.8,102.7,100.0,96.8,95.9,97.9,97.5,95.3,94.0,93.1,90.2,87.4,85.7,83.6,80.5,77.8,74.4,71.1,67.2,61.6,57.8,54.2,49.2
12:20:08.600,115.4,102.3,113.9,87.3,87.0,93.1,101.4,100.4,102.5,103.2,101.2,104.5,106.2,107.9,104.9,103.5,103.8,101.9,100.3,97.2,96.0,97.7,96.7,95.7,94.9,92.9,89.4,87.3,85.5,81.5,78.5,73.9,69.8,65.8,63.7,59.5,51.7,52.6,48.3
12:20:09.600,114.8,98.5,112.9,91.0,95.8,98.6,99.5,101.8,101.0,105.0,105.6,106.5,106.3,105.0,103.6,103.7,101.9,100.0,97.3,93.6,93.2,92.8,92.8,91.9,90.1,87.2,83.6,81.7,78.1,75.8,74.6,71.2,66.9,63.4,59.8,55.2,49.7,44.3,41.4
12:20:10.600,112.1,94.2,110.0,88.0,94.3,96.4,96.6,97.3,98.1,102.1,103.4,101.3,100.0,103.4,101.2,99.5,98.7,93.7,91.7,88.6,90.4,91.8,88.9,85.1,85.0,81.6,78.3,71.7,68.8,64.3,58.6,49.9,40.9,34.8,34.9,35.9,37.0,37.8,39.0
12:20:11.600,111.4,94.8,109.5,90.3,87.6,94.8,93.9,94.1,100.0,101.6,102.4,99.1,103.1,103.9,100.7,99.4,94.9,94.4,89.9,89.8,91.6,91.2,90.1,87.2,86.8,82.1,78.8,76.8,71.9,69.3,63.7,54.5,46.3,40.4,37.5,36.3,36.7,38.0,38.9
12:20:12.600,113.8,97.5,111.5,92.7,90.1,96.4,99.9,99.1,103.3,103.4,102.4,105.3,106.5,105.3,102.0,99.0,96.8,92.3,91.7,94.0,93.5,93.3,90.7,90.8,88.8,86.1,82.8,78.7,74.6,71.0,65.3,60.1,52.1,46.9,39.1,37.1,37.0,38.0,39.1
12:20:13.600,115.8,104.1,114.3,87.6,89.8,90.6,98.1,98.8,104.8,102.0,105.1,108.2,109.3,105.8,102.8,101.0,96.4,100.4,103.0,103.0,100.3,98.2,97.4,97.7,95.2,94.4,92.3,91.2,90.0,87.9,85.6,82.5,79.7,76.6,74.0,70.5,66.7,63.3,59.9
12:20:14.600,115.4,103.2,113.9,91.8,94.9,96.5,100.0,99.6,99.7,103.2,105.9,108.8,106.1,105.4,99.1,95.6,100.0,103.3,103.3,101.3,97.7,96.3,95.9,95.1,94.6,92.7,91.7,89.9,87.4,83.2,79.5,76.2,74.2,71.6,69.1,66.2,63.3,60.3,57.0
12:20:15.600,114.9,100.7,113.2,90.6,95.2,93.3,92.8,95.9,102.1,106.9,103.7,107.3,108.0,102.4,97.1,102.5,102.4,104.2,99.4,96.2,97.8,94.3,95.0,92.7,90.6,87.1,84.1,82.4,79.6,76.5,71.6,66.9,61.2,56.0,51.1,46.9,43.2,41.2,40.3
12:20:16.600,113.9,101.9,112.2,88.0,89.3,92.9,96.8,100.1,101.8,102.3,102.7,100.7,100.3,93.0,99.9,102.2,103.5,103.2,98.0,99.6,99.6,97.1,95.3,94.1,92.4,90.6,88.6,85.8,83.5,81.9,80.3,77.7,73.8,69.7,65.3,60.0,54.1,50.1,46.4
12:20:17.600,114.3,102.8,113.1,88.9,94.6,97.9,99.7,99.0,102.9,102.3,104.6,103.4,101.1,96.9,102.9,106.9,107.2,103.5,97.5,101.5,96.9,99.7,96.9,94.8,93.8,92.9,91.8,90.2,88.7,87.2,85.0,82.7,79.3,76.4,73.7,70.7,68.0,65.8,63.4
12:20:18.600,114.9,101.2,113.2,89.6,93.9,99.0,101.1,103.6,104.5,104.8,103.6,103.8,97.5,94.7,104.9,106.8,108.2,99.7,99.3,99.6,98.1,95.1,94.0,93.4,91.5,90.6,88.6,85.9,83.2,80.1,75.4,70.2,64.4,57.2,52.7,48.7,43.4,40.4,39.8
12:20:19.600,115.4,101.5,113.4,85.1,94.1,100.7,102.6,99.2,102.7,107.3,106.0,102.7,98.5,100.3,104.9,106.0,105.8,95.8,101.5,98.4,98.4,95.3,94.6,93.5,92.7,91.3,89.1,87.4,85.8,83.5,81.0,77.4,72.9,68.2,63.5,58.4,52.1,46.1,41.2
12:20:20.600,116.9,104.1,115.0,85.0,91.9,95.2,98.7,103.0,106.0,106.3,106.9,100.3,100.6,105.2,107.8,109.1,101.0,100.4,104.3,100.0,100.2,100.0,98.8,97.3,94.7,93.5,92.2,90.2,88.8,87.2,83.4,79.9,76.4,71.9,66.8,60.1,53.0,47.6,43.2
12:20:21.600,117.4,103.8,115.0,96.1,100.3,99.5,100.7,104.0,109.7,109.0,106.1,98.5,96.0,104.4,108.9,108.1,99.4,102.1,102.4,99.9,98.1,97.8,97.1,95.8,94.5,93.1,91.8,91.0,88.7,86.0,83.3,80.7,77.7,74.5,71.0,67.7,64.1,61.4,58.8
12:20:22.600,117.1,103.7,115.5,94.1,97.4,97.0,102.2,105.7,104.0,107.4,103.9,96.4,104.7,107.0,111.7,103.6,97.1,105.0,98.0,101.2,100.1,97.2,96.6,95.0,94.2,92.7,90.9,88.9,87.4,85.4,83.4,80.8,77.0,72.9,69.0,64.6,60.2,57.1,53.7
12:20:23.600,117.2,103.1,115.2,93.2,95.2,102.1,104.7,103.9,108.3,106.0,101.7,98.7,105.6,108.6,108.9,103.1,103.0,105.8,100.4,100.3,99.4,97.8,97.4,95.5,93.4,91.9,89.9,86.5,85.2,83.6,81.6,79.0,75.8,73.0,70.2,66.3,61.3,56.9,51.3
12:20:24.600,116.3,100.1,114.2,96.8,99.7,102.6,100.8,104.4,104.4,105.5,100.8,99.0,105.1,107.5,107.9,99.2,103.8,101.5,99.1,98.0,95.1,94.6,92.4,91.5,90.4,88.6,87.2,85.6,83.2,80.9,77.6,73.6,67.3,61.5,56.8,52.1,47.8,44.0,41.7
12:20:25.600,118.3,101.4,114.6,99.7,101.7,108.5,113.5,110.5,106.7,106.1,100.9,98.4,109.3,108.8,105.8,97.6,104.2,99.2,100.6,97.8,97.4,95.6,96.1,94.5,92.4,90.9,89.1,87.4,86.5,83.9,81.4,78.1,74.7,70.7,67.5,63.4,60.2,57.4,54.5
12:20:26.600,115.7,100.8,112.8,101.3,103.3,105.6,104.7,108.1,105.8,102.9,94.9,101.5,107.1,104.8,104.3,97.3,102.9,96.7,99.9,98.5,96.4,96.1,95.3,93.6,91.3,89.8,87.6,85.4,83.5,81.0,77.9,74.3,68.4,63.6,58.5,53.5,46.8,41.1,39.5
12:20:27.600,117.0,99.4,113.7,101.4,102.4,101.7,103.8,106.5,106.1,103.1,100.9,103.6,109.3,106.6,99.3,100.1,103.6,98.7,97.6,97.0,95.5,94.1,91.5,90.6,89.7,88.4,86.2,84.8,82.1,79.2,77.0,75.2,71.5,68.7,65.6,61.9,58.0,54.2,50.8
12:20:28.600,116.1,99.3,113.5,97.2,101.6,106.1,103.4,103.9,104.1,100.9,95.3,104.0,109.6,108.4,97.7,103.9,100.8,101.6,97.3,97.6,95.5,95.1,93.4,91.4,89.8,88.2,85.7,84.6,83.3,81.0,78.4,76.2,72.4,68.7,64.9,60.6,56.7,53.1,49.6
12:20:29.600,114.9,98.1,111.6,101.8,101.3,100.3,103.3,101.0,97.3,95.2,99.3,104.6,108.1,105.4,98.4,101.0,96.5,99.9,95.6,94.9,93.7,92.3,91.1,90.0,88.0,87.0,86.4,84.6,83.0,80.8,78.6,75.2,70.5,65.8,60.9,54.3,46.6,40.2,39.3
12:20:30.600,116.0,99.5,113.2,99.8,101.3,106.3,108.1,104.8,102.4,95.6,100.8,106.4,109.7,104.8,98.6,104.5,98.9,101.2,98.2,95.4,96.1,95.1,93.2,92.9,90.7,88.5,86.9,84.1,81.6,78.8,76.2,72.6,68.7,64.3,59.8,53.7,47.2,42.4,40.3
12:20:31.600,116.4,100.2,113.2,96.2,101.1,106.7,107.5,106.2,99.0,94.3,106.3,108.0,106.2,102.8,99.0,101.4,97.8,98.1,99.2,97.7,96.5,93.4,93.0,91.7,90.9,89.3,88.4,86.5,83.8,81.9,79.2,75.7,71.3,67.1,62.7,57.4,52.2,47.3,43.5
12:20:32.600,115.7,100.2,113.6,97.7,99.2,100.1,103.3,103.5,96.2,100.3,107.8,107.8,107.3,99.9,103.6,104.9,100.0,99.4,101.1,98.0,97.2,95.2,93.2,92.5,90.4,88.6,86.6,85.5,83.6,81.3,79.9,77.5,73.5,70.3,66.4,61.4,56.2,53.1,50.6
12:20:33.600,116.8,100.2,113.0,102.6,104.7,108.9,105.1,104.0,99.3,98.1,105.2,107.9,108.5,101.6,103.0,102.5,101.4,98.8,98.2,98.6,96.0,95.5,94.7,93.6,92.2,90.4,88.4,87.0,85.3,82.2,80.6,77.6,74.4,70.8,67.5,63.7,60.8,57.7,53.8
12:20:34.600,115.1,97.4,112.3,98.9,102.6,104.0,103.7,104.4,94.3,98.2,105.7,108.8,107.2,98.6,101.9,100.2,100.4,98.0,97.2,94.9,94.9,92.7,91.3,89.7,87.6,86.9,84.8,82.4,79.4,76.4,74.7,72.0,65.7,58.7,52.1,44.5,39.3,38.3,39.1
12:20:35.600,113.8,94.3,110.0,100.8,103.3,106.1,104.8,98.1,90.2,101.3,107.9,104.2,102.5,98.6,102.1,96.5,97.5,93.6,93.9,91.8,91.3,89.5,89.1,88.0,85.7,83.2,81.4,79.4,76.1,73.5,69.1,64.5,58.1,51.3,44.6,40.1,37.8,37.9,39.1
12:20:36.600,113.3,96.2,110.7,97.5,97.6,98.0,98.9,95.7,91.4,103.1,104.9,105.1,102.6,96.6,102.3,97.9,97.9,97.3,95.7,94.6,94.1,91.3,89.5,87.4,85.7,85.0,82.8,79.7,77.8,74.7,71.4,67.3,62.0,55.9,49.1,41.7,37.9,38.0,39.0
12:20:37.600,113.7,94.7,109.9,98.6,102.2,101.3,101.0,97.2,89.8,97.8,103.7,104.7,102.6,98.1,100.9,93.9,95.8,94.3,94.5,93.7,91.3,89.4,87.9,86.3,83.0,81.7,78.9,76.7,73.9,69.7,64.7,60.4,54.7,47.3,40.4,36.9,37.0,37.8,38.8
12:20:38.600,112.9,93.6,108.9,94.5,103.5,105.9,102.7,95.1,90.7,100.5,103.2,104.1,100.0,97.9,100.8,94.2,93.9,94.6,92.6,92.5,90.6,88.1,87.2,85.9,83.3,82.3,82.1,80.5,78.3,75.4,71.1,66.9,61.3,54.7,48.0,40.4,37.5,38.2,39.0
12:20:39.600,112.8,93.0,108.2,102.8,102.8,104.3,101.7,98.1,91.1,99.3,103.7,103.6,98.3,96.5,99.9,96.0,97.5,94.3,93.4,92.2,89.4,87.5,85.6,84.6,82.1,79.7,77.0,74.6,72.4,70.0,65.3,59.8,52.1,43.4,37.3,36.2,37.3,38.1,39.0
12:20:40.600,112.7,92.9,108.5,103.5,104.4,101.5,99.2,93.7,95.2,100.4,104.5,102.8,95.3,97.8,99.5,93.9,93.4,93.1,92.5,91.5,89.9,87.4,86.0,84.2,81.6,78.2,76.1,71.6,67.3,65.1,59.1,53.2,46.5,40.6,36.9,36.4,37.1,37.9,39.0
12:20:41.600,111.0,90.8,107.3,95.5,100.5,100.2,97.9,91.6,92.6,99.3,105.3,101.8,93.8,96.8,96.6,93.5,92.8,93.6,91.9,89.6,87.6,85.8,83.9,81.4,79.5,77.4,75.1,71.7,68.8,64.5,59.6,53.2,44.7,37.4,35.2,36.1,36.9,38.0,38.9
12:20:42.600,111.2,91.8,107.5,99.4,95.6,96.3,93.1,88.6,89.3,98.6,103.7,101.3,93.4,97.1,97.1,96.2,93.8,93.1,91.5,90.5,87.5,85.5,84.1,82.7,80.6,77.3,74.9,72.7,69.9,66.4,62.4,57.5,52.2,46.2,41.5,37.9,37.1,37.9,39.0
12:20:43.600,110.4,90.4,107.0,98.2,98.6,98.5,95.2,83.4,91.5,102.8,104.0,102.8,94.2,99.1,97.8,97.1,94.0,91.9,89.7,89.2,86.7,86.8,84.1,81.6,80.0,76.4,74.5,71.2,67.1,62.8,57.4,49.6,40.8,35.0,34.9,35.9,37.0,37.8,38.9
12:20:44.600,107.8,87.8,104.6,94.5,94.2,97.8,94.2,86.0,87.9,99.0,101.0,97.5,91.2,97.8,93.0,93.9,91.6,91.8,89.2,87.8,84.8,83.6,81.4,78.7,75.5,72.4,69.6,65.6,60.1,52.9,45.3,37.8,33.8,33.9,34.8,35.8,36.8,37.7,38.8
12:20:45.600,106.2,87.7,103.8,92.4,91.2,85.8,83.0,82.0,90.2,96.8,99.2,100.0,92.3,95.2,91.0,94.3,90.4,90.5,87.8,87.1,85.4,83.1,81.4,77.3,75.1,71.9,67.7,62.8,58.4,52.8,45.4,37.7,33.5,33.9,34.9,35.8,36.8,37.8,38.9
12:20:46.600,105.6,85.4,102.7,91.0,94.2,94.5,91.5,85.5,92.9,97.0,99.3,98.0,87.0,94.6,88.9,93.3,89.4,88.6,87.6,85.4,82.3,79.7,77.7,76.0,72.3,68.3,62.8,57.6,51.5,41.8,33.8,32.0,33.0,33.6,34.7,35.9,36.9,37.8,38.9
12:20:47.600,106.9,83.5,103.8,90.4,94.5,90.4,86.2,79.9,81.7,99.9,103.7,97.1,89.6,94.2,90.0,92.1,88.4,86.2,86.4,84.8,81.4,77.7,75.9,72.2,67.5,64.1,60.8,55.0,49.6,42.2,35.8,32.3,33.0,34.0,35.0,35.8,36.8,37.8,38.9
12:20:48.600,104.7,85.1,101.7,93.6,91.7,92.4,88.7,81.6,91.6,95.4,97.3,93.9,92.4,97.4,89.7,92.5,89.3,87.2,87.2,84.6,84.0,81.1,78.2,75.8,72.7,68.9,63.3,59.6,54.8,48.0,41.2,34.2,33.0,33.9,34.8,36.0,36.8,37.9,38.8
12:20:49.600,105.2,83.4,101.8,92.0,90.7,92.3,90.0,83.1,92.4,97.3,96.9,93.9,91.5,97.1,88.6,87.4,89.5,84.5,85.8,82.8,82.1,80.1,77.0,73.1,68.9,65.9,61.6,57.0,50.4,42.8,35.1,32.2,32.6,34.0,35.0,35.6,36.8,37.8,38.9
12:20:50.600,103.1,81.3,99.1,94.4,90.8,83.7,82.9,80.1,82.7,91.7,92.7,91.0,86.7,93.8,87.6,89.2,86.9,87.1,85.0,80.7,78.0,75.9,71.3,69.4,65.3,60.8,54.2,46.0,38.0,33.8,31.3,32.1,32.9,33.9,34.8,35.8,36.6,37.6,38.8
12:20:51.600,103.8,81.7,100.1,91.1,89.8,85.4,81.7,83.0,89.4,95.9,97.0,90.0,89.7,93.2,86.9,89.1,87.2,85.3,82.4,81.5,78.7,76.7,73.1,70.7,65.3,60.9,54.5,45.1,35.2,30.8,31.4,32.1,33.2,33.9,34.8,35.7,36.6,37.9,38.9
12:20:52.600,103.5,79.9,100.0,92.0,89.9,85.3,84.5,82.4,92.6,96.3,97.2,88.3,86.8,90.3,89.2,89.2,85.5,86.1,81.7,78.5,76.9,73.3,69.1,64.7,60.0,56.5,50.5,41.0,31.7,30.2,31.3,31.9,32.8,34.0,34.8,35.8,36.5,37.8,38.9
12:20:53.600,104.2,78.8,99.9,89.6,89.4,91.1,88.0,82.9,90.3,97.3,98.5,92.0,88.8,90.2,86.7,89.3,87.0,83.7,81.4,78.7,74.6,72.6,70.5,65.7,61.9,57.1,50.1,42.9,34.7,30.9,31.0,32.1,33.2,33.7,34.9,35.8,36.7,37.8,38.7
12:20:54.600,102.6,79.2,99.5,87.7,87.8,83.2,80.3,79.9,88.3,93.9,96.3,91.4,92.5,94.2,88.4,87.7,85.9,82.6,81.8,79.6,77.1,72.7,67.9,62.5,57.9,53.7,47.0,37.1,31.1,30.4,31.8,32.2,33.0,34.0,34.7,35.8,36.6,37.9,38.8
12:20:55.600,102.3,77.2,98.6,91.0,91.7,88.5,82.1,83.2,88.1,94.2,96.4,90.0,88.0,92.0,86.6,85.9,84.6,81.1,79.9,77.2,73.8,71.2,67.4,62.6,59.2,54.9,49.1,39.5,31.3,30.4,31.4,31.6,32.8,33.9,34.9,35.7,36.6,37.9,38.8
12:20:56.600,101.6,75.9,98.0,88.9,86.8,85.0,80.1,78.8,91.1,94.1,94.5,89.6,89.6,91.9,84.2,84.2,82.7,81.7,79.0,74.8,72.3,67.6,64.1,60.1,56.1,51.1,48.9,39.5,31.6,30.4,31.0,31.9,32.7,33.8,34.7,35.7,36.7,37.8,38.8
12:20:57.600,100.5,74.1,96.0,90.0,87.0,80.5,79.8,82.2,88.8,89.5,94.9,88.4,85.8,87.4,84.8,84.0,82.0,79.4,76.2,75.1,70.3,68.2,64.0,60.0,55.2,52.3,46.1,38.8,31.5,30.8,31.1,32.1,32.8,33.9,34.7,35.8,36.7,37.8,38.8
12:20:58.600,102.1,73.6,96.1,92.3,90.4,90.1,83.8,77.4,91.9,92.6,88.7,84.5,86.8,85.2,85.2,83.0,80.2,76.3,75.1,73.1,69.5,66.0,63.3,59.0,54.9,53.6,45.8,38.0,31.1,30.9,31.4,32.0,32.9,33.7,34.6,35.8,36.7,37.7,38.8
12:20:59.600,100.3,72.8,95.5,80.8,86.0,90.0,85.5,84.1,89.4,94.2,93.7,85.7,87.4,86.1,82.9,82.7,80.6,77.4,74.1,71.6,70.2,66.1,61.9,59.7,56.3,54.8,48.6,39.6,31.3,32.0,31.5,32.2,33.1,33.8,35.0,35.5,36.7,37.8,38.8
12:21:00.600,101.9,73.2,96.7,87.2,87.3,86.0,76.8,80.9,93.0,94.2,92.4,89.6,86.9,88.5,81.7,83.1,81.5,77.9,74.5,72.7,69.3,64.8,60.2,57.9,55.2,54.7,49.3,41.2,31.8,30.5,30.9,32.0,33.0,33.8,34.7,35.8,36.7,37.8,39.0
12:21:01.600,99.7,73.2,94.8,91.6,87.3,85.5,83.6,82.7,91.7,91.1,91.7,86.6,82.8,86.3,85.1,83.1,81.7,78.3,75.5,74.4,71.2,67.3,60.8,59.3,56.2,54.1,49.4,41.7,32.0,30.3,31.1,32.0,32.9,33.9,35.0,35.6,36.7,37.7,38.8
12:21:02.600,100.7,72.2,95.3,91.4,90.3,89.2,82.7,77.4,90.9,94.5,91.4,85.5,83.8,85.7,84.0,78.9,78.2,78.0,74.7,71.7,67.3,62.0,57.0,56.1,55.8,53.7,48.7,42.3,32.0,31.4,31.5,32.1,33.0,33.7,34.7,35.8,36.8,37.8,38.8
12:21:03.600,100.1,72.0,94.7,85.8,85.7,85.6,84.3,76.8,88.7,93.0,91.7,82.2,85.8,86.2,84.8,81.0,80.9,76.5,73.2,70.4,66.5,63.0,59.1,57.3,54.9,53.6,48.6,41.0,31.5,30.5,31.4,32.0,32.8,33.5,34.8,35.8,36.7,37.7,38.8
12:21:04.600,99.8,72.0,94.4,89.4,93.4,89.8,81.8,81.7,90.5,93.2,92.3,81.0,84.3,84.7,83.3,80.7,80.3,76.6,74.1,72.3,68.5,64.2,59.7,58.1,54.0,52.7,46.1,38.5,31.2,30.6,31.1,32.2,32.7,33.8,34.8,35.7,36.7,37.8,38.8
12:21:05.600,101.9,72.5,95.9,87.7,90.8,92.2,83.0,83.5,92.6,94.4,93.2,86.4,87.8,85.8,86.0,83.3,80.3,78.4,74.3,71.6,67.4,63.3,59.1,57.9,54.2,50.4,46.0,36.2,31.1,32.6,32.6,32.0,32.8,33.9,34.8,35.8,36.7,37.9,38.8
12:21:06.600,102.5,70.5,94.8,95.2,91.9,84.7,80.7,83.9,89.4,92.7,90.2,83.3,86.0,82.8,82.1,80.2,77.9,73.8,70.8,68.7,63.2,58.1,56.4,55.1,50.5,49.4,44.2,35.6,30.5,30.7,31.2,31.8,32.8,33.7,34.8,35.8,36.6,37.7,38.8
12:21:07.600,103.3,70.6,94.6,92.2,93.2,93.6,89.4,84.5,94.3,94.0,87.0,80.4,85.6,83.4,81.8,79.1,77.5,75.9,72.4,68.5,63.4,59.3,55.2,53.4,48.0,48.1,44.3,36.2,29.9,30.1,31.0,32.0,32.9,33.8,34.7,35.7,36.6,37.7,39.0
12:21:08.600,101.3,70.1,94.7,85.6,82.5,85.0,81.9,78.2,92.0,92.6,92.0,84.2,85.6,84.4,82.2,79.2,78.7,74.1,70.4,67.6,63.3,59.7,55.2,52.1,50.6,49.2,44.6,38.8,31.0,30.0,31.1,32.2,33.0,33.7,34.4,35.8,36.7,37.8,38.8
12:21:09.600,100.9,68.9,94.3,88.2,87.0,82.0,79.5,81.1,89.4,93.6,90.2,81.7,85.6,86.8,83.1,78.6,78.3,73.9,71.0,67.8,61.8,58.7,54.0,50.4,50.0,50.1,45.0,38.2,31.2,30.3,31.4,32.0,32.9,33.9,34.8,35.7,36.8,37.9,38.8
12:21:10.600,99.8,68.2,92.3,87.5,85.9,86.3,79.9,80.3,81.9,87.5,91.4,83.0,85.9,82.3,81.5,77.2,76.3,73.4,69.4,66.5,60.7,55.9,52.0,49.7,50.1,49.4,45.0,39.1,31.3,29.9,30.8,31.9,33.0,34.1,34.9,35.8,36.7,37.6,38.8
12:21:11.600,100.1,66.3,91.2,91.5,87.9,83.1,79.5,79.1,86.8,88.4,87.2,80.0,86.3,82.2,80.6,76.1,74.2,71.3,66.8,62.9,57.7,54.3,51.2,48.8,48.6,51.8,44.3,38.1,30.6,30.5,30.9,32.2,33.1,33.8,34.9,35.6,36.7,37.7,38.9
12:21:12.600,98.3,67.6,91.3,84.7,82.6,79.1,79.1,75.3,82.5,83.0,90.0,81.1,84.6,82.7,82.3,78.2,77.1,71.2,68.1,64.9,59.4,55.0,49.8,48.1,47.3,51.9,43.5,37.1,30.8,30.6,31.6,32.0,32.7,33.9,34.9,35.7,36.9,37.8,38.9
12:21:13.600,99.3,66.2,91.5,91.5,88.5,82.2,80.5,81.9,87.7,88.7,90.1,79.9,82.7,80.8,79.8,74.2,72.6,70.9,66.9,62.7,56.3,54.3,51.8,49.0,48.2,51.4,44.2,36.8,31.2,30.2,31.1,31.9,33.1,33.8,34.7,35.7,36.7,37.8,38.8
12:21:14.600,99.6,65.6,91.4,91.0,88.1,82.5,77.1,76.5,85.0,90.7,88.5,79.8,81.1,82.2,78.3,75.7,74.0,69.8,64.8,62.4,57.9,53.8,51.8,50.5,50.3,53.3,46.8,39.2,31.5,30.2,31.3,32.1,32.9,33.7,34.9,35.8,36.8,37.8,38.9
12:21:15.600,99.1,65.0,91.0,88.4,85.9,84.8,82.9,80.6,87.4,85.9,87.8,81.8,81.5,80.7,79.0,73.8,72.2,68.1,64.3,60.9,56.5,52.9,51.9,49.0,50.9,54.0,46.6,40.2,32.1,30.3,30.9,32.1,32.9,33.9,34.7,35.7,36.9,37.7,38.9
12:21:16.600,96.3,64.5,89.9,85.0,84.6,79.8,78.2,80.6,84.6,86.9,89.0,78.3,84.3,78.4,76.5,71.5,71.4,67.3,65.4,61.1,55.6,51.7,52.3,50.0,50.1,55.6,50.1,45.1,32.6,30.9,31.1,32.0,32.8,33.8,34.7,35.6,36.9,37.9,38.8
12:21:17.600,98.4,65.3,90.1,88.6,87.4,85.5,78.3,80.3,84.5,87.7,84.9,77.2,84.7,81.1,78.1,74.3,71.8,69.8,65.0,60.9,54.8,53.1,52.6,50.0,49.0,54.4,48.6,45.0,31.9,30.6,31.5,32.4,32.6,33.9,34.6,35.7,36.8,37.9,39.1
12:21:18.600,97.7,64.8,90.1,88.7,85.4,84.0,80.2,78.3,85.5,89.0,84.5,76.9,82.3,79.6,79.9,73.5,71.5,68.9,64.1,59.2,54.9,52.9,53.6,54.1,49.9,51.7,47.2,42.1,31.3,30.4,31.2,32.0,32.8,33.6,34.9,35.7,36.9,37.8,39.0
12:21:19.600,95.8,64.7,88.6,87.2,82.2,78.6,73.7,79.1,86.0,86.0,85.5,80.4,80.9,77.5,75.2,72.7,71.7,67.9,64.4,58.4,56.5,53.9,55.2,53.9,50.5,49.9,44.0,41.9,31.2,30.7,31.6,32.9,33.3,33.8,34.8,35.9,37.0,37.9,38.9
12:21:20.600,98.6,64.5,88.8,89.0,89.1,86.3,77.4,78.6,84.0,82.9,88.3,78.8,81.5,75.2,77.5,73.9,72.9,68.4,64.9,61.4,56.4,55.0,56.7,54.2,50.9,50.5,44.9,38.8,31.0,30.8,31.8,31.9,32.9,33.9,34.8,35.7,36.7,37.8,38.8
12:21:21.600,96.7,63.8,87.5,86.0,85.0,78.0,75.2,77.4,84.5,87.4,81.9,76.6,79.8,77.9,76.5,72.2,70.5,67.6,62.7,59.5,54.7,53.9,56.3,54.4,49.4,52.1,46.5,36.5,31.1,30.3,31.5,32.5,32.8,33.8,34.9,35.8,36.8,37.9,38.9
12:21:22.600,96.9,62.7,88.4,89.3,85.0,78.0,74.8,76.6,85.7,87.2,85.2,76.6,80.3,76.8,73.4,73.0,70.4,66.8,61.8,58.5,53.6,52.6,54.1,50.9,48.5,51.4,47.7,36.0,31.1,30.7,31.6,32.0,33.0,34.0,35.0,35.7,36.7,37.7,38.9
12:21:23.600,97.5,63.8,88.1,88.4,86.0,80.6,74.9,78.8,83.8,86.0,82.7,76.1,79.4,79.8,76.1,71.8,71.8,67.7,65.7,60.6,53.7,51.9,55.6,51.2,51.7,50.7,45.3,38.2,30.6,30.1,31.3,31.8,33.1,33.8,35.0,35.8,36.8,37.7,38.9
12:21:24.600,95.6,62.4,87.1,84.5,82.7,79.8,76.9,79.1,84.6,85.7,84.9,73.1,76.8,76.6,74.6,70.7,68.0,64.2,60.1,56.1,51.2,50.2,54.2,54.5,55.3,51.5,43.6,37.1,30.4,30.0,31.4,32.2,32.8,33.5,35.0,35.9,36.7,37.9,38.9
12:21:25.600,94.7,62.4,86.0,83.5,84.1,79.8,76.3,77.6,79.7,85.8,84.3,74.8,75.5,73.9,71.8,70.7,68.4,62.2,60.0,55.9,51.1,50.5,54.9,56.1,54.7,52.4,42.7,36.1,31.0,30.6,31.3,32.0,32.6,34.0,34.8,35.8,36.7,37.8,38.8
12:21:26.600,93.7,62.6,85.9,81.7,78.3,78.6,73.3,75.2,82.0,84.7,79.9,76.4,75.9,76.0,73.3,69.4,68.0,65.0,58.8,55.3,51.4,49.9,55.1,59.3,53.8,49.5,43.4,36.1,31.1,30.5,31.1,32.0,33.1,33.7,34.6,35.9,36.9,37.9,38.9
12:21:27.600,91.5,62.3,84.9,77.2,77.3,77.3,76.4,78.8,80.7,81.6,82.1,76.6,78.3,75.7,75.7,68.3,67.9,64.3,58.7,55.5,52.1,51.1,55.0,57.5,53.1,48.1,43.9,38.0,31.1,30.7,31.5,31.9,32.9,33.8,34.7,36.0,36.7,37.8,38.7
12:21:28.600,93.0,61.6,85.2,77.5,76.3,77.9,75.1,76.5,81.2,81.3,83.3,74.8,78.9,75.5,69.3,66.6,65.8,62.6,58.5,54.8,51.3,51.6,53.9,56.5,52.8,52.8,45.1,39.0,30.9,30.1,31.0,31.9,32.8,33.9,34.7,35.6,36.8,37.8,38.8
12:21:29.600,93.4,61.8,85.0,83.1,80.0,77.9,72.2,77.4,85.4,84.4,81.2,73.2,75.8,73.1,70.8,67.9,65.3,60.3,58.2,53.2,51.4,52.5,52.8,55.3,54.8,54.3,48.3,39.1,31.4,30.1,31.0,31.9,32.6,33.7,35.0,35.8,36.9,37.7,38.9
12:21:30.600,94.8,61.9,83.8,84.1,80.8,76.8,70.9,74.7,79.9,81.1,79.4,73.5,76.6,73.7,70.6,65.5,63.8,61.6,57.4,52.2,52.7,53.1,54.9,56.1,54.0,54.7,49.9,39.9,31.6,30.2,31.7,33.4,33.3,34.0,35.1,36.0,36.8,37.9,39.0
12:21:31.600,91.2,61.3,82.5,80.1,75.6,75.0,73.3,74.3,77.4,80.8,81.0,70.3,74.7,70.5,68.9,65.2,62.5,61.0,56.9,53.7,52.6,53.5,53.0,55.5,54.3,52.9,48.9,41.2,33.4,30.5,31.0,32.1,32.8,33.8,34.7,35.8,36.7,37.8,38.9
12:21:32.600,93.5,61.5,84.8,83.8,80.4,72.3,71.6,73.9,82.5,81.5,84.4,73.5,76.0,72.4,69.8,67.8,64.0,61.0,56.7,52.5,52.0,53.9,52.5,55.1,54.0,51.9,51.1,41.4,33.5,30.0,31.2,32.3,33.0,33.9,34.8,35.8,36.8,37.8,39.0
12:21:33.600,93.2,61.2,82.4,81.9,78.9,77.8,72.0,72.6,78.4,80.1,76.5,72.1,73.4,70.8,69.5,65.8,62.6,58.2,55.7,53.3,53.3,54.6,51.2,55.4,53.6,52.4,50.7,41.8,33.7,30.6,31.0,32.1,33.0,33.9,34.9,35.6,36.8,37.7,38.9
12:21:34.600,92.3,60.3,81.9,84.4,84.7,76.8,68.4,74.0,80.0,77.8,77.1,72.6,75.1,70.0,68.9,65.5,62.8,59.9,55.8,53.9,51.8,54.2,52.7,53.2,52.8,51.8,48.5,39.4,31.6,30.4,31.1,32.0,32.9,33.7,34.7,35.6,36.8,37.8,38.8
12:21:35.600,90.8,59.8,83.6,78.8,76.8,79.5,75.9,72.8,83.6,81.2,79.8,71.0,74.9,71.1,68.8,65.4,64.0,61.1,56.4,52.2,51.4,51.9,50.8,54.5,52.7,48.9,45.3,37.6,30.8,30.7,31.0,32.2,32.8,33.6,34.7,35.9,36.7,37.6,38.8
12:21:36.600,90.0,59.8,82.9,77.6,76.7,75.2,75.0,77.7,79.6,77.5,81.0,74.6,75.1,71.3,72.6,65.3,64.5,61.2,56.0,52.0,50.1,49.9,50.3,55.9,51.7,48.1,44.6,38.6,31.8,30.2,31.3,31.8,32.9,33.6,34.7,35.9,36.9,37.9,39.0
12:21:37.600,90.9,59.2,84.8,80.8,75.6,76.8,76.7,69.7,74.9,83.2,82.9,73.4,75.9,72.7,72.9,66.0,63.5,59.3,54.9,50.7,50.6,48.8,49.3,52.9,49.6,48.4,42.6,41.0,32.6,30.7,31.0,31.9,33.0,34.0,34.7,35.9,36.7,37.8,38.9
12:21:38.600,87.9,58.4,81.6,74.7,75.6,73.6,75.7,75.8,75.1,77.8,78.6,70.6,74.0,74.0,70.6,65.1,64.1,58.8,55.5,50.5,48.6,46.1,49.8,51.3,50.6,47.5,43.2,39.3,31.9,30.3,31.2,32.1,32.9,34.0,34.7,35.7,36.6,37.9,39.0
12:21:39.600,91.1,58.4,80.8,82.9,83.2,79.9,71.3,73.0,74.1,76.1,77.1,72.3,73.8,73.1,70.4,67.7,62.4,60.3,54.2,50.4,47.8,48.2,52.0,50.3,51.3,47.3,44.6,37.7,30.9,30.4,31.0,32.0,32.9,33.8,34.9,35.7,36.9,37.9,38.9
12:21:40.600,90.5,57.8,79.5,85.4,84.8,77.5,68.7,73.2,76.5,74.1,74.2,69.9,71.2,67.4,65.6,61.2,60.6,57.8,52.6,49.9,49.1,48.2,50.8,51.5,51.9,48.0,45.0,36.0,30.6,30.4,31.1,32.1,33.0,34.0,34.8,35.8,36.8,37.7,39.0
12:21:41.600,90.0,57.0,78.8,81.5,80.4,76.8,74.3,71.4,72.6,77.6,77.4,65.1,68.0,69.0,63.9,62.5,60.0,57.6,54.2,51.2,48.4,47.4,49.7,52.3,49.2,45.0,44.4,37.1,31.0,30.4,31.1,32.2,33.0,33.8,34.6,35.8,36.8,37.8,38.9
12:21:42.600,89.6,57.1,79.4,81.5,77.6,75.7,73.6,71.7,73.5,78.9,77.4,72.3,71.1,70.5,64.9,61.8,59.0,56.3,51.9,50.7,49.5,48.6,49.4,53.0,48.2,45.7,44.8,36.8,30.3,29.9,31.3,31.8,32.8,33.8,34.9,35.8,36.8,37.7,38.8
12:21:43.600,89.5,61.2,80.7,82.5,78.8,73.8,73.4,73.0,78.7,79.4,77.7,70.2,71.7,70.2,64.5,62.3,60.2,56.2,53.0,50.3,53.1,53.3,52.2,52.6,49.7,47.9,46.2,41.0,36.7,35.2,33.8,32.3,33.0,33.9,34.8,36.0,36.8,37.9,38.8
12:21:44.600,90.3,58.9,79.9,75.0,78.7,73.6,70.8,70.2,73.8,75.9,78.2,68.8,75.2,71.5,66.0,62.4,61.1,57.5,53.2,50.8,51.0,51.4,53.0,52.8,49.1,48.5,46.2,45.2,43.6,39.5,34.8,32.2,33.1,34.0,35.0,36.1,37.0,37.8,38.9
12:21:45.600,91.7,59.2,80.2,71.7,75.7,77.2,72.7,71.9,79.0,79.0,77.7,69.6,69.4,68.6,66.4,63.6,61.8,57.6,53.9,50.7,49.1,53.1,52.2,54.0,51.3,49.8,45.6,38.3,31.0,30.4,31.5,32.1,33.3,34.1,35.0,36.1,36.8,37.9,39.0
12:21:46.600,90.0,60.5,80.2,79.8,77.1,75.0,67.4,66.4,75.5,80.6,77.5,69.7,73.7,68.4,69.6,64.1,63.3,57.0,52.6,50.5,49.3,53.3,52.8,54.9,53.0,53.2,47.3,38.4,30.9,30.6,31.6,32.1,33.1,33.8,35.0,35.7,36.9,37.9,39.0
12:21:47.600,89.3,62.3,79.1,79.5,75.3,73.8,71.0,67.3,70.1,74.6,77.3,69.9,69.5,68.0,65.0,63.8,60.5,57.2,52.4,49.4,51.2,54.0,53.0,58.1,57.6,54.0,50.4,41.1,31.3,30.5,31.3,32.0,33.1,33.8,34.6,35.8,36.6,37.6,38.7
12:21:48.600,89.9,62.9,78.4,79.8,73.3,75.2,72.9,73.8,72.0,75.8,75.0,71.9,72.1,69.0,65.5,61.9,57.0,55.9,51.3,49.0,50.6,54.2,54.4,58.8,58.1,54.2,53.4,43.3,32.5,30.0,31.2,32.0,32.8,33.8,35.0,35.8,36.8,37.9,39.1
12:21:49.600,87.2,63.7,78.4,77.1,76.9,71.7,68.7,70.1,74.9,75.9,74.6,67.9,69.8,69.3,66.4,61.4,58.8,55.3,50.6,48.8,51.5,55.3,56.0,59.0,58.4,56.5,52.8,44.0,32.7,30.5,31.0,31.8,32.8,33.8,34.7,35.7,36.8,37.8,38.9
12:21:50.600,90.1,63.0,79.1,80.2,75.8,71.5,64.5,65.2,75.8,77.4,76.1,69.5,70.6,67.1,64.7,61.4,57.8,54.1,51.4,49.1,51.0,55.8,57.0,58.5,57.8,54.6,50.2,42.8,34.1,30.7,31.6,33.8,33.4,34.0,35.0,35.8,36.8,37.8,38.8
12:21:51.600,89.6,63.7,79.8,73.6,73.8,74.0,72.5,67.3,75.8,76.3,78.5,69.0,68.0,67.9,66.5,62.4,58.5,54.7,51.0,47.8,53.0,56.3,58.4,57.6,59.5,53.8,50.2,50.3,45.7,46.3,41.5,34.4,36.9,36.4,36.4,35.8,36.9,37.9,38.8
12:21:52.600,88.4,62.6,78.1,84.4,80.5,75.4,68.6,71.2,70.5,74.4,75.2,68.4,70.2,70.1,68.0,63.7,59.7,54.8,50.1,48.4,50.6,56.3,59.1,57.2,56.7,53.1,52.2,45.0,38.8,40.1,39.3,32.3,33.1,33.9,34.7,35.8,36.9,37.8,38.9
12:21:53.600,86.8,61.7,78.0,70.1,67.1,74.1,73.9,69.6,71.8,77.4,75.8,68.0,71.3,68.7,66.4,63.3,60.1,55.2,51.0,46.5,50.1,55.2,58.8,53.9,56.4,52.1,50.0,40.1,31.8,29.9,30.8,31.9,33.0,34.0,34.8,35.7,36.9,37.8,38.8
12:21:54.600,88.1,61.1,78.6,78.8,79.1,77.4,71.9,72.7,75.7,75.6,75.3,71.3,70.8,71.9,66.7,61.4,60.0,56.0,51.5,47.4,49.7,54.0,57.0,52.2,55.6,52.5,50.8,40.0,33.2,30.3,31.1,32.3,33.0,33.7,34.9,35.6,36.8,37.7,38.8
12:21:55.600,86.5,61.4,79.5,78.3,74.6,71.8,64.3,65.8,75.8,77.7,77.5,68.6,73.9,71.0,67.0,61.5,58.4,54.0,50.5,51.3,50.3,54.2,57.4,53.1,56.6,53.1,49.1,39.9,32.5,30.4,31.2,32.1,32.9,34.1,35.0,35.7,36.9,38.1,39.1
12:21:56.600,86.5,62.3,78.7,71.1,73.0,71.1,69.5,69.6,75.7,76.7,75.1,73.5,71.0,71.3,67.7,62.6,61.7,58.4,51.8,48.4,48.2,53.8,56.6,54.3,58.2,54.9,49.7,40.3,32.2,30.6,30.9,32.1,32.7,33.6,34.9,35.7,36.8,37.8,39.0
12:21:57.600,90.0,62.3,80.2,76.5,77.7,76.7,73.2,71.3,79.4,75.3,78.3,69.1,74.3,68.4,68.2,64.3,64.2,58.6,53.1,50.5,47.6,54.4,56.8,54.2,57.6,55.3,50.4,42.5,33.4,30.4,31.1,32.1,32.8,33.7,34.7,35.7,36.8,37.9,38.9
12:21:58.600,87.9,62.5,79.0,80.5,80.6,77.2,70.7,66.1,72.0,73.6,76.5,71.1,69.1,70.3,67.0,65.3,62.6,56.7,51.1,46.8,47.7,52.9,57.5,55.0,57.8,55.7,51.3,42.8,33.3,30.2,30.9,31.9,33.2,33.9,34.8,35.6,36.9,37.6,39.1
12:21:59.600,87.7,62.3,79.8,76.4,74.2,71.9,66.7,66.7,73.5,78.3,77.3,72.9,70.9,68.5,65.6,62.6,59.8,56.6,50.9,50.7,47.2,52.7,56.8,56.5,57.4,55.7,50.4,43.2,33.8,30.5,31.2,32.1,33.0,33.8,34.8,35.8,36.8,37.9,39.0
12:22:00.600,88.6,61.4,80.4,79.6,73.4,72.2,67.7,68.7,72.2,75.3,81.7,70.7,74.4,71.9,66.4,64.1,57.9,56.4,53.0,51.3,48.1,53.9,55.3,55.5,55.0,54.1,48.9,42.3,33.0,30.6,31.4,32.2,32.9,33.7,34.8,35.8,36.6,37.7,38.8
12:22:01.600,87.2,61.8,79.9,77.5,78.0,74.1,68.3,65.9,69.5,76.8,76.9,70.9,73.2,72.1,68.6,64.7,58.0,54.2,50.4,48.4,47.0,53.9,55.8,54.6,56.2,55.5,49.7,42.4,32.4,30.4,30.8,32.1,33.2,33.8,34.7,35.9,36.9,37.9,38.9
12:22:02.600,87.3,61.8,80.5,80.1,75.7,71.0,64.0,67.7,73.7,78.4,79.1,73.7,70.6,71.4,68.2,64.6,59.8,55.1,50.2,50.0,47.3,53.8,57.3,52.9,55.8,55.5,49.3,42.8,34.1,30.6,31.4,32.1,33.2,34.1,34.8,35.8,36.7,37.8,39.1
12:22:03.600,85.1,61.0,78.9,72.3,75.3,76.8,72.2,71.0,70.2,72.7,74.9,72.9,69.0,71.1,69.5,63.8,60.7,58.6,50.8,47.2,46.5,51.6,56.5,53.0,53.1,54.9,47.6,41.1,32.3,30.9,31.1,31.9,32.6,34.0,34.5,35.6,36.8,37.8,38.9
12:22:04.600,86.9,59.2,78.2,74.5,75.7,71.3,65.2,67.9,71.8,77.0,73.3,70.7,70.5,69.9,62.6,59.5,57.2,53.9,49.4,46.4,47.0,50.9,56.0,53.2,51.0,52.2,45.8,39.8,32.6,30.4,31.1,32.1,32.7,33.8,34.9,36.0,36.7,37.9,39.0
12:22:05.600,86.2,58.5,78.0,76.7,78.6,78.0,73.6,69.3,74.3,72.0,74.3,70.3,69.9,68.7,63.7,59.5,56.5,54.5,49.7,49.8,49.5,50.8,56.5,52.6,50.0,49.6,44.5,37.1,31.3,30.7,31.4,32.3,32.8,33.7,34.9,35.9,36.7,37.8,38.8
12:22:06.600,86.9,58.2,76.8,77.2,73.7,73.9,69.3,67.0,72.5,74.1,74.5,69.5,68.0,67.8,62.0,59.7,57.2,53.3,48.7,47.2,49.2,49.7,54.4,52.3,52.8,49.7,42.1,36.7,30.5,30.3,30.9,32.1,33.0,33.8,34.8,35.8,36.8,38.0,39.0
12:22:07.600,86.3,58.7,75.6,70.6,72.9,71.0,66.9,72.0,73.2,73.3,70.9,67.6,67.2,66.8,64.3,59.7,57.0,53.0,48.4,52.5,50.0,50.8,54.9,52.7,52.8,50.7,43.2,36.5,30.8,30.2,31.1,31.8,32.8,33.7,34.7,35.8,36.7,37.9,39.0
12:22:08.600,88.4,58.4,77.0,78.0,78.5,75.1,71.2,67.5,67.8,76.7,75.3,69.1,67.1,64.1,63.5,61.3,57.9,51.0,49.0,48.5,49.4,51.9,54.0,53.5,52.4,50.1,42.9,36.7,30.6,30.2,30.8,31.9,32.8,34.0,34.7,35.8,36.6,37.8,38.9
12:22:09.600,86.3,58.9,75.6,77.1,74.5,71.0,69.6,67.3,69.4,70.8,72.7,68.7,65.9,67.7,63.5,61.5,55.7,52.1,49.4,45.8,48.8,50.4,53.6,53.9,54.2,49.7,43.6,36.3,31.1,29.9,31.1,31.9,32.9,34.0,34.8,35.7,36.7,37.7,38.9
12:22:10.600,85.5,59.0,75.7,77.3,73.2,74.9,69.3,70.1,70.1,71.1,71.3,67.6,66.1,65.1,64.1,60.9,58.4,51.5,47.9,46.8,47.9,51.1,53.5,53.9,53.7,50.6,46.2,35.7,30.5,30.3,31.3,32.0,32.9,33.9,34.7,35.8,36.9,37.8,39.0
12:22:11.600,85.7,59.6,77.1,79.3,76.4,71.1,68.2,67.3,75.5,72.8,73.9,67.6,68.9,69.7,61.5,62.6,60.7,52.3,48.5,48.1,46.5,50.0,54.8,52.8,54.3,52.3,48.0,37.5,31.5,30.2,31.1,32.0,33.0,33.8,34.8,36.0,36.8,37.8,38.9
12:22:12.600,86.3,60.1,76.4,72.8,70.2,67.8,69.2,70.2,72.3,74.7,72.3,70.8,67.2,67.4,61.1,58.6,57.2,53.7,50.5,48.0,48.2,50.6,53.7,52.9,56.0,52.2,49.7,41.7,32.4,30.1,31.2,31.9,32.8,33.8,34.7,35.6,36.8,37.9,38.9
12:22:13.600,84.5,60.0,75.6,71.3,70.7,71.7,69.7,64.8,68.8,70.8,71.4,66.9,64.7,68.2,62.3,60.4,56.5,54.3,48.9,49.3,47.2,50.2,53.7,54.1,56.1,51.0,47.8,41.7,32.6,30.3,31.0,31.8,32.8,33.8,35.0,35.7,36.9,37.9,38.9
12:22:14.600,85.5,59.4,76.0,72.6,72.3,71.5,66.4,64.9,70.5,73.4,70.3,72.5,68.1,65.6,62.7,58.8,54.6,51.8,51.0,48.9,50.2,49.9,53.5,54.0,55.0,51.0,46.7,39.8,32.3,40.6,38.2,32.5,33.2,33.8,34.9,36.0,36.8,37.9,38.9
12:22:15.600,86.6,58.5,76.8,78.4,77.5,71.7,67.7,65.2,70.8,75.7,73.6,71.0,67.4,66.9,62.2,58.8,55.3,50.9,49.1,48.0,51.2,49.9,53.0,49.9,54.8,51.3,43.7,39.9,31.2,30.2,31.4,32.2,33.0,34.0,34.8,35.9,36.8,37.8,38.9
12:22:16.600,84.0,57.3,78.1,73.6,68.7,68.4,65.2,62.6,70.4,73.0,77.3,71.6,69.6,65.9,63.8,60.9,56.1,52.1,48.7,49.2,51.9,51.9,51.2,49.7,51.0,49.0,44.9,38.4,32.0,30.3,31.0,32.3,33.0,33.7,34.7,35.8,36.8,37.8,38.8
12:22:17.600,88.1,57.6,79.4,75.5,71.3,70.3,70.8,70.7,72.6,79.4,77.0,71.0,68.0,73.1,61.7,59.8,58.5,52.5,48.9,49.2,52.6,53.1,50.1,50.0,49.7,48.7,46.6,39.9,32.4,30.1,31.0,31.8,32.8,34.2,34.7,35.7,36.7,37.9,38.9
12:22:18.600,86.3,58.0,77.2,76.9,75.8,71.8,71.4,67.5,74.1,75.1,73.5,72.6,65.2,65.4,62.4,59.8,57.5,53.6,50.2,49.4,53.4,53.8,50.0,52.4,51.3,50.0,45.2,39.4,31.3,30.3,31.1,32.0,32.7,33.7,34.4,35.5,36.7,37.8,38.9
12:22:19.600,86.4,59.1,76.9,76.6,74.7,72.6,70.8,67.1,73.3,72.5,76.2,70.0,68.6,64.3,64.6,61.5,61.0,54.7,47.2,49.1,52.5,54.8,51.8,51.8,52.8,52.6,45.4,40.5,31.4,30.2,31.3,31.9,33.0,33.9,34.7,35.7,36.8,37.9,38.9
12:22:20.600,84.1,58.9,75.6,71.2,74.0,71.4,68.6,68.9,70.5,72.8,69.8,69.9,68.5,63.5,60.2,58.9,56.0,51.4,48.1,48.1,51.5,54.5,53.5,50.6,50.8,52.3,48.8,41.2,33.1,30.8,31.3,32.4,33.0,33.8,35.0,35.8,37.0,38.0,38.9
12:22:21.600,87.4,59.4,78.0,75.7,77.9,76.7,70.2,65.1,69.4,76.5,75.1,71.2,68.5,71.0,62.5,59.5,54.3,53.2,49.3,47.4,50.7,55.6,56.7,53.3,48.3,49.1,48.7,44.6,34.7,31.2,32.4,32.1,32.9,33.9,34.6,35.7,36.7,37.8,39.0
12:22:22.600,86.4,59.4,76.3,70.8,73.5,72.6,69.2,65.4,71.4,75.4,72.6,69.8,64.8,67.2,61.4,57.1,54.1,50.6,46.5,47.4,51.9,54.8,57.8,55.4,50.7,48.1,44.1,38.1,31.4,30.7,31.1,31.9,32.8,33.9,34.7,35.8,36.9,37.8,38.7
12:22:23.600,87.0,60.5,76.0,71.0,71.4,69.8,67.5,65.6,68.9,73.9,70.8,68.8,66.4,68.9,62.4,61.7,55.0,52.1,47.3,47.4,52.0,55.3,57.5,55.5,54.9,50.0,44.5,38.7,31.8,30.5,31.3,32.0,32.9,33.7,34.8,35.8,36.8,37.8,38.9
12:22:24.600,87.6,60.9,76.2,79.3,74.8,72.5,69.2,62.5,67.9,73.9,73.6,69.7,65.8,64.9,62.5,63.5,59.5,55.7,49.8,47.8,50.1,54.9,58.0,56.7,54.4,50.4,44.9,37.3,31.5,30.6,31.5,32.2,32.8,33.7,34.8,35.9,37.0,37.9,39.0
12:22:25.600,87.6,61.8,78.6,72.9,73.1,75.9,71.8,65.9,73.2,73.7,76.2,71.9,68.8,69.5,64.9,64.6,59.2,55.9,49.7,45.7,49.9,54.6,57.2,57.7,54.7,53.3,48.7,39.9,31.6,30.3,31.2,31.9,32.8,33.9,34.9,35.8,36.8,37.8,39.0
12:22:26.600,84.4,61.9,76.2,71.7,73.4,71.2,71.2,66.9,69.5,72.4,75.6,68.0,65.2,64.9,61.4,60.8,58.9,51.3,48.1,46.3,48.7,53.4,56.8,58.0,55.9,55.4,50.3,42.7,32.9,30.2,31.3,32.3,33.0,33.8,34.9,36.1,37.1,37.8,38.9
12:22:27.600,86.2,61.9,75.7,77.6,79.5,74.9,66.2,63.7,68.0,68.2,74.8,66.3,64.1,65.3,59.7,59.7,58.6,58.1,47.6,46.5,46.9,51.4,56.2,56.3,55.3,56.1,50.6,43.2,31.8,30.6,31.5,32.1,32.7,33.8,34.8,35.9,36.9,38.0,39.1
12:22:28.600,85.6,62.0,76.9,77.4,77.3,73.1,70.4,64.7,74.3,74.2,74.7,70.8,65.7,65.4,57.9,58.8,57.2,55.4,49.3,45.5,46.6,53.1,56.3,55.6,55.7,57.6,49.9,41.6,31.6,30.7,31.4,32.1,32.9,33.9,34.8,35.8,37.0,37.9,39.0
12:22:29.600,84.6,61.7,76.6,71.0,71.4,73.8,70.1,65.6,70.4,74.7,74.3,70.1,66.2,66.0,60.3,61.9,58.6,52.0,47.7,44.7,46.3,54.6,57.1,53.8,55.9,56.6,47.9,41.5,31.8,30.4,30.8,31.9,32.8,33.6,34.6,35.8,36.8,37.8,39.0
12:22:30.600,85.8,60.0,76.7,72.0,75.7,71.4,62.5,63.6,71.0,74.9,74.6,69.2,66.6,63.3,61.3,61.6,57.9,52.2,48.7,45.6,45.4,53.7,57.3,52.0,54.5,52.9,46.3,41.9,32.7,30.3,31.0,32.0,32.9,34.0,34.6,35.8,36.9,37.7,38.9
12:22:31.600,84.7,58.4,75.2,70.8,67.0,66.5,61.5,64.5,66.3,70.7,73.3,68.2,64.4,68.0,58.8,57.6,52.8,48.2,47.2,45.9,46.1,51.8,54.6,51.6,50.7,51.5,47.4,40.2,33.0,30.2,31.2,31.9,32.5,33.8,34.9,35.7,36.6,37.9,38.9
12:22:32.600,84.0,58.4,75.5,74.1,67.1,68.3,65.7,60.9,63.7,71.4,73.8,70.9,65.3,65.8,58.0,55.2,53.8,48.0,46.9,46.0,47.6,49.8,52.6,53.2,51.0,51.5,49.1,40.9,32.5,30.5,30.9,31.9,32.7,33.8,34.8,35.7,36.8,37.9,38.9
12:22:33.600,82.7,59.0,75.0,74.9,69.5,66.4,66.2,67.1,67.5,72.4,74.2,69.1,63.4,63.8,60.0,56.7,57.8,51.9,47.5,45.7,48.2,49.8,51.9,53.3,52.5,52.8,49.2,41.7,32.5,30.5,31.3,31.9,32.9,33.9,34.8,35.7,36.8,37.9,38.9
12:22:34.600,84.6,59.4,75.6,75.2,70.6,63.8,64.6,65.1,66.0,70.6,71.7,72.1,64.7,65.9,58.3,59.1,55.5,52.4,49.6,44.7,46.1,49.6,53.1,54.0,54.5,52.7,48.0,40.7,31.7,32.2,31.1,32.1,32.8,34.0,34.8,35.9,36.8,38.0,38.9
12:22:35.600,83.0,58.9,74.6,72.3,72.8,75.8,70.1,65.6,70.4,70.8,70.8,69.9,68.0,64.9,60.5,56.7,53.2,54.8,49.6,46.0,46.6,49.4,54.2,55.3,53.4,50.2,46.7,38.4,32.4,30.4,31.4,31.8,32.8,33.7,34.8,35.8,36.9,37.9,38.8
12:22:36.600,82.9,58.1,76.7,72.4,70.8,71.6,68.5,66.5,69.4,72.9,72.6,68.9,62.5,65.3,58.5,56.7,55.0,52.2,46.6,48.1,47.2,50.1,54.8,53.8,50.0,49.1,46.2,39.1,31.8,30.5,31.5,31.9,32.7,33.7,34.9,35.9,36.8,37.7,39.0
12:22:37.600,83.4,57.7,75.0,74.9,74.8,72.6,70.1,64.6,68.6,67.8,70.5,69.2,65.4,66.1,58.9,54.8,53.4,51.8,45.8,43.8,45.3,51.4,53.3,52.7,49.3,50.8,46.7,38.3,31.2,30.4,30.9,31.9,33.0,33.8,35.0,35.9,36.8,37.9,38.9
12:22:38.600,86.4,58.2,76.3,74.8,68.0,61.2,61.3,65.3,71.1,73.3,71.6,70.5,67.8,65.7,59.8,57.4,56.8,51.3,45.9,44.1,46.0,53.5,54.0,52.8,49.6,49.7,47.5,37.8,31.0,30.6,31.6,31.9,32.9,33.9,34.9,35.7,36.8,37.7,38.8
12:22:39.600,85.6,57.7,77.9,75.1,73.4,70.7,64.2,65.9,66.5,75.0,76.8,70.0,68.3,68.9,60.3,59.1,55.1,54.4,45.9,43.7,46.8,53.4,54.1,50.9,49.7,49.0,44.5,36.8,30.6,30.9,31.5,32.5,33.3,34.3,35.3,35.9,36.9,37.8,38.8
12:22:40.600,82.8,59.0,77.5,70.8,71.9,67.9,67.0,66.6,70.1,72.7,73.7,67.2,65.4,72.6,61.7,57.2,56.1,52.7,46.1,44.9,47.2,54.4,56.1,53.4,51.8,48.6,44.9,39.2,30.9,30.4,31.0,32.1,32.9,33.9,34.9,35.9,36.8,37.8,39.0
12:22:41.600,83.9,59.7,76.9,73.6,69.5,66.1,61.7,63.3,73.0,76.2,73.3,70.1,66.6,68.1,60.9,62.4,55.7,52.0,44.8,44.3,49.4,55.4,55.8,53.3,53.6,50.8,47.3,40.8,31.5,30.4,31.4,32.1,32.8,33.9,35.1,35.7,36.8,37.9,39.0
12:22:42.600,87.5,60.1,76.8,74.2,71.9,71.9,71.2,67.6,74.5,74.7,74.2,71.7,66.1,68.9,60.1,57.8,56.0,52.3,50.0,46.6,49.0,53.6,55.9,54.6,55.4,52.0,47.3,37.8,32.2,31.1,31.4,32.4,33.1,33.9,34.8,35.9,36.8,37.9,39.1
12:22:43.600,85.8,60.3,75.6,71.9,72.9,70.1,65.0,66.9,69.6,72.5,75.4,70.7,67.0,64.4,58.7,60.8,55.2,51.7,47.2,46.7,48.9,53.6,54.9,55.3,56.4,52.1,44.6,40.0,31.8,30.3,31.2,32.0,33.0,33.9,34.8,35.7,36.8,37.9,38.8
12:22:44.600,86.3,60.4,75.7,71.2,72.5,73.2,68.3,65.7,68.2,75.3,73.3,68.7,63.0,63.2,58.9,60.6,52.4,49.6,46.7,46.4,48.5,53.3,53.5,55.8,55.9,52.0,45.9,41.9,32.3,30.3,31.0,32.0,32.7,33.8,35.0,35.9,36.9,38.0,38.8
12:22:45.600,84.8,60.4,76.4,69.9,77.7,79.5,69.9,62.9,70.4,75.9,73.3,68.2,62.2,66.0,56.2,56.2,51.0,47.9,46.6,46.1,47.7,52.5,54.2,56.0,56.5,52.6,44.4,40.7,32.9,30.5,31.4,32.0,32.9,33.9,34.8,35.9,36.9,37.9,38.9
12:22:46.600,86.2,59.8,73.9,76.7,76.7,75.5,68.9,68.0,68.5,72.0,70.8,67.8,62.3,65.3,58.0,55.4,51.0,48.0,47.1,49.0,48.8,50.8,53.8,55.2,55.8,51.8,44.9,40.6,33.1,30.4,31.5,32.0,33.2,33.9,34.9,36.0,36.9,37.8,39.0
12:22:47.600,85.0,58.3,77.0,75.2,72.0,70.2,66.5,64.8,70.4,75.8,76.9,72.9,63.8,64.1,56.5,58.9,51.1,49.2,47.9,46.8,50.1,52.1,52.4,52.4,53.0,48.6,45.8,41.2,34.9,33.2,33.6,34.1,35.4,35.3,35.5,36.5,37.1,37.9,39.0
12:22:48.600,84.5,57.0,75.5,70.5,70.6,65.3,62.5,61.3,68.6,74.5,72.7,67.1,65.5,66.5,59.0,57.2,52.8,49.2,44.9,45.6,48.3,50.6,51.7,52.5,52.0,46.3,45.6,39.3,32.2,30.7,31.6,32.3,33.1,33.9,34.5,35.7,36.8,37.8,38.9
12:22:49.600,84.5,56.8,75.4,73.7,73.2,71.3,68.0,63.0,67.9,70.3,75.2,68.8,63.3,68.1,63.6,60.4,52.7,52.3,48.6,46.6,47.4,50.3,49.9,52.0,50.4,47.8,43.1,37.4,30.6,30.4,31.1,31.8,33.0,33.9,34.9,35.8,36.7,37.8,38.8
12:22:50.600,84.6,56.7,75.2,76.3,68.7,68.8,67.8,64.9,70.9,73.3,74.2,68.7,62.7,67.6,61.6,63.8,57.5,53.7,47.0,43.3,47.1,50.0,51.1,50.7,49.9,48.8,42.9,36.5,32.0,31.2,31.9,32.7,34.3,34.7,35.0,36.0,36.7,37.8,38.9
12:22:51.600,83.0,57.1,76.5,70.7,69.4,69.1,68.9,67.6,69.7,71.1,74.4,71.2,64.7,69.4,59.3,60.4,56.2,51.5,46.4,42.5,46.4,50.8,51.5,48.9,51.2,50.3,43.2,37.9,31.0,30.2,31.2,32.0,32.7,33.9,34.8,35.9,36.9,37.9,38.9
12:22:52.600,85.7,56.4,76.5,78.4,77.4,72.0,69.7,64.9,68.8,73.7,74.5,70.1,67.1,68.2,60.7,60.9,52.7,47.3,45.5,50.2,46.8,50.7,52.6,48.9,48.4,49.6,43.7,38.0,31.8,30.7,31.4,31.7,33.0,33.9,34.8,35.7,36.7,37.9,38.8
12:22:53.600,83.8,56.0,75.4,76.4,74.0,68.1,65.7,66.5,67.7,71.0,71.2,70.1,64.9,71.5,59.8,60.8,54.0,46.9,47.2,44.8,47.7,50.8,52.1,48.5,48.0,46.9,42.7,38.9,31.8,30.8,31.7,32.1,32.8,33.8,34.9,35.8,36.8,38.0,38.8
12:22:54.600,82.4,56.3,74.0,72.9,72.6,69.4,61.9,64.1,66.5,72.4,72.5,67.6,62.7,67.0,61.4,60.9,54.1,47.6,47.2,47.6,45.1,49.1,51.4,51.2,49.5,47.7,45.1,40.1,31.3,31.2,31.6,32.2,32.9,33.9,34.7,35.8,36.7,37.8,39.0
12:22:55.600,86.0,56.9,74.0,77.1,73.0,70.4,64.5,66.3,68.6,68.9,71.6,66.7,61.2,67.9,61.6,61.9,56.8,52.8,49.8,46.0,45.3,50.5,51.9,51.5,50.3,48.4,44.0,39.9,31.1,30.5,31.1,32.0,32.9,33.8,34.8,35.9,36.9,37.9,38.9
12:22:56.600,83.1,57.4,74.2,75.0,70.6,65.4,61.6,60.4,65.5,69.3,71.6,68.5,63.4,69.0,60.8,62.9,56.8,51.6,48.4,46.9,46.3,50.6,54.2,53.0,50.4,46.4,44.3,40.8,32.0,31.0,31.9,32.3,33.1,33.9,34.8,35.7,37.0,37.8,38.9
12:22:57.600,84.1,57.0,75.5,76.8,74.8,69.4,64.3,61.8,65.4,70.8,69.9,69.5,65.8,69.1,63.2,62.0,56.9,51.4,48.2,47.2,46.9,49.6,52.9,51.7,49.4,47.0,43.0,39.5,32.4,30.7,31.3,32.2,32.9,33.8,34.9,35.9,36.8,37.8,39.0
12:22:58.600,82.1,56.1,74.2,71.4,68.9,71.0,67.8,60.0,66.3,68.9,71.3,68.4,63.7,67.7,59.9,62.0,56.4,49.9,49.1,45.6,47.3,50.3,51.9,50.4,48.2,46.7,44.1,38.1,30.8,30.5,31.5,32.1,33.1,33.8,34.8,35.9,36.7,37.8,38.9
12:22:59.600,82.9,55.1,74.1,71.6,70.4,73.2,68.7,61.7,64.9,70.8,73.0,70.2,60.5,65.6,58.9,57.6,52.7,50.4,48.3,46.6,45.7,50.5,49.9,49.8,46.7,45.1,43.2,35.9,30.7,30.1,31.3,32.2,33.2,33.7,34.6,35.8,36.9,37.9,39.0
12:23:00.600,84.2,54.7,72.9,71.2,74.6,73.1,61.6,59.1,65.7,69.9,69.6,69.0,62.3,65.4,61.0,55.5,54.5,47.5,47.5,45.7,44.6,50.8,50.3,44.8,46.2,46.0,44.5,36.3,30.5,30.5,31.3,32.3,33.1,33.8,34.8,35.6,36.8,37.9,39.1
12:23:01.600,83.1,55.1,74.3,72.1,73.0,70.8,66.3,59.4,66.6,70.0,71.3,69.9,63.6,64.5,58.7,59.8,51.0,49.6,46.0,46.3,45.4,50.7,48.7,49.1,48.4,45.1,43.5,36.0,30.3,30.0,31.1,31.8,33.1,33.9,34.9,35.9,36.8,37.9,38.9
12:23:02.600,84.1,55.7,74.6,69.9,70.9,70.3,68.2,64.9,64.1,71.6,72.2,71.7,63.1,64.4,58.5,58.3,54.1,49.0,48.5,48.2,47.1,49.7,48.7,50.6,49.8,45.3,41.7,37.6,30.5,30.4,30.8,32.1,33.1,34.0,35.0,36.1,36.9,37.8,38.9
12:23:03.600,82.5,57.0,74.2,68.5,71.0,74.7,71.2,63.0,68.1,73.3,69.0,70.6,65.2,62.9,59.1,55.8,53.6,49.9,46.8,46.9,46.5,49.2,50.2,52.8,51.9,49.3,43.0,37.1,30.5,30.4,31.3,32.1,32.9,34.0,35.0,35.8,36.8,37.9,39.0
12:23:04.600,82.6,58.5,74.4,75.6,75.0,71.9,66.4,63.8,67.7,72.6,70.8,68.4,60.8,65.0,57.0,56.4,51.8,48.0,45.7,46.6,49.5,51.4,50.8,54.6,52.5,51.7,47.1,36.4,30.7,30.1,31.2,32.4,33.2,34.0,35.0,35.7,36.8,37.8,38.9
12:23:05.600,82.0,58.8,75.1,70.4,69.0,71.6,69.9,63.0,67.1,71.4,75.2,70.3,62.5,64.3,57.1,56.8,51.2,46.9,45.2,46.8,49.6,51.4,50.2,55.9,51.1,51.6,47.8,38.9,30.9,30.4,31.3,32.2,32.8,33.8,34.9,35.8,36.9,37.7,39.0
12:23:06.600,82.1,59.1,73.3,70.4,69.4,68.7,65.4,62.5,63.5,69.4,70.3,68.8,64.0,64.3,59.0,55.6,53.1,47.6,44.7,46.9,48.8,52.7,53.5,56.7,50.8,50.5,47.0,38.8,31.7,30.6,31.1,31.8,32.9,34.0,34.9,35.8,36.8,37.8,39.0
12:23:07.600,83.6,58.8,74.9,73.4,70.7,67.3,68.6,66.4,66.6,71.0,71.9,72.1,63.9,65.9,56.9,54.2,50.2,49.0,43.5,45.3,49.4,53.4,54.5,55.3,52.8,49.9,44.3,37.0,30.8,30.4,31.2,32.1,32.9,33.8,34.8,35.9,36.9,37.9,38.9
12:23:08.600,82.2,58.4,74.5,69.1,74.4,73.6,63.0,60.6,69.7,70.6,70.8,70.6,62.1,67.1,58.6,58.7,51.7,46.6,44.5,46.2,47.6,52.5,53.4,52.6,52.6,50.7,48.0,36.8,30.9,30.3,31.2,32.1,33.1,33.9,34.9,35.8,36.8,37.8,38.8
12:23:09.600,84.4,57.4,75.3,67.6,69.1,68.7,64.6,63.4,71.1,70.9,71.2,73.0,67.1,69.6,61.2,57.7,54.2,48.6,44.5,45.3,46.7,49.3,52.0,49.8,52.4,50.7,44.4,36.8,30.9,30.3,31.2,31.9,33.0,33.9,34.8,36.0,36.9,37.9,38.9
12:23:10.600,81.6,55.9,73.9,70.3,66.1,68.4,65.6,64.7,64.5,68.4,70.6,69.4,59.6,67.1,56.2,58.9,50.6,47.0,44.2,44.3,45.7,48.5,50.3,50.2,49.8,48.5,43.1,36.2,31.0,30.4,31.2,32.2,33.1,33.9,34.8,35.9,37.0,37.9,39.0
12:23:11.600,80.9,55.5,71.5,71.8,69.6,67.9,67.1,63.3,65.2,67.0,67.9,65.3,58.8,61.1,58.6,55.8,51.2,47.4,45.3,46.3,46.5,46.4,49.9,50.7,47.3,49.1,43.8,37.3,33.5,31.6,32.5,34.3,33.7,34.3,34.9,35.9,36.9,38.0,38.9
12:23:12.600,85.0,55.2,73.1,76.0,70.6,72.1,67.8,64.2,67.8,70.9,71.1,69.0,61.4,64.7,55.9,53.7,51.9,46.8,45.3,46.2,45.3,46.1,49.9,48.6,48.1,48.9,44.1,36.1,31.3,30.3,31.3,32.1,33.2,34.0,35.0,36.0,36.9,38.0,39.1
12:23:13.600,82.9,55.9,71.7,69.2,68.8,66.7,65.0,65.1,69.4,69.0,69.0,64.7,59.3,61.5,55.7,53.6,49.3,46.9,44.0,45.4,43.6,45.5,50.1,49.3,51.3,49.4,45.2,36.5,30.8,30.8,31.7,32.0,32.9,34.2,35.0,35.8,36.9,37.7,38.9
12:23:14.600,82.8,57.0,70.4,69.0,69.9,68.9,66.0,63.9,64.0,67.2,67.1,62.2,60.5,61.9,56.0,51.9,51.7,46.3,46.1,45.8,43.5,47.9,48.8,49.0,52.3,50.4,48.9,39.6,31.9,30.3,31.7,31.6,32.9,33.7,34.7,35.7,36.8,37.8,38.9
12:23:15.600,84.8,56.9,69.8,75.5,71.5,71.2,63.0,61.2,67.2,65.2,67.3,64.9,60.0,56.5,56.5,52.8,50.9,46.7,44.3,42.5,43.3,49.0,50.1,50.4,52.7,48.2,48.5,39.4,31.7,30.6,31.1,32.0,32.7,33.7,34.7,35.9,36.7,37.9,39.0
12:23:16.600,80.8,56.8,69.4,74.8,70.6,65.4,62.8,59.9,66.0,66.5,65.3,66.4,60.0,56.9,54.3,52.1,51.9,46.9,45.8,44.1,44.2,47.6,49.7,51.7,53.2,48.1,44.3,39.1,31.2,30.3,31.0,32.1,32.9,33.8,34.6,35.9,36.7,37.8,38.9
12:23:17.600,81.6,56.7,69.5,71.6,69.3,64.9,59.6,59.0,64.8,64.5,66.4,61.8,59.9,57.8,56.6,53.1,51.3,47.1,44.5,43.7,43.3,47.0,51.3,52.1,52.1,48.1,44.8,38.1,30.9,30.4,31.3,32.3,32.9,33.7,34.7,35.7,36.8,37.9,38.9
12:23:18.600,83.2,55.5,70.2,70.8,67.2,66.0,64.7,65.0,65.0,66.4,66.6,67.0,58.8,57.0,54.9,55.1,50.5,47.0,44.1,42.4,45.2,47.0,50.6,50.8,50.0,46.7,43.0,37.8,30.5,30.2,31.7,32.0,32.8,34.0,35.0,36.0,36.9,37.9,39.0
12:23:19.600,82.0,55.5,70.2,71.3,67.6,60.3,66.6,64.1,63.3,65.9,66.4,66.8,60.1,57.1,56.1,51.1,49.7,45.1,43.9,43.4,46.1,48.2,48.8,50.6,50.4,48.1,42.3,37.2,31.2,30.4,31.2,31.9,32.7,33.8,34.7,35.8,36.8,37.8,38.9
12:23:20.600,81.7,56.2,70.5,72.8,68.4,58.7,57.0,61.6,64.5,70.2,67.2,64.7,57.7,57.4,55.3,51.5,48.8,46.1,44.3,41.4,45.6,51.4,48.1,50.1,51.2,48.2,46.0,38.6,31.6,30.2,31.4,32.3,32.7,33.8,34.8,35.9,36.8,37.9,39.0
12:23:21.600,83.3,56.8,72.5,77.2,77.1,72.4,65.4,66.1,65.0,66.8,69.5,66.8,59.3,58.8,54.1,51.6,50.4,47.4,45.0,45.7,46.1,52.1,49.4,50.6,52.5,48.1,45.4,37.5,30.9,30.5,30.8,32.0,32.9,33.8,34.8,35.8,36.8,37.9,38.9
12:23:22.600,84.0,57.8,72.0,74.8,74.9,69.7,63.7,61.0,67.4,67.8,70.7,70.2,60.3,58.9,55.6,50.1,50.6,44.5,44.5,44.9,45.9,50.3,49.8,51.7,54.5,51.3,44.7,37.2,30.8,30.2,31.0,31.7,32.9,33.9,34.8,35.9,37.0,37.9,38.9
12:23:23.600,82.1,58.8,70.1,69.9,66.3,62.7,63.8,63.4,62.6,67.4,66.7,64.1,60.1,57.5,55.8,51.4,50.3,45.9,44.7,45.2,46.1,50.7,52.7,51.7,53.9,53.0,46.1,38.9,33.1,31.3,31.0,32.1,32.7,33.7,34.9,35.9,36.9,37.9,38.9
12:23:24.600,81.3,59.9,70.5,72.2,69.5,65.5,65.4,62.2,66.9,67.9,68.0,64.6,57.3,60.6,57.3,52.3,49.1,46.0,43.8,42.4,47.0,50.2,53.6,52.6,54.8,54.5,49.4,42.3,32.9,30.2,31.2,32.0,32.8,34.1,35.0,35.7,36.9,38.0,39.0
12:23:25.600,80.5,61.0,71.1,68.1,66.5,67.5,59.4,61.8,63.8,68.5,63.5,63.9,57.9,60.4,55.5,52.8,49.8,45.9,43.9,44.1,46.7,49.6,53.9,56.7,55.3,55.5,49.5,41.9,32.7,30.2,31.1,32.0,32.8,34.0,34.8,35.7,36.8,37.6,38.9
12:23:26.600,82.5,62.4,72.8,73.9,70.0,62.5,64.8,65.0,65.4,70.9,69.0,69.1,60.7,62.0,57.6,52.5,50.8,48.4,45.7,44.6,46.1,51.3,54.6,57.7,59.2,55.5,48.3,42.8,32.8,30.2,31.3,32.2,32.9,33.9,34.8,35.8,36.8,37.8,39.1
12:23:27.600,81.0,62.7,72.4,71.4,69.3,65.6,65.9,59.9,54.6,67.6,68.7,68.4,59.3,61.2,54.5,50.8,51.5,46.7,44.8,47.9,45.8,50.7,54.3,56.9,59.2,57.4,49.0,41.6,32.3,30.4,31.5,31.9,32.8,33.8,34.9,35.9,37.0,37.8,39.0
12:23:28.600,83.8,61.9,73.5,75.4,70.8,70.1,63.7,61.2,60.5,66.5,72.3,68.9,60.5,62.3,57.9,48.9,51.3,47.6,47.6,47.5,47.5,51.8,56.4,55.8,57.8,54.7,49.6,39.3,31.5,30.4,31.2,31.9,33.1,33.7,34.9,35.7,36.9,37.9,39.1
12:23:29.600,81.2,60.8,73.2,69.8,68.4,66.4,62.3,62.6,63.7,62.9,71.8,70.0,58.8,63.0,56.0,51.4,51.1,46.8,45.5,48.3,48.4,53.2,56.2,55.9,56.7,52.0,48.3,39.7,32.6,30.3,30.9,32.1,32.9,33.8,34.8,36.0,36.8,37.8,39.0
12:23:30.600,81.4,60.8,73.0,68.0,70.1,67.1,65.5,64.9,63.8,63.7,70.7,71.7,61.2,62.7,55.9,53.8,51.7,46.7,46.4,47.1,50.0,52.7,56.2,56.1,57.3,49.9,47.9,42.3,32.9,30.2,31.3,32.3,32.9,33.8,34.8,35.9,36.9,38.0,39.0
12:23:31.600,82.0,60.2,72.3,70.1,70.5,68.5,61.0,62.3,60.8,63.1,70.3,70.1,59.6,61.1,58.2,50.8,49.4,48.0,46.2,47.5,50.4,54.2,55.7,55.4,55.9,50.7,45.2,42.6,32.7,30.3,31.1,32.1,33.2,34.0,34.8,35.9,36.9,37.6,38.9
12:23:32.600,81.0,60.6,71.8,71.2,67.7,59.0,55.0,59.3,60.7,64.1,64.8,67.9,61.7,61.5,61.1,53.2,50.7,47.1,46.3,48.7,49.7,55.4,56.0,53.1,57.0,53.2,46.7,40.9,33.3,30.0,31.0,32.0,32.9,33.7,34.9,35.9,36.7,37.8,38.9
12:23:33.600,81.8,61.7,71.4,74.3,73.2,69.2,64.3,62.0,61.8,66.7,67.5,67.6,59.6,59.1,57.3,54.4,51.2,47.7,45.3,46.4,50.1,56.2,55.1,54.8,57.0,55.8,51.5,40.4,33.3,30.1,31.2,32.1,32.7,33.9,34.9,35.9,36.7,38.0,39.0
12:23:34.600,82.2,63.1,70.8,73.0,72.9,68.4,64.6,61.8,65.3,66.0,66.4,62.5,60.4,61.3,58.3,52.9,49.3,46.8,45.7,48.2,51.7,56.8,56.0,55.6,58.9,56.8,52.1,41.4,31.9,30.2,31.1,32.3,33.0,33.7,34.8,35.8,36.6,37.8,39.0
12:23:35.600,81.9,64.0,70.2,73.1,71.1,69.4,67.0,59.0,61.9,62.1,66.4,63.0,56.9,60.5,56.6,50.7,50.9,47.4,46.2,45.7,49.1,57.6,58.5,56.5,59.7,57.6,52.9,42.1,33.1,30.5,31.2,32.3,33.2,34.1,34.7,35.9,36.8,37.9,39.2
12:23:36.600,81.4,64.5,70.4,69.8,67.7,65.0,64.8,60.4,62.2,64.9,64.0,63.8,58.5,58.2,56.3,51.3,50.6,46.3,45.8,45.6,51.6,57.1,59.9,59.8,59.9,57.5,51.7,42.1,33.8,30.4,31.3,31.7,32.9,33.6,34.8,35.7,36.7,37.9,38.9
12:23:37.600,81.1,63.6,71.4,71.1,73.4,69.4,66.1,63.2,66.3,64.1,70.1,63.8,58.9,56.0,56.0,52.5,50.7,45.7,43.5,48.4,51.6,58.7,60.7,58.8,58.1,54.9,49.2,41.0,32.9,30.7,31.3,32.1,32.7,33.9,34.9,35.7,36.9,37.9,39.0
12:23:38.600,80.7,63.0,72.0,74.7,75.5,66.7,66.3,62.9,63.2,68.1,71.1,63.5,60.1,56.6,51.2,51.2,49.8,47.2,46.7,47.3,50.9,56.2,59.3,59.0,57.9,53.6,48.8,43.1,32.3,30.4,31.3,32.1,32.9,33.8,34.7,35.8,37.0,37.9,39.0
12:23:39.600,80.2,62.1,72.1,66.2,66.6,64.0,65.3,64.8,63.6,68.3,68.8,67.2,60.9,56.8,54.6,49.3,50.4,47.1,46.0,47.7,50.8,56.6,58.1,57.5,57.8,53.1,47.4,41.2,32.2,30.1,30.9,32.1,32.8,34.1,34.8,36.0,37.0,38.0,39.0
12:23:40.600,82.6,60.7,71.5,71.3,65.7,62.4,66.2,61.3,65.2,64.7,68.4,67.3,60.4,55.9,56.8,53.1,51.4,46.2,43.6,47.5,50.1,54.5,54.9,55.8,55.5,53.4,47.4,38.9,31.5,30.2,31.0,31.8,33.0,34.0,34.8,36.0,36.8,37.9,38.9
12:23:41.600,80.7,59.8,72.7,67.8,68.5,66.8,65.7,64.1,63.4,69.4,69.2,67.4,62.3,61.3,61.5,54.4,52.4,46.5,45.6,47.1,49.4,54.0,55.4,55.1,54.5,51.8,46.6,38.9,30.9,30.6,31.3,32.0,33.0,33.8,34.7,36.0,36.8,38.0,39.0
12:23:42.600,80.7,59.6,73.0,68.8,67.2,69.6,66.1,65.7,65.0,67.0,70.5,67.6,61.3,63.2,60.5,55.7,52.8,45.9,46.0,47.3,49.7,53.0,54.1,54.2,53.7,53.0,46.3,41.6,32.4,30.4,31.2,31.8,33.0,34.0,34.8,35.8,36.6,37.8,39.0
12:23:43.600,80.8,60.3,72.9,69.5,69.1,67.4,66.1,60.1,61.2,68.5,68.4,66.9,57.4,63.1,60.0,53.7,52.2,46.4,45.9,46.6,50.3,53.6,54.5,55.6,54.5,52.3,47.9,41.3,33.4,30.5,31.3,32.1,32.9,33.9,34.9,35.9,36.9,38.0,38.9
12:23:44.600,79.4,61.0,72.3,69.6,67.7,69.9,67.9,58.3,63.6,66.3,66.3,69.1,61.9,59.4,59.7,54.6,51.6,47.8,44.8,47.5,50.4,55.4,55.9,57.3,55.8,51.3,47.9,41.9,33.2,30.1,31.2,32.1,32.9,33.9,34.9,35.8,36.9,37.9,39.0
12:23:45.600,80.3,60.8,72.3,69.0,67.0,69.4,70.9,66.7,62.0,62.0,70.6,67.2,60.9,58.5,58.1,53.6,49.3,45.8,46.0,47.8,50.8,56.4,56.3,57.7,52.7,51.1,48.6,41.9,34.3,30.4,31.2,32.2,32.8,34.1,34.7,35.7,36.8,37.9,38.8
12:23:46.600,81.2,60.7,72.8,68.4,70.9,73.4,66.9,62.5,64.1,69.1,69.3,71.3,59.6,59.8,58.1,49.8,49.6,44.9,45.7,47.9,51.4,56.8,57.9,55.6,51.6,52.9,49.8,40.8,32.5,30.9,31.0,32.2,32.9,33.9,34.9,35.8,36.7,37.7,38.9
12:23:47.600,80.9,61.1,72.9,69.5,67.8,69.8,67.9,62.9,63.9,71.2,70.9,66.8,59.0,58.2,57.0,50.0,48.1,45.7,44.9,48.6,52.4,55.2,57.1,54.1,55.7,54.7,49.6,39.6,31.9,30.5,31.3,32.0,32.9,34.1,35.0,35.8,36.6,38.0,38.9
12:23:48.600,79.7,61.6,71.7,68.1,65.1,66.7,65.5,60.0,63.1,68.6,70.2,69.4,61.1,53.2,54.3,50.0,50.7,45.2,46.6,48.4,51.7,54.8,57.2,53.8,56.6,54.9,50.2,39.0,31.7,30.0,31.1,32.0,32.7,33.8,34.7,35.8,36.9,37.9,39.0
12:23:49.600,81.1,61.8,72.4,63.7,63.4,67.1,69.7,65.3,64.3,71.5,70.0,66.1,60.4,54.8,51.8,49.4,50.1,46.3,45.5,47.1,50.8,56.5,55.8,55.8,56.4,55.5,50.2,40.0,31.3,29.9,31.4,32.2,32.9,34.1,34.8,35.8,36.7,37.8,38.9
12:23:50.600,82.0,62.0,71.7,70.9,70.0,68.4,69.0,66.2,61.7,65.6,70.4,63.7,57.9,55.1,52.7,49.7,50.4,47.0,44.3,47.3,51.1,54.5,55.9,56.2,58.1,54.9,50.6,40.8,31.5,30.2,31.4,32.0,32.8,33.8,34.6,35.9,36.8,38.0,39.0
12:23:51.600,80.2,61.1,70.7,63.2,69.6,70.8,66.3,64.8,62.4,66.1,68.2,64.2,57.2,54.8,56.4,52.0,51.4,44.6,45.2,48.3,50.6,54.5,57.0,54.6,57.2,52.3,49.7,41.0,32.2,30.4,31.1,31.6,32.8,34.1,34.8,35.8,36.8,37.9,38.9
12:23:52.600,79.5,59.8,69.9,66.1,68.2,64.4,66.6,62.2,62.8,68.1,65.5,63.0,56.2,57.5,58.0,50.9,50.8,44.5,44.5,48.0,51.5,53.5,55.9,53.8,53.6,50.7,48.8,42.3,32.6,30.0,31.3,32.1,32.9,33.9,35.0,36.0,36.7,37.8,39.0
12:23:53.600,82.0,60.0,68.3,71.7,65.6,65.1,67.1,64.0,60.2,63.9,61.6,61.6,58.9,55.8,52.7,50.2,48.9,45.0,44.7,47.0,50.2,52.8,51.6,53.8,54.0,54.8,50.2,42.5,33.0,30.3,31.2,32.0,32.8,33.8,34.8,35.8,36.9,37.8,38.8
12:23:54.600,79.8,60.2,67.6,69.9,67.8,67.5,65.6,60.4,63.1,62.4,63.8,59.4,57.3,54.8,56.7,49.0,50.8,45.0,45.0,44.6,48.5,50.6,50.9,53.4,53.8,55.6,51.5,43.2,32.1,30.5,31.0,32.2,32.9,33.8,34.8,35.8,36.7,37.8,38.9
12:23:55.600,79.9,59.7,68.5,69.6,67.4,68.9,66.1,66.3,65.6,65.5,62.6,61.2,56.1,56.6,59.2,47.4,50.4,45.4,43.8,44.5,48.1,50.5,51.4,52.3,56.0,52.5,49.5,42.0,32.9,30.8,31.4,32.0,33.1,33.6,34.8,35.7,36.8,37.8,38.9
12:23:56.600,83.2,58.5,67.2,69.3,69.1,65.2,62.1,62.6,59.2,63.6,60.0,57.4,57.7,55.9,54.9,50.5,46.9,43.8,43.3,46.3,48.4,49.4,50.6,52.2,55.8,50.4,45.3,39.3,31.8,30.6,31.0,31.9,32.9,33.9,34.7,35.8,36.9,37.9,39.0
12:23:57.600,79.2,57.7,67.2,69.3,71.7,68.7,60.3,61.1,58.1,59.7,63.0,60.7,59.0,52.9,52.1,47.6,49.1,44.8,43.1,46.4,48.0,48.7,52.0,52.7,53.0,50.8,46.7,38.9,31.9,30.2,31.0,32.1,33.0,33.9,35.0,35.8,36.7,37.9,39.0
12:23:58.600,78.8,57.7,67.0,69.5,64.6,62.0,62.8,63.2,63.7,64.2,59.6,60.9,57.6,54.6,54.3,48.2,48.5,44.4,45.0,46.7,49.7,49.5,50.6,55.1,52.0,49.7,46.7,38.2,32.9,31.6,31.2,32.2,33.3,33.9,34.9,35.8,36.7,37.8,38.9
12:23:59.600,77.7,58.0,67.6,64.9,63.9,63.0,64.7,62.4,62.1,60.7,59.2,63.9,57.1,53.6,55.8,50.4,51.3,45.5,43.5,45.5,47.7,50.2,50.6,54.5,52.4,49.4,45.7,39.1,33.4,32.2,34.2,34.0,34.0,33.9,34.9,35.8,36.7,38.0,39.0
12:24:00.600,79.6,58.1,67.9,67.4,69.8,67.6,62.9,57.6,59.4,61.8,63.1,64.7,53.7,55.3,56.5,48.8,48.7,44.8,42.9,45.6,47.8,49.8,53.0,54.3,52.0,49.7,46.8,39.4,32.4,30.7,31.2,32.1,33.0,33.7,35.0,35.9,36.8,38.0,38.9
12:24:01.600,79.5,58.2,68.1,73.1,71.7,66.6,62.1,63.7,63.2,58.4,61.2,62.3,58.7,54.1,55.0,49.4,48.0,44.0,43.0,44.0,46.1,50.6,52.2,56.4,49.7,48.7,46.6,38.4,32.0,30.3,31.1,31.9,32.9,33.9,34.8,35.7,36.8,38.0,39.0
12:24:02.600,76.3,58.4,68.8,65.8,67.7,64.6,61.4,61.0,65.5,62.3,63.7,66.6,57.6,54.8,54.2,47.0,49.2,44.3,42.3,44.0,47.3,51.5,52.7,57.3,49.3,47.5,45.2,37.9,30.9,30.2,31.4,32.2,32.9,34.0,34.7,35.6,36.7,37.8,39.0
12:24:03.600,79.2,57.6,68.6,70.3,71.6,67.3,65.9,60.6,57.8,64.9,64.4,64.2,59.9,54.8,54.1,47.5,52.2,43.8,43.6,43.3,47.7,50.9,52.6,55.7,48.6,49.0,45.1,38.6,32.6,30.4,31.1,32.3,33.3,34.0,34.9,35.9,36.8,37.9,39.1
12:24:04.600,79.9,56.9,68.1,73.7,71.2,71.7,68.3,62.4,63.1,60.5,64.0,62.9,60.4,51.6,50.2,47.1,47.7,44.0,45.2,45.4,46.6,50.1,51.2,54.0,49.8,48.6,47.5,37.8,32.1,30.8,31.5,31.9,33.0,33.8,35.0,35.7,36.8,37.7,39.0
12:24:05.600,78.9,56.8,67.0,67.4,68.5,70.5,66.8,63.6,61.5,60.0,60.8,61.1,56.8,53.7,53.7,51.0,50.0,44.4,44.1,43.7,46.2,49.9,50.0,53.9,50.2,47.4,47.2,38.2,31.6,30.3,31.3,31.9,32.8,34.0,34.9,35.9,37.0,37.7,38.9
12:24:06.600,79.7,56.9,67.8,67.0,68.2,67.5,64.5,63.6,61.9,62.8,65.6,60.0,55.4,52.2,54.1,49.9,50.0,43.4,43.2,45.8,45.1,48.9,50.4,54.9,49.3,47.8,46.7,38.5,31.2,30.4,31.3,31.9,33.1,33.9,34.6,35.8,36.8,37.7,38.8
12:24:07.600,79.0,56.4,67.6,69.3,71.2,69.3,67.4,60.1,60.7,59.1,61.2,62.0,56.2,56.5,57.8,49.1,49.3,45.4,43.0,43.3,44.8,48.7,50.2,52.3,50.6,47.6,45.2,38.1,31.1,30.3,31.5,31.9,32.9,33.8,34.8,35.8,36.8,37.9,39.0
12:24:08.600,81.4,56.5,67.3,69.9,68.8,67.2,62.2,61.7,61.1,65.0,63.6,55.7,57.6,55.7,53.2,49.9,48.5,44.5,42.6,42.3,45.2,48.3,50.8,50.8,50.8,47.8,48.4,37.6,32.4,30.6,31.6,32.0,32.9,33.8,34.8,35.6,36.6,38.0,38.8
12:24:09.600,79.4,57.1,68.0,68.2,68.3,66.9,66.8,59.9,60.3,61.4,65.4,60.2,56.7,55.0,58.3,48.9,48.5,44.9,44.7,41.7,44.7,50.4,50.8,52.0,51.2,49.0,49.0,39.4,31.0,30.3,31.2,32.0,33.2,33.9,34.9,35.8,36.9,37.9,38.9
12:24:10.600,83.7,57.7,70.6,74.9,72.6,73.6,67.0,57.7,60.3,63.8,67.9,65.5,58.4,56.0,60.0,52.1,52.3,45.7,44.6,46.4,45.6,49.4,52.0,53.6,50.8,49.9,47.5,39.0,32.1,30.7,31.2,32.5,33.1,33.8,35.0,35.8,36.8,38.0,39.0
12:24:11.600,80.8,58.3,70.8,64.6,67.1,70.7,67.4,56.4,60.8,63.9,69.0,66.9,61.9,51.3,51.0,51.7,53.1,44.1,44.3,41.5,44.9,49.2,51.9,56.9,51.7,49.7,46.3,38.6,31.7,30.1,31.2,32.4,33.3,34.0,34.9,35.9,36.7,37.9,39.0
12:24:12.600,79.6,58.0,71.5,69.0,70.8,69.4,69.0,62.4,56.6,61.6,67.3,70.0,65.0,55.0,57.1,54.0,53.8,44.9,43.9,39.4,44.2,47.7,52.4,56.3,50.9,49.0,45.0,37.4,31.3,30.3,31.5,32.1,32.8,33.7,34.9,35.8,36.7,37.9,38.9
12:24:13.600,81.9,57.3,71.2,73.1,70.5,69.3,64.3,63.5,58.9,63.0,68.7,66.0,60.2,58.2,58.5,51.6,49.9,45.5,42.6,39.6,42.1,47.2,51.0,53.5,52.2,49.2,45.1,36.6,30.8,30.5,31.5,32.2,32.9,33.9,34.9,35.8,36.8,37.9,38.9
12:24:14.600,80.7,57.6,71.8,67.1,70.3,71.4,68.8,62.1,59.6,65.4,68.5,68.4,66.5,58.0,62.9,51.6,50.0,46.7,44.0,39.6,41.4,46.0,51.4,53.4,53.0,49.5,46.1,38.0,31.2,30.2,31.1,31.9,33.1,33.8,34.6,35.9,36.6,37.9,39.0
12:24:15.600,79.6,58.1,71.9,65.4,64.8,69.9,67.2,62.5,59.8,59.9,68.1,67.7,64.2,59.3,61.3,52.7,55.6,47.6,44.5,46.2,41.3,45.4,52.6,53.9,52.8,51.5,45.1,38.2,31.5,30.3,31.3,31.8,32.6,34.0,35.0,35.9,36.8,38.0,38.9
12:24:16.600,78.8,58.6,71.0,70.6,66.0,69.6,67.1,58.5,58.1,63.4,67.9,67.8,65.5,59.2,60.9,52.2,52.8,45.9,43.6,44.1,43.4,45.9,52.6,52.6,54.7,51.8,44.2,38.1,31.4,30.4,31.1,32.0,32.8,33.8,34.9,36.0,36.8,37.9,38.9
12:24:17.600,77.2,59.1,69.7,64.0,65.9,69.0,66.2,62.7,61.5,62.1,64.2,61.2,60.1,56.9,59.6,49.8,49.3,43.6,44.7,42.1,42.6,46.0,51.8,52.6,55.2,52.6,47.5,44.4,32.2,30.3,31.2,31.9,33.0,33.9,34.9,35.9,36.8,37.9,38.8
12:24:18.600,77.3,59.0,70.4,61.7,66.3,65.3,66.0,62.2,58.5,64.6,68.9,67.3,61.4,55.5,58.3,47.9,49.7,44.5,45.8,48.0,44.4,47.2,48.7,53.4,54.8,52.1,49.0,44.8,33.1,30.4,31.4,31.9,33.0,34.0,34.9,36.1,37.0,37.9,39.0
12:24:19.600,80.3,57.7,68.9,70.0,70.1,66.8,68.0,67.1,60.0,63.1,66.8,63.0,59.5,54.2,55.1,47.4,51.7,44.5,46.3,48.3,44.0,47.1,48.3,50.7,53.2,52.0,47.2,41.6,33.6,30.4,31.2,32.1,32.8,34.0,35.0,36.0,36.9,37.8,38.9
12:24:20.600,78.1,57.6,67.8,69.6,65.3,62.6,59.6,61.5,57.1,60.0,68.5,60.3,57.1,50.8,50.1,47.4,48.5,46.2,46.9,54.7,46.2,46.9,48.8,49.6,53.4,52.0,45.5,39.4,31.9,30.3,31.0,32.1,33.1,33.8,34.8,35.8,37.0,37.8,38.9
12:24:21.600,77.4,56.2,67.8,68.2,68.9,66.6,62.3,57.6,62.1,63.4,66.6,64.4,55.4,49.5,51.1,47.6,50.7,43.2,44.5,43.1,43.2,46.5,48.6,49.0,52.3,50.8,45.7,39.2,31.3,30.3,31.1,31.9,33.0,33.7,34.8,35.8,36.9,37.8,38.8
12:24:22.600,76.1,55.8,66.3,65.7,66.5,62.1,63.9,60.4,60.3,63.5,61.3,58.9,53.9,50.0,50.7,47.5,48.4,42.4,43.6,45.4,44.8,48.6,48.7,49.8,51.3,48.6,45.4,37.5,31.0,30.5,31.3,32.1,33.1,34.0,34.7,35.8,36.9,37.8,38.8
12:24:23.600,80.5,56.4,66.5,67.4,68.6,63.9,60.4,59.8,62.5,63.5,60.0,60.3,59.7,50.6,49.7,47.5,50.0,42.9,45.4,48.9,46.4,52.6,51.0,51.4,49.6,47.8,45.0,40.0,31.2,30.1,30.8,32.1,33.0,33.9,34.6,35.6,36.9,38.0,39.0
12:24:24.600,75.6,56.5,66.0,62.9,60.8,57.0,61.7,58.4,60.1,59.6,62.6,60.5,54.3,50.8,52.7,47.2,47.6,44.6,45.6,46.0,46.8,52.2,51.6,51.2,50.2,47.8,43.7,38.8,31.7,30.5,31.5,32.0,32.9,33.5,34.7,35.8,36.8,37.9,38.9
12:24:25.600,76.9,58.1,66.2,62.4,65.9,66.5,63.5,61.4,59.0,62.4,60.7,57.2,55.3,51.1,50.0,48.6,49.6,45.5,48.9,51.9,49.6,54.5,53.6,52.8,52.1,49.6,44.9,39.6,32.2,30.6,31.2,32.0,32.9,33.9,34.8,35.8,37.1,37.8,39.0
12:24:26.600,77.0,59.2,67.5,68.6,70.9,69.4,64.2,60.1,61.7,62.4,61.4,58.7,53.8,51.3,52.6,49.3,48.2,45.8,45.5,43.9,47.1,53.4,54.9,53.6,54.3,51.3,47.5,40.9,32.1,30.6,31.0,31.8,33.0,33.9,34.9,35.8,36.8,37.8,38.9
12:24:27.600,76.9,59.7,67.3,66.8,63.0,62.9,65.1,60.3,58.5,59.8,62.4,58.9,55.1,51.2,52.2,58.6,49.4,44.4,52.9,46.5,49.6,52.8,54.3,53.7,55.7,51.5,47.1,38.5,32.5,30.3,30.8,32.0,33.0,33.9,34.8,35.6,36.7,37.7,39.1
12:24:28.600,79.5,59.2,67.1,58.1,63.1,61.8,60.4,58.8,63.9,60.8,55.6,57.4,55.4,53.0,56.2,58.3,54.9,45.1,50.9,48.9,48.8,51.9,53.2,52.9,55.2,51.4,45.9,38.0,31.7,30.2,31.4,32.0,33.0,34.1,34.8,35.9,36.8,37.8,39.0
12:24:29.600,77.3,58.1,68.0,61.3,60.3,61.7,63.3,59.9,60.7,57.8,64.8,60.0,55.8,52.3,57.5,57.8,51.5,45.4,53.3,48.4,49.2,51.2,51.5,51.0,53.3,49.7,45.3,41.6,31.6,30.2,31.0,32.2,33.1,33.6,34.7,35.7,36.9,37.9,38.9
12:24:30.600,79.8,57.5,67.1,60.1,60.3,65.6,65.0,60.5,61.5,60.2,58.0,56.9,57.0,52.2,57.3,57.9,58.5,45.8,48.0,47.7,47.5,49.5,49.8,51.2,52.7,50.7,44.8,38.9,32.3,30.2,31.2,31.7,32.7,33.9,34.8,35.5,36.6,37.7,39.0
12:24:31.600,76.3,57.3,67.9,65.2,68.0,66.5,64.9,61.7,59.3,57.6,58.9,60.5,56.1,51.3,59.2,62.4,52.1,46.9,55.5,50.1,48.1,50.2,50.1,49.8,51.9,50.6,44.6,38.0,31.5,30.1,31.2,31.7,32.9,33.8,35.0,35.9,36.6,37.8,38.8
12:24:32.600,76.9,58.2,68.2,65.9,66.9,71.1,66.6,57.4,60.4,56.7,58.5,59.2,57.0,52.8,54.5,62.2,58.7,46.1,56.4,55.7,50.4,50.6,51.8,51.5,52.9,49.4,44.7,38.0,31.5,30.5,31.0,32.0,32.8,33.8,34.9,36.0,36.9,37.9,39.0
12:24:33.600,78.2,59.9,68.6,68.1,68.7,68.2,62.3,61.9,56.6,57.7,58.8,60.3,56.8,51.7,54.4,61.8,60.8,47.8,51.0,56.4,48.4,48.8,52.9,56.0,54.8,51.3,48.3,39.9,33.0,30.5,30.9,31.7,33.0,33.8,35.1,36.0,37.0,38.0,39.0
12:24:34.600,77.0,59.8,67.8,66.8,68.0,67.0,61.3,60.0,64.2,59.2,57.1,57.5,57.9,50.9,52.8,62.4,54.3,46.8,53.9,48.3,49.5,47.6,52.6,55.7,54.9,52.2,47.6,41.7,33.2,30.6,31.3,31.7,33.0,34.0,34.6,35.8,36.7,37.9,38.8
12:24:35.600,78.9,60.7,68.4,60.2,63.5,66.7,62.4,61.2,58.7,58.1,60.0,57.0,55.5,48.7,51.0,64.2,57.0,47.7,54.2,53.8,48.4,49.2,51.8,55.8,55.8,54.5,50.2,44.3,36.4,30.5,31.2,32.0,32.7,33.9,34.6,35.8,37.0,37.9,38.9
12:24:36.600,78.1,62.0,67.9,66.8,66.8,69.3,63.7,62.4,60.8,61.1,59.8,59.3,58.1,52.2,54.9,60.6,53.3,46.9,51.8,48.5,48.3,49.4,50.7,57.4,57.7,54.4,53.8,45.6,37.1,30.3,31.1,32.0,32.7,33.8,34.8,35.8,36.8,37.9,39.0
12:24:37.600,76.8,61.6,68.1,68.1,67.1,65.0,59.3,62.3,61.0,55.8,60.2,59.9,55.4,52.5,54.5,62.3,56.1,46.8,49.7,49.3,48.7,51.5,50.8,56.5,57.4,53.7,52.8,45.9,36.3,31.0,31.2,32.1,33.1,34.1,34.7,35.9,37.0,37.9,39.0
12:24:38.600,77.3,61.9,68.1,64.8,67.7,65.2,64.8,60.4,55.7,59.1,58.7,57.1,56.2,49.1,53.3,61.2,56.4,46.0,49.2,46.9,50.5,51.4,52.5,58.1,57.5,54.6,51.8,45.4,35.2,30.6,31.4,32.0,32.8,33.8,34.9,35.8,36.9,37.8,38.9
12:24:39.600,77.0,61.9,67.5,66.1,64.4,65.7,63.1,64.9,60.7,59.3,60.9,57.5,52.9,50.8,51.7,51.5,54.5,46.9,48.3,52.0,51.9,53.7,54.6,57.1,56.9,55.2,51.0,43.9,35.1,30.5,31.2,31.9,32.9,33.8,34.8,35.9,36.8,37.9,38.9
12:24:40.600,79.6,61.8,66.5,62.1,58.5,65.0,64.3,59.1,57.4,52.7,61.6,56.7,52.5,49.6,50.4,48.7,49.1,45.7,48.2,49.7,51.5,53.5,54.9,57.5,57.7,54.6,49.5,43.1,36.3,30.6,31.3,32.1,33.0,34.0,34.8,35.8,36.8,37.8,39.1
12:24:41.600,75.6,61.7,67.1,65.6,65.8,66.2,62.9,61.1,61.0,60.6,61.2,59.9,56.2,48.3,50.9,52.1,50.1,49.6,47.3,48.5,49.2,52.3,54.5,58.3,56.8,53.5,50.8,43.8,34.5,30.4,31.5,32.1,33.0,33.9,35.0,36.0,36.8,37.9,38.9
12:24:42.600,78.3,61.2,67.1,66.8,62.0,61.1,61.5,58.5,59.5,59.3,62.5,58.2,55.4,49.6,52.0,52.6,50.4,51.4,49.5,48.2,50.4,52.2,54.3,57.9,54.3,52.8,51.0,45.3,34.4,30.7,31.3,32.2,33.1,33.6,35.0,35.9,36.9,38.1,39.0
12:24:43.600,76.8,61.2,67.3,66.0,65.8,64.4,60.6,57.9,58.4,54.0,59.2,62.4,56.7,48.5,54.1,55.6,50.1,46.0,50.4,50.3,51.7,51.5,54.2,57.8,54.8,53.9,52.7,46.9,36.3,30.8,31.3,32.2,33.0,33.8,34.9,35.9,37.0,38.0,39.0
12:24:44.600,78.0,60.9,68.0,71.6,68.0,61.0,57.3,60.4,64.0,56.7,62.3,62.5,56.3,50.3,51.3,57.0,51.2,45.0,50.7,47.9,49.5,50.9,53.0,55.9,54.9,54.8,52.0,45.2,35.0,30.7,31.1,31.9,32.9,33.8,34.9,35.9,36.9,38.0,39.1
12:24:45.600,79.1,60.6,67.4,68.3,65.8,58.9,58.4,60.6,60.2,59.7,60.9,61.2,56.8,52.2,52.6,57.6,49.4,48.4,51.8,46.9,47.8,50.7,51.6,54.5,55.9,54.4,50.0,42.5,32.8,30.2,31.3,32.0,32.9,33.8,34.8,36.0,36.8,38.0,39.0
12:24:46.600,76.9,60.3,67.1,65.5,62.4,60.8,58.7,57.3,60.5,61.1,61.6,59.2,56.2,50.9,53.4,56.5,49.7,50.7,50.0,51.4,49.1,50.7,52.0,54.4,55.4,54.0,49.3,40.7,32.7,30.3,31.5,31.9,33.0,34.1,34.9,35.9,36.7,37.8,39.0
12:24:47.600,74.8,58.0,66.0,65.5,63.8,59.9,59.5,61.3,62.1,60.3,58.1,58.4,59.8,51.6,55.9,53.7,50.1,49.4,45.0,48.0,48.6,47.7,50.4,54.3,52.7,51.1,45.5,39.7,32.2,30.7,31.4,32.0,33.0,34.1,34.7,35.6,36.9,37.8,39.0
12:24:48.600,76.8,57.2,65.8,66.2,60.2,63.0,59.6,60.5,60.8,57.5,61.6,59.7,57.6,50.7,56.2,50.9,49.9,47.5,45.4,43.8,44.8,46.0,50.5,53.0,53.9,49.3,43.5,38.3,31.5,30.2,31.3,32.0,32.8,33.8,34.8,35.8,36.8,37.9,39.2
12:24:49.600,78.8,56.7,65.8,70.7,69.6,60.7,56.1,59.9,61.0,63.3,61.2,60.2,54.5,49.1,53.5,51.7,48.4,46.8,45.7,44.0,47.7,46.1,48.6,52.0,52.2,48.7,44.4,37.0,31.1,30.3,31.1,31.9,33.0,34.0,34.8,35.8,37.0,38.0,38.8
12:24:50.600,79.5,55.8,65.6,67.9,66.6,63.8,62.3,64.8,61.5,58.9,60.0,60.6,58.4,51.2,52.3,48.2,47.9,48.9,45.0,47.7,48.7,46.4,47.0,52.2,49.5,48.0,43.6,36.9,31.0,30.4,30.9,32.2,33.1,34.1,34.9,35.8,36.8,37.9,38.9
12:24:51.600,78.3,55.8,66.2,70.9,67.3,63.4,62.7,59.9,54.1,59.4,60.8,62.8,55.3,50.8,56.1,51.3,49.9,48.9,46.4,51.2,50.0,46.6,48.3,52.6,48.7,49.2,42.7,36.7,30.9,30.5,31.1,32.3,32.8,33.9,34.9,35.8,36.8,37.8,39.0
12:24:52.600,77.6,54.8,66.1,71.2,73.1,68.2,57.7,60.4,60.5,58.5,60.1,62.0,55.2,49.3,57.1,51.3,50.6,50.4,44.7,45.1,46.9,48.0,47.9,49.9,47.9,47.2,42.0,35.0,30.8,30.3,31.1,32.2,32.9,34.0,35.0,35.9,36.9,37.9,38.9
12:24:53.600,79.7,53.7,65.6,72.6,68.1,66.5,62.0,63.0,61.9,59.5,59.0,60.8,57.8,49.8,54.8,51.7,49.3,49.5,46.1,46.8,46.5,47.2,47.0,46.5,48.1,46.0,41.4,34.9,30.9,30.4,31.1,31.8,33.0,33.8,34.9,36.0,36.9,37.9,38.9
12:24:54.600,78.8,53.6,65.5,64.8,69.4,66.2,64.6,63.5,59.0,57.0,55.3,58.0,56.2,50.1,53.9,50.4,50.2,48.3,47.2,46.5,44.7,46.4,47.1,45.5,47.8,45.9,40.5,34.9,30.6,30.5,31.5,32.2,33.1,34.2,35.0,35.8,37.0,37.9,39.1
12:24:55.600,78.6,54.2,65.2,63.3,69.8,67.7,67.1,61.7,59.9,55.9,56.9,58.2,55.0,49.2,53.6,52.2,50.8,50.8,48.2,46.9,45.4,47.1,48.1,47.1,47.7,48.3,40.4,35.3,30.6,30.1,31.2,32.1,32.9,33.7,34.7,35.8,37.0,37.9,39.0
12:24:56.600,79.8,54.4,66.9,70.5,70.4,67.6,64.7,65.2,60.3,60.5,59.7,59.9,55.7,49.1,57.4,50.5,48.0,51.2,46.3,45.1,45.4,48.4,49.8,46.5,48.5,48.4,40.8,35.1,30.6,29.9,31.3,32.0,33.0,34.0,34.9,35.8,36.9,37.9,39.0
12:24:57.600,80.1,55.0,68.0,66.3,70.9,70.7,68.2,64.2,58.6,61.8,61.9,63.7,55.4,49.5,55.0,53.7,53.9,50.6,51.2,55.8,49.4,48.1,49.7,46.4,46.4,46.8,43.3,35.5,30.5,30.4,31.1,32.2,32.8,33.9,34.8,35.9,36.9,37.9,38.9
12:24:58.600,79.7,55.9,67.3,70.2,70.4,67.8,66.4,60.5,58.0,55.9,59.4,62.3,59.8,52.4,54.2,54.7,51.5,48.3,49.0,55.0,52.5,50.7,48.2,47.8,48.0,46.5,44.5,35.7,30.8,30.4,31.0,32.0,33.0,34.1,34.8,35.9,36.7,37.9,38.9
12:24:59.600,78.7,55.4,66.5,65.5,65.0,65.6,64.1,61.6,59.9,59.7,60.5,60.4,55.4,53.3,50.9,58.4,54.0,49.5,50.4,49.2,49.0,54.2,46.4,46.8,47.9,48.0,42.7,36.4,30.9,30.3,30.8,32.1,32.6,33.7,34.7,35.8,36.7,37.7,39.0
