AMBIENT,64.3,56.8,59.6,48.8,48.3,47.2,48.3,48.1,45.0,45.3,49.4,49.7,43.7,40.7,45.7,39.5,41.4,42.7,43.7,44.9,43.7,47.6,53.0,47.9,46.7,49.1,48.5,41.5,39.3,37.4,38.4,37.9,38.5,39.0,40.2,41.0,42.0,43.1,44.2
12:19:52.600,64.2,53.2,57.5,43.3,41.9,48.9,49.8,45.0,45.1,41.9,50.8,50.0,46.4,42.1,45.8,38.7,41.1,42.4,45.0,48.4,41.0,46.5,45.1,52.2,41.7,47.1,42.4,34.4,35.3,36.5,36.9,37.6,38.1,39.1,40.0,40.9,41.9,43.1,44.2
12:19:53.600,65.7,60.9,63.0,50.3,47.3,45.9,49.6,48.6,43.1,45.2,47.5,48.7,39.8,39.2,46.7,38.3,40.0,43.9,48.7,49.0,48.1,55.1,60.4,53.1,53.8,55.9,56.2,48.2,44.8,41.2,42.9,40.0,39.9,39.4,40.3,41.1,42.1,43.2,44.3
12:19:54.600,63.4,49.5,55.5,44.0,43.4,41.5,46.7,47.1,41.4,45.8,50.3,50.8,44.2,41.8,45.4,40.0,42.0,42.0,40.5,36.0,38.5,38.7,35.2,35.0,34.1,34.0,34.0,34.3,35.0,35.5,36.2,37.3,38.0,38.9,40.1,41.0,42.1,43.1,44.2
12:19:55.600,65.3,49.5,55.5,40.9,38.9,45.4,48.4,48.3,43.9,43.9,48.3,50.3,43.5,42.6,47.9,40.6,41.2,42.7,41.5,37.4,36.2,39.7,35.2,34.7,34.1,34.1,34.1,34.3,34.9,35.7,36.2,37.1,38.3,39.0,40.1,40.9,42.0,43.2,44.2
12:19:56.600,63.3,49.8,56.2,44.9,50.5,50.6,45.0,49.6,49.1,45.6,50.9,50.3,43.4,42.4,48.1,41.4,42.2,41.8,44.1,43.6,40.2,41.0,36.7,34.7,35.0,34.0,34.0,34.4,34.9,36.0,36.4,37.1,38.5,39.1,40.2,41.0,42.1,43.2,44.2
12:19:57.600,65.4,49.8,56.2,44.2,47.7,46.7,46.2,46.9,47.4,47.0,49.0,47.1,46.4,46.0,47.0,41.6,42.8,43.6,40.9,40.1,38.4,42.3,35.3,38.5,35.4,35.3,33.6,34.4,34.8,35.8,36.1,37.4,38.0,39.0,39.9,41.0,42.0,43.1,44.3
12:19:58.600,65.1,49.7,56.0,50.3,48.1,49.4,48.0,50.4,46.6,46.0,48.8,49.0,45.8,44.5,46.3,41.2,42.7,43.7,42.0,39.3,38.5,40.5,36.2,35.4,33.8,34.3,33.9,34.6,35.2,35.8,36.6,37.4,38.2,39.1,40.2,41.0,42.0,43.2,44.2
12:19:59.600,67.1,50.0,61.4,41.0,42.0,43.4,43.2,49.2,46.9,46.8,52.2,50.4,44.7,47.3,48.7,44.7,42.9,42.1,39.8,39.3,39.2,40.7,35.5,36.6,36.6,34.1,34.3,34.8,35.0,35.2,36.4,37.2,37.9,39.1,39.9,40.9,41.9,43.2,44.2
12:20:00.600,89.1,71.9,85.2,81.0,75.4,74.5,76.3,76.0,74.4,69.9,67.0,69.6,66.2,70.8,72.3,72.0,75.8,84.1,73.0,63.7,72.2,66.0,67.2,61.6,60.4,58.7,53.1,44.9,37.8,35.7,36.5,37.1,38.2,38.9,40.0,41.0,41.9,43.1,44.4
12:20:01.600,92.6,65.3,88.5,71.6,71.9,75.8,76.0,77.4,80.1,76.8,77.6,79.8,76.4,75.2,72.7,71.3,67.2,66.7,61.1,58.8,57.8,57.2,57.7,55.4,53.9,51.9,47.3,40.8,35.4,35.1,36.1,37.3,37.9,39.0,40.1,41.0,42.1,43.1,44.3
12:20:02.600,102.1,75.3,99.2,84.4,86.1,84.4,85.0,89.9,90.8,88.3,91.8,88.8,93.3,92.5,92.8,85.0,82.4,76.9,72.1,66.6,62.8,62.0,61.3,56.7,58.5,57.4,52.3,45.2,37.2,35.8,36.3,37.3,38.2,39.1,39.8,40.8,42.1,43.0,44.3
12:20:03.600,104.0,81.1,101.6,82.0,84.8,91.4,92.7,89.5,90.8,90.0,93.8,94.3,95.9,95.6,93.2,89.7,86.6,83.5,80.1,78.2,74.6,73.2,72.1,68.4,67.3,67.7,64.4,55.4,44.5,36.6,36.6,37.2,38.0,38.7,40.0,41.0,41.8,43.0,44.3
12:20:04.600,106.1,89.4,104.7,76.8,81.9,86.7,88.6,90.9,94.3,94.3,94.8,96.6,97.5,97.8,97.4,96.2,93.5,93.3,88.4,87.9,83.8,84.2,79.9,79.4,77.8,77.8,74.6,70.2,62.0,53.2,43.4,39.6,38.3,39.1,40.2,41.0,42.0,43.0,44.2
12:20:05.600,109.2,94.8,107.8,82.6,87.6,87.3,88.5,97.4,95.7,94.8,97.9,97.4,99.4,101.0,98.0,98.4,100.1,96.4,95.1,92.5,90.7,91.3,88.7,85.9,84.2,83.2,80.1,76.5,71.3,65.5,58.7,51.0,42.9,39.8,39.9,41.2,42.0,43.0,44.1
12:20:06.600,113.7,101.0,112.5,90.6,89.4,92.2,94.4,99.1,98.4,98.4,98.1,103.3,107.8,105.3,104.7,102.9,101.3,102.1,98.7,97.1,95.3,96.1,95.3,93.7,92.5,91.6,90.3,89.1,88.1,85.9,83.9,80.8,77.5,74.2,70.0,66.1,58.9,52.7,51.3
12:20:07.600,114.9,102.8,113.6,87.5,89.9,94.4,98.2,100.0,101.1,101.7,104.6,103.0,106.5,105.5,104.8,103.9,104.0,102.2,99.9,96.6,95.3,97.6,97.2,95.3,93.9,93.3,90.6,87.8,86.3,83.7,81.4,79.0,76.1,73.8,70.8,67.0,62.1,57.1,51.9
12:20:08.600,114.9,102.2,113.4,86.6,86.5,92.6,100.8,99.8,101.7,102.5,100.5,103.9,105.6,107.3,104.4,103.3,103.1,101.6,100.0,97.5,96.1,97.2,96.4,95.5,94.9,93.1,89.8,87.3,85.3,82.1,80.1,76.3,72.3,66.9,59.3,54.9,56.0,54.1,49.1
12:20:09.600,114.1,98.1,112.2,90.4,95.3,98.1,99.0,101.2,100.3,104.4,104.8,105.9,105.6,104.3,103.0,103.1,101.2,99.5,97.2,94.3,93.0,92.4,92.1,91.1,89.6,87.0,83.5,80.5,77.1,76.0,74.0,70.1,65.2,61.5,56.7,52.7,49.4,46.7,45.4
12:20:10.600,111.4,93.7,109.4,87.5,93.8,95.9,96.0,96.7,97.5,101.4,102.6,100.7,99.5,102.7,100.6,99.1,98.0,92.8,91.3,88.1,89.6,91.2,88.5,84.3,84.1,81.7,78.0,71.3,66.5,61.8,54.9,44.8,40.0,39.3,40.0,40.9,42.0,43.2,44.1
12:20:11.600,110.8,94.1,108.9,89.7,87.1,94.3,93.3,93.5,99.4,100.9,101.7,98.5,102.4,103.3,100.3,99.0,94.4,94.2,89.3,89.4,91.0,90.8,90.0,86.1,85.8,81.6,77.5,76.3,70.8,65.8,59.1,51.0,47.0,42.6,40.3,41.1,42.1,43.1,44.2
12:20:12.600,113.2,97.1,110.9,92.2,89.7,95.9,99.4,98.5,102.7,102.6,101.7,104.5,105.7,104.5,101.5,98.5,96.4,92.4,90.8,93.5,93.0,93.5,90.6,89.7,88.4,85.2,82.1,78.4,74.3,70.2,65.3,59.0,50.3,45.0,41.2,41.2,42.0,43.0,44.3
12:20:13.600,115.3,103.9,113.8,87.0,89.2,90.1,97.6,98.2,104.3,101.4,104.5,107.6,108.6,105.1,102.5,100.9,96.1,99.5,102.4,102.4,100.5,98.1,96.9,97.3,95.0,94.2,92.2,91.3,90.1,88.2,86.4,83.3,79.7,76.8,73.4,70.3,67.3,65.5,63.7
12:20:14.600,114.8,102.7,113.3,91.1,94.4,96.0,99.4,98.9,99.1,102.7,105.3,108.3,105.4,105.1,98.9,95.3,99.0,102.2,102.3,101.0,97.5,96.2,95.5,94.2,94.1,92.7,91.5,88.8,86.8,83.1,80.1,77.2,73.5,71.0,67.9,65.0,60.1,56.0,52.8
12:20:15.600,114.3,100.3,112.7,90.1,94.6,92.7,92.2,95.4,101.6,106.2,103.1,106.5,107.1,102.4,96.8,101.2,101.5,103.4,99.7,95.5,97.2,94.7,94.1,92.3,90.0,87.0,84.2,81.8,78.9,76.3,71.2,66.8,62.4,57.0,52.7,49.6,47.4,46.8,46.8
12:20:16.600,113.4,101.5,111.8,87.4,88.9,92.4,96.3,99.5,101.2,101.8,102.2,100.3,100.0,93.0,98.0,100.8,103.0,103.1,98.5,98.6,100.1,95.8,94.8,93.9,91.4,90.2,87.3,85.5,82.9,81.5,79.9,75.8,69.9,64.8,59.0,54.8,49.8,46.1,44.8
12:20:17.600,113.8,102.6,112.7,88.3,94.0,97.4,99.2,98.5,102.4,101.9,104.0,103.4,101.5,96.3,101.1,105.9,106.9,103.9,96.2,101.2,97.3,99.8,96.4,94.4,92.9,92.9,92.1,90.3,88.8,86.8,84.9,82.0,78.2,74.8,71.1,67.4,63.2,60.1,56.8
12:20:18.600,114.4,101.0,112.7,89.1,93.5,98.5,100.6,103.0,104.0,104.4,103.1,103.7,97.5,93.8,103.3,105.8,108.1,100.6,97.6,100.2,97.4,95.3,93.9,93.2,91.2,90.5,88.8,85.6,82.8,79.6,75.5,69.5,64.7,59.2,54.3,50.2,46.5,45.3,45.2
12:20:19.600,114.9,101.2,112.9,84.5,93.5,100.2,102.1,98.8,102.3,106.9,105.7,102.9,98.3,98.7,103.7,105.3,105.7,95.0,100.4,99.2,97.8,94.8,94.7,92.6,92.4,91.0,88.8,87.3,85.9,83.6,80.6,76.9,72.3,68.0,62.5,55.7,48.8,45.0,44.6
12:20:20.600,116.4,103.8,114.5,84.5,91.4,94.7,98.2,102.5,105.5,105.8,106.8,100.9,99.5,103.1,106.7,108.7,102.1,98.4,104.1,98.8,100.7,99.3,98.2,96.6,94.4,93.3,91.7,90.0,89.2,86.9,83.6,80.8,77.1,72.3,66.9,60.3,53.2,48.7,46.5
12:20:21.600,116.9,103.5,114.5,95.5,99.8,98.9,100.2,103.6,109.2,108.7,106.0,98.3,93.7,102.7,107.9,108.0,100.5,100.2,103.1,98.9,98.3,97.8,97.1,95.6,94.4,92.9,91.8,90.2,88.1,84.7,82.5,79.9,76.3,72.8,69.2,65.8,61.9,58.2,54.4
12:20:22.600,116.6,103.5,114.9,93.5,96.9,96.6,101.8,105.2,103.7,107.5,104.0,97.1,102.8,105.6,110.9,103.8,97.4,104.5,98.5,101.2,99.7,97.3,95.9,95.1,93.5,92.6,91.2,89.0,87.3,85.0,82.8,80.1,76.8,73.7,69.8,65.5,61.6,58.5,55.4
12:20:23.600,116.6,103.0,114.5,92.7,94.7,101.7,104.3,103.5,107.9,105.7,102.3,97.1,104.1,107.4,108.3,104.2,100.6,105.7,99.0,100.7,98.7,97.6,97.3,95.4,93.8,92.1,90.6,87.3,85.1,83.3,81.5,78.8,75.3,72.3,70.0,66.3,61.5,57.9,54.9
12:20:24.600,115.8,99.9,113.6,96.2,99.2,102.1,100.3,104.0,104.1,105.4,101.6,97.2,103.5,106.5,107.6,100.0,101.7,102.4,97.8,97.8,95.4,94.3,92.5,91.5,90.1,88.3,87.2,85.3,83.2,81.0,78.4,73.0,67.5,61.9,57.5,52.6,48.9,46.4,45.7
12:20:25.600,117.8,101.1,114.0,99.1,101.2,108.0,113.1,110.1,106.4,106.6,101.2,96.5,107.9,108.1,105.9,98.1,102.9,100.0,99.8,97.1,97.5,96.0,95.5,93.9,92.0,91.1,88.6,86.8,86.1,84.0,82.1,78.6,74.7,72.1,68.5,65.2,61.2,57.2,53.1
12:20:26.600,115.2,100.3,112.1,100.8,102.9,105.2,104.3,107.8,105.6,103.4,96.2,99.8,105.7,103.9,104.4,96.5,102.1,95.9,99.9,97.5,95.9,95.5,94.7,93.5,91.3,89.4,87.2,85.1,83.2,80.3,77.0,72.6,68.1,64.6,59.7,53.0,46.9,44.3,44.5
12:20:27.600,116.4,99.3,113.0,100.9,101.9,101.3,103.5,106.3,106.0,103.5,98.7,102.0,108.3,106.0,100.0,98.2,103.6,97.2,98.2,96.8,94.6,94.0,92.2,90.6,89.5,88.5,86.2,84.4,81.8,79.3,77.3,74.6,70.7,67.7,64.2,61.1,57.2,53.8,50.8
12:20:28.600,115.6,99.2,112.9,96.6,101.1,105.7,103.0,103.7,104.1,101.7,93.1,102.2,108.8,108.2,98.7,102.5,101.9,100.2,97.5,97.8,95.7,95.3,93.4,91.6,89.7,87.5,86.1,85.1,83.4,80.3,78.0,75.3,72.1,68.8,65.3,61.4,57.0,53.4,49.8
12:20:29.600,114.4,97.7,111.0,101.2,100.7,99.9,103.1,100.8,98.0,96.2,97.4,103.2,107.4,105.5,97.6,99.7,97.2,98.8,94.1,94.1,93.5,92.4,90.2,89.0,87.9,86.8,86.2,84.8,83.1,81.1,78.4,74.7,70.1,65.3,59.1,52.0,46.0,43.8,44.1
12:20:30.600,115.4,99.4,112.5,99.3,100.9,105.8,107.8,104.6,102.7,94.7,98.9,105.1,109.0,105.2,96.3,103.5,99.1,100.7,97.0,95.1,95.2,95.0,93.6,92.7,91.0,89.3,86.7,85.3,82.6,79.3,76.0,71.8,68.1,64.6,59.9,55.2,48.6,44.9,44.5
12:20:31.600,115.7,100.2,112.5,95.6,100.7,106.3,107.2,106.0,99.4,92.1,104.6,106.7,105.6,103.2,96.1,100.9,96.7,98.7,98.6,96.7,95.6,94.1,93.3,91.9,91.2,89.5,88.7,86.5,85.2,81.8,78.3,74.2,69.8,65.1,60.3,55.2,49.8,46.0,44.7
12:20:32.600,114.9,100.2,112.8,97.3,98.8,99.8,103.1,103.4,96.8,97.2,106.0,106.5,106.9,101.2,101.8,104.7,98.5,99.4,100.4,97.1,97.0,94.6,94.2,92.5,91.1,88.8,87.0,84.7,83.6,83.1,80.9,76.7,72.4,69.3,64.8,60.1,56.2,53.4,50.7
12:20:33.600,116.3,100.0,112.5,102.0,104.1,108.5,104.9,104.2,100.0,95.5,103.6,106.7,108.3,102.6,101.4,103.0,100.0,98.4,97.8,98.3,95.7,95.3,94.9,93.3,91.6,89.8,88.3,88.0,86.0,82.3,80.2,76.6,74.3,71.8,67.6,64.0,60.4,57.6,54.8
12:20:34.600,114.4,97.2,111.6,98.4,102.2,103.5,103.5,104.4,94.9,96.0,104.2,107.6,106.9,98.8,100.3,101.1,99.0,97.0,96.3,95.3,94.4,93.2,91.4,89.7,87.3,85.9,84.1,81.6,80.2,77.5,73.9,70.7,65.2,59.5,52.4,46.7,43.0,43.2,44.1
12:20:35.600,113.3,94.1,109.4,100.3,102.9,105.8,104.6,98.4,90.7,99.8,106.4,103.2,102.6,99.3,101.2,96.6,96.7,92.9,92.9,92.2,91.2,88.6,88.0,88.0,84.9,82.3,81.3,79.0,76.8,74.3,69.0,63.5,57.6,51.6,45.8,42.4,42.2,43.1,44.2
12:20:36.600,112.6,95.9,110.1,96.9,97.2,97.7,98.7,96.1,91.4,101.4,103.5,104.3,102.7,94.7,101.7,97.6,97.9,97.1,94.6,94.7,94.1,90.7,88.9,87.3,85.7,84.4,82.2,79.5,77.5,75.0,71.1,66.1,60.1,54.1,46.5,42.2,42.2,43.0,44.1
12:20:37.600,113.1,94.3,109.3,98.2,101.8,100.9,101.0,97.4,89.1,96.0,102.4,104.1,103.0,95.7,99.7,92.4,96.2,94.4,93.6,93.2,91.2,89.5,87.5,85.6,82.9,80.9,78.3,76.1,73.9,70.8,67.3,61.8,55.6,49.8,43.4,41.4,42.0,43.1,44.2
12:20:38.600,112.4,93.4,108.3,94.3,103.2,105.7,102.6,95.6,88.1,99.1,102.1,103.5,100.5,96.0,100.2,92.6,94.8,94.7,91.3,91.8,89.6,88.0,86.7,86.2,83.3,82.2,82.0,80.6,78.7,75.9,71.9,66.9,61.9,55.8,48.3,42.3,42.0,43.2,44.3
12:20:39.600,112.4,92.7,107.8,102.3,102.4,104.0,101.7,98.4,89.8,97.6,102.8,103.3,99.3,94.5,100.2,94.7,97.9,94.0,92.4,93.1,89.2,86.9,85.2,84.0,82.0,79.7,76.4,74.2,72.1,69.3,64.4,59.6,51.4,44.2,40.8,41.2,42.3,43.2,44.3
12:20:40.600,112.1,92.7,107.8,103.0,104.0,101.2,99.2,94.5,93.3,98.6,103.4,102.6,96.7,95.9,99.4,91.8,93.9,92.4,92.7,92.1,89.1,88.1,86.0,83.6,81.6,79.0,76.2,71.8,67.2,64.2,58.9,54.2,47.8,42.4,40.9,41.2,42.0,43.1,44.2
12:20:41.600,110.4,90.8,106.7,95.2,100.2,99.9,98.0,92.4,90.5,97.4,104.2,101.3,95.3,95.2,97.2,91.5,93.2,93.9,91.4,89.4,87.2,86.3,84.3,81.2,79.6,77.3,75.2,72.0,68.9,64.5,59.8,53.3,45.2,40.3,40.1,40.9,41.9,43.1,44.3
12:20:42.600,110.5,91.8,106.9,98.9,95.1,96.0,93.2,88.4,86.6,97.3,102.7,100.7,94.9,95.4,97.8,94.7,93.1,93.4,92.6,89.1,87.9,86.1,84.4,82.5,80.2,77.8,75.6,73.1,70.0,66.6,62.3,57.6,52.4,47.8,43.1,41.5,42.0,43.0,44.1
12:20:43.600,109.8,90.3,106.5,97.8,98.4,98.4,95.3,83.2,90.2,101.4,103.2,102.4,94.6,97.9,98.4,96.2,92.8,92.2,91.2,89.4,87.2,86.1,84.1,81.6,78.5,76.1,73.9,70.2,67.8,63.2,57.3,49.7,41.6,39.6,39.9,41.1,42.0,43.0,44.3
12:20:44.600,107.2,87.7,104.0,94.1,93.9,97.7,94.3,86.8,86.0,97.7,100.3,97.4,88.7,96.1,94.1,93.0,90.4,92.1,88.7,87.0,86.0,84.4,81.2,79.3,75.8,71.8,69.3,65.1,60.3,52.9,45.1,39.2,38.1,39.0,40.1,40.9,42.0,43.1,44.2
12:20:45.600,105.5,87.5,103.2,92.0,90.8,85.6,83.8,83.0,88.4,95.4,98.2,99.9,90.6,93.9,92.0,94.0,90.4,89.4,88.3,87.6,84.8,82.4,80.8,77.4,75.4,71.6,67.8,62.6,58.3,52.9,45.8,39.5,38.4,39.2,40.0,40.9,41.8,43.2,44.5
12:20:46.600,104.9,84.7,101.9,90.5,93.9,94.4,91.7,84.7,91.0,95.6,98.6,98.3,85.5,93.4,88.0,92.5,88.2,87.1,85.0,85.2,83.2,80.1,77.1,75.5,72.0,68.4,61.9,56.2,50.4,43.8,37.5,37.2,38.2,38.9,40.0,41.0,42.1,43.0,44.1
12:20:47.600,106.3,83.4,103.3,90.0,94.2,90.2,86.4,81.1,80.4,98.6,102.9,97.4,89.3,92.9,90.8,92.0,87.9,85.6,85.9,84.2,80.8,79.2,75.3,71.8,67.6,64.0,61.0,54.9,49.6,41.9,38.0,37.2,38.0,39.1,39.8,41.0,41.9,43.2,44.3
12:20:48.600,104.3,84.9,101.3,93.2,91.5,92.5,88.9,80.1,90.0,94.2,96.6,94.5,90.7,96.7,89.6,92.5,88.4,86.8,85.6,85.2,83.5,82.3,79.1,75.1,73.0,69.4,64.2,58.5,55.1,48.2,41.4,38.2,38.5,38.9,39.9,40.9,41.8,43.0,44.0
12:20:49.600,104.5,83.1,101.1,91.4,90.4,92.3,90.2,82.8,90.3,96.1,96.3,94.6,89.3,96.5,88.5,87.1,89.7,85.3,85.6,83.1,81.5,79.2,76.9,72.6,69.8,66.5,61.7,56.6,51.0,43.3,38.1,37.6,38.1,39.1,40.0,41.1,42.0,43.1,44.2
12:20:50.600,102.5,81.2,98.6,94.1,90.5,83.5,83.5,80.0,80.5,90.2,91.8,91.7,84.6,92.8,85.4,90.0,86.4,87.0,84.6,80.7,78.1,74.9,71.9,69.1,65.1,61.6,54.9,47.5,41.0,37.0,36.4,37.2,38.2,39.1,39.7,40.9,41.9,43.0,44.2
12:20:51.600,103.2,81.5,99.5,90.7,89.4,85.2,82.0,81.2,87.8,95.0,96.4,90.6,87.8,92.5,85.8,89.1,87.3,85.8,83.0,82.1,78.5,75.8,72.5,69.7,65.3,61.6,54.9,45.5,37.6,35.6,36.2,37.4,38.1,39.0,40.2,41.0,42.0,43.1,44.2
12:20:52.600,102.9,79.5,99.4,91.5,89.4,85.6,85.2,80.5,90.6,94.9,96.5,89.0,83.7,90.2,88.2,89.0,85.0,85.7,80.9,78.1,77.0,73.1,68.9,65.3,60.4,56.9,49.7,40.8,35.6,35.7,36.3,37.4,38.3,39.0,40.0,40.8,41.9,43.1,44.2
12:20:53.600,103.6,78.7,99.3,89.4,89.3,91.2,88.2,81.8,88.7,96.2,98.1,92.3,86.7,89.8,86.8,89.7,86.7,81.5,82.3,79.1,76.6,72.6,69.9,65.6,61.1,57.4,50.7,43.3,37.2,36.0,36.6,37.2,38.3,39.3,40.1,40.8,42.1,43.2,44.2
12:20:54.600,101.9,78.7,98.7,87.3,87.3,83.3,81.0,79.1,86.6,92.8,95.8,91.6,90.5,93.3,86.4,87.4,85.5,80.1,81.4,79.0,77.0,72.7,66.8,60.9,57.7,53.6,47.2,38.8,35.4,35.6,36.4,37.4,38.3,39.2,39.9,40.8,41.9,43.1,44.1
12:20:55.600,101.7,77.0,98.0,90.6,91.5,88.4,82.3,80.2,86.1,93.2,95.9,90.7,85.5,91.5,84.4,85.3,83.9,81.0,79.0,75.2,73.5,71.1,67.5,62.6,59.4,54.9,49.3,40.3,35.0,35.6,36.1,37.1,38.1,39.0,40.1,40.9,41.8,43.2,44.2
12:20:56.600,100.9,75.4,97.2,88.4,86.4,85.0,80.8,79.3,89.2,92.7,94.2,89.8,87.6,91.2,83.0,85.1,82.2,81.0,78.0,75.3,71.7,67.2,63.5,59.4,56.0,51.2,48.8,40.1,35.5,35.6,36.3,37.3,38.2,39.1,40.0,41.2,42.1,43.1,44.2
12:20:57.600,99.9,74.1,95.5,89.5,86.6,80.7,80.0,81.0,87.2,88.7,94.4,89.2,83.4,86.6,82.2,85.1,80.7,78.3,76.2,74.2,72.1,69.1,63.7,60.2,54.2,51.8,45.7,39.6,35.4,35.6,35.9,37.3,38.2,39.0,40.0,40.9,41.8,43.0,44.3
12:20:58.600,101.4,73.3,95.4,91.8,90.0,89.9,83.5,75.6,90.3,91.6,88.2,85.2,84.5,84.9,83.5,83.4,81.0,77.7,73.9,72.0,69.8,66.2,62.6,58.8,55.1,53.1,46.2,39.5,35.6,35.9,36.5,37.4,38.2,39.0,39.9,40.8,42.1,43.1,44.3
12:20:59.600,99.6,72.5,94.7,80.5,85.8,89.9,85.5,83.2,88.0,93.1,93.1,86.6,85.3,86.3,81.2,82.6,80.1,77.4,74.3,72.1,70.4,65.3,62.6,59.3,56.5,54.8,49.6,40.8,35.5,36.2,36.6,36.7,37.9,39.1,40.1,41.1,42.0,43.2,44.3
12:21:00.600,101.2,72.9,96.0,86.9,87.0,85.9,77.2,79.4,91.5,93.1,91.9,89.8,84.9,88.5,80.6,83.6,80.8,79.1,75.0,71.4,69.1,64.3,60.3,57.9,55.9,55.1,49.9,42.2,35.5,35.5,36.5,37.1,38.1,39.1,40.0,41.1,42.1,43.0,44.3
12:21:01.600,99.0,73.1,94.2,91.0,86.9,85.7,84.4,81.3,90.2,89.9,91.2,87.6,80.1,86.2,82.7,83.4,80.9,78.0,76.7,74.1,71.1,67.4,61.5,59.1,56.9,54.2,49.8,42.5,36.1,35.5,36.6,37.3,38.2,38.9,40.0,41.1,41.8,43.2,44.3
12:21:02.600,100.0,71.2,94.4,90.9,89.9,89.1,82.9,74.8,89.3,93.5,91.0,86.7,81.7,86.0,81.2,77.7,77.9,77.3,73.6,70.2,65.3,60.6,57.5,55.9,56.1,53.6,49.3,43.3,35.8,35.8,36.5,36.9,38.3,39.0,39.8,40.9,42.0,43.1,44.2
12:21:03.600,99.5,71.6,94.1,85.1,85.3,85.6,84.2,75.7,87.2,92.0,91.0,83.6,83.4,86.5,83.4,80.5,79.9,76.5,72.1,69.9,66.9,63.5,59.3,57.7,55.2,53.1,49.7,42.4,35.4,36.0,36.5,37.3,38.3,39.1,39.9,41.0,42.0,43.1,44.3
12:21:04.600,99.2,71.6,93.7,89.1,93.2,89.8,82.1,79.7,89.0,92.1,91.9,82.3,81.9,84.7,81.4,80.3,80.1,75.4,74.3,71.8,68.0,64.3,59.2,58.2,54.7,51.8,47.1,40.5,35.2,35.5,36.1,37.0,38.1,38.9,39.9,40.8,42.0,43.0,44.3
12:21:05.600,101.2,72.3,95.3,87.2,90.6,92.2,82.9,81.5,91.0,93.0,93.0,87.0,86.1,85.5,84.9,84.1,80.6,78.4,74.0,70.5,67.3,63.2,59.0,57.0,54.6,50.1,46.4,38.8,35.5,36.1,36.4,37.2,38.0,39.1,40.0,40.9,42.1,43.2,44.2
12:21:06.600,101.8,70.1,94.0,94.7,91.5,84.7,81.3,82.1,88.0,91.8,89.8,84.1,83.1,82.7,80.8,80.4,77.9,74.0,69.6,66.8,62.8,59.4,56.0,54.2,50.2,48.6,44.6,37.3,35.0,35.4,36.2,37.2,38.0,38.9,40.0,41.0,41.8,43.0,44.3
12:21:07.600,102.6,70.1,93.9,91.8,92.9,93.7,89.8,82.9,93.0,92.8,86.7,80.8,83.6,84.0,80.3,79.4,76.0,76.0,73.1,68.6,62.5,59.4,54.7,52.7,47.4,47.7,44.5,37.4,35.3,35.9,36.2,37.1,38.0,38.8,40.0,40.9,42.2,43.1,44.2
12:21:08.600,100.4,69.8,93.9,85.0,82.3,85.2,82.2,77.7,90.7,91.5,91.7,84.5,83.4,84.5,80.4,78.9,79.2,74.9,69.3,67.1,62.2,59.5,54.2,51.4,49.8,48.8,44.6,39.6,35.4,35.8,36.4,37.1,38.1,39.0,40.0,40.7,41.9,43.1,44.2
12:21:09.600,100.1,68.3,93.6,88.0,86.8,82.0,79.7,77.9,87.8,92.7,89.8,82.0,83.1,87.0,81.5,77.7,77.6,74.4,69.3,65.5,62.6,58.6,54.5,49.9,50.2,49.6,45.6,39.4,35.4,35.8,36.7,37.2,38.2,39.0,39.9,41.0,42.2,43.2,44.2
12:21:10.600,98.9,67.8,91.6,87.0,85.9,86.5,80.4,78.0,80.6,86.7,90.9,83.4,84.1,82.7,79.7,78.0,75.7,73.8,68.7,65.3,60.7,56.8,52.6,48.9,50.4,48.7,44.8,38.9,35.1,35.7,36.4,37.2,38.0,39.1,39.9,41.1,42.1,43.0,44.2
12:21:11.600,99.4,65.9,90.3,91.1,87.6,83.6,80.2,77.7,85.5,87.3,86.8,80.9,84.2,82.4,78.7,75.8,75.0,70.8,67.5,62.0,58.3,53.9,51.2,48.1,48.2,51.1,44.2,38.8,35.6,35.4,36.6,37.2,38.0,39.2,40.1,40.9,41.9,43.0,44.3
12:21:12.600,97.4,67.2,90.9,84.3,82.3,79.6,79.8,73.6,81.1,82.6,89.8,81.7,82.4,83.3,81.2,78.4,76.9,72.5,67.6,64.9,58.9,53.9,50.9,47.8,47.1,51.5,43.2,37.7,35.0,35.7,36.6,37.2,38.1,39.0,40.0,40.8,41.9,43.1,44.2
12:21:13.600,98.6,65.7,90.8,91.0,88.1,82.5,80.9,80.6,86.3,87.9,89.6,80.1,80.9,81.1,77.9,73.9,72.9,70.3,66.9,62.0,58.2,53.0,51.5,49.5,47.4,51.2,44.9,37.8,35.5,35.5,36.5,37.2,38.0,39.0,40.1,41.0,42.1,43.2,44.2
12:21:14.600,98.9,65.3,90.7,90.7,87.9,82.5,77.3,74.2,83.4,89.7,88.0,79.7,79.4,82.4,76.8,75.7,75.2,69.7,66.4,60.5,56.8,52.9,51.9,50.1,49.2,53.1,47.2,39.8,35.7,35.7,36.5,37.4,37.9,39.2,40.1,41.1,42.0,43.0,44.3
12:21:15.600,98.3,64.8,90.4,87.9,85.7,84.9,83.4,78.1,86.0,85.0,87.6,82.3,80.1,81.1,76.8,74.7,72.5,68.8,64.8,60.1,56.4,54.0,52.7,49.5,49.8,53.5,47.5,41.3,35.6,35.7,36.4,37.5,38.2,38.8,40.0,41.0,42.1,43.1,44.2
12:21:16.600,95.5,64.4,89.4,84.6,84.4,79.9,78.3,79.0,83.1,86.1,88.8,79.2,82.5,78.8,74.1,72.6,71.6,67.5,64.1,60.8,56.4,52.9,52.3,50.1,49.1,55.2,51.3,44.6,36.1,35.7,36.3,37.3,38.1,39.0,40.0,41.1,42.2,43.2,44.1
12:21:17.600,97.6,64.9,89.2,88.3,87.2,85.5,78.2,78.3,82.9,86.7,84.5,76.4,81.9,80.9,76.3,73.4,72.2,68.4,64.9,60.3,54.6,52.7,53.0,52.0,48.7,53.8,49.4,43.6,35.3,35.6,36.5,37.4,38.1,39.2,40.0,41.1,42.0,43.0,44.2
12:21:18.600,97.1,64.8,89.4,88.1,85.2,83.6,79.5,74.9,84.3,88.1,84.2,77.5,80.8,79.9,78.5,74.0,72.7,68.3,64.1,60.0,56.5,53.2,53.5,56.2,50.1,51.2,47.2,41.8,35.4,35.7,36.9,37.4,38.3,39.1,40.3,41.1,42.1,43.1,44.2
12:21:19.600,95.1,64.7,87.9,86.8,81.9,78.6,73.2,77.7,84.5,85.0,85.2,81.4,79.2,77.3,73.2,72.4,72.0,69.5,64.4,59.0,56.0,53.9,55.4,55.4,51.7,50.0,44.4,41.4,35.3,35.6,36.2,37.5,38.3,39.1,39.9,40.9,42.2,43.2,44.2
12:21:20.600,97.9,64.5,88.2,88.5,88.9,86.2,76.9,76.3,82.4,82.0,88.0,79.3,79.6,75.3,75.2,74.3,72.6,69.1,65.0,62.1,54.3,53.8,56.6,54.8,51.5,51.2,45.5,39.0,35.5,36.0,36.7,37.1,38.0,39.1,40.0,40.9,42.1,43.0,44.3
12:21:21.600,95.8,63.2,86.6,85.5,84.6,77.7,74.7,75.8,83.3,86.2,81.8,77.5,77.8,77.5,74.8,72.3,69.4,66.6,60.6,59.1,54.7,53.2,56.3,54.2,49.4,52.0,46.6,38.2,35.4,35.7,36.8,37.3,38.1,39.1,40.0,40.9,42.0,43.1,44.3
12:21:22.600,96.2,62.5,87.7,88.9,84.6,77.9,74.1,75.8,84.4,86.1,84.8,77.0,78.6,76.6,71.9,72.3,70.3,66.8,62.6,57.0,53.9,52.4,53.6,51.0,48.4,51.4,47.3,37.1,35.5,35.8,36.3,37.0,38.3,39.3,39.9,40.9,42.0,43.0,44.3
12:21:23.600,96.8,63.4,87.5,87.9,85.9,80.6,74.4,77.3,82.8,84.9,82.5,77.0,77.9,80.2,74.8,71.8,71.6,67.7,63.8,59.0,54.8,50.3,55.3,51.5,51.4,50.2,46.3,39.1,36.0,35.7,36.8,37.3,38.1,38.9,39.9,41.0,42.0,43.0,44.3
12:21:24.600,94.8,62.3,86.3,84.0,82.2,79.3,76.9,78.1,83.3,84.8,84.4,73.7,75.4,76.6,73.1,69.6,67.7,64.1,60.4,56.4,52.4,50.3,54.2,54.6,54.4,52.1,44.1,38.2,34.9,35.4,36.2,37.3,38.2,39.3,39.9,40.9,41.8,43.1,44.2
12:21:25.600,93.9,62.1,85.3,83.1,83.9,79.8,76.5,75.8,78.1,84.8,83.7,75.0,73.4,74.4,70.3,70.0,66.9,62.3,58.3,56.1,50.7,49.3,54.8,56.7,53.8,51.9,43.0,37.9,35.7,36.2,36.2,37.6,38.0,39.0,39.9,41.0,42.1,43.1,44.3
12:21:26.600,93.0,62.3,85.2,81.3,78.0,78.7,73.7,73.0,80.7,83.8,79.2,76.5,74.5,76.2,71.6,69.1,68.6,64.1,58.2,55.1,50.4,48.7,54.8,59.2,53.1,49.6,44.0,36.9,35.7,35.7,36.2,37.3,38.2,39.1,40.1,41.0,42.0,43.1,44.4
12:21:27.600,90.8,62.2,84.4,76.9,77.0,77.4,76.6,77.8,79.8,81.0,82.2,77.5,76.9,75.8,74.4,68.0,68.0,64.2,59.3,54.1,52.3,49.9,54.3,57.6,52.1,48.7,44.4,38.9,35.3,35.7,36.8,37.5,38.0,39.2,39.9,40.8,42.0,43.1,44.3
12:21:28.600,92.3,61.6,84.5,77.3,76.0,77.8,76.1,74.6,79.6,80.1,82.9,74.8,77.2,75.4,68.5,66.7,65.5,62.2,59.2,55.5,50.9,51.3,53.1,56.4,52.3,53.1,46.4,40.0,35.6,35.3,36.4,37.2,37.7,39.0,40.1,41.0,42.0,42.9,44.0
12:21:29.600,92.7,61.7,84.2,82.9,79.9,77.8,72.0,75.7,83.9,83.3,80.4,74.1,74.5,73.6,70.1,66.9,65.3,58.8,57.6,53.3,51.2,52.1,52.5,55.7,54.2,54.4,48.5,40.8,36.0,35.5,36.8,37.3,38.2,39.2,39.9,40.9,42.0,43.1,44.2
12:21:30.600,93.9,61.7,82.9,83.4,80.4,76.9,71.4,73.4,78.2,79.8,78.8,73.3,75.0,73.7,68.8,66.2,63.9,61.4,57.0,52.1,52.2,52.8,54.2,56.2,53.3,54.9,49.8,40.7,35.5,36.1,36.3,37.8,38.3,39.3,40.0,40.8,42.0,43.1,44.2
12:21:31.600,90.3,61.3,81.7,79.8,75.3,74.4,72.4,71.5,75.7,80.0,80.3,69.2,72.9,70.9,67.3,64.0,61.8,59.6,55.0,53.0,52.1,53.1,52.9,56.0,53.7,52.8,49.2,41.9,36.0,36.0,36.2,37.2,38.3,39.0,39.9,40.9,41.9,43.1,44.2
12:21:32.600,92.6,61.5,84.2,83.3,80.0,71.6,70.0,71.5,81.1,80.6,83.9,74.0,74.4,72.6,68.5,68.4,64.1,60.2,56.7,53.0,51.8,54.0,52.6,55.1,53.5,51.8,51.2,41.8,37.0,35.6,36.2,37.5,38.2,38.9,39.7,40.9,41.9,43.1,44.2
12:21:33.600,92.3,60.9,81.4,81.2,78.4,77.4,71.7,71.5,76.9,79.1,75.9,71.4,71.4,71.0,67.8,64.8,61.7,58.9,54.7,51.5,52.9,54.1,51.6,55.5,52.5,52.1,50.4,42.0,36.4,35.5,36.6,37.2,38.2,38.9,40.0,41.0,42.0,43.1,44.2
12:21:34.600,91.5,60.2,81.3,84.1,84.4,76.9,68.0,72.4,78.5,77.0,77.0,73.3,73.5,70.7,67.5,66.2,63.0,59.1,55.4,53.4,51.5,53.9,52.7,53.8,52.7,51.3,47.2,39.9,35.4,35.8,36.5,37.3,38.1,39.2,40.1,41.1,42.0,43.1,44.2
12:21:35.600,89.8,59.6,82.8,78.5,76.8,79.8,76.0,71.1,82.0,80.3,79.4,72.1,73.5,71.4,67.6,64.4,62.2,60.5,56.1,51.4,51.0,51.7,50.7,54.9,51.9,48.7,44.2,38.4,35.3,35.5,36.3,37.3,38.1,39.0,40.0,41.0,42.1,43.0,44.4
12:21:36.600,89.3,59.9,82.3,77.2,76.5,75.6,75.7,75.8,78.2,76.6,81.3,74.9,73.4,71.6,71.2,65.4,64.6,62.2,56.3,52.3,50.4,49.4,50.3,56.1,50.7,48.3,44.0,39.3,35.8,35.8,36.6,37.1,38.2,39.0,40.0,40.7,41.9,42.9,44.3
12:21:37.600,90.1,59.3,84.2,80.2,75.2,77.0,76.7,68.3,73.3,82.4,82.2,73.8,73.9,72.0,71.6,66.9,64.6,60.6,53.8,50.8,49.9,48.2,50.1,52.9,48.9,48.6,42.9,40.9,35.8,35.9,36.5,37.5,38.0,39.0,40.0,40.9,42.0,43.0,44.2
12:21:38.600,87.2,58.5,80.9,74.1,75.5,74.0,76.6,74.1,73.1,77.1,78.2,71.1,72.1,74.1,68.2,65.0,64.4,59.1,55.2,51.4,48.1,46.0,50.3,51.5,50.9,46.8,43.1,40.2,35.7,35.7,36.6,37.0,37.9,38.9,40.1,40.9,42.1,43.2,44.2
12:21:39.600,90.4,58.4,80.3,82.4,82.9,79.7,70.6,72.2,73.1,75.3,76.7,72.7,72.5,72.9,69.4,68.0,61.5,58.8,54.0,50.0,47.5,47.6,51.8,49.8,51.4,46.8,45.0,39.0,34.9,35.9,36.2,37.1,38.2,39.0,40.0,40.9,41.8,43.2,44.2
12:21:40.600,89.7,57.7,78.5,84.9,84.3,77.3,68.1,70.9,74.7,73.0,73.7,69.7,68.9,66.6,63.7,62.1,60.8,57.8,54.3,49.9,48.7,48.3,50.5,50.6,51.1,47.4,45.1,38.0,35.2,35.5,36.4,37.3,38.3,39.0,40.0,40.7,42.0,43.1,44.2
12:21:41.600,89.0,57.1,78.5,81.2,80.2,76.8,74.8,71.6,71.7,76.8,77.2,65.5,67.4,68.9,63.6,61.3,59.0,56.4,53.8,51.9,48.4,47.1,49.8,51.3,49.1,45.0,44.2,38.7,35.5,35.7,36.7,37.4,38.0,39.0,40.0,41.1,42.1,43.1,44.2
12:21:42.600,88.7,57.2,78.9,81.2,77.3,76.2,74.1,70.1,71.3,77.7,77.3,73.1,70.4,70.1,64.2,62.1,59.2,56.4,52.5,51.3,48.9,48.7,49.4,51.8,48.1,46.1,44.2,38.2,35.1,35.5,36.7,37.2,37.8,39.1,40.1,40.8,42.0,43.1,44.2
12:21:43.600,88.6,62.5,79.9,81.9,78.3,73.8,73.4,71.9,77.2,78.4,77.4,70.1,70.5,70.1,63.2,62.4,60.0,56.0,53.5,49.2,52.5,52.8,52.7,52.0,48.9,48.0,46.8,41.8,38.7,38.0,37.2,37.2,37.9,39.1,40.0,41.1,42.1,43.2,44.3
12:21:44.600,89.2,58.9,79.1,74.6,78.5,73.5,71.7,68.8,72.1,74.4,77.3,69.0,73.9,71.4,65.1,61.4,61.9,56.8,53.2,51.2,50.9,51.6,51.9,53.0,49.2,47.7,46.0,45.9,44.5,41.3,38.3,37.4,38.2,39.1,40.0,41.0,42.1,43.2,44.3
12:21:45.600,90.6,59.0,79.6,71.1,75.7,77.0,72.4,70.5,77.4,78.1,77.4,70.3,68.3,69.9,65.9,63.4,60.0,57.4,52.9,49.5,48.4,52.9,52.0,52.7,51.6,49.6,45.8,39.3,35.0,35.6,36.2,37.1,38.1,39.1,40.0,41.0,42.0,43.1,44.3
12:21:46.600,89.2,60.2,79.1,79.2,76.5,74.5,67.6,65.5,74.3,79.6,76.8,69.5,70.7,67.4,67.4,63.3,62.1,57.3,52.8,50.2,49.3,52.9,52.4,53.3,52.6,53.3,47.2,39.2,35.2,35.8,36.5,37.4,38.1,39.1,39.8,41.0,41.8,43.0,44.2
12:21:47.600,88.5,62.0,78.5,78.9,75.1,73.7,71.2,66.8,68.4,73.8,76.7,69.9,67.4,68.7,64.3,63.4,61.0,55.6,52.6,48.6,51.1,53.8,52.9,56.8,57.3,53.8,49.9,40.4,35.0,35.4,36.3,37.2,38.4,39.2,40.0,41.2,42.0,42.9,44.2
12:21:48.600,89.3,62.5,77.8,79.2,73.0,75.2,72.5,71.6,70.8,75.1,74.9,71.2,69.7,69.3,64.2,60.6,57.4,56.4,51.5,49.0,50.1,54.1,54.6,58.0,57.5,53.5,52.5,42.4,35.5,35.6,36.5,37.1,38.1,39.2,40.1,40.8,41.9,43.0,44.2
12:21:49.600,86.6,63.1,77.8,76.6,76.5,71.5,69.3,69.9,73.5,74.6,74.0,67.9,68.4,69.1,65.1,62.2,59.2,55.2,50.5,48.4,51.0,55.0,56.0,58.2,57.9,55.4,51.8,42.6,36.1,35.6,36.4,37.3,38.4,39.1,40.0,41.0,42.1,42.9,44.3
12:21:50.600,89.3,62.7,78.1,79.8,75.6,71.9,65.1,64.8,74.9,76.6,75.5,69.1,69.0,67.4,62.7,59.9,58.4,54.0,49.7,48.7,50.6,55.1,57.1,57.9,57.4,54.0,49.1,42.4,36.5,35.3,36.4,38.1,38.0,39.1,40.0,40.9,42.3,43.1,44.2
12:21:51.600,88.6,63.6,79.1,73.2,73.4,73.6,71.9,66.2,74.2,75.6,78.1,67.8,66.6,67.8,64.5,62.5,59.1,55.4,50.7,46.8,52.5,55.9,58.8,57.6,58.1,52.9,51.3,51.1,46.6,47.8,43.0,38.6,40.2,40.3,40.6,41.1,42.0,43.1,44.3
12:21:52.600,88.0,62.4,77.6,84.0,80.2,75.3,68.2,69.5,69.1,73.4,74.5,68.9,68.4,70.0,67.0,64.0,59.8,54.1,48.6,48.5,50.4,55.4,58.9,55.9,56.1,54.3,52.0,44.7,40.4,41.6,41.3,37.4,38.1,39.1,39.8,41.0,42.2,43.1,44.2
12:21:53.600,86.0,61.3,77.1,68.5,66.1,73.7,73.8,67.0,70.6,76.3,74.9,68.0,69.0,68.1,65.5,62.5,59.0,54.8,50.2,46.2,49.3,54.5,58.1,52.2,55.5,52.8,50.1,40.5,35.7,35.6,36.2,37.5,38.1,39.0,39.9,40.9,42.0,43.2,44.2
12:21:54.600,87.3,60.7,77.8,78.5,78.8,77.3,72.0,70.7,74.4,74.5,75.2,71.4,68.9,71.6,65.3,61.6,58.7,55.6,51.6,47.1,49.4,53.2,56.4,51.3,54.7,52.9,50.4,40.0,35.8,35.4,36.6,37.2,38.2,39.1,40.0,41.0,42.0,43.1,44.2
12:21:55.600,85.7,61.2,78.7,77.2,74.0,71.8,63.3,65.1,74.6,76.4,76.9,69.1,72.3,70.3,65.8,61.4,59.0,53.8,50.4,50.1,49.6,53.6,57.0,53.7,56.0,53.4,48.0,39.7,36.0,35.9,36.1,37.4,38.2,39.0,40.0,41.0,41.9,43.1,44.3
12:21:56.600,85.7,62.1,78.1,70.9,73.0,71.3,69.6,68.5,74.0,75.5,74.7,73.8,69.5,70.6,66.3,62.4,60.5,59.4,51.1,48.1,47.6,53.4,56.3,54.7,57.4,55.3,49.1,41.1,36.2,35.4,36.3,37.4,38.3,38.9,40.1,41.0,42.0,43.1,44.2
12:21:57.600,89.1,62.1,79.4,75.8,77.3,76.6,73.0,69.2,77.6,74.0,77.8,69.1,72.6,68.5,67.0,63.4,64.2,58.3,53.0,49.2,47.5,54.0,56.0,54.7,56.8,55.6,49.6,42.9,36.8,35.7,36.5,37.3,37.8,39.1,39.9,40.9,41.9,43.0,44.2
12:21:58.600,87.4,62.4,78.6,80.1,80.3,77.1,70.6,63.5,71.1,72.5,75.8,72.0,66.6,70.0,66.0,65.0,63.1,57.3,51.2,47.4,47.6,52.7,56.9,55.8,56.9,56.1,50.5,43.4,36.7,35.5,36.2,37.2,38.1,39.0,40.1,41.0,42.2,43.2,44.3
12:21:59.600,87.0,62.1,79.0,75.8,74.0,71.9,67.0,66.8,72.2,77.1,76.6,73.2,69.0,68.2,64.6,62.4,60.6,55.3,50.5,50.4,46.6,52.5,56.2,56.5,56.1,56.1,49.7,43.6,36.3,35.5,36.6,37.5,37.8,39.2,39.8,41.0,42.2,43.2,44.3
12:22:00.600,87.9,61.2,79.7,79.0,73.3,72.4,68.1,67.4,70.5,74.5,81.0,71.3,72.3,71.4,64.8,64.6,58.0,56.3,52.3,51.2,48.0,53.5,54.8,55.4,53.3,54.3,48.7,43.2,35.9,35.7,36.5,37.2,38.1,38.9,40.1,40.8,42.0,43.1,44.3
12:22:01.600,86.4,61.7,79.2,77.4,77.9,74.1,68.3,64.5,67.4,75.6,76.4,70.8,71.9,71.8,66.4,64.6,57.5,52.8,49.5,47.2,46.8,53.7,56.0,54.4,54.7,56.2,49.7,43.4,36.0,35.4,36.5,37.3,38.1,39.1,39.8,40.8,41.9,43.1,44.2
12:22:02.600,86.8,61.6,79.7,79.6,75.5,71.4,63.6,66.2,72.2,77.2,78.4,73.6,68.9,71.6,66.3,64.8,60.3,55.6,50.3,50.6,47.0,53.4,57.1,53.0,54.0,55.4,49.7,43.6,37.1,35.3,36.0,37.5,38.0,38.9,40.0,41.0,42.0,43.2,44.4
12:22:03.600,84.7,60.7,78.3,72.0,74.8,76.5,71.9,70.4,68.4,71.7,74.4,73.0,67.4,71.0,67.7,63.9,61.0,57.8,50.5,46.4,46.5,51.1,56.1,53.7,51.4,54.5,47.5,42.1,36.0,35.8,36.5,37.1,38.1,39.1,39.7,40.9,42.0,43.2,44.1
12:22:04.600,85.8,59.3,77.4,73.8,74.9,70.7,67.5,66.5,70.7,76.2,72.4,70.2,68.9,69.3,61.8,59.0,56.3,54.1,50.2,46.6,46.3,50.1,56.0,53.8,49.0,52.3,46.6,40.2,36.1,35.5,36.2,37.4,38.0,38.9,40.2,41.0,42.0,43.0,44.3
12:22:05.600,85.6,58.7,77.4,76.3,78.5,77.7,73.3,68.6,73.2,70.9,74.0,70.7,68.5,68.2,62.2,60.1,55.5,53.5,50.5,49.0,49.3,50.1,56.1,52.7,50.4,49.8,44.3,38.1,35.5,35.9,36.8,37.4,38.3,38.9,40.1,40.9,42.2,43.1,44.2
12:22:06.600,86.5,58.3,76.1,76.4,73.4,74.4,69.3,66.0,71.6,72.9,73.3,69.4,65.8,67.8,61.4,61.1,57.3,52.2,48.4,46.6,49.0,49.7,54.2,52.7,52.4,49.7,42.5,37.8,35.5,35.9,36.6,37.2,38.4,39.2,39.9,40.8,42.0,42.9,44.2
12:22:07.600,85.1,58.7,75.0,70.2,72.4,70.6,65.8,71.4,71.8,72.3,70.1,68.0,66.2,66.4,62.5,57.6,56.5,52.1,47.1,51.4,49.5,50.7,54.7,53.1,52.1,50.7,43.4,38.0,35.1,35.4,36.1,37.2,38.3,38.9,40.0,41.0,42.1,43.1,44.2
12:22:08.600,87.7,58.4,76.3,77.3,77.9,75.0,71.6,67.0,66.7,75.7,74.7,68.8,66.3,64.0,62.8,61.4,57.6,49.4,49.2,48.5,49.2,51.3,53.2,53.6,51.9,49.6,43.4,38.1,35.2,35.6,36.5,37.0,38.2,39.3,40.1,40.9,42.0,43.2,44.2
12:22:09.600,85.5,58.8,74.8,76.6,74.3,71.3,69.6,65.9,68.4,69.6,71.8,68.7,65.1,67.3,62.4,60.8,55.5,52.7,48.8,46.1,49.1,49.5,53.0,54.0,53.3,49.8,43.6,38.7,35.4,35.6,36.5,37.1,37.9,39.0,39.9,41.1,41.9,43.1,44.2
12:22:10.600,84.8,59.0,75.2,76.7,72.7,74.6,69.0,68.7,69.2,70.1,71.3,68.2,64.8,65.4,63.0,61.2,58.4,50.3,48.4,45.8,47.4,50.6,53.3,53.6,52.8,50.7,45.4,37.3,35.0,35.5,36.1,37.1,37.9,39.1,40.1,41.0,42.0,43.2,44.1
12:22:11.600,84.7,59.7,76.4,78.7,76.2,71.7,69.3,66.1,74.3,71.7,73.4,67.6,67.6,69.2,60.7,62.7,59.7,51.2,47.9,48.3,46.4,49.5,54.5,52.7,54.4,52.5,47.9,38.8,35.6,35.8,36.5,37.2,38.3,39.0,39.9,41.0,41.8,43.0,44.3
12:22:12.600,85.4,59.9,75.8,71.9,69.4,67.4,69.1,69.3,70.8,73.6,72.2,70.5,65.8,66.7,59.4,58.7,57.0,53.6,50.4,47.6,47.9,50.0,53.5,52.5,55.4,52.1,49.5,42.3,36.5,35.5,36.3,37.1,38.2,39.1,40.0,40.9,42.0,43.1,44.3
12:22:13.600,83.5,59.8,74.9,70.1,70.4,71.9,70.0,63.5,67.6,70.3,70.8,66.2,63.1,67.8,61.6,61.4,56.6,53.1,48.8,48.9,47.6,49.7,53.5,53.4,55.3,51.0,48.2,41.9,35.4,35.3,36.4,37.3,38.1,39.0,40.1,40.8,42.1,43.0,44.3
12:22:14.600,84.6,59.0,75.3,72.3,71.9,71.1,66.0,64.4,68.8,72.1,69.7,72.2,66.6,65.2,60.9,58.3,55.0,52.0,49.5,48.7,49.8,49.1,53.0,52.9,53.7,51.2,46.3,39.4,35.4,41.6,39.7,37.2,38.0,39.1,39.9,40.9,42.0,43.1,44.3
12:22:15.600,85.7,58.3,76.2,78.1,77.2,71.5,67.6,65.4,69.3,74.4,73.5,72.0,65.7,66.1,60.7,58.5,54.7,50.1,48.4,47.2,50.7,49.8,52.4,48.7,53.9,50.6,44.5,39.7,35.2,35.3,36.2,37.1,38.3,38.9,40.0,41.2,42.1,43.1,44.2
12:22:16.600,82.9,57.2,77.3,71.8,67.3,68.3,65.1,60.3,69.3,72.2,76.7,71.2,67.8,65.7,62.4,60.7,56.3,50.8,48.1,48.8,51.5,51.6,51.1,49.8,50.2,47.9,44.7,39.4,35.8,35.0,36.2,37.4,38.3,39.1,40.0,41.0,42.1,43.2,44.3
12:22:17.600,87.3,57.9,78.5,74.7,70.7,70.0,70.2,69.7,71.3,78.1,76.1,70.8,66.9,72.4,60.8,59.5,58.3,51.7,49.7,48.4,52.5,53.2,49.9,51.3,48.7,48.4,46.5,40.9,35.6,35.8,36.1,37.4,38.1,39.0,40.1,40.9,42.1,43.1,44.3
12:22:18.600,85.2,58.6,76.8,76.3,75.4,71.6,71.6,66.3,73.1,74.1,73.0,73.2,64.1,65.1,61.6,59.8,58.1,52.6,49.5,49.3,53.3,53.9,50.5,53.4,51.4,50.7,45.6,40.0,35.5,35.6,36.7,37.2,38.0,38.9,40.0,40.9,42.2,43.1,44.2
12:22:19.600,85.6,59.2,76.3,76.0,74.4,72.7,71.2,67.5,72.2,71.4,76.0,69.4,67.3,64.3,62.7,61.5,59.2,52.8,48.0,48.6,51.8,54.7,51.6,51.3,52.2,52.9,45.7,40.8,35.6,35.7,36.3,37.1,38.1,39.0,39.9,40.9,41.9,43.0,44.3
12:22:20.600,83.1,59.1,74.9,70.8,73.9,70.9,68.2,67.9,69.4,71.5,69.3,70.2,66.7,62.5,60.6,59.0,54.3,50.9,47.0,48.0,51.0,54.4,54.1,51.0,50.0,52.3,49.2,42.3,36.5,35.8,36.1,37.4,38.2,39.1,40.0,41.0,42.3,43.0,44.2
12:22:21.600,86.5,59.6,77.3,75.3,77.8,76.6,70.0,64.3,67.9,75.3,73.7,71.9,66.8,70.7,63.2,59.4,54.3,51.9,48.9,47.4,50.3,55.5,56.5,53.5,47.7,49.2,49.1,44.5,37.0,36.0,37.2,37.4,37.9,39.2,40.0,40.9,42.0,43.1,44.2
12:22:22.600,85.6,59.8,75.8,70.2,72.9,72.9,69.9,64.5,70.5,74.3,71.9,69.4,63.9,66.3,60.2,57.6,53.7,49.1,47.7,47.7,51.4,54.6,57.8,55.2,52.1,49.0,45.1,39.6,35.5,35.6,36.1,37.0,38.2,38.9,40.2,40.8,42.0,43.0,44.2
12:22:23.600,86.6,60.9,75.3,70.7,70.8,69.8,68.2,65.1,68.4,73.3,70.6,68.1,65.7,67.9,61.0,61.2,54.7,51.3,47.2,46.6,51.3,55.1,57.4,55.9,55.6,51.0,45.1,39.7,35.4,35.9,36.3,37.2,38.1,38.9,39.9,41.0,41.9,43.1,44.1
12:22:24.600,86.6,61.1,75.5,78.8,74.4,71.9,69.2,63.1,66.9,72.4,72.7,70.1,64.5,64.1,60.8,63.7,58.6,54.2,51.7,48.6,49.7,54.5,57.6,56.5,55.0,51.0,46.0,39.2,35.4,35.9,36.2,37.6,37.9,39.1,40.0,41.0,42.0,43.1,44.2
12:22:25.600,86.6,62.0,77.9,72.6,73.0,75.6,71.2,64.6,71.8,72.9,75.7,71.7,66.6,68.8,64.3,64.8,57.8,54.7,48.0,45.3,49.0,54.4,56.8,57.7,55.1,54.2,49.6,41.7,35.5,35.7,36.5,37.1,38.0,39.1,40.1,40.9,42.0,43.1,44.3
12:22:26.600,83.6,62.1,75.7,70.8,73.0,71.5,71.1,66.7,68.7,71.6,75.1,68.0,63.7,64.6,61.2,61.6,57.6,49.5,46.5,45.6,48.8,53.0,56.6,57.6,56.1,55.8,51.2,43.3,35.7,35.5,36.4,37.2,38.1,38.9,39.8,41.0,41.9,43.0,44.2
12:22:27.600,85.6,62.0,75.0,77.0,79.1,74.8,66.5,63.0,66.3,67.0,74.3,66.0,62.8,64.7,58.5,59.6,58.3,58.5,46.3,46.0,47.1,51.3,56.4,56.0,55.3,56.3,50.8,43.3,35.9,35.5,36.4,37.2,38.0,39.2,40.0,41.1,41.9,43.1,44.2
12:22:28.600,84.7,62.0,76.4,76.8,76.7,72.4,69.8,65.1,73.0,73.3,74.6,70.9,63.6,65.0,57.3,58.5,55.9,55.1,47.2,45.8,46.5,52.9,56.2,56.0,55.7,57.4,49.5,42.0,35.7,35.8,36.8,37.3,38.0,39.0,40.3,40.9,42.1,43.1,44.2
12:22:29.600,83.7,61.8,75.9,70.4,71.1,73.5,69.6,64.5,68.7,73.7,73.4,70.2,64.5,64.9,59.1,61.1,57.8,50.9,47.9,44.0,46.1,54.2,56.9,54.0,56.0,56.6,48.0,41.7,35.8,35.5,36.5,37.2,38.0,39.2,39.9,41.0,42.0,43.1,44.3
12:22:30.600,84.4,59.8,75.9,71.6,75.1,70.9,62.1,62.7,69.7,74.0,73.4,69.3,65.3,62.7,60.4,60.9,56.7,51.8,48.4,46.0,45.4,53.0,56.5,51.2,54.2,52.5,46.5,42.6,36.6,35.7,36.5,37.3,38.5,39.1,40.1,41.0,42.0,43.0,44.2
12:22:31.600,83.5,58.3,74.7,69.7,67.8,67.0,60.6,63.7,65.2,70.1,72.6,68.2,63.0,67.0,57.9,57.1,52.7,48.9,47.5,46.4,46.1,51.2,53.8,51.0,50.4,51.1,47.6,41.4,36.3,35.8,36.3,37.1,38.0,39.1,40.0,40.9,42.1,42.9,44.2
12:22:32.600,83.4,58.7,75.0,73.1,66.2,68.2,65.6,60.3,61.8,70.2,73.3,70.8,64.7,65.1,57.5,54.9,52.9,48.7,44.8,46.3,47.7,49.3,52.7,53.1,51.0,51.4,49.9,42.0,35.7,35.7,36.2,37.0,37.9,38.9,40.0,41.1,41.9,43.0,44.2
12:22:33.600,82.2,59.1,74.2,74.2,68.6,66.2,66.0,66.6,65.7,71.1,73.4,69.1,61.9,63.0,60.0,56.5,57.5,50.0,47.2,45.4,47.1,48.7,51.1,53.5,52.2,53.0,49.1,41.9,35.5,35.7,36.4,37.3,38.0,39.0,39.8,41.0,42.1,43.1,44.2
12:22:34.600,83.4,59.5,75.0,74.3,69.9,64.4,64.6,64.7,65.1,69.6,71.0,71.7,62.8,65.2,57.9,60.0,56.1,52.0,46.9,44.0,46.1,48.5,53.2,54.5,53.7,52.6,48.1,41.0,35.5,35.7,36.3,37.4,38.3,39.1,39.9,41.1,42.0,43.0,44.2
12:22:35.600,82.6,59.0,74.0,71.7,72.6,75.5,69.8,65.7,69.6,69.9,70.2,69.5,65.7,64.5,59.9,57.3,52.9,54.5,48.9,45.1,46.1,48.5,53.9,55.9,52.1,50.3,47.4,39.5,35.8,36.2,36.1,37.2,38.0,39.0,39.9,41.0,42.3,43.1,44.3
12:22:36.600,82.0,58.5,75.8,72.3,70.6,71.2,68.0,65.5,67.2,71.5,71.8,69.1,61.2,64.5,58.0,55.8,54.5,51.4,46.5,46.5,46.4,49.7,54.6,53.9,48.6,50.6,47.3,40.2,35.7,35.3,36.3,37.2,38.2,39.2,40.1,41.0,42.0,43.0,44.1
12:22:37.600,82.7,58.0,74.3,74.4,74.6,72.4,69.7,64.2,67.2,66.6,69.4,68.9,64.7,65.3,56.8,53.0,53.7,53.2,47.9,45.0,45.1,50.7,52.7,52.2,48.5,51.4,47.1,39.2,35.2,35.8,36.4,37.1,38.0,38.7,39.8,41.0,42.1,43.1,44.3
12:22:38.600,85.8,58.2,75.5,74.8,67.5,60.4,60.1,63.7,69.5,72.3,70.7,70.3,65.8,64.6,58.9,57.2,57.0,52.4,44.6,42.7,45.6,52.9,53.2,52.8,50.0,50.1,47.0,38.9,35.3,36.1,36.3,37.0,38.1,39.0,39.9,40.8,42.0,43.0,44.2
12:22:39.600,84.6,57.8,77.1,74.5,73.0,70.7,64.7,65.5,65.3,74.0,76.0,70.1,66.5,67.9,60.8,58.2,54.4,54.6,47.9,44.2,46.6,52.9,53.6,50.8,49.6,48.5,44.6,39.1,35.3,35.6,36.1,37.6,38.5,39.2,40.2,41.0,42.1,43.2,44.2
12:22:40.600,82.4,58.9,76.7,69.8,71.5,68.0,66.6,65.8,68.3,71.5,72.9,66.9,64.9,71.8,60.9,56.5,53.8,51.3,45.6,43.5,46.9,53.8,55.8,52.5,51.9,48.8,44.8,40.7,35.3,35.3,36.3,37.2,38.3,39.3,40.2,40.8,41.9,43.0,44.3
12:22:41.600,83.2,59.5,76.1,72.9,69.0,66.1,62.5,62.3,71.9,75.1,72.5,69.8,64.4,67.2,60.5,61.8,54.5,51.2,46.5,44.8,48.7,54.8,55.5,52.9,53.4,50.4,46.8,40.9,35.5,35.7,36.1,37.4,38.0,39.1,40.0,41.1,42.0,43.0,44.2
12:22:42.600,86.0,59.8,76.0,73.8,71.8,71.7,71.0,66.3,73.0,73.3,73.4,71.6,64.8,67.6,60.6,57.9,53.7,51.5,47.6,47.3,48.5,53.1,55.3,54.1,55.0,51.3,46.2,38.3,35.7,35.4,36.2,37.6,37.9,39.1,40.1,41.1,42.1,43.2,44.2
12:22:43.600,84.6,60.2,75.0,71.7,72.9,69.9,65.5,65.1,68.0,71.6,74.8,70.5,65.8,63.1,57.7,61.6,55.5,50.8,45.7,45.6,48.4,53.1,54.3,54.9,56.2,51.8,43.9,39.4,35.6,35.6,35.9,37.1,38.5,39.2,39.9,40.9,42.0,42.9,44.2
12:22:44.600,85.2,60.4,75.0,70.4,72.0,72.9,67.5,64.4,66.6,74.1,72.7,68.8,62.4,61.8,57.4,60.0,51.3,48.6,47.2,46.7,47.8,52.6,53.4,55.4,55.7,52.5,46.1,41.0,35.8,35.8,36.5,37.0,38.0,39.0,40.2,40.8,42.0,43.1,44.3
12:22:45.600,84.2,60.3,75.5,69.4,77.5,79.3,70.1,64.5,68.4,74.6,72.6,68.0,60.8,64.9,54.6,55.3,50.7,47.3,45.9,46.8,47.6,51.8,53.3,55.6,56.2,52.4,44.6,41.0,36.0,36.0,36.7,37.2,38.1,39.0,40.1,41.0,42.1,43.1,44.2
12:22:46.600,85.4,59.7,73.4,76.6,76.5,75.1,68.5,67.0,67.1,70.6,70.2,68.0,61.1,65.1,58.6,54.8,49.8,48.1,47.1,49.6,48.4,50.1,53.4,55.0,55.5,51.7,44.3,40.6,36.4,35.3,36.4,37.2,38.1,39.1,40.0,40.9,42.0,43.2,44.2
12:22:47.600,84.5,58.2,76.2,74.6,71.4,70.1,66.9,63.5,69.0,74.7,76.1,72.5,61.3,62.9,56.8,58.8,50.9,48.7,47.6,46.4,50.1,51.4,52.3,51.6,52.8,48.5,45.5,40.6,37.0,36.7,37.3,38.1,38.9,39.7,40.2,41.2,41.9,43.0,44.2
12:22:48.600,84.0,57.2,74.8,69.6,69.5,65.0,64.1,60.9,67.3,73.1,71.8,67.4,64.7,65.3,58.3,56.8,53.7,48.3,44.3,45.1,47.8,50.2,51.4,52.1,52.1,45.9,44.3,39.2,35.7,36.0,36.4,37.3,38.1,39.0,39.8,41.0,42.1,43.2,44.2
12:22:49.600,83.5,57.2,74.7,72.9,72.6,71.0,67.7,63.1,65.8,68.7,74.0,68.7,61.7,67.8,64.4,59.5,52.8,51.0,48.2,46.6,47.1,50.1,50.2,52.0,50.8,47.1,42.7,38.4,35.3,35.3,36.1,37.2,38.0,39.1,39.9,41.0,41.9,42.9,44.2
12:22:50.600,83.8,57.0,74.5,75.7,68.3,68.6,68.0,63.6,70.0,72.1,73.6,68.5,62.9,67.0,61.2,63.8,56.6,52.5,45.9,42.8,45.7,49.3,51.0,50.6,50.0,48.8,42.5,37.8,35.6,35.8,36.6,37.5,38.6,39.3,40.2,40.9,42.1,43.1,44.2
12:22:51.600,82.3,57.0,75.7,69.8,68.8,69.2,69.6,67.5,67.8,69.4,73.9,71.5,62.8,68.1,59.2,59.7,55.0,50.1,46.6,42.8,45.9,49.7,51.2,49.3,49.6,50.1,42.3,38.4,35.7,36.0,36.2,37.1,38.1,38.9,40.2,40.9,42.1,43.2,44.2
12:22:52.600,84.7,56.8,75.7,78.0,77.0,72.0,69.7,64.6,67.2,72.7,73.8,70.5,65.2,66.7,62.4,60.6,51.2,46.1,46.0,50.0,46.0,50.1,51.8,48.6,48.8,50.4,43.4,39.4,35.9,35.7,36.3,37.4,38.1,39.1,39.9,40.8,42.0,43.1,44.1
12:22:53.600,83.0,56.2,74.5,75.9,73.8,68.3,65.9,66.4,66.4,70.1,70.0,69.6,63.7,70.2,60.2,59.8,52.7,46.2,45.9,46.6,46.8,50.0,51.7,48.1,48.0,47.5,43.0,39.2,35.9,35.5,36.3,37.2,38.2,38.9,40.2,40.8,41.8,43.1,44.1
12:22:54.600,81.4,56.3,73.2,72.1,71.9,68.9,62.1,63.0,64.8,71.2,71.6,67.3,61.5,66.4,61.5,60.8,53.3,46.4,45.6,46.1,44.6,48.2,50.8,50.9,48.7,46.8,44.5,40.0,35.7,35.8,36.4,37.2,38.3,38.9,39.9,41.0,41.9,43.1,44.1
12:22:55.600,85.3,57.0,73.3,76.3,72.6,70.5,65.1,66.2,67.3,67.4,70.8,66.4,60.2,67.4,62.3,61.4,56.6,51.4,47.5,46.8,43.5,49.0,50.7,51.9,49.7,48.2,44.4,40.4,35.2,35.8,36.1,36.9,38.2,39.1,40.1,41.0,42.1,43.0,44.1
12:22:56.600,82.2,57.7,73.6,74.6,70.0,65.1,61.7,61.2,64.1,67.9,70.9,68.1,62.5,68.4,60.2,62.1,56.7,50.7,47.4,46.7,46.0,49.7,53.9,53.5,49.9,46.5,45.1,42.2,35.4,36.0,36.8,36.9,38.0,38.8,39.9,41.0,42.1,43.2,44.2
12:22:57.600,83.4,57.2,75.0,76.4,74.3,69.1,64.3,61.4,63.6,69.5,69.7,69.2,65.2,68.6,64.7,61.6,56.7,52.0,47.0,46.6,45.5,48.6,52.4,51.7,48.9,47.3,43.6,39.7,35.8,35.9,36.2,37.3,38.2,39.0,40.1,41.0,41.9,43.1,44.1
12:22:58.600,81.7,56.4,73.7,70.8,68.7,70.9,67.6,61.5,65.4,67.8,70.7,68.4,62.7,66.6,60.5,61.3,55.4,50.1,48.8,46.9,45.7,49.5,51.3,50.7,48.0,46.4,43.9,39.1,35.2,35.7,36.8,37.1,37.9,39.2,39.9,41.0,42.0,43.0,44.2
12:22:59.600,82.0,55.5,73.4,70.6,69.7,72.9,68.4,60.5,63.8,69.7,72.2,70.1,59.7,64.6,58.7,55.5,51.6,48.5,48.0,46.4,45.1,49.7,49.7,50.1,46.2,45.0,43.4,37.8,35.2,35.4,36.3,37.1,38.2,38.9,40.0,40.9,41.9,43.0,44.2
12:23:00.600,82.6,55.2,72.5,71.0,74.4,72.8,61.6,59.6,64.3,68.7,69.3,69.2,61.8,64.8,62.0,54.3,53.5,48.8,47.5,46.4,44.8,49.9,49.9,44.7,45.7,46.1,44.4,38.0,34.8,35.6,36.1,36.9,38.2,39.0,40.2,40.9,42.0,43.1,44.2
12:23:01.600,82.4,55.6,73.6,71.6,72.5,70.4,66.5,60.0,65.4,68.5,70.6,69.9,63.5,63.1,58.6,59.4,51.4,49.1,46.1,46.3,44.8,50.0,48.7,47.9,48.9,45.8,43.4,38.4,34.8,35.7,36.5,37.3,38.5,38.9,40.0,40.9,42.0,43.1,44.3
12:23:02.600,83.3,56.0,73.9,69.7,70.6,69.8,67.9,65.1,63.6,70.2,71.1,71.6,63.9,63.3,58.2,57.9,53.7,49.5,48.6,47.6,46.6,48.6,48.5,50.7,49.9,45.5,42.1,37.8,34.5,35.6,36.4,37.1,38.4,39.0,40.0,41.2,41.9,43.2,44.1
12:23:03.600,82.1,57.2,73.5,67.9,70.8,74.8,71.3,62.0,66.6,72.0,68.4,70.4,64.0,61.8,59.9,56.0,51.8,50.1,47.1,46.7,46.4,48.3,50.2,51.7,52.1,49.2,42.9,38.3,35.0,35.5,36.5,37.0,37.9,39.1,39.9,40.9,42.0,43.1,44.3
12:23:04.600,82.1,58.3,73.8,75.0,74.8,72.3,67.0,63.3,66.3,71.4,70.1,68.2,61.2,64.0,57.7,55.3,50.6,48.3,46.4,47.7,49.6,50.9,49.9,53.5,52.1,51.2,46.7,38.0,34.9,35.7,36.2,37.1,38.0,39.1,39.9,40.8,42.0,42.9,44.3
12:23:05.600,80.9,58.5,74.3,70.3,69.4,71.5,69.7,63.2,65.7,70.2,74.5,70.1,61.8,62.8,57.5,56.0,50.8,47.0,45.3,48.0,49.4,51.1,50.9,55.4,49.9,50.7,47.5,39.8,35.5,35.4,36.2,37.0,38.2,39.0,39.9,40.9,41.9,43.1,44.1
12:23:06.600,81.0,58.8,72.6,70.4,68.9,68.1,65.2,62.6,62.0,68.1,69.4,68.5,63.5,62.8,58.5,55.0,52.4,47.5,44.9,46.1,48.5,52.5,53.8,55.6,50.4,49.0,46.7,39.6,35.8,35.7,36.3,37.2,38.1,39.1,40.1,40.9,42.0,43.1,44.3
12:23:07.600,82.7,58.6,74.4,73.1,70.5,66.9,68.7,66.3,65.7,69.7,70.9,72.0,64.1,64.4,56.8,53.9,49.4,48.5,44.7,45.3,48.6,53.1,54.2,53.5,52.5,50.5,44.8,38.6,35.3,35.7,36.4,37.3,38.3,39.0,40.0,41.0,42.2,43.2,44.2
12:23:08.600,82.2,58.4,74.1,68.2,74.1,73.3,63.3,60.7,67.8,69.5,70.4,70.5,62.0,66.0,59.4,58.0,51.7,47.1,45.5,46.0,46.2,51.7,53.1,51.6,52.4,51.2,47.9,38.9,35.0,35.2,36.2,37.4,38.1,39.0,40.0,41.0,42.0,43.0,44.1
12:23:09.600,83.3,57.3,74.6,67.2,69.1,68.6,64.9,61.3,69.5,69.9,70.7,73.1,66.3,68.0,61.2,57.0,53.1,46.8,44.0,44.6,46.1,48.6,51.7,48.9,51.4,50.6,43.8,38.1,34.9,35.7,36.1,37.3,38.3,39.3,39.9,40.8,42.0,43.1,44.2
12:23:10.600,80.6,56.2,73.1,69.0,65.2,68.0,65.4,64.8,63.3,66.8,69.6,69.0,59.2,65.4,56.7,57.9,49.9,46.8,44.8,45.4,45.6,48.1,50.0,49.8,49.0,48.4,43.9,37.7,35.4,35.5,36.3,37.3,37.9,38.9,40.1,40.9,41.9,43.1,44.3
12:23:11.600,80.9,55.9,70.8,71.5,69.0,67.6,67.5,63.2,63.6,65.6,67.4,65.2,59.3,60.7,58.6,55.4,48.9,47.0,43.7,46.1,45.3,46.9,50.2,48.7,47.8,49.7,44.6,38.1,35.9,36.1,37.0,38.1,38.6,39.2,39.9,40.9,42.1,43.1,44.2
12:23:12.600,84.0,55.6,72.3,75.3,69.9,71.6,67.8,64.7,66.6,70.0,70.1,68.6,60.5,63.1,55.3,52.0,50.8,45.7,46.0,45.6,44.9,47.4,49.3,47.4,47.4,49.1,44.6,37.6,35.7,35.5,36.6,37.2,38.2,38.9,40.0,41.0,42.0,43.1,44.2
12:23:13.600,81.4,56.3,70.8,68.4,67.9,66.2,64.9,64.2,67.9,67.6,68.3,64.5,58.3,59.9,55.9,51.3,48.5,47.0,44.0,45.4,43.5,45.5,48.7,48.8,51.7,49.1,45.1,38.9,35.2,35.7,36.7,37.1,38.5,39.2,40.0,40.9,42.0,43.0,44.2
12:23:14.600,82.3,57.2,69.8,68.7,69.0,68.1,66.0,63.9,63.5,66.6,66.5,61.9,61.1,60.9,56.0,51.9,51.9,46.0,45.0,45.9,42.9,47.6,48.2,48.3,52.3,50.2,48.6,39.6,36.0,35.1,36.2,37.3,38.0,38.9,39.8,40.9,42.1,43.1,44.2
12:23:15.600,83.6,57.1,69.2,74.9,71.0,70.6,62.9,60.5,65.4,64.0,66.6,64.1,58.9,55.6,57.7,53.6,51.0,46.3,43.3,43.5,43.1,48.3,49.8,49.1,52.8,48.0,48.0,39.7,35.5,35.4,36.6,37.2,37.8,39.2,40.1,40.9,41.9,43.1,44.2
12:23:16.600,80.6,56.9,69.0,74.1,70.2,65.8,63.1,59.4,64.4,65.9,64.4,66.0,60.5,56.3,53.9,51.5,51.2,46.5,44.8,44.0,43.8,47.3,50.3,49.8,52.8,48.9,44.2,39.9,35.7,35.5,36.5,37.2,38.2,39.3,40.1,40.9,42.2,43.2,44.2
12:23:17.600,81.6,56.5,68.8,71.9,68.6,64.0,59.8,60.1,64.1,63.8,66.1,61.2,58.2,57.8,55.6,51.7,50.1,47.5,43.3,43.2,44.3,46.8,50.7,49.1,51.0,48.3,43.8,38.4,35.1,35.7,36.2,37.4,38.1,39.1,39.9,41.1,42.2,43.1,44.2
12:23:18.600,82.4,55.6,69.4,70.5,67.0,66.3,64.9,64.6,64.0,65.3,65.9,65.9,57.7,56.1,54.4,53.0,48.8,45.1,43.1,42.7,45.6,46.8,50.2,49.8,49.3,46.7,42.6,38.1,34.9,35.1,36.8,36.9,38.0,39.1,40.0,41.0,42.2,43.0,44.3
12:23:19.600,81.0,56.0,69.5,71.0,67.8,60.6,66.4,63.7,62.4,65.0,64.9,66.5,59.7,56.1,55.0,50.2,50.2,45.8,44.3,43.3,46.1,48.5,48.9,51.0,49.5,48.0,42.3,38.5,35.3,35.9,36.2,37.5,38.1,39.0,39.9,41.1,41.9,43.0,44.3
12:23:20.600,80.6,56.7,69.8,72.3,68.2,59.4,57.9,61.0,63.2,69.1,66.5,64.2,57.9,57.1,54.4,50.4,49.0,46.8,44.4,42.2,46.3,51.7,48.4,50.1,50.6,49.2,45.8,39.5,35.7,35.4,36.4,37.5,38.3,39.2,40.1,41.0,41.9,43.1,44.2
12:23:21.600,82.8,57.0,71.9,76.5,76.6,71.7,64.8,65.7,64.1,65.8,68.8,66.8,58.5,57.1,54.2,51.3,50.6,45.4,43.0,44.8,46.0,51.4,48.8,51.2,51.9,48.3,44.8,38.3,35.5,35.9,36.3,37.1,37.8,39.1,40.0,41.0,41.9,42.8,44.1
12:23:22.600,83.0,58.0,71.5,74.7,74.8,69.6,63.3,60.9,66.5,66.9,69.7,70.0,60.5,58.0,55.2,48.4,49.5,46.6,45.4,44.4,45.7,50.4,50.6,51.9,53.9,51.5,44.0,38.3,35.1,35.6,36.4,37.5,37.9,39.0,39.9,40.9,41.8,43.0,44.3
12:23:23.600,81.5,59.3,69.5,70.0,66.4,63.5,63.3,62.6,61.7,66.3,65.6,63.9,59.7,56.7,56.0,50.7,49.8,45.7,45.3,46.1,46.8,50.4,53.2,50.8,54.4,53.0,46.9,39.8,39.3,37.6,36.5,37.2,38.0,39.1,40.1,41.0,42.0,43.1,44.2
12:23:24.600,80.7,60.2,69.8,71.5,69.1,64.9,64.9,60.9,65.5,66.9,67.0,64.0,58.1,59.1,57.1,51.4,48.0,46.2,44.3,43.2,46.5,49.9,54.0,51.8,54.8,54.8,50.7,42.1,36.2,36.1,36.5,37.2,38.3,39.1,40.0,41.1,42.2,43.2,44.2
12:23:25.600,79.4,60.9,70.3,68.1,65.8,66.8,59.8,61.3,62.7,67.4,62.9,63.4,57.6,58.4,55.7,51.7,49.6,46.7,45.2,45.1,46.1,48.8,53.7,56.1,55.0,55.5,49.7,42.3,36.4,35.7,36.3,37.2,38.0,38.7,40.0,41.1,41.9,43.1,44.3
12:23:26.600,81.7,62.1,71.9,73.8,70.1,63.1,64.8,64.0,64.6,69.7,67.5,68.6,59.4,59.8,58.8,52.6,49.7,48.7,44.4,45.0,46.1,50.9,54.4,57.0,58.4,55.3,48.9,42.2,36.3,35.5,36.1,37.1,38.0,39.3,40.0,41.1,41.9,43.1,44.2
12:23:27.600,80.4,62.1,71.6,70.4,68.1,64.8,65.5,59.3,52.0,66.2,67.3,68.2,58.7,59.0,55.1,51.1,53.2,47.9,45.1,47.6,46.4,50.3,53.8,55.5,58.0,57.0,48.9,41.0,35.6,35.6,36.4,37.4,38.0,38.9,40.0,40.9,42.0,43.0,44.2
12:23:28.600,83.0,61.4,72.8,74.5,69.9,69.1,63.3,60.9,60.5,65.5,71.5,68.4,60.0,60.8,58.6,49.2,51.7,47.8,47.1,46.7,48.0,51.6,56.3,55.0,56.7,54.3,49.6,39.7,35.4,35.7,36.3,37.1,38.1,39.1,40.0,41.0,42.1,43.0,44.2
12:23:29.600,80.2,60.7,72.5,69.5,67.5,65.7,62.3,61.7,63.0,61.5,71.2,69.5,57.9,61.7,55.6,51.2,51.4,46.8,44.5,47.8,47.7,53.2,55.9,55.8,56.3,52.2,48.4,40.5,35.9,35.9,36.3,37.0,38.0,39.2,40.0,41.0,42.1,43.3,44.2
12:23:30.600,80.2,60.8,72.3,67.6,69.2,66.3,65.6,64.1,62.9,63.0,69.8,70.7,61.3,61.3,55.8,51.7,50.6,47.3,45.6,48.1,49.5,52.4,56.1,55.8,56.9,49.8,47.9,42.1,35.9,35.8,36.4,36.8,38.1,39.1,40.3,40.9,41.9,42.8,44.3
12:23:31.600,80.9,60.2,72.0,68.6,69.2,67.9,61.6,62.0,59.5,62.1,69.7,70.0,61.8,60.2,58.1,51.2,49.1,45.8,45.1,46.9,50.1,54.4,55.9,55.2,55.0,51.3,45.4,42.1,35.9,35.4,36.3,37.1,38.0,38.9,40.1,41.0,41.9,43.1,44.3
12:23:32.600,80.1,61.0,71.4,71.6,67.3,58.3,54.5,59.3,59.7,63.5,64.4,67.6,61.7,60.4,60.8,51.9,49.7,46.7,45.5,49.2,49.4,55.2,56.2,53.8,56.7,54.1,48.2,41.9,36.2,35.7,36.4,37.1,38.2,39.3,40.1,41.0,41.8,43.0,44.2
12:23:33.600,80.9,62.2,70.9,73.8,72.7,69.0,64.0,61.7,60.9,65.5,66.4,67.5,59.9,58.0,57.2,52.7,49.5,46.1,44.9,46.3,49.8,56.1,55.3,54.9,56.7,56.4,52.8,42.1,36.5,35.6,36.5,37.2,38.4,38.9,39.8,41.0,42.0,43.0,44.1
12:23:34.600,81.7,63.3,70.3,72.4,72.1,68.0,64.2,61.1,64.2,64.5,66.2,62.4,59.7,59.7,56.9,50.8,50.0,47.3,45.5,48.7,51.4,56.7,56.4,55.3,58.8,57.0,52.9,42.7,35.5,35.3,36.6,37.1,38.2,38.9,39.9,41.0,42.0,43.1,44.1
12:23:35.600,80.4,64.0,69.7,73.2,71.2,69.2,66.7,59.4,61.4,61.4,65.7,62.6,57.0,58.7,55.8,51.4,49.5,44.8,45.1,45.3,48.5,57.4,58.4,56.7,59.3,57.4,53.3,43.5,35.9,35.7,36.6,37.5,38.1,38.9,40.1,41.0,42.1,43.2,44.3
12:23:36.600,80.2,64.4,69.9,69.0,68.2,65.0,64.2,61.0,60.1,63.3,63.7,63.3,58.4,56.8,55.3,51.2,49.3,46.0,45.1,46.6,50.7,56.7,60.1,59.8,59.4,57.1,51.4,41.8,36.0,35.3,36.3,37.5,38.1,39.0,39.9,40.9,42.0,43.0,44.2
12:23:37.600,79.9,63.4,70.8,70.7,73.2,69.2,66.1,62.0,64.6,62.9,69.3,63.0,58.5,54.4,56.0,51.4,51.6,46.9,43.9,48.5,51.2,58.1,60.6,58.9,57.7,54.5,49.4,41.4,35.7,35.8,36.5,37.1,38.2,39.0,40.1,40.8,41.9,43.2,44.2
12:23:38.600,80.1,62.9,71.4,74.4,75.1,66.2,66.3,63.1,61.8,67.0,70.2,62.8,59.4,56.0,52.0,50.1,47.8,46.8,45.9,46.6,50.2,55.6,59.4,59.0,57.7,53.2,48.9,43.6,36.0,35.9,36.2,37.2,38.3,39.1,40.1,41.0,42.1,43.1,44.3
12:23:39.600,79.3,62.0,71.4,66.4,65.8,63.1,64.8,64.8,61.7,67.0,67.7,66.5,61.3,55.4,54.4,48.1,49.8,47.0,45.7,47.6,50.0,55.9,57.8,57.3,57.3,52.9,47.2,41.7,35.5,35.7,36.3,37.4,38.0,38.8,40.0,40.9,42.0,43.0,44.3
12:23:40.600,81.8,60.6,70.7,70.8,65.5,62.7,66.7,61.2,64.2,62.8,67.2,66.7,61.5,53.8,56.8,50.8,51.5,46.1,45.9,47.1,49.1,53.9,54.4,55.5,55.1,53.3,47.0,39.7,35.5,35.7,36.2,37.1,38.0,39.0,40.2,40.9,41.9,43.3,44.2
12:23:41.600,79.9,59.9,71.9,67.6,67.1,65.7,66.3,64.2,61.7,68.3,68.2,67.0,62.6,59.1,61.5,53.0,52.4,46.9,43.1,46.0,48.9,53.3,55.0,55.1,54.4,51.3,46.1,40.5,35.6,35.6,36.2,37.1,38.1,39.1,40.0,41.3,42.0,43.2,44.1
12:23:42.600,79.9,59.7,72.2,68.1,66.4,68.9,65.5,65.3,64.3,65.5,69.2,67.0,62.7,61.5,60.8,54.3,52.9,45.9,44.4,46.9,49.6,52.7,54.3,54.3,53.5,52.5,46.6,42.8,35.9,35.2,36.1,37.2,38.2,39.0,40.3,41.1,41.9,43.1,44.1
12:23:43.600,79.8,60.4,72.1,69.0,68.9,67.3,66.1,59.8,60.8,66.9,67.1,65.8,58.2,61.4,60.2,52.7,52.7,46.5,44.8,46.7,49.7,53.2,54.7,55.7,54.7,51.7,47.8,42.0,35.8,35.6,36.5,37.2,38.3,39.0,40.1,40.8,42.0,43.3,44.3
12:23:44.600,79.0,60.9,71.9,69.2,67.6,70.1,67.9,58.7,61.7,64.7,65.1,68.9,62.5,58.3,60.2,52.6,50.4,46.2,44.4,45.7,49.5,54.9,55.9,57.5,55.2,50.7,47.7,42.2,37.0,35.7,36.5,37.0,38.1,38.8,40.0,40.8,42.1,43.1,44.2
12:23:45.600,79.7,61.1,71.7,68.4,66.2,69.4,71.1,66.5,61.1,60.9,69.5,66.6,61.1,56.0,59.3,51.9,48.9,44.8,46.3,47.3,50.1,56.1,56.5,58.2,52.4,50.9,48.7,43.3,36.8,35.7,36.3,37.0,38.2,39.2,39.9,40.7,42.0,43.1,44.2
12:23:46.600,81.1,60.8,72.1,68.3,70.4,73.3,67.6,62.4,62.9,67.8,68.1,70.8,59.9,57.9,59.0,48.8,48.5,44.0,45.1,47.6,50.9,56.6,57.7,55.3,52.2,52.6,50.2,41.3,35.9,35.7,36.3,37.0,38.3,38.8,40.0,41.0,42.1,43.0,44.2
12:23:47.600,79.7,61.0,72.2,69.0,67.3,69.4,68.1,63.2,61.9,70.0,69.6,66.2,60.2,57.2,56.6,46.3,46.9,44.6,44.8,48.2,51.6,54.9,56.9,53.3,55.4,54.4,49.8,40.5,35.9,35.8,36.4,37.2,38.0,39.0,40.0,41.0,42.0,43.1,44.2
12:23:48.600,78.4,61.5,71.1,66.9,64.2,66.0,65.0,60.5,62.4,67.0,69.4,69.1,61.7,52.1,53.7,48.1,50.6,45.1,45.4,47.6,51.1,54.2,56.8,53.5,56.3,54.8,51.0,40.5,35.9,35.9,36.5,37.4,38.0,39.0,39.9,41.1,41.9,43.1,44.3
12:23:49.600,80.0,61.7,71.7,62.9,62.0,67.0,69.7,65.4,62.9,70.4,69.2,65.4,60.2,53.3,50.5,48.4,51.0,46.4,46.0,46.9,50.1,56.0,55.4,56.1,56.0,55.2,50.7,40.9,35.4,35.5,36.5,37.2,38.2,38.9,40.0,40.9,42.0,43.1,44.2
12:23:50.600,80.7,61.7,70.9,70.4,69.1,68.3,68.8,65.9,60.5,64.5,69.3,63.2,58.2,53.9,52.7,49.5,50.0,46.2,44.1,47.4,50.6,53.5,55.3,56.0,57.1,54.6,51.2,41.6,35.6,35.4,36.5,37.2,38.1,39.3,39.9,41.1,42.0,43.1,44.2
12:23:51.600,79.2,60.9,70.0,62.8,69.2,70.5,66.5,65.1,61.7,65.2,67.4,64.1,57.4,53.7,56.6,51.0,50.3,46.5,45.6,48.4,49.9,53.6,56.7,54.8,56.3,52.1,50.0,41.8,36.0,35.7,36.4,37.2,38.4,39.1,39.9,41.2,42.2,42.9,44.3
12:23:52.600,78.3,59.7,69.2,65.2,67.5,64.0,66.6,61.7,62.4,67.0,65.0,62.6,55.0,55.0,57.5,51.7,49.7,46.8,45.5,47.3,50.8,52.9,55.2,54.1,52.9,50.8,48.8,42.8,36.1,35.7,36.4,37.4,37.8,38.8,39.9,40.8,42.0,42.9,44.2
12:23:53.600,81.0,60.2,67.7,70.7,64.8,64.5,67.2,64.6,59.6,62.9,60.5,60.4,58.2,54.6,53.0,48.9,48.9,44.5,44.4,46.6,50.0,52.0,51.0,54.5,53.4,55.1,50.2,43.5,36.3,36.0,36.5,37.0,38.1,39.1,40.2,41.1,41.9,43.1,44.2
12:23:54.600,78.8,60.3,67.1,69.6,68.0,67.2,64.8,59.2,62.1,60.5,62.7,58.2,57.2,53.2,56.5,47.3,49.9,45.9,43.6,45.1,48.1,50.1,50.8,53.2,53.7,55.4,52.1,43.1,36.0,35.7,36.6,37.4,37.8,38.9,39.9,40.9,42.0,43.2,44.2
12:23:55.600,79.0,59.6,67.7,69.2,67.4,69.1,65.9,65.7,64.9,64.8,61.5,60.2,56.5,54.4,58.7,46.6,49.9,45.5,42.9,45.4,47.9,49.8,51.0,52.1,55.7,52.2,49.3,42.1,36.0,35.8,36.4,37.5,38.1,39.0,39.9,41.0,42.0,43.1,44.2
12:23:56.600,82.3,58.5,66.9,68.5,68.4,65.2,63.1,62.1,58.4,63.3,60.1,56.8,58.1,54.7,53.5,48.7,48.1,44.4,44.6,46.2,47.9,48.8,50.3,52.0,55.0,51.0,46.2,40.0,35.5,36.0,36.4,37.4,38.1,39.1,39.9,41.1,42.0,43.1,44.3
12:23:57.600,78.7,57.9,66.9,69.2,71.6,68.4,59.3,60.5,57.7,58.8,62.6,60.1,59.0,52.0,51.3,47.3,46.5,45.4,43.7,45.6,47.7,48.2,50.1,53.6,52.3,50.9,47.4,39.9,35.8,35.9,36.1,36.7,37.8,39.0,40.0,41.0,42.0,43.1,44.3
12:23:58.600,77.6,58.0,66.7,68.5,63.2,61.1,62.8,62.2,62.8,63.5,58.8,60.2,58.3,53.4,54.5,47.4,48.3,44.4,43.7,46.2,49.6,49.5,50.2,55.7,51.5,49.4,46.7,39.1,36.2,35.9,36.7,37.4,38.3,39.1,40.0,40.8,42.0,43.2,44.3
12:23:59.600,76.9,57.9,67.1,65.3,64.1,63.4,64.8,61.7,61.4,60.5,58.1,63.1,58.2,51.7,55.4,50.0,50.4,42.2,44.8,46.0,46.9,48.9,50.4,54.2,51.8,48.9,45.2,39.3,36.2,36.5,37.7,37.9,38.5,38.8,40.0,41.1,42.1,43.1,44.3
12:24:00.600,78.1,58.1,67.2,66.9,69.6,67.4,63.2,57.6,58.4,61.5,61.8,64.1,53.2,53.8,55.5,47.7,49.1,44.5,43.8,45.5,46.8,49.4,52.7,54.5,51.1,49.7,47.0,39.4,36.1,36.1,36.5,36.9,38.2,39.3,40.0,41.0,42.1,43.0,44.1
12:24:01.600,79.2,58.4,67.5,72.7,71.0,65.2,60.9,62.9,62.7,58.1,60.0,61.1,58.4,53.5,54.7,47.7,49.2,44.8,42.8,44.8,45.6,50.0,51.9,56.4,48.9,48.2,46.9,39.1,35.1,35.5,36.4,37.3,38.1,39.0,39.9,41.1,42.1,43.0,44.4
12:24:02.600,76.5,58.7,68.4,64.9,66.7,63.8,60.6,60.4,65.0,61.7,62.8,66.1,56.6,53.3,53.8,47.4,48.5,43.5,42.6,43.9,46.3,51.3,52.4,57.4,50.2,47.2,45.5,38.3,34.9,35.9,36.3,37.1,38.1,38.9,40.1,40.9,42.0,43.0,44.3
12:24:03.600,78.3,58.1,68.0,69.2,70.9,66.5,65.2,60.5,57.7,64.3,64.1,63.1,59.4,53.5,53.9,47.3,51.8,44.5,43.3,43.4,46.9,50.7,52.5,56.1,50.1,48.3,45.3,39.6,35.8,36.0,36.4,37.5,38.2,39.2,40.0,41.2,42.1,43.2,44.3
12:24:04.600,79.0,57.3,67.6,72.9,70.6,71.0,67.7,61.7,62.6,59.3,62.8,62.5,60.4,52.6,49.8,45.0,48.2,44.8,45.4,45.2,46.3,49.4,50.7,53.9,50.3,48.7,47.0,39.1,36.0,35.4,36.1,37.3,38.0,39.0,40.0,40.8,42.1,43.0,44.4
12:24:05.600,78.2,57.1,66.6,67.3,68.5,70.6,67.2,62.8,60.5,58.8,59.8,60.4,57.0,51.7,53.1,49.9,49.3,43.4,44.1,42.4,46.3,49.4,49.9,53.8,50.4,46.7,46.6,38.9,35.5,35.7,36.3,37.6,38.2,39.2,40.0,41.1,42.1,43.0,44.3
12:24:06.600,78.6,57.3,67.4,66.7,68.0,66.9,64.0,63.7,61.3,61.9,65.1,59.3,55.5,51.5,53.4,47.7,50.2,45.1,43.2,45.5,45.4,48.7,50.2,54.8,49.9,47.5,46.4,39.2,35.6,36.0,36.8,37.0,38.1,38.8,39.8,40.9,42.0,43.2,44.2
12:24:07.600,78.0,57.0,66.9,69.4,71.1,69.2,67.1,59.1,59.9,58.3,60.7,61.4,55.9,53.7,56.6,48.0,49.4,44.1,42.2,42.9,45.1,48.3,49.9,52.5,51.1,48.2,45.7,39.3,35.8,35.8,36.2,37.3,38.0,39.0,39.9,41.1,42.0,43.2,44.2
12:24:08.600,80.4,57.1,66.9,69.8,68.0,66.1,62.3,61.5,61.3,64.0,62.9,55.7,57.7,54.2,52.3,49.2,49.3,44.0,43.8,42.0,45.2,48.0,50.4,49.8,50.5,49.0,48.7,39.5,35.8,35.4,36.5,37.3,38.3,39.1,39.9,41.0,42.1,43.0,44.2
12:24:09.600,78.6,57.6,67.6,68.4,68.7,67.2,66.6,59.8,59.7,59.6,64.6,59.5,57.5,53.6,57.5,49.3,48.8,44.5,43.2,42.0,44.0,49.5,50.7,52.0,51.2,49.7,49.2,40.6,35.6,35.7,35.9,37.2,38.2,38.8,40.0,41.1,42.0,43.2,44.2
12:24:10.600,82.5,58.1,70.0,73.7,71.9,73.3,66.9,56.8,60.6,62.5,67.1,64.6,58.4,55.0,59.1,51.4,52.4,46.2,44.1,44.6,45.6,48.6,51.4,54.0,50.8,50.3,47.4,39.3,36.2,35.9,36.3,37.2,38.0,38.9,40.1,41.1,41.9,43.1,44.2
12:24:11.600,79.3,58.7,70.0,63.5,65.0,69.5,66.4,53.9,60.5,63.2,67.8,65.8,62.0,52.1,50.7,50.9,52.2,44.3,42.6,41.9,44.5,48.2,52.1,57.3,51.1,49.7,46.0,39.2,35.5,35.5,36.3,37.2,38.0,39.1,40.0,41.1,42.1,43.1,44.2
12:24:12.600,78.5,58.1,71.1,68.3,70.7,69.4,68.8,62.0,55.0,60.1,66.5,69.4,65.5,54.1,56.6,52.7,54.4,44.6,42.6,39.8,44.3,47.3,52.2,55.9,50.9,49.1,44.9,38.4,35.6,35.5,36.5,37.2,38.1,38.9,40.0,41.1,42.1,43.1,44.2
12:24:13.600,80.0,57.9,70.3,72.4,69.7,68.8,63.5,62.8,57.0,60.9,67.2,65.4,60.4,55.9,57.8,50.7,49.6,45.9,44.5,39.8,42.4,46.5,51.3,53.6,52.6,49.8,45.6,38.1,35.0,35.6,36.5,37.4,38.2,38.9,40.0,41.1,42.0,43.1,44.2
12:24:14.600,80.3,58.2,71.2,66.1,70.1,71.4,68.6,61.7,58.2,64.2,67.6,67.6,67.0,56.3,61.9,51.5,49.3,44.2,43.3,40.0,42.6,46.1,51.6,54.2,52.8,49.7,46.4,38.8,35.5,35.5,36.2,37.4,38.0,39.0,40.1,41.0,42.0,43.1,44.3
12:24:15.600,77.6,58.2,71.1,64.4,64.3,69.4,66.6,62.2,60.1,58.6,66.7,67.0,64.6,56.3,60.8,51.9,54.3,45.5,43.6,45.8,42.1,44.7,51.8,54.1,52.3,51.6,45.1,39.8,35.8,35.4,36.3,37.3,38.1,38.9,39.9,40.9,42.0,43.1,44.2
12:24:16.600,78.3,58.4,70.6,69.8,65.0,69.0,67.0,59.4,57.5,61.4,67.1,67.4,65.8,57.6,60.3,52.0,52.3,44.8,42.8,43.3,42.7,45.7,51.5,52.5,53.8,51.6,45.4,39.9,35.6,35.9,36.3,37.3,38.1,38.8,40.0,41.1,42.1,43.1,44.2
12:24:17.600,76.8,59.0,69.1,63.2,64.6,68.3,66.0,62.7,60.9,61.1,63.0,60.1,59.5,55.2,58.9,49.6,48.8,44.2,44.1,43.7,42.4,45.7,51.2,52.2,54.5,52.6,48.6,43.9,36.2,35.7,36.4,37.1,38.2,39.0,40.1,41.0,42.1,43.1,44.2
12:24:18.600,77.1,59.0,69.6,60.7,65.7,65.5,66.7,62.2,57.3,63.1,67.6,66.1,61.4,53.8,57.4,48.4,49.7,43.7,45.8,48.5,44.9,47.7,48.9,52.9,53.8,52.5,49.4,44.0,36.1,35.6,36.4,37.3,38.2,38.7,40.1,40.9,42.1,43.1,44.2
12:24:19.600,79.4,58.0,68.2,69.1,69.2,66.2,67.9,67.2,58.9,62.2,65.7,62.3,59.5,52.5,54.3,47.2,49.8,44.5,46.3,47.8,45.0,47.5,48.4,50.0,52.6,52.6,47.9,41.6,36.5,35.8,36.7,37.3,38.1,38.9,40.1,40.9,42.1,43.0,44.3
12:24:20.600,77.4,57.8,67.0,68.9,65.1,62.0,60.5,61.7,57.0,58.6,66.8,59.8,57.1,50.3,49.0,45.5,48.6,44.9,46.9,54.1,46.1,47.3,48.4,49.5,52.5,52.4,45.8,40.4,35.9,35.4,35.8,37.4,38.3,38.9,39.9,40.8,41.8,43.0,44.2
12:24:21.600,76.8,56.4,67.1,67.3,68.6,66.9,62.6,56.5,60.8,61.5,65.6,63.6,55.7,50.5,50.8,47.2,49.5,43.5,45.9,44.0,42.6,46.4,48.6,48.9,51.4,50.5,46.0,39.8,35.6,35.5,36.3,37.4,38.1,38.9,40.0,41.2,42.1,43.1,44.2
12:24:22.600,75.6,55.9,65.5,65.0,65.6,61.7,64.0,60.1,59.3,62.3,59.8,58.2,54.7,49.9,49.9,46.5,48.0,44.1,43.4,45.9,44.4,48.8,49.0,49.8,49.9,47.8,44.9,39.5,35.6,35.3,36.1,37.1,37.9,39.1,40.1,40.8,42.0,43.0,44.2
12:24:23.600,79.8,56.7,66.1,67.0,68.4,63.3,59.6,58.0,62.2,62.6,59.3,59.4,60.0,50.5,49.0,47.7,49.4,43.2,44.9,48.1,47.0,52.8,51.3,51.2,48.8,47.4,45.3,39.9,36.0,35.6,36.1,37.3,38.0,38.9,40.2,40.9,41.9,43.1,44.2
12:24:24.600,74.9,57.0,65.5,60.6,57.9,57.2,61.6,59.3,59.6,57.7,61.4,60.4,54.8,48.8,52.0,47.3,48.0,44.6,45.5,44.2,46.5,52.0,52.1,51.7,50.0,47.6,45.2,39.8,35.5,35.5,36.3,37.3,38.3,39.0,39.7,40.9,41.9,43.2,44.1
12:24:25.600,76.1,58.5,65.6,61.3,65.1,65.6,62.6,61.4,59.2,61.9,59.0,56.8,53.1,50.8,49.3,47.8,46.9,45.0,49.4,51.3,49.5,54.4,53.5,52.9,51.9,49.7,46.3,40.5,36.1,35.7,36.4,37.1,38.0,39.2,40.0,40.9,42.0,43.0,44.2
12:24:26.600,76.4,59.2,66.9,68.2,70.4,69.0,64.4,60.0,60.8,62.0,60.4,57.4,54.6,51.4,51.2,48.0,48.2,45.1,45.0,44.1,46.7,53.1,54.6,53.4,53.6,51.5,48.2,41.4,36.0,35.7,36.4,37.0,38.2,38.8,39.9,41.0,41.9,43.1,44.3
12:24:27.600,75.9,59.5,66.7,66.1,62.4,62.3,64.4,58.3,56.4,59.5,60.7,58.5,55.2,49.9,51.3,58.2,48.7,45.7,52.2,46.3,48.8,52.8,53.5,52.6,55.3,51.5,47.2,39.8,35.8,35.3,36.5,37.3,38.2,39.0,39.8,40.9,41.9,43.1,44.2
12:24:28.600,78.3,58.8,66.2,56.1,62.7,60.9,59.8,59.1,63.1,59.5,55.7,55.9,53.5,51.2,55.6,56.3,53.1,45.4,51.6,47.6,48.1,51.8,52.1,51.8,54.2,51.0,45.8,39.7,35.7,35.5,36.3,37.2,38.2,38.7,40.1,41.2,42.0,43.1,44.2
12:24:29.600,77.1,57.9,67.3,61.5,61.1,61.7,62.9,59.9,60.5,57.3,63.8,59.1,56.2,51.6,56.5,56.7,51.0,45.2,52.9,47.8,48.5,50.9,50.9,50.3,52.8,50.1,45.0,41.8,35.6,35.9,36.5,37.4,38.1,39.0,39.9,40.8,42.2,43.2,44.2
12:24:30.600,77.8,57.4,66.6,59.8,58.5,65.4,64.8,59.8,60.8,59.1,55.8,56.8,56.8,51.9,57.9,57.0,57.5,45.2,46.0,47.5,47.2,49.3,49.5,50.0,52.0,50.7,44.2,39.8,35.8,35.9,36.2,36.9,38.1,38.9,39.8,40.9,42.1,43.0,44.3
12:24:31.600,76.0,57.2,67.2,63.9,65.9,65.3,65.0,61.4,58.9,55.4,58.5,59.1,54.7,49.5,55.9,62.3,51.6,45.7,54.2,48.8,47.5,49.1,50.5,48.5,51.3,50.1,44.6,39.2,35.2,35.6,36.2,37.2,38.2,38.9,40.0,40.9,42.3,43.2,44.3
12:24:32.600,76.8,58.2,67.6,66.6,66.6,70.7,66.2,57.1,60.5,56.3,57.6,57.7,56.3,52.7,54.9,61.6,57.5,46.1,55.4,55.4,49.8,50.3,51.3,50.7,52.7,49.4,45.0,39.9,35.7,35.5,36.2,36.9,38.1,38.8,39.9,41.1,42.0,43.0,44.3
12:24:33.600,77.3,59.8,68.0,68.1,68.9,67.9,61.6,60.8,56.2,57.4,57.5,60.0,56.7,50.3,53.1,60.4,59.7,45.2,50.4,55.2,47.9,48.0,52.2,54.7,55.2,51.5,48.0,41.3,35.9,35.7,36.4,37.1,37.9,39.0,40.1,40.9,41.9,43.1,44.2
12:24:34.600,76.2,59.8,67.4,66.3,67.9,67.1,61.6,59.6,64.0,58.6,57.2,58.2,57.3,50.8,51.7,61.7,53.0,45.4,51.2,48.1,48.4,46.8,51.8,55.4,54.9,52.3,46.9,41.8,35.7,35.1,36.5,37.3,38.1,38.9,39.7,41.0,42.1,43.2,44.2
12:24:35.600,77.3,60.9,67.9,56.8,62.0,66.1,62.0,61.2,58.5,57.3,59.1,56.2,55.1,49.0,50.9,63.8,55.8,48.4,53.2,53.4,47.0,48.9,51.1,55.6,55.7,54.9,50.0,44.5,38.2,35.7,36.2,36.9,37.8,38.8,40.1,41.1,42.1,43.1,44.3
12:24:36.600,77.3,62.0,67.6,64.9,65.6,68.6,62.8,61.6,59.6,60.2,60.0,59.0,58.4,51.7,53.8,60.2,52.7,45.3,50.6,47.8,47.9,48.8,50.4,57.0,57.9,54.4,53.4,45.5,38.3,35.5,36.7,37.2,38.3,39.2,39.8,41.0,42.0,43.3,44.2
12:24:37.600,76.7,61.5,67.6,68.3,67.3,64.6,58.2,61.7,60.3,55.4,59.2,59.8,55.6,52.0,53.4,61.3,55.4,44.9,47.5,49.8,48.9,51.6,50.6,56.2,56.9,54.1,52.6,44.9,37.3,35.5,36.4,37.4,38.1,39.0,39.9,41.0,41.8,43.2,44.2
12:24:38.600,76.7,61.8,67.6,64.2,66.9,65.1,64.3,59.6,53.9,58.6,57.4,56.3,56.5,51.6,51.6,60.9,55.5,44.8,49.2,47.4,50.1,50.8,52.3,57.6,57.2,55.0,51.7,45.1,37.0,36.1,35.9,37.0,38.1,38.9,40.0,40.9,42.1,43.1,44.2
12:24:39.600,76.1,61.9,67.2,65.4,64.3,65.8,63.7,65.3,60.3,57.9,59.9,56.1,52.8,51.2,51.2,51.1,54.2,46.9,48.2,50.5,51.1,53.2,54.5,56.9,56.8,55.3,51.2,44.0,37.3,35.8,36.4,37.1,38.0,39.1,40.1,41.1,42.1,43.1,44.3
12:24:40.600,78.2,61.6,66.1,61.9,59.0,65.2,64.8,59.5,57.4,52.8,60.0,55.9,53.3,51.0,49.8,48.6,48.4,45.8,47.1,47.5,50.6,52.7,53.6,57.7,57.0,54.3,49.4,43.5,38.2,35.4,36.2,36.9,38.3,38.9,39.8,40.9,42.0,43.1,44.2
12:24:41.600,75.6,61.5,66.5,64.6,64.4,64.9,62.5,60.6,60.7,59.7,59.9,58.9,55.6,48.4,50.9,49.9,50.2,49.6,48.0,48.3,49.6,51.4,53.9,58.4,56.3,53.1,50.0,44.0,37.0,35.6,36.3,37.2,38.1,38.9,39.9,41.0,42.0,43.0,44.3
12:24:42.600,77.5,61.1,66.4,65.9,61.3,60.9,61.9,59.1,59.2,58.3,61.8,56.8,55.3,50.5,51.1,51.8,49.5,49.0,49.0,48.1,49.9,51.5,53.6,57.7,54.3,52.8,50.2,45.3,36.8,35.8,36.8,37.5,38.3,39.1,40.0,40.8,42.1,43.1,44.1
12:24:43.600,74.8,61.2,66.7,64.6,64.4,63.2,60.0,57.9,57.5,52.9,58.2,61.7,56.8,49.5,52.2,53.1,49.1,47.2,51.2,50.3,51.1,51.0,53.8,57.7,54.3,54.3,52.1,46.2,38.0,35.9,36.4,37.0,37.8,39.1,40.0,41.0,42.0,43.0,44.3
12:24:44.600,76.3,61.0,67.4,70.8,67.1,60.0,57.6,60.4,64.2,55.0,60.7,61.7,56.8,52.3,50.0,55.3,50.4,45.6,51.5,47.9,49.4,50.3,52.0,55.2,54.7,55.1,52.3,45.1,36.9,35.8,36.9,37.3,38.1,39.3,40.0,41.0,42.0,43.1,44.3
12:24:45.600,76.8,60.3,66.7,67.2,63.5,57.6,57.0,59.7,59.2,58.7,59.1,60.4,55.8,50.8,51.7,56.5,49.7,47.5,50.0,46.0,46.1,50.1,50.8,53.8,55.6,54.1,49.8,42.7,36.3,35.4,36.6,37.5,38.1,39.0,40.0,40.9,42.0,42.9,44.2
12:24:46.600,75.9,59.8,66.3,65.5,62.0,60.7,59.8,57.8,60.3,60.6,60.6,58.2,54.7,50.3,52.9,55.8,49.3,51.6,49.9,50.4,49.5,49.7,50.9,54.0,54.8,53.2,48.3,40.9,35.8,35.5,36.4,37.2,38.2,39.0,40.1,40.9,42.1,43.2,44.2
12:24:47.600,73.9,57.6,65.3,65.6,64.2,60.6,59.9,61.1,61.9,58.9,57.5,58.1,58.6,51.1,55.0,52.0,49.5,50.7,46.3,48.6,48.5,47.2,50.0,53.4,51.9,50.1,44.8,40.7,35.9,35.6,36.1,37.3,38.2,38.8,39.8,40.9,42.2,43.1,44.2
12:24:48.600,77.6,57.0,65.4,65.0,60.6,63.2,59.3,59.9,60.9,56.8,60.5,59.5,58.0,50.2,55.8,50.8,50.1,47.6,45.8,42.8,45.6,45.5,50.1,51.8,53.1,48.9,43.7,38.9,35.1,35.5,36.6,37.2,38.2,38.8,39.9,40.9,42.0,43.2,44.2
12:24:49.600,77.6,56.4,65.0,69.7,68.4,59.8,56.6,59.3,60.0,61.9,59.7,59.4,53.0,49.5,52.1,48.5,47.1,46.1,46.8,44.6,47.8,45.2,48.3,50.7,51.0,48.0,43.7,38.0,35.3,35.4,36.5,37.1,38.2,39.0,40.1,40.8,42.1,43.1,44.3
12:24:50.600,78.8,56.1,65.3,68.0,66.6,64.1,62.7,64.8,60.7,58.1,59.0,59.3,57.7,51.2,52.9,47.8,49.3,50.3,45.6,47.5,47.6,45.9,47.7,52.4,48.6,48.5,44.2,37.8,34.7,35.3,36.3,37.1,38.1,39.0,40.2,40.9,41.9,42.9,44.3
12:24:51.600,77.3,56.4,65.5,70.3,66.7,62.6,63.2,60.2,52.5,58.2,60.0,61.9,54.7,51.3,54.5,51.2,49.2,47.9,46.4,50.5,50.8,46.4,47.9,52.7,48.3,49.6,43.1,37.3,35.4,35.3,36.2,37.2,38.2,38.9,40.1,41.0,42.0,43.1,44.2
12:24:52.600,76.8,55.2,65.4,70.1,72.4,67.9,58.6,60.2,59.6,57.7,59.1,61.4,55.1,48.3,56.6,50.5,48.9,49.5,45.0,43.7,46.7,47.2,46.9,49.2,47.3,48.2,42.4,37.4,34.8,35.2,36.4,37.2,38.0,39.0,40.2,40.9,42.0,43.0,44.3
12:24:53.600,78.8,54.4,65.0,71.7,67.1,65.1,60.5,63.2,61.5,57.9,58.0,59.9,57.4,50.2,54.2,51.0,50.9,50.3,45.6,45.8,46.4,47.0,46.6,45.8,47.7,46.4,42.5,37.1,34.9,35.7,36.3,37.3,38.3,38.9,39.9,40.9,41.9,43.1,44.2
12:24:54.600,77.5,54.4,65.0,64.1,68.0,64.6,63.2,62.8,58.8,56.7,55.0,57.0,55.1,50.9,52.0,49.8,50.7,49.1,46.3,46.1,43.6,46.3,46.0,45.2,47.6,46.7,41.2,37.2,35.4,35.7,36.6,37.2,38.2,38.7,40.1,41.0,42.1,43.0,44.2
12:24:55.600,77.2,55.1,64.9,63.4,68.7,66.8,66.9,60.7,59.5,54.0,56.1,57.5,54.9,48.8,55.1,52.2,50.3,50.5,48.7,45.7,45.9,47.5,48.6,47.7,47.5,48.1,41.2,37.6,35.2,35.3,36.3,37.0,37.9,39.1,40.0,40.9,42.0,43.1,44.3
12:24:56.600,78.5,54.9,66.2,69.9,69.9,66.9,64.6,65.6,60.7,59.2,59.0,58.4,54.6,49.6,55.6,49.2,48.4,50.1,44.6,45.2,45.6,48.3,49.4,45.5,47.9,48.1,42.0,36.7,35.2,35.4,36.1,37.6,38.3,39.1,39.9,40.9,41.9,43.1,44.1
12:24:57.600,78.9,55.6,67.3,66.4,70.0,69.9,67.8,63.5,58.3,60.1,60.3,62.5,57.2,49.9,54.6,51.6,52.6,50.6,50.9,55.6,50.0,49.2,48.9,47.1,46.0,47.0,44.2,37.3,35.4,35.2,36.3,37.2,38.0,39.0,40.0,41.0,42.0,43.1,44.2
12:24:58.600,78.2,56.4,67.0,69.7,70.0,67.0,66.4,60.8,58.2,54.3,58.1,61.5,60.5,52.9,53.7,54.5,52.8,48.8,47.8,54.5,52.8,51.7,47.5,48.1,47.1,46.5,44.6,37.7,34.8,35.9,36.4,37.0,38.0,38.7,39.9,41.0,42.0,43.1,44.2
12:24:59.600,77.6,55.7,65.8,65.9,64.5,65.1,63.4,60.6,59.3,58.8,58.9,59.1,55.5,53.9,48.6,57.5,53.3,50.0,49.7,49.3,48.3,53.7,45.1,46.9,47.0,47.5,42.3,38.5,35.3,35.5,36.3,37.0,38.0,39.3,39.8,41.0,41.9,43.0,44.2
