AMBIENT,74.8,64.3,70.9,39.1,37.9,39.5,45.5,47.8,51.5,54.4,59.2,59.3,60.9,58.7,57.6,57.5,59.5,59.9,60.7,61.3,59.3,61.7,55.6,56.7,55.1,53.9,50.9,50.8,51.3,47.9,47.9,43.7,39.0,38.0,38.1,37.9,38.4,39.4,40.6
22:34:55.511,76.0,63.5,70.5,36.6,34.6,37.2,47.6,47.1,46.6,50.6,58.0,60.2,60.4,56.4,60.3,55.8,56.9,59.1,60.5,62.0,59.7,61.9,54.2,54.6,53.3,52.4,49.1,49.2,50.4,46.4,45.9,42.5,37.9,37.3,37.8,37.9,38.3,39.4,40.6
22:34:56.511,75.8,64.3,70.9,42.4,37.6,42.1,46.3,45.1,44.6,48.2,58.1,59.4,60.3,56.3,58.9,58.0,59.2,59.5,61.1,62.2,59.8,61.4,55.4,58.4,58.5,52.4,49.7,51.0,50.8,50.3,48.5,44.3,38.4,37.2,37.8,37.8,38.4,39.3,40.8
22:34:57.511,75.0,63.3,70.6,44.8,43.4,40.5,46.2,42.4,48.8,53.1,58.7,60.4,60.7,58.1,58.6,56.7,59.2,59.9,60.4,62.9,59.4,60.8,54.4,54.9,53.9,51.8,48.9,49.7,50.4,46.4,46.5,43.2,38.6,37.8,38.1,37.9,38.4,39.5,40.5
22:34:58.511,75.4,63.3,70.7,52.7,48.5,42.7,47.9,45.7,44.4,48.0,58.2,60.2,60.8,58.4,58.3,56.5,58.7,59.5,60.4,60.7,60.1,61.4,54.1,55.0,52.8,51.6,49.0,49.4,50.2,46.3,46.0,42.2,38.3,37.2,38.0,37.9,38.3,39.3,40.6
22:34:59.511,75.3,63.0,70.6,59.8,54.8,48.4,48.0,47.0,50.1,51.5,59.2,61.0,60.4,60.1,58.9,58.0,59.0,58.7,61.6,60.1,58.6,61.3,53.9,54.9,53.6,51.2,48.8,49.3,50.0,45.5,45.4,41.9,37.7,37.2,37.8,37.7,38.5,39.4,40.5
22:35:00.511,76.3,62.9,70.7,53.9,49.7,42.3,41.7,48.7,48.4,50.1,58.9,59.9,60.1,56.7,57.6,57.7,59.1,59.6,60.1,61.7,59.8,61.5,53.7,54.4,52.4,51.0,48.1,48.4,49.1,44.5,44.2,41.3,37.7,37.0,37.5,37.4,38.1,39.5,40.5
22:35:01.511,72.2,63.0,70.4,42.8,38.5,38.1,46.9,50.1,44.7,51.7,57.4,59.5,60.0,56.0,58.7,57.9,58.6,60.1,59.7,61.4,59.3,61.6,53.9,54.8,53.2,51.1,48.0,48.7,49.6,45.2,45.2,41.1,37.4,37.0,37.5,37.6,38.4,39.5,40.6
22:35:02.511,77.5,72.4,74.8,54.0,48.4,45.0,47.2,47.0,47.4,50.7,56.5,59.6,60.8,58.8,58.4,57.4,59.6,61.3,60.1,60.4,59.4,61.7,55.1,65.9,73.8,55.7,52.0,58.5,60.8,58.0,49.2,53.4,50.3,39.5,41.1,39.1,38.2,39.3,40.5
22:35:03.511,78.1,74.8,76.1,41.0,34.4,39.5,47.7,47.8,43.9,50.3,58.8,60.1,60.7,57.9,58.4,59.1,60.1,59.5,61.0,60.5,59.2,61.3,57.4,58.5,72.8,73.7,61.0,57.2,53.2,55.7,55.3,59.1,52.8,40.4,38.7,37.8,38.3,39.4,40.8
22:35:04.511,77.7,70.9,73.6,44.1,39.2,42.5,49.6,48.8,50.2,51.3,58.3,60.3,61.8,58.9,58.4,56.1,59.0,60.8,61.0,60.3,59.4,61.9,55.5,57.0,58.0,55.1,50.6,49.6,50.8,47.3,46.2,43.4,38.9,37.7,38.0,37.7,38.4,39.3,40.5
22:35:05.511,78.5,68.8,72.0,38.7,38.9,44.1,46.4,46.4,47.4,48.6,56.8,59.2,59.4,58.0,58.1,55.5,58.8,59.5,61.2,59.8,57.6,61.1,53.4,54.4,52.9,51.2,48.9,49.2,50.8,46.5,46.2,42.8,39.4,38.5,38.6,37.8,38.4,39.4,40.5
22:35:06.511,72.7,63.5,71.0,44.7,40.6,37.6,45.5,45.5,50.1,53.1,59.2,60.8,61.2,57.4,54.9,58.0,60.4,59.1,62.2,61.4,59.8,62.4,54.9,55.0,53.3,51.1,48.7,49.7,50.9,46.6,46.3,42.7,40.8,39.9,39.7,38.1,38.2,39.3,40.6
22:35:07.511,72.6,63.7,71.1,48.9,45.0,46.2,48.9,48.8,50.6,53.9,57.5,60.5,60.1,59.9,58.5,57.7,59.9,60.1,62.3,61.9,59.0,62.7,55.3,55.4,53.6,51.6,49.0,49.1,50.4,46.4,46.2,42.4,38.3,37.8,37.8,37.6,38.4,39.5,40.8
22:35:08.511,101.7,64.5,85.9,91.6,88.4,88.7,86.4,88.1,86.4,84.1,78.7,73.3,69.6,66.5,67.8,63.5,63.4,62.4,63.7,65.2,64.1,62.0,56.1,55.1,53.5,51.8,49.2,49.8,50.6,46.5,46.5,43.2,39.0,38.0,38.6,38.0,38.5,39.6,40.8
22:35:09.511,101.4,64.0,87.1,90.9,88.4,85.3,87.8,85.8,84.0,81.6,75.8,70.2,72.2,64.3,63.6,59.5,61.1,59.1,61.7,61.5,60.6,61.9,55.2,54.8,53.8,52.3,48.8,49.1,50.0,45.7,45.3,42.0,37.9,37.5,37.8,37.6,38.3,39.3,40.5
22:35:10.511,100.8,65.5,92.6,81.9,84.6,84.6,92.8,96.3,86.3,89.0,80.4,77.2,78.0,76.0,74.9,67.5,65.2,61.8,64.1,63.9,61.5,61.3,54.5,55.1,53.0,51.3,48.5,49.6,50.5,46.0,45.7,42.0,38.3,37.3,37.9,37.6,38.4,39.3,40.5
22:35:11.511,107.6,71.7,99.8,95.0,97.8,99.6,95.9,96.7,101.4,101.5,90.6,83.7,81.0,82.7,83.7,79.1,73.4,71.0,74.2,74.2,70.1,65.2,58.5,58.3,57.0,53.7,49.0,49.2,51.4,46.8,45.6,42.7,38.5,37.9,38.1,37.8,38.4,39.4,40.7
22:35:12.511,109.4,78.2,101.7,98.8,99.8,96.4,101.6,101.0,100.5,101.3,94.9,88.0,86.1,86.8,86.3,82.8,79.5,76.1,79.4,79.3,77.8,72.3,67.9,65.7,62.5,57.3,54.8,56.6,53.1,51.0,48.3,43.2,39.4,37.5,37.8,37.7,38.3,39.4,40.7
22:35:13.511,111.4,84.8,104.3,97.9,98.2,101.9,101.1,104.2,103.6,101.5,95.0,91.7,91.2,88.6,90.8,88.4,84.7,84.6,87.7,85.2,84.9,80.4,76.6,71.6,67.1,63.1,58.7,56.0,55.3,49.3,47.1,42.9,38.7,37.6,38.1,37.7,38.4,39.4,40.6
22:35:14.511,113.8,90.3,107.2,97.4,98.6,101.8,104.7,108.2,107.5,105.2,99.7,94.1,93.0,91.1,93.7,91.7,94.5,91.2,93.5,92.7,92.4,86.5,82.5,77.5,73.1,70.8,67.1,66.1,65.6,62.0,56.3,51.8,43.1,39.2,38.6,37.9,38.4,39.5,41.1
22:35:15.511,114.2,90.5,107.5,102.6,102.2,102.1,101.9,107.4,104.8,105.7,97.4,91.8,91.7,93.6,96.6,94.8,93.4,90.4,93.1,91.2,90.6,86.8,83.0,79.3,75.6,72.1,69.1,68.3,68.5,65.2,60.2,55.1,48.2,42.4,39.0,37.7,38.3,39.2,41.3
22:35:16.511,116.8,92.0,110.3,103.9,105.6,102.5,107.2,108.5,108.5,106.7,103.7,100.2,101.4,99.3,99.8,95.5,94.5,91.4,92.5,91.4,91.2,89.1,86.9,80.9,78.5,73.8,71.9,70.7,70.8,67.1,63.2,58.8,51.8,47.1,42.2,38.4,38.4,39.5,40.5
22:35:17.511,119.4,92.2,112.2,109.4,109.0,107.4,108.6,107.8,111.8,110.5,108.4,102.5,101.1,98.6,101.8,96.9,96.4,94.0,92.6,91.6,91.3,87.8,87.6,82.3,78.5,76.1,74.0,70.5,71.6,68.9,65.4,60.5,56.5,52.5,46.2,40.1,38.7,39.3,40.7
22:35:18.511,120.5,91.3,113.3,105.3,105.9,108.6,115.2,117.2,110.8,107.7,109.0,107.8,102.6,100.3,98.7,96.4,93.0,93.1,92.7,90.7,90.1,88.1,87.3,82.5,78.5,75.9,73.3,71.4,70.9,67.5,65.4,60.4,55.9,51.0,46.1,40.8,39.0,39.4,40.7
22:35:19.511,120.2,91.5,115.3,100.1,109.2,112.8,112.7,106.7,109.9,112.7,114.3,106.4,105.8,100.3,99.5,96.6,94.2,93.5,93.1,89.4,89.2,87.0,84.7,80.9,77.5,76.0,72.6,71.8,71.7,68.5,64.1,59.9,54.1,48.9,44.0,40.3,39.0,39.5,40.6
22:35:20.511,121.6,94.5,117.5,101.9,106.8,107.7,105.0,111.4,112.3,113.0,115.6,110.9,105.6,101.0,96.6,94.8,96.3,97.1,98.2,92.2,91.1,88.0,85.8,83.9,80.9,77.1,74.6,73.6,74.6,72.0,68.4,64.3,61.5,56.8,52.0,45.1,40.6,39.6,40.7
22:35:21.511,122.2,101.0,117.6,106.2,104.5,106.4,110.4,114.2,115.8,115.8,116.4,111.7,103.6,100.7,98.8,98.4,98.3,102.5,101.7,101.8,96.9,97.1,96.0,92.3,89.6,86.3,83.6,84.6,86.2,83.8,81.5,78.1,76.2,74.7,71.0,66.4,60.3,53.4,44.4
22:35:22.511,123.1,103.0,118.8,102.8,106.6,105.1,108.1,115.2,113.6,116.4,116.4,111.1,107.9,101.0,100.3,102.9,103.8,106.6,107.0,102.5,99.6,98.2,96.6,93.2,91.0,88.2,87.0,86.3,87.7,86.6,85.6,83.1,80.4,76.9,75.1,69.3,62.4,58.2,51.8
22:35:23.511,121.5,101.6,117.5,104.7,107.7,110.0,108.7,106.6,108.0,112.6,117.1,110.6,105.5,97.0,101.3,105.2,102.4,104.1,100.6,101.6,99.6,97.3,95.4,93.9,88.9,86.0,83.0,82.5,81.8,80.8,80.4,77.9,75.6,74.9,71.0,66.7,60.8,54.3,46.8
22:35:24.511,123.8,102.9,119.6,105.9,108.6,109.7,110.1,111.0,115.8,117.9,117.3,111.9,102.7,102.9,105.8,104.4,102.8,103.7,102.7,103.7,101.4,98.7,95.9,94.0,89.5,87.6,85.6,84.5,85.1,83.1,81.2,78.6,76.5,75.3,71.8,66.8,61.4,54.6,47.3
22:35:25.511,122.4,105.0,117.7,105.9,109.0,111.3,113.8,114.6,115.5,112.3,111.2,105.6,107.4,108.7,106.9,105.3,104.8,105.2,104.3,102.5,104.0,101.7,98.5,96.2,93.6,91.6,91.8,92.7,92.2,90.4,87.7,87.9,87.3,84.9,79.8,76.6,74.0,67.4,62.4
22:35:26.511,122.7,104.1,117.7,106.9,109.1,111.3,112.6,114.5,115.7,114.6,108.1,100.6,107.4,108.8,105.7,104.7,107.3,106.8,103.6,103.4,101.9,99.5,96.3,95.2,92.2,90.9,90.6,90.3,90.9,89.7,86.6,85.2,84.1,78.9,73.8,72.0,69.0,63.5,53.4
22:35:27.511,122.4,104.2,117.9,103.6,109.1,113.9,116.3,111.9,109.8,108.0,108.1,104.9,108.3,109.8,106.5,107.4,108.5,107.5,105.7,102.4,102.1,98.1,95.8,92.6,91.5,91.0,87.7,86.7,89.7,87.4,83.8,85.4,85.9,85.0,82.2,79.2,76.1,69.4,60.7
22:35:28.511,122.9,101.9,118.0,109.7,109.6,111.3,114.4,114.8,113.8,114.0,111.3,108.6,109.9,106.2,105.1,108.2,108.7,108.1,102.1,98.9,97.5,94.2,91.1,89.2,88.4,86.5,86.4,85.5,85.1,84.1,82.3,83.6,82.6,80.5,77.3,70.8,65.6,59.3,49.9
22:35:29.511,121.8,96.7,115.4,110.3,112.4,114.8,112.5,109.2,112.8,108.1,109.2,108.6,106.9,101.7,104.9,104.5,101.1,99.8,95.1,98.1,93.4,89.8,85.5,85.0,80.8,81.1,79.1,78.9,80.3,77.5,73.6,73.0,71.4,69.3,63.1,56.2,48.4,40.7,40.5
22:35:30.511,121.9,98.7,115.6,107.8,112.0,112.9,115.7,115.1,113.7,109.1,108.2,106.5,107.0,103.6,104.4,103.2,103.4,99.4,95.3,97.4,95.5,92.3,89.9,89.0,86.6,85.3,84.1,84.0,82.9,82.5,81.1,79.1,78.0,74.9,69.2,64.3,57.8,49.5,43.6
22:35:31.511,120.7,100.5,115.1,108.7,107.9,107.1,108.5,112.2,113.5,108.6,107.2,107.9,106.4,104.2,106.0,104.1,104.0,99.9,99.7,97.9,95.6,92.6,90.8,89.8,90.6,90.2,88.6,86.4,86.8,87.6,85.5,83.9,81.4,78.5,72.0,70.5,64.9,58.4,50.4
22:35:32.511,119.9,100.5,114.8,102.5,103.5,106.7,111.8,112.9,110.5,108.3,110.4,105.0,103.9,104.0,104.2,102.7,99.1,97.0,102.3,98.2,97.6,95.3,93.8,92.0,90.8,88.6,87.6,85.8,86.2,83.4,78.9,78.5,78.5,77.6,72.2,69.3,64.0,54.4,48.1
22:35:33.511,123.1,99.4,115.8,113.4,115.5,115.9,114.9,112.0,110.2,110.3,107.7,108.1,104.7,106.1,106.9,103.7,100.5,98.6,101.6,96.8,96.2,94.6,92.7,88.0,88.8,86.4,84.9,83.2,80.5,78.7,74.6,71.8,69.8,69.2,66.7,58.9,53.2,44.3,41.3
22:35:34.511,122.1,96.5,115.3,112.8,115.6,111.8,110.0,108.7,112.1,106.3,110.4,110.0,104.5,105.7,104.6,104.3,101.9,98.3,98.8,93.5,92.3,88.2,87.7,85.8,83.9,82.7,79.7,80.1,81.6,80.5,75.4,71.2,71.4,69.2,65.9,59.2,54.0,47.3,41.5
22:35:35.511,121.9,98.3,115.5,109.8,112.8,112.7,110.4,110.0,110.5,112.4,108.8,107.6,104.5,104.5,105.3,103.8,99.3,96.9,98.4,98.0,93.7,89.7,89.8,87.5,86.3,86.8,86.8,86.0,85.5,82.9,78.0,74.9,73.0,70.5,68.0,62.2,56.5,51.0,42.7
22:35:36.511,121.0,98.9,115.2,107.7,111.1,110.6,110.3,111.0,110.0,108.4,110.8,106.1,107.2,107.0,105.8,104.2,99.8,99.9,98.7,97.3,95.9,93.2,90.9,90.9,89.7,87.3,85.3,83.1,80.5,78.3,74.9,72.0,70.4,67.8,62.5,57.3,49.6,43.7,41.0
22:35:37.511,120.5,100.0,114.2,111.6,107.3,107.1,106.3,105.7,110.3,106.2,108.1,106.2,104.7,103.3,105.5,104.7,100.0,101.6,99.4,99.6,98.4,95.7,93.7,90.0,85.6,86.1,86.1,82.5,84.3,83.5,80.9,78.5,77.9,75.7,72.5,67.8,61.7,54.6,46.3
22:35:38.511,120.2,101.4,115.2,107.9,110.2,105.7,105.6,106.3,111.1,110.0,109.0,106.6,104.2,106.0,103.8,101.3,101.7,101.7,101.5,99.7,98.8,97.2,94.9,92.6,90.3,87.9,83.5,84.5,87.1,85.8,80.2,78.2,79.4,74.8,73.0,68.0,62.2,56.0,45.6
22:35:39.511,120.0,98.4,114.2,111.8,108.1,108.3,104.2,105.9,109.1,109.4,106.8,105.8,105.5,108.6,102.9,101.9,104.2,100.9,101.0,98.3,96.3,93.7,91.3,87.4,83.7,82.1,80.7,79.9,78.9,77.6,75.6,72.2,69.8,65.1,59.2,56.1,46.7,40.8,40.5
22:35:40.511,118.7,95.5,113.7,99.2,105.8,107.8,106.5,110.6,112.2,106.0,106.8,104.2,105.8,104.8,104.9,101.8,101.4,99.9,97.7,96.3,93.3,88.3,83.3,80.8,78.3,82.0,81.2,75.6,74.2,74.9,73.8,68.9,65.6,60.1,54.9,49.4,42.7,40.1,40.6
22:35:41.511,120.3,95.7,113.8,111.4,108.7,103.4,108.8,110.2,107.3,104.8,109.0,107.3,103.4,105.9,103.0,103.1,101.2,100.1,98.5,96.1,91.1,85.4,84.1,85.2,83.6,82.6,78.6,76.0,76.0,74.3,72.1,70.2,68.1,65.0,60.2,55.1,49.0,43.1,41.2
22:35:42.511,119.7,95.8,112.8,107.1,108.1,109.3,110.3,109.0,105.3,104.0,105.5,105.9,100.8,103.9,101.7,102.4,100.7,98.9,95.9,94.2,93.5,89.4,87.4,85.2,83.5,79.8,80.0,78.5,78.1,77.0,73.5,68.9,66.5,63.3,58.1,52.6,44.2,40.8,40.8
22:35:43.511,118.1,96.2,112.2,107.2,106.8,107.5,107.7,107.3,108.0,103.3,107.1,103.2,103.0,104.1,100.6,100.4,96.9,97.5,94.0,94.1,92.3,89.0,88.7,86.3,87.1,85.9,84.9,82.1,80.3,77.7,75.8,71.9,70.0,66.2,64.2,61.1,54.9,47.3,41.9
22:35:44.511,120.3,98.2,113.1,111.0,111.4,112.0,110.7,108.5,103.6,106.4,106.2,106.6,107.6,105.9,101.5,102.0,97.7,97.8,95.3,94.2,93.6,91.5,91.5,89.6,89.7,90.5,88.7,83.9,82.2,79.8,77.0,75.9,73.6,67.1,66.9,63.4,55.5,47.1,41.5
22:35:45.511,118.5,96.3,111.6,109.3,106.2,106.6,107.4,104.9,102.8,100.9,104.2,105.3,104.1,102.4,99.9,99.7,97.6,95.7,94.8,92.2,89.7,88.5,87.1,85.7,85.7,86.7,85.6,81.9,79.6,78.5,76.7,72.5,69.3,65.3,60.0,55.6,48.4,42.2,40.9
22:35:46.511,119.5,95.7,111.5,110.0,109.2,110.9,110.3,102.2,105.4,102.8,105.3,105.7,102.9,102.3,100.5,100.3,96.7,97.5,96.2,93.9,92.7,90.5,89.8,86.6,85.4,85.8,84.5,78.0,76.6,73.7,69.1,66.7,63.7,60.6,59.0,56.0,46.3,41.4,40.6
22:35:47.511,117.1,95.4,110.6,107.2,105.5,105.4,104.4,104.0,102.8,101.0,106.8,103.7,101.6,100.0,101.5,97.4,96.3,96.6,97.1,94.2,93.0,90.4,88.0,85.6,84.0,83.9,82.6,74.6,73.0,71.3,66.6,63.4,59.7,56.5,52.6,46.2,39.6,39.5,40.5
22:35:48.511,116.7,95.2,110.6,100.1,106.0,107.5,105.7,103.1,105.4,102.9,102.2,107.6,102.5,99.1,100.2,99.0,98.9,96.8,97.6,95.0,93.6,91.0,89.9,86.7,84.0,82.3,81.5,75.5,73.5,73.6,71.6,69.7,64.9,62.2,54.9,48.4,42.4,39.9,40.7
22:35:49.511,115.6,93.2,109.8,102.4,98.0,104.6,105.0,105.5,103.7,101.4,101.6,104.1,101.0,100.5,99.1,97.7,97.5,95.5,94.6,91.9,89.8,87.2,87.1,83.6,82.1,79.3,77.7,73.6,73.3,72.2,67.5,60.9,57.1,52.2,47.1,41.4,38.6,39.5,40.7
22:35:50.511,116.0,93.7,110.2,105.3,110.4,106.3,103.0,102.6,98.8,103.0,107.6,102.9,101.4,100.3,100.0,98.9,96.8,96.7,94.8,91.7,90.1,88.4,88.1,85.8,84.9,83.0,80.0,76.4,75.5,73.1,70.2,67.0,64.5,60.0,57.8,56.5,48.1,42.8,40.8
22:35:51.511,114.8,93.0,109.2,98.4,98.2,103.5,105.7,105.0,103.1,102.9,103.1,104.1,98.9,100.3,99.4,98.2,95.5,94.6,93.2,90.2,88.5,86.7,85.3,82.5,82.8,81.8,78.4,76.1,75.7,73.5,72.8,69.9,64.5,59.0,53.2,47.8,39.8,39.4,40.7
22:35:52.511,115.0,93.9,109.6,104.9,105.5,105.4,100.8,103.8,102.1,97.6,104.5,103.1,99.4,101.0,101.0,97.1,96.1,94.4,93.5,91.5,89.3,87.4,86.1,84.2,83.3,81.4,76.8,76.8,77.4,77.5,77.1,75.0,74.2,71.2,66.2,62.9,54.3,46.9,41.5
22:35:53.511,115.9,93.4,109.5,102.8,104.8,105.6,106.4,104.8,104.3,104.0,103.8,103.1,96.4,100.7,99.9,96.8,95.6,93.3,94.4,91.5,90.9,89.1,86.3,84.3,82.7,79.9,79.9,78.7,79.0,78.4,76.6,74.9,72.9,65.6,60.4,57.6,47.8,41.8,40.7
22:35:54.511,113.2,89.8,107.5,100.1,100.1,101.7,103.7,102.0,100.7,96.9,102.2,102.1,97.4,99.3,95.4,94.6,93.0,91.1,90.4,88.4,85.6,84.7,81.7,79.3,77.2,74.7,74.4,70.6,67.0,64.4,62.9,59.3,55.8,48.8,41.2,38.6,38.5,39.4,40.4
22:35:55.511,112.8,90.0,106.9,102.8,103.5,102.3,99.0,102.8,98.4,97.8,99.5,100.2,99.8,99.1,95.0,95.8,94.6,92.2,91.5,89.2,85.9,84.2,82.8,80.5,81.8,79.1,75.4,72.9,72.5,68.9,64.9,62.4,61.4,52.8,45.3,40.2,38.5,39.4,40.6
22:35:56.511,113.1,90.0,107.8,99.0,99.0,93.6,99.9,102.4,98.7,100.2,102.4,102.4,97.1,100.0,95.3,94.7,93.3,91.6,89.7,87.8,84.7,83.7,80.8,77.6,77.7,74.3,71.2,68.4,64.9,62.2,60.2,60.3,55.8,45.7,40.7,38.0,38.2,39.3,40.7
22:35:57.511,112.8,87.9,107.3,99.6,100.2,104.3,106.1,100.8,99.3,100.4,103.3,102.4,95.5,100.4,96.7,95.9,91.8,91.3,90.2,87.5,85.0,83.3,80.6,77.5,75.5,73.2,70.4,69.8,65.8,62.2,59.0,51.7,49.8,45.0,39.2,37.7,38.2,39.3,40.5
22:35:58.511,112.6,86.2,105.4,102.0,101.5,97.8,102.3,101.4,102.3,98.6,100.7,95.3,94.4,95.5,94.4,91.7,91.0,88.8,87.2,83.0,80.7,78.9,76.1,73.9,73.0,69.6,69.1,67.1,65.6,61.7,56.4,51.7,48.0,41.3,38.2,37.8,38.4,39.2,40.7
22:35:59.511,112.2,86.0,105.8,94.5,94.9,95.7,101.9,102.5,99.4,101.2,101.5,98.2,97.7,95.8,93.8,93.7,91.8,89.1,85.5,84.4,81.5,77.8,77.0,76.8,74.5,72.6,71.6,68.4,65.7,62.3,58.8,57.4,55.1,46.9,41.0,38.4,38.6,39.3,40.5
22:36:00.511,111.5,84.1,103.7,101.2,103.3,102.8,99.7,100.5,96.1,99.0,99.9,95.7,94.1,93.0,91.0,92.1,91.3,87.4,87.5,82.6,79.5,77.1,76.4,73.0,71.1,70.1,68.5,65.2,63.5,60.0,58.1,56.7,56.0,48.2,41.6,38.2,38.4,39.4,40.4
22:36:01.511,111.3,82.3,102.5,98.2,101.5,101.0,102.0,97.9,97.7,97.2,95.3,92.3,93.5,92.7,92.3,91.0,89.0,87.1,84.8,81.1,78.3,73.0,70.9,68.2,65.7,64.1,61.8,57.9,53.9,48.2,45.7,42.2,38.1,37.4,37.5,37.5,38.3,39.3,40.6
22:36:02.511,110.7,82.7,103.9,93.6,95.8,98.2,101.8,101.1,100.7,99.9,98.6,97.5,94.4,93.2,92.2,91.5,89.8,87.8,84.6,81.5,79.6,75.7,75.0,70.3,67.9,65.2,61.5,59.0,56.3,52.4,49.3,45.2,40.2,38.0,38.1,37.9,38.3,39.3,40.5
22:36:03.511,109.5,80.8,102.0,95.0,100.6,100.5,99.6,96.3,94.4,95.7,95.9,95.0,95.0,94.1,90.5,90.5,85.0,86.1,82.3,80.5,75.9,74.0,70.8,66.3,63.8,60.5,57.8,53.5,51.6,47.0,46.2,43.0,38.8,37.6,38.2,37.6,38.1,39.5,40.9
22:36:04.511,107.8,79.2,100.9,92.0,97.6,100.3,101.6,95.6,94.9,95.8,95.3,93.6,89.1,87.9,89.3,89.5,85.9,83.7,81.1,77.8,74.9,71.1,67.9,63.9,61.8,59.7,55.3,52.2,51.7,47.7,46.7,43.0,38.4,37.9,38.4,37.8,38.6,39.4,40.7
22:36:05.511,108.3,79.9,101.1,96.1,97.7,98.1,99.1,97.5,96.7,96.5,97.1,94.4,92.5,92.2,90.4,88.8,85.7,83.6,80.7,79.3,77.3,75.7,72.2,68.7,64.6,62.0,60.1,57.4,53.7,49.8,47.6,44.5,41.3,40.1,38.7,37.8,38.3,39.3,40.5
22:36:06.511,108.9,78.6,99.8,101.6,102.1,96.4,94.6,95.1,97.5,95.7,95.2,90.6,91.3,89.5,89.1,87.0,83.9,82.6,78.0,76.7,76.5,74.7,72.0,68.2,65.3,59.9,57.5,53.4,52.0,47.7,46.7,43.1,38.8,37.9,37.9,37.6,38.3,39.3,40.6
22:36:07.511,107.2,77.1,98.5,98.6,98.9,94.5,95.5,96.2,96.4,96.2,90.7,91.2,93.2,88.3,85.2,84.1,82.8,81.8,80.5,77.1,73.9,73.2,69.3,67.9,64.6,60.9,58.5,53.9,52.0,46.5,46.6,42.6,38.7,37.6,38.2,37.6,38.5,39.3,40.7
22:36:08.511,104.1,75.6,97.4,90.7,90.1,89.0,90.0,96.1,89.6,92.3,91.6,88.6,88.8,86.3,86.3,85.7,84.2,81.3,76.7,73.7,70.9,68.0,62.7,62.0,59.0,55.4,50.8,49.9,51.3,46.5,46.8,43.0,39.1,37.8,38.0,37.6,38.2,39.4,40.8
22:36:09.511,104.6,75.0,96.4,83.6,91.7,93.4,93.6,91.8,91.7,90.3,86.8,90.2,89.1,85.7,84.6,82.5,82.6,80.3,76.8,74.5,70.3,67.1,63.2,61.8,60.3,54.1,51.8,49.6,49.9,45.2,45.2,41.4,38.1,37.4,37.9,37.7,38.3,39.3,40.5
22:36:10.511,105.1,75.0,96.5,93.1,97.6,98.6,93.8,89.5,92.1,91.6,89.6,91.7,89.6,85.7,87.0,82.9,83.2,79.3,78.2,74.7,71.7,66.7,64.1,60.1,55.9,52.1,49.1,49.8,49.3,47.8,45.3,41.9,38.3,37.1,37.8,37.7,38.3,39.3,40.8
22:36:11.511,104.8,73.8,95.8,84.7,92.7,94.1,89.3,92.8,91.9,92.6,88.7,85.8,87.7,85.5,85.3,82.7,82.0,77.7,76.2,73.0,67.8,65.7,60.3,61.0,57.9,54.5,51.6,50.9,49.4,45.4,44.7,41.6,38.0,37.2,37.7,37.6,38.3,39.3,40.6
22:36:12.511,105.5,73.7,95.7,97.0,90.5,88.0,93.4,92.7,90.2,93.6,90.3,85.0,87.5,85.4,83.5,82.0,80.8,78.3,75.8,71.5,67.6,67.4,64.7,62.0,58.1,56.3,52.0,50.4,50.7,47.4,46.0,42.6,38.2,37.8,37.8,37.7,38.3,39.5,40.5
22:36:13.511,104.7,73.2,94.7,94.1,92.8,96.0,92.0,88.4,89.6,90.6,88.5,86.3,86.8,84.1,83.7,81.6,79.2,78.4,75.4,73.5,68.6,67.6,63.4,59.9,57.1,54.8,50.2,49.6,50.4,46.8,46.4,42.6,38.4,37.4,38.0,37.7,38.2,39.4,40.6
22:36:14.511,102.7,73.2,93.6,88.9,88.8,89.0,92.4,92.5,90.3,89.4,86.3,82.4,84.2,83.4,83.9,81.4,78.8,76.7,75.0,73.0,70.2,68.4,65.4,59.9,56.9,55.5,51.0,51.3,50.6,46.7,46.8,43.1,38.2,37.5,38.1,37.7,38.3,39.5,40.6
22:36:15.511,102.4,72.9,93.6,88.7,92.7,94.2,92.9,91.3,86.0,84.3,89.5,87.7,87.5,82.2,82.2,79.9,78.1,76.1,75.4,71.6,70.4,67.3,63.7,59.8,59.4,55.6,51.4,52.4,52.2,48.0,47.9,43.9,39.3,38.5,38.7,37.8,38.4,39.4,40.9
22:36:16.511,104.2,72.0,94.0,91.2,92.3,96.9,94.5,92.1,90.3,91.9,87.8,84.6,89.6,82.1,80.0,79.8,76.1,75.3,74.3,71.9,69.0,66.4,62.0,60.1,56.8,54.4,50.2,51.4,52.4,47.0,47.0,43.4,38.9,37.9,38.5,37.8,38.4,39.3,40.6
22:36:17.511,103.6,70.7,93.1,89.9,89.9,91.4,96.9,93.4,88.2,88.6,84.8,83.7,84.1,79.2,79.9,80.6,76.0,73.5,71.6,70.3,65.9,66.0,59.5,59.1,57.5,55.4,51.4,50.3,52.4,47.7,46.7,43.1,39.4,38.5,38.5,38.8,39.2,39.4,40.7
22:36:18.511,102.3,69.9,92.5,87.7,91.0,94.4,92.6,89.3,90.9,87.7,86.0,86.0,84.4,80.6,78.7,78.5,75.0,73.6,71.3,66.2,64.9,64.5,63.1,58.5,61.4,56.1,51.3,50.2,51.4,47.8,46.8,43.8,39.0,38.1,38.2,37.9,38.3,39.4,40.7
22:36:19.511,101.8,68.5,91.6,91.3,91.1,89.5,92.1,90.0,91.2,88.7,87.6,84.3,82.7,79.6,77.8,76.6,72.4,70.2,68.5,66.3,64.7,64.6,62.0,57.8,55.9,54.6,50.7,51.4,54.2,48.7,49.2,43.9,39.6,38.3,38.7,38.0,38.4,39.2,40.6
22:36:20.511,100.5,69.8,91.1,89.1,90.2,91.6,90.1,88.1,88.8,90.4,84.7,82.7,83.1,78.9,77.7,74.6,73.2,69.9,68.3,65.7,63.4,64.3,57.2,55.5,55.8,52.8,49.7,50.0,54.9,60.4,58.4,51.1,42.6,39.6,39.3,37.6,38.3,39.4,40.7
22:36:21.511,104.0,71.1,89.5,89.6,89.7,87.9,89.5,89.8,84.0,85.3,82.3,80.1,80.0,77.8,75.7,74.4,73.0,68.3,68.9,66.1,62.0,63.7,58.5,64.4,62.1,63.8,65.3,59.9,60.1,59.4,57.6,49.6,39.5,41.2,38.7,38.0,38.4,39.4,40.5
22:36:22.511,101.7,70.4,90.4,91.4,95.8,92.4,88.5,85.0,85.5,87.6,84.9,83.3,84.3,78.5,77.9,73.3,70.8,66.6,65.5,63.8,61.9,66.7,58.4,57.8,63.2,57.1,55.4,55.1,57.8,48.8,52.9,51.0,39.1,38.8,38.7,38.5,38.7,39.5,40.8
22:36:23.511,100.3,71.2,90.1,88.1,92.7,91.3,90.0,85.0,85.7,87.5,85.4,83.5,83.7,78.4,78.0,75.0,72.1,68.5,68.0,65.6,63.5,63.1,57.4,63.8,64.3,61.1,59.6,54.4,59.9,55.0,51.7,47.0,39.8,38.5,38.5,38.0,38.3,39.4,40.6
22:36:24.511,101.5,74.4,89.4,92.7,91.4,90.1,91.5,89.9,84.5,85.1,83.6,80.1,81.0,76.4,75.9,72.8,70.0,67.9,64.6,63.3,63.0,63.0,58.0,70.6,68.6,67.1,54.4,61.4,59.0,55.7,56.6,49.1,39.1,39.9,38.9,37.9,38.5,39.4,40.6
22:36:25.511,96.7,76.0,86.4,84.4,84.0,85.8,83.6,83.6,84.5,81.8,78.9,80.7,78.4,76.1,72.2,70.5,68.3,67.4,64.6,64.5,63.6,64.5,63.5,58.2,72.8,62.3,65.5,61.9,61.3,60.0,57.1,54.6,44.0,45.0,42.2,39.5,39.1,39.7,40.5
22:36:26.511,97.1,74.5,86.3,84.6,87.3,85.8,83.7,81.3,82.9,81.2,80.7,77.7,77.3,76.3,74.7,70.5,67.6,65.3,64.3,64.2,62.0,63.3,62.3,64.4,59.8,60.8,52.9,56.8,63.1,72.3,64.3,57.8,43.8,44.3,42.6,39.2,39.1,39.7,40.8
22:36:27.511,98.4,65.3,85.1,90.7,90.8,86.7,83.9,85.7,82.8,83.3,77.6,76.1,76.4,72.3,71.8,67.5,66.7,65.6,65.0,63.0,60.9,61.7,55.4,55.8,53.2,51.5,48.8,49.4,50.5,47.8,46.6,42.8,38.6,37.7,37.6,37.7,38.1,39.3,40.9
22:36:28.511,99.8,65.5,85.0,85.8,87.9,86.3,79.1,79.8,83.7,78.2,77.5,76.6,76.9,73.9,72.6,69.0,66.7,65.2,63.5,63.4,60.9,63.0,56.3,55.1,54.0,52.9,48.8,49.8,50.8,46.1,45.7,42.3,38.4,37.5,37.9,37.5,38.5,39.5,40.6
22:36:29.511,97.2,65.8,84.2,87.3,87.8,86.3,86.2,81.8,78.2,79.8,75.5,75.1,75.6,73.6,71.5,67.5,67.5,65.7,63.6,63.1,61.3,61.9,55.7,55.5,54.8,53.1,50.2,51.6,52.5,48.7,47.0,44.3,37.9,37.2,38.1,37.7,38.2,39.3,40.6
22:36:30.511,99.4,65.0,83.8,87.2,84.5,83.5,82.2,76.4,78.2,77.4,78.5,76.1,74.9,69.8,71.9,70.9,67.1,65.8,65.6,63.3,61.4,61.3,55.1,55.5,52.9,50.6,47.8,48.3,49.6,46.2,45.4,41.8,38.1,37.7,37.5,37.7,38.3,39.4,40.7
22:36:31.511,96.3,64.6,83.0,80.7,86.0,86.0,85.1,81.8,82.3,78.0,74.9,72.7,73.8,69.4,68.8,68.0,63.4,63.3,63.1,62.9,60.8,61.9,55.9,55.7,54.5,52.0,48.7,48.9,50.3,46.1,45.9,41.9,38.0,37.1,37.6,37.5,38.3,39.4,40.5
22:36:32.511,95.1,64.1,80.9,77.4,76.6,80.5,77.4,75.6,78.9,80.0,74.1,70.9,70.7,67.4,64.9,63.5,63.7,63.0,63.3,61.6,60.4,61.9,55.6,55.7,53.2,52.0,49.5,49.9,50.7,46.2,46.2,43.2,38.9,37.6,38.4,37.8,38.4,39.3,40.7
22:36:33.511,95.0,63.9,81.2,84.8,86.7,84.7,79.5,78.9,75.4,74.3,73.1,75.5,70.3,71.4,66.0,62.8,65.1,62.6,62.5,62.7,60.4,61.4,54.5,54.2,53.0,52.1,49.6,49.1,50.0,46.4,46.1,42.3,38.4,37.5,37.9,37.6,38.3,39.4,40.6
22:36:34.511,95.3,63.8,80.3,88.2,84.3,81.6,76.3,78.3,79.2,76.5,73.3,74.2,69.9,66.7,66.2,63.5,61.2,61.0,61.9,60.6,59.4,61.6,54.4,54.3,52.7,52.1,50.3,49.4,50.0,45.8,45.8,42.1,38.7,37.6,37.9,37.6,38.4,39.3,40.7
22:36:35.511,98.3,63.6,79.3,86.6,85.1,82.4,79.6,79.7,76.5,71.7,71.3,70.9,66.7,64.9,62.8,60.0,60.5,60.0,61.9,62.1,59.6,61.9,55.0,54.8,52.4,51.7,49.1,48.8,50.0,45.6,45.8,41.7,37.7,37.2,37.7,37.4,38.3,39.4,40.5
22:36:36.511,97.2,63.6,78.1,80.1,75.9,77.9,78.4,73.0,75.2,72.5,70.9,65.5,65.2,63.7,63.7,61.3,62.1,60.0,61.7,62.1,60.0,61.8,54.1,53.7,53.0,51.7,49.1,49.1,50.2,46.3,45.4,42.0,38.0,37.2,37.9,37.8,38.3,39.3,40.4
22:36:37.511,94.1,63.4,78.3,86.9,85.8,83.3,80.6,75.9,75.4,74.8,70.8,67.0,65.9,62.6,62.7,60.9,57.9,59.8,60.1,61.6,59.2,61.6,54.8,55.1,52.8,51.4,48.9,49.2,49.9,45.6,45.6,41.8,38.0,37.5,37.7,37.5,38.3,39.4,40.8
22:36:38.511,99.4,63.5,78.8,84.0,85.1,82.3,78.0,76.2,72.2,71.8,68.0,69.0,68.3,61.1,62.0,60.2,60.5,60.3,60.7,63.4,60.4,62.3,54.4,54.9,53.1,52.0,48.2,48.9,49.8,45.6,45.3,41.7,38.0,37.2,37.7,37.6,38.4,39.5,40.6
22:36:39.511,90.1,63.7,77.2,76.4,77.2,76.1,74.3,76.0,74.4,69.6,68.3,68.7,67.7,59.4,61.1,58.8,60.2,60.4,60.1,62.4,59.8,61.9,54.2,54.0,52.7,51.7,49.0,50.1,51.0,46.8,46.4,42.9,38.4,37.8,38.1,37.8,38.3,39.4,40.8
22:36:40.511,92.0,64.3,76.0,85.4,84.0,81.8,75.1,72.3,72.2,68.1,66.3,65.8,65.7,62.7,60.3,58.4,60.5,58.6,60.9,60.5,59.5,62.7,55.1,56.4,55.6,52.6,49.5,50.1,52.9,47.6,48.6,44.0,38.5,37.8,38.2,37.5,38.5,39.4,40.6
22:36:41.511,90.8,63.7,75.4,74.3,70.7,73.3,75.1,75.4,68.9,71.2,66.2,64.2,62.5,59.4,59.4,57.1,59.5,60.3,62.2,61.6,60.2,62.3,55.0,54.4,53.5,52.7,49.3,49.0,49.6,45.7,45.7,41.9,38.4,37.6,37.8,37.7,38.4,39.4,40.7
22:36:42.511,93.4,63.6,74.8,81.7,77.6,73.4,73.2,68.0,73.3,66.5,66.2,65.9,65.3,58.3,59.9,57.5,60.2,59.9,60.7,60.2,60.0,61.8,55.1,54.2,53.8,51.6,48.7,49.6,49.8,46.1,46.1,42.3,38.4,37.4,38.0,37.5,38.3,39.3,40.5
22:36:43.511,97.8,63.9,74.6,77.5,79.3,78.2,71.5,72.8,72.8,69.5,67.2,63.3,63.1,61.9,61.2,57.8,58.7,60.2,61.0,61.9,60.0,62.9,54.6,55.7,55.7,52.0,48.8,50.2,50.7,46.0,45.7,42.2,38.3,37.6,38.0,37.8,38.2,39.4,40.5
22:36:44.511,95.4,63.5,74.0,77.5,74.9,78.1,73.5,70.5,70.0,68.1,62.6,61.3,62.5,58.7,59.2,58.5,60.4,60.5,61.1,61.2,58.6,61.5,54.7,54.0,53.2,52.0,49.0,49.9,50.8,46.1,46.2,42.6,38.2,37.6,38.1,37.6,38.4,39.3,40.7
22:36:45.511,93.3,63.6,75.0,80.2,79.1,76.6,70.5,63.9,66.3,69.8,62.7,63.3,63.8,59.8,59.3,57.1,60.2,59.7,59.7,61.0,60.0,61.4,55.0,54.9,53.7,52.4,49.7,50.0,51.1,46.5,46.5,43.0,38.4,37.5,38.0,37.6,38.4,39.2,40.6
22:36:46.511,92.8,64.0,73.6,77.1,77.5,77.2,71.9,69.2,68.4,65.9,60.3,60.7,64.3,58.9,59.4,59.0,58.3,61.0,60.9,61.4,59.1,62.1,59.1,55.2,53.4,52.2,49.8,49.9,51.3,47.8,47.8,43.9,38.9,38.0,38.6,37.7,38.3,39.3,40.6
22:36:47.511,92.8,64.2,73.2,81.2,78.8,72.9,73.4,69.7,68.5,63.9,60.6,59.7,61.4,59.1,57.2,57.3,60.6,60.4,61.0,62.0,60.8,61.5,55.1,56.4,53.7,54.9,48.7,50.0,51.3,46.9,46.7,42.6,38.2,37.5,37.8,37.9,38.3,39.4,40.6
22:36:48.511,94.3,65.1,73.3,76.3,76.6,76.6,71.2,70.9,67.4,63.9,65.3,62.0,62.6,59.0,61.4,57.9,55.8,57.9,60.2,60.7,58.5,62.4,57.6,56.1,61.7,52.0,49.7,49.6,51.8,47.6,46.6,43.7,38.9,37.6,37.8,37.8,38.3,39.4,40.7
22:36:49.511,96.8,65.0,73.4,75.9,75.5,74.2,71.2,71.1,65.2,66.3,63.2,62.8,62.3,62.0,60.3,58.2,59.5,58.6,61.1,62.1,60.0,61.5,56.8,57.5,59.7,52.9,49.5,52.8,52.7,47.6,47.3,44.0,38.4,37.6,38.1,37.7,38.5,39.3,40.5
22:36:50.511,100.1,63.8,73.5,77.2,78.1,74.5,70.9,69.0,68.6,66.8,63.3,62.2,64.7,60.2,59.6,58.2,59.3,60.0,61.9,60.6,59.8,62.3,56.3,54.6,53.1,52.7,50.7,50.2,50.4,46.3,48.8,42.5,37.5,37.0,37.4,37.5,38.2,39.3,40.5
22:36:51.511,95.9,63.5,72.8,81.6,75.5,73.9,69.6,67.4,63.2,64.1,64.6,61.6,62.1,59.2,60.2,58.4,57.2,60.4,60.6,61.3,60.4,63.4,54.5,54.2,53.1,51.4,48.6,49.0,50.4,46.0,46.1,42.6,38.0,37.2,37.7,37.6,38.2,39.3,40.6
22:36:52.511,90.4,64.2,73.1,79.1,75.8,71.7,69.6,70.4,65.1,63.4,65.5,61.8,62.6,60.1,58.5,58.0,62.1,59.9,60.9,61.7,58.9,62.3,56.7,56.6,55.0,52.8,48.9,51.7,51.3,46.6,47.0,43.3,38.6,37.5,38.1,37.7,38.3,39.3,40.6
22:36:53.511,93.1,63.6,73.4,77.5,73.4,64.8,69.5,72.6,66.4,64.1,59.7,61.9,63.3,61.8,61.3,58.9,60.2,59.4,60.5,61.0,59.1,62.3,55.4,53.8,52.8,51.2,48.7,49.7,50.4,45.9,46.1,42.6,38.4,37.5,37.9,37.8,38.3,39.4,40.5
22:36:54.511,93.4,68.3,73.8,73.4,73.6,71.6,66.5,68.1,63.5,64.0,56.0,59.7,64.3,58.9,60.9,57.8,58.0,60.1,61.4,62.2,59.7,62.4,60.5,63.2,63.4,59.2,54.1,54.2,54.7,51.1,55.2,54.0,39.2,38.9,38.8,37.8,38.3,39.6,40.5
22:36:55.511,93.9,68.1,73.2,75.6,69.5,65.1,66.4,68.4,64.9,63.0,55.2,57.6,60.6,61.0,59.2,57.1,58.8,59.6,60.6,60.5,58.8,62.5,62.3,59.6,59.7,61.8,53.9,53.0,53.5,51.0,51.3,45.4,38.9,38.2,38.3,38.0,38.4,39.3,40.6
22:36:56.511,92.5,65.3,72.6,71.6,70.1,72.3,67.5,64.4,66.2,63.8,61.8,62.2,62.9,58.6,57.2,58.1,59.4,58.5,61.1,61.1,59.2,62.0,56.6,57.8,56.5,52.3,49.2,50.1,50.6,46.5,47.1,43.6,38.4,37.5,37.9,37.8,38.6,39.5,40.8
22:36:57.511,91.5,66.1,73.1,77.4,75.7,70.6,69.1,70.9,66.2,64.1,63.0,61.2,63.6,58.3,59.6,57.8,60.6,59.4,62.4,61.8,58.8,61.0,56.7,58.1,61.4,58.6,50.7,52.2,52.2,50.0,50.3,43.3,39.3,37.8,38.1,37.6,38.3,39.4,40.5
22:36:58.511,96.6,67.2,73.1,70.6,67.3,68.6,68.1,60.6,61.6,62.5,59.7,61.1,61.8,59.7,59.7,58.0,59.7,59.7,62.0,63.0,58.5,62.7,61.7,60.7,56.5,53.6,50.9,53.4,55.6,54.3,48.6,46.4,41.1,38.2,38.8,38.3,38.5,39.5,40.8
22:36:59.511,97.7,68.8,73.8,73.3,65.0,61.7,69.3,66.0,62.2,63.3,59.5,61.2,62.5,59.7,59.7,55.9,59.2,61.2,62.1,59.6,59.8,62.9,59.7,63.7,64.9,55.4,54.1,58.6,56.6,55.5,49.9,46.9,41.6,38.4,38.5,38.1,38.5,39.4,40.6
22:37:00.511,89.4,66.2,73.0,73.5,70.4,67.9,66.2,68.0,66.8,62.2,60.5,61.3,62.3,61.2,60.8,58.9,58.5,60.0,62.1,61.5,60.0,63.5,58.8,60.1,57.3,54.6,51.2,51.1,51.4,48.9,47.1,43.0,39.4,40.0,41.6,39.9,38.8,39.4,40.7
22:37:01.511,91.8,66.4,73.0,76.5,72.9,64.5,67.5,65.8,61.9,58.9,62.3,60.3,62.0,58.8,61.0,58.0,59.4,59.5,61.3,62.7,60.5,61.3,60.8,62.5,57.5,54.3,50.9,58.4,56.9,53.0,51.7,46.7,42.4,42.0,42.4,39.4,38.9,39.3,40.5
22:37:02.511,91.9,66.8,73.0,77.3,70.9,67.5,68.3,66.6,61.7,60.0,60.4,60.4,61.1,57.6,61.3,58.6,59.4,61.2,61.4,60.3,59.2,63.0,56.9,59.9,55.8,53.3,49.5,50.7,52.4,49.1,48.1,43.3,39.1,38.7,38.6,37.8,38.5,39.4,40.6
22:37:03.511,92.3,74.3,76.5,72.5,66.6,67.7,67.9,66.5,63.1,63.2,63.7,61.9,62.0,58.0,59.0,56.1,59.0,59.9,60.8,61.1,61.8,66.7,62.6,66.0,71.6,65.4,62.2,63.6,64.0,61.1,58.7,58.4,46.2,43.6,40.5,38.4,38.5,39.6,40.8
22:37:04.511,94.6,67.9,73.0,76.7,68.9,61.7,59.7,67.0,61.3,59.9,59.4,61.6,61.6,58.4,59.4,58.5,60.5,59.6,60.3,61.4,59.3,62.3,56.5,59.1,62.3,59.6,55.2,55.6,52.6,49.8,51.5,50.0,41.7,38.5,38.5,37.9,38.5,39.5,40.8
22:37:05.511,95.7,72.4,75.9,76.1,70.9,69.0,68.1,64.2,58.2,59.9,59.8,61.5,63.1,58.5,57.4,58.0,57.4,59.2,62.4,62.4,62.5,65.1,61.6,71.6,67.3,56.0,58.2,58.0,57.4,59.1,56.2,54.8,46.7,45.8,44.3,41.7,39.1,39.8,40.8
22:37:06.511,94.5,69.4,73.7,79.0,73.1,63.8,67.5,65.3,65.3,61.5,60.7,62.4,62.0,57.9,58.1,57.8,58.7,60.4,60.3,61.9,60.3,65.6,55.8,56.1,59.9,51.7,51.8,56.4,57.7,53.7,52.8,48.2,40.5,38.6,38.1,38.0,38.4,39.4,40.5
22:37:07.511,91.7,69.2,73.6,75.3,69.8,66.8,64.6,63.3,67.3,60.8,61.5,58.6,61.4,57.5,59.1,57.2,58.7,58.7,59.6,61.0,62.4,63.2,53.6,65.6,61.1,59.3,51.1,53.4,59.4,57.7,56.7,58.6,44.9,41.0,38.6,37.9,38.4,39.5,40.7
22:37:08.511,89.7,66.7,72.9,77.1,73.8,69.0,65.5,65.5,65.6,63.1,59.6,60.8,61.9,58.3,60.8,57.2,58.1,60.7,61.4,62.1,59.5,61.8,55.1,60.3,63.2,53.7,50.4,51.1,54.8,52.1,55.9,49.6,40.5,40.8,42.8,39.7,38.6,39.6,40.8
22:37:09.511,95.0,71.7,74.7,77.6,76.5,68.5,60.3,57.7,66.3,65.1,60.9,60.8,61.2,59.5,59.3,56.9,60.8,61.3,60.9,61.4,59.1,61.9,54.4,57.4,54.9,55.9,51.6,50.6,50.6,48.0,46.4,42.9,40.5,42.9,46.1,39.6,38.6,39.4,40.5
22:37:10.511,95.3,68.5,73.5,77.6,73.5,68.6,65.6,64.9,65.4,59.3,61.5,62.8,62.8,60.8,59.1,58.9,58.0,59.9,60.7,61.9,60.4,62.4,54.7,59.9,57.2,58.1,56.0,50.5,53.7,56.1,57.7,49.5,40.2,38.3,38.4,38.2,38.5,39.5,40.7
22:37:11.511,89.9,72.0,74.8,73.0,68.3,64.8,63.5,62.5,61.3,62.1,61.3,62.8,63.8,57.9,57.9,58.0,57.4,61.0,61.0,60.7,62.2,62.3,56.8,65.4,61.7,63.3,69.6,58.9,52.5,51.1,57.5,47.6,39.9,40.1,38.0,37.7,38.3,39.4,40.8
22:37:12.511,87.9,67.2,72.7,74.7,68.6,64.6,61.8,60.5,59.0,63.1,62.8,60.7,61.6,58.7,59.7,58.0,59.6,60.2,61.1,61.2,60.8,62.5,54.3,54.8,57.5,52.0,48.6,50.3,54.1,58.3,52.4,48.3,39.0,37.9,38.1,37.7,38.3,39.5,40.6
22:37:13.511,91.7,66.2,72.8,71.9,66.0,68.6,68.6,64.6,64.2,64.6,64.1,61.2,62.2,60.9,60.1,59.8,58.9,59.9,60.4,60.8,59.1,63.4,64.5,54.4,55.1,53.2,49.3,54.2,56.5,50.9,51.9,47.4,39.3,38.1,38.9,38.5,38.5,39.5,40.6
22:37:14.511,92.1,67.5,73.2,73.1,67.0,63.7,57.2,63.7,65.9,63.3,60.9,62.4,63.7,59.2,59.4,58.2,58.0,60.3,61.5,61.8,60.8,62.2,55.3,60.9,58.9,59.3,53.4,54.9,56.4,48.0,49.4,43.9,38.7,37.9,38.3,37.8,38.3,39.5,40.6
22:37:15.511,88.7,68.0,73.3,75.2,73.4,68.3,64.8,65.7,65.5,60.9,61.1,62.1,61.8,59.4,61.8,57.4,58.6,59.4,60.2,61.3,60.4,61.8,59.5,66.2,59.4,56.3,52.0,53.8,54.8,48.6,47.1,44.2,38.9,37.8,38.1,37.7,38.4,39.4,40.9
22:37:16.511,88.9,64.9,72.7,72.7,68.7,63.0,62.4,67.5,63.1,63.8,62.5,59.7,62.6,57.7,61.0,58.1,59.6,61.5,62.5,61.4,60.6,62.6,58.4,58.3,56.6,52.7,50.0,51.1,51.6,49.5,46.4,42.7,38.2,37.8,38.0,37.6,38.4,39.4,40.7
22:37:17.511,88.8,72.5,74.9,71.7,69.2,67.5,61.5,59.7,65.8,67.2,62.8,62.2,64.3,59.4,61.5,56.7,60.2,61.1,61.0,59.7,60.0,60.9,55.2,56.5,63.1,60.0,65.9,65.9,64.5,53.6,59.5,56.8,44.3,40.3,39.2,38.2,38.5,39.3,40.6
22:37:18.511,90.7,74.4,76.4,74.6,71.4,67.8,63.9,64.4,62.2,66.4,62.5,62.8,61.5,59.3,61.6,58.2,60.2,58.7,60.5,60.2,63.0,65.7,58.6,68.3,71.3,67.0,59.8,64.5,66.1,60.4,63.5,56.2,42.1,41.7,38.9,37.9,38.3,39.5,40.6
22:37:19.511,89.1,68.6,74.2,67.2,67.4,67.1,67.4,68.0,69.5,64.4,65.5,62.3,64.6,60.1,59.9,55.9,60.9,60.6,60.6,59.4,58.3,62.1,55.2,54.5,60.8,53.7,50.8,51.9,50.8,46.6,46.3,42.4,38.4,38.1,38.1,38.2,39.5,39.7,40.5
22:37:20.511,90.6,75.6,77.9,70.8,74.2,73.1,69.2,65.7,64.8,62.0,63.7,63.1,62.7,62.3,59.0,56.6,59.5,59.7,60.2,61.4,59.3,61.8,57.7,70.6,73.8,62.6,52.2,53.0,54.2,48.0,57.0,49.3,40.7,41.7,40.1,38.0,38.4,39.5,40.7
22:37:21.511,91.3,69.5,74.5,67.6,73.7,71.6,66.6,65.0,66.2,63.5,61.5,62.8,63.5,61.3,60.6,59.5,61.0,59.9,59.8,60.8,60.4,62.4,58.9,63.4,61.2,62.0,54.2,58.8,60.6,52.4,56.9,47.0,38.6,38.8,38.0,37.8,38.4,39.4,40.5
22:37:22.511,91.4,65.3,73.1,73.5,66.2,63.8,61.8,65.5,65.2,64.6,64.4,62.1,62.9,58.1,58.9,58.2,59.8,60.2,61.1,61.3,59.3,61.1,57.3,57.7,63.0,53.7,49.8,51.8,51.3,47.5,47.1,43.2,38.6,37.8,38.0,37.9,38.4,39.4,40.7
22:37:23.511,86.2,66.8,73.1,70.0,66.1,63.1,62.9,65.7,66.6,61.2,61.4,63.9,65.6,57.6,58.5,57.9,58.2,60.2,60.4,61.8,60.8,63.0,56.3,58.1,60.9,58.1,58.1,57.6,52.3,51.0,50.6,47.8,40.1,42.1,42.0,39.8,38.6,39.4,40.5
22:37:24.511,91.5,65.5,73.7,75.2,68.6,64.0,67.2,70.9,68.6,69.9,65.0,61.6,63.3,62.1,61.2,57.8,59.7,59.6,61.7,61.2,59.0,62.2,56.6,57.9,57.1,53.8,49.3,51.0,54.2,50.3,50.2,47.6,39.2,37.7,37.9,37.7,38.3,39.4,40.7
22:37:25.511,89.6,66.8,73.8,74.1,72.3,68.5,61.7,64.6,63.5,65.8,66.0,65.1,62.0,59.6,60.7,58.1,60.5,59.7,61.6,61.6,59.8,64.1,58.6,62.7,55.3,55.1,51.4,49.6,51.7,47.9,47.1,42.8,38.7,37.9,38.2,37.7,38.3,39.4,40.4
22:37:26.511,86.5,66.6,74.3,69.2,66.5,67.3,63.1,69.7,67.0,67.8,63.6,65.0,61.5,62.8,60.3,59.3,58.4,60.6,61.7,61.6,58.3,63.6,58.0,62.0,57.2,53.7,51.4,50.7,51.3,49.8,47.5,44.0,39.7,39.4,38.6,37.8,38.2,39.2,40.7
22:37:27.511,90.7,64.6,74.5,73.5,70.9,65.0,71.1,76.3,68.0,69.0,64.5,65.2,64.7,60.7,60.4,57.7,60.5,61.1,60.8,61.1,59.2,63.2,57.4,56.0,53.6,52.4,49.5,49.4,51.6,47.0,46.7,43.2,41.5,42.5,43.0,39.1,38.6,39.4,40.7
22:37:28.511,90.6,63.9,74.0,75.3,71.9,72.2,68.7,69.5,67.1,65.9,60.6,67.5,64.0,62.7,59.0,58.4,59.5,59.5,61.2,61.3,59.3,60.7,54.1,55.4,53.8,50.9,47.8,49.1,50.3,46.0,45.2,41.7,38.1,37.7,38.2,38.1,38.4,39.3,40.3
22:37:29.511,88.7,64.6,75.9,76.0,70.7,71.3,72.9,75.1,75.9,69.7,67.1,65.1,65.6,61.2,62.4,58.7,58.2,61.2,61.1,62.1,59.4,61.1,54.9,57.6,56.1,54.7,50.0,49.9,50.7,48.8,46.7,43.2,39.0,37.8,38.2,37.9,38.4,39.4,40.6
22:37:30.511,85.7,65.3,75.2,76.8,68.6,67.5,65.1,66.3,69.7,68.8,69.5,68.3,65.2,61.8,60.4,58.3,59.9,60.9,61.2,60.3,61.3,62.8,59.8,58.3,53.0,51.0,49.3,50.0,50.8,48.1,46.9,43.2,39.2,38.1,38.2,38.0,38.5,39.3,40.6
22:37:31.511,91.8,63.8,74.9,73.0,69.4,72.3,70.6,64.3,71.1,71.0,67.4,67.4,62.6,60.8,62.4,59.8,61.6,59.9,60.4,60.7,60.4,62.0,54.7,55.6,52.8,50.8,47.7,48.3,50.0,46.2,45.6,42.5,39.6,40.4,40.2,38.0,38.5,39.5,40.4
22:37:32.511,91.2,63.9,75.2,73.3,70.6,76.1,76.7,70.3,65.4,66.0,70.6,63.3,66.5,61.7,62.2,59.4,60.7,59.9,61.4,62.0,61.1,61.1,57.0,56.0,53.5,51.9,49.0,49.5,50.8,48.3,46.2,43.1,38.3,37.7,38.1,37.7,38.4,39.3,40.5
22:37:33.511,86.5,66.7,74.6,65.9,62.4,70.0,70.9,66.6,67.2,65.0,67.4,64.9,65.0,61.1,61.1,60.6,60.0,60.7,61.7,60.5,60.8,62.0,63.4,62.9,61.0,59.6,57.2,52.0,52.5,48.7,49.4,45.8,39.9,38.1,38.2,37.6,38.5,39.3,40.5
22:37:34.511,90.3,64.3,75.3,74.4,76.7,78.3,69.7,65.6,63.6,67.0,70.9,66.8,66.9,60.9,61.0,61.9,59.6,61.7,60.2,60.3,61.1,63.4,55.9,56.2,54.1,51.7,49.1,49.7,50.9,46.9,46.3,42.8,41.9,41.9,42.0,38.5,38.6,39.3,40.8
22:37:35.511,88.8,64.0,75.2,71.1,70.6,70.5,72.9,70.0,67.9,65.8,68.6,65.9,66.9,64.2,62.9,61.6,62.8,61.7,61.6,62.6,59.9,62.4,57.5,56.1,53.2,51.1,48.5,49.3,50.3,48.7,46.1,42.5,40.3,39.2,40.1,37.9,38.3,39.4,40.6
22:37:36.511,91.2,64.2,76.0,73.1,75.2,79.9,73.0,63.4,71.2,69.4,69.1,68.2,67.7,64.2,62.5,59.6,60.7,60.9,60.9,61.2,59.6,61.2,55.6,59.3,56.6,54.0,48.8,49.6,49.6,47.0,45.5,42.3,38.4,37.7,37.9,37.6,38.4,39.4,40.5
22:37:37.511,93.5,67.0,78.0,77.2,76.3,75.3,80.9,76.7,76.2,73.4,69.0,71.0,71.2,62.6,63.3,62.3,60.5,59.2,61.6,61.7,60.4,62.8,56.0,60.6,59.5,55.8,53.5,54.5,53.1,47.8,51.5,47.4,39.1,38.9,39.1,38.7,38.7,39.5,40.6
22:37:38.511,89.5,67.5,77.8,76.8,76.4,76.1,72.7,75.3,73.5,69.1,72.2,69.3,67.6,64.0,62.8,59.7,61.5,60.7,62.9,61.8,60.3,63.8,58.5,68.2,60.7,56.4,53.0,50.5,51.2,48.1,46.5,43.8,38.6,38.8,38.2,38.0,38.3,39.3,40.6
22:37:39.511,91.7,64.9,76.2,75.1,74.8,69.0,75.3,76.4,73.7,71.9,65.6,64.5,67.8,63.1,60.5,60.7,61.1,59.8,60.9,61.8,61.1,61.6,56.7,57.5,56.8,53.7,49.5,50.2,51.5,48.7,46.6,43.6,38.8,37.9,38.0,37.5,38.3,39.4,40.4
22:37:40.511,90.5,64.3,76.8,78.1,78.1,77.8,75.4,73.0,70.1,73.0,68.9,69.3,68.3,66.1,61.4,60.6,60.4,61.4,61.8,60.8,59.7,61.7,55.4,58.3,55.8,51.7,49.3,49.9,51.1,48.0,46.6,43.1,40.5,41.6,41.3,38.5,38.3,39.4,40.6
22:37:41.511,89.0,64.9,77.4,70.5,74.8,76.0,74.5,70.7,71.8,70.4,69.6,64.6,67.6,63.0,59.9,59.3,59.6,61.3,62.5,61.2,60.5,61.8,55.4,59.3,59.5,54.6,51.1,50.2,50.9,48.6,48.7,43.5,39.0,38.9,38.4,38.2,38.3,39.4,40.8
22:37:42.511,90.2,64.6,77.1,70.2,72.6,75.4,77.8,75.8,73.2,74.2,69.7,68.1,66.6,62.8,62.0,61.1,62.0,60.6,61.0,60.6,60.5,62.0,55.8,58.8,54.8,52.6,49.4,49.7,50.7,47.4,46.4,42.7,42.5,42.6,42.8,38.9,38.4,39.4,40.6
22:37:43.511,90.7,63.9,76.4,75.4,78.4,76.9,78.3,71.6,64.4,69.8,65.7,70.9,68.6,63.7,64.2,61.6,60.7,61.2,61.6,61.3,59.4,62.1,55.0,56.8,54.1,51.8,49.5,49.6,50.5,46.6,46.2,42.7,39.3,39.3,38.3,37.6,38.3,39.4,40.6
22:37:44.511,88.0,64.4,77.1,73.3,73.4,78.5,75.9,73.6,74.5,73.4,68.5,65.5,66.1,63.9,63.7,60.9,61.8,60.7,61.4,61.7,59.0,62.0,55.2,58.9,55.4,52.2,49.5,49.7,50.6,47.8,46.6,43.0,38.7,37.7,37.7,37.7,38.4,39.3,40.6
22:37:45.511,85.9,66.7,76.5,73.9,76.5,78.1,76.4,70.2,69.3,72.1,71.1,65.7,67.5,63.5,63.2,60.9,60.1,59.3,60.8,61.2,61.1,63.0,55.0,57.5,60.3,60.1,53.8,55.4,58.4,50.2,51.6,50.6,39.7,38.4,38.2,37.8,38.4,39.3,40.6
22:37:46.511,89.3,65.6,76.8,74.6,74.9,76.6,75.2,73.9,70.0,74.1,70.6,68.1,64.4,63.4,62.0,60.1,60.3,60.5,61.9,61.4,60.7,63.2,57.3,55.5,53.3,52.4,51.4,51.1,51.2,49.3,47.6,43.1,39.8,39.3,38.6,37.7,38.3,39.4,40.7
22:37:47.511,90.5,66.8,77.6,77.0,78.5,77.7,78.1,74.7,73.7,73.3,67.7,67.3,68.2,65.9,63.2,63.3,61.2,62.3,61.5,60.7,58.7,61.6,57.1,61.3,59.7,58.7,50.7,53.3,52.6,49.0,48.7,44.4,38.7,37.7,38.1,37.8,38.4,39.3,40.5
22:37:48.511,90.4,75.9,79.0,74.5,77.5,77.4,77.6,71.0,70.9,74.7,68.5,65.1,66.2,64.3,64.8,59.9,62.0,60.3,61.0,60.9,61.0,62.1,59.4,65.7,60.8,71.8,68.0,71.2,67.9,63.3,60.5,51.9,46.0,41.3,39.8,38.1,39.1,39.6,40.6
22:37:49.511,87.8,68.4,77.7,69.3,74.0,76.8,77.7,76.6,70.9,76.3,70.7,66.0,65.6,66.9,62.7,62.1,60.3,61.9,62.3,61.3,58.6,62.3,56.3,60.8,55.8,54.6,53.6,54.6,55.5,53.9,51.5,45.2,41.0,38.6,38.8,37.9,38.5,39.4,40.5
22:37:50.511,88.7,70.6,77.0,76.8,77.2,76.7,74.1,68.8,68.1,69.9,70.3,68.1,69.4,64.3,61.6,60.6,61.6,61.6,61.5,61.6,61.0,63.4,64.9,59.8,59.6,54.5,54.0,56.3,54.2,54.1,53.7,48.3,40.0,42.3,39.4,38.6,38.4,39.4,40.5
22:37:51.511,88.2,70.2,77.9,76.5,75.1,72.2,75.4,76.9,73.5,74.1,68.7,67.8,66.6,63.1,61.7,59.3,59.6,60.7,63.6,62.5,62.3,63.0,60.5,64.4,60.3,56.8,52.2,51.5,52.4,55.8,57.9,55.1,44.9,39.6,40.3,38.5,38.8,39.4,40.4
22:37:52.511,89.2,65.9,78.4,71.6,72.9,76.2,75.1,75.1,75.9,76.4,71.9,67.3,68.3,62.7,63.3,60.1,60.4,61.1,61.6,61.9,59.8,61.2,57.7,62.8,55.8,53.4,50.0,52.7,51.5,50.2,47.6,43.4,40.0,41.7,40.8,39.9,38.6,39.3,40.5
22:37:53.511,87.6,72.9,80.5,68.7,73.4,77.3,76.8,72.0,75.6,77.0,71.6,69.0,65.7,62.4,66.0,64.8,60.0,61.2,61.3,61.9,59.7,63.7,59.4,63.5,65.3,63.6,56.2,55.8,59.3,55.5,54.7,47.4,42.5,39.4,39.2,38.1,38.5,39.4,40.7
22:37:54.511,88.4,70.9,78.2,68.3,73.5,76.0,77.2,68.4,70.8,72.9,70.3,69.5,66.5,64.8,62.3,62.1,61.5,61.4,60.8,61.5,61.0,62.2,60.9,65.7,60.7,54.7,52.3,57.4,58.1,57.1,59.2,58.3,44.0,40.1,39.2,39.0,38.4,39.4,40.6
22:37:55.511,88.9,69.2,78.8,78.1,78.6,75.1,73.9,75.2,73.5,74.8,73.6,73.6,70.9,68.9,63.3,63.5,63.2,61.3,59.7,61.8,59.1,63.2,58.1,57.4,63.6,58.5,61.1,55.8,53.9,59.7,53.7,46.3,41.1,39.6,39.2,38.6,38.5,39.5,40.7
22:37:56.511,87.8,71.1,79.7,76.9,79.1,76.7,75.1,74.1,74.0,72.5,73.3,73.4,71.1,68.3,67.0,62.5,61.4,62.7,61.5,61.4,60.0,63.6,65.2,66.5,66.1,56.0,57.1,55.7,60.3,63.2,54.3,51.8,41.7,40.8,40.9,39.9,39.0,39.5,40.6
22:37:57.511,86.5,66.6,79.0,71.4,77.1,77.2,78.9,74.1,75.1,76.7,75.5,72.0,68.5,64.5,65.9,61.4,62.2,61.3,61.8,62.4,60.3,62.0,55.0,55.9,54.8,55.8,51.1,51.7,52.5,47.7,47.7,43.9,39.4,38.4,38.6,38.1,38.6,39.6,40.6
22:37:58.511,89.4,68.5,77.7,70.3,77.9,80.2,78.6,71.7,70.6,71.9,69.3,71.1,68.3,66.1,62.7,60.2,60.9,60.7,60.6,61.9,59.8,63.4,56.4,60.4,63.9,56.2,53.0,51.5,56.4,52.1,49.0,44.8,39.4,38.4,38.9,38.1,38.5,39.4,40.8
22:37:59.511,88.6,74.5,79.8,74.2,75.9,73.1,70.6,75.0,79.0,74.6,71.4,71.7,67.3,65.7,64.1,62.1,61.0,60.6,59.8,62.4,59.9,61.8,61.7,65.1,70.8,60.8,62.3,62.1,59.2,51.3,49.3,43.3,39.2,38.5,38.4,37.7,38.3,39.4,40.9
22:38:00.511,86.7,69.8,78.9,72.8,66.0,69.0,72.4,71.5,73.7,73.8,72.2,70.8,68.1,65.2,66.9,62.2,63.5,61.4,62.0,62.7,59.6,62.8,56.6,63.8,62.2,60.8,53.8,57.8,59.3,53.0,50.7,44.2,40.2,38.6,38.2,37.8,38.3,39.4,40.8
22:38:01.511,91.1,73.7,79.6,69.9,78.1,75.7,74.1,76.8,75.3,73.1,71.4,74.0,71.2,68.9,67.9,64.6,64.0,61.8,61.6,63.8,60.0,63.3,62.8,59.0,61.8,60.9,57.4,59.2,59.1,59.3,58.8,52.1,41.9,41.6,39.3,38.5,38.7,39.6,40.6
22:38:02.511,86.6,71.7,77.6,71.6,65.3,68.0,74.7,72.0,69.1,74.1,73.2,69.8,68.2,66.7,64.3,62.0,61.8,61.2,61.2,61.8,60.5,62.0,59.4,62.5,61.6,62.0,53.8,59.6,55.9,55.9,52.4,45.6,40.5,39.3,39.0,37.9,38.5,39.7,40.6
22:38:03.511,87.5,66.2,77.4,70.8,74.3,73.2,72.9,70.5,69.0,73.4,71.1,67.6,69.1,67.0,66.9,62.7,61.1,61.5,60.6,61.1,58.6,61.7,56.9,61.8,58.0,54.1,52.2,50.3,51.6,48.1,46.9,43.6,39.4,38.5,38.3,38.0,38.6,39.5,40.6
22:38:04.511,90.2,65.9,78.6,75.7,78.2,73.2,76.5,78.7,73.9,75.2,76.1,69.2,69.1,69.1,65.2,65.7,63.9,62.7,61.0,62.3,59.8,63.2,58.4,55.9,53.7,52.1,50.4,51.1,51.6,48.4,47.9,43.9,41.3,40.8,39.4,38.2,38.6,39.5,40.8
22:38:05.511,88.0,65.2,77.1,76.1,71.8,68.2,76.6,74.5,74.6,73.8,69.9,69.2,68.2,65.7,65.0,65.2,59.5,61.6,61.7,62.0,59.3,62.0,56.7,56.6,56.8,53.2,51.2,50.6,51.2,47.6,47.3,43.8,40.8,39.2,38.8,38.1,38.4,39.3,40.5
22:38:06.511,89.2,64.1,77.2,76.9,73.2,68.6,71.8,73.1,76.0,75.0,69.4,66.8,68.3,68.7,64.9,64.6,60.9,61.5,61.8,62.7,59.2,62.0,56.4,56.3,55.0,51.9,50.1,50.7,50.3,46.3,46.0,42.4,38.9,38.0,38.8,38.0,38.4,39.3,40.6
22:38:07.511,88.3,65.3,75.1,72.0,76.6,73.5,74.9,72.9,70.0,69.3,68.2,64.0,64.8,63.0,62.6,60.6,60.0,60.6,61.7,62.9,58.1,61.2,64.9,56.1,53.9,52.2,49.2,49.1,51.1,47.1,46.4,43.0,39.0,38.5,38.4,38.0,38.7,39.4,40.8
22:38:08.511,88.4,64.9,76.0,70.9,71.5,73.7,71.2,72.4,72.3,70.4,66.2,65.5,65.8,63.9,61.4,62.2,60.2,61.6,61.3,59.8,59.4,61.4,55.7,58.0,54.5,51.7,48.9,50.6,51.5,48.7,46.7,43.0,43.6,45.7,41.6,41.9,39.5,39.4,40.6
22:38:09.511,85.7,63.5,75.0,77.5,78.5,76.4,72.8,72.2,68.8,68.3,68.5,68.0,64.3,62.9,61.0,61.3,62.0,60.7,60.4,61.3,58.5,61.0,54.6,53.8,53.5,51.6,48.9,48.9,51.2,46.5,46.3,42.9,39.2,38.1,38.3,38.0,38.5,39.5,40.7
22:38:10.511,87.7,65.9,76.4,75.2,76.0,76.8,71.7,72.3,72.0,71.1,69.6,71.0,68.0,64.4,61.4,61.1,60.4,60.9,61.7,62.0,60.4,61.8,59.6,63.7,58.5,54.0,51.2,53.3,52.3,51.3,47.3,44.4,39.6,39.3,39.0,39.0,38.8,39.5,40.6
22:38:11.511,89.5,63.2,75.5,78.1,74.0,72.4,70.2,69.6,72.9,70.8,67.5,67.1,65.8,61.5,62.0,59.6,62.1,58.6,60.4,61.2,59.2,60.7,54.7,55.1,52.7,51.7,49.3,49.7,50.8,46.2,46.3,42.7,38.7,37.8,38.2,37.8,38.3,39.4,40.7
22:38:12.511,90.9,64.1,75.7,77.1,76.4,77.7,74.2,69.1,72.3,71.4,67.5,67.1,63.8,62.7,62.3,61.0,61.0,60.4,61.4,62.1,58.9,61.1,55.3,54.1,53.2,51.3,48.5,49.3,51.4,46.5,46.5,43.5,39.5,39.4,38.7,37.9,38.2,39.5,41.0
22:38:13.511,88.6,63.8,75.3,71.0,71.7,71.5,69.4,65.8,70.7,70.9,70.7,69.8,66.1,63.0,60.5,60.7,59.5,60.2,60.7,62.7,60.0,62.3,56.9,54.1,53.4,51.6,48.8,49.3,50.5,46.7,46.2,42.5,39.2,37.9,38.3,37.9,38.2,39.3,40.5
22:38:14.511,90.8,66.0,75.1,75.0,70.4,74.7,75.8,67.9,69.0,70.5,66.6,67.7,65.3,63.3,62.6,62.1,61.0,60.4,60.6,63.6,59.4,63.7,59.7,59.1,58.4,55.0,49.5,51.8,52.5,49.4,50.3,42.0,38.4,37.5,37.9,38.1,38.7,39.5,40.7
22:38:15.511,89.1,70.7,76.8,79.4,76.8,71.9,66.4,63.4,67.0,70.8,68.1,67.9,67.0,63.4,60.3,61.8,61.3,59.9,60.5,61.9,61.2,62.5,65.4,73.0,61.6,54.8,49.9,49.2,49.7,46.8,49.0,42.0,38.6,38.2,38.0,37.9,38.8,39.4,40.5
22:38:16.511,86.1,63.8,75.6,75.3,75.7,76.0,72.1,65.1,72.1,73.7,65.7,65.5,64.7,63.9,64.2,62.5,59.9,61.1,59.6,60.8,58.9,62.9,58.2,55.4,52.5,51.7,48.1,49.4,50.2,49.3,44.5,41.0,37.8,37.2,37.5,37.5,38.3,39.4,40.5
22:38:17.511,89.8,63.1,75.9,76.0,74.8,73.5,69.2,67.4,66.2,71.9,70.1,66.7,66.6,66.1,61.7,61.5,60.5,61.4,60.8,61.8,58.8,61.7,55.1,53.5,52.4,50.3,47.7,48.5,48.0,43.9,42.9,39.5,37.4,36.8,37.4,37.6,38.3,39.4,40.7
22:38:18.511,89.3,64.3,75.2,78.5,75.8,71.2,68.2,69.0,68.3,70.6,66.1,67.9,65.3,67.7,62.1,60.8,61.3,60.8,60.7,62.1,59.1,61.8,56.3,59.5,57.4,51.7,50.3,49.2,49.5,45.7,44.8,41.3,38.6,38.2,38.6,38.0,38.3,39.4,40.6
22:38:19.511,88.2,65.1,75.3,76.9,78.4,80.5,76.2,67.2,69.0,68.7,67.8,66.8,64.3,64.2,60.2,60.7,60.3,60.3,61.5,63.0,59.6,62.7,59.7,61.8,54.6,51.5,49.6,50.9,49.8,46.8,45.0,41.7,38.5,37.5,37.6,37.6,38.3,39.3,40.9
22:38:20.511,89.7,69.5,75.7,79.8,75.2,72.5,69.6,65.5,67.7,67.7,68.5,65.8,65.2,63.7,59.1,57.7,60.1,61.2,60.8,62.9,59.6,63.3,64.1,65.2,63.5,55.8,56.0,59.0,57.5,55.2,51.8,45.3,41.3,39.8,38.9,38.2,38.4,39.5,40.4
22:38:21.511,90.3,70.8,76.4,77.2,75.7,75.0,75.0,69.6,64.0,66.6,67.1,67.2,64.9,64.3,61.6,58.7,59.7,61.1,60.9,61.3,59.3,65.7,71.0,61.0,53.3,55.4,51.9,54.8,55.8,55.2,48.3,44.5,40.7,41.6,41.7,43.0,39.4,39.5,40.6
22:38:22.511,91.8,71.6,76.7,85.1,77.0,75.3,68.2,68.1,64.2,70.3,65.9,63.2,65.0,62.8,60.1,59.4,58.8,60.6,61.6,60.9,60.8,65.2,67.1,63.0,66.2,63.3,64.2,56.1,55.8,48.6,46.4,46.6,43.2,38.8,38.7,38.6,38.7,39.5,40.7
22:38:23.511,89.5,73.4,77.2,78.4,75.9,77.1,75.0,64.1,61.2,69.4,65.3,64.3,63.8,63.2,61.3,58.4,60.1,59.9,60.8,59.8,59.7,64.9,69.2,69.1,66.2,60.0,62.0,62.5,63.2,57.6,55.2,46.7,45.3,41.1,39.4,38.7,38.9,39.5,40.6
22:38:24.511,87.4,71.8,76.3,79.1,74.5,72.8,71.4,67.9,63.4,69.0,64.7,66.5,65.6,61.7,56.8,60.4,60.4,60.0,59.4,59.9,58.9,63.3,67.9,68.3,66.6,65.2,60.9,63.3,57.6,55.5,53.2,45.7,43.5,40.6,39.7,39.1,39.1,39.5,40.6
22:38:25.511,89.4,75.1,77.9,79.2,77.7,74.2,69.9,70.2,65.6,65.0,67.1,64.8,64.7,63.2,59.9,58.6,60.7,60.3,59.5,58.9,58.5,61.8,63.0,72.1,72.1,56.7,63.7,64.5,65.0,61.3,59.6,55.2,54.9,51.6,50.7,43.3,41.4,40.0,40.8
22:38:26.511,90.6,80.6,81.5,80.8,80.8,79.1,74.3,66.8,69.3,66.2,66.3,63.4,66.7,61.8,60.5,55.7,61.3,60.2,60.2,61.1,60.7,62.5,60.2,70.0,79.7,68.1,64.8,74.4,71.8,70.4,59.5,62.7,60.4,50.3,44.0,44.6,44.2,40.7,41.1
22:38:27.511,89.8,77.9,79.3,80.0,75.2,70.8,68.3,70.2,68.6,64.7,64.8,61.2,64.0,60.4,58.8,59.8,61.6,60.1,60.6,61.9,60.9,64.9,65.6,70.3,67.6,64.0,67.3,67.5,59.3,58.4,55.6,52.0,45.1,41.8,40.2,42.7,40.6,40.0,40.6
22:38:28.511,87.4,74.6,77.9,80.3,77.4,74.5,71.6,70.3,68.8,64.2,60.5,65.2,66.8,60.0,57.2,58.9,59.1,60.5,60.0,61.6,59.9,63.0,64.8,74.4,66.9,63.3,61.0,60.3,61.3,62.4,54.9,54.1,50.0,45.1,39.5,39.6,39.2,39.3,40.4
22:38:29.511,90.1,68.6,75.0,78.0,74.7,73.1,68.6,67.7,65.9,63.6,63.6,62.6,67.5,60.4,61.6,59.1,59.7,60.8,59.7,60.1,59.3,61.8,62.2,62.2,64.1,54.0,52.6,52.6,51.4,52.8,47.1,44.2,41.1,40.1,39.7,39.4,39.2,39.6,40.7
22:38:30.511,86.8,69.1,75.3,73.0,73.7,77.4,75.0,69.8,68.4,66.8,65.4,63.8,64.3,59.5,57.4,60.0,60.7,60.8,59.3,60.7,59.8,62.2,63.3,65.0,66.6,58.3,56.0,54.7,50.5,50.2,48.3,43.9,40.6,39.4,39.3,38.3,38.4,39.3,40.7
22:38:31.511,87.2,69.5,75.5,79.0,79.7,76.8,70.4,70.2,67.6,63.4,65.2,65.7,65.7,61.1,60.8,60.6,61.5,59.3,61.1,60.0,59.9,62.4,63.5,69.6,65.1,57.6,54.8,53.4,49.8,48.7,46.3,43.2,40.9,38.5,37.9,37.8,38.4,39.4,40.7
22:38:32.511,88.2,72.7,77.0,77.6,76.7,77.4,74.8,73.4,63.9,62.4,65.2,60.9,65.1,61.8,59.2,58.5,59.2,60.1,59.9,60.4,59.0,61.6,61.0,74.3,65.4,56.8,64.7,62.4,63.1,58.0,49.5,52.9,51.9,43.4,38.5,38.9,38.7,39.5,40.4
22:38:33.511,87.9,76.9,78.6,74.6,75.8,77.3,71.1,70.8,68.4,67.0,66.6,64.2,66.2,63.5,60.8,58.6,60.1,60.1,59.7,59.5,57.8,62.9,58.2,65.7,73.5,62.5,69.6,71.5,63.4,63.4,57.0,55.7,50.9,45.0,41.8,40.7,40.1,39.7,40.6
22:38:34.511,88.9,71.5,77.0,78.1,80.3,80.3,75.4,72.2,70.3,65.5,62.2,65.0,65.7,63.6,62.2,59.9,61.6,62.0,60.4,59.5,59.0,62.6,64.7,69.7,59.3,57.2,60.2,55.6,54.8,56.2,56.2,53.7,50.9,48.3,43.8,40.4,39.0,39.6,40.6
22:38:35.511,89.1,63.3,73.8,75.3,74.9,72.9,66.3,69.5,66.7,64.1,65.7,66.6,69.3,61.2,56.4,58.2,61.4,60.2,58.3,59.9,59.3,61.9,54.6,54.7,53.7,51.1,48.3,48.4,49.4,46.4,45.8,41.6,38.6,37.3,38.1,37.8,38.5,39.6,40.5
22:38:36.511,88.5,66.3,74.8,82.0,79.7,78.1,73.1,69.4,66.3,66.9,62.5,66.3,67.8,63.7,61.0,60.6,61.3,60.8,59.7,60.1,60.7,60.8,62.2,59.0,53.0,51.3,48.7,52.7,51.5,50.3,46.6,43.0,39.0,37.6,38.2,37.8,38.2,39.4,40.6
22:38:37.511,88.4,70.4,76.5,76.0,78.6,76.6,71.3,72.0,68.2,70.3,64.2,64.7,67.0,64.5,61.0,59.5,62.0,59.8,60.6,60.1,58.8,62.8,63.3,69.7,65.7,55.5,58.7,51.1,50.9,48.2,47.2,44.6,40.6,39.0,38.5,38.4,38.4,39.4,40.7
22:38:38.511,88.3,69.3,75.9,78.3,73.1,72.4,73.9,71.9,70.5,68.5,65.4,65.5,66.9,64.6,61.2,60.4,61.4,59.9,60.5,60.8,59.4,62.0,61.3,67.8,57.7,53.9,56.5,50.8,52.0,48.9,48.7,43.2,39.6,37.8,38.1,37.7,38.4,39.4,40.9
22:38:39.511,91.0,66.1,75.1,81.3,79.8,77.9,75.9,70.6,66.6,62.4,67.3,67.1,66.8,63.2,60.3,59.9,60.9,59.9,60.9,59.9,59.6,62.9,59.2,61.9,58.1,53.5,52.0,52.6,50.6,49.4,45.6,41.9,39.6,38.2,37.7,37.8,38.2,39.5,40.6
22:38:40.511,85.8,66.9,75.1,77.8,77.1,74.0,71.9,72.6,66.7,67.5,64.4,63.5,66.0,63.8,61.1,58.3,61.4,60.4,59.4,59.7,58.8,62.6,61.0,64.4,57.9,51.1,48.6,55.5,49.9,48.4,45.7,41.7,38.1,37.6,37.5,37.6,38.3,39.3,40.6
22:38:41.511,90.0,62.8,74.5,80.9,78.2,75.4,72.3,72.5,71.1,68.1,65.8,64.5,65.4,60.4,58.7,58.3,59.6,61.2,60.3,60.5,59.0,61.9,54.0,53.5,51.6,50.4,48.2,49.0,48.9,45.3,45.3,41.3,37.7,37.0,37.6,37.4,38.2,39.3,40.7
22:38:42.511,89.8,63.2,74.5,74.6,77.7,77.0,75.0,68.8,66.2,67.9,67.4,64.6,65.0,62.7,57.3,58.7,62.4,60.7,59.8,59.6,58.9,62.6,56.1,56.3,52.1,50.6,47.5,48.5,48.2,45.4,45.0,40.7,37.3,37.0,37.6,37.8,38.2,39.3,40.4
22:38:43.511,89.1,65.6,74.8,79.7,80.0,75.1,71.1,70.5,67.1,69.7,70.6,65.4,63.7,63.0,61.1,58.4,61.3,60.9,58.7,58.7,57.6,61.0,59.1,59.5,59.0,53.2,55.7,52.2,48.2,45.4,44.0,41.1,38.1,36.9,37.1,37.4,38.3,39.3,40.6
22:38:44.511,86.5,68.0,74.9,73.8,72.1,72.8,69.6,69.7,68.4,66.5,67.0,63.4,64.8,61.0,60.9,59.2,59.1,61.1,58.0,59.6,58.6,62.3,65.1,62.6,57.6,52.3,50.1,49.5,48.9,48.2,45.7,41.5,40.3,37.8,38.2,37.8,38.4,39.3,40.4
22:38:45.511,89.3,72.5,77.0,70.8,67.4,70.9,72.0,69.0,73.2,69.4,69.9,64.7,65.6,63.8,61.4,58.6,61.2,61.5,59.8,59.6,60.4,63.0,61.2,68.6,58.6,60.8,68.9,61.6,57.2,58.7,52.3,50.5,43.7,42.6,38.9,38.7,38.6,39.6,40.9
22:38:46.511,87.1,68.8,75.8,76.4,71.9,67.3,71.5,70.6,67.1,67.1,70.0,65.3,64.8,62.8,59.6,59.6,60.3,60.5,59.4,60.7,60.6,64.2,65.8,61.4,58.4,55.4,52.4,55.2,52.0,51.2,47.4,43.6,38.8,37.8,38.2,38.1,38.5,39.4,40.6
22:38:47.511,89.5,70.9,77.0,79.3,79.8,75.0,72.8,71.3,70.7,68.1,70.1,67.6,65.8,65.0,62.9,62.9,61.1,61.7,60.0,59.7,61.5,64.1,66.2,68.3,63.4,57.9,59.2,61.7,53.4,59.0,52.9,53.0,41.7,42.7,42.2,39.1,38.7,39.4,40.6
22:38:48.511,85.9,64.7,74.8,76.7,72.1,73.5,70.0,68.4,69.4,68.5,66.6,66.9,65.3,64.3,62.2,61.3,60.2,60.3,59.4,59.0,58.8,62.7,58.7,57.1,51.8,52.0,47.9,51.0,51.6,47.7,45.6,41.7,37.8,37.1,37.7,37.8,38.4,39.3,40.7
22:38:49.511,89.8,63.9,74.9,77.3,78.6,77.8,73.1,70.7,68.8,66.9,67.4,65.2,67.6,63.5,58.3,59.1,59.8,61.5,60.1,59.9,59.0,61.8,56.2,56.3,53.1,53.4,51.0,49.5,48.9,47.5,46.5,41.9,38.1,38.8,38.8,37.9,38.4,39.4,40.6
22:38:50.511,89.1,65.9,76.2,79.1,79.1,78.4,72.6,73.6,71.4,65.3,66.8,68.1,68.2,64.4,63.1,60.7,63.8,62.2,60.7,61.1,61.2,62.3,60.0,58.3,55.2,52.7,52.2,50.9,50.6,48.1,46.7,41.8,38.4,37.6,37.8,37.9,38.5,39.4,40.7
22:38:51.511,88.0,66.3,75.3,78.2,70.1,70.3,70.6,70.8,67.9,63.8,69.3,67.9,66.1,62.4,61.0,59.3,61.2,59.4,60.7,60.6,59.8,63.0,62.3,61.5,59.1,53.3,52.0,53.2,51.5,49.4,47.8,42.2,38.6,39.1,38.1,38.6,38.9,39.4,40.6
22:38:52.511,87.9,65.3,75.5,73.3,77.1,75.0,71.9,73.6,70.6,71.9,69.5,67.6,65.8,65.4,61.2,60.4,60.7,59.7,60.4,59.1,58.7,62.8,57.1,59.3,52.1,51.6,49.1,49.7,49.7,45.9,45.4,42.0,38.1,37.6,37.8,37.7,38.4,39.3,40.5
22:38:53.511,88.5,67.2,75.6,77.2,74.4,76.8,72.2,72.3,65.9,70.3,68.0,63.6,65.1,66.9,62.4,60.9,60.4,61.4,60.3,60.9,62.6,63.3,63.4,58.3,59.1,56.8,52.9,54.9,51.6,50.1,47.1,43.6,39.8,38.2,38.0,38.0,38.4,39.5,40.5
22:38:54.511,91.0,66.0,76.2,79.6,77.2,78.8,75.9,73.5,67.9,69.3,70.7,66.3,66.2,62.4,62.4,61.2,59.8,60.3,59.6,60.9,59.1,62.9,57.8,59.6,56.4,51.2,49.3,52.6,52.7,46.8,45.5,41.4,38.2,37.6,37.9,37.7,38.3,39.3,40.5
22:38:55.511,90.2,66.0,76.0,78.2,79.7,80.8,75.0,68.7,66.7,70.9,71.2,68.5,64.7,64.4,62.4,64.7,59.5,61.5,61.0,59.4,60.0,62.6,60.5,62.7,54.8,51.4,49.1,52.9,51.0,49.3,46.5,43.7,38.8,38.0,38.3,38.1,38.5,39.5,40.7
22:38:56.511,88.1,67.4,76.2,78.7,79.8,76.2,70.4,67.8,71.9,70.5,69.9,65.2,66.0,64.7,59.8,61.0,60.6,60.8,60.2,61.0,60.2,62.8,60.1,64.5,60.4,53.5,52.4,54.0,52.2,54.1,51.3,44.7,39.3,39.3,39.1,40.0,39.0,39.6,40.6
22:38:57.511,89.0,66.8,75.6,75.2,72.7,71.5,72.4,73.1,66.7,67.5,69.0,67.5,65.8,62.3,60.9,59.1,60.7,60.1,59.9,61.1,58.8,61.3,57.1,59.0,60.8,52.6,52.3,54.9,50.8,49.3,47.2,43.2,40.0,41.1,39.5,38.5,38.5,39.2,40.6
22:38:58.511,87.5,66.8,75.3,77.4,71.5,70.3,70.3,68.4,67.0,68.7,66.2,65.2,66.5,62.0,59.3,57.4,60.8,61.0,60.6,61.0,58.4,62.6,60.4,62.2,58.4,53.7,54.3,55.7,51.7,48.8,46.7,42.6,41.3,39.1,38.8,38.4,38.8,39.3,40.5
22:38:59.511,89.0,64.2,74.9,77.7,79.2,77.1,72.2,73.4,73.4,68.0,67.6,64.4,64.8,61.8,60.1,59.9,60.1,59.1,60.0,61.5,59.3,62.4,55.5,56.9,55.2,50.9,52.1,48.8,48.5,45.7,45.3,41.3,38.5,38.6,37.8,37.8,38.6,39.3,40.4
22:39:00.511,88.4,65.4,74.6,78.7,78.5,74.1,73.2,71.6,62.9,63.8,66.3,67.1,66.2,63.2,61.6,58.1,60.9,60.7,60.5,60.2,61.4,62.6,58.4,60.8,54.9,51.6,50.3,52.2,52.2,51.7,47.2,45.2,39.9,38.1,38.3,38.2,38.6,39.5,40.8
22:39:01.511,89.0,66.3,75.7,80.1,78.0,74.0,69.9,68.9,72.5,70.4,67.7,65.6,67.0,66.1,60.3,60.5,59.5,60.1,60.8,61.7,59.5,68.6,58.1,58.3,53.8,50.6,48.8,50.5,50.4,49.1,46.3,42.1,39.8,42.8,40.6,39.9,38.7,39.6,40.6
22:39:02.511,86.7,65.5,74.8,71.3,78.1,78.1,72.6,68.3,68.3,69.2,67.5,66.3,66.0,62.9,60.2,60.6,61.1,59.6,59.7,61.3,59.6,61.8,58.1,61.3,58.5,52.5,51.4,54.4,51.4,50.7,49.1,44.5,39.3,37.7,38.1,37.7,38.3,39.4,40.6
22:39:03.511,88.3,67.3,76.4,78.5,77.2,77.7,72.9,69.7,71.6,70.8,71.0,68.1,67.9,66.1,61.0,61.3,61.5,60.6,60.5,59.9,59.6,63.3,63.4,63.0,56.8,53.3,53.5,55.7,53.8,53.3,48.7,45.7,40.9,38.3,38.5,38.1,38.4,39.3,40.4
22:39:04.511,87.3,67.9,75.2,75.7,74.4,71.4,66.3,69.4,68.7,66.0,65.6,67.9,65.3,62.9,63.7,61.5,60.9,60.2,62.0,59.5,59.4,63.4,61.3,65.8,60.5,54.9,52.1,53.8,56.1,55.8,48.4,46.0,39.2,38.3,38.4,38.0,38.6,39.4,40.5
22:39:05.511,87.3,66.8,74.9,73.6,73.1,74.0,72.5,69.2,66.2,67.3,65.0,64.8,64.0,61.8,60.3,58.1,60.6,59.3,58.8,60.5,59.4,61.6,60.1,61.2,60.1,54.1,52.3,51.2,50.1,47.6,46.0,42.2,38.0,37.4,37.9,37.7,38.5,39.4,40.5
22:39:06.511,86.6,68.1,75.2,72.3,72.3,70.5,70.4,66.8,64.7,67.1,66.9,68.8,65.0,64.0,61.2,60.0,60.9,60.4,59.4,60.9,59.7,62.6,61.7,65.5,61.6,56.5,54.5,51.8,50.8,52.7,49.8,44.0,38.9,37.9,37.9,37.8,38.5,39.5,40.4
22:39:07.511,87.0,65.5,75.4,77.7,76.5,72.9,74.0,72.9,72.7,69.5,69.7,66.2,67.1,64.5,59.5,59.3,60.9,62.4,60.4,59.7,58.0,62.2,60.7,57.5,57.2,57.4,52.0,52.4,51.6,47.1,46.9,42.7,38.3,37.7,37.8,37.9,38.3,39.3,40.7
22:39:08.511,88.6,63.1,74.6,71.3,71.1,65.7,72.3,71.6,68.2,67.9,66.2,67.9,67.3,63.5,60.6,59.4,60.2,59.0,59.4,59.0,58.4,61.0,55.8,55.8,52.8,50.0,47.4,48.6,50.1,45.7,45.1,42.1,38.6,37.8,38.1,38.1,38.5,39.4,40.7
22:39:09.511,86.2,63.7,74.6,74.1,73.0,74.6,72.3,71.5,72.8,65.5,70.4,66.8,65.1,64.7,61.0,59.3,61.2,58.9,58.5,59.9,58.6,61.6,56.4,56.9,54.4,50.5,48.3,49.5,48.4,44.9,44.8,41.5,38.3,37.8,37.8,37.8,38.5,39.5,40.6
22:39:10.511,87.7,64.3,75.2,69.9,67.7,72.1,72.7,72.0,69.9,71.5,67.6,69.9,65.9,63.1,60.8,59.2,60.3,59.8,60.5,60.4,60.2,61.5,62.4,56.0,52.4,50.7,47.9,49.2,50.0,47.7,46.2,42.5,38.1,37.2,37.8,37.8,38.3,39.4,40.5
22:39:11.511,89.5,65.3,75.4,77.8,76.9,73.3,73.7,70.6,71.1,71.2,69.3,67.5,66.7,64.5,60.1,59.8,59.9,60.9,59.8,59.9,59.0,62.2,57.5,58.7,57.0,55.5,53.7,51.8,48.6,47.7,47.4,43.6,38.1,37.3,37.7,37.6,38.7,39.3,40.6
22:39:12.511,88.3,64.6,75.1,69.3,71.1,72.2,69.9,68.4,67.7,68.9,67.9,67.5,65.7,61.8,60.2,59.6,59.3,58.7,60.4,59.9,58.5,60.8,58.0,55.5,56.6,58.2,51.5,48.4,48.3,45.1,45.2,43.6,37.7,37.5,37.9,38.0,38.8,39.5,40.5
22:39:13.511,87.3,67.9,75.5,70.6,69.1,71.3,73.1,71.5,69.9,69.3,65.9,68.1,65.9,63.7,60.6,62.0,61.4,59.5,60.5,60.1,59.1,61.0,55.7,62.0,61.3,60.2,56.4,55.9,52.7,48.8,52.9,45.4,38.0,39.9,39.9,42.1,39.8,39.6,40.6
22:39:14.511,89.7,69.9,76.4,77.5,77.0,76.5,71.5,73.3,70.8,71.3,71.1,69.8,68.5,62.4,61.9,63.8,62.8,62.6,60.5,61.9,58.6,60.9,60.4,56.7,58.2,54.2,50.7,48.8,52.0,47.8,51.6,46.6,39.0,38.0,39.5,41.4,39.6,39.7,40.8
22:39:15.511,89.1,74.3,77.7,77.9,74.5,71.3,66.3,68.8,68.5,66.2,67.1,69.0,64.8,62.6,62.2,61.1,62.4,60.7,61.1,60.9,61.0,63.1,56.4,62.5,73.0,71.9,62.7,56.4,55.4,51.7,55.4,51.6,39.5,43.0,42.5,41.6,40.9,40.0,40.7
22:39:16.511,88.2,66.3,74.4,71.7,67.4,68.7,68.2,66.3,66.3,67.6,66.1,67.3,66.1,61.3,59.7,56.3,59.2,60.5,59.5,60.7,58.2,61.8,55.2,56.9,58.4,62.9,57.3,49.4,53.7,53.2,47.9,44.0,42.7,38.8,38.5,38.2,39.7,39.5,40.6
22:39:17.511,88.4,67.0,74.3,76.0,74.8,73.7,72.1,70.4,66.5,65.9,68.6,66.9,67.2,60.9,62.5,56.2,60.0,60.0,59.7,60.0,58.0,60.9,58.5,56.1,57.5,58.8,54.5,60.5,60.5,55.6,49.2,45.1,39.1,38.3,38.3,37.9,38.6,39.6,40.5
22:39:18.511,87.1,63.4,73.4,72.5,72.5,69.5,67.2,66.4,64.2,67.1,65.6,65.1,66.3,62.6,60.7,58.8,61.0,59.8,60.6,60.3,59.4,61.4,57.5,58.1,52.4,49.7,47.3,48.6,48.5,48.4,44.2,40.4,37.5,37.0,37.6,37.5,38.3,39.3,40.5
22:39:19.511,88.9,64.6,74.0,78.5,72.3,68.7,69.9,70.6,68.0,63.9,66.1,65.9,63.5,63.0,59.9,59.3,60.2,60.3,60.4,62.9,58.6,62.3,57.9,55.6,53.6,52.7,49.6,49.2,50.0,48.0,45.4,41.4,41.0,41.8,40.3,38.8,38.9,39.5,40.8
22:39:20.511,86.9,64.8,75.3,77.4,73.9,69.8,67.6,71.4,68.7,64.0,68.0,66.3,66.0,61.1,59.4,58.7,62.1,62.2,61.0,60.2,59.9,63.7,59.7,58.6,54.9,54.3,49.3,49.4,51.1,48.4,46.2,41.9,38.8,39.2,39.4,38.3,38.4,39.5,40.6
22:39:21.511,87.7,66.6,74.0,74.9,72.2,67.1,69.4,66.0,65.1,62.3,65.5,64.1,65.6,60.9,60.1,59.6,60.8,59.8,60.1,60.5,58.9,62.2,61.7,57.7,54.9,52.6,49.3,48.8,51.0,53.5,48.1,43.9,39.5,38.9,38.4,38.1,38.6,39.5,40.6
22:39:22.511,86.1,69.1,74.4,73.0,73.1,69.0,65.7,64.1,65.2,64.4,62.8,62.4,64.8,60.4,59.9,58.1,59.5,60.5,62.3,61.5,58.9,64.5,63.4,62.6,60.4,54.4,52.4,54.6,55.0,52.7,49.8,43.8,38.4,39.9,38.6,38.4,38.5,39.3,40.7
22:39:23.511,84.2,64.4,74.8,73.2,70.2,74.5,74.0,67.3,68.3,66.0,67.7,66.9,66.6,63.7,61.0,61.0,60.4,60.6,60.7,62.4,58.8,62.4,58.1,58.0,58.0,53.3,48.9,48.4,49.3,46.3,44.6,41.2,37.8,37.5,37.6,37.6,38.3,39.3,40.5
22:39:24.511,87.0,70.0,75.3,71.4,72.8,72.1,69.9,65.7,64.5,61.6,63.5,62.3,63.9,62.0,58.8,58.8,60.8,60.5,62.3,60.3,61.1,71.9,65.9,63.7,56.5,54.8,51.9,55.3,58.1,61.9,53.3,49.0,42.2,40.1,38.5,38.1,38.4,39.4,40.5
22:39:25.511,87.3,63.7,74.3,79.0,77.6,71.2,70.0,69.3,70.2,66.2,67.7,67.4,66.1,63.1,61.8,59.0,60.9,60.2,60.5,60.5,58.0,61.0,58.4,56.4,53.1,50.6,48.7,47.7,48.6,45.3,44.9,41.6,38.4,37.5,37.8,37.9,38.4,39.3,40.8
22:39:26.511,87.1,66.1,73.8,72.0,68.2,63.9,65.6,68.6,67.3,65.0,65.5,66.1,64.2,60.0,59.0,57.4,59.6,59.5,61.0,59.6,57.7,62.0,58.0,57.0,55.9,56.9,56.9,57.9,56.8,52.3,49.6,47.3,39.0,38.5,37.8,37.6,38.3,39.3,40.8
22:39:27.511,86.3,64.7,74.2,69.2,73.5,71.7,70.0,66.3,64.6,64.2,68.0,67.9,66.8,61.6,59.0,58.3,59.4,60.1,60.0,61.1,57.6,62.3,60.7,56.2,53.3,52.6,50.5,48.9,49.5,47.9,45.7,43.1,38.9,38.6,38.2,38.4,38.6,39.5,40.7
22:39:28.511,90.3,64.6,73.6,71.7,71.6,68.1,65.7,66.1,62.4,62.7,64.0,65.4,65.6,58.9,60.8,57.5,59.3,59.2,60.1,59.4,58.8,61.9,58.9,56.3,53.8,53.7,53.2,54.2,50.9,49.6,46.9,42.5,39.4,38.8,38.7,38.4,38.7,39.2,40.4
22:39:29.511,87.5,65.8,73.9,73.0,70.1,69.6,68.6,68.2,64.4,65.0,59.9,67.5,66.3,61.9,59.4,58.6,59.5,60.7,59.3,60.7,59.4,61.6,60.3,59.5,56.6,52.4,49.7,51.0,55.1,52.6,46.7,43.1,38.8,37.5,38.0,37.7,38.3,39.3,40.6
22:39:30.511,85.7,67.1,74.3,75.5,72.7,70.3,71.4,68.7,68.1,66.9,67.5,65.0,63.4,61.6,60.3,59.2,61.2,60.2,61.3,61.2,59.7,60.7,66.1,61.3,52.2,52.5,53.7,50.8,50.9,50.9,50.6,45.1,41.1,40.8,40.4,39.6,38.6,39.5,40.6
22:39:31.511,87.2,65.6,73.1,73.5,71.2,71.3,66.0,65.6,58.5,63.7,61.4,63.2,64.5,61.5,59.6,58.9,61.6,59.6,60.3,61.6,58.2,61.6,60.5,58.9,57.7,56.4,53.7,56.5,57.7,52.5,46.7,42.8,37.9,37.5,38.5,37.8,38.2,39.4,40.8
22:39:32.511,90.3,62.4,72.5,71.3,70.0,62.4,65.7,61.3,66.3,65.5,64.2,65.0,63.2,60.1,58.8,58.1,59.1,59.8,60.3,59.7,58.3,60.8,54.2,52.9,51.9,50.7,47.8,47.8,48.8,45.0,44.8,41.3,37.8,37.2,37.8,37.6,38.3,39.4,40.6
22:39:33.511,86.6,66.0,73.6,74.5,76.1,72.9,66.2,62.4,67.0,64.1,61.4,63.8,63.7,62.1,59.3,57.7,59.4,60.5,60.4,60.5,58.7,62.5,55.4,57.8,52.9,51.9,49.3,47.9,48.8,46.7,45.5,41.5,39.5,39.0,38.6,38.4,39.0,39.6,40.6
22:39:34.511,84.5,67.7,74.4,68.4,71.7,74.4,69.9,64.8,66.8,66.4,63.7,64.8,65.3,60.9,59.9,59.9,59.4,60.9,60.2,59.2,60.7,62.4,61.2,66.2,64.5,59.5,50.1,49.3,49.5,46.7,46.1,42.1,40.0,42.4,40.3,38.9,38.7,39.5,40.5
22:39:35.511,84.0,66.8,73.6,69.1,71.0,75.7,72.4,66.2,65.8,62.3,63.8,63.8,62.0,59.8,59.3,59.7,57.6,60.3,60.7,60.7,59.4,62.6,61.9,57.6,59.2,57.6,54.2,58.1,51.6,48.9,47.2,43.2,39.9,40.8,40.4,38.4,38.4,39.3,40.7
22:39:36.511,86.8,65.8,73.8,78.5,78.0,72.0,69.6,65.5,64.1,63.0,65.3,66.1,65.2,60.1,59.0,57.7,58.5,60.5,60.8,60.5,57.7,62.1,57.6,57.7,55.0,53.7,50.1,48.9,49.7,46.1,45.5,43.6,38.2,37.4,37.6,37.6,38.4,39.3,40.5
22:39:37.511,87.9,64.7,72.7,70.8,65.0,67.2,66.3,65.7,60.7,62.5,62.6,64.0,64.6,57.1,59.4,57.9,57.2,59.8,60.4,60.5,58.6,62.0,58.6,55.7,53.1,51.4,50.3,52.3,54.6,50.9,51.4,42.9,39.0,38.4,38.4,39.3,39.7,39.5,40.5
22:39:38.511,85.9,67.6,73.4,70.5,66.4,65.8,65.1,66.6,63.6,60.5,66.1,61.8,63.5,60.0,60.1,57.1,59.4,60.4,60.8,59.1,58.3,62.2,60.3,67.3,62.5,58.0,55.5,53.0,50.8,52.2,46.5,43.5,38.3,38.0,38.2,38.3,38.7,39.5,40.8
22:39:39.511,87.3,64.2,73.3,72.4,73.2,74.6,69.8,66.4,64.2,62.6,64.8,67.1,64.6,59.3,60.5,58.2,60.7,60.1,61.3,61.0,58.4,62.7,58.8,58.0,56.4,51.1,49.8,50.7,48.9,46.1,44.8,41.4,38.5,37.9,38.0,38.2,38.3,39.2,40.4
22:39:40.511,85.7,63.2,73.1,73.0,69.5,69.2,66.1,69.3,65.7,63.8,65.8,64.4,62.8,61.9,60.7,59.6,57.3,57.8,61.2,59.9,58.4,62.5,58.9,53.4,52.1,50.8,48.4,48.4,48.8,44.3,44.6,41.4,38.0,37.8,38.3,37.9,38.4,39.6,40.8
22:39:41.511,82.9,62.9,72.9,76.9,75.9,69.7,71.2,69.7,68.0,66.0,65.8,64.5,64.8,61.7,60.7,57.7,59.1,58.6,61.1,60.9,59.4,61.8,54.9,53.7,52.1,52.0,49.5,48.1,49.1,45.4,45.5,41.5,38.2,37.1,37.6,37.6,38.3,39.4,40.8
22:39:42.511,85.5,63.4,73.7,66.4,67.4,70.3,71.8,67.3,65.8,64.7,66.0,66.3,65.7,61.9,61.0,59.9,61.1,60.1,59.5,60.7,59.9,63.0,57.4,55.2,52.8,51.1,48.7,50.4,50.4,47.7,45.8,42.2,38.1,37.3,37.5,37.6,38.3,39.4,40.6
22:39:43.511,86.7,63.6,72.8,69.6,67.8,65.0,66.9,64.3,60.4,58.0,61.6,64.4,63.8,58.6,58.0,57.9,58.9,60.2,60.2,60.2,58.3,62.1,58.7,55.3,52.8,50.8,47.9,47.8,49.1,46.0,45.2,43.5,39.0,38.0,37.9,37.7,38.2,39.3,40.6
22:39:44.511,80.3,66.2,72.5,65.9,66.0,64.7,64.0,65.3,60.5,61.0,62.3,62.7,62.7,58.4,59.1,58.2,60.7,60.1,61.1,59.8,58.5,64.0,60.1,60.7,55.8,56.2,54.0,50.7,53.6,53.2,50.0,46.4,39.9,37.7,38.9,37.9,38.4,39.5,40.4
22:39:45.511,84.1,67.5,73.6,72.8,67.0,62.6,66.8,66.5,65.0,63.5,63.5,63.9,63.9,60.4,57.3,58.2,60.1,59.9,59.6,60.8,60.6,63.2,61.1,62.3,60.4,55.6,52.7,52.0,54.4,51.9,52.2,45.2,40.2,38.2,38.2,38.0,38.4,39.5,40.7
22:39:46.511,82.1,65.6,72.5,70.5,73.0,70.7,64.5,64.6,62.5,65.1,62.9,61.9,64.5,58.3,58.4,58.3,58.5,60.7,59.6,60.1,60.9,63.2,58.5,61.1,57.4,52.2,51.8,52.0,50.5,47.2,46.4,43.6,39.1,38.2,38.3,37.6,38.2,39.3,40.5
22:39:47.511,84.2,66.7,73.6,69.8,71.3,71.3,67.4,65.1,62.1,61.0,62.1,64.5,65.6,59.4,59.0,57.9,60.0,59.5,60.3,60.6,60.0,61.2,62.8,64.9,59.1,55.3,52.1,51.4,51.2,49.7,46.4,42.8,38.5,37.8,37.6,37.4,38.4,39.4,40.5
22:39:48.511,84.1,67.2,73.1,70.6,68.2,63.1,65.6,68.2,61.3,59.1,63.7,61.2,63.0,61.5,59.1,58.3,59.9,60.9,60.1,59.8,59.4,62.4,59.4,61.5,63.0,58.1,54.1,55.3,50.2,49.2,47.7,44.5,39.1,37.9,38.5,38.5,38.9,39.4,40.5
22:39:49.511,86.7,65.2,73.8,72.9,75.1,72.1,69.1,66.2,66.9,63.3,63.6,64.0,64.2,62.6,60.7,59.4,59.6,60.4,59.5,59.8,58.0,63.0,59.7,57.2,56.6,57.3,51.6,53.0,49.8,48.2,46.4,42.3,38.0,37.6,37.7,37.7,38.4,39.5,40.5
22:39:50.511,82.4,68.5,73.3,67.2,64.1,60.4,64.6,66.0,60.2,61.0,62.6,63.9,62.8,59.8,60.0,57.3,59.9,60.3,59.0,60.9,58.7,61.6,56.5,54.3,54.1,62.9,52.6,52.4,49.4,46.1,47.0,43.0,38.2,37.9,37.9,37.8,38.3,39.4,40.8
22:39:51.511,81.8,64.7,72.5,69.1,71.5,67.1,62.6,64.1,58.1,59.9,64.8,64.7,65.6,60.5,58.2,57.4,58.7,59.5,59.2,60.3,60.2,62.3,57.3,55.8,52.4,54.4,49.1,50.7,50.4,46.7,45.4,41.8,37.8,37.2,37.8,38.1,38.5,39.4,40.6
22:39:52.511,82.6,64.2,72.5,72.5,66.8,62.6,62.3,62.7,66.5,63.2,60.7,62.6,63.8,60.0,59.2,57.5,59.1,59.8,60.1,59.5,59.9,63.1,59.7,56.9,53.9,50.9,50.2,49.7,48.7,45.8,45.8,42.0,37.9,38.1,39.1,40.8,40.4,39.6,40.6
22:39:53.511,84.2,63.2,72.0,74.7,72.7,68.2,67.4,66.1,62.2,61.3,64.5,63.5,62.5,60.7,59.8,57.1,58.1,60.1,61.9,60.3,57.3,59.8,54.7,53.4,53.8,50.6,48.2,48.2,49.6,45.9,45.5,41.5,37.9,37.5,37.9,38.8,39.2,39.7,40.7
22:39:54.511,82.8,65.8,72.8,68.5,70.9,65.6,58.9,58.3,62.3,62.2,64.0,65.3,64.3,60.4,57.9,57.1,57.6,59.9,60.1,62.1,59.4,62.0,62.7,58.2,56.9,52.7,49.7,54.4,54.5,49.6,47.9,42.8,38.5,37.6,38.0,38.1,38.5,39.5,40.5
22:39:55.511,83.1,66.1,72.6,69.4,70.0,68.7,66.5,62.2,65.5,61.3,61.2,62.9,63.3,59.6,59.8,56.2,59.5,60.1,59.8,60.1,59.4,63.5,65.4,56.5,53.0,55.0,48.5,53.7,51.9,47.2,46.7,42.6,38.2,37.9,37.9,37.7,38.6,39.4,40.8
22:39:56.511,82.0,69.7,73.7,65.3,64.1,64.2,60.4,58.9,63.3,60.3,60.6,63.1,64.5,59.3,59.5,58.5,56.8,59.0,61.1,60.8,57.7,62.0,62.8,64.0,63.9,58.4,55.8,59.3,56.0,56.2,58.0,51.4,39.2,38.6,38.7,38.0,38.3,39.5,40.6
22:39:57.511,82.6,64.0,72.1,68.0,66.0,67.9,68.5,66.4,62.4,62.5,61.2,62.9,63.4,61.3,59.5,57.8,58.8,59.5,59.4,58.7,57.8,61.6,55.1,57.8,54.4,52.4,49.5,48.7,48.6,45.0,45.7,41.7,38.1,37.5,37.7,37.6,38.4,39.3,40.8
22:39:58.511,81.2,65.1,72.5,62.8,67.7,66.1,65.0,64.8,64.3,63.0,63.9,65.3,63.5,59.4,57.8,56.6,57.7,61.3,58.9,59.3,59.3,62.1,61.3,58.0,54.0,51.3,49.1,48.1,50.1,46.8,45.4,42.0,38.2,37.3,37.6,37.6,38.4,39.5,40.5
22:39:59.511,78.1,65.0,72.7,67.8,65.6,67.9,64.4,60.8,62.1,61.0,61.5,63.9,65.0,57.4,59.5,58.4,61.0,60.1,60.4,60.3,57.8,62.3,57.8,60.3,57.8,51.9,52.8,49.2,49.1,45.9,44.9,41.5,38.1,37.3,37.6,37.7,38.4,39.4,40.5
22:40:00.511,84.8,63.8,72.7,68.4,68.9,71.5,70.7,68.3,62.9,64.8,66.0,63.3,63.2,62.2,58.4,58.9,59.9,59.3,59.8,59.9,59.5,61.9,56.4,57.8,55.0,50.8,48.7,49.5,49.4,46.1,45.2,41.6,38.4,37.3,37.6,37.5,38.4,39.6,40.8
22:40:01.511,81.6,63.8,72.4,70.4,69.8,67.9,65.3,64.7,60.8,57.6,61.7,64.6,64.4,56.6,57.7,58.2,59.0,60.1,60.3,61.3,60.3,62.3,56.5,55.5,53.5,50.8,48.1,49.0,48.8,44.7,44.6,40.9,38.7,38.8,38.6,38.7,38.7,39.3,40.6
22:40:02.511,84.5,63.9,72.4,70.3,69.0,70.0,68.9,68.3,59.3,62.0,62.4,63.8,62.5,59.0,57.9,56.5,59.7,59.2,59.6,60.0,59.0,63.1,58.4,58.4,53.1,50.1,48.6,50.0,49.6,45.6,45.2,41.3,37.9,37.4,37.7,37.6,38.2,39.4,40.7
22:40:03.511,85.0,63.6,72.5,74.1,73.0,67.7,65.6,65.6,64.3,63.0,66.0,65.5,63.9,58.7,57.8,57.0,58.2,58.0,59.4,59.8,58.0,62.3,55.4,53.3,51.7,50.4,48.3,47.7,48.7,45.0,44.8,40.6,37.7,37.2,37.4,37.5,38.3,39.4,40.6
22:40:04.511,82.7,64.1,72.5,73.8,68.5,67.0,66.0,65.5,63.4,61.0,63.8,62.5,61.4,59.5,60.9,58.5,58.1,58.1,58.7,60.0,58.5,61.9,57.8,58.0,54.6,53.1,49.1,48.7,49.0,45.3,44.9,41.1,38.6,37.5,37.7,37.9,38.5,39.5,40.8
22:40:05.511,82.6,63.5,72.9,72.9,69.5,68.7,65.8,68.5,65.8,63.0,64.7,64.0,65.2,60.9,59.8,57.2,61.9,60.7,59.8,60.9,59.2,61.9,56.5,54.3,51.9,50.0,48.2,48.4,49.3,46.6,45.7,41.9,38.2,37.4,37.6,37.7,38.4,39.4,40.5
22:40:06.511,81.3,63.6,72.3,71.5,72.8,68.2,66.3,66.1,62.5,63.6,64.2,64.8,64.0,59.2,58.4,56.6,58.7,59.6,60.7,59.8,58.1,61.5,56.4,54.5,52.1,49.7,48.7,48.6,49.4,45.9,45.7,41.7,39.2,39.0,38.7,39.3,38.7,39.5,40.5
22:40:07.511,82.0,63.1,72.2,70.0,69.5,67.8,64.6,63.5,63.8,60.9,61.2,64.4,64.4,59.1,58.4,56.5,58.9,58.9,59.3,61.1,58.2,61.5,55.2,54.8,52.8,50.7,48.5,49.7,51.7,47.3,45.4,41.5,39.6,37.9,38.1,37.6,38.4,39.5,40.5
22:40:08.511,81.4,65.6,72.6,64.9,63.6,63.3,61.3,64.8,64.1,63.4,63.6,65.5,64.2,58.4,58.4,55.4,58.3,60.1,60.0,60.7,58.5,62.7,60.2,61.3,58.6,53.6,48.4,53.1,54.3,50.4,45.2,42.9,39.5,38.1,37.9,38.1,38.3,39.4,40.7
22:40:09.511,82.5,65.3,72.5,64.1,64.3,60.6,65.2,65.2,62.8,60.8,63.2,63.5,64.2,58.0,57.7,56.1,59.0,60.1,60.5,61.6,58.9,61.9,63.2,60.0,57.6,53.6,49.2,49.5,50.6,47.2,46.1,41.9,38.8,37.9,37.8,38.2,38.2,39.4,41.0
