AMBIENT,NaN,64.5,NaN,48.0,46.2,42.7,46.0,48.6,51.7,54.8,61.4,57.7,59.2,59.9,58.7,59.9,62.0,61.9,62.7,63.0,60.4,58.3,58.4,56.6,54.8,53.5,52.0,51.5,51.5,48.7,48.2,44.2,39.9,38.3,37.7,37.1,37.7,38.5,40.6
22:34:56.000,NaN,64.7,NaN,44.5,48.5,38.3,41.1,44.5,49.0,51.5,60.1,58.0,59.4,59.7,58.4,58.9,61.7,60.4,62.9,63.4,59.6,58.1,58.8,58.8,57.4,52.5,51.6,51.6,50.8,48.9,48.3,44.6,39.9,38.3,37.8,37.2,37.8,38.6,40.5
22:34:57.000,NaN,63.7,NaN,42.5,38.9,36.3,48.1,46.3,47.2,50.8,58.9,58.1,58.8,58.8,59.0,58.3,60.4,61.2,61.4,63.3,60.6,56.2,57.3,54.8,53.4,52.0,51.4,50.6,51.1,47.4,46.8,42.9,39.5,38.1,37.2,36.8,37.5,38.6,40.5
22:34:58.000,NaN,63.7,NaN,41.6,31.5,41.8,45.3,45.6,47.6,54.4,61.2,60.6,59.5,59.6,59.9,59.6,63.4,61.4,62.3,64.0,60.0,57.2,56.9,55.7,53.4,51.4,50.8,51.1,50.9,47.3,46.9,42.7,39.3,38.0,37.5,36.9,37.6,38.5,40.6
22:34:59.000,NaN,63.4,NaN,35.6,32.6,37.5,47.4,43.8,46.1,50.2,59.8,59.9,58.7,60.0,60.1,59.1,61.4,62.4,62.1,62.2,59.9,57.1,57.3,55.1,53.2,50.9,50.3,50.9,50.5,46.7,46.9,42.1,39.2,37.8,37.1,36.7,37.6,38.5,40.5
22:35:00.000,NaN,63.7,NaN,33.3,35.5,39.8,48.6,44.7,50.2,52.4,61.0,59.4,59.0,60.1,61.2,60.3,62.3,60.5,62.3,64.2,59.1,57.8,57.2,55.0,53.0,51.2,50.6,50.5,50.7,46.2,46.6,42.4,39.1,37.8,37.3,36.9,37.6,38.4,40.5
22:35:01.000,NaN,63.8,NaN,36.0,35.3,40.8,43.7,45.4,48.8,50.5,59.2,60.4,59.9,60.6,58.4,59.7,61.7,62.3,62.4,62.9,60.6,58.2,57.7,55.1,53.2,51.5,51.2,50.7,50.6,46.9,46.8,42.5,39.1,37.7,37.3,36.9,37.6,38.5,40.5
22:35:02.000,NaN,72.9,NaN,39.2,35.5,45.7,45.0,50.9,47.0,53.6,61.0,58.8,59.7,61.6,59.2,59.3,62.3,62.7,62.3,61.8,60.7,58.6,58.6,63.0,68.8,67.3,59.3,59.1,58.4,56.0,54.5,54.2,49.3,39.6,38.7,37.5,37.6,38.4,40.4
22:35:03.000,NaN,68.9,NaN,48.7,47.7,41.8,45.9,51.2,49.2,52.2,59.2,60.2,59.9,62.2,60.7,60.6,62.4,60.4,61.8,62.2,61.2,59.2,60.6,59.2,62.2,66.0,56.3,55.0,52.8,55.2,50.8,51.6,48.0,42.9,38.5,37.5,37.7,38.5,40.5
22:35:04.000,NaN,70.2,NaN,44.4,39.8,44.3,48.5,47.1,45.3,52.3,60.1,60.8,60.2,60.2,60.3,58.9,61.2,60.5,62.4,62.1,60.0,58.5,58.6,58.2,67.1,60.8,63.0,53.0,51.7,51.2,48.6,54.3,44.3,41.3,38.5,37.4,37.8,38.4,40.6
22:35:05.000,NaN,63.8,NaN,43.6,42.2,49.0,47.2,47.4,51.6,51.9,58.3,60.3,59.1,58.9,60.8,60.3,62.6,60.4,61.8,62.0,60.0,58.6,57.6,55.1,53.9,51.6,50.8,51.2,51.0,47.1,47.5,43.4,41.2,39.4,38.1,37.1,37.6,38.5,40.5
22:35:06.000,NaN,64.0,NaN,43.6,44.8,41.9,47.8,45.6,49.3,51.6,59.0,59.3,59.2,60.0,58.4,59.3,62.9,61.6,63.2,63.8,60.4,57.8,56.9,55.7,52.9,52.0,51.4,50.5,50.6,47.2,47.3,42.9,40.3,39.5,38.2,37.3,37.6,38.5,40.5
22:35:07.000,NaN,64.7,NaN,56.0,50.7,43.8,47.2,46.1,49.6,54.2,61.1,61.3,58.2,58.5,57.8,59.9,62.1,61.8,63.6,64.7,60.9,58.5,58.5,55.2,53.4,51.9,50.9,50.6,51.0,46.8,47.1,42.5,39.4,38.1,37.4,37.1,37.5,38.5,40.4
22:35:08.000,NaN,64.7,NaN,49.7,36.0,41.6,47.0,49.8,51.9,58.9,74.8,69.4,63.9,65.0,66.3,63.6,63.6,62.0,64.5,65.5,63.3,60.2,58.2,55.8,53.5,52.3,51.4,50.5,50.7,46.6,46.7,42.1,39.2,38.1,37.5,37.0,37.7,38.6,40.1
22:35:09.000,NaN,65.1,NaN,36.7,39.1,50.9,60.6,68.8,84.4,81.9,75.2,70.6,69.4,66.2,68.4,65.0,65.1,62.7,64.1,65.6,62.0,58.5,58.1,56.1,53.6,51.6,51.0,50.5,50.9,47.0,47.1,42.5,39.3,37.9,37.6,37.0,37.9,38.7,40.2
22:35:10.000,NaN,69.2,NaN,44.6,41.3,81.1,82.9,90.9,86.5,84.7,79.3,76.3,77.0,76.3,74.2,68.4,72.5,65.5,68.7,69.4,65.4,61.0,59.3,58.7,54.2,52.4,53.2,51.4,51.5,47.2,47.2,43.2,39.6,38.0,37.6,37.1,37.7,38.4,40.2
22:35:11.000,NaN,75.8,NaN,54.4,63.3,89.1,89.4,89.8,87.3,94.7,85.7,82.3,78.8,82.3,81.2,80.7,74.7,74.1,76.0,77.8,73.4,68.6,65.0,60.5,60.5,56.6,53.3,53.5,52.6,50.0,48.0,43.9,41.0,38.4,37.7,37.3,37.7,38.6,40.2
22:35:12.000,NaN,82.1,NaN,74.9,83.5,86.1,91.1,97.4,101.3,99.5,90.3,87.7,86.5,87.1,85.6,84.3,82.2,79.5,82.5,84.8,81.6,76.6,72.9,68.5,64.4,59.7,57.3,55.4,54.3,50.5,48.7,43.3,40.5,38.1,37.7,37.1,37.7,38.6,40.3
22:35:13.000,NaN,88.1,NaN,92.0,87.8,94.1,92.8,98.4,101.4,101.9,97.7,93.7,90.1,88.5,90.5,89.0,88.2,86.8,90.0,89.2,86.8,83.3,80.1,73.5,71.3,66.5,62.9,62.7,60.8,55.9,51.3,45.2,40.7,38.3,37.9,37.1,37.8,38.8,40.5
22:35:14.000,NaN,90.9,NaN,91.2,85.3,98.5,101.6,101.2,103.0,101.9,95.7,93.4,91.9,91.5,91.9,93.1,94.1,90.9,92.7,93.0,90.2,86.4,84.2,78.7,76.6,72.3,68.2,67.9,66.3,61.8,58.6,51.9,47.9,42.4,38.4,37.3,38.0,38.8,40.5
22:35:15.000,NaN,92.0,NaN,87.7,96.5,98.4,101.9,105.0,106.8,104.0,100.4,93.8,91.9,94.9,97.3,95.2,94.6,91.4,94.0,92.7,89.9,88.1,86.2,79.8,79.7,76.2,73.4,72.1,70.2,68.1,65.3,60.3,54.5,49.5,41.9,38.1,37.9,38.8,40.7
22:35:16.000,NaN,94.0,NaN,96.2,98.5,101.7,103.0,109.1,103.6,106.2,101.3,98.1,98.2,99.0,98.6,95.9,95.3,92.0,93.6,93.2,91.7,91.2,87.9,83.6,81.1,80.9,78.5,76.9,74.6,71.0,67.2,63.6,59.2,55.8,49.0,41.9,38.5,39.3,41.1
22:35:17.000,NaN,92.9,NaN,96.9,100.2,100.5,103.5,107.0,107.8,105.0,106.6,104.0,99.1,100.6,99.8,97.6,97.4,94.9,92.5,91.7,90.7,89.0,87.2,82.8,80.3,77.8,75.8,74.8,73.5,71.2,68.6,64.6,60.2,55.6,46.4,40.8,38.7,39.5,41.5
22:35:18.000,NaN,92.2,NaN,96.0,96.2,102.9,107.4,110.3,111.1,110.5,108.0,104.9,100.0,99.7,96.5,97.5,95.8,93.0,93.9,91.7,89.9,89.3,86.6,82.3,78.4,76.5,74.5,73.5,71.4,67.6,64.3,58.6,54.4,50.2,45.1,40.2,39.2,40.0,41.9
22:35:19.000,NaN,93.8,NaN,100.7,99.4,103.4,109.4,109.0,108.1,109.5,114.2,107.5,103.6,99.3,99.2,97.4,97.3,98.4,96.0,93.1,89.9,88.9,85.7,80.7,78.5,77.1,75.1,74.6,73.0,69.8,66.9,62.2,59.3,53.6,47.4,42.1,39.1,40.2,42.1
22:35:20.000,NaN,99.8,NaN,101.9,103.9,107.4,114.5,115.1,108.6,114.5,113.6,110.4,105.7,101.3,97.4,97.2,100.1,99.4,102.0,100.4,93.7,90.1,92.3,87.6,86.3,84.2,84.0,83.3,83.5,82.6,83.3,80.2,80.2,78.2,73.2,73.5,67.9,61.6,50.5
22:35:21.000,NaN,102.5,NaN,108.5,107.2,107.6,112.2,105.7,110.4,112.2,117.9,113.0,102.7,98.7,98.7,100.9,102.6,104.4,103.7,102.6,98.6,96.2,95.9,92.5,89.3,87.1,87.3,87.5,86.9,85.9,83.8,80.4,81.0,79.8,77.2,75.9,70.7,70.9,64.9
22:35:22.000,NaN,101.8,NaN,111.3,105.3,111.6,104.0,111.4,114.9,113.8,116.4,109.2,105.4,99.7,100.5,104.1,105.7,105.5,103.9,101.3,98.8,97.9,95.7,93.1,89.7,86.5,85.1,86.9,84.8,82.9,80.6,79.8,77.7,76.9,72.9,71.2,64.9,61.5,54.7
22:35:23.000,NaN,101.9,NaN,105.6,105.3,106.7,109.4,114.8,113.3,115.5,115.1,111.3,103.2,99.7,102.7,104.5,103.2,101.9,99.5,100.9,100.2,98.5,96.6,93.0,89.1,86.2,84.0,86.6,86.5,83.1,81.6,78.5,77.0,75.3,71.0,66.7,59.1,52.1,46.6
22:35:24.000,NaN,105.2,NaN,99.4,105.4,104.3,106.3,116.4,111.4,114.7,116.8,110.5,102.2,105.0,106.6,106.1,104.1,102.8,103.7,103.2,104.1,100.4,98.8,95.4,93.2,92.1,90.6,89.7,90.2,87.4,87.3,84.9,82.5,82.2,79.0,75.7,69.6,63.8,57.8
22:35:25.000,NaN,105.8,NaN,97.0,102.1,108.5,107.6,109.3,116.3,117.3,114.6,109.1,107.2,110.1,107.9,104.7,104.6,104.9,103.2,101.6,102.1,100.2,98.7,95.0,94.3,94.7,94.7,94.5,93.7,92.5,89.0,85.5,85.0,84.3,81.9,80.0,73.4,67.3,60.4
22:35:26.000,NaN,104.0,NaN,104.9,106.9,106.6,111.1,113.1,116.2,110.2,108.7,107.1,106.2,109.8,105.0,104.9,106.5,107.0,103.9,101.5,100.2,97.7,96.3,94.2,93.1,92.0,92.1,92.1,89.6,86.6,85.5,84.6,83.6,81.5,76.9,74.1,66.4,60.3,51.9
22:35:27.000,NaN,105.0,NaN,104.6,105.5,108.3,112.5,114.7,115.5,113.0,105.6,105.2,107.7,110.4,105.8,107.4,108.7,108.1,105.1,100.8,100.3,98.2,97.2,93.7,93.8,93.1,92.4,94.2,93.0,89.7,87.3,85.8,82.6,82.9,79.3,75.0,68.6,62.4,53.8
22:35:28.000,NaN,99.6,NaN,103.9,108.6,110.7,113.0,112.3,112.8,108.4,108.6,110.7,107.1,108.0,107.3,107.2,106.7,106.4,99.0,98.7,95.9,93.6,90.7,88.3,86.9,88.5,86.4,85.6,83.5,83.0,79.9,77.4,74.2,72.1,67.5,61.0,55.6,49.3,44.2
22:35:29.000,NaN,98.9,NaN,100.8,107.3,109.2,116.3,112.6,113.8,111.9,109.1,110.6,106.2,104.3,104.3,103.7,102.4,98.9,95.8,97.5,94.6,93.1,90.3,87.4,88.4,88.5,86.7,84.7,84.5,81.0,79.7,76.6,76.7,72.7,64.3,61.2,52.9,47.7,44.5
22:35:30.000,NaN,101.5,NaN,106.1,109.1,110.3,114.5,113.0,112.7,105.6,111.3,109.7,105.3,103.8,104.1,104.1,104.2,101.3,96.0,95.0,95.2,92.3,92.2,91.7,92.6,91.9,90.8,90.1,89.4,86.7,84.1,80.8,79.3,81.7,77.2,71.3,60.8,53.4,48.3
22:35:31.000,NaN,101.9,NaN,105.6,113.4,113.0,114.0,110.1,112.7,108.2,109.1,108.7,105.1,103.9,104.3,103.1,103.2,98.9,100.8,98.7,97.1,94.7,92.7,91.3,91.6,92.0,90.5,90.9,89.4,85.2,82.8,83.9,83.3,81.1,77.1,73.3,63.6,56.0,51.6
22:35:32.000,NaN,100.1,NaN,108.2,107.9,115.3,116.0,114.0,111.6,108.3,109.2,106.2,104.0,105.9,103.5,102.8,100.2,98.4,101.7,97.1,97.4,95.3,92.2,90.4,91.5,90.1,87.6,84.9,81.8,81.4,81.7,78.9,77.1,77.0,70.7,62.2,51.9,44.8,42.9
22:35:33.000,NaN,96.9,NaN,108.5,110.0,108.2,112.4,111.7,109.9,108.0,110.4,107.3,103.9,105.7,105.1,103.3,98.3,99.1,99.1,94.9,93.7,91.1,87.7,86.7,86.2,86.0,81.3,81.2,79.2,76.6,76.6,75.5,72.8,72.2,66.0,56.3,49.1,42.4,43.1
22:35:34.000,NaN,96.5,NaN,107.9,112.2,109.7,112.3,110.6,110.0,110.4,107.8,108.6,103.4,106.7,104.6,104.7,100.9,100.3,98.0,95.1,93.5,89.9,86.5,85.3,83.8,84.4,81.7,79.7,78.3,76.5,75.2,72.2,70.8,67.2,61.7,58.3,51.9,46.6,43.4
22:35:35.000,NaN,97.7,NaN,104.1,109.2,112.5,114.0,111.5,110.6,107.6,110.2,110.5,103.6,106.3,102.9,103.6,98.0,97.7,96.6,97.6,94.1,89.0,87.1,86.9,85.6,86.8,84.5,85.0,83.9,82.9,79.7,78.0,76.1,71.1,67.7,62.7,57.4,47.2,44.7
22:35:36.000,NaN,100.1,NaN,109.0,104.8,112.1,111.8,108.6,112.4,111.9,108.5,108.8,105.6,106.5,104.2,103.5,99.1,99.5,97.9,97.5,95.6,93.8,91.9,91.4,91.9,90.4,87.8,85.2,82.6,81.6,78.5,75.8,73.5,70.2,65.9,61.5,54.8,48.1,43.5
22:35:37.000,NaN,103.0,NaN,108.1,113.6,113.4,109.5,111.2,108.8,108.0,109.0,106.2,104.6,105.2,103.8,102.8,100.4,100.8,100.8,100.3,99.2,97.4,96.5,94.6,95.0,92.4,90.1,88.6,84.6,82.6,80.1,78.2,79.0,76.2,71.7,66.8,61.8,53.9,48.3
22:35:38.000,NaN,102.1,NaN,115.7,114.9,109.6,108.9,111.5,109.6,107.0,108.5,108.4,103.3,107.3,104.2,99.9,102.4,100.9,101.2,99.3,98.1,96.6,94.4,94.4,94.8,92.6,88.6,86.3,82.5,83.3,82.2,82.2,82.3,78.6,75.1,71.8,66.0,55.2,47.4
22:35:39.000,NaN,97.2,NaN,113.9,109.7,109.3,105.9,107.3,112.5,109.9,105.3,106.6,103.4,107.8,101.5,100.7,102.9,98.3,99.7,96.5,93.2,90.2,89.5,88.6,88.4,85.8,78.6,75.7,78.6,80.1,79.0,74.8,72.6,67.0,63.8,55.6,47.3,44.9,41.9
22:35:40.000,NaN,96.3,NaN,111.2,110.8,109.4,107.1,103.1,109.3,107.6,104.0,105.5,103.9,104.9,104.2,101.2,101.8,98.5,97.8,96.8,91.8,89.2,85.8,85.2,85.1,81.0,79.6,80.3,82.0,78.2,76.0,74.4,73.4,67.4,65.8,58.7,48.3,41.9,41.5
22:35:41.000,NaN,96.3,NaN,108.2,106.0,103.5,104.2,105.4,112.3,104.8,105.1,106.9,103.7,105.9,101.5,101.6,100.6,100.2,97.1,96.8,93.8,88.1,86.2,84.7,82.9,83.3,79.3,78.4,78.9,79.5,76.9,74.8,73.3,71.5,66.4,60.5,52.0,46.1,43.0
22:35:42.000,NaN,95.7,NaN,107.4,111.3,107.9,107.0,110.4,106.4,103.5,109.1,108.0,103.0,104.8,100.1,103.1,98.4,97.8,95.9,95.6,92.6,87.9,87.0,87.5,85.7,83.1,78.7,74.9,77.2,76.0,74.0,71.6,68.5,64.6,61.0,54.5,45.4,42.0,41.7
22:35:43.000,NaN,97.0,NaN,102.0,106.1,105.6,106.9,109.6,105.8,103.4,101.8,104.9,102.8,104.3,100.0,101.6,97.0,97.2,96.3,94.2,91.4,88.3,88.2,89.8,88.7,86.1,83.7,81.3,82.1,81.9,80.4,76.4,71.8,69.1,67.0,61.4,51.6,44.2,41.9
22:35:44.000,NaN,96.3,NaN,110.9,106.0,107.9,111.8,106.5,108.4,103.9,107.3,104.6,106.7,105.1,100.9,102.6,97.8,97.0,95.6,92.8,91.2,90.1,89.7,87.7,86.2,86.8,85.6,81.3,80.3,78.7,77.2,74.1,70.5,66.4,64.4,56.8,51.9,44.4,42.2
22:35:45.000,NaN,95.7,NaN,102.9,106.8,105.8,108.3,107.5,103.6,105.7,105.3,107.6,103.3,103.3,100.2,99.8,96.6,95.8,95.3,92.1,90.5,88.6,85.9,86.3,86.1,84.3,83.0,80.4,81.4,80.4,79.5,75.2,71.4,68.0,65.7,56.1,49.4,42.2,41.6
22:35:46.000,NaN,95.6,NaN,114.1,112.9,102.0,109.7,105.4,103.9,103.9,104.7,107.9,102.1,100.9,101.4,99.7,97.3,97.1,97.2,93.4,93.0,90.5,89.5,87.3,85.7,82.0,78.9,78.7,77.3,73.5,69.8,65.4,64.4,61.0,56.7,48.7,41.9,39.3,40.9
22:35:47.000,NaN,93.9,NaN,106.1,108.0,110.7,108.7,104.2,104.5,101.4,104.7,106.6,101.4,99.7,101.7,97.7,96.9,96.8,96.2,93.5,91.8,88.5,86.6,83.7,81.9,80.8,77.2,77.1,76.6,71.5,69.4,65.5,60.9,58.4,53.7,46.1,40.6,39.2,40.8
22:35:48.000,NaN,92.2,NaN,106.3,110.0,106.5,110.5,105.5,102.4,100.3,104.3,105.7,101.6,97.7,100.7,98.9,97.4,96.7,95.0,92.4,90.3,86.4,86.9,82.6,79.0,76.4,73.4,72.9,73.3,66.1,63.7,59.6,57.2,54.6,49.3,44.5,39.0,39.0,40.7
22:35:49.000,NaN,93.7,NaN,111.1,101.3,108.7,107.3,104.2,103.4,102.6,100.2,105.7,101.0,99.9,99.6,98.8,97.0,94.8,94.8,92.2,89.9,86.4,85.2,83.3,82.2,79.5,75.1,73.9,74.7,74.2,71.3,66.0,61.7,58.7,51.9,48.4,40.2,39.0,40.8
22:35:50.000,NaN,92.4,NaN,109.1,108.6,106.1,107.2,103.7,104.4,102.6,103.6,105.7,100.8,98.6,100.8,98.0,95.8,96.1,92.8,89.8,88.9,88.2,87.5,84.1,80.6,82.3,79.3,76.2,75.7,76.1,71.7,67.0,64.4,58.6,53.2,49.7,41.2,39.0,40.8
22:35:51.000,NaN,95.5,NaN,105.0,102.2,104.5,103.3,105.4,100.4,101.3,105.6,103.7,99.6,100.5,99.5,98.6,96.2,96.0,94.3,92.5,91.0,88.8,90.5,87.1,86.0,84.5,81.7,80.2,81.0,79.6,73.4,68.6,69.7,68.5,66.5,62.9,52.2,45.1,40.7
22:35:52.000,NaN,95.1,NaN,107.8,106.3,104.8,103.5,106.1,101.6,101.7,103.4,103.2,97.8,101.2,101.4,96.4,96.4,95.8,92.8,90.4,90.2,87.9,88.1,88.2,87.5,85.6,81.3,78.9,80.0,78.7,75.8,70.3,66.7,60.2,55.0,49.5,40.4,39.3,40.9
22:35:53.000,NaN,93.2,NaN,100.2,103.2,101.1,106.0,103.7,104.3,99.5,104.9,102.6,97.3,101.4,100.6,98.6,96.2,94.6,93.1,89.2,89.1,86.9,87.7,86.4,84.8,83.0,78.5,75.3,76.2,74.4,71.3,67.3,62.1,59.5,54.4,47.8,40.8,38.9,40.6
22:35:54.000,NaN,89.5,NaN,107.2,110.3,106.4,101.1,104.3,105.7,104.2,102.1,103.5,97.9,100.1,96.2,95.0,92.6,91.1,89.6,87.5,85.7,84.9,84.0,81.6,79.5,74.9,72.1,70.8,69.3,66.5,63.7,57.9,54.9,51.4,45.7,38.3,37.8,38.8,40.5
22:35:55.000,NaN,90.0,NaN,99.2,100.9,105.8,104.3,103.4,100.2,98.7,102.8,101.0,99.6,98.8,95.4,96.7,95.1,92.7,92.2,88.7,86.3,85.1,82.7,82.2,79.7,76.3,72.7,69.4,65.2,64.1,62.6,61.1,60.5,55.9,54.1,43.5,38.8,38.8,40.5
22:35:56.000,NaN,88.6,NaN,92.9,102.0,99.7,104.3,100.3,98.5,97.6,97.9,102.2,98.1,99.5,96.4,93.6,94.6,92.7,90.2,86.6,85.0,83.1,80.9,78.0,78.0,73.0,67.5,61.9,59.9,56.7,55.3,55.3,51.2,46.9,41.0,37.4,37.8,38.9,40.4
22:35:57.000,NaN,88.8,NaN,106.8,102.3,102.9,99.4,102.9,100.6,99.2,101.5,102.5,96.2,100.1,98.0,95.2,93.8,91.8,90.3,88.2,86.6,84.8,82.6,79.1,77.7,72.1,67.8,67.1,65.5,59.2,55.5,54.6,51.1,44.6,40.4,37.2,37.8,38.7,40.5
22:35:58.000,NaN,85.4,NaN,105.2,102.7,102.4,100.4,102.2,98.2,99.6,103.0,100.4,96.1,96.2,94.2,91.4,92.7,89.8,85.9,82.7,81.8,79.2,77.5,74.9,71.1,69.6,68.2,62.7,61.7,57.2,53.0,52.9,48.4,41.7,38.1,37.2,37.7,38.7,40.4
22:35:59.000,NaN,86.7,NaN,98.8,103.0,97.2,104.7,101.4,103.5,100.0,99.9,96.7,98.8,95.9,93.6,93.8,93.1,89.5,85.9,85.2,83.3,80.7,79.7,77.1,76.3,73.8,72.5,69.9,65.4,59.7,60.1,58.1,56.1,50.7,46.3,38.2,37.9,38.8,40.5
22:36:00.000,NaN,84.1,NaN,99.5,99.7,102.4,102.2,100.6,100.3,99.6,99.6,97.9,95.5,93.6,92.0,92.4,90.0,87.1,86.2,83.3,80.9,78.8,77.9,74.9,71.0,68.6,67.2,64.2,63.0,58.5,54.2,50.4,42.6,38.7,37.7,37.2,37.7,38.7,40.3
22:36:01.000,NaN,82.8,NaN,100.9,103.1,96.3,103.0,102.0,98.6,98.5,96.2,94.9,95.5,93.5,93.2,90.8,89.0,86.4,83.9,81.6,78.3,77.1,74.9,71.3,67.6,67.2,63.9,62.0,58.9,51.3,50.1,48.0,42.7,38.6,37.7,37.1,37.9,38.7,40.4
22:36:02.000,NaN,82.7,NaN,100.6,103.0,98.2,100.2,100.0,97.2,95.2,98.8,95.4,94.2,93.3,92.8,90.5,89.0,86.9,83.6,82.0,80.6,77.7,76.7,73.5,68.4,67.9,62.0,60.1,59.4,50.5,48.6,46.9,40.7,38.1,37.6,37.2,37.5,38.6,40.3
22:36:03.000,NaN,80.0,NaN,102.3,97.3,102.3,100.2,97.3,101.1,98.1,96.6,95.6,94.9,93.3,89.9,89.5,85.6,85.2,81.4,79.9,76.8,73.9,72.2,67.3,63.3,60.6,56.3,52.7,52.8,48.4,47.7,43.6,40.0,38.4,38.2,37.5,38.0,38.8,40.3
22:36:04.000,NaN,79.8,NaN,94.5,103.4,100.7,102.3,99.9,95.6,98.1,96.5,95.8,90.9,89.5,89.4,88.7,86.8,84.4,80.5,77.7,76.2,72.4,69.6,67.2,65.4,63.6,60.5,55.5,53.9,49.4,48.1,44.7,41.8,38.9,38.0,37.5,37.8,38.6,40.3
22:36:05.000,NaN,77.5,NaN,96.9,102.8,98.3,98.7,96.1,96.6,95.6,95.1,95.2,92.3,91.6,91.0,87.6,85.1,82.6,79.9,76.4,73.1,71.6,68.6,64.6,61.4,60.3,58.0,53.3,51.9,48.3,47.9,43.5,40.9,38.5,37.9,37.1,37.6,38.7,40.2
22:36:06.000,NaN,77.1,NaN,97.9,95.5,95.7,100.6,92.0,98.4,95.8,95.2,91.3,91.6,87.8,87.9,85.8,84.6,81.0,76.5,74.5,73.4,71.6,69.4,64.6,61.8,60.8,56.8,52.7,51.6,48.1,48.0,43.8,40.3,38.7,37.9,37.2,37.7,38.6,40.2
22:36:07.000,NaN,74.9,NaN,101.4,103.4,100.1,100.4,96.8,98.4,93.4,91.6,93.5,92.1,86.8,86.2,83.7,83.2,80.2,76.3,74.5,71.7,69.4,66.7,62.8,59.5,57.0,52.2,51.1,50.6,46.7,46.9,42.2,39.6,37.8,37.4,37.1,37.7,38.6,40.1
22:36:08.000,NaN,74.8,NaN,98.1,100.6,90.9,94.6,95.2,96.2,95.2,91.9,90.5,89.8,87.4,85.5,85.3,84.2,79.2,75.7,71.5,69.3,68.3,64.7,61.5,58.0,55.5,52.2,51.1,50.4,46.2,46.4,42.4,38.9,37.5,37.1,36.8,37.6,38.6,40.2
22:36:09.000,NaN,74.3,NaN,90.0,98.2,91.3,94.6,96.1,90.7,92.7,90.2,88.8,89.8,85.6,85.1,83.1,83.5,79.0,75.4,72.6,68.7,66.6,64.4,59.4,57.0,53.4,51.4,50.6,49.9,46.2,45.8,41.7,39.2,37.4,37.0,37.0,37.7,38.6,40.2
22:36:10.000,NaN,74.2,NaN,93.3,100.1,93.7,88.9,95.9,92.5,89.8,86.9,91.0,88.6,85.6,86.9,83.1,83.0,78.9,77.3,73.4,70.1,63.8,61.3,58.4,54.8,53.6,50.6,51.0,49.7,46.2,46.2,41.8,39.3,37.8,37.5,37.1,37.6,38.5,40.3
22:36:11.000,NaN,73.3,NaN,99.6,97.0,89.0,92.3,92.1,92.0,90.7,88.2,91.0,87.3,86.8,84.7,82.4,81.8,77.8,75.7,71.0,68.3,64.6,63.1,58.5,55.8,53.2,51.4,50.8,50.0,46.4,46.6,42.8,39.8,38.7,37.8,37.3,37.8,38.5,40.2
22:36:12.000,NaN,73.2,NaN,97.2,92.9,97.8,91.4,87.9,91.3,93.8,87.6,86.8,88.4,84.9,83.7,82.1,80.6,76.9,75.9,71.9,69.2,65.6,62.9,59.7,56.4,53.4,50.9,50.0,49.5,46.6,46.4,42.2,39.1,38.3,37.7,37.2,37.7,38.6,40.3
22:36:13.000,NaN,72.7,NaN,90.2,95.3,98.4,92.0,92.6,90.4,92.9,88.3,86.7,86.7,83.3,82.9,81.0,79.9,76.7,75.4,72.2,68.6,64.9,62.7,58.3,56.1,53.7,51.8,51.2,50.5,47.1,46.8,43.0,39.4,38.2,37.9,37.2,37.8,38.6,40.3
22:36:14.000,NaN,73.3,NaN,92.2,98.4,95.7,95.5,91.9,89.9,90.0,87.4,86.8,85.6,83.5,83.8,81.5,79.0,76.4,75.4,72.5,70.2,66.8,65.8,60.2,59.1,56.5,52.8,53.6,51.2,48.0,48.1,44.3,39.6,38.5,38.0,37.1,37.6,38.6,40.0
22:36:15.000,NaN,73.2,NaN,95.3,91.0,92.5,93.3,90.6,90.9,87.8,87.4,86.1,86.1,81.6,82.9,81.0,78.9,76.7,73.9,73.2,72.3,68.2,64.8,61.5,58.9,54.4,51.6,51.4,54.6,47.5,47.6,43.7,41.5,39.0,37.8,37.0,37.6,38.5,40.3
22:36:16.000,NaN,71.0,NaN,87.7,90.8,93.6,92.7,90.2,86.9,84.9,88.0,87.2,87.9,81.3,81.5,80.6,76.5,76.0,72.3,69.5,67.0,64.2,61.4,59.6,57.0,53.7,53.2,53.8,52.3,47.4,47.4,43.8,39.7,38.1,38.1,37.4,37.6,38.6,40.2
22:36:17.000,NaN,70.2,NaN,97.2,96.6,91.5,92.5,89.3,90.7,91.0,84.8,86.4,83.6,80.9,80.6,79.4,76.1,73.6,72.3,69.5,66.9,62.4,61.1,58.1,54.8,52.5,51.7,51.9,51.4,47.3,47.7,43.6,40.1,38.6,37.8,37.8,39.4,38.8,40.2
22:36:18.000,NaN,68.9,NaN,90.8,93.2,94.1,93.3,91.5,87.8,88.2,87.7,85.9,84.9,80.8,78.0,78.7,75.6,71.6,69.9,65.3,65.2,62.3,62.3,58.0,55.4,54.2,53.5,52.3,51.9,47.5,48.8,43.7,40.0,38.1,37.6,36.8,37.5,38.6,40.2
22:36:19.000,NaN,68.6,NaN,90.2,93.0,94.9,95.8,90.1,90.1,86.3,85.5,82.8,81.0,80.3,77.5,76.9,72.1,69.6,68.2,65.9,64.5,62.0,61.7,56.8,55.9,52.6,50.7,50.4,52.2,54.0,52.5,47.2,43.2,38.6,38.0,37.0,37.7,38.4,40.1
22:36:20.000,NaN,72.9,NaN,90.8,91.5,88.1,90.9,89.9,90.8,87.5,85.8,85.2,82.2,78.6,77.4,75.9,73.3,68.7,68.5,66.5,64.9,63.8,60.4,58.7,60.6,60.2,63.3,58.1,58.4,60.8,64.3,58.8,53.8,40.6,38.4,37.9,38.0,38.6,40.2
22:36:21.000,NaN,72.0,NaN,91.9,89.5,93.6,91.6,89.9,87.4,89.8,81.8,81.0,82.6,77.5,76.9,74.8,73.2,68.3,67.7,66.8,63.1,62.5,58.4,64.3,65.3,62.4,63.0,60.9,59.2,58.2,57.9,53.9,40.9,40.4,38.8,38.7,38.3,38.9,40.3
22:36:22.000,NaN,69.4,NaN,90.5,93.3,91.3,89.2,86.9,85.1,85.3,80.0,80.7,82.9,78.5,77.5,74.6,70.8,67.3,67.0,65.0,64.2,66.8,59.2,60.6,59.0,56.2,55.0,53.6,53.7,53.3,55.1,47.7,41.0,39.7,38.0,37.5,37.8,38.7,40.2
22:36:23.000,NaN,74.1,NaN,89.6,88.2,87.0,89.1,90.4,87.2,87.1,84.6,84.6,82.2,78.6,76.9,73.6,69.8,67.1,67.1,65.8,64.3,63.3,59.8,67.4,70.1,67.1,59.4,57.6,57.6,56.8,57.3,51.7,42.9,40.8,38.3,37.4,37.9,38.6,40.2
22:36:24.000,NaN,75.8,NaN,91.4,89.7,89.0,89.3,86.6,85.5,88.5,82.7,79.7,80.6,76.5,76.5,73.4,70.3,67.2,64.9,66.2,63.7,63.8,68.2,69.8,72.9,54.8,62.5,63.9,60.4,61.6,59.6,53.0,43.0,45.7,41.9,39.7,39.3,39.0,40.3
22:36:25.000,NaN,76.4,NaN,88.5,90.7,86.8,89.9,83.5,87.0,84.6,80.0,79.9,78.1,76.1,73.4,69.7,68.0,66.2,63.3,64.6,63.8,61.8,59.3,68.2,73.8,60.5,66.5,60.6,58.9,64.3,62.1,57.5,45.1,44.0,40.5,40.3,38.3,38.8,40.2
22:36:26.000,NaN,74.4,NaN,89.7,94.9,89.0,91.5,87.3,84.4,82.7,80.1,80.1,78.1,75.7,73.9,69.3,68.7,66.6,65.0,65.1,61.7,60.2,60.5,61.0,58.1,57.2,53.2,52.4,58.0,71.6,63.9,56.7,42.9,41.6,39.9,38.4,38.8,39.0,40.2
22:36:27.000,NaN,66.1,NaN,86.0,93.8,85.8,83.6,83.5,83.0,82.4,78.9,78.8,75.4,71.5,72.0,70.8,68.6,63.7,65.2,63.9,62.1,59.1,59.6,57.0,55.8,54.8,51.4,52.3,51.1,48.5,48.6,43.7,40.5,39.3,37.4,37.3,37.6,38.7,40.3
22:36:28.000,NaN,66.0,NaN,84.1,91.9,84.2,83.2,79.7,81.4,82.6,77.8,76.6,77.1,73.0,72.7,69.9,67.0,65.7,65.1,63.9,62.5,59.2,59.5,56.3,55.6,55.4,51.9,51.6,50.9,47.4,46.9,42.9,39.9,38.2,37.4,36.9,37.7,38.5,40.2
22:36:29.000,NaN,66.7,NaN,92.7,81.7,84.3,82.8,83.6,82.4,79.3,76.4,79.2,75.2,73.5,71.0,69.0,66.7,66.4,66.4,65.9,62.9,59.7,59.7,58.3,55.1,52.5,52.8,51.2,53.7,51.4,50.3,44.7,39.4,38.1,37.6,37.3,37.7,38.6,40.3
22:36:30.000,NaN,64.9,NaN,85.3,86.3,83.9,81.2,83.6,78.8,80.7,76.8,77.6,75.7,68.6,71.7,70.1,67.5,64.9,64.2,63.2,60.9,59.6,58.2,55.9,56.5,51.9,51.2,50.3,50.7,48.0,47.8,42.4,39.0,37.6,37.3,37.0,37.6,38.6,40.2
22:36:31.000,NaN,64.8,NaN,79.8,88.3,86.8,84.3,80.2,81.8,76.3,76.0,74.7,73.4,69.7,68.9,69.3,65.4,64.0,63.9,64.5,62.1,58.3,58.6,56.5,54.3,52.1,50.9,50.7,50.5,46.7,46.8,42.3,39.1,37.7,37.3,36.9,37.7,38.5,40.3
22:36:32.000,NaN,64.3,NaN,91.1,87.9,85.8,80.9,79.4,82.2,76.5,72.0,73.1,71.2,70.7,67.8,66.2,65.4,61.4,62.7,63.6,60.5,57.9,57.4,56.0,53.9,51.9,51.3,51.2,51.0,46.7,46.7,42.1,39.4,37.9,37.4,37.1,37.6,38.6,40.3
22:36:33.000,NaN,64.2,NaN,86.4,84.1,84.4,83.6,80.1,78.4,79.1,73.7,73.3,72.3,71.0,67.2,63.8,63.3,63.7,63.3,64.7,61.6,57.5,57.8,54.5,54.3,51.8,51.0,50.6,50.7,46.8,46.9,42.1,39.5,37.8,37.5,36.8,37.7,38.6,40.2
22:36:34.000,NaN,64.0,NaN,87.3,86.7,85.8,77.3,77.8,76.9,75.5,71.4,75.9,69.4,67.4,66.4,64.8,63.5,63.2,61.3,63.5,61.0,58.3,57.2,54.6,53.4,51.6,50.8,50.4,50.4,46.7,46.6,42.2,39.1,37.8,37.2,36.8,37.5,38.5,40.2
22:36:35.000,NaN,63.8,NaN,81.7,89.7,80.5,79.2,75.9,79.1,76.7,69.7,71.7,67.4,66.5,62.4,62.8,63.7,61.9,62.9,63.6,61.1,58.7,57.7,54.3,53.6,51.3,51.0,49.9,50.2,46.6,46.5,42.1,39.4,37.7,37.3,37.1,37.6,38.4,40.3
22:36:36.000,NaN,63.9,NaN,82.4,79.8,83.2,76.9,78.0,75.3,72.2,69.5,68.3,67.0,64.8,63.5,63.5,63.6,62.3,61.7,64.4,61.9,57.9,57.6,54.8,53.8,51.7,50.8,50.2,49.7,46.3,46.2,42.2,38.6,37.4,37.3,37.0,37.6,38.6,40.3
22:36:37.000,NaN,63.8,NaN,79.5,86.8,79.9,80.2,79.9,76.5,72.9,69.8,67.5,66.2,63.4,62.2,62.0,60.9,61.8,61.6,63.3,59.6,58.0,57.6,55.2,53.6,52.5,50.6,50.6,50.5,46.5,46.6,42.5,39.2,38.0,37.6,37.0,37.7,38.6,40.4
22:36:38.000,NaN,64.1,NaN,85.9,84.4,81.9,78.8,72.8,76.5,75.1,68.3,66.8,67.1,63.9,62.5,61.1,63.3,62.1,61.5,64.7,60.5,58.1,58.0,55.1,53.8,52.6,51.2,50.6,51.3,47.0,47.1,42.6,38.9,37.6,37.4,37.0,37.6,38.6,40.2
22:36:39.000,NaN,64.9,NaN,89.2,81.8,79.5,78.5,79.5,73.4,73.0,67.2,69.3,68.8,61.8,62.2,61.3,61.6,62.6,61.7,63.5,61.1,58.3,58.5,56.7,58.1,51.9,51.3,51.5,51.6,47.1,48.6,44.2,39.5,37.8,37.6,37.1,37.6,38.7,40.3
22:36:40.000,NaN,64.1,NaN,89.8,80.2,84.0,75.8,76.5,73.1,72.0,66.2,66.2,64.5,62.4,62.8,61.9,63.0,62.6,62.4,62.9,59.1,57.1,58.0,56.6,56.2,52.1,51.0,50.5,50.7,46.7,46.8,42.8,39.6,38.1,37.5,37.2,37.7,38.4,40.3
22:36:41.000,NaN,64.0,NaN,83.8,80.8,80.9,77.9,76.4,72.5,68.7,63.4,63.9,63.5,61.1,62.4,60.4,61.5,60.2,62.4,63.9,60.1,58.4,58.2,55.2,55.1,51.6,51.1,50.4,49.7,46.3,46.7,42.7,39.2,37.7,37.4,36.7,37.6,38.5,40.4
22:36:42.000,NaN,63.9,NaN,87.1,85.7,78.1,77.0,74.5,71.7,71.7,66.5,63.5,64.7,59.7,58.9,61.2,61.6,60.8,61.3,64.5,60.5,58.7,57.5,55.4,54.0,51.4,50.8,50.5,50.2,46.6,46.2,42.2,39.4,37.5,37.3,36.9,37.5,38.6,40.4
22:36:43.000,NaN,63.3,NaN,84.7,82.2,76.4,74.7,73.9,73.2,65.7,64.9,65.3,60.7,60.9,60.9,58.9,61.5,60.6,62.3,62.9,59.8,57.6,57.3,54.8,52.5,51.3,50.3,50.1,50.1,46.9,46.7,42.6,39.3,37.7,37.1,36.8,37.5,38.6,40.3
22:36:44.000,NaN,63.7,NaN,78.6,80.9,72.9,72.7,71.0,71.6,69.6,62.9,61.5,60.6,60.4,60.5,60.7,62.7,60.8,62.3,63.6,60.0,57.0,57.5,54.2,53.8,52.0,51.8,50.8,50.1,46.9,46.9,42.6,39.6,37.8,37.4,36.8,37.5,38.7,40.3
22:36:45.000,NaN,64.5,NaN,83.8,68.0,71.9,66.5,72.6,70.9,68.1,64.2,65.0,63.3,59.5,60.8,60.9,62.2,60.3,61.9,63.3,60.6,59.1,60.7,54.7,53.6,51.4,51.6,50.7,51.2,47.2,47.7,43.4,39.7,38.2,37.8,37.0,37.7,38.6,40.4
22:36:46.000,NaN,64.4,NaN,80.4,79.0,74.6,70.3,69.3,70.7,67.5,63.5,62.9,62.7,58.6,58.9,60.9,62.1,61.5,61.6,63.7,60.8,58.1,58.9,57.2,53.9,54.1,51.4,51.3,51.1,47.5,47.6,42.8,40.1,38.5,37.8,37.6,37.8,38.6,40.3
22:36:47.000,NaN,64.8,NaN,82.8,79.6,77.4,71.9,68.5,69.6,66.3,61.4,61.6,63.9,59.9,59.4,60.4,62.1,61.0,62.0,63.4,60.3,58.1,62.0,55.3,54.2,52.1,51.6,51.3,51.6,47.8,48.1,43.3,40.2,38.5,37.8,38.0,38.3,38.6,40.2
22:36:48.000,NaN,65.8,NaN,73.7,77.2,80.5,72.0,66.9,69.2,63.4,64.0,61.5,62.3,59.5,61.4,60.6,61.3,59.9,62.1,63.4,60.2,58.3,59.5,56.8,58.5,54.4,51.7,54.2,52.6,48.3,49.3,45.1,40.0,38.3,37.6,37.1,37.6,38.6,40.2
22:36:49.000,NaN,64.9,NaN,76.8,79.1,73.6,71.6,67.4,67.4,64.5,63.5,61.5,61.0,61.6,61.3,61.0,62.4,61.0,62.6,63.2,60.6,58.3,60.2,58.7,57.9,51.5,51.0,52.5,50.3,47.3,48.2,44.3,39.2,38.3,37.6,37.4,37.8,38.7,40.2
22:36:50.000,NaN,63.7,NaN,80.0,76.3,74.3,67.2,69.2,64.0,66.1,62.3,62.8,61.6,61.6,60.5,59.6,61.0,62.4,63.1,63.2,60.7,58.3,57.5,54.9,53.3,51.0,51.4,50.6,50.6,46.7,48.7,42.4,39.2,37.7,37.3,36.9,37.7,38.4,40.2
22:36:51.000,NaN,64.7,NaN,81.1,77.5,75.1,66.9,70.3,68.2,66.7,62.6,63.5,60.6,61.2,59.8,60.0,62.2,62.5,62.4,63.9,60.3,58.2,59.5,57.4,55.6,52.5,50.4,51.7,50.6,46.8,46.8,42.5,39.1,37.3,37.1,37.0,37.7,38.6,40.2
22:36:52.000,NaN,64.4,NaN,81.6,74.9,69.8,70.0,66.7,63.8,62.6,64.0,61.4,60.4,59.8,59.8,60.2,63.2,62.4,63.0,63.5,61.0,58.3,60.5,56.1,54.3,51.7,50.5,51.6,50.3,46.6,46.7,42.5,38.9,37.7,37.0,36.9,37.6,38.5,40.4
22:36:53.000,NaN,67.8,NaN,78.5,76.1,70.1,64.2,65.4,63.8,64.1,63.0,62.5,62.9,60.0,61.8,60.7,63.4,61.3,62.6,62.8,59.9,57.6,59.1,55.7,64.4,57.5,54.8,53.4,51.2,47.2,55.0,52.2,39.0,38.3,37.9,37.1,37.7,38.5,40.2
22:36:54.000,NaN,68.9,NaN,76.6,78.6,71.8,69.0,70.4,65.1,62.8,60.8,61.0,63.9,59.5,60.9,59.4,62.6,62.4,62.9,63.6,62.3,57.9,64.8,64.4,57.4,58.1,54.5,54.6,55.4,54.9,55.0,50.7,39.9,39.0,38.9,37.3,37.8,38.6,40.5
22:36:55.000,NaN,68.3,NaN,73.2,70.7,65.0,71.1,70.6,63.7,64.0,60.8,62.5,61.3,60.2,57.4,60.0,63.0,60.9,60.9,63.2,59.5,59.2,65.7,63.0,60.6,60.2,54.0,54.1,52.9,53.4,50.2,45.0,39.5,38.1,37.3,37.1,37.5,38.6,40.3
22:36:56.000,NaN,66.9,NaN,78.4,75.7,71.6,66.3,67.9,63.4,64.1,59.6,62.8,61.2,60.4,60.9,60.2,62.3,60.5,63.5,63.1,60.2,59.6,60.9,60.3,60.9,55.7,52.6,52.6,54.7,50.2,50.5,45.7,40.4,38.0,37.8,37.1,37.6,38.5,40.2
22:36:57.000,NaN,67.2,NaN,77.8,73.7,64.8,68.4,68.6,66.2,62.4,61.9,61.7,61.9,59.0,60.4,59.6,63.0,60.4,62.9,64.7,60.5,63.0,62.1,59.1,57.7,54.8,51.1,52.7,55.0,55.2,52.4,46.8,43.0,38.8,38.7,37.4,37.8,38.6,40.3
22:36:58.000,NaN,67.2,NaN,76.8,72.5,70.1,63.8,64.7,62.4,61.6,61.3,60.4,62.1,60.4,59.3,57.5,61.7,62.4,62.7,64.2,59.0,59.9,60.4,62.6,58.3,55.2,53.5,53.3,54.1,50.7,49.4,48.8,44.7,38.4,38.6,37.1,37.6,38.6,40.2
22:36:59.000,NaN,67.4,NaN,72.4,68.1,69.5,67.7,70.4,59.0,62.6,59.2,60.2,62.4,60.4,60.1,59.8,62.3,61.7,62.4,62.1,60.9,62.3,62.5,63.1,59.4,52.4,52.5,54.4,53.8,53.5,50.5,46.7,41.7,41.6,43.0,39.9,38.3,38.7,40.5
22:37:00.000,NaN,66.9,NaN,66.2,64.0,63.0,69.0,64.3,62.0,62.0,61.3,61.8,62.6,62.2,60.2,61.5,62.3,62.3,63.8,65.4,62.0,60.5,60.3,59.4,61.6,53.3,52.2,51.2,53.4,50.2,49.1,45.3,42.0,42.2,41.3,39.0,37.8,38.7,40.5
22:37:01.000,NaN,68.8,NaN,73.4,74.7,68.9,70.6,65.9,64.8,62.5,61.8,60.0,61.6,59.4,58.7,59.3,63.1,61.5,62.7,64.3,61.1,59.8,59.7,65.5,58.0,54.5,55.3,56.9,58.3,57.2,53.2,48.1,43.2,40.4,39.4,37.2,37.8,38.6,40.4
22:37:02.000,NaN,74.6,NaN,71.1,71.4,62.3,67.7,69.0,61.2,60.5,62.0,62.8,61.7,59.8,58.8,60.3,61.0,61.3,62.9,63.0,62.5,62.1,59.4,63.0,70.8,65.3,68.5,60.1,57.6,54.0,55.6,51.2,41.3,39.9,38.7,37.2,37.7,38.6,40.5
22:37:03.000,NaN,70.5,NaN,69.8,62.2,69.6,68.1,68.3,62.5,57.5,60.3,61.2,62.3,60.8,59.2,59.1,61.7,62.0,62.3,62.1,60.9,60.7,66.9,63.9,62.9,62.7,52.5,55.4,60.8,56.2,54.6,57.1,47.0,40.4,38.0,37.6,37.8,38.7,40.4
22:37:04.000,NaN,71.8,NaN,67.8,67.9,66.8,69.6,65.2,63.4,60.8,62.0,60.6,62.2,59.9,57.6,60.3,62.5,59.9,62.8,64.0,61.0,63.4,63.2,67.4,64.7,62.5,63.1,58.3,53.2,55.3,54.8,53.5,46.2,43.4,43.3,41.7,38.2,38.8,40.3
22:37:05.000,NaN,73.0,NaN,71.2,70.6,68.3,67.7,65.9,63.2,60.8,60.3,61.2,61.0,60.6,56.8,60.2,62.4,61.4,63.4,62.4,62.1,62.3,58.2,57.9,72.2,54.5,55.9,58.1,58.5,58.6,60.6,53.2,45.9,40.2,38.3,37.8,37.9,38.6,40.3
22:37:06.000,NaN,66.9,NaN,75.0,58.6,67.1,60.3,67.2,59.9,61.1,61.1,60.6,59.6,60.0,57.7,60.9,63.0,62.0,62.0,63.4,63.6,61.9,58.0,62.2,57.4,51.9,51.8,53.0,52.0,53.5,51.3,53.6,41.9,39.8,38.2,37.3,37.8,38.7,40.3
22:37:07.000,NaN,67.1,NaN,78.2,67.7,65.2,66.8,62.8,63.7,61.2,61.5,60.7,60.3,58.3,62.8,60.7,64.4,60.5,61.3,63.1,60.9,59.0,57.3,57.0,58.2,58.1,55.1,55.2,57.0,51.9,54.7,50.2,40.6,38.9,37.9,37.0,37.6,38.8,40.3
22:37:08.000,NaN,66.2,NaN,74.9,68.3,67.5,68.4,64.4,67.0,58.4,62.9,62.4,61.2,60.0,60.4,60.6,61.3,62.0,62.9,62.2,60.0,59.7,58.0,61.8,59.9,53.8,52.5,52.0,51.7,49.9,48.1,44.3,41.1,40.4,41.2,39.7,37.9,38.5,40.3
22:37:09.000,NaN,68.0,NaN,74.5,68.8,69.9,67.4,65.5,65.3,60.5,60.1,63.9,60.1,59.6,59.7,59.5,62.7,63.5,63.2,63.2,62.3,59.2,58.2,60.4,56.6,60.3,56.5,58.4,54.4,55.1,54.6,48.4,42.9,44.4,42.6,38.9,38.0,38.7,40.2
22:37:10.000,NaN,73.0,NaN,78.1,67.7,65.3,65.5,64.3,66.0,62.9,60.2,61.6,60.9,60.8,59.4,61.0,62.3,61.7,62.3,62.7,61.5,58.5,57.6,65.9,59.8,64.0,68.7,64.4,52.4,49.0,53.0,44.0,40.0,38.8,37.8,37.2,37.6,38.7,40.3
22:37:11.000,NaN,68.9,NaN,77.1,67.7,65.6,59.9,61.9,64.3,60.1,63.3,61.8,61.0,59.0,58.7,60.8,61.1,60.8,62.2,62.7,60.9,65.7,59.8,61.6,64.2,56.7,56.0,53.0,58.8,52.5,53.9,45.4,41.0,40.3,37.8,37.2,37.6,38.5,40.3
22:37:12.000,NaN,65.5,NaN,76.1,67.2,65.3,63.9,64.1,62.2,62.1,60.0,61.1,62.0,61.5,61.4,60.9,61.3,61.4,62.4,62.8,60.3,60.2,57.5,58.3,57.3,51.2,50.9,50.9,51.5,54.4,52.6,44.4,39.8,38.4,37.6,37.0,37.8,38.6,40.4
22:37:13.000,NaN,67.6,NaN,77.4,72.0,67.2,65.7,60.9,60.2,61.7,62.4,61.3,60.4,59.7,59.5,59.4,61.1,61.6,62.7,63.1,59.8,63.8,59.7,58.0,62.9,52.3,51.8,55.8,55.3,52.4,53.8,47.0,42.1,39.4,38.1,37.7,37.7,38.6,40.3
22:37:14.000,NaN,69.0,NaN,75.8,69.6,66.3,61.8,63.4,61.2,64.6,63.2,61.8,63.5,58.6,61.8,59.0,61.3,61.3,63.4,63.5,61.4,58.6,60.3,66.1,59.4,59.5,56.1,57.4,57.8,49.8,52.4,46.6,40.9,37.8,37.8,37.2,37.8,38.6,40.3
22:37:15.000,NaN,67.7,NaN,73.0,65.9,65.2,66.1,61.9,65.3,61.8,57.3,61.1,61.5,59.6,58.4,60.4,60.9,61.5,61.1,62.9,60.2,57.3,59.5,66.0,60.6,54.8,51.9,52.3,53.3,50.1,48.0,44.1,39.8,38.2,37.4,36.9,37.6,38.6,40.4
22:37:16.000,NaN,63.8,NaN,73.9,67.2,63.8,61.8,62.5,64.2,63.0,61.7,61.2,62.1,61.4,60.5,60.0,62.4,61.3,63.1,63.3,59.3,57.4,58.3,55.4,54.5,51.6,51.3,50.6,51.1,46.8,47.1,42.4,39.3,38.0,37.6,36.9,37.7,38.6,40.5
22:37:17.000,NaN,76.2,NaN,76.1,59.4,66.3,65.6,65.0,61.6,64.3,60.2,62.2,62.4,61.8,61.8,59.4,62.5,60.8,62.7,62.4,58.6,63.6,59.4,67.2,71.7,64.6,68.4,66.5,63.4,58.7,63.4,58.1,44.1,42.2,39.1,39.2,38.0,38.5,40.3
22:37:18.000,NaN,69.8,NaN,73.4,66.6,60.5,61.3,66.0,66.7,65.9,62.3,62.2,61.6,60.6,61.0,60.3,63.1,60.5,63.2,62.9,58.9,61.7,58.2,65.5,59.0,65.3,54.9,57.1,57.5,51.3,52.1,50.8,40.2,38.7,37.4,37.0,37.6,38.6,40.4
22:37:19.000,NaN,78.0,NaN,76.1,72.4,61.1,61.7,62.7,66.3,64.5,62.7,61.5,64.4,62.4,59.0,59.5,62.8,62.3,63.2,63.9,59.4,62.7,60.7,71.7,77.5,65.0,54.9,56.3,53.2,50.1,60.6,50.2,41.7,42.3,40.1,40.2,42.6,40.6,40.5
22:37:20.000,NaN,70.3,NaN,73.2,68.0,66.4,63.3,64.7,67.8,66.6,62.9,61.2,62.2,61.5,62.5,60.7,61.3,60.8,63.7,64.3,59.4,61.5,60.9,64.5,65.6,58.7,55.6,58.3,58.5,52.8,57.0,47.4,39.7,38.7,38.0,38.0,37.8,38.6,40.4
22:37:21.000,NaN,68.6,NaN,71.8,66.9,66.1,67.8,66.2,66.0,66.9,62.0,64.3,63.6,61.2,62.1,60.6,62.9,61.9,62.8,63.8,60.2,58.3,62.8,63.9,62.9,54.8,53.4,56.4,57.9,54.4,50.3,45.4,40.5,38.9,37.8,37.0,37.7,38.6,40.4
22:37:22.000,NaN,65.5,NaN,70.5,66.2,69.5,67.7,66.4,68.7,64.8,63.8,61.6,63.4,58.5,61.1,62.4,62.3,61.9,62.1,62.4,59.8,57.8,58.0,55.4,56.4,52.8,55.1,54.2,50.8,46.8,48.7,44.3,40.0,38.2,37.5,37.1,37.6,38.5,40.4
22:37:23.000,NaN,66.3,NaN,73.3,66.5,72.4,66.1,71.2,66.6,63.2,65.8,64.5,64.7,62.3,61.6,60.3,61.1,61.4,62.2,63.8,60.8,58.0,61.0,59.6,56.6,56.0,56.9,56.4,52.3,50.3,52.2,47.8,41.2,42.6,41.8,40.3,37.9,38.6,40.4
22:37:24.000,NaN,66.9,NaN,67.4,74.1,61.8,62.8,67.8,64.1,63.3,63.2,64.0,62.6,61.5,58.3,58.9,62.1,62.2,64.0,63.0,60.9,63.6,58.5,63.7,55.5,56.2,52.6,50.9,51.7,50.0,49.2,44.6,41.2,41.9,40.4,39.9,38.2,38.6,40.4
22:37:25.000,NaN,65.8,NaN,65.1,76.9,64.1,62.9,67.5,66.0,68.0,66.0,65.0,64.6,59.8,61.8,61.1,62.8,60.6,62.1,62.7,60.0,60.1,58.5,56.5,58.9,55.1,52.6,51.3,53.2,53.4,52.2,47.3,40.8,40.2,38.1,37.0,37.7,38.6,40.5
22:37:26.000,NaN,66.1,NaN,66.6,65.8,61.1,65.5,69.6,63.5,68.7,66.0,64.0,63.2,59.4,61.4,59.0,62.5,62.2,63.0,62.9,60.3,61.7,59.8,61.3,56.5,54.6,52.5,51.3,50.8,48.6,48.7,46.4,40.7,43.9,40.9,39.0,37.8,38.5,40.4
22:37:27.000,NaN,64.5,NaN,73.0,65.7,68.2,64.3,70.0,66.3,69.9,64.6,65.2,63.5,61.6,60.6,60.1,61.8,60.8,62.9,63.0,60.2,57.4,59.2,56.8,56.7,53.6,51.9,50.2,51.1,47.1,46.9,43.2,40.0,39.7,38.2,37.5,37.7,38.5,40.3
22:37:28.000,NaN,63.6,NaN,71.4,65.1,65.5,63.3,70.3,67.6,68.8,62.0,66.9,63.0,63.6,59.3,60.9,62.9,62.0,63.4,62.5,59.4,57.3,58.1,54.5,53.2,51.6,50.6,50.7,51.0,47.4,47.3,43.2,39.9,38.8,38.6,37.4,37.7,38.7,40.3
22:37:29.000,NaN,66.6,NaN,74.1,69.1,66.8,68.5,74.9,70.4,68.7,62.6,67.8,65.2,61.2,60.8,59.9,60.4,61.3,61.8,63.6,59.6,57.8,64.7,57.7,56.2,54.9,52.1,53.9,53.5,51.7,48.9,45.7,40.4,38.7,37.6,37.0,37.7,38.5,40.4
22:37:30.000,NaN,64.3,NaN,75.1,68.2,62.3,66.7,68.3,74.9,71.3,69.7,64.9,64.6,62.8,61.6,61.9,62.0,60.5,61.2,63.2,61.6,58.7,59.3,57.8,52.6,51.3,51.0,50.5,50.3,47.4,47.0,42.8,41.8,39.2,39.1,37.1,37.7,38.6,40.4
22:37:31.000,NaN,64.1,NaN,64.0,70.2,70.6,71.5,73.5,68.6,69.1,68.8,68.4,65.5,62.9,61.1,62.4,63.4,63.5,63.5,62.6,60.7,58.6,58.0,55.7,53.7,52.3,50.9,50.5,51.0,48.0,47.2,43.3,41.0,40.3,40.1,37.2,37.6,38.7,40.4
22:37:32.000,NaN,64.8,NaN,73.3,71.9,71.0,70.0,66.4,72.6,68.9,67.6,65.4,65.5,65.2,62.0,62.0,61.6,62.1,63.6,62.7,58.8,57.7,58.7,55.7,53.0,51.5,51.7,51.3,50.4,48.8,47.2,43.6,39.5,38.3,37.9,37.1,37.5,38.5,40.5
22:37:33.000,NaN,66.4,NaN,68.2,71.6,68.1,69.7,70.0,67.6,67.3,69.1,63.8,65.0,62.1,60.9,62.2,63.4,62.7,62.4,62.4,62.4,60.6,63.1,58.6,58.2,56.8,56.8,52.8,53.1,50.1,49.8,45.5,41.4,39.5,39.2,37.4,37.7,38.6,40.4
22:37:34.000,NaN,64.3,NaN,73.7,71.1,74.2,74.6,70.1,71.9,63.2,66.5,64.3,66.8,64.7,63.5,62.0,62.8,60.5,62.4,62.8,60.1,59.1,58.9,55.7,53.2,51.7,50.7,51.0,51.0,48.7,47.1,43.2,40.9,40.3,38.9,37.2,37.6,38.5,40.4
22:37:35.000,NaN,64.3,NaN,79.2,71.6,72.4,70.6,69.2,66.9,67.2,69.8,66.7,68.0,63.4,62.1,61.2,63.1,62.7,63.9,63.3,59.6,58.4,59.1,56.1,54.3,52.2,51.0,50.6,51.1,48.0,47.1,43.5,41.7,39.7,39.5,37.4,37.6,38.7,40.5
22:37:36.000,NaN,67.0,NaN,74.3,64.4,78.8,70.6,65.5,68.4,65.9,67.0,69.0,66.3,63.1,63.1,61.8,63.1,61.3,63.0,63.2,60.6,59.8,58.9,59.7,58.8,56.2,54.7,56.1,56.0,49.4,52.0,49.2,40.7,40.5,38.9,38.1,37.8,38.8,40.5
22:37:37.000,NaN,66.8,NaN,72.0,66.2,76.5,74.8,70.3,71.6,69.5,69.3,69.7,70.3,65.4,62.9,62.4,62.3,61.7,63.3,62.8,60.8,60.5,58.6,63.9,57.3,55.7,52.9,51.4,51.0,48.6,48.0,45.2,39.8,39.7,38.1,37.4,37.7,38.5,40.4
22:37:38.000,NaN,65.5,NaN,64.2,72.0,77.9,69.5,61.8,75.0,72.3,69.1,69.4,67.8,65.6,63.4,60.9,63.8,62.0,63.2,63.1,60.5,58.3,60.8,58.8,56.1,52.5,51.8,51.8,52.9,50.7,49.1,45.3,41.1,39.9,40.0,38.6,37.9,38.6,40.4
22:37:39.000,NaN,64.8,NaN,64.2,70.4,80.0,79.5,72.2,74.3,69.2,71.5,68.6,67.0,64.1,61.3,59.5,62.8,61.7,63.2,63.7,61.0,58.1,58.3,57.7,57.1,52.5,51.4,51.7,51.9,49.1,48.4,44.1,41.7,40.4,39.7,37.5,37.7,38.6,40.4
22:37:40.000,NaN,64.4,NaN,67.1,70.7,73.1,71.8,76.8,73.4,71.2,67.7,68.2,67.4,66.0,62.3,60.9,63.5,62.0,63.4,61.6,59.7,60.0,58.5,55.4,53.7,52.5,51.6,51.8,51.6,48.1,47.6,43.4,40.6,40.4,39.8,37.9,37.8,38.6,40.5
22:37:41.000,NaN,65.4,NaN,74.1,76.0,75.6,77.4,74.5,71.7,72.0,71.8,70.0,68.2,64.1,62.6,62.3,62.8,62.9,63.2,62.6,60.8,59.6,58.6,58.0,58.4,53.9,51.8,51.5,51.9,50.0,50.0,43.5,42.1,43.0,40.0,37.2,37.7,38.5,40.5
22:37:42.000,NaN,64.0,NaN,74.6,74.6,69.3,74.4,72.5,74.3,71.7,69.2,68.0,65.5,64.1,62.6,62.0,63.6,61.1,62.8,62.6,60.3,58.0,57.5,56.6,53.5,51.7,51.0,50.6,50.9,46.5,46.8,42.1,39.4,37.9,37.5,36.9,37.6,38.6,40.3
22:37:43.000,NaN,64.9,NaN,74.6,75.8,81.4,75.7,72.0,71.4,73.4,66.1,69.5,66.8,62.9,64.6,61.1,63.0,62.9,63.7,63.0,59.7,60.8,58.3,57.6,55.0,52.0,51.4,51.1,51.2,49.0,47.7,44.5,40.9,38.8,37.7,37.0,37.6,38.6,40.3
22:37:44.000,NaN,66.5,NaN,71.0,76.5,76.8,77.3,73.8,67.9,72.4,64.6,71.0,68.4,63.8,63.8,60.9,63.1,60.8,64.2,62.7,59.4,58.5,57.4,56.1,55.6,58.5,53.8,54.8,58.6,49.0,50.0,47.8,40.2,38.1,37.6,37.0,37.7,38.7,40.3
22:37:45.000,NaN,65.1,NaN,72.5,71.2,77.3,77.3,71.3,74.4,72.4,69.4,65.9,68.4,65.1,64.0,61.6,63.1,61.1,62.7,62.9,60.6,60.2,59.0,57.2,56.7,52.7,52.2,51.5,51.7,50.0,48.0,44.3,40.9,39.7,37.8,37.0,37.7,38.6,40.4
22:37:46.000,NaN,65.1,NaN,72.3,71.6,77.5,76.8,73.4,67.9,72.3,66.4,69.3,65.8,66.4,61.0,61.9,63.4,62.9,62.9,63.1,60.9,58.7,58.9,56.5,58.6,53.4,52.1,51.9,50.6,48.8,48.2,43.7,40.2,38.4,37.7,37.0,37.7,38.6,40.5
22:37:47.000,NaN,70.1,NaN,75.5,77.8,80.4,76.1,73.4,68.8,73.9,69.0,68.3,66.9,64.2,62.7,63.5,64.1,63.6,62.7,62.3,61.4,58.9,59.4,62.4,57.9,60.7,61.3,60.9,57.6,53.9,54.3,47.8,42.2,40.2,38.2,37.8,38.3,38.7,40.4
22:37:48.000,NaN,75.4,NaN,73.6,65.5,78.5,74.7,76.3,73.7,74.4,68.1,65.9,67.0,64.5,63.9,64.0,64.1,60.8,63.0,63.2,61.5,59.3,62.0,64.9,60.1,67.0,66.8,69.5,66.7,62.6,59.0,53.8,49.1,43.4,41.1,38.8,37.9,39.3,40.4
22:37:49.000,NaN,68.4,NaN,71.3,75.6,76.5,76.2,76.9,69.7,74.0,70.3,68.5,67.7,66.2,62.2,64.1,63.8,62.7,63.7,64.5,61.1,59.6,62.6,59.3,58.2,57.9,56.2,57.5,55.6,56.6,53.7,47.4,39.9,39.0,37.7,37.1,37.7,38.4,40.4
22:37:50.000,NaN,72.8,NaN,75.0,78.5,75.3,76.7,69.9,69.1,74.8,68.5,68.1,68.7,64.0,63.2,62.5,63.9,62.4,63.4,63.4,62.5,63.1,66.0,66.4,65.4,62.8,60.3,62.7,57.3,62.1,61.3,56.2,47.9,45.2,42.3,42.6,39.4,38.8,40.6
22:37:51.000,NaN,66.0,NaN,77.4,77.6,77.8,76.1,74.5,68.7,72.2,68.8,68.1,67.2,62.3,62.9,61.0,62.7,61.9,62.7,62.3,60.1,60.7,58.8,61.0,57.1,53.4,53.0,51.3,51.0,49.4,48.2,44.6,40.4,40.5,38.3,37.8,37.8,38.5,40.4
22:37:52.000,NaN,65.0,NaN,71.6,76.9,79.7,75.0,74.4,71.8,75.4,72.4,69.0,68.9,65.9,64.2,61.6,63.2,61.8,63.4,62.5,60.0,58.2,59.7,60.3,54.1,51.7,51.3,50.9,51.4,50.7,48.2,44.2,40.8,40.1,39.9,38.0,37.8,38.6,40.4
22:37:53.000,NaN,73.7,NaN,73.6,74.9,74.0,73.9,76.8,75.3,74.2,71.6,71.8,69.4,64.5,63.5,64.1,61.7,62.2,62.9,63.7,62.4,62.8,58.6,68.9,66.7,68.9,59.5,55.8,56.7,55.5,58.9,58.1,45.7,40.3,39.0,38.3,37.8,38.6,40.4
22:37:54.000,NaN,71.1,NaN,72.9,76.7,73.0,77.0,76.0,77.4,79.5,72.6,69.0,68.9,65.4,63.4,63.2,63.4,63.4,63.1,63.8,60.9,57.9,61.1,64.2,60.4,61.4,57.9,58.5,55.2,56.7,59.7,58.4,47.3,40.5,39.3,38.8,37.8,38.7,40.5
22:37:55.000,NaN,71.4,NaN,68.9,69.8,75.9,76.8,73.2,72.1,74.2,69.4,71.9,71.2,69.3,66.0,63.9,64.8,62.9,62.7,62.9,59.5,58.0,64.1,62.3,65.6,62.2,62.8,58.0,56.3,61.5,57.5,50.8,47.0,42.9,41.9,38.4,37.9,38.6,40.4
22:37:56.000,NaN,69.8,NaN,75.3,70.8,75.1,76.1,71.2,74.4,74.7,73.0,72.6,72.2,67.8,66.1,64.7,64.1,63.8,63.4,63.1,61.1,60.3,62.8,66.3,61.9,62.6,55.4,55.1,59.7,60.2,51.5,46.0,40.9,39.3,39.8,44.5,41.0,39.0,40.3
22:37:57.000,NaN,68.6,NaN,68.4,77.6,70.3,75.1,76.4,72.0,73.4,73.4,71.8,68.4,64.6,65.7,61.9,63.4,61.6,62.4,62.4,60.5,58.5,57.6,60.4,59.8,56.8,55.3,53.7,62.6,56.7,51.4,46.8,41.6,39.4,39.2,37.8,38.0,38.7,40.4
22:37:58.000,NaN,66.2,NaN,66.0,71.8,77.2,76.1,73.4,76.3,76.6,71.4,69.6,68.4,66.6,64.6,62.2,63.3,62.3,63.1,62.1,59.2,60.1,58.3,61.7,61.2,53.7,53.5,50.6,51.6,47.4,48.4,43.3,40.4,38.7,37.9,37.1,37.7,38.6,40.4
22:37:59.000,NaN,76.1,NaN,59.1,78.1,75.6,79.6,71.3,73.1,71.8,71.6,71.5,70.1,66.6,64.5,62.0,64.5,62.7,62.2,61.9,61.7,60.4,64.9,69.5,71.3,63.3,68.9,64.7,65.1,55.6,56.5,46.0,42.1,42.2,38.9,37.6,37.7,38.5,40.4
22:38:00.000,NaN,69.9,NaN,66.4,80.2,75.2,77.1,72.5,79.2,76.6,71.8,71.3,69.4,64.4,65.5,62.8,65.1,61.3,60.9,63.1,60.6,59.4,64.2,65.1,59.4,60.9,54.4,57.4,59.6,58.8,59.0,51.1,42.4,42.4,41.4,39.7,38.7,38.8,40.5
22:38:01.000,NaN,76.1,NaN,71.0,80.1,74.5,74.4,73.4,75.6,71.7,71.3,72.1,71.3,67.5,66.4,64.4,64.5,62.7,62.1,62.7,61.4,60.4,63.1,63.8,66.9,70.6,65.8,66.4,67.0,61.5,62.8,54.1,48.2,45.4,42.0,39.8,38.1,38.6,40.5
22:38:02.000,NaN,67.4,NaN,69.2,79.5,74.8,73.6,73.7,74.3,72.0,70.2,71.5,67.0,66.1,61.9,63.0,63.4,64.2,62.4,61.8,60.1,58.7,60.5,62.6,62.1,57.0,54.7,51.8,51.0,48.9,47.8,43.7,41.2,39.8,38.5,38.1,38.1,38.6,40.4
22:38:03.000,NaN,65.4,NaN,67.5,75.9,71.5,74.2,77.0,70.1,73.4,70.7,67.1,69.6,66.2,67.1,64.7,63.2,62.3,63.2,61.1,60.3,59.4,58.3,57.7,55.9,53.6,54.1,54.5,51.8,50.0,50.2,44.4,40.7,39.9,38.2,37.2,37.7,38.5,40.4
22:38:04.000,NaN,66.9,NaN,71.4,70.2,68.4,74.5,70.0,69.9,73.3,71.9,69.5,69.9,67.7,65.4,64.6,64.6,62.6,62.4,61.4,59.9,60.2,59.8,60.1,61.6,55.2,52.5,52.9,53.3,53.5,51.8,43.8,42.3,39.8,38.5,37.5,37.7,38.6,40.5
22:38:05.000,NaN,64.0,NaN,64.3,78.6,68.1,72.5,71.0,75.3,73.8,72.6,68.8,67.3,65.4,66.1,65.0,62.1,61.4,62.1,60.7,60.1,58.6,58.1,55.4,53.8,52.2,50.8,50.8,49.4,46.6,47.0,43.1,40.0,38.4,37.8,37.1,37.6,38.5,40.4
22:38:06.000,NaN,65.2,NaN,65.5,75.9,67.5,74.5,77.1,74.6,72.4,69.7,64.8,65.7,64.5,65.2,64.0,65.1,63.2,62.6,62.9,59.2,59.1,63.7,55.3,54.3,53.8,51.8,51.4,49.7,46.5,46.8,42.7,40.0,38.9,38.5,41.8,42.6,39.4,40.4
22:38:07.000,NaN,65.6,NaN,65.8,74.8,62.8,77.0,70.2,76.5,73.2,66.9,66.4,64.9,62.4,62.8,61.6,63.2,61.7,64.5,62.2,60.0,59.1,60.5,60.9,54.5,51.9,50.9,51.5,51.7,50.0,47.3,44.3,41.9,44.4,42.5,40.5,38.4,38.6,40.5
22:38:08.000,NaN,63.7,NaN,67.8,77.4,69.1,74.2,72.3,69.5,68.7,67.7,64.9,66.1,62.6,61.5,62.5,63.6,62.4,62.5,62.1,60.3,58.4,57.5,54.7,52.9,51.4,51.1,50.4,50.3,48.5,48.8,45.9,43.1,41.2,38.5,37.5,37.6,38.6,40.5
22:38:09.000,NaN,65.1,NaN,71.7,72.3,73.4,74.3,73.9,73.2,69.2,68.1,65.5,67.1,63.2,61.1,61.9,62.3,63.1,62.9,60.7,59.1,58.4,57.7,56.5,53.6,52.2,51.1,51.7,49.8,48.8,47.1,44.6,39.9,38.5,37.8,37.1,37.6,38.5,40.4
22:38:10.000,NaN,64.7,NaN,70.1,74.3,76.3,68.7,72.5,71.0,68.2,67.4,68.1,65.2,66.5,61.6,62.3,63.0,61.9,63.0,61.7,61.1,59.5,60.1,61.0,55.5,52.9,52.1,52.7,50.6,47.6,47.4,43.2,40.9,39.3,39.7,39.0,38.2,38.5,40.5
22:38:11.000,NaN,63.6,NaN,74.1,75.7,70.7,70.4,72.0,71.9,72.2,64.9,67.2,66.7,62.3,61.7,61.4,62.7,62.2,62.7,61.2,60.1,58.1,57.3,55.4,53.0,51.8,50.8,50.7,50.3,46.9,47.8,43.1,41.2,40.1,38.4,37.3,37.6,38.7,40.4
22:38:12.000,NaN,63.8,NaN,74.9,67.1,75.1,70.2,69.7,75.4,70.8,67.1,65.6,64.3,63.3,59.7,61.2,63.0,61.5,62.8,62.3,60.0,57.6,58.4,56.7,53.1,51.8,51.2,49.8,50.0,46.8,47.2,42.5,39.8,39.0,37.6,37.1,37.7,38.5,40.4
22:38:13.000,NaN,66.6,NaN,73.6,76.6,76.9,69.6,68.6,73.5,71.3,64.5,68.5,65.5,63.7,61.9,61.1,62.6,61.7,62.0,63.1,60.7,63.6,60.8,62.7,53.1,51.3,53.6,52.9,52.0,48.1,47.4,43.5,39.7,38.0,37.7,37.2,37.7,38.6,40.5
22:38:14.000,NaN,70.8,NaN,77.6,75.6,74.1,72.5,69.3,70.6,71.1,68.6,66.4,65.3,62.9,61.6,63.0,63.5,62.0,62.6,61.2,60.3,58.6,62.2,70.4,62.5,58.9,52.7,50.6,49.8,47.0,56.4,43.3,40.1,38.2,37.9,37.7,37.7,38.4,40.4
22:38:15.000,NaN,65.4,NaN,77.0,65.4,76.4,70.4,64.2,67.7,70.5,67.3,65.3,65.2,64.3,60.8,60.4,62.4,62.1,62.6,62.2,62.2,59.9,62.4,58.7,54.8,52.8,51.2,51.6,50.5,47.7,46.4,42.7,39.5,37.9,37.7,38.8,38.3,38.6,40.3
22:38:16.000,NaN,63.6,NaN,75.2,73.3,68.7,72.9,66.2,68.1,69.6,65.8,67.2,66.0,64.4,65.1,61.0,63.0,61.1,61.6,61.3,59.0,58.2,57.0,55.1,54.4,53.6,51.2,50.7,49.9,46.3,47.0,43.7,39.3,37.6,37.2,36.9,37.6,38.6,40.3
22:38:17.000,NaN,63.9,NaN,72.8,71.0,72.5,66.9,65.5,72.5,73.6,69.0,68.6,67.7,66.3,61.5,61.1,63.4,62.4,62.7,61.6,59.3,58.5,58.1,55.0,54.4,50.8,50.9,50.9,50.0,46.6,46.6,43.8,39.9,38.2,37.4,37.2,37.8,38.6,40.4
22:38:18.000,NaN,64.9,NaN,70.8,67.6,74.6,70.8,68.0,68.1,70.6,66.7,64.4,64.2,69.0,60.7,62.0,62.1,61.1,63.0,62.0,60.8,61.2,59.3,57.0,56.0,51.6,52.0,51.4,52.1,48.7,47.4,44.4,40.4,39.6,40.6,41.3,38.2,38.5,40.4
22:38:19.000,NaN,68.1,NaN,75.5,73.6,75.8,70.3,68.2,66.4,70.5,65.4,66.9,65.2,63.2,62.0,61.5,63.5,60.6,62.5,62.3,59.5,59.1,61.9,59.7,62.2,55.3,55.8,57.5,55.1,53.2,48.3,43.1,39.9,39.0,37.8,37.2,37.6,38.5,40.3
22:38:20.000,NaN,69.3,NaN,80.8,70.0,76.8,66.9,67.9,68.2,71.5,69.1,65.1,64.0,63.0,60.2,59.1,61.0,62.4,62.1,63.5,60.6,62.4,67.1,63.5,59.0,52.9,57.9,56.9,58.1,54.7,54.7,46.1,41.4,40.8,46.2,46.3,39.3,38.7,40.4
22:38:21.000,NaN,68.7,NaN,76.7,73.0,73.8,68.0,65.7,68.2,67.7,66.6,64.4,64.5,63.7,60.6,60.2,62.3,62.7,62.6,61.8,59.5,65.0,67.1,62.3,53.9,55.5,58.5,53.0,53.5,52.2,48.3,45.2,41.3,39.7,39.2,38.9,38.4,38.7,40.3
22:38:22.000,NaN,73.4,NaN,78.6,69.6,79.7,67.7,63.9,63.7,68.1,66.8,64.6,64.8,62.7,61.9,61.5,61.5,62.7,63.2,61.9,60.7,65.0,66.6,69.0,69.0,60.6,64.2,58.3,54.4,51.9,51.4,47.4,45.7,41.0,39.7,38.7,38.2,38.8,40.3
22:38:23.000,NaN,70.3,NaN,79.8,76.2,69.6,73.5,66.6,66.7,69.6,67.7,63.5,63.0,62.0,64.0,61.1,63.3,61.5,62.5,62.8,59.2,65.4,64.2,64.2,63.8,59.8,57.3,59.2,57.8,53.8,50.5,43.6,42.7,40.0,38.6,38.4,37.9,38.7,40.3
22:38:24.000,NaN,69.6,NaN,73.7,77.7,77.0,64.2,69.9,64.6,70.0,66.1,65.6,64.8,62.5,61.2,59.6,62.1,61.6,63.0,61.7,60.6,58.0,60.8,61.6,65.4,62.0,59.0,59.0,54.4,53.9,54.3,52.7,56.8,48.0,43.4,40.9,38.6,38.6,40.6
22:38:25.000,NaN,77.2,NaN,75.7,76.0,74.3,72.8,65.1,63.2,69.5,65.3,66.0,63.7,64.1,62.1,61.6,62.9,60.8,62.2,61.5,60.4,59.7,64.0,72.6,73.7,63.6,66.3,64.4,65.1,63.6,53.2,57.8,53.1,45.4,41.6,42.2,38.9,39.0,40.5
22:38:26.000,NaN,79.5,NaN,79.6,76.9,78.2,71.3,71.0,65.5,66.0,69.1,64.6,66.7,61.5,60.2,58.9,63.6,62.7,61.6,63.8,63.5,58.3,63.0,71.6,77.7,62.6,65.3,68.9,57.6,65.5,59.5,54.1,62.9,50.0,41.4,43.0,44.6,39.0,40.3
22:38:27.000,NaN,73.7,NaN,78.7,76.4,71.0,67.4,70.5,68.7,64.0,66.1,60.6,66.2,61.2,62.2,59.8,63.4,61.2,61.6,62.2,61.1,64.3,65.8,72.6,69.1,58.4,62.2,62.1,58.1,57.3,52.1,52.8,47.5,41.3,38.9,38.9,38.7,38.6,40.4
22:38:28.000,NaN,70.1,NaN,74.6,75.6,75.3,70.1,70.0,68.0,64.5,60.9,64.1,67.1,62.4,61.8,60.7,61.2,60.7,61.4,62.9,59.9,57.5,60.9,68.2,64.1,63.6,57.6,54.9,53.4,54.9,49.7,46.9,45.5,40.8,38.8,37.9,38.0,38.7,40.4
22:38:29.000,NaN,66.9,NaN,77.8,77.4,69.5,69.4,70.6,68.5,66.8,64.0,65.6,67.0,63.4,62.4,60.6,63.4,62.2,61.7,61.1,60.2,60.3,60.5,61.0,61.8,53.4,54.2,53.1,50.4,47.9,48.1,43.7,40.1,39.4,39.3,38.3,37.8,38.5,40.5
22:38:30.000,NaN,68.0,NaN,76.7,80.0,73.2,67.6,70.7,66.5,63.2,65.3,62.5,65.8,62.3,59.1,60.5,63.5,60.8,61.6,61.3,60.4,59.7,62.9,66.3,60.1,55.9,53.5,52.6,49.5,47.6,46.8,43.1,40.4,38.6,37.9,37.1,37.6,38.6,40.4
22:38:31.000,NaN,68.5,NaN,78.4,74.6,75.3,69.0,67.9,67.7,65.8,65.3,64.7,65.7,63.8,58.7,61.1,63.6,61.0,62.3,62.6,59.7,59.2,60.9,64.3,60.2,52.9,56.8,55.0,56.3,49.3,45.9,45.8,43.6,38.5,37.5,37.1,37.4,38.5,40.4
22:38:32.000,NaN,75.1,NaN,78.3,74.6,78.3,71.7,72.3,68.0,61.1,62.3,63.9,67.7,63.5,62.8,61.0,61.5,59.6,62.5,63.1,58.5,57.3,59.3,72.6,72.8,55.0,61.0,62.5,55.6,54.4,49.1,46.4,45.9,40.7,39.9,37.8,37.7,38.6,40.4
22:38:33.000,NaN,75.1,NaN,79.3,74.3,74.7,72.8,73.7,64.1,65.4,65.1,62.7,64.5,61.9,57.7,60.6,63.2,61.3,62.0,62.7,60.6,60.0,65.5,73.5,69.5,56.1,66.5,62.4,51.3,53.3,53.4,48.9,47.0,42.7,40.4,37.5,37.6,38.5,40.4
22:38:34.000,NaN,65.9,NaN,76.0,72.9,77.5,71.2,74.0,69.1,65.0,65.8,66.6,66.7,63.4,60.5,61.9,62.8,62.4,62.2,61.6,58.9,58.7,63.4,63.4,55.3,53.3,52.6,50.2,48.9,47.0,47.3,44.2,39.7,38.3,37.8,37.0,37.7,38.5,40.5
22:38:35.000,NaN,62.8,NaN,78.2,78.3,76.7,67.7,71.6,71.5,63.9,61.6,63.6,67.9,62.3,58.3,61.1,62.6,63.1,62.0,61.1,59.4,56.9,57.8,54.5,52.8,50.7,48.9,49.4,48.3,45.5,45.0,41.9,38.8,37.9,37.4,37.0,37.6,38.4,40.4
22:38:36.000,NaN,68.7,NaN,80.3,77.6,77.5,72.8,71.3,67.9,63.5,64.2,65.3,66.5,63.1,61.0,62.4,62.5,62.2,62.0,62.3,59.9,59.0,66.7,63.1,63.6,52.7,51.4,52.4,50.2,49.7,45.8,43.0,41.3,39.2,38.4,37.6,37.7,38.6,40.4
22:38:37.000,NaN,67.8,NaN,76.5,75.2,74.4,65.8,70.0,68.3,67.2,64.5,65.1,66.0,64.1,63.0,62.9,63.7,60.6,62.2,61.6,59.2,60.5,60.9,65.8,62.2,55.5,52.6,49.8,48.5,45.7,47.0,42.2,39.6,38.3,37.4,37.1,37.5,38.4,40.5
22:38:38.000,NaN,68.0,NaN,77.0,78.9,75.2,70.2,71.6,69.3,68.3,64.9,64.3,65.8,65.6,60.6,59.2,64.2,61.2,62.3,64.1,61.0,62.2,62.5,66.3,54.9,51.8,55.2,50.2,49.7,47.6,46.5,42.5,38.8,38.0,37.2,37.0,37.6,38.6,40.2
22:38:39.000,NaN,64.9,NaN,78.9,76.9,73.8,68.1,73.5,70.6,66.8,64.4,64.5,65.8,62.7,62.1,60.1,63.1,63.2,62.7,62.2,60.5,60.5,61.9,58.7,54.2,50.2,49.1,50.1,48.5,45.6,44.9,41.1,39.4,37.7,36.8,36.9,37.6,38.6,40.5
22:38:40.000,NaN,64.1,NaN,74.1,77.3,72.7,72.8,71.4,68.9,64.9,65.9,64.9,65.5,61.8,61.6,60.5,63.0,61.8,61.1,61.1,59.2,58.4,58.2,61.4,53.7,50.7,49.4,50.2,48.2,44.8,45.4,41.7,38.2,37.7,37.2,36.8,37.6,38.5,40.3
22:38:41.000,NaN,62.8,NaN,78.0,78.3,75.3,74.6,68.4,66.7,65.7,63.7,63.8,63.8,61.8,60.9,60.3,62.0,62.3,61.9,61.7,59.5,57.2,57.1,56.4,52.7,49.7,49.0,48.6,47.5,44.2,44.6,40.7,38.1,37.2,36.8,36.9,37.5,38.5,40.4
22:38:42.000,NaN,62.9,NaN,76.0,75.1,75.2,72.0,73.5,71.7,67.3,65.7,65.2,64.8,62.6,60.9,61.1,63.2,61.8,62.1,61.9,59.2,57.7,58.2,55.4,52.1,50.7,49.4,49.1,47.6,44.6,45.0,41.2,38.5,37.6,37.0,37.0,37.5,38.6,40.4
22:38:43.000,NaN,67.3,NaN,76.0,79.4,73.5,72.7,71.1,67.3,68.1,67.7,65.5,64.6,62.0,61.3,58.5,62.2,63.5,61.3,62.3,58.6,58.0,63.1,61.0,62.3,56.2,55.9,50.9,48.8,45.3,45.1,41.1,38.7,37.3,36.9,36.8,37.6,38.6,40.3
22:38:44.000,NaN,69.8,NaN,76.8,76.5,74.9,75.1,68.8,68.0,67.9,66.6,63.0,64.4,60.5,60.4,59.1,62.7,63.0,61.4,61.7,59.4,64.2,64.8,67.4,63.1,56.0,56.6,51.3,51.9,47.4,45.3,42.7,42.2,40.3,41.4,40.4,37.9,38.4,40.4
22:38:45.000,NaN,70.1,NaN,74.6,77.1,74.4,73.1,70.4,68.6,66.2,65.9,63.1,64.8,62.9,62.8,60.6,63.7,62.1,61.4,61.4,60.5,58.6,63.6,61.9,57.9,56.7,66.5,58.7,51.3,52.8,48.7,45.6,40.0,38.7,37.1,37.0,37.7,38.6,40.4
22:38:46.000,NaN,68.0,NaN,74.8,80.2,66.3,71.5,68.6,73.3,70.2,69.3,64.2,64.3,63.0,63.9,61.6,62.7,61.6,61.1,61.7,60.5,60.7,62.8,64.1,61.1,56.2,55.5,56.5,51.6,50.8,48.1,49.1,39.7,38.6,37.9,37.2,37.6,38.5,40.4
22:38:47.000,NaN,68.7,NaN,70.2,78.3,71.8,71.8,70.8,65.9,67.8,69.3,66.0,64.9,66.0,62.4,62.3,62.5,63.0,62.5,61.9,60.6,61.2,63.8,64.4,60.7,57.4,57.5,57.8,49.9,51.6,48.9,48.6,40.9,39.1,37.6,36.9,37.7,38.4,40.5
22:38:48.000,NaN,64.1,NaN,79.2,77.3,69.1,74.2,70.4,70.8,69.2,69.7,65.3,63.5,64.5,63.7,61.2,63.8,61.3,62.0,61.6,59.8,58.2,61.1,56.7,53.7,52.0,50.2,50.0,49.0,46.8,45.9,42.0,40.5,38.9,39.6,38.5,37.7,38.6,40.4
22:38:49.000,NaN,63.8,NaN,73.3,75.7,68.8,70.1,69.8,69.7,68.0,66.1,66.4,66.1,62.3,61.6,61.3,61.7,62.0,60.9,61.7,60.7,58.6,59.5,57.1,53.9,51.6,49.8,48.9,48.4,45.4,45.1,40.9,38.4,37.2,36.9,36.9,37.4,38.5,40.5
22:38:50.000,NaN,65.7,NaN,69.9,69.8,73.0,67.1,67.0,69.4,67.3,67.3,67.7,66.0,62.9,61.7,60.4,63.8,62.1,62.7,63.0,60.6,59.1,61.9,59.4,57.3,54.8,51.4,50.5,49.8,46.8,47.0,41.7,39.2,37.7,37.3,37.0,37.6,38.6,40.5
22:38:51.000,NaN,65.1,NaN,77.0,79.6,76.1,71.7,69.5,72.4,67.1,67.5,66.7,65.6,62.3,62.6,60.2,63.2,61.9,62.4,62.5,59.9,58.6,58.6,61.6,57.1,51.4,51.3,50.6,50.2,47.1,46.5,42.4,41.3,40.4,40.3,40.2,38.3,38.7,40.4
22:38:52.000,NaN,67.0,NaN,73.9,70.7,76.6,72.7,74.0,68.3,65.9,69.9,69.5,64.0,63.3,62.1,61.0,62.6,61.3,62.5,60.4,60.7,62.3,64.2,60.1,58.8,54.1,51.8,50.7,49.7,47.1,46.5,42.3,40.0,38.5,38.0,38.0,37.9,38.6,40.4
22:38:53.000,NaN,64.8,NaN,71.5,76.2,74.4,74.0,72.2,69.9,71.0,66.9,63.6,66.4,65.7,60.7,60.9,65.3,62.1,62.2,61.8,63.8,60.7,61.3,59.0,53.7,50.5,50.8,50.2,50.0,47.0,45.2,41.9,40.5,40.6,43.9,40.6,37.9,38.8,40.3
22:38:54.000,NaN,64.4,NaN,74.0,76.1,70.1,70.2,72.8,66.3,70.5,69.7,67.0,67.5,65.0,60.7,61.2,61.4,62.8,60.8,62.0,60.1,57.9,58.2,57.7,55.5,51.0,50.9,50.6,49.4,45.8,45.3,42.7,39.2,37.8,37.2,36.8,37.7,38.5,40.4
22:38:55.000,NaN,67.0,NaN,74.0,72.5,68.1,68.6,72.8,68.8,68.3,69.5,68.0,66.0,64.5,62.4,60.4,62.0,62.1,63.5,62.3,62.0,64.8,62.3,61.2,59.4,53.8,50.9,52.6,52.6,49.9,47.8,43.4,40.1,38.5,38.3,38.0,37.8,38.5,40.3
22:38:56.000,NaN,65.9,NaN,71.0,78.7,79.4,74.1,72.4,65.8,70.5,70.6,65.2,63.7,64.4,61.9,60.8,63.0,62.0,62.4,61.6,60.9,61.9,60.7,59.6,58.3,52.7,52.3,53.1,50.4,49.1,48.4,43.2,39.6,38.2,38.3,37.4,37.7,38.5,40.4
22:38:57.000,NaN,66.1,NaN,76.9,74.0,78.2,71.3,70.5,72.7,70.2,67.7,63.4,64.3,64.7,62.0,61.9,61.7,61.6,62.2,62.5,60.3,63.2,63.0,59.6,56.2,54.0,52.5,49.5,49.2,46.9,44.7,41.8,40.3,41.8,42.1,38.7,38.2,38.6,40.4
22:38:58.000,NaN,64.6,NaN,74.3,77.4,75.0,68.9,71.1,67.0,66.3,70.0,67.4,64.9,63.1,61.0,60.2,61.5,62.4,60.9,61.4,59.9,58.6,58.9,59.4,56.3,51.8,52.8,51.1,48.9,45.4,44.2,41.3,41.5,41.3,41.4,37.9,38.0,38.6,40.3
22:38:59.000,NaN,64.2,NaN,73.4,79.6,73.6,73.3,74.8,67.1,67.7,66.6,65.7,64.4,62.0,61.5,60.6,61.1,59.6,61.6,62.1,59.7,58.9,57.1,57.6,56.2,51.4,52.6,49.5,49.3,47.9,45.1,42.3,39.5,38.8,38.1,37.3,37.6,38.6,40.4
22:39:00.000,NaN,66.0,NaN,72.9,79.4,71.3,73.6,68.4,72.6,66.1,64.8,66.7,66.6,62.7,61.9,60.6,62.7,62.6,61.9,61.6,60.3,62.2,60.4,58.6,56.4,55.6,51.1,50.4,52.1,50.7,46.8,43.5,42.8,42.0,44.7,42.6,38.6,38.7,40.3
22:39:01.000,NaN,65.7,NaN,76.0,73.3,72.1,71.2,73.6,67.1,63.7,67.7,67.2,66.5,64.2,59.5,62.6,63.1,61.3,62.6,62.6,60.2,63.8,58.8,58.8,59.7,52.2,50.6,52.4,50.8,49.9,46.9,44.5,39.6,38.7,37.7,37.2,37.5,38.4,40.4
22:39:02.000,NaN,66.6,NaN,69.9,71.6,72.7,73.3,69.7,70.5,69.6,65.7,64.9,65.8,63.3,61.0,60.4,63.7,61.7,62.3,62.6,62.0,62.1,60.4,62.1,57.4,51.3,51.2,52.6,54.3,52.7,47.8,47.5,41.3,39.1,40.6,38.1,37.8,38.6,40.5
22:39:03.000,NaN,66.4,NaN,75.4,79.1,71.0,66.9,69.4,68.2,69.7,66.8,66.0,65.4,66.2,63.0,61.5,62.0,61.0,61.8,61.3,59.4,60.8,62.2,61.8,58.0,53.5,51.8,52.9,50.5,47.6,46.4,42.6,39.3,37.9,37.4,37.2,37.7,38.3,40.4
22:39:04.000,NaN,67.9,NaN,76.6,76.3,74.4,68.4,68.0,71.9,70.4,69.1,68.6,66.5,62.7,62.2,58.9,63.6,62.3,62.5,61.6,60.6,65.7,61.5,64.2,60.1,57.3,53.2,49.7,51.6,51.2,47.1,43.6,39.5,37.5,37.2,37.0,37.6,38.5,40.4
22:39:05.000,NaN,66.7,NaN,77.8,78.5,77.1,71.4,69.2,68.2,64.9,64.3,66.0,65.8,62.8,60.1,59.8,62.2,61.8,60.2,60.9,59.9,58.9,60.0,60.2,60.9,58.0,52.0,51.7,51.8,49.1,48.6,44.7,39.0,38.1,37.4,37.0,37.7,38.6,40.3
22:39:06.000,NaN,67.4,NaN,75.7,76.0,74.9,69.0,69.8,68.0,69.0,67.5,67.4,64.9,65.0,60.0,59.3,62.9,59.4,62.3,62.9,60.9,58.6,61.1,65.7,57.6,55.0,51.9,51.3,53.7,52.5,47.5,42.6,38.8,37.4,37.5,37.2,37.7,38.6,40.5
22:39:07.000,NaN,66.3,NaN,69.2,76.1,71.0,73.9,69.6,67.0,67.5,68.9,65.9,65.8,61.8,61.9,61.1,63.0,62.1,63.0,61.8,59.8,58.3,58.4,60.5,59.3,58.7,54.0,53.2,51.3,46.3,47.7,42.6,39.3,37.5,37.2,36.9,37.4,38.5,40.3
22:39:08.000,NaN,63.7,NaN,70.3,74.8,71.9,69.5,66.3,71.9,68.7,65.9,68.1,67.6,64.3,61.4,60.1,62.6,61.1,61.5,61.5,60.3,57.8,57.5,56.3,56.8,50.1,49.2,50.4,48.8,44.7,44.8,41.4,39.0,38.2,39.0,38.1,38.0,38.6,40.5
22:39:09.000,NaN,64.0,NaN,74.5,76.5,68.4,72.5,70.3,67.5,68.4,68.7,66.6,65.9,64.7,61.5,61.6,61.2,60.1,61.2,62.0,60.2,58.4,59.5,56.9,54.4,50.9,50.8,51.4,49.9,47.4,45.1,42.0,38.9,37.5,37.2,37.1,37.6,38.5,40.4
22:39:10.000,NaN,63.1,NaN,78.7,75.0,71.8,71.6,68.4,71.3,67.7,67.3,67.9,65.8,64.9,60.7,58.8,61.7,62.1,62.5,61.5,59.2,58.1,58.7,56.1,53.2,49.4,49.6,49.7,49.2,45.6,44.4,40.5,38.2,37.1,37.0,36.9,37.6,38.5,40.4
22:39:11.000,NaN,66.9,NaN,74.3,78.9,66.1,69.7,70.5,70.9,69.4,66.3,67.7,63.7,61.1,61.7,61.2,64.0,62.1,61.7,62.4,60.7,57.6,61.0,59.3,62.0,58.6,53.4,53.2,51.2,47.3,47.5,46.4,38.9,38.2,37.9,38.3,42.1,38.8,40.5
22:39:12.000,NaN,67.8,NaN,74.3,73.8,73.1,71.0,69.5,71.1,70.2,68.3,66.2,64.2,62.4,60.2,63.3,62.7,61.2,62.3,61.2,59.9,57.3,58.6,58.9,61.7,57.2,55.6,56.1,55.0,47.4,52.0,44.7,38.7,39.2,38.8,39.1,38.5,38.7,40.5
22:39:13.000,NaN,71.0,NaN,75.0,76.1,66.7,74.0,70.6,67.2,68.0,69.7,68.3,66.3,65.7,61.0,60.0,62.8,62.0,62.4,62.2,61.0,56.8,62.6,67.4,65.9,62.2,59.9,57.5,58.0,49.4,53.2,49.5,41.0,38.3,38.6,38.6,37.9,38.6,40.4
22:39:14.000,NaN,71.2,NaN,74.8,70.3,71.3,69.2,70.7,69.4,68.6,65.7,68.4,66.9,62.9,62.0,62.9,63.8,63.2,61.7,63.8,62.2,57.6,60.1,69.2,64.8,60.3,60.1,53.6,53.3,47.6,48.0,44.9,39.8,40.6,41.3,41.9,40.0,38.9,40.4
22:39:15.000,NaN,75.7,NaN,70.4,72.7,72.5,71.9,69.1,69.3,69.0,67.3,68.9,63.8,63.0,61.6,59.9,61.5,62.0,62.4,62.2,60.4,58.6,57.1,58.7,74.1,70.6,63.0,54.3,55.2,54.6,54.6,48.2,45.1,40.6,39.4,37.8,37.9,38.6,40.3
22:39:16.000,NaN,67.1,NaN,77.3,70.5,73.2,67.1,71.8,68.4,70.4,67.9,67.6,63.5,63.0,59.9,60.7,62.1,61.6,60.7,61.7,60.0,58.1,58.8,59.2,56.6,56.6,52.7,58.8,60.3,53.7,46.9,44.0,39.7,38.3,37.6,37.0,38.9,38.5,40.4
22:39:17.000,NaN,66.1,NaN,63.2,71.1,73.2,68.7,69.9,67.5,66.2,66.2,66.1,64.2,61.3,59.4,60.3,62.5,61.2,61.4,61.7,59.4,57.9,59.2,57.1,59.6,60.4,51.5,53.8,50.6,48.0,47.6,43.5,39.4,37.5,37.1,36.9,37.5,38.7,40.3
22:39:18.000,NaN,64.2,NaN,74.5,75.9,73.9,71.5,66.9,65.5,66.1,67.0,64.9,64.8,63.2,60.3,61.7,63.3,60.5,61.8,62.4,60.1,58.0,58.1,58.4,53.4,51.8,50.0,50.5,50.2,48.9,45.8,42.5,39.8,37.7,37.4,37.1,37.6,38.6,40.6
22:39:19.000,NaN,65.9,NaN,75.2,73.8,71.7,69.1,69.4,64.2,67.3,66.0,65.3,65.0,62.4,61.1,62.1,62.2,61.0,62.6,63.4,60.7,61.5,61.4,58.7,56.3,55.3,51.1,51.1,51.4,48.2,46.6,44.4,43.7,47.7,43.4,40.6,38.3,38.6,40.5
22:39:20.000,NaN,63.9,NaN,76.3,68.7,69.8,64.6,66.6,67.8,65.1,66.4,65.8,65.3,63.9,61.0,62.1,62.6,61.8,61.9,62.1,61.2,60.2,58.4,56.1,54.9,52.1,50.5,49.6,49.8,46.4,45.6,42.5,42.2,40.1,42.4,39.0,38.3,38.7,40.4
22:39:21.000,NaN,71.4,NaN,75.1,73.0,72.2,69.5,70.2,68.7,64.3,67.2,66.0,65.6,61.3,62.1,59.7,62.8,59.9,62.2,63.3,60.8,59.5,64.5,64.0,69.0,60.2,58.2,55.0,53.2,55.3,54.4,45.6,41.6,40.4,41.4,39.1,37.9,38.6,40.4
22:39:22.000,NaN,67.1,NaN,76.8,74.4,69.8,71.2,72.4,68.1,63.2,61.1,64.3,64.1,62.2,59.1,59.6,62.1,61.8,64.7,63.3,61.6,61.8,60.3,64.4,54.5,54.6,50.9,50.1,54.0,53.2,47.3,43.6,39.3,38.1,38.0,36.8,37.5,38.5,40.5
22:39:23.000,NaN,70.2,NaN,68.3,70.2,69.7,69.8,66.5,66.9,66.8,65.4,65.1,65.6,63.2,58.5,59.6,62.1,61.8,64.1,63.8,62.3,63.7,63.6,65.7,58.0,55.3,52.2,54.4,58.2,60.5,50.7,51.4,43.8,40.7,39.3,37.7,37.8,38.6,40.5
22:39:24.000,NaN,65.6,NaN,74.8,74.1,66.6,66.2,61.9,68.8,67.0,66.2,65.0,63.5,63.1,60.3,61.0,62.4,62.7,62.5,61.4,62.3,66.3,59.5,60.4,57.9,53.0,52.1,51.5,52.7,49.0,46.7,43.8,40.9,39.9,39.0,38.7,38.4,38.5,40.4
22:39:25.000,NaN,64.1,NaN,79.4,66.6,69.8,71.3,62.2,65.2,60.9,65.6,64.3,64.8,62.3,61.4,61.2,61.9,60.0,63.6,61.8,59.9,56.7,57.1,59.0,54.2,51.3,50.7,52.2,51.2,48.2,46.9,43.3,40.1,38.1,37.7,36.9,37.5,38.5,40.5
22:39:26.000,NaN,66.7,NaN,78.1,75.7,74.5,68.5,64.7,69.2,65.4,67.2,67.7,63.6,58.1,58.9,59.4,62.0,60.4,60.9,62.2,59.5,58.7,62.2,58.5,59.1,57.3,55.4,53.5,53.1,50.0,52.1,45.8,41.1,39.1,37.6,37.1,37.7,38.6,40.5
22:39:27.000,NaN,65.0,NaN,65.6,67.6,69.9,69.4,68.7,65.1,64.0,66.1,66.2,66.6,62.8,61.7,60.0,62.9,61.7,62.6,61.3,59.3,60.5,59.0,58.5,55.3,53.4,52.9,53.6,51.2,49.5,47.5,43.8,41.2,39.5,38.5,37.6,37.9,38.6,40.5
22:39:28.000,NaN,65.5,NaN,68.2,73.5,70.7,67.4,69.7,65.1,64.8,67.6,67.7,64.5,62.6,60.8,59.2,62.1,61.5,61.9,60.9,61.6,60.6,59.3,62.7,55.3,51.1,51.9,50.6,51.4,48.2,46.6,44.3,40.0,38.4,37.6,37.2,37.6,38.6,40.4
22:39:29.000,NaN,68.9,NaN,71.7,75.7,66.8,70.4,67.7,64.9,64.0,65.0,66.6,65.4,60.2,60.4,61.3,62.4,60.6,60.8,62.4,60.4,58.8,68.2,63.7,56.4,53.5,57.0,53.2,55.3,52.8,49.0,47.7,42.9,41.1,41.5,39.1,37.7,38.6,40.5
22:39:30.000,NaN,68.0,NaN,75.5,73.3,68.9,63.3,65.4,65.1,66.5,65.9,67.1,64.8,61.5,60.3,61.4,62.2,60.2,62.3,62.8,61.9,57.0,67.6,58.6,57.9,52.4,51.8,53.8,53.5,51.6,51.5,48.1,42.5,41.6,41.0,39.3,37.9,38.5,40.4
22:39:31.000,NaN,63.6,NaN,76.6,73.3,71.3,67.7,65.4,66.8,67.2,64.2,65.6,64.2,58.4,60.9,58.2,63.9,60.5,61.8,61.2,59.9,57.3,56.8,58.1,54.1,51.0,49.3,51.2,54.8,48.4,46.2,42.2,39.6,37.8,37.2,36.8,37.5,38.4,40.5
22:39:32.000,NaN,62.6,NaN,69.7,74.2,67.1,70.6,68.4,59.1,62.8,61.6,64.1,64.7,60.8,61.2,58.8,62.9,61.5,62.3,61.3,59.5,56.9,55.5,54.5,53.0,49.9,49.1,48.7,49.3,45.7,45.4,41.8,39.1,37.4,37.5,37.3,37.8,38.4,40.4
22:39:33.000,NaN,69.6,NaN,75.1,69.9,69.8,64.9,66.3,65.4,63.9,64.5,64.6,64.5,62.1,58.7,58.5,62.8,61.3,63.2,60.9,59.6,66.7,57.0,67.0,62.0,58.9,53.2,51.2,51.1,49.8,49.1,45.5,44.2,44.7,44.7,40.9,39.2,38.6,40.5
22:39:34.000,NaN,65.2,NaN,73.2,73.6,71.6,66.6,65.6,66.5,64.5,65.0,65.8,63.0,59.6,60.0,59.9,62.5,62.9,63.1,60.2,60.7,59.2,60.1,61.0,59.7,53.8,51.9,51.8,52.3,49.4,45.4,41.9,39.3,37.4,37.2,37.0,37.6,38.5,40.6
22:39:35.000,NaN,69.2,NaN,69.0,68.7,71.1,65.1,66.6,67.6,65.1,64.9,64.8,64.6,63.2,62.0,59.5,62.8,61.0,64.3,62.6,61.2,61.1,65.9,61.6,64.3,58.1,54.8,56.7,51.7,51.6,48.9,46.5,46.8,46.7,48.3,40.7,38.3,38.7,40.4
22:39:36.000,NaN,64.0,NaN,71.0,69.4,74.8,67.8,66.4,65.8,62.4,62.2,66.3,64.5,60.2,57.9,59.3,61.7,62.4,61.2,62.3,59.2,57.7,56.8,57.2,56.7,52.2,50.6,49.7,49.5,46.1,45.9,42.6,39.7,37.8,37.2,36.8,37.6,38.5,40.5
22:39:37.000,NaN,69.4,NaN,74.2,74.2,74.5,71.9,64.0,65.3,61.0,62.4,62.5,63.4,58.8,60.7,60.1,61.5,61.6,62.3,60.6,59.6,62.0,61.6,68.6,59.2,55.5,53.0,53.9,53.4,52.6,52.5,44.9,40.5,41.0,42.6,41.2,39.7,38.6,40.5
22:39:38.000,NaN,67.6,NaN,71.4,68.7,72.2,68.4,66.0,63.5,63.8,65.3,62.1,63.6,61.0,58.8,59.8,62.0,62.2,61.1,61.0,61.7,57.8,59.7,66.2,59.0,53.1,54.0,49.7,49.6,49.0,46.7,43.6,40.2,39.4,39.2,38.2,37.9,38.5,40.5
22:39:39.000,NaN,64.3,NaN,65.0,71.0,71.9,64.0,65.8,64.7,59.1,63.4,65.6,63.8,60.6,60.2,59.6,62.7,61.1,63.4,62.4,61.1,58.0,58.3,57.8,57.4,50.5,50.1,49.6,49.5,47.2,45.7,43.0,39.7,38.9,38.6,37.0,37.7,38.6,40.4
22:39:40.000,NaN,63.3,NaN,71.4,76.6,71.8,63.1,67.0,64.0,63.6,64.0,64.8,62.9,60.5,58.5,59.2,61.6,60.5,62.2,61.2,59.3,58.1,57.5,57.2,53.5,51.2,50.6,49.5,49.7,45.9,45.6,42.6,40.5,39.0,39.0,37.5,37.4,38.3,40.4
22:39:41.000,NaN,63.9,NaN,75.9,70.8,68.9,68.5,64.2,64.1,63.6,63.2,63.4,62.4,62.6,62.1,61.2,62.0,61.1,61.9,61.7,59.9,58.1,57.5,57.3,54.5,51.7,51.5,49.9,49.4,46.6,46.4,43.2,39.7,38.0,37.5,36.7,37.6,38.4,40.4
22:39:42.000,NaN,63.6,NaN,72.9,66.2,76.3,67.9,67.9,67.3,65.8,65.8,65.5,63.1,62.9,62.2,60.3,62.4,61.9,60.5,60.5,59.8,59.2,58.8,56.2,53.1,51.4,50.1,49.7,49.8,46.8,46.3,43.3,39.4,37.6,37.2,37.2,37.6,38.4,40.4
22:39:43.000,NaN,64.4,NaN,68.6,69.9,67.2,70.1,68.1,67.1,65.0,63.1,63.8,65.2,61.1,60.1,60.4,62.5,61.2,61.7,61.5,60.2,58.9,57.5,58.6,54.3,50.6,50.2,50.2,52.9,49.9,48.8,44.9,41.2,37.9,37.8,36.9,37.6,38.5,40.6
22:39:44.000,NaN,68.3,NaN,69.5,68.7,67.9,71.6,66.6,65.2,57.9,62.1,64.6,62.5,61.5,56.8,60.0,62.7,61.2,61.6,61.4,58.9,61.4,61.2,64.3,61.7,58.4,55.5,54.1,53.4,52.7,53.3,49.3,41.4,38.4,38.6,37.6,38.0,38.6,40.5
22:39:45.000,NaN,66.6,NaN,73.4,74.4,71.7,70.5,63.6,60.8,62.9,62.3,62.8,64.6,62.0,57.7,59.6,62.1,60.8,61.2,61.6,63.5,60.4,58.8,60.7,61.0,54.7,54.6,51.7,51.9,47.6,48.5,44.9,39.9,38.6,38.0,37.1,37.5,38.4,40.5
22:39:46.000,NaN,66.3,NaN,76.9,69.6,70.5,61.4,64.0,66.5,63.2,63.6,62.9,64.1,59.9,59.1,60.0,61.1,62.3,61.5,62.6,61.4,58.1,61.3,60.7,60.2,52.6,53.5,50.9,51.0,48.0,46.5,44.1,40.2,38.1,37.3,37.0,37.6,38.4,40.4
22:39:47.000,NaN,67.9,NaN,70.5,72.5,66.2,67.0,63.5,63.9,65.6,62.5,63.4,63.3,60.7,59.4,60.1,63.4,61.2,62.1,61.6,59.1,59.7,60.6,63.8,63.4,56.9,52.5,53.3,52.3,50.6,48.0,45.5,39.9,38.4,38.0,37.2,37.6,38.4,40.5
22:39:48.000,NaN,67.1,NaN,66.1,70.9,65.1,62.1,63.6,64.0,60.8,65.1,62.7,63.0,60.7,59.6,60.8,62.6,62.5,61.3,61.7,60.7,58.2,62.1,60.1,62.1,57.4,53.7,54.3,52.4,49.6,48.2,45.5,40.5,38.5,38.3,38.4,38.0,38.5,40.4
22:39:49.000,NaN,64.7,NaN,57.3,65.3,69.3,67.5,65.4,59.2,60.9,65.2,64.0,64.2,61.4,60.6,59.7,60.9,60.0,61.3,62.9,58.7,58.1,57.9,59.5,57.3,54.9,51.5,50.6,49.1,47.3,45.9,43.5,39.8,38.3,37.3,36.9,37.6,38.4,40.4
22:39:50.000,NaN,68.9,NaN,69.8,71.3,69.6,67.5,68.5,67.1,64.5,64.4,62.2,61.3,58.4,59.4,60.5,61.4,61.8,62.3,63.0,62.1,60.8,60.2,62.5,58.8,65.1,53.9,54.4,51.9,47.5,49.3,46.4,40.1,38.7,38.0,37.6,37.6,38.6,40.4
22:39:51.000,NaN,63.1,NaN,70.0,68.0,68.7,69.4,63.7,62.3,58.7,62.9,64.0,63.0,62.7,61.2,59.0,61.9,61.1,61.3,61.4,60.3,57.1,57.4,56.0,53.2,50.6,49.1,49.6,49.7,45.8,45.5,43.0,39.4,38.3,40.3,41.5,39.5,38.9,40.5
22:39:52.000,NaN,64.9,NaN,69.6,69.1,68.1,69.2,66.5,58.2,61.8,64.7,64.3,61.9,62.5,60.0,60.2,62.3,60.0,62.3,61.2,59.7,58.1,58.5,59.8,58.4,50.9,50.6,50.4,52.4,47.1,46.2,44.1,39.4,37.9,38.0,38.7,38.4,38.8,40.5
22:39:53.000,NaN,65.2,NaN,68.5,75.7,61.6,62.9,62.8,66.0,64.8,61.5,62.6,62.4,61.1,59.9,59.2,60.7,60.8,62.4,62.0,59.5,57.1,62.6,59.1,53.8,51.4,50.6,51.1,52.0,48.0,47.8,43.7,40.1,38.7,38.7,38.1,38.2,38.6,40.5
22:39:54.000,NaN,67.1,NaN,67.3,65.2,65.1,63.4,65.4,61.5,61.7,63.3,63.5,62.8,59.7,59.5,59.1,60.5,60.5,61.3,62.9,60.3,58.1,60.2,60.1,62.4,51.1,51.2,54.3,55.0,48.4,47.1,43.9,39.4,38.4,39.3,39.2,38.2,38.5,40.3
22:39:55.000,NaN,71.1,NaN,65.0,70.5,70.3,67.1,65.1,62.2,61.9,64.1,65.5,64.3,61.0,58.3,58.7,62.5,60.5,61.7,62.1,61.3,59.1,63.5,67.0,66.0,59.1,60.2,60.7,58.4,55.7,55.9,50.9,40.5,39.3,39.0,38.5,38.3,38.6,40.5
22:39:56.000,NaN,65.9,NaN,69.2,70.0,62.7,61.7,61.6,64.1,62.3,63.3,62.8,64.0,59.5,59.8,60.3,60.4,60.7,62.6,62.2,60.3,56.9,61.5,62.2,54.1,51.2,51.0,50.1,50.5,51.3,53.5,47.2,40.2,38.3,38.4,38.3,37.7,38.6,40.4
22:39:57.000,NaN,64.7,NaN,74.0,71.7,63.4,64.5,62.8,63.2,59.2,61.0,61.5,61.6,62.4,60.4,60.0,62.5,61.8,61.0,61.6,58.7,56.9,57.2,60.3,58.2,52.9,52.4,49.7,50.5,46.3,46.6,43.1,39.6,38.2,37.4,37.1,37.7,38.4,40.5
22:39:58.000,NaN,64.9,NaN,73.1,71.2,68.5,68.2,62.4,63.0,61.5,61.0,64.2,63.4,60.8,58.2,58.3,60.8,61.8,60.3,60.4,61.0,59.4,58.8,60.3,56.1,51.8,50.8,51.1,51.0,47.8,46.1,44.5,40.0,38.0,37.5,37.1,37.7,38.5,40.6
22:39:59.000,NaN,63.6,NaN,62.3,72.2,65.5,67.5,64.4,62.5,63.0,62.4,63.9,63.0,57.0,59.3,60.0,63.2,61.9,61.1,62.1,59.0,57.7,56.9,56.9,55.4,51.8,51.4,50.2,49.8,45.8,45.5,42.6,39.4,37.8,37.2,36.7,37.5,38.6,40.6
22:40:00.000,NaN,64.4,NaN,65.3,65.3,67.6,63.1,64.5,64.4,63.1,64.8,66.5,63.1,62.3,60.4,58.8,63.3,62.4,61.5,62.8,61.1,58.5,57.1,58.4,56.9,51.5,50.9,50.4,50.0,48.2,46.1,43.0,39.2,37.6,37.3,37.0,37.7,38.5,40.6
22:40:01.000,NaN,63.2,NaN,62.6,68.2,67.5,60.8,66.4,61.2,64.5,63.6,62.7,62.9,59.9,57.8,59.1,61.5,60.8,61.7,61.4,60.5,57.1,57.0,55.1,53.7,50.8,50.7,49.8,49.6,46.0,45.7,43.2,41.1,43.6,40.3,40.0,37.9,38.4,40.5
22:40:02.000,NaN,63.6,NaN,65.5,72.5,68.9,67.7,66.3,63.2,60.1,63.8,63.1,63.2,59.7,57.3,57.5,61.7,61.0,61.5,61.7,58.3,58.8,57.2,58.3,54.4,51.2,50.5,50.1,50.1,45.8,45.6,42.9,39.4,37.8,37.2,36.9,37.6,38.4,40.6
22:40:03.000,NaN,63.6,NaN,64.1,67.8,68.3,65.6,67.4,58.7,63.8,64.5,65.0,63.5,63.2,59.6,59.6,61.9,59.6,61.2,61.5,59.6,57.8,57.9,56.8,55.0,52.5,50.7,49.9,50.2,46.0,45.3,42.9,40.1,38.2,37.4,37.3,37.7,38.6,40.5
22:40:04.000,NaN,63.3,NaN,66.0,69.9,66.3,67.7,67.3,63.2,61.2,66.0,64.5,64.1,60.7,59.1,60.3,62.8,59.7,61.5,60.3,59.2,56.7,57.6,56.8,53.6,52.1,50.8,50.0,49.5,46.6,46.1,43.3,39.8,38.1,37.4,37.0,37.6,38.5,40.5
22:40:05.000,NaN,64.0,NaN,69.6,70.4,67.9,68.5,65.1,63.4,62.8,63.6,64.1,65.0,62.3,60.9,58.2,63.1,60.9,61.6,60.9,59.5,58.0,57.4,59.2,54.6,51.4,51.7,50.2,50.2,46.5,45.6,42.3,40.6,38.5,39.3,40.8,38.1,38.5,40.5
22:40:06.000,NaN,63.0,NaN,68.5,72.2,66.3,64.7,65.4,65.3,64.0,62.6,65.6,64.8,63.4,60.8,60.2,61.8,60.4,61.8,61.7,58.9,56.1,57.5,56.4,53.3,50.1,50.1,49.6,49.6,45.7,45.4,41.9,39.1,37.6,37.1,36.9,37.6,38.4,40.4
22:40:07.000,NaN,63.8,NaN,65.1,70.2,68.0,66.0,67.9,62.6,63.3,63.2,64.5,63.1,61.5,59.7,59.1,61.3,60.2,62.0,61.9,59.8,58.1,57.5,56.6,54.4,52.3,50.0,49.9,50.0,46.9,45.8,42.3,40.5,38.5,38.0,37.2,37.7,38.4,40.5
22:40:08.000,NaN,64.9,NaN,73.0,69.2,67.3,64.1,65.7,63.2,63.6,62.5,65.8,65.2,63.0,60.3,58.0,61.7,60.0,61.4,61.9,58.2,58.3,60.2,58.8,58.5,51.7,50.0,50.3,51.6,50.0,45.2,42.0,40.0,37.6,37.4,37.1,37.6,38.4,40.4
22:40:09.000,NaN,64.6,NaN,72.9,66.9,64.5,66.1,63.3,64.3,62.5,62.0,63.3,63.4,60.4,60.0,57.4,62.4,61.2,61.4,62.7,60.4,59.4,60.5,60.3,55.2,51.8,49.5,49.4,49.1,46.4,45.0,41.7,39.6,37.8,37.3,37.3,37.5,38.4,40.5
22:40:10.000,NaN,65.9,NaN,69.6,72.7,67.5,62.4,64.1,62.8,61.5,66.7,64.8,64.0,63.5,58.7,59.9,61.7,61.3,62.2,61.3,60.0,59.6,61.1,59.7,57.8,52.2,51.1,54.8,50.6,49.2,46.3,42.6,39.8,37.9,37.5,36.9,37.6,38.5,40.4
