AMBIENT,67.7,42.5,52.4,41.7,39.1,38.0,44.6,45.6,40.2,39.4,42.5,41.4,42.3,48.3,40.4,45.2,38.2,39.3,35.9,35.9,33.8,27.6,22.3,21.1,22.3,19.5,19.7,28.0,32.5,31.1,35.5,33.3,28.1,25.9,26.9,27.7,28.7,29.6,30.0
22:35:43.239,70.5,37.7,51.0,35.3,30.9,31.4,43.6,45.6,40.1,39.4,42.7,39.8,40.6,45.7,40.9,44.6,37.9,38.8,34.7,35.7,32.8,25.4,21.7,21.4,22.1,19.4,19.5,20.0,20.9,22.2,23.2,24.2,25.1,25.7,26.8,27.4,28.5,29.6,30.1
22:35:44.239,69.5,37.4,51.1,32.6,29.6,34.1,42.3,43.7,39.0,40.8,43.1,40.4,38.8,44.6,39.7,45.1,37.4,37.6,35.5,36.5,33.7,26.3,22.5,21.2,22.6,19.6,19.7,19.8,21.1,22.2,23.2,24.0,24.9,25.8,26.8,27.7,28.7,29.6,30.0
22:35:45.239,76.2,37.7,51.6,41.5,37.6,36.6,49.1,48.3,39.5,39.3,41.5,41.6,40.8,45.7,39.9,46.2,36.3,37.6,36.2,36.9,34.3,26.7,21.6,20.1,22.9,20.1,19.8,19.9,21.0,21.9,23.0,24.0,25.1,26.1,26.9,27.7,28.6,29.6,30.1
22:35:46.239,71.4,38.5,52.3,32.2,36.7,40.4,45.0,45.8,42.5,40.6,44.9,41.5,41.7,46.6,40.0,46.9,37.4,38.0,36.1,36.3,35.3,27.1,24.0,21.3,23.3,19.6,19.5,21.4,26.0,23.0,23.3,24.2,24.9,26.0,26.9,27.8,28.6,29.7,30.0
22:35:47.239,72.0,38.5,51.5,35.7,37.6,38.8,42.0,45.5,41.0,35.1,38.5,42.7,39.7,42.9,40.3,47.1,38.4,35.8,36.4,37.7,34.9,26.4,21.6,21.9,22.5,19.4,20.1,20.2,21.0,21.8,23.0,24.5,25.0,25.8,26.8,27.7,28.7,29.6,29.9
22:35:48.239,68.7,38.0,51.5,43.0,41.3,39.8,48.8,50.0,41.8,40.6,43.5,43.1,40.3,42.5,40.1,45.9,38.7,39.3,35.7,37.5,35.2,25.4,22.5,21.3,22.6,19.6,19.8,20.2,21.1,22.1,23.0,24.2,25.1,25.9,26.7,27.5,28.7,29.7,30.0
22:35:49.239,65.4,38.5,52.1,47.5,41.8,36.8,46.6,47.8,40.8,37.2,41.9,38.1,42.4,47.8,39.5,45.7,39.0,39.4,34.9,37.3,34.2,26.4,21.6,21.2,22.6,19.6,19.6,21.6,24.7,22.4,23.2,23.8,25.0,26.2,26.8,27.7,28.8,29.5,30.0
22:35:50.239,61.6,42.3,53.4,34.1,37.1,37.8,42.8,43.4,41.0,39.3,40.2,39.5,44.3,50.2,42.3,46.4,37.9,39.7,36.9,37.6,35.0,28.0,22.8,21.4,22.0,19.3,19.9,27.4,31.8,26.8,25.3,27.6,26.7,26.0,26.7,27.7,28.6,29.6,29.9
22:35:51.239,70.4,44.7,54.8,35.4,36.9,40.3,46.4,47.1,40.1,40.2,42.7,41.6,43.5,49.7,40.5,46.1,37.9,38.0,35.5,36.0,34.2,27.6,23.6,21.8,22.3,19.0,19.7,31.4,36.2,33.9,39.0,38.5,29.9,26.0,27.5,27.7,28.6,29.5,30.0
22:35:52.239,61.8,47.7,54.6,36.9,36.6,34.7,43.6,45.2,38.4,41.0,43.0,42.8,46.2,52.0,41.3,46.5,39.0,38.2,36.9,36.8,34.4,26.9,22.7,20.5,22.2,19.3,19.9,34.9,39.1,36.8,41.7,39.3,32.4,25.8,27.1,27.8,28.7,29.7,30.0
22:35:53.239,62.9,45.0,53.3,41.1,42.8,39.2,46.0,44.8,40.1,40.6,40.6,40.4,44.0,50.8,43.5,46.6,40.4,40.1,35.2,35.7,33.6,27.6,22.1,20.4,21.6,19.2,19.7,20.3,23.2,27.4,34.8,35.8,29.8,26.0,26.8,27.6,28.6,29.7,30.0
22:35:54.239,60.2,38.1,52.3,35.7,34.5,38.0,42.1,39.9,40.8,41.0,43.0,39.4,41.5,47.8,41.6,46.7,40.0,40.6,37.4,35.8,34.7,29.4,22.5,21.6,22.4,19.2,19.4,20.2,21.2,22.4,22.7,24.0,25.1,25.9,26.8,27.8,28.6,29.7,30.1
22:35:55.239,70.8,38.0,51.7,37.9,37.9,39.8,44.5,46.0,42.8,36.6,38.7,42.1,39.0,44.0,38.7,46.0,40.2,40.9,35.6,35.6,34.6,29.4,22.3,20.8,22.5,19.1,19.3,20.4,21.1,22.2,22.9,24.0,25.0,26.0,26.9,27.7,28.7,29.6,29.9
22:35:56.239,63.9,38.0,52.4,46.3,39.4,37.7,47.7,48.1,39.6,38.8,42.7,38.4,39.4,43.4,43.0,47.2,42.2,38.3,35.0,36.5,34.3,27.2,22.3,20.3,22.3,19.5,19.1,20.0,21.0,22.2,23.1,23.8,25.0,26.1,26.9,27.7,28.4,29.4,29.9
22:35:57.239,70.9,37.9,52.3,49.6,41.3,41.7,46.6,47.1,37.6,37.3,43.1,43.3,41.5,45.1,45.0,42.8,45.1,39.7,33.2,36.0,32.7,27.9,23.4,20.9,22.0,19.8,19.6,20.1,21.3,22.1,23.0,23.9,25.0,25.9,26.7,27.8,28.6,29.5,30.1
22:35:58.239,71.9,39.0,51.4,41.5,42.6,42.8,45.8,46.7,41.9,41.5,42.5,40.7,38.9,43.7,42.1,40.0,45.2,38.0,34.9,36.0,33.7,28.5,21.1,20.6,21.6,19.6,19.0,20.3,24.5,24.6,26.7,24.2,25.0,25.7,26.9,27.8,28.7,29.7,30.0
22:35:59.239,72.3,44.0,52.0,51.5,46.7,42.2,44.7,41.7,38.9,40.6,43.9,40.8,41.6,45.0,42.5,38.9,44.8,38.0,36.0,37.1,35.4,28.4,23.5,20.9,21.5,19.2,18.9,28.1,37.6,32.2,31.8,24.2,25.0,25.8,27.0,27.7,28.6,29.7,30.0
22:36:00.239,84.3,42.7,52.8,46.3,49.2,49.0,46.5,48.1,37.5,41.3,44.1,43.9,42.0,46.3,43.2,39.7,45.2,37.1,33.5,38.4,35.0,29.2,22.7,20.7,22.4,19.4,19.7,28.6,32.0,31.7,36.6,33.3,27.1,26.1,26.7,27.8,28.7,29.6,30.0
22:36:01.239,82.6,46.8,54.3,52.1,47.2,46.4,50.2,51.7,48.8,45.1,42.8,41.6,42.3,46.9,43.9,38.5,44.2,36.5,34.7,37.1,35.6,30.9,23.2,20.1,22.2,19.8,19.6,33.4,37.1,35.2,42.3,38.9,30.5,25.8,27.3,27.7,28.8,29.6,30.0
22:36:02.239,79.3,45.6,54.9,57.8,51.7,47.3,45.1,50.1,44.2,45.0,45.0,43.2,45.8,51.3,40.2,39.7,46.7,38.7,34.6,36.5,35.7,29.5,22.2,21.2,22.0,19.9,20.1,33.0,37.9,36.0,39.6,36.4,28.7,26.0,27.2,27.8,28.9,29.6,30.1
22:36:03.239,72.8,38.4,55.4,55.4,49.7,47.6,46.8,49.1,45.3,46.4,46.0,43.7,45.8,50.9,45.5,40.5,46.8,37.1,35.0,36.0,33.6,28.0,23.5,21.4,22.4,20.3,19.6,20.8,23.3,22.7,23.0,24.1,25.0,25.7,26.8,27.6,28.6,29.7,30.1
22:36:04.239,78.0,38.8,57.7,56.2,58.7,56.6,57.8,57.9,51.7,50.3,46.2,49.2,48.0,52.2,45.9,44.3,48.5,40.1,36.8,35.5,33.1,26.8,23.1,20.6,22.2,19.5,19.8,20.4,21.2,22.2,23.2,24.3,25.2,26.2,26.8,27.8,28.6,29.5,30.0
22:36:05.239,84.5,39.3,62.1,63.7,64.3,58.5,60.7,64.2,57.9,56.4,57.6,52.8,54.1,51.9,49.9,47.9,48.5,40.4,37.0,35.6,32.7,27.8,22.0,21.1,22.4,20.1,19.8,20.3,21.0,21.8,22.9,23.9,25.0,26.1,26.9,27.6,28.6,29.7,30.0
22:36:06.239,84.9,41.2,66.6,66.9,66.1,63.0,64.6,67.5,64.7,62.1,57.3,58.8,57.2,54.7,52.6,50.9,50.2,43.3,39.2,37.8,33.9,27.3,22.3,21.3,22.8,19.9,20.1,20.1,21.1,22.0,23.4,24.1,25.0,25.9,26.8,27.8,28.6,29.6,29.9
22:36:07.239,82.1,42.5,69.1,64.2,67.7,69.2,70.0,70.4,68.3,65.4,61.1,62.0,58.8,56.9,54.3,53.7,50.1,45.6,42.3,37.7,34.7,28.0,22.6,21.0,22.3,19.8,19.9,20.7,21.4,22.2,23.2,24.3,25.0,26.0,26.8,27.6,28.7,29.6,30.0
22:36:08.239,81.2,43.8,70.6,65.4,67.6,69.6,71.7,72.1,66.7,68.3,63.2,61.8,61.0,60.2,58.5,54.9,52.5,48.1,42.6,39.6,34.9,28.7,22.4,22.2,23.1,19.3,19.6,20.0,21.7,22.1,23.1,23.9,24.9,26.1,26.9,27.8,28.6,29.5,29.9
22:36:09.239,81.0,44.5,70.8,66.5,71.2,69.5,67.2,69.8,64.6,65.0,64.9,65.0,63.8,59.8,55.6,56.0,52.9,47.4,43.8,40.7,35.4,28.2,22.3,21.6,23.2,20.0,19.6,20.7,21.3,22.1,23.1,23.8,24.6,25.9,26.9,27.8,28.6,29.7,30.0
22:36:10.239,80.2,46.0,72.5,68.9,67.9,68.4,70.7,75.2,71.3,64.5,67.2,64.1,63.4,60.2,57.9,58.5,55.8,50.5,44.1,40.7,35.7,28.4,24.0,21.9,22.6,19.8,20.1,21.3,26.6,28.2,31.1,35.5,28.3,25.8,27.1,27.9,28.7,29.6,30.1
22:36:11.239,80.7,47.3,71.4,66.3,65.6,65.7,74.1,72.2,65.2,66.9,61.6,64.3,61.1,60.0,57.1,55.0,55.8,50.1,45.1,40.1,36.0,28.6,24.7,22.2,22.9,20.2,20.3,24.3,34.4,35.8,37.8,41.4,34.4,25.9,26.8,27.8,28.8,29.6,29.9
22:36:12.239,80.5,49.2,72.1,67.3,70.8,70.7,67.1,72.6,69.5,63.1,66.5,64.5,64.1,61.1,58.0,58.2,55.4,51.0,45.7,41.7,35.7,30.0,25.0,22.7,23.5,20.7,20.0,33.1,38.6,36.0,41.0,39.2,29.9,26.0,27.5,27.8,28.6,29.6,30.2
22:36:13.239,80.9,48.1,71.5,69.9,72.7,74.1,72.3,71.5,66.3,65.3,65.7,63.0,63.3,59.5,59.2,54.6,53.3,50.3,45.0,41.2,37.5,28.1,24.3,22.2,22.8,20.5,19.8,23.4,33.8,34.9,39.7,39.2,32.5,25.8,27.0,27.7,28.6,29.7,30.1
22:36:14.239,81.6,47.0,72.3,69.5,69.8,70.5,69.0,69.1,69.3,70.8,66.9,64.8,62.3,62.9,60.2,58.8,54.4,52.1,47.5,42.8,37.5,29.2,23.6,22.1,22.3,19.9,19.6,20.1,21.3,21.9,23.2,24.0,24.9,25.8,26.7,27.8,28.7,29.7,30.0
22:36:15.239,81.9,51.6,75.4,70.9,70.4,71.9,70.1,70.3,71.6,71.5,67.7,68.5,68.9,66.0,65.0,63.2,60.0,58.9,53.1,47.7,39.7,31.2,25.4,22.7,22.5,19.7,19.7,20.3,21.0,22.1,22.8,24.0,24.9,25.9,26.8,27.7,28.6,29.7,29.9
22:36:16.239,83.9,54.8,78.9,68.2,69.4,75.9,73.3,68.3,72.2,77.2,71.7,73.7,73.0,70.9,70.1,67.3,64.3,59.2,54.6,49.5,41.6,33.1,28.4,24.0,22.5,20.0,19.7,19.9,21.5,22.2,23.0,24.5,25.3,26.1,27.1,27.7,28.6,29.6,30.0
22:36:17.239,85.7,57.1,82.0,61.7,69.5,72.8,69.6,70.0,76.7,79.0,76.7,78.4,74.0,75.5,72.2,68.0,65.5,63.5,57.5,52.0,45.7,37.4,30.4,26.1,23.3,20.3,20.4,20.2,21.4,22.4,23.2,24.0,24.9,25.8,26.7,27.8,28.7,29.6,30.0
22:36:18.239,86.1,57.7,81.8,71.4,74.9,73.6,70.8,71.2,75.9,75.4,76.4,75.4,72.1,76.6,71.7,70.5,66.8,63.2,57.6,52.3,45.5,36.4,31.9,26.9,23.8,20.3,20.2,20.3,21.0,24.0,25.7,24.8,25.0,26.3,26.9,27.7,28.7,29.6,30.0
22:36:19.239,85.1,57.5,81.2,68.6,66.9,70.1,74.5,71.7,74.9,73.9,74.8,75.8,74.3,75.6,71.3,70.9,67.3,62.3,57.6,51.9,44.9,37.9,30.7,26.2,23.8,19.8,19.8,20.7,22.1,23.1,24.1,24.1,24.8,25.9,26.8,27.8,28.6,29.5,30.0
22:36:20.239,84.5,56.7,80.3,68.1,69.3,72.2,73.5,69.4,72.2,74.9,75.6,70.9,72.7,74.5,71.7,67.5,65.0,62.6,57.4,51.2,44.9,36.1,30.0,26.2,24.6,20.6,20.4,22.2,25.0,22.5,23.0,23.9,25.0,25.9,26.9,27.6,28.7,29.6,29.9
22:36:21.239,84.3,54.1,77.9,67.6,71.9,75.8,72.7,69.8,72.1,71.3,71.9,72.7,69.1,69.6,67.6,65.6,63.1,60.2,55.6,50.0,44.0,36.6,31.9,26.9,25.2,20.9,20.4,24.7,26.5,22.5,24.2,32.0,29.7,26.1,27.0,27.9,28.7,29.6,30.0
22:36:22.239,84.7,55.8,78.0,71.1,74.3,74.4,75.4,76.9,76.8,75.2,72.8,68.8,67.7,67.4,65.1,66.1,66.5,62.5,57.8,50.8,43.6,35.2,29.9,25.4,24.2,20.6,20.2,30.0,34.4,30.5,34.7,41.7,36.2,26.2,27.0,27.7,28.7,29.6,30.0
22:36:23.239,86.2,55.9,78.2,76.2,77.4,80.7,79.7,74.1,73.4,73.9,73.1,68.9,68.6,68.2,64.9,65.1,65.8,63.1,57.3,50.2,45.0,36.4,30.6,25.5,23.2,20.0,20.4,34.2,38.1,34.9,36.4,37.6,30.4,25.9,27.3,27.7,28.7,29.7,30.0
22:36:24.239,85.6,55.2,78.4,76.2,76.7,75.4,78.2,79.3,74.3,73.4,68.6,68.7,70.1,70.6,68.0,65.5,64.5,61.0,57.7,51.6,45.4,36.7,30.1,26.5,24.5,20.2,20.7,30.3,38.6,35.9,40.3,36.9,30.5,25.8,27.2,27.8,28.8,29.6,30.0
22:36:25.239,90.2,56.0,80.4,79.6,83.5,86.6,82.8,76.7,74.4,77.5,73.2,71.4,69.3,70.0,69.5,64.8,65.6,60.5,61.1,54.9,46.2,39.0,31.7,27.8,25.2,21.9,20.1,20.6,21.6,22.0,23.0,24.1,25.1,25.9,26.7,27.6,28.6,29.5,30.0
22:36:26.239,92.3,59.7,83.2,72.0,81.8,85.8,83.9,82.2,81.7,80.5,75.1,70.5,72.5,70.8,71.6,69.2,71.2,66.3,61.2,59.2,48.5,40.5,34.7,29.0,25.0,21.3,20.9,20.3,21.2,21.9,23.4,24.0,25.1,25.8,26.8,27.7,28.6,29.4,30.1
22:36:27.239,92.5,57.8,84.1,75.0,79.0,81.5,85.2,86.4,81.8,82.1,72.3,68.6,67.4,67.3,67.6,65.5,68.1,64.1,60.1,52.4,45.9,39.5,32.2,26.9,24.2,20.7,20.0,20.8,21.3,22.2,23.3,24.1,25.0,25.9,26.7,27.8,28.5,29.6,30.1
22:36:28.239,93.3,58.8,82.8,82.1,85.2,87.0,85.9,82.3,80.4,74.5,71.3,70.4,72.2,68.6,70.6,67.9,65.5,67.0,64.4,56.0,47.4,38.7,32.3,28.7,24.1,21.2,21.3,20.9,21.5,22.5,22.9,24.1,25.0,25.8,26.9,27.6,28.6,29.6,29.9
22:36:29.239,94.4,60.8,83.5,87.7,82.6,87.2,89.0,82.2,77.4,76.7,75.7,74.3,71.9,70.9,70.4,69.1,70.3,69.6,66.5,59.0,48.4,41.4,34.9,29.5,26.4,22.0,20.8,22.3,29.1,29.5,28.9,25.4,24.9,25.8,26.8,27.8,28.5,29.6,29.9
22:36:30.239,93.5,60.5,83.0,83.7,82.7,84.3,86.0,82.9,79.4,76.1,73.9,75.3,74.3,69.9,70.2,70.3,68.7,66.3,65.0,59.5,51.1,41.8,35.6,29.2,24.8,21.2,20.5,28.6,35.0,32.3,32.5,26.9,24.9,26.0,27.0,27.7,28.6,29.7,30.1
22:36:31.239,94.8,63.1,85.6,82.5,82.9,87.5,91.0,84.2,79.9,74.7,76.2,75.5,73.2,73.4,76.3,72.6,70.8,68.5,65.9,62.3,53.9,43.3,38.1,32.1,26.5,22.0,21.2,33.3,38.0,34.0,38.4,36.7,28.0,26.0,27.2,27.8,28.6,29.6,30.0
22:36:32.239,93.3,64.4,85.5,85.7,82.1,84.0,85.9,82.2,78.3,77.4,76.4,78.7,74.4,74.5,78.6,75.3,72.9,70.6,66.4,63.5,55.1,46.2,39.2,33.0,26.9,22.2,20.9,35.0,37.6,35.0,40.6,38.2,29.1,26.0,27.2,27.7,28.6,29.7,29.9
22:36:33.239,95.4,65.8,88.3,86.8,87.2,87.3,85.9,78.7,82.9,83.2,85.7,77.4,80.7,79.1,77.4,78.0,72.8,70.0,67.6,65.0,57.8,49.1,42.1,36.9,30.1,23.7,21.1,34.7,38.4,35.8,40.7,37.2,29.8,25.9,27.2,27.9,28.9,29.8,30.0
22:36:34.239,98.0,69.9,93.4,84.4,87.1,88.2,83.9,85.9,84.8,83.2,89.7,88.4,85.2,84.5,81.2,78.7,79.7,76.5,71.0,68.9,64.1,56.0,49.6,44.9,39.2,31.3,29.0,26.4,23.3,21.9,23.3,24.1,24.8,25.9,26.9,27.7,28.4,29.5,30.0
22:36:35.239,97.8,67.0,91.8,87.5,87.4,86.4,85.2,88.3,87.3,86.3,86.9,82.5,87.9,79.4,80.3,79.3,72.9,71.5,67.3,65.9,61.4,54.4,47.7,39.1,32.5,24.1,20.7,20.4,21.3,22.2,23.3,23.7,24.9,26.0,27.0,27.7,28.6,29.5,29.9
22:36:36.239,99.2,69.9,93.1,87.4,88.6,87.6,88.6,86.7,84.0,82.7,88.4,85.4,89.7,85.2,79.7,77.1,74.1,76.9,75.2,67.8,62.2,54.4,46.3,41.1,34.4,27.5,23.1,23.0,22.3,22.1,23.9,24.4,25.0,25.7,26.8,27.6,28.8,29.7,29.9
22:36:37.239,98.3,70.6,93.7,83.9,83.1,85.7,90.7,89.3,88.3,87.0,87.4,88.3,89.8,86.1,80.6,78.6,77.0,75.1,76.7,73.0,59.4,50.6,46.2,39.1,34.2,29.2,25.6,22.2,22.4,22.8,25.1,24.0,25.0,25.9,27.1,27.8,28.9,29.7,30.0
22:36:38.239,99.7,70.8,94.3,85.4,86.3,86.1,82.3,90.1,93.2,90.5,86.7,85.3,86.3,86.0,83.4,79.3,76.0,77.5,77.2,70.2,59.7,52.9,47.2,42.3,35.6,27.8,23.6,21.9,25.7,23.8,23.9,23.9,25.0,25.9,26.8,27.9,28.6,29.6,30.1
22:36:39.239,102.1,75.5,98.1,80.3,86.6,92.0,92.5,89.3,91.6,93.8,89.5,88.6,91.0,87.4,83.1,78.8,79.8,79.1,75.2,70.0,59.5,52.0,46.4,42.9,38.1,30.5,26.5,24.1,26.9,30.7,33.3,33.6,28.7,26.0,26.5,27.7,28.5,29.5,30.1
22:36:40.239,103.6,79.8,99.9,88.6,87.0,90.8,91.4,92.9,93.3,89.8,92.7,95.3,93.5,93.6,90.2,86.8,88.0,89.1,86.4,78.4,72.0,65.2,63.5,58.9,52.3,45.9,41.8,41.9,38.3,35.3,37.8,35.7,30.1,25.9,27.0,27.6,28.7,29.6,29.9
22:36:41.239,104.3,73.5,99.5,85.4,88.5,92.2,94.5,99.0,98.9,96.4,91.6,93.4,93.1,93.4,89.4,83.8,79.2,78.2,76.4,71.9,65.1,55.9,52.4,45.0,40.8,33.4,28.0,26.5,22.7,22.1,23.1,24.0,25.0,26.0,26.7,27.6,28.6,29.8,30.0
22:36:42.239,106.2,76.5,101.9,82.0,88.7,93.0,99.1,97.5,96.4,96.9,98.8,98.1,93.9,84.6,83.8,88.5,87.4,81.6,80.2,72.4,65.7,62.0,55.6,51.0,44.4,36.5,30.7,30.1,25.5,22.5,23.3,24.0,24.9,26.0,26.9,27.6,28.7,29.6,30.0
22:36:43.239,105.7,74.7,100.9,86.0,92.1,96.2,97.9,95.6,95.6,97.0,99.4,95.3,93.0,89.2,84.6,81.0,82.1,80.7,76.1,70.0,62.1,57.6,51.8,49.1,41.1,31.3,26.9,23.3,22.7,22.2,23.1,24.1,24.8,25.7,26.9,27.9,28.7,29.6,29.8
22:36:44.239,103.8,72.1,98.0,93.4,93.6,93.0,91.0,92.0,93.5,96.4,90.2,90.4,89.0,89.0,86.2,86.3,81.7,70.3,67.1,63.2,61.0,53.3,46.8,36.9,30.8,25.3,21.5,20.4,21.4,22.2,23.0,24.0,24.9,25.9,27.0,27.7,28.7,29.5,29.8
22:36:45.239,103.9,79.6,100.0,90.0,93.5,90.4,92.5,93.8,88.6,89.3,89.6,92.7,91.5,90.1,90.3,92.0,88.3,84.7,77.2,65.6,57.3,53.2,47.8,41.3,32.7,24.7,20.8,20.6,21.1,22.2,22.9,24.0,24.9,25.6,26.7,27.5,28.5,29.7,29.8
22:36:46.239,104.3,78.0,100.4,90.7,93.5,92.1,93.7,92.5,92.3,96.8,94.4,92.6,91.9,92.0,92.0,90.8,87.3,81.7,71.4,65.6,58.5,55.5,54.0,48.4,37.1,30.3,22.1,21.4,21.2,21.8,23.0,23.9,25.1,25.9,26.9,27.7,28.6,29.7,29.9
22:36:47.239,103.1,72.7,98.2,91.1,92.8,90.1,92.2,89.2,90.8,92.4,95.1,91.4,90.7,89.5,87.9,86.8,80.1,71.5,68.8,65.6,63.0,56.3,52.5,43.2,35.2,26.0,23.2,21.4,21.2,22.2,23.2,23.9,25.4,25.9,26.9,27.7,28.5,29.7,30.1
22:36:48.239,103.5,67.1,95.2,93.9,98.4,98.2,94.1,87.1,90.5,89.9,92.9,86.8,88.4,82.6,80.1,79.4,75.4,70.6,67.1,64.1,54.3,49.0,40.4,37.1,30.8,22.6,20.5,20.1,25.2,27.6,33.8,34.4,29.6,26.1,27.0,27.7,28.5,29.7,30.0
22:36:49.239,100.5,65.3,93.5,90.3,92.4,89.6,89.0,88.7,91.0,89.6,86.1,84.5,84.4,81.3,79.0,77.2,70.2,65.7,61.4,53.9,48.4,42.4,34.4,28.8,24.4,19.7,19.8,22.3,32.0,34.0,38.8,37.4,31.4,25.8,26.9,27.7,28.6,29.7,30.0
22:36:50.239,100.6,65.8,94.1,86.0,88.8,87.7,88.9,90.3,90.5,93.8,90.5,82.6,83.7,83.4,75.6,74.5,75.2,70.7,67.0,59.9,53.6,45.3,36.2,30.4,26.2,20.3,19.6,32.0,36.9,35.9,40.9,40.2,31.5,26.0,27.3,27.8,28.5,29.6,30.0
22:36:51.239,103.4,67.0,94.8,91.8,92.4,91.8,97.1,97.4,93.1,89.9,88.0,86.2,82.0,78.5,84.2,78.4,75.4,73.0,69.5,64.4,62.6,57.8,49.0,39.8,35.7,29.5,23.4,34.5,38.7,36.5,40.5,35.8,29.5,25.8,27.4,27.8,28.6,29.6,30.0
22:36:52.239,102.7,64.2,95.0,92.4,91.0,94.5,93.1,91.9,95.0,91.9,92.4,87.8,84.6,76.1,77.3,77.0,72.0,67.4,65.5,57.9,52.7,47.1,42.7,34.3,31.0,23.0,19.9,20.5,21.4,22.0,23.4,24.3,24.7,25.7,26.8,27.8,28.6,29.8,30.0
22:36:53.239,103.1,66.1,95.9,88.2,87.8,92.2,93.0,97.3,95.2,93.9,90.4,86.6,86.1,86.8,83.5,74.7,69.0,66.5,62.5,61.6,54.0,47.6,40.0,33.4,27.2,21.3,20.8,20.5,21.2,22.9,23.6,24.1,25.0,26.0,26.9,27.8,28.6,29.5,30.0
22:36:54.239,102.3,65.8,95.0,87.1,86.1,91.9,93.6,93.9,93.9,91.5,89.1,86.4,85.1,84.0,80.1,78.9,73.3,69.0,62.1,54.1,50.4,43.1,37.3,33.9,28.7,21.8,20.1,20.2,21.4,21.6,22.9,24.1,25.1,25.8,26.7,27.8,28.6,29.6,30.0
22:36:55.239,102.2,65.1,94.2,87.9,94.2,93.6,90.9,91.5,91.6,92.1,83.3,86.5,85.2,83.7,80.0,78.4,69.4,66.1,59.8,53.8,48.6,43.8,37.5,32.6,27.3,23.2,21.0,20.8,20.9,22.0,23.2,23.9,24.9,25.8,26.9,27.7,28.7,29.6,30.1
22:36:56.239,103.2,66.9,94.2,94.0,94.2,94.4,91.3,93.8,92.5,87.5,87.7,84.5,83.8,84.1,80.8,78.3,75.4,69.6,65.2,59.5,54.8,51.0,45.1,35.9,27.5,21.1,19.6,19.8,21.5,22.3,22.9,24.2,24.9,25.9,26.8,27.7,28.7,29.6,30.1
22:36:57.239,103.1,67.2,95.3,88.4,91.7,91.3,93.5,95.7,92.6,88.9,88.6,89.4,85.0,85.4,83.0,78.4,75.3,69.4,65.9,58.9,54.5,48.8,37.7,33.4,25.8,19.2,19.0,20.5,24.4,30.7,33.1,34.1,27.6,25.9,26.8,27.5,28.8,29.5,30.0
22:36:58.239,102.5,67.9,96.2,90.5,89.2,91.6,90.5,95.2,89.7,90.8,92.1,90.0,88.7,86.3,82.1,79.0,74.6,70.7,67.6,61.2,53.6,47.6,37.4,29.4,24.6,20.2,20.1,25.4,34.7,34.2,36.9,32.4,27.7,25.9,26.7,27.6,28.5,29.7,30.0
22:36:59.239,103.0,66.9,95.0,93.9,98.5,95.8,94.1,93.2,88.7,87.7,90.7,87.8,88.7,87.0,82.6,79.0,74.4,71.0,66.5,58.1,49.3,40.0,33.5,27.5,24.1,19.8,19.5,27.2,37.3,35.4,39.3,30.1,24.9,25.9,27.0,27.8,28.5,29.7,29.9
22:37:00.239,103.5,67.5,96.0,90.7,88.5,90.7,94.2,96.5,93.4,92.4,91.5,90.7,90.5,88.0,84.0,80.2,75.1,72.5,66.6,60.0,55.2,46.7,42.6,36.5,28.8,21.9,20.2,20.1,20.9,22.0,23.0,23.9,25.1,25.7,26.9,27.8,28.7,29.6,29.9
22:37:01.239,103.4,65.6,94.4,95.0,95.3,91.5,90.6,90.1,90.4,92.1,90.1,87.5,86.4,82.8,81.9,76.4,72.6,69.4,63.1,53.0,50.0,44.9,39.8,30.0,25.9,21.1,19.7,20.5,21.7,21.8,22.7,24.1,25.1,25.9,26.9,27.7,28.7,29.7,29.9
22:37:02.239,103.8,62.8,93.6,95.0,97.2,95.9,92.3,91.5,88.0,87.7,90.2,87.4,87.5,83.0,79.7,70.4,67.3,63.5,57.1,52.3,49.5,37.5,31.6,25.0,23.4,20.0,20.2,20.9,24.4,27.4,32.7,34.0,26.7,25.8,26.8,27.7,28.7,29.7,30.1
22:37:03.239,104.5,64.3,94.9,95.7,96.4,90.5,92.1,94.1,92.7,92.6,89.5,87.7,88.4,82.4,80.3,73.0,68.8,64.8,62.5,60.6,50.9,46.8,39.8,30.9,24.1,20.5,20.3,24.8,34.9,33.4,36.0,34.9,29.8,26.0,26.7,27.8,28.7,29.8,30.0
22:37:04.239,103.3,61.6,92.9,92.2,94.5,95.9,95.7,94.2,88.2,85.9,90.2,83.5,82.6,78.1,77.3,73.1,67.3,63.6,56.5,55.8,48.2,41.1,35.9,27.2,23.3,19.9,19.6,22.1,30.1,29.5,34.8,34.6,27.2,25.8,26.8,27.7,28.7,29.5,29.9
22:37:05.239,101.7,61.1,92.3,91.6,93.8,96.4,92.9,92.1,90.7,88.3,85.8,86.6,84.9,79.6,72.7,73.1,69.2,65.4,62.7,58.5,50.3,43.0,33.6,26.5,23.8,20.3,19.9,20.4,21.5,22.0,23.0,23.8,24.9,26.0,26.7,27.6,28.5,29.6,29.9
22:37:06.239,104.1,62.9,94.2,94.7,98.4,98.9,91.0,93.2,88.8,93.7,87.8,87.1,85.2,83.2,75.7,74.8,69.0,65.0,59.1,56.6,47.7,45.0,41.4,31.5,24.8,19.9,19.4,20.5,21.5,22.3,23.3,24.2,25.2,26.0,26.9,27.8,28.8,29.6,29.9
22:37:07.239,102.9,62.3,93.4,86.1,93.1,93.4,90.6,91.7,93.9,89.3,86.1,86.7,82.0,80.4,74.1,72.8,70.3,63.5,61.8,56.5,49.7,40.7,30.9,26.8,23.7,20.0,19.5,20.3,21.2,22.3,23.1,24.0,25.1,25.8,26.7,27.5,28.7,29.6,30.0
22:37:08.239,102.5,64.7,94.1,91.9,92.8,92.3,86.9,89.5,93.0,92.7,85.5,90.0,81.4,83.2,78.5,77.0,74.0,69.0,61.3,55.0,49.6,42.2,34.3,29.8,23.6,19.6,20.2,20.3,21.3,22.1,22.7,24.2,25.3,25.8,26.7,27.7,28.5,29.6,30.0
22:37:09.239,103.6,64.9,94.1,89.4,95.8,97.9,95.6,91.7,95.7,91.4,90.4,85.0,84.1,81.9,76.6,76.9,75.7,72.6,68.5,59.3,56.8,48.8,45.0,35.8,31.1,21.4,20.0,20.9,21.3,22.1,23.0,24.0,25.1,26.2,26.9,27.8,28.7,29.6,30.1
22:37:10.239,104.1,61.0,93.1,96.2,95.4,93.5,86.5,88.4,90.9,88.7,86.2,85.0,81.0,74.9,73.1,72.1,66.7,63.1,57.2,50.7,49.2,39.5,35.5,26.1,23.0,19.5,19.1,19.9,22.1,22.3,23.7,24.2,24.8,25.7,26.8,27.6,28.7,29.7,29.9
22:37:11.239,102.6,62.2,93.0,92.4,92.0,95.1,89.8,89.7,89.8,88.7,84.7,85.2,84.6,78.6,75.6,72.0,69.2,65.4,57.3,50.8,45.9,39.4,33.5,27.3,24.1,19.4,19.9,20.2,21.2,22.1,23.0,24.3,25.0,26.0,26.8,27.5,28.6,29.7,30.0
22:37:12.239,102.7,61.0,91.5,92.4,92.3,91.8,93.8,89.9,90.7,87.3,83.2,84.5,83.2,78.8,74.7,74.3,69.8,63.4,58.9,55.1,48.9,39.8,34.6,29.1,23.6,19.6,19.9,19.9,21.1,22.1,23.3,24.0,25.0,25.6,26.8,27.7,28.7,29.7,30.0
22:37:13.239,103.9,63.0,92.9,97.3,97.4,91.6,93.1,90.3,90.8,91.3,88.2,86.6,83.6,80.0,77.6,76.1,72.1,69.2,60.9,54.2,45.0,37.3,33.1,27.0,24.8,19.9,19.7,20.1,21.2,22.0,23.0,24.1,25.1,25.9,26.6,27.7,28.7,29.3,29.9
22:37:14.239,103.6,62.1,92.9,96.0,96.0,93.6,89.1,92.7,91.5,88.5,89.4,87.8,82.6,78.1,75.0,73.7,70.0,66.4,63.4,60.1,54.7,46.3,37.9,31.2,25.8,20.0,19.6,20.2,22.1,22.3,24.8,25.8,25.0,26.2,26.8,27.8,28.8,29.7,30.0
22:37:15.239,102.0,60.2,91.9,91.3,91.4,90.5,91.7,91.1,90.7,88.9,89.2,85.9,80.4,75.9,73.0,70.2,69.3,65.7,58.3,54.2,47.2,41.4,34.6,28.7,24.0,20.3,19.1,20.8,23.7,22.5,23.0,23.7,25.1,25.7,27.2,27.7,28.8,29.8,30.0
22:37:16.239,103.1,59.9,92.6,95.0,94.7,95.4,90.8,92.0,94.4,85.4,85.6,84.1,80.3,77.9,72.1,69.0,68.3,61.8,53.2,51.9,45.1,37.2,32.2,27.2,24.0,20.1,20.0,26.2,29.9,27.2,25.6,24.7,24.9,26.1,26.9,27.9,28.7,29.7,30.0
22:37:17.239,101.9,61.6,92.1,90.5,93.5,93.8,91.9,93.2,91.1,85.7,89.2,83.0,81.6,79.7,77.2,74.4,68.6,66.0,62.3,58.8,52.1,44.5,36.3,32.3,29.1,21.3,19.7,24.5,29.7,28.8,31.0,24.7,25.1,25.9,26.7,27.7,28.5,29.6,30.1
22:37:18.239,101.5,63.3,93.3,89.6,90.3,90.5,89.0,94.1,94.3,90.6,87.9,86.7,81.3,80.0,77.1,75.4,73.3,68.6,60.4,56.9,52.4,47.8,43.8,38.3,27.7,21.0,19.7,20.5,21.1,22.5,24.5,25.2,25.2,25.8,26.8,27.5,28.6,29.6,30.0
22:37:19.239,103.3,65.0,93.5,87.3,90.8,94.0,91.5,93.7,90.4,90.2,90.6,88.8,81.9,79.7,79.5,77.5,74.0,71.3,66.1,61.4,56.3,51.6,46.9,37.9,28.5,23.2,21.9,21.1,21.7,22.1,23.2,24.1,25.0,25.9,26.6,27.7,28.7,29.6,30.0
22:37:20.239,105.2,66.4,93.3,95.9,91.7,92.9,92.7,88.6,87.2,87.3,88.6,88.4,82.6,78.6,78.7,77.4,73.7,69.8,65.3,60.0,52.4,43.5,37.6,31.7,25.5,20.3,19.9,20.0,21.2,21.9,23.2,24.2,25.0,25.8,27.0,27.8,28.7,29.6,30.0
22:37:21.239,103.9,64.8,93.2,92.2,91.8,95.1,94.2,92.3,92.6,90.2,85.2,86.3,82.0,82.5,78.3,74.4,71.4,68.5,64.3,60.6,56.0,50.4,44.4,34.6,27.1,19.9,20.5,20.5,21.0,22.1,23.1,24.1,25.2,25.9,26.8,27.7,28.7,29.6,29.9
22:37:22.239,104.3,65.0,93.1,98.7,94.8,91.8,88.8,90.9,89.6,90.1,86.8,85.9,83.1,79.9,78.9,74.8,72.0,69.5,65.6,61.9,56.6,50.0,42.1,33.4,27.3,20.4,19.7,20.2,21.2,21.8,23.0,24.2,24.9,25.7,26.7,27.9,28.8,29.6,29.9
22:37:23.239,103.4,66.0,93.9,95.2,94.4,90.1,91.9,93.5,91.3,90.7,89.3,85.1,82.4,81.9,82.6,79.7,74.9,69.0,66.4,60.2,52.3,48.0,40.2,37.7,33.2,25.8,20.1,20.6,21.1,21.8,23.3,24.3,24.9,25.8,26.8,27.7,28.5,29.6,30.0
22:37:24.239,102.4,62.8,91.5,91.1,94.0,92.7,91.3,91.4,89.4,87.6,86.1,84.8,82.1,80.5,75.6,72.7,72.4,67.1,63.3,55.9,46.9,41.4,38.2,34.1,26.9,21.3,19.8,20.6,24.0,24.9,30.7,34.1,29.3,26.0,26.8,27.6,28.7,29.5,29.9
22:37:25.239,103.2,62.5,92.5,94.3,91.4,91.1,91.0,88.9,92.7,87.7,88.6,86.8,82.2,79.9,75.3,72.5,68.5,66.7,62.7,58.9,51.0,47.0,42.5,32.9,26.8,20.4,20.2,21.4,29.6,30.1,32.7,32.6,27.8,26.0,26.8,27.6,28.7,29.6,30.0
22:37:26.239,102.9,61.7,91.6,92.1,93.9,93.5,92.6,90.8,89.1,88.4,87.7,85.0,80.7,78.5,74.5,73.3,69.0,65.4,61.1,55.4,50.0,42.9,38.0,31.3,25.6,19.8,19.7,26.9,32.2,30.7,35.2,34.9,27.6,26.0,26.9,27.8,28.8,29.6,30.1
22:37:27.239,104.8,64.8,92.5,92.7,93.3,91.7,91.3,91.1,90.5,89.7,88.9,82.9,83.6,78.5,79.3,76.4,73.8,70.5,65.7,60.6,57.3,51.8,45.1,36.9,28.0,20.3,19.6,33.0,37.4,36.9,41.6,38.7,29.7,26.0,27.2,27.7,28.7,29.7,30.1
22:37:28.239,102.6,63.9,91.6,90.0,82.1,85.3,87.2,86.2,84.2,85.0,83.7,83.2,81.4,74.9,76.1,71.8,70.6,64.5,58.6,51.7,47.3,40.4,32.2,27.5,24.2,19.8,19.7,32.3,34.2,34.6,39.7,36.9,28.5,25.9,27.1,27.6,28.7,29.5,30.0
22:37:29.239,101.2,62.5,90.9,92.9,93.3,91.7,92.1,90.5,89.1,84.6,87.3,83.9,81.9,79.6,77.3,74.6,70.7,65.0,61.3,57.8,50.9,46.4,41.3,32.4,28.4,21.5,19.9,20.2,21.0,21.9,23.0,24.1,24.9,26.0,26.8,28.0,28.8,29.7,30.0
22:37:30.239,104.5,64.7,91.6,94.1,94.4,92.2,90.1,89.5,88.9,86.3,86.0,83.3,82.9,79.7,76.0,76.1,72.5,70.3,65.7,61.4,53.9,44.5,39.1,33.5,27.3,21.1,19.7,20.2,20.6,22.0,23.3,24.2,24.9,25.9,26.7,27.9,28.6,29.7,29.9
22:37:31.239,100.5,61.6,90.0,86.0,87.9,89.0,87.8,89.1,90.4,87.6,85.1,79.6,80.5,77.5,76.9,74.8,71.6,65.8,61.2,54.5,52.9,46.5,39.3,35.8,30.3,21.2,19.5,20.3,20.8,21.9,22.8,24.0,24.8,25.8,26.8,27.7,28.7,29.5,30.1
22:37:32.239,102.4,60.0,87.8,94.9,87.5,89.9,91.4,89.3,84.3,85.1,80.2,77.5,76.2,79.1,76.2,73.3,69.4,63.7,62.4,54.2,46.7,38.9,36.8,32.5,26.2,20.8,19.8,20.5,20.9,22.0,23.4,23.6,24.9,25.8,26.9,27.6,28.6,29.5,30.1
22:37:33.239,102.4,59.7,87.4,92.3,94.0,91.0,87.9,85.7,82.8,82.6,82.2,79.2,75.6,74.7,73.3,70.3,65.7,63.9,60.7,56.7,50.1,41.6,39.2,31.4,24.4,20.1,20.2,20.3,21.0,22.1,23.0,24.1,25.0,25.8,26.9,28.0,28.8,29.6,30.0
22:37:34.239,98.3,57.9,87.0,85.8,89.1,91.7,89.5,88.3,82.1,84.1,81.0,80.0,77.1,71.5,69.7,67.1,63.6,63.3,62.9,56.0,51.8,44.9,36.2,28.6,23.9,19.3,19.3,20.5,21.1,22.0,23.0,24.0,25.2,25.8,27.0,27.7,28.6,29.6,30.0
22:37:35.239,102.8,59.0,89.4,95.3,92.1,91.6,91.0,91.5,86.2,84.2,83.5,81.9,78.2,73.9,72.8,68.3,66.5,64.1,62.0,56.6,51.4,46.1,41.1,34.4,25.5,21.3,20.0,21.4,27.2,29.3,33.0,24.7,24.9,25.7,26.7,27.9,28.9,29.6,30.0
22:37:36.239,100.6,57.3,88.2,88.0,90.6,91.1,91.8,90.5,85.6,83.3,82.7,81.9,78.6,75.3,71.7,69.9,66.6,60.0,53.2,49.0,45.6,37.9,30.8,28.3,24.2,19.9,19.6,27.7,34.1,33.4,33.0,32.2,26.7,25.9,26.9,27.8,28.6,29.6,29.9
22:37:37.239,100.6,59.0,88.6,93.1,92.8,94.6,86.1,88.0,84.8,84.2,81.7,80.7,77.2,76.7,76.1,71.0,67.2,62.5,54.9,47.7,43.8,35.9,30.1,27.3,23.9,19.3,19.6,27.8,33.2,32.2,35.0,36.0,28.5,25.9,27.1,27.8,28.6,29.7,30.0
22:37:38.239,98.0,60.2,87.6,83.9,83.9,84.1,88.3,87.1,88.5,83.9,83.2,81.5,78.2,78.2,75.6,73.4,70.0,66.1,61.4,54.2,46.0,43.4,40.4,32.1,26.9,21.7,19.9,33.6,37.9,36.8,42.2,39.8,32.3,25.9,27.4,27.8,28.5,29.7,30.1
22:37:39.239,102.5,60.8,89.3,94.8,95.1,91.3,88.9,88.4,89.3,86.1,84.0,82.7,81.6,79.0,75.4,71.8,70.6,65.0,61.0,56.2,53.7,49.0,42.0,39.3,31.2,21.7,20.0,31.2,34.4,32.3,35.5,32.6,28.5,25.9,26.9,27.9,28.6,29.6,30.1
22:37:40.239,100.5,59.4,88.4,87.6,87.2,83.1,84.4,90.3,84.8,85.4,83.7,78.3,79.0,76.9,72.9,69.4,65.0,61.8,57.3,54.8,49.4,40.5,35.2,31.7,26.2,20.3,20.2,23.8,32.3,33.3,40.9,39.2,34.1,26.0,27.1,27.6,28.6,29.7,30.0
22:37:41.239,100.0,59.0,88.3,91.5,88.0,85.5,88.0,90.0,81.3,86.5,84.8,79.3,79.7,75.3,74.3,70.8,68.1,64.1,58.3,49.5,46.7,41.4,38.1,32.6,25.6,20.3,20.2,20.1,21.4,22.1,23.0,23.9,24.8,26.0,26.9,27.8,28.7,29.6,30.2
22:37:42.239,100.2,57.2,87.1,83.3,83.9,87.0,89.7,87.3,85.4,85.1,79.7,78.1,74.8,73.8,73.3,68.1,65.2,60.9,56.2,51.4,44.8,40.1,35.6,29.3,24.9,20.2,19.8,20.4,21.0,21.9,22.8,23.8,25.2,25.9,26.8,27.7,28.8,29.7,30.0
22:37:43.239,98.4,55.5,85.5,82.5,87.8,86.2,87.4,86.9,85.8,83.8,80.1,76.9,76.2,72.3,71.2,67.2,63.2,62.1,57.7,53.2,47.5,39.8,33.4,29.8,26.5,20.8,19.8,20.6,20.9,21.8,22.9,24.0,24.8,25.8,26.9,27.7,28.5,29.7,30.1
22:37:44.239,100.9,55.4,85.9,89.2,88.3,88.0,85.4,83.8,85.2,81.0,81.3,75.3,74.5,70.6,68.2,64.6,62.2,58.0,56.1,54.1,47.5,38.9,36.5,32.2,27.3,20.6,19.3,20.5,21.2,21.9,23.0,24.0,24.9,25.9,26.8,27.8,28.6,29.6,30.0
22:37:45.239,98.7,52.6,85.2,87.0,85.2,85.6,86.3,85.7,84.1,81.5,77.8,77.5,71.8,68.8,62.8,61.0,60.5,56.4,52.1,48.3,44.2,39.2,30.8,26.4,23.1,19.6,19.5,19.9,22.1,25.7,30.3,32.2,26.9,26.0,27.1,27.7,28.6,29.6,29.9
22:37:46.239,100.1,54.5,86.5,91.4,88.6,89.0,86.3,83.9,83.4,82.6,81.5,79.7,74.1,71.7,68.0,64.5,62.1,58.1,54.4,48.8,45.1,37.8,32.1,26.8,23.9,19.5,19.7,21.8,27.8,30.5,33.3,33.8,30.2,25.9,26.9,27.8,28.6,29.6,30.0
22:37:47.239,99.1,54.1,85.6,89.2,90.4,92.7,87.7,84.2,84.9,83.1,81.0,77.8,73.7,70.4,68.0,66.6,58.7,53.6,53.6,49.9,44.8,39.8,34.3,27.1,23.8,19.9,20.1,31.7,37.2,34.9,40.7,38.3,30.6,26.1,27.1,27.6,28.8,29.6,30.0
22:37:48.239,99.9,55.7,85.9,92.9,87.8,84.8,82.8,80.5,82.4,83.9,81.2,80.0,74.7,70.2,69.1,64.7,60.9,56.2,55.3,54.3,50.2,44.5,38.6,33.8,29.2,21.2,20.1,36.0,39.7,37.4,42.4,39.0,31.6,26.0,27.1,27.7,28.7,29.7,30.1
22:37:49.239,98.6,56.5,85.4,88.5,88.1,88.7,87.1,86.3,85.4,82.5,79.2,78.0,74.9,70.9,68.2,64.8,62.6,61.5,59.2,55.2,49.5,43.6,37.5,29.5,24.9,19.7,19.7,34.0,37.2,34.5,37.9,38.0,32.3,25.7,27.3,27.8,28.6,29.7,30.0
22:37:50.239,99.0,56.3,84.9,86.5,88.8,87.2,86.8,82.7,83.3,82.7,76.4,74.5,72.3,69.9,69.8,68.6,64.9,61.5,56.1,53.5,48.1,39.4,34.0,26.9,25.3,20.0,19.4,20.5,21.4,22.3,23.2,23.9,25.0,25.9,26.9,27.7,28.8,29.7,29.9
22:37:51.239,98.6,59.0,86.0,92.6,92.1,85.5,87.4,84.6,86.4,83.5,81.9,79.3,75.0,73.4,72.6,70.8,68.7,65.8,61.9,57.9,48.8,43.8,38.8,31.8,27.7,24.1,20.6,20.5,21.2,22.2,23.0,23.9,25.0,25.8,26.8,27.8,28.8,29.7,30.1
22:37:52.239,98.9,58.5,86.0,89.2,87.3,85.3,86.0,84.8,86.1,83.3,80.2,77.6,71.0,73.3,71.5,68.7,65.3,63.2,60.3,56.2,52.6,47.5,43.7,36.8,29.7,21.7,19.3,20.5,21.0,22.0,22.7,23.8,25.0,25.9,26.9,27.7,28.8,29.6,30.1
22:37:53.239,100.0,58.2,86.0,82.2,89.5,92.9,87.4,83.9,82.0,84.6,83.9,78.2,76.2,73.8,70.8,69.3,67.1,64.9,61.4,58.6,52.5,49.0,45.9,41.4,30.8,23.9,20.5,20.3,21.0,22.3,22.9,23.9,24.7,25.9,26.7,27.8,28.7,29.7,29.9
22:37:54.239,98.2,58.7,86.8,89.1,86.8,86.9,91.3,88.2,81.6,82.0,80.3,78.4,76.4,74.7,73.0,68.4,67.7,64.7,61.5,55.1,49.0,38.9,34.1,33.8,30.7,22.9,20.8,20.9,24.9,23.3,23.9,23.9,24.8,25.9,27.0,27.7,28.8,29.7,29.9
22:37:55.239,98.7,57.0,86.2,88.8,91.0,89.5,86.7,86.2,85.9,83.6,82.3,76.7,73.9,74.6,73.1,70.3,63.6,60.0,57.2,55.0,50.5,44.2,39.2,34.2,28.3,20.6,20.2,25.9,32.2,27.5,26.2,24.6,25.1,26.0,26.8,27.8,28.6,29.8,30.0
22:37:56.239,99.8,59.3,87.3,86.5,89.8,90.5,86.8,87.4,86.6,85.8,81.7,79.1,74.7,74.0,72.8,69.2,65.3,62.1,59.9,59.0,54.7,48.8,43.5,38.9,30.6,22.9,20.3,31.2,34.9,31.6,37.5,38.0,30.6,26.1,27.2,27.8,28.6,29.6,30.0
22:37:57.239,99.2,55.6,83.9,90.6,83.3,82.6,82.4,84.1,81.9,78.4,78.3,73.7,69.9,67.9,65.2,65.0,60.9,59.7,57.2,54.8,50.7,43.3,37.0,32.2,26.7,21.0,20.4,33.7,36.9,34.3,38.5,34.6,28.2,26.0,27.2,27.8,28.6,29.6,30.1
22:37:58.239,99.7,55.9,84.6,88.2,84.6,84.4,85.2,83.6,82.0,82.4,77.8,75.5,73.0,71.2,68.1,67.6,63.6,59.6,57.0,51.1,44.1,38.7,35.0,32.1,27.9,20.9,19.7,31.5,36.7,35.9,38.8,33.6,28.7,25.9,27.4,27.8,28.8,29.7,30.1
22:37:59.239,97.1,56.1,84.2,88.1,87.5,83.1,84.0,81.1,81.6,80.6,80.1,74.6,72.9,71.9,69.9,66.6,63.5,59.4,54.6,51.5,48.0,42.1,36.8,35.2,29.3,22.4,19.7,20.4,21.3,21.7,23.0,24.0,25.0,25.6,26.8,27.7,28.4,29.6,29.9
22:38:00.239,98.5,54.1,83.6,85.6,85.2,85.1,83.7,81.8,79.3,79.0,78.0,76.5,70.1,69.2,66.8,60.9,57.6,54.9,52.0,47.3,40.7,38.7,33.7,27.2,24.2,20.1,20.0,20.6,21.1,22.4,22.8,24.3,25.2,25.8,26.8,27.8,28.7,29.7,29.9
22:38:01.239,98.2,55.7,85.1,89.6,85.9,86.0,85.1,85.8,81.8,79.6,78.7,75.7,73.5,70.7,70.0,67.1,62.5,59.3,52.4,52.5,48.7,40.0,32.3,26.1,23.9,20.0,19.5,20.8,21.3,22.0,22.8,23.9,25.0,26.1,26.7,27.8,28.7,29.5,29.9
22:38:02.239,99.7,55.7,84.1,90.9,84.0,85.3,84.0,78.5,79.6,81.8,80.2,72.1,73.3,72.7,70.6,66.7,64.0,59.1,56.5,49.5,46.4,40.1,37.1,31.9,26.2,20.1,19.3,20.2,20.9,21.8,22.8,24.2,25.2,26.0,26.9,27.9,28.8,29.7,30.0
22:38:03.239,98.5,56.6,84.7,87.4,86.7,86.8,85.7,84.3,81.3,81.8,78.7,76.0,74.4,73.1,70.1,66.6,65.4,62.5,58.5,54.5,50.2,44.6,38.5,35.1,31.3,24.1,20.4,20.3,21.3,22.3,23.0,23.7,25.1,25.8,26.9,27.7,28.8,29.6,30.0
22:38:04.239,97.5,56.5,85.0,90.7,89.4,85.0,83.3,83.6,83.5,80.8,76.7,74.2,72.2,70.0,67.2,64.7,63.7,59.3,56.3,51.5,48.5,41.8,38.2,34.5,27.9,21.5,20.1,20.2,22.0,22.4,23.1,24.3,25.0,25.9,26.8,27.6,28.7,29.6,30.1
22:38:05.239,99.2,55.1,84.8,92.8,91.5,86.0,84.7,84.7,83.3,82.3,78.8,77.5,72.6,70.8,68.5,67.0,63.3,60.8,58.2,50.6,47.9,43.4,39.0,32.3,28.2,22.4,20.0,21.1,22.8,27.3,30.4,33.2,28.9,26.0,26.8,27.8,28.6,29.6,30.1
22:38:06.239,96.1,54.9,85.0,80.6,79.7,85.5,87.0,84.7,85.1,83.5,81.9,78.1,74.3,72.2,70.9,68.1,63.2,59.2,56.3,50.1,45.5,38.9,35.7,32.0,26.6,20.6,19.8,28.3,29.4,30.0,34.4,39.7,33.6,25.9,26.8,27.7,28.3,29.8,30.1
22:38:07.239,97.8,55.3,84.6,89.6,85.5,84.2,83.0,79.3,81.5,77.9,78.4,74.9,74.3,71.7,66.9,63.3,59.9,56.9,52.4,47.8,44.5,39.0,32.5,27.3,24.6,19.6,20.2,35.2,39.6,34.5,39.6,39.8,30.8,25.9,26.8,27.7,28.7,29.6,30.0
22:38:08.239,97.1,55.3,84.7,91.5,88.5,87.4,87.0,85.7,84.6,80.7,78.0,78.2,74.8,72.3,70.7,64.1,62.9,59.4,56.2,52.6,48.2,41.4,37.8,29.3,26.7,20.0,19.7,34.5,37.8,35.8,38.2,36.5,29.3,26.1,27.2,27.6,28.6,29.6,29.9
22:38:09.239,96.5,54.2,83.9,84.6,81.9,84.2,83.3,81.2,86.6,79.8,75.1,76.0,69.5,69.1,68.7,65.4,64.0,59.9,55.2,50.5,45.7,36.1,30.9,28.7,25.3,20.1,19.6,20.0,21.6,22.0,23.3,24.0,24.9,25.9,26.8,27.8,28.8,29.6,29.9
22:38:10.239,98.5,52.7,83.2,90.5,88.2,87.3,85.9,82.7,78.5,76.9,78.6,73.0,69.6,68.4,65.6,61.0,58.4,54.5,50.9,47.1,42.9,38.0,34.3,29.2,23.7,19.4,19.5,20.2,21.5,21.8,23.1,23.9,24.9,25.8,26.7,27.7,28.6,29.6,29.9
22:38:11.239,97.2,55.0,83.3,91.6,88.4,84.3,87.2,84.4,80.7,77.9,76.9,72.9,73.2,71.8,69.7,65.2,63.2,60.4,55.5,53.1,49.1,43.1,38.0,34.1,26.3,21.2,19.8,20.7,21.1,21.8,23.0,23.9,25.4,25.9,26.8,27.6,28.7,29.7,30.2
22:38:12.239,95.5,56.0,83.0,82.4,86.9,85.1,83.1,82.1,79.3,78.2,76.6,74.5,70.8,69.5,68.1,66.8,64.7,62.9,57.7,52.5,46.4,40.5,39.3,33.5,27.2,21.0,20.2,20.3,21.1,22.1,22.8,24.0,24.7,25.8,26.9,27.9,28.8,29.6,29.9
22:38:13.239,95.5,53.8,83.5,86.4,85.9,82.9,85.9,82.3,78.4,79.5,77.3,78.2,76.0,72.1,67.3,61.9,60.9,57.0,51.9,48.3,44.5,40.7,34.1,29.2,25.3,20.4,20.2,20.6,21.4,22.0,22.9,23.9,25.0,25.8,26.9,27.7,28.7,29.6,29.9
22:38:14.239,95.8,56.8,84.7,90.1,87.5,85.5,86.6,83.8,80.5,81.3,80.3,76.9,76.9,75.1,73.0,67.3,64.8,62.0,56.0,51.6,47.1,43.9,38.5,30.8,27.8,21.4,19.6,20.8,24.5,22.8,23.1,23.8,25.0,26.0,26.8,27.8,28.6,29.7,30.1
22:38:15.239,97.0,61.1,85.7,81.2,87.4,86.9,83.7,83.6,82.1,79.7,77.4,75.8,76.0,74.8,72.9,71.2,68.7,64.5,62.3,60.6,55.6,48.7,45.7,39.9,33.6,26.0,21.5,26.1,30.8,26.5,25.3,24.1,25.0,25.7,27.0,27.6,28.6,29.6,30.1
22:38:16.239,98.7,56.5,84.1,87.3,86.3,85.5,84.5,78.7,81.6,81.8,81.1,77.6,76.0,73.7,71.8,67.4,63.8,62.1,59.0,50.6,45.5,38.1,37.4,34.1,29.4,20.6,20.0,28.9,34.1,31.5,34.1,35.2,26.9,25.8,26.9,27.6,28.6,29.6,30.0
22:38:17.239,96.0,53.3,81.9,83.7,84.6,81.4,81.3,82.9,78.8,79.8,79.4,72.4,70.8,66.8,68.3,66.4,62.6,59.0,53.1,48.1,43.5,38.1,31.3,26.7,23.4,20.4,19.5,20.2,21.2,22.2,23.4,24.1,24.8,26.0,26.7,27.7,28.6,29.6,29.9
22:38:18.239,97.2,54.6,83.0,84.4,85.4,86.2,83.2,82.7,81.1,77.7,74.2,71.2,67.7,69.2,69.0,63.7,63.5,58.0,55.3,49.5,46.2,40.1,37.1,33.1,26.7,19.8,19.8,20.3,21.1,22.0,23.0,24.2,25.0,25.8,26.7,27.7,28.6,29.6,30.0
22:38:19.239,97.4,57.3,85.2,89.9,86.9,84.4,80.4,82.1,84.0,79.7,80.5,78.3,71.7,73.6,70.7,67.6,63.9,61.0,56.0,52.9,50.6,47.2,44.6,40.8,34.2,24.0,20.1,24.2,23.0,26.8,34.0,36.1,32.8,25.9,26.9,27.8,28.5,29.7,29.8
22:38:20.239,95.6,57.5,84.6,89.2,86.5,85.1,85.7,81.2,79.4,80.3,80.3,79.6,72.8,72.6,70.9,65.8,65.0,62.2,59.6,54.7,47.3,41.6,38.2,30.8,26.0,20.3,20.1,30.7,33.5,32.2,36.8,38.4,29.9,26.0,26.9,27.6,28.5,29.8,30.0
22:38:21.239,96.7,56.8,84.5,83.9,80.4,81.5,83.2,84.7,82.4,81.4,79.8,79.9,73.4,69.3,66.4,62.9,63.7,61.8,58.7,55.4,52.3,47.7,45.3,41.0,33.8,25.4,21.3,35.7,38.9,36.3,42.7,37.2,32.5,26.0,27.2,27.7,28.9,29.6,30.0
22:38:22.239,96.1,56.5,84.2,84.8,84.3,78.5,78.9,81.9,82.6,78.6,78.4,75.1,73.8,71.4,69.6,67.7,61.2,59.4,54.5,48.9,43.6,38.1,33.5,28.4,24.5,19.9,20.0,35.4,39.1,36.4,40.4,38.2,33.2,26.4,27.8,27.8,28.7,29.6,29.9
22:38:23.239,97.4,58.1,85.5,85.2,89.1,87.8,82.9,82.2,83.2,80.7,80.5,78.5,73.9,73.5,72.2,69.3,65.6,62.8,57.5,55.8,50.7,42.1,37.2,29.9,28.5,20.5,19.8,30.3,37.0,34.9,39.7,37.1,29.9,25.9,27.2,27.9,28.7,29.7,30.1
22:38:24.239,95.7,54.2,82.7,83.0,80.8,77.9,79.8,82.7,80.0,77.7,75.5,73.8,72.7,72.1,68.0,63.8,61.3,56.7,54.0,48.8,45.2,40.1,35.8,29.8,25.5,20.3,20.5,20.5,20.9,22.0,22.9,23.9,25.1,25.8,26.9,27.8,28.8,29.6,30.0
22:38:25.239,95.4,56.2,84.4,89.0,86.0,85.5,81.6,82.8,84.8,82.1,78.2,77.8,75.6,75.5,71.4,66.5,62.0,60.8,58.8,57.3,51.2,45.6,42.2,36.3,28.9,23.1,20.0,20.5,21.5,22.1,22.7,24.1,25.1,25.8,26.9,27.7,28.5,29.6,30.1
22:38:26.239,97.5,54.6,83.9,90.5,87.0,86.7,82.0,81.8,81.9,82.0,79.2,76.6,75.3,71.6,68.5,66.7,63.1,59.1,56.2,51.5,44.3,34.5,30.0,28.4,24.3,20.7,19.4,20.3,21.1,22.2,23.0,24.1,24.8,25.8,26.8,27.8,28.5,29.7,30.1
22:38:27.239,97.9,53.6,83.4,86.5,88.4,86.5,81.6,83.3,80.1,81.5,81.3,75.5,75.2,72.7,69.2,65.5,62.4,59.7,54.5,46.9,42.5,41.7,39.7,36.5,28.9,21.3,19.9,20.4,21.2,22.1,22.9,24.1,25.0,25.9,26.9,27.7,28.5,29.6,29.9
22:38:28.239,94.9,52.4,82.2,82.0,88.3,84.1,75.8,77.5,81.9,81.3,76.9,72.1,70.2,67.3,65.5,62.5,60.8,58.1,49.4,44.8,43.2,35.5,31.7,29.3,26.9,23.8,21.2,21.3,25.5,25.1,25.1,24.4,25.3,25.8,26.5,27.7,28.6,29.7,30.0
22:38:29.239,98.1,55.0,83.4,81.7,82.5,83.4,81.9,78.9,80.4,79.6,76.6,73.7,71.1,70.6,67.1,65.6,61.9,59.0,55.5,49.1,41.9,38.5,33.6,30.3,24.7,20.1,19.4,29.1,33.6,28.8,26.9,27.1,26.8,25.9,26.7,28.0,28.7,29.6,30.0
22:38:30.239,93.1,55.5,81.2,85.6,81.8,80.0,77.6,81.4,77.6,77.4,74.4,73.2,71.3,71.0,67.4,65.0,64.3,59.6,56.4,53.7,46.0,37.7,32.8,27.6,23.4,19.8,19.5,29.8,34.0,31.7,35.6,34.9,28.5,25.8,27.0,27.6,28.7,29.6,30.0
22:38:31.239,97.0,58.2,83.8,84.8,88.7,88.4,85.5,81.4,81.2,80.1,79.1,78.6,75.8,72.9,71.7,69.6,67.5,65.2,62.4,57.1,50.2,43.5,40.6,38.8,33.3,21.7,20.1,35.7,41.1,38.1,44.1,40.6,31.6,26.1,27.5,27.7,28.6,29.6,29.8
22:38:32.239,97.9,55.4,82.5,85.5,86.5,82.4,83.1,84.1,80.0,77.8,75.9,73.9,72.5,70.7,68.6,67.0,63.0,60.9,55.9,52.2,46.1,39.1,34.3,28.4,25.1,21.6,19.9,34.4,36.9,34.8,36.7,36.1,31.4,26.0,27.0,27.7,28.7,29.5,29.9
22:38:33.239,95.0,53.6,82.3,85.6,84.0,84.2,83.8,83.9,77.9,78.5,79.2,75.8,72.3,71.2,67.9,64.7,61.8,57.7,54.0,52.2,47.9,41.7,38.8,32.9,27.9,21.5,19.7,20.3,21.3,23.0,24.3,23.9,25.1,25.9,26.7,27.7,28.6,29.6,30.0
22:38:34.239,97.9,55.2,84.8,86.5,86.6,81.8,85.1,81.5,80.5,80.4,80.6,75.1,72.1,72.4,68.5,64.7,60.6,56.8,52.8,48.2,47.3,40.1,37.2,33.0,25.8,20.5,19.7,19.8,21.2,22.2,22.9,24.3,25.1,25.9,26.8,27.6,28.6,29.5,29.9
22:38:35.239,97.4,54.0,83.4,88.1,82.4,82.8,83.8,82.1,81.7,82.5,81.4,76.7,72.5,71.8,68.2,65.7,60.2,57.3,56.2,52.1,49.4,41.6,33.3,29.1,24.1,20.0,19.3,20.3,21.5,22.1,22.9,24.2,24.8,26.1,26.9,27.7,28.6,29.7,29.9
22:38:36.239,97.0,55.5,85.2,81.0,81.9,87.6,86.5,85.2,83.8,82.4,80.0,75.9,75.0,70.9,66.6,62.8,59.1,60.4,58.7,55.0,50.1,45.6,42.9,38.0,30.1,21.3,19.5,20.3,21.3,21.9,23.4,23.8,25.1,25.9,26.8,27.7,28.9,29.5,30.0
22:38:37.239,95.1,53.1,83.1,82.8,84.4,82.1,82.5,84.2,81.6,79.5,78.8,75.9,72.1,68.1,65.3,60.7,61.1,57.4,54.0,51.2,44.2,38.6,34.1,29.1,24.9,20.5,20.2,20.8,25.3,28.0,32.7,33.9,28.7,25.9,26.9,27.6,28.7,29.7,30.1
22:38:38.239,95.0,54.7,82.0,87.8,84.1,84.8,82.2,79.4,81.2,79.0,73.2,73.3,70.8,68.9,67.2,62.1,61.8,61.9,56.7,52.4,46.2,41.8,37.8,31.7,26.4,20.5,19.3,24.2,28.6,31.1,34.4,35.7,29.7,26.0,26.7,27.9,28.7,29.5,30.0
22:38:39.239,93.6,54.7,80.5,81.3,80.8,80.9,79.2,78.5,80.1,73.6,73.6,71.0,70.3,65.1,67.2,64.7,61.6,58.9,55.0,47.9,42.0,40.3,35.6,31.1,25.9,20.9,20.1,32.3,35.7,32.3,38.1,35.9,30.2,26.0,27.1,27.8,28.6,29.7,30.0
22:38:40.239,96.1,56.5,82.6,85.2,81.6,79.7,80.0,81.5,80.4,78.2,76.2,74.7,72.9,71.1,69.8,68.5,64.3,59.9,56.7,49.5,46.8,42.6,39.9,34.2,28.6,21.6,19.9,34.0,38.1,34.8,39.8,34.0,30.7,26.0,27.0,27.6,28.7,29.6,30.0
22:38:41.239,93.9,54.1,80.4,84.7,82.9,77.3,79.2,76.3,75.7,76.0,75.1,74.7,73.6,70.3,67.3,64.9,61.0,59.3,55.9,52.7,48.7,41.1,34.6,30.6,26.5,20.2,19.5,20.2,21.1,22.2,23.8,25.0,25.3,25.9,26.7,27.7,28.6,29.6,30.0
22:38:42.239,95.4,52.9,80.7,85.8,79.6,82.6,83.1,81.7,75.2,72.2,75.2,75.5,71.3,67.4,67.2,62.8,59.4,57.9,56.1,52.6,49.0,41.1,37.7,32.3,26.7,21.2,19.9,20.6,21.7,22.4,23.1,23.8,24.8,25.9,26.8,27.6,28.7,29.6,30.0
22:38:43.239,93.7,49.3,79.4,79.6,76.9,76.0,76.1,80.0,79.1,74.9,74.3,71.4,65.1,63.1,62.6,58.2,52.9,53.2,49.4,45.0,41.7,38.1,33.7,29.3,24.3,19.5,20.0,20.2,21.3,22.2,23.5,23.9,24.9,25.6,26.7,27.5,28.6,29.7,30.0
22:38:44.239,93.5,48.0,79.4,84.3,82.9,81.3,79.3,79.2,77.8,74.3,72.4,69.5,67.2,65.5,60.2,55.5,52.9,47.7,47.4,44.2,42.3,34.8,30.7,27.4,23.4,19.9,19.7,20.0,20.9,22.4,23.2,23.9,24.8,26.1,26.8,27.8,28.7,29.6,30.0
22:38:45.239,93.7,49.5,80.6,86.1,84.8,83.3,81.0,81.2,77.9,76.7,73.7,71.1,67.4,67.8,63.7,58.8,56.3,51.1,47.8,45.3,41.6,34.8,30.0,26.1,23.5,19.9,20.1,21.0,23.0,22.7,23.6,24.0,25.0,26.0,26.8,27.6,28.7,29.6,29.9
22:38:46.239,93.9,49.5,78.5,82.8,81.8,79.4,80.3,78.0,77.0,73.4,73.7,67.8,68.0,67.2,65.1,59.9,56.3,52.1,48.2,45.0,41.0,35.4,31.8,27.9,23.0,20.0,19.9,24.8,27.7,23.1,23.1,24.0,25.5,25.7,26.7,27.8,28.6,29.6,30.0
22:38:47.239,92.4,52.5,78.5,82.4,80.5,78.3,74.9,76.7,77.0,75.2,73.3,70.3,66.8,67.5,64.5,61.7,59.1,57.3,54.4,51.2,46.4,40.3,35.2,32.8,26.9,20.6,19.6,20.0,21.0,22.0,23.1,27.0,27.0,25.9,26.7,27.8,28.7,29.7,30.0
22:38:48.239,95.2,56.6,80.4,84.3,82.0,78.5,77.6,76.8,76.3,76.5,75.0,72.0,69.0,69.9,66.2,64.1,61.0,59.7,57.9,56.3,53.8,48.7,45.7,41.5,33.6,24.4,20.0,20.5,21.3,21.9,23.2,23.8,24.9,25.9,26.8,27.7,28.5,29.6,30.1
22:38:49.239,92.2,54.5,79.4,80.1,82.7,82.3,81.2,75.7,72.4,72.6,75.2,71.0,70.3,68.7,65.7,63.2,62.0,60.6,56.0,51.0,44.9,35.2,32.6,27.9,23.9,20.1,19.9,20.5,21.2,22.3,23.1,24.2,25.1,25.8,26.7,27.8,28.5,29.6,30.0
22:38:50.239,95.3,57.0,81.4,81.3,79.4,81.2,82.1,76.2,77.1,77.3,73.1,71.4,70.6,71.0,70.6,68.2,64.9,59.9,56.9,55.4,51.0,44.5,40.8,36.0,30.5,22.2,19.9,19.6,21.3,22.8,25.5,26.4,25.2,25.7,26.6,27.8,28.8,29.6,29.8
22:38:51.239,95.9,56.7,81.8,86.2,87.6,86.8,81.4,81.3,80.0,78.2,77.4,74.6,72.5,72.8,72.0,69.2,65.2,62.7,60.3,55.8,49.8,45.2,39.4,34.4,28.9,22.1,19.9,26.1,34.3,29.0,28.0,24.3,25.0,26.0,26.7,27.7,28.7,29.7,30.0
22:38:52.239,96.2,54.0,81.9,85.1,80.3,80.2,78.1,80.2,75.8,77.5,77.8,70.6,71.9,70.2,61.8,61.0,60.2,57.3,54.7,50.2,43.4,35.4,31.2,28.2,25.8,20.7,19.8,29.9,35.4,33.9,35.0,29.2,25.3,26.0,27.0,27.7,28.7,29.6,29.9
22:38:53.239,94.8,53.0,80.8,80.6,79.8,83.5,80.9,80.0,80.8,81.2,75.8,71.1,73.1,66.0,63.2,62.4,62.3,57.0,52.0,49.5,48.1,43.0,40.6,36.5,28.2,21.0,19.6,34.8,40.3,37.3,43.1,41.9,32.6,25.8,26.9,27.7,28.5,29.7,30.1
22:38:54.239,94.6,51.3,79.9,83.0,76.8,79.1,78.1,81.5,78.1,75.4,74.9,71.7,65.5,62.0,60.9,60.2,56.4,56.4,51.3,49.0,46.0,39.8,35.9,29.6,23.8,20.0,19.5,29.5,36.5,33.0,36.6,35.1,26.8,26.1,27.1,27.7,28.5,29.6,30.0
22:38:55.239,92.7,47.3,78.5,78.2,80.2,83.1,79.6,79.5,79.6,72.2,74.9,67.7,65.0,63.4,58.4,57.3,53.4,52.0,50.4,43.5,39.0,33.6,29.5,24.5,23.1,19.3,19.5,20.2,21.2,22.1,23.1,24.0,24.9,25.9,26.8,27.7,28.7,29.5,30.0
22:38:56.239,94.6,47.0,77.0,85.1,81.2,83.2,79.5,78.3,76.1,71.7,72.0,67.9,66.3,63.6,62.2,56.8,54.7,53.1,48.0,44.6,38.9,33.2,29.9,26.2,23.7,20.0,19.1,19.9,21.1,21.9,23.0,24.1,24.9,26.0,26.9,27.8,28.6,29.7,29.8
22:38:57.239,92.0,48.4,78.3,83.3,80.5,80.8,80.8,78.5,77.3,75.2,73.1,71.4,66.7,64.7,63.1,59.2,55.1,52.6,49.5,44.2,41.8,35.5,30.3,29.7,24.4,20.2,19.3,20.5,20.8,22.1,23.1,23.9,24.8,26.2,26.6,27.7,28.6,29.7,29.9
22:38:58.239,95.3,51.0,79.2,85.9,81.2,79.5,78.2,78.8,76.4,74.9,72.3,70.1,69.6,66.7,65.0,60.4,59.1,56.0,53.4,48.3,42.5,36.3,34.7,31.5,25.8,21.2,20.1,20.3,21.3,22.0,23.1,24.0,25.0,26.0,27.0,27.7,28.6,29.5,29.9
22:38:59.239,92.5,50.6,79.1,83.0,82.5,85.0,82.1,79.1,77.3,78.0,73.1,72.2,70.4,67.1,65.2,59.4,57.8,55.5,54.3,51.4,45.6,36.6,34.3,28.5,23.9,18.8,19.9,20.3,25.5,27.3,32.5,31.7,27.6,25.9,26.8,27.6,28.5,29.6,30.1
22:39:00.239,95.1,51.0,80.7,83.2,80.3,82.8,81.4,82.4,78.4,77.0,76.4,72.9,71.0,68.4,65.4,60.0,56.5,55.8,52.7,46.6,42.5,38.8,36.7,32.3,25.1,20.6,19.7,22.0,30.8,30.7,34.2,34.0,28.6,25.9,26.8,27.6,28.7,29.6,30.0
22:39:01.239,92.8,50.4,80.0,83.8,83.0,82.3,79.9,81.2,79.4,75.2,72.6,74.2,68.8,66.9,61.8,55.0,54.5,52.1,46.2,43.7,40.3,34.6,30.2,27.1,23.3,19.6,19.8,33.5,38.0,36.5,41.7,39.6,30.5,26.0,26.9,28.0,28.6,29.6,30.1
22:39:02.239,96.2,53.6,82.9,88.5,89.1,85.4,84.1,83.6,81.2,80.8,79.4,77.6,73.3,71.6,68.4,63.5,54.5,57.1,52.7,49.2,44.7,38.2,32.3,28.4,24.9,19.9,20.4,36.0,40.9,39.6,43.3,38.8,31.8,26.2,27.9,27.8,28.6,29.6,30.0
22:39:03.239,96.7,54.5,83.4,81.6,77.5,82.2,83.9,83.2,82.4,79.6,79.6,74.4,73.3,70.8,69.4,66.9,61.8,56.5,51.3,51.8,46.4,40.8,37.6,32.2,25.2,20.6,19.8,20.1,22.6,25.7,31.0,32.0,26.0,25.9,26.7,27.7,28.6,29.5,30.0
22:39:04.239,97.0,56.0,83.0,84.5,81.4,81.2,82.8,79.4,76.9,79.3,78.3,75.3,71.2,72.5,68.1,67.1,64.2,60.4,54.5,50.8,47.5,41.0,36.6,32.6,28.3,21.4,19.1,20.1,21.4,22.3,23.4,24.3,25.0,25.9,26.9,27.7,28.6,29.7,30.1
22:39:05.239,96.6,55.9,83.0,83.0,82.7,78.9,80.5,82.8,80.8,77.1,79.3,77.4,71.1,70.5,68.3,66.2,62.4,59.1,56.9,54.7,50.3,44.0,38.2,36.5,30.6,22.3,19.7,19.8,20.9,22.1,23.1,24.1,24.9,26.0,26.7,27.6,28.5,29.6,29.9
22:39:06.239,95.3,54.3,81.0,88.5,82.1,75.4,78.3,77.4,79.1,79.0,77.9,75.2,72.5,68.1,67.3,63.8,60.7,58.8,57.5,56.1,52.5,46.6,40.9,34.7,26.9,21.0,20.0,20.0,21.5,21.9,23.1,24.1,24.9,25.9,26.8,27.6,28.7,29.7,29.9
22:39:07.239,88.8,51.1,78.2,80.1,80.1,78.0,77.9,76.3,75.6,76.5,75.5,69.6,68.4,66.7,63.2,60.9,58.5,58.5,53.4,48.5,42.1,36.7,34.5,30.1,24.3,20.3,19.1,20.8,24.6,23.5,23.9,24.0,25.1,26.2,26.5,27.7,28.7,29.6,30.0
22:39:08.239,92.8,52.5,78.9,83.3,77.8,78.4,75.5,78.7,76.5,75.9,72.9,72.0,69.3,67.0,62.7,61.3,59.4,58.1,52.1,46.6,44.3,39.2,34.9,29.3,23.3,19.6,20.0,27.6,31.6,25.7,24.2,26.7,26.0,25.8,26.9,27.8,28.5,29.7,29.9
22:39:09.239,95.8,50.9,78.4,80.5,83.2,81.6,79.0,75.1,77.2,72.0,71.8,71.7,67.1,64.8,63.8,61.4,57.7,53.0,49.6,48.1,45.0,37.4,28.8,25.6,23.8,20.5,20.1,32.3,38.2,35.3,39.9,35.8,29.1,26.0,26.9,27.7,28.6,29.6,29.9
22:39:10.239,96.1,51.7,80.3,78.3,79.8,81.5,80.5,78.5,76.5,75.7,72.3,68.4,68.8,67.0,64.8,62.6,56.9,52.3,47.5,43.4,40.2,32.9,30.0,26.8,23.5,19.4,19.0,32.6,36.0,34.2,39.4,35.7,29.7,26.2,27.1,27.8,28.7,29.7,30.0
22:39:11.239,94.3,51.2,80.1,84.3,78.8,79.5,81.5,80.2,78.7,74.3,74.3,72.5,68.5,69.0,66.0,59.2,52.5,52.3,48.5,44.6,41.7,36.2,31.4,27.3,24.5,19.6,20.2,35.2,37.8,35.1,40.0,37.3,30.6,26.1,27.0,27.8,28.7,29.5,30.0
22:39:12.239,93.0,46.8,77.4,81.8,82.2,80.8,77.5,76.9,77.9,73.0,70.5,68.7,65.1,63.7,60.7,56.1,49.8,48.8,48.4,40.7,41.3,35.2,29.9,26.6,23.9,19.9,19.7,20.2,21.1,21.9,23.4,24.1,25.2,26.0,26.6,27.8,28.7,29.6,30.0
22:39:13.239,94.5,50.0,80.3,86.4,80.5,82.1,80.6,80.0,79.1,73.9,71.5,72.8,72.1,68.2,65.5,59.9,54.2,53.0,49.9,44.7,41.3,34.1,31.4,27.2,23.5,19.3,19.7,20.1,21.4,22.2,23.3,23.7,25.0,26.1,26.8,27.9,28.7,29.5,30.0
22:39:14.239,93.9,49.7,79.2,87.6,82.8,78.1,78.0,76.1,74.8,75.0,75.4,70.7,68.3,66.9,63.7,60.6,53.8,50.1,50.0,46.6,38.5,35.9,30.4,25.4,23.3,19.3,19.8,19.8,20.6,22.1,23.2,24.1,24.9,25.8,27.0,27.8,28.7,29.5,29.9
22:39:15.239,92.8,49.0,79.1,84.3,79.4,77.9,78.0,79.0,75.6,75.2,71.7,70.0,67.3,64.7,60.2,59.0,55.7,50.9,46.6,44.1,39.6,32.5,27.9,24.8,23.1,20.0,19.9,20.2,21.2,22.0,22.9,23.8,24.8,25.9,26.9,27.9,28.6,29.6,30.1
22:39:16.239,94.6,49.6,78.7,85.0,82.3,79.8,83.5,78.8,75.1,76.2,73.8,70.6,69.5,67.4,63.3,62.2,59.4,52.5,50.5,47.5,42.0,34.7,30.0,26.6,23.4,20.2,20.3,20.3,21.4,22.1,22.9,24.1,24.9,25.8,26.9,27.7,28.7,29.6,29.9
22:39:17.239,94.4,49.5,77.0,82.3,80.8,81.5,77.9,74.4,71.7,71.1,68.2,65.8,65.4,64.9,61.7,59.1,56.6,50.9,49.5,46.5,43.7,36.5,32.1,25.3,23.1,20.1,19.4,19.9,21.4,22.0,22.9,24.1,24.9,25.8,26.9,27.7,28.7,29.7,30.0
22:39:18.239,93.9,51.8,79.0,79.8,81.7,82.4,79.5,78.7,77.3,76.4,72.0,70.3,68.1,66.3,64.3,63.6,58.9,57.9,52.8,48.9,44.8,38.7,32.9,27.0,24.7,20.2,19.9,20.5,21.3,22.1,23.0,24.1,25.2,25.8,27.0,27.8,28.7,29.6,30.0
22:39:19.239,96.0,48.6,77.9,78.7,75.5,80.2,81.8,78.8,74.0,76.0,70.9,69.0,67.0,66.2,61.9,61.1,58.0,53.0,52.0,44.5,37.9,33.0,33.4,27.7,23.2,20.6,19.3,20.0,21.3,22.2,22.9,24.0,24.9,26.0,26.9,27.7,28.7,29.7,30.0
22:39:20.239,96.5,51.7,79.0,80.3,77.3,76.3,80.8,78.1,71.5,77.2,72.4,70.3,66.9,66.5,64.8,63.2,61.0,56.6,51.1,44.1,39.2,35.1,35.0,30.3,23.5,19.8,19.9,20.1,20.6,21.7,23.1,24.1,25.1,26.0,26.9,27.7,28.6,29.6,30.0
22:39:21.239,92.4,48.1,77.5,77.1,79.8,79.3,79.7,78.0,74.2,76.1,71.1,67.6,65.1,63.1,61.8,57.7,54.8,52.3,50.4,45.1,41.3,35.0,29.8,23.9,23.0,19.8,19.8,20.4,21.5,22.0,23.0,24.3,25.0,26.0,27.0,27.7,28.6,29.7,30.1
22:39:22.239,95.4,47.8,77.8,84.7,79.5,78.9,80.2,78.0,76.1,75.3,71.7,71.7,64.1,63.1,60.0,59.1,53.6,52.5,48.8,46.3,43.2,36.0,28.9,23.7,22.3,18.8,19.4,20.6,21.8,22.3,23.1,24.0,25.0,25.9,26.8,27.7,28.6,29.7,30.0
22:39:23.239,93.0,48.9,78.2,82.6,81.0,78.7,77.9,76.0,76.6,75.8,74.6,71.1,67.5,63.6,60.1,59.7,55.7,55.6,51.4,45.3,40.6,34.5,30.8,24.4,22.1,19.7,19.4,20.4,21.0,21.9,22.9,24.0,25.1,26.0,26.8,27.5,28.6,29.5,29.9
22:39:24.239,98.0,49.5,79.7,81.9,84.2,80.9,81.6,80.8,77.2,74.9,72.2,73.1,70.0,67.5,62.6,58.5,53.4,54.3,50.7,47.7,41.7,37.5,32.1,27.9,23.7,20.6,19.3,19.9,21.5,22.0,23.0,24.0,25.0,25.7,26.6,27.6,28.6,29.6,29.8
22:39:25.239,94.8,50.1,79.6,85.1,80.9,78.9,79.7,77.4,75.2,76.4,75.5,72.2,69.3,66.2,63.7,58.8,57.3,54.0,49.0,46.9,42.6,38.5,35.0,30.2,26.1,22.1,20.9,20.6,21.5,22.0,23.2,24.0,25.0,26.1,26.7,27.6,28.8,29.6,30.1
22:39:26.239,93.1,47.3,77.1,81.7,78.1,77.5,79.1,73.6,75.6,73.9,73.6,71.3,66.9,64.9,61.1,61.0,56.6,51.8,47.5,41.5,38.3,33.6,28.5,26.8,24.1,19.7,19.8,20.6,21.6,22.3,23.0,24.0,25.2,26.0,26.9,27.8,28.5,29.6,30.1
22:39:27.239,94.1,48.8,77.0,85.6,82.1,76.6,76.1,76.4,73.2,73.5,72.8,68.2,66.1,64.1,61.5,58.8,56.7,53.5,49.1,46.4,43.2,38.4,32.4,26.4,23.2,20.2,19.8,20.1,21.3,22.0,23.3,24.3,25.2,26.0,26.8,27.9,28.6,29.7,30.0
22:39:28.239,93.2,51.7,78.6,77.4,77.8,82.2,83.5,76.6,76.8,75.8,72.5,71.0,69.1,65.3,65.5,62.3,60.7,57.3,53.2,52.3,47.4,40.1,39.5,34.0,25.0,20.3,20.0,20.3,21.4,22.1,23.1,24.0,25.0,26.0,26.7,27.7,28.6,29.5,30.0
22:39:29.239,92.6,49.6,77.4,84.1,81.2,77.2,80.1,73.3,69.9,71.7,72.2,70.3,66.4,62.5,63.6,59.0,58.0,55.3,48.9,46.2,38.2,33.1,28.6,26.2,25.2,21.9,20.4,20.8,21.1,22.0,22.9,24.1,25.1,26.1,27.0,27.9,28.5,29.6,29.9
22:39:30.239,97.2,48.7,77.0,82.7,81.7,78.5,77.6,76.5,70.9,72.2,71.5,70.2,66.8,62.6,60.7,60.3,55.8,53.8,51.1,45.6,38.5,33.7,31.8,28.0,22.4,19.4,19.3,20.0,20.8,21.9,22.8,23.8,25.0,26.0,26.8,28.0,28.6,29.6,30.0
22:39:31.239,92.4,49.9,77.8,80.6,80.1,79.6,76.1,75.6,76.3,72.6,72.9,71.2,68.5,65.0,62.0,59.2,56.3,55.8,52.1,50.3,43.6,38.1,34.5,29.8,25.0,20.3,19.2,19.9,21.1,22.1,23.2,24.2,24.9,25.8,27.0,27.7,28.7,29.6,30.0
22:39:32.239,91.7,50.2,78.6,79.8,81.7,77.9,78.7,74.2,77.2,74.4,73.9,70.7,69.0,66.8,62.0,58.3,57.9,56.2,53.6,46.0,41.1,34.5,30.7,28.0,22.7,19.5,19.0,20.1,21.1,21.7,22.7,24.0,24.9,26.0,26.8,27.8,28.6,29.6,30.0
22:39:33.239,91.7,49.0,77.6,84.3,81.2,77.0,76.7,76.8,72.1,70.5,71.5,71.0,71.0,66.1,62.2,61.9,57.3,52.2,47.1,43.4,38.2,33.7,29.1,25.3,23.3,19.3,20.3,20.3,21.4,22.3,23.0,24.0,25.1,25.7,26.6,27.9,28.7,29.6,29.9
22:39:34.239,92.6,50.5,78.7,81.6,82.6,78.0,76.9,77.0,73.5,74.1,73.7,70.8,68.0,65.1,65.4,60.6,55.9,54.0,48.0,46.2,42.1,37.9,33.9,29.3,24.5,20.7,20.0,20.2,21.2,22.5,23.2,23.8,25.0,26.0,26.8,27.7,28.7,29.6,30.0
22:39:35.239,94.5,48.8,77.0,81.0,78.9,76.2,77.4,72.2,72.5,69.5,71.0,68.7,65.6,63.1,62.9,57.6,53.0,52.3,47.6,45.0,40.6,35.4,32.1,27.8,25.2,21.2,19.7,20.1,21.5,21.9,22.9,24.2,25.0,26.0,26.8,27.7,28.8,29.6,29.9
22:39:36.239,90.5,47.7,77.0,77.0,77.5,78.9,79.2,76.7,72.6,73.3,72.1,67.3,66.0,62.7,59.3,56.2,54.6,52.1,47.8,43.3,38.4,32.3,28.3,24.1,22.8,19.8,19.5,20.0,20.8,22.0,23.2,23.9,25.1,26.0,26.8,27.7,28.6,29.6,29.9
22:39:37.239,91.1,45.0,76.4,83.4,80.1,78.2,77.9,76.8,72.9,72.5,70.7,67.4,63.7,62.3,60.4,54.7,51.4,48.5,40.0,39.1,36.2,28.3,27.1,23.8,22.7,19.5,19.9,19.9,21.1,21.8,23.1,23.9,25.1,26.0,26.8,27.8,28.6,29.6,30.1
22:39:38.239,92.4,46.5,77.4,83.3,80.3,76.3,77.7,74.9,76.0,74.6,72.7,67.8,67.0,65.1,62.8,55.8,52.0,49.6,44.6,42.4,38.8,32.6,30.1,25.0,22.6,19.6,20.1,20.2,21.5,21.9,22.9,24.2,25.4,25.8,26.7,27.7,28.6,29.8,30.1
22:39:39.239,92.1,45.5,75.4,81.1,75.1,78.0,74.5,74.3,73.5,73.8,71.1,69.4,68.7,62.4,58.9,57.4,53.6,47.3,42.8,42.1,38.3,31.0,28.5,25.0,24.0,19.7,20.0,20.5,20.7,22.2,23.3,23.9,24.8,25.9,26.9,27.7,28.7,29.8,29.8
22:39:40.239,89.3,46.4,74.5,76.9,72.7,75.8,78.3,73.7,69.7,69.6,68.5,67.7,64.0,59.9,60.2,58.6,55.3,51.1,46.1,40.6,36.5,29.1,25.4,23.0,23.7,19.8,20.0,20.6,21.6,22.0,23.0,23.8,25.0,25.9,26.8,27.6,28.5,29.6,29.9
22:39:41.239,92.3,46.0,73.0,80.9,79.2,77.5,75.0,73.8,71.2,68.5,65.2,66.0,62.4,63.3,61.2,58.2,55.0,52.4,48.0,43.6,39.7,33.8,28.5,22.8,22.6,20.5,19.8,20.3,21.4,22.0,22.8,24.3,25.0,26.0,26.8,27.7,28.8,29.6,30.0
22:39:42.239,91.2,47.1,74.3,77.2,78.2,74.5,75.3,75.9,68.4,67.3,68.9,66.3,62.6,61.6,59.6,59.0,53.3,51.6,48.4,46.3,39.2,33.2,27.3,24.2,22.4,19.1,19.1,20.3,21.0,22.0,22.7,24.1,24.8,25.9,26.7,27.7,28.6,29.7,29.9
22:39:43.239,89.3,45.7,74.3,77.7,77.9,73.7,74.7,72.2,72.6,70.4,68.4,66.3,63.3,61.2,58.8,56.0,50.5,49.4,46.4,42.5,38.6,35.4,29.0,24.0,22.2,19.9,19.6,20.5,21.3,21.8,23.3,24.0,25.0,25.9,26.7,27.7,28.6,29.6,29.9
22:39:44.239,90.6,44.4,74.1,74.7,75.3,75.3,74.5,68.7,69.7,69.8,67.2,65.5,61.0,58.9,56.4,52.5,48.0,46.6,40.6,39.4,35.6,29.7,23.7,21.8,21.8,19.7,18.8,20.1,21.1,22.0,22.9,24.1,25.2,26.0,27.0,27.6,28.6,29.6,30.0
22:39:45.239,90.2,43.7,72.9,76.9,79.0,76.9,74.6,68.9,68.8,67.2,68.1,66.2,63.6,57.8,58.6,51.9,49.1,48.4,41.7,39.5,35.8,29.2,23.3,22.1,22.5,19.2,19.4,20.2,21.4,21.6,22.8,24.1,25.2,26.1,26.9,27.7,28.7,29.6,30.0
22:39:46.239,89.9,43.6,72.2,78.5,76.6,76.6,74.5,69.5,72.5,67.9,67.5,64.8,62.4,59.0,56.1,53.4,49.8,48.1,42.8,41.0,38.9,33.3,29.1,23.3,22.1,19.0,19.4,20.5,21.0,21.9,22.4,23.8,25.1,26.1,27.0,28.0,28.7,29.6,30.0
22:39:47.239,90.2,46.2,75.7,79.5,78.5,74.3,73.4,74.6,74.6,71.7,69.2,67.2,65.0,63.4,58.9,56.1,52.2,50.2,47.2,41.9,39.5,32.8,28.3,24.0,21.9,19.3,19.6,20.5,21.2,22.4,23.0,24.0,24.8,25.9,26.9,27.8,28.7,29.6,30.0
22:39:48.239,92.6,44.3,73.3,75.7,75.7,72.9,72.4,73.0,71.4,68.6,70.1,63.1,61.9,61.3,56.4,52.9,50.7,46.5,44.0,41.0,36.8,28.7,24.3,23.5,22.2,20.0,19.8,20.0,21.4,22.2,22.9,24.2,25.1,25.8,27.0,27.7,28.8,29.5,30.0
22:39:49.239,89.2,46.3,74.5,78.0,78.7,78.4,76.7,74.0,73.9,72.1,68.9,66.6,65.1,63.8,61.3,57.4,55.9,51.0,47.6,44.2,38.4,30.4,29.0,24.9,22.8,19.7,19.4,20.2,21.0,22.1,23.0,23.9,24.9,26.0,26.9,27.6,28.8,29.7,30.0
22:39:50.239,88.8,43.9,72.5,72.0,72.0,72.8,74.3,67.0,70.6,65.2,67.0,63.3,61.6,59.2,56.7,52.5,48.5,43.6,40.9,38.9,34.1,27.5,25.0,23.9,23.6,20.3,20.0,20.6,21.2,22.0,23.0,24.3,25.4,25.9,27.0,27.8,28.7,29.7,29.9
22:39:51.239,93.4,45.3,74.2,80.4,74.5,74.0,69.0,69.0,66.6,68.4,67.9,67.0,60.2,59.9,57.5,51.8,47.5,44.9,42.7,41.5,36.7,28.0,26.4,24.1,23.8,19.9,20.1,20.6,21.2,22.1,23.3,24.2,24.9,25.7,27.0,27.9,28.6,29.7,29.9
22:39:52.239,87.3,43.1,73.1,77.7,73.2,74.9,75.5,73.2,71.0,68.8,70.2,65.1,63.5,59.2,57.1,52.9,48.0,45.7,43.1,40.9,36.9,29.3,26.8,23.8,22.4,19.2,20.2,20.9,21.3,22.5,23.0,24.0,24.9,26.2,26.9,27.7,28.6,29.7,30.0
22:39:53.239,90.2,43.0,71.1,69.7,73.8,74.3,73.6,68.1,65.1,65.5,64.3,64.4,60.2,59.4,54.8,51.3,47.7,45.9,42.5,40.3,36.9,29.2,25.4,22.8,22.5,20.9,20.8,20.2,21.2,22.0,23.2,24.2,25.1,25.9,26.8,27.5,28.8,29.6,30.1
22:39:54.239,87.1,41.8,70.9,74.1,73.4,70.4,69.5,67.7,66.5,64.8,68.3,64.4,60.2,56.1,55.2,50.8,47.8,47.1,41.8,38.4,35.0,27.2,22.5,22.3,22.1,19.3,19.4,20.5,21.3,21.9,23.6,24.0,25.1,25.9,26.8,27.8,28.6,29.6,30.0
22:39:55.239,89.3,43.0,72.6,77.4,74.4,75.8,75.2,73.1,70.9,71.6,68.2,66.9,61.8,58.8,57.7,54.8,50.5,48.7,41.4,39.5,35.4,29.9,24.1,23.0,22.3,19.7,19.7,20.2,21.3,22.0,23.1,24.1,25.1,26.1,27.0,27.9,28.6,29.4,29.9
22:39:56.239,86.1,42.6,72.1,74.0,78.0,74.9,72.7,72.4,67.2,69.7,67.2,63.5,60.8,57.0,54.8,51.8,48.6,44.0,37.8,37.3,34.7,26.6,22.6,21.4,22.2,19.8,19.9,20.6,20.7,22.0,22.9,24.1,24.9,25.7,28.0,27.9,28.6,29.7,30.0
22:39:57.239,87.2,41.8,71.6,73.3,72.4,70.4,72.9,73.4,69.5,69.2,65.1,63.2,61.0,59.2,56.6,53.7,45.9,44.6,38.3,36.6,33.1,28.8,23.2,21.3,21.5,19.6,18.8,20.1,20.9,22.2,23.1,24.3,25.2,25.8,26.6,27.7,28.7,29.7,30.2
22:39:58.239,88.2,41.1,70.2,73.8,71.2,67.1,70.7,70.2,67.1,64.9,63.2,63.8,57.0,55.9,54.4,49.9,44.0,42.3,39.2,35.6,31.4,27.6,23.4,20.3,22.3,19.6,19.3,20.4,21.5,22.2,22.9,23.9,24.9,26.0,26.8,27.8,28.7,29.5,30.1
22:39:59.239,88.4,42.4,71.1,72.1,70.0,67.2,62.6,71.6,72.1,70.3,65.7,60.7,62.0,55.4,56.8,53.6,49.3,45.7,42.6,39.3,32.8,28.9,25.5,22.1,21.7,20.1,19.6,20.6,21.3,22.2,23.0,23.9,25.0,25.8,26.9,27.8,28.4,29.5,30.0
22:40:00.239,91.1,42.4,69.8,73.0,73.6,70.6,68.3,70.1,67.5,65.2,64.1,62.6,59.8,56.2,55.9,51.8,49.7,47.2,43.0,37.3,33.3,30.0,24.4,23.1,23.9,22.7,21.5,20.9,21.4,22.2,23.3,24.1,24.7,25.8,26.9,27.8,28.8,29.7,30.0
22:40:01.239,85.3,42.8,70.3,74.4,72.9,68.9,68.3,71.4,68.6,67.0,64.1,63.4,58.9,55.6,53.7,53.1,51.3,46.7,42.9,39.0,37.4,29.6,25.2,21.5,22.4,19.2,19.7,20.1,21.4,22.0,22.9,24.2,25.1,26.0,26.9,27.6,28.5,29.8,29.9
22:40:02.239,84.9,41.8,70.0,74.3,70.8,69.5,70.6,69.1,68.7,68.9,62.8,63.7,58.7,56.3,53.0,51.7,49.5,46.2,43.2,39.3,36.5,29.1,24.9,21.6,22.0,19.3,19.2,20.2,21.3,22.3,23.1,23.8,24.9,26.0,26.7,27.8,28.7,29.6,29.9
22:40:03.239,85.5,42.1,69.0,75.1,73.5,68.5,71.2,67.9,65.8,64.9,61.7,61.0,57.0,55.3,53.2,50.9,48.5,45.8,42.9,39.2,34.7,27.0,22.2,21.3,22.3,19.6,19.8,20.3,21.1,22.2,23.0,24.0,25.1,26.1,27.9,27.8,28.7,29.6,29.9
22:40:04.239,88.3,41.8,70.8,69.2,73.4,75.3,70.1,70.2,68.5,67.4,64.7,63.4,59.3,55.9,54.4,51.5,48.2,43.2,42.6,38.0,32.6,27.4,23.3,21.8,23.0,19.3,19.7,20.6,21.3,21.8,23.0,24.2,25.4,26.4,32.3,27.8,28.4,29.7,30.1
22:40:05.239,90.1,42.6,72.1,74.0,74.6,76.9,73.3,72.2,71.4,68.4,65.0,65.8,61.4,58.6,56.7,53.2,49.1,44.1,41.8,37.4,37.0,29.7,24.0,21.6,21.5,19.4,19.4,20.0,21.2,21.9,23.5,24.2,25.0,26.5,29.9,27.8,28.6,29.6,30.0
22:40:06.239,89.0,40.9,69.5,71.6,73.6,73.3,71.6,68.5,70.0,66.9,65.3,62.8,60.2,56.9,54.4,53.8,46.3,44.0,39.0,36.4,32.5,28.8,22.9,20.5,21.8,19.5,19.3,20.4,21.2,22.0,23.0,24.1,24.8,26.1,30.4,27.7,28.6,29.7,30.0
22:40:07.239,88.0,41.6,71.1,76.9,74.6,75.0,71.6,72.3,70.2,66.3,66.8,64.7,63.0,57.1,54.8,52.3,46.5,45.7,43.7,38.9,33.5,27.6,24.8,22.4,22.7,19.5,18.4,20.0,20.8,22.4,23.0,23.9,24.8,25.9,27.9,27.7,28.5,29.7,30.1
22:40:08.239,87.4,40.5,68.7,73.7,73.2,71.5,68.4,68.1,63.5,64.0,62.7,61.9,56.7,52.6,51.7,50.6,44.2,42.4,39.1,37.7,33.5,28.0,22.1,21.2,23.2,19.5,19.5,20.4,21.4,22.0,23.3,24.0,24.8,26.1,29.0,27.9,28.7,29.7,30.0
22:40:09.239,86.0,41.5,69.6,69.5,69.4,68.9,69.0,70.3,65.6,64.7,64.0,61.7,58.6,55.2,54.5,50.8,47.2,43.2,40.5,38.6,33.4,27.8,22.6,20.8,21.4,19.4,19.4,19.9,21.4,21.7,23.1,24.3,25.2,25.9,26.8,27.7,28.5,29.6,29.9
22:40:10.239,87.5,41.6,69.0,69.5,72.7,73.2,68.4,69.5,67.8,65.0,62.5,61.3,58.7,53.8,53.7,51.9,48.1,44.1,39.2,37.7,33.8,26.7,22.3,20.4,22.3,19.7,19.9,20.3,21.3,21.9,23.1,24.3,25.0,26.0,27.2,27.8,28.6,29.6,30.1
22:40:11.239,87.6,41.7,69.1,77.6,70.9,70.9,71.6,70.1,65.6,66.5,62.8,62.5,59.0,55.4,54.4,51.8,48.5,45.6,42.2,39.9,35.9,27.8,22.7,21.5,22.2,19.4,19.6,20.3,21.3,22.3,23.1,24.1,25.1,25.8,26.9,27.7,28.7,29.6,29.9
22:40:12.239,86.5,43.2,71.2,76.5,75.7,74.3,72.1,72.4,70.0,69.3,64.7,64.5,62.9,58.4,55.3,54.7,51.7,47.9,44.2,41.3,37.7,31.8,28.9,24.8,22.3,19.9,19.3,20.0,21.1,22.2,22.8,24.1,25.2,26.0,26.7,27.7,28.7,29.5,29.9
22:40:13.239,86.2,41.6,69.7,69.3,68.9,68.0,68.3,68.1,67.3,64.0,63.4,59.8,55.9,52.7,50.0,47.8,46.6,44.3,39.6,37.2,34.4,28.0,22.8,20.8,22.2,19.6,19.7,20.1,21.8,22.5,22.8,23.9,24.9,25.9,26.9,27.8,28.6,29.7,30.0
22:40:14.239,87.1,42.5,70.7,73.1,72.5,71.3,69.9,67.9,65.6,64.8,60.3,59.5,58.0,55.5,53.4,49.4,47.0,44.0,40.1,39.0,35.4,28.1,23.7,21.3,22.6,19.3,19.5,20.3,21.6,23.9,25.4,25.8,25.4,25.6,26.7,27.5,28.7,29.6,30.1
22:40:15.239,88.0,41.2,68.7,74.9,72.8,70.8,68.8,68.0,67.9,65.7,63.4,61.9,59.6,53.5,54.2,50.1,47.9,44.7,40.7,39.2,35.9,27.2,24.3,22.2,22.9,19.8,19.7,20.0,21.4,22.3,23.3,23.8,24.9,26.0,26.8,27.9,28.5,29.6,29.9
22:40:16.239,89.0,42.2,70.3,74.0,70.4,72.2,68.4,69.8,67.9,67.8,65.8,64.4,61.3,53.3,56.9,52.1,50.1,45.7,41.5,39.3,35.3,29.0,22.8,21.6,22.6,19.9,20.7,20.6,21.9,22.5,22.9,24.2,24.9,25.8,26.9,27.7,28.8,29.6,30.1
22:40:17.239,86.5,41.3,68.9,72.1,71.1,68.3,66.2,68.5,65.6,60.3,61.3,60.8,58.3,51.9,49.8,47.1,47.0,43.8,38.4,39.1,34.8,28.8,23.6,21.9,23.5,20.6,20.1,20.3,21.0,21.9,22.8,23.7,24.9,26.0,26.9,27.8,28.7,29.4,29.9
22:40:18.239,90.5,45.0,71.8,69.7,68.5,72.5,74.4,73.1,65.6,69.6,67.3,65.4,61.2,59.5,58.6,56.3,53.7,50.3,47.2,39.9,35.9,29.3,26.4,22.4,22.7,20.7,20.5,21.4,21.7,22.6,22.9,24.1,25.2,26.1,26.8,27.7,28.6,29.6,30.0
22:40:19.239,87.5,42.7,70.0,72.9,71.9,71.7,70.5,71.9,65.8,65.2,65.6,61.3,56.9,55.1,54.6,52.8,50.2,46.3,41.4,39.2,35.2,28.1,23.1,22.1,22.7,20.3,20.4,20.9,21.1,22.4,23.0,24.1,25.1,25.9,26.9,27.8,28.7,29.6,30.0
22:40:20.239,87.5,43.8,69.8,70.2,69.4,69.7,66.9,65.6,58.6,66.6,64.8,60.7,57.6,56.4,54.5,51.2,50.1,45.1,42.2,40.4,35.2,27.0,23.0,22.3,23.5,20.0,20.0,20.5,21.2,21.7,22.9,24.0,24.6,25.9,26.7,27.9,28.7,29.7,29.9
22:40:21.239,89.9,44.4,71.9,77.3,74.1,72.7,74.7,68.2,67.6,68.3,68.2,65.2,63.3,59.9,58.0,56.2,52.2,48.2,44.3,41.7,34.8,28.9,25.7,22.9,23.3,21.4,20.9,20.4,21.8,22.3,23.1,24.1,24.9,26.0,26.7,27.6,28.7,29.7,29.9
22:40:22.239,87.8,43.5,70.9,73.4,71.6,71.2,67.6,69.4,64.8,63.0,66.0,65.4,60.8,58.0,55.8,54.0,49.4,44.8,42.3,41.4,35.5,29.4,24.0,22.6,23.4,20.3,20.3,20.7,21.4,21.9,23.2,23.9,24.8,25.8,26.9,27.6,28.6,29.5,29.9
22:40:23.239,91.1,43.6,70.9,79.3,74.9,69.3,66.9,68.7,65.9,67.0,65.8,65.1,63.4,57.5,55.8,52.8,50.4,47.0,42.0,41.7,36.0,29.1,24.3,21.7,22.0,20.2,19.4,20.5,21.3,23.8,23.9,25.4,25.4,26.0,26.7,27.7,28.6,29.7,30.0
22:40:24.239,87.7,43.5,71.9,75.3,70.2,68.3,70.7,67.7,65.0,64.3,63.4,62.5,58.6,58.4,55.9,50.8,48.6,45.2,40.6,40.6,35.9,26.9,23.8,22.0,22.8,19.5,19.6,20.1,21.3,21.9,22.8,23.9,25.0,26.1,26.9,27.6,28.8,29.7,30.2
22:40:25.239,90.5,42.0,70.2,78.0,72.7,68.0,72.0,70.2,70.8,68.3,66.4,62.5,62.4,58.7,56.7,52.1,49.8,46.1,41.8,37.8,34.7,29.7,24.0,22.0,22.7,19.7,19.3,20.6,21.4,21.9,23.1,23.8,24.8,25.9,26.6,27.7,28.7,29.5,29.9
22:40:26.239,92.5,42.6,72.0,73.7,75.7,75.8,68.5,69.0,67.4,65.5,64.5,62.7,60.3,57.5,52.1,51.2,49.9,45.6,41.7,38.0,35.1,28.7,24.3,22.9,22.2,19.7,19.2,20.3,21.4,22.1,23.0,24.4,24.9,26.1,26.8,27.6,28.8,29.5,29.8
22:40:27.239,87.9,42.1,70.3,71.7,70.4,69.4,70.4,66.0,67.7,65.3,62.4,60.5,57.5,56.1,50.6,49.0,47.3,43.2,40.1,37.1,33.1,27.0,23.5,21.6,22.7,19.0,20.1,20.2,21.5,21.9,23.2,24.2,25.0,26.1,26.9,27.6,28.5,29.5,29.9
22:40:28.239,87.7,41.0,68.7,76.9,73.9,67.0,70.5,68.7,65.1,64.5,61.8,62.3,58.6,55.8,52.8,50.9,48.7,44.2,40.5,38.3,32.7,25.6,23.5,21.2,22.7,19.5,19.2,19.8,21.0,22.0,23.1,24.0,24.9,26.0,26.8,27.6,28.6,29.6,30.0
22:40:29.239,89.4,44.3,71.4,72.0,71.5,65.5,66.3,70.6,70.9,67.1,64.6,65.4,57.3,57.6,54.6,53.8,52.0,48.6,47.1,43.0,37.3,31.5,27.1,22.7,23.0,19.8,19.2,20.5,21.1,22.1,23.1,24.0,25.0,26.0,26.8,27.7,28.7,29.5,29.9
22:40:30.239,85.3,43.4,70.2,70.9,73.2,72.7,69.8,68.6,67.6,67.3,65.5,63.1,55.2,53.2,53.1,52.0,51.7,47.0,42.8,40.6,36.4,29.9,23.9,21.9,22.3,19.8,19.8,20.4,21.3,22.3,23.1,23.9,24.9,25.9,26.7,27.7,28.7,29.7,30.0
22:40:31.239,89.5,46.6,73.1,77.2,75.1,73.9,69.8,70.4,71.3,66.7,65.6,63.0,59.1,59.4,58.3,56.0,51.5,50.4,48.1,41.1,35.7,29.6,23.4,21.1,22.1,19.7,19.5,20.5,20.9,22.2,23.2,24.0,25.1,25.9,27.1,27.6,28.7,29.6,30.1
22:40:32.239,87.5,44.4,71.5,76.4,73.5,71.8,70.3,68.8,67.1,67.7,66.7,64.0,61.6,60.1,57.4,55.0,51.9,48.3,45.4,38.2,34.1,28.9,25.3,24.0,23.1,20.4,19.7,20.5,21.5,22.5,22.7,24.0,24.9,25.8,26.6,27.8,28.6,29.6,29.9
22:40:33.239,90.9,42.9,70.1,80.2,79.2,74.6,72.0,70.3,65.7,61.4,62.7,64.1,63.4,62.0,56.9,55.6,52.0,46.0,42.5,38.8,34.6,29.6,27.4,24.7,22.8,20.5,19.5,20.3,21.6,21.9,23.1,24.1,25.1,26.0,26.6,27.8,28.6,29.6,30.0
22:40:34.239,90.1,44.2,71.8,75.7,74.0,71.4,72.7,70.1,68.6,67.6,66.1,65.7,64.1,59.7,58.6,54.6,52.3,47.6,44.3,40.4,35.9,30.4,28.0,23.9,22.4,19.1,19.6,20.3,21.5,21.9,23.0,23.7,25.1,25.8,27.0,27.7,28.6,29.6,30.0
22:40:35.239,86.9,42.8,70.9,77.2,74.3,71.0,71.2,68.5,67.3,66.3,65.9,64.9,61.6,58.6,56.7,53.0,48.2,46.2,43.3,37.8,34.8,30.0,23.4,20.7,21.8,19.0,19.5,20.5,21.6,22.0,23.2,24.0,25.0,26.0,27.0,27.7,28.6,29.6,29.9
22:40:36.239,89.9,43.6,72.4,77.1,74.5,72.3,71.9,70.3,68.7,65.7,63.6,64.0,61.4,57.3,53.7,50.4,48.6,44.3,40.1,36.4,33.0,27.8,23.4,21.1,21.6,19.2,19.3,20.6,21.4,22.3,23.1,23.8,24.9,25.8,26.6,27.7,28.7,29.6,30.0
22:40:37.239,88.8,40.5,68.3,76.2,75.1,70.3,69.5,66.7,64.4,64.9,64.9,63.1,59.2,57.5,53.6,51.3,47.0,43.1,37.8,36.7,32.3,27.6,21.8,20.7,22.3,19.2,19.7,20.0,21.4,22.0,23.0,24.0,25.0,25.9,26.7,27.9,28.8,29.7,29.9
22:40:38.239,90.3,43.4,72.4,77.3,76.4,73.9,73.7,70.5,70.1,66.9,65.6,64.1,61.4,57.8,55.6,53.6,50.2,47.0,43.7,40.3,38.3,32.3,27.9,23.4,22.1,19.2,19.7,20.5,21.1,21.7,22.9,24.0,24.9,25.8,26.7,27.7,28.6,29.5,29.9
22:40:39.239,86.4,40.3,69.5,75.2,74.5,71.1,70.9,70.6,67.4,63.6,61.2,60.7,58.1,52.0,47.8,45.5,45.3,44.4,42.5,36.0,31.8,28.3,23.0,20.9,22.1,19.7,19.4,20.1,21.2,22.1,23.1,24.2,25.0,26.1,26.8,27.6,28.7,29.6,30.1
22:40:40.239,90.5,40.7,69.9,70.1,70.5,73.6,72.5,69.5,69.2,67.0,66.2,62.9,58.3,52.8,47.8,45.7,45.9,43.9,42.8,38.5,32.3,28.8,23.1,20.6,22.4,19.6,19.4,19.6,21.4,23.4,23.4,24.8,25.2,25.9,26.9,27.6,28.6,29.6,30.0
22:40:41.239,86.9,40.9,71.5,77.9,75.5,74.1,72.3,72.7,70.9,68.8,66.4,63.8,60.2,54.1,48.4,49.0,48.6,45.0,39.6,37.7,35.6,29.6,25.2,22.5,23.0,19.8,20.0,20.2,21.5,22.5,22.7,24.1,24.8,25.9,26.7,27.8,28.7,29.8,30.1
22:40:42.239,85.3,39.1,68.2,73.5,73.9,69.6,67.7,67.1,66.3,63.7,61.9,60.8,56.8,49.6,45.8,44.6,44.9,40.5,38.6,36.4,33.4,28.1,23.0,21.3,22.9,19.9,20.0,20.2,21.6,22.2,22.9,24.0,24.8,26.2,26.8,27.8,28.8,29.7,30.1
22:40:43.239,85.4,39.1,67.8,69.6,73.2,71.1,70.9,69.3,65.9,61.2,61.1,58.4,53.6,54.0,50.6,44.4,43.0,40.6,37.6,34.5,31.7,28.0,22.8,21.8,23.6,20.9,20.3,20.7,21.0,22.3,23.0,24.1,24.9,25.9,26.8,27.8,28.7,29.7,29.9
22:40:44.239,85.9,39.5,68.9,71.7,67.9,72.5,69.4,67.9,62.6,62.8,62.9,57.9,53.2,53.6,48.1,44.9,43.0,43.3,36.9,35.2,32.9,29.2,23.2,21.8,22.4,19.7,19.8,20.3,21.3,22.3,22.9,23.8,25.0,25.9,26.7,27.8,28.7,29.7,30.0
22:40:45.239,88.3,43.0,70.8,71.4,66.0,63.7,69.4,68.0,66.7,63.0,60.2,59.3,54.6,53.4,49.8,45.9,46.7,45.0,38.2,36.5,33.7,27.8,22.6,20.9,22.3,20.0,19.9,20.3,21.5,21.8,22.7,23.9,25.1,25.9,26.8,27.6,28.7,29.5,30.0
22:40:46.239,83.8,40.6,67.7,62.5,65.1,67.4,67.8,67.0,67.7,61.0,59.5,59.8,54.1,53.1,46.6,46.7,45.9,45.3,38.4,36.7,33.3,27.7,22.6,21.1,22.5,19.8,19.1,20.2,21.7,22.2,23.1,23.8,24.9,25.8,26.8,27.7,28.5,29.6,30.0
22:40:47.239,89.4,44.2,71.5,80.2,79.8,75.4,72.7,72.3,70.4,69.1,68.9,67.6,61.7,60.3,56.0,56.4,54.4,51.9,48.2,41.4,38.2,31.9,25.9,23.7,23.2,20.1,20.0,20.4,21.1,22.0,23.1,24.0,24.8,25.8,26.8,27.6,28.7,29.5,29.9
22:40:48.239,88.3,41.0,68.9,69.2,67.6,68.0,69.9,70.7,66.0,61.8,63.2,57.9,56.9,54.9,50.1,48.3,45.7,43.8,38.3,34.8,32.3,27.5,22.5,21.5,22.1,19.6,20.0,21.0,21.8,22.0,23.2,24.0,25.3,26.1,26.9,27.8,28.8,29.5,30.0
22:40:49.239,90.0,41.1,68.5,71.4,72.7,74.4,70.6,71.3,68.0,66.7,63.9,62.5,58.6,58.8,55.3,52.4,49.7,45.0,44.9,39.1,35.0,29.6,23.7,21.5,21.8,20.1,19.9,20.7,21.6,22.1,23.2,23.8,24.9,25.9,26.9,27.8,28.7,29.8,30.1
22:40:50.239,85.2,40.3,68.0,69.3,69.8,65.7,64.0,64.2,67.0,60.4,55.9,56.9,55.9,53.6,50.2,46.3,43.2,40.7,39.5,35.2,32.4,27.6,22.6,21.2,22.7,19.4,20.0,20.6,21.3,22.3,22.9,24.1,25.2,26.0,26.8,27.6,28.7,29.6,29.9
22:40:51.239,87.8,40.8,69.0,72.1,69.7,67.2,62.6,66.0,67.7,65.8,63.9,59.2,57.0,55.4,51.5,50.7,45.7,40.6,37.7,36.9,32.7,28.5,22.1,21.0,22.6,19.9,20.1,20.3,21.3,22.6,23.4,24.2,25.0,25.8,27.0,27.7,28.4,29.6,30.1
22:40:52.239,89.0,41.2,69.5,78.9,77.0,75.5,71.6,69.5,67.9,65.0,62.3,59.5,59.1,58.5,55.2,51.8,49.2,43.3,38.9,37.8,32.9,28.4,23.5,21.2,21.9,19.5,19.8,19.9,21.4,22.1,22.9,23.9,24.9,25.9,26.7,27.7,28.6,29.6,30.0
22:40:53.239,84.7,39.4,67.3,71.4,70.6,71.3,68.0,62.4,64.1,62.1,63.4,62.6,56.5,55.6,50.9,49.3,45.6,40.1,36.6,35.1,32.4,27.6,22.3,21.0,22.2,19.2,19.2,20.4,21.3,22.2,22.9,23.9,25.1,25.9,26.8,27.5,28.6,29.6,30.0
22:40:54.239,87.5,38.9,66.6,65.0,65.2,68.1,70.0,68.8,64.3,62.7,63.7,57.8,55.0,53.7,51.8,47.4,45.3,42.4,37.3,36.3,32.7,28.1,23.3,21.7,22.1,19.0,19.9,20.4,21.1,21.6,23.0,23.9,24.9,25.8,26.8,27.7,28.7,29.6,30.0
22:40:55.239,84.7,39.8,68.3,68.3,72.4,71.9,70.9,69.1,65.6,65.7,63.9,61.0,58.6,56.8,53.5,48.4,45.9,43.4,38.5,36.2,31.7,26.4,23.1,21.5,22.4,19.5,19.4,20.4,21.8,22.1,22.9,24.0,25.2,26.0,26.8,28.0,28.6,29.8,29.9
22:40:56.239,88.7,40.3,68.6,74.0,73.1,71.3,69.7,66.7,66.0,64.0,64.8,61.7,59.4,56.8,52.2,47.9,44.9,42.9,42.2,37.0,32.3,28.9,22.7,21.1,21.9,19.8,19.6,20.2,21.6,22.1,23.2,23.9,24.8,25.9,26.8,27.6,28.7,29.7,30.0
22:40:57.239,87.1,41.6,70.0,74.5,72.9,70.4,70.2,67.6,64.8,64.8,64.2,62.4,58.8,56.4,51.7,49.5,45.5,43.4,40.8,38.4,32.3,28.7,24.4,22.6,22.1,20.2,19.9,20.7,21.7,21.7,22.9,24.0,25.0,25.9,27.0,27.8,28.8,29.7,29.9
