AMBIENT,58.6,42.1,52.3,39.8,37.1,37.4,44.3,45.3,40.0,39.2,42.3,41.2,42.2,48.2,40.3,45.0,38.2,39.2,35.9,35.7,33.7,27.8,21.2,19.2,20.4,15.0,12.2,26.5,31.8,34.9,34.6,32.7,24.9,11.2,14.2,11.9,11.6,11.8,11.5
22:35:43.239,54.2,34.1,50.4,35.2,30.6,31.4,43.5,45.4,39.7,39.1,42.6,39.8,40.4,45.5,40.7,44.3,38.0,38.8,34.6,35.4,32.8,26.3,20.3,19.5,20.3,14.8,11.8,8.8,10.1,9.5,8.7,8.9,9.4,9.6,10.6,11.1,11.6,11.9,11.4
22:35:44.239,57.3,34.1,50.8,32.8,30.2,34.3,42.0,43.4,38.8,40.5,43.0,40.3,38.7,44.4,39.5,44.9,37.5,37.4,35.3,36.3,33.4,25.4,20.9,19.7,20.6,15.2,11.7,10.2,10.4,9.2,9.0,9.0,9.4,10.0,10.5,11.1,11.6,11.8,11.5
22:35:45.239,58.6,34.8,51.5,40.5,37.6,36.3,48.8,48.1,39.1,39.3,41.2,41.3,40.8,45.8,39.7,46.1,36.4,37.7,35.9,36.5,34.3,26.7,20.5,19.0,20.1,15.4,12.4,10.0,10.8,9.5,9.0,9.3,9.4,9.7,10.6,11.0,11.4,11.8,11.6
22:35:46.239,59.0,36.6,52.1,30.8,35.7,39.7,44.9,45.6,42.3,40.3,44.8,41.3,41.6,46.5,39.9,46.5,37.3,38.1,36.4,36.1,35.0,27.3,22.8,19.8,21.4,15.3,11.8,15.5,23.7,21.7,15.4,11.3,9.5,9.7,10.5,11.0,11.5,11.8,11.4
22:35:47.239,62.7,36.3,51.3,37.3,37.2,38.4,41.8,45.3,40.5,34.7,38.2,42.5,39.6,42.9,40.3,46.8,38.2,35.8,36.8,37.3,34.6,27.6,19.5,19.7,20.5,15.0,11.6,9.9,10.2,10.1,10.2,17.0,9.8,10.2,10.7,11.0,11.5,11.8,11.5
22:35:48.239,62.4,35.3,51.4,41.5,37.9,38.8,48.7,49.7,41.7,40.6,43.5,43.0,40.4,42.5,40.0,45.7,38.8,39.5,35.9,36.9,34.7,27.8,20.9,19.1,20.8,15.1,11.4,9.7,10.2,10.8,9.7,9.5,9.8,10.3,10.7,11.0,11.4,11.8,11.4
22:35:49.239,61.4,36.8,51.9,45.2,40.6,36.2,46.4,47.6,40.7,37.4,41.8,37.7,42.2,47.6,39.2,45.7,39.0,39.2,34.6,37.1,34.1,27.7,20.0,19.1,20.6,15.4,11.2,15.1,21.1,17.0,9.7,9.4,9.4,9.7,10.8,11.1,11.4,11.8,11.5
22:35:50.239,57.0,42.3,53.3,36.4,37.5,36.3,42.0,42.8,40.9,39.1,40.2,39.3,44.2,50.1,42.3,46.3,37.9,39.5,36.4,37.3,34.8,28.9,22.1,19.0,20.0,14.6,13.1,25.2,30.2,29.9,21.4,25.1,21.0,10.3,11.1,12.0,11.8,11.9,11.6
22:35:51.239,61.2,44.6,54.7,36.0,37.5,40.5,46.1,46.8,39.9,40.1,42.5,41.5,43.4,49.5,40.3,45.9,37.8,38.1,35.4,35.7,34.1,28.4,22.7,19.5,20.4,14.5,12.4,30.2,36.0,38.2,38.1,38.5,27.9,12.2,20.2,14.1,12.0,11.8,11.5
22:35:52.239,60.1,48.0,54.6,33.3,33.5,33.4,43.2,44.9,38.0,40.8,42.9,42.7,46.1,52.0,41.1,46.3,39.0,38.0,36.8,36.9,34.3,27.9,22.1,18.2,20.4,14.3,13.4,34.2,38.0,40.9,41.0,39.2,31.2,13.7,18.3,14.1,12.1,11.8,11.6
22:35:53.239,57.4,45.6,53.3,37.9,41.0,38.6,45.5,44.3,40.2,40.9,40.7,40.2,43.9,50.8,43.3,46.3,40.3,40.1,35.1,35.5,33.7,28.0,21.0,18.1,19.9,14.4,11.1,9.5,20.9,30.1,34.0,35.5,27.7,11.9,12.5,11.9,11.6,11.8,11.5
22:35:54.239,55.4,35.6,52.1,34.8,32.6,37.8,41.9,39.7,40.6,40.9,42.9,39.3,41.3,47.6,41.4,46.5,40.0,40.4,37.1,35.5,34.5,29.8,21.3,20.0,21.3,14.5,11.6,10.6,12.8,11.1,9.3,9.5,9.5,10.1,10.7,11.1,11.5,11.9,11.7
22:35:55.239,57.9,35.4,51.5,36.4,37.3,39.5,44.3,45.7,42.6,36.8,38.7,42.0,39.0,43.9,38.6,45.9,40.0,40.7,35.7,35.5,34.8,30.1,21.0,18.9,20.6,14.1,11.3,9.4,10.4,10.3,9.0,9.2,10.3,10.4,10.6,11.3,11.4,11.8,11.4
22:35:56.239,60.5,35.4,52.2,45.0,38.7,37.4,47.5,47.9,39.5,38.7,42.5,38.4,39.3,43.6,42.8,47.0,42.1,38.2,34.6,36.1,34.0,27.1,20.9,19.0,20.7,14.4,10.2,8.9,9.9,9.8,8.8,8.6,9.5,10.1,10.6,11.1,11.5,11.9,11.6
22:35:57.239,61.4,35.2,52.2,49.3,41.4,42.0,46.5,47.0,37.1,37.0,43.0,43.2,41.4,45.0,44.9,42.6,44.9,39.4,33.0,36.0,32.7,28.1,22.5,18.4,19.9,14.0,11.1,9.3,9.3,9.9,9.2,9.8,9.3,9.9,10.6,11.2,11.5,12.0,11.5
22:35:58.239,63.1,37.2,51.2,39.9,40.5,41.7,45.6,46.3,41.8,41.4,42.4,40.5,38.6,43.5,41.8,39.9,45.1,37.8,34.9,35.6,33.2,28.5,20.1,18.6,19.8,13.9,10.1,12.7,21.9,25.8,23.3,10.5,9.6,9.8,10.6,11.2,11.4,11.9,11.5
22:35:59.239,64.9,44.1,51.8,47.9,44.5,42.6,42.9,41.0,38.2,40.7,44.0,40.8,41.4,44.7,42.2,38.9,44.8,37.7,35.9,36.6,35.1,28.6,22.1,19.3,20.0,14.3,11.3,26.0,36.8,36.1,31.2,14.8,10.5,11.3,12.1,12.7,11.6,11.8,11.6
22:36:00.239,69.7,42.0,52.6,45.0,48.6,48.6,46.3,48.0,37.3,41.2,44.0,43.8,41.9,46.1,43.1,39.6,45.2,37.2,33.5,38.0,34.6,29.3,22.2,18.5,20.2,14.9,11.9,27.2,31.7,35.2,36.0,32.9,22.9,10.8,13.7,12.1,11.6,11.8,11.6
22:36:01.239,69.1,47.0,54.1,51.3,46.3,46.1,50.0,51.5,48.8,45.0,42.5,41.5,42.1,46.8,43.7,38.5,44.2,36.5,34.2,36.8,35.5,30.7,22.6,18.7,20.0,15.2,12.7,32.5,36.2,39.5,41.5,38.7,28.7,12.7,19.7,13.8,12.0,11.8,11.7
22:36:02.239,67.8,46.1,54.8,57.3,51.2,46.9,44.9,49.9,44.0,44.8,44.8,43.0,45.7,51.2,40.1,39.6,46.7,38.5,34.6,36.4,35.7,29.9,20.7,18.7,19.9,15.3,12.5,32.3,37.5,40.2,39.2,36.2,25.9,14.0,20.4,13.7,12.1,11.8,11.6
22:36:03.239,66.2,36.2,55.3,54.2,49.7,48.0,46.6,49.0,45.1,46.4,45.9,43.6,45.7,50.8,45.4,40.5,46.8,37.0,34.8,35.8,33.3,29.3,22.1,19.8,21.0,15.5,11.0,11.8,20.5,18.7,11.2,9.2,9.8,10.1,10.8,11.1,11.6,11.9,11.5
22:36:04.239,69.6,36.7,57.6,55.9,58.3,56.4,57.6,57.8,51.5,50.2,45.9,49.1,47.9,52.1,45.6,44.2,48.3,40.1,36.8,35.1,33.1,28.1,21.2,19.0,20.6,14.9,11.9,10.8,11.0,11.4,9.2,9.1,9.6,10.0,10.5,11.2,11.6,11.7,11.7
22:36:05.239,74.2,37.6,61.9,63.4,63.9,58.2,60.6,64.0,57.7,56.3,57.5,52.6,54.0,51.9,49.8,47.7,48.5,40.1,36.7,35.5,32.6,28.2,20.7,19.1,21.0,15.4,11.7,9.6,10.4,9.7,9.3,9.4,9.9,9.9,10.5,11.1,11.5,11.6,11.6
22:36:06.239,77.4,40.0,66.5,66.2,65.7,62.7,64.4,67.3,64.5,61.9,57.1,58.7,57.0,54.6,52.7,50.8,50.1,43.1,39.1,37.9,34.0,26.8,21.7,19.1,20.3,15.4,11.2,10.0,10.1,9.9,9.5,9.5,10.1,10.0,10.7,11.2,11.6,11.8,11.5
22:36:07.239,77.4,41.6,68.9,63.5,67.3,68.9,69.8,70.2,68.2,65.3,61.0,61.9,58.7,56.9,54.1,53.5,49.7,45.3,42.3,37.4,34.5,28.0,21.5,18.9,20.2,15.1,11.3,9.8,10.6,10.3,8.8,9.6,10.2,9.9,10.5,11.1,11.6,11.8,11.6
22:36:08.239,80.6,43.1,70.4,64.6,67.2,69.5,71.5,72.0,66.5,68.1,63.1,61.7,60.9,60.1,58.4,54.8,52.3,47.9,42.4,39.7,34.4,27.8,21.6,19.5,21.5,15.5,11.2,8.4,10.5,10.8,9.5,8.7,9.7,10.0,10.7,11.2,11.5,12.0,11.7
22:36:09.239,80.1,44.0,70.6,66.2,70.9,69.2,67.0,69.6,64.5,64.8,64.8,64.9,63.7,59.7,55.6,55.9,52.6,47.3,43.8,40.7,35.1,28.0,21.0,19.9,21.0,15.8,11.6,11.3,10.8,11.1,9.4,9.6,10.2,10.4,10.8,11.1,11.4,11.7,11.6
22:36:10.239,79.6,45.7,72.4,68.3,67.4,68.1,70.5,75.0,71.2,64.4,67.1,64.0,63.3,60.1,57.8,58.3,55.5,50.2,43.9,40.7,35.8,28.7,22.9,20.4,21.1,16.1,12.9,13.3,25.1,31.9,30.3,35.2,25.8,10.8,11.2,11.3,11.6,11.9,11.4
22:36:11.239,79.8,47.3,71.3,65.6,64.8,65.4,73.9,72.0,65.0,66.7,61.5,64.2,61.0,59.9,57.1,54.9,55.5,49.9,44.9,40.0,35.8,29.4,24.1,20.8,20.7,15.9,12.6,21.0,33.8,40.0,37.8,41.0,33.7,13.1,12.2,12.0,11.9,11.8,11.6
22:36:12.239,80.1,49.3,72.0,66.5,70.5,70.4,66.9,72.5,69.4,63.0,66.3,64.4,64.1,61.0,57.9,58.0,55.3,50.9,45.7,41.9,35.9,29.8,23.6,21.1,21.9,17.7,13.8,32.3,38.2,40.3,40.5,38.8,28.0,14.7,22.8,14.4,11.8,11.9,11.6
22:36:13.239,80.3,48.4,71.3,69.3,72.3,73.7,72.1,71.4,66.2,65.2,65.6,62.9,63.2,59.4,59.1,54.5,53.4,50.1,44.8,41.1,37.6,29.4,23.5,21.1,21.6,17.1,12.8,19.5,33.6,39.4,39.5,39.1,31.6,13.9,16.1,12.7,12.2,11.9,11.6
22:36:14.239,81.0,46.8,72.2,68.5,69.5,70.2,68.8,69.0,69.1,70.7,66.8,64.7,62.2,62.8,60.1,58.8,54.5,52.0,47.6,42.8,37.4,29.6,22.5,21.3,20.8,15.5,11.5,10.2,10.7,10.7,9.4,9.5,10.3,10.3,11.0,11.3,11.8,11.8,11.6
22:36:15.239,81.5,51.4,75.2,70.4,70.2,71.7,69.9,70.2,71.5,71.4,67.6,68.4,68.8,65.9,64.9,63.0,59.9,58.7,53.0,47.6,39.7,31.2,24.7,21.6,21.0,15.7,11.3,9.6,9.7,9.6,9.3,9.6,9.7,10.1,10.7,11.2,11.6,11.7,11.5
22:36:16.239,83.3,54.7,78.8,67.6,69.0,75.6,73.1,68.1,72.1,77.1,71.5,73.6,72.9,70.7,69.9,67.2,64.3,59.0,54.5,49.6,41.5,32.8,27.4,22.2,21.4,16.3,12.2,10.5,11.1,10.6,9.3,10.1,10.2,10.1,10.8,11.1,11.6,11.9,11.6
22:36:17.239,85.3,56.9,81.9,61.1,69.2,72.5,69.4,69.8,76.5,78.8,76.5,78.3,73.9,75.4,72.1,67.8,65.5,63.3,57.5,52.2,45.6,37.0,29.2,24.8,21.7,16.5,13.6,13.1,11.8,11.1,10.4,11.6,10.8,11.7,11.3,11.6,11.7,11.9,11.5
22:36:18.239,85.6,57.6,81.7,70.9,74.5,73.2,70.6,71.0,75.8,75.3,76.3,75.3,71.9,76.5,71.6,70.3,66.7,63.1,57.6,52.2,45.5,36.0,30.8,25.1,23.2,17.1,13.4,10.7,14.7,22.3,21.6,18.2,10.0,10.1,11.0,11.2,11.6,11.8,11.5
22:36:19.239,84.7,57.3,81.1,68.0,66.5,69.9,74.3,71.6,74.8,73.8,74.7,75.7,74.1,75.5,71.2,70.8,67.2,62.1,57.5,51.8,44.8,37.7,29.4,24.8,22.7,17.0,13.2,12.2,16.4,18.8,16.7,13.0,9.5,10.0,10.7,11.2,11.6,11.7,11.4
22:36:20.239,84.1,56.5,80.2,67.9,69.4,71.9,73.2,69.3,72.0,74.7,75.6,70.8,72.6,74.4,71.6,67.4,64.9,62.4,57.3,51.2,44.9,35.9,29.4,25.0,23.1,18.3,14.0,15.1,20.9,17.2,11.9,12.5,9.8,10.3,10.9,11.1,11.6,11.9,11.5
22:36:21.239,83.5,53.9,77.8,66.7,71.5,75.5,72.4,69.6,72.0,71.2,71.8,72.6,69.0,69.5,67.5,65.4,63.0,60.1,55.5,50.0,43.7,36.1,30.8,25.4,24.3,19.0,14.9,22.2,23.1,11.6,18.1,30.7,28.0,11.2,11.1,11.6,11.6,11.8,11.5
22:36:22.239,84.1,55.7,77.8,70.6,74.0,74.2,75.0,76.5,76.5,75.1,72.7,68.7,67.6,67.3,65.0,66.0,66.5,62.3,57.7,50.9,43.5,34.9,28.8,23.8,23.0,17.3,14.1,28.8,33.7,33.9,34.2,41.2,35.4,13.4,12.4,12.1,12.2,11.8,11.6
22:36:23.239,85.9,55.8,78.0,75.6,77.0,80.4,79.5,73.9,73.3,73.8,73.0,68.8,68.4,68.1,64.8,65.0,65.7,62.9,57.4,50.2,44.6,35.9,29.7,24.2,22.2,17.8,15.3,33.5,37.5,39.0,36.2,37.3,28.0,12.3,17.9,13.1,11.7,11.7,11.5
22:36:24.239,85.3,55.1,78.3,75.6,76.3,75.1,78.0,79.1,74.1,73.3,68.5,68.6,70.0,70.5,67.9,65.3,64.4,60.8,57.6,51.6,45.4,36.5,29.7,25.5,23.6,18.0,15.6,29.2,37.9,40.1,39.7,36.6,28.6,11.7,15.2,12.5,11.8,11.7,11.5
22:36:25.239,89.8,55.9,80.2,79.1,83.1,86.3,82.5,76.5,74.2,77.4,73.0,71.2,69.1,69.9,69.4,64.7,65.6,60.3,61.0,54.8,45.9,38.5,31.4,26.7,24.6,20.1,14.0,12.2,12.6,9.6,8.9,11.0,9.6,10.1,10.7,11.1,11.4,11.9,11.5
22:36:26.239,91.9,59.6,83.0,71.7,81.6,85.6,83.7,82.0,81.5,80.4,75.0,70.4,72.4,70.7,71.4,69.1,71.1,66.1,61.2,59.3,48.3,40.1,33.7,27.7,23.9,19.2,15.1,10.4,10.8,9.5,9.7,9.2,9.8,10.1,10.8,11.1,11.5,11.8,11.6
22:36:27.239,92.2,57.7,83.9,74.6,78.7,81.2,85.0,86.3,81.7,81.9,72.1,68.4,67.2,67.1,67.5,65.3,68.0,64.0,59.9,52.3,45.7,39.3,31.6,25.7,22.7,17.5,13.1,10.4,10.5,10.0,10.9,9.4,9.8,10.3,10.7,11.2,11.6,11.9,11.4
22:36:28.239,93.0,58.7,82.7,81.5,84.8,86.6,85.6,82.2,80.3,74.3,71.2,70.3,72.1,68.5,70.5,67.8,65.4,66.9,64.3,56.1,47.5,38.7,32.2,28.1,23.3,20.3,17.3,11.7,11.6,11.9,9.1,9.1,9.7,10.4,10.7,11.0,11.5,11.9,11.5
22:36:29.239,94.0,60.7,83.3,87.1,82.1,86.9,88.8,82.0,77.2,76.6,75.6,74.2,71.8,70.7,70.3,69.0,70.2,69.5,66.4,59.0,48.7,41.0,33.9,28.3,25.7,19.9,16.3,16.6,27.9,33.3,27.9,20.1,11.1,10.3,10.7,11.0,11.5,11.6,11.5
22:36:30.239,93.1,60.4,82.8,83.4,82.3,84.0,85.9,82.8,79.2,76.0,73.8,75.2,74.1,69.7,70.1,70.2,68.6,66.3,64.9,59.6,51.0,41.3,34.5,27.9,24.2,18.8,13.8,26.8,34.3,36.6,31.9,23.8,12.9,10.5,12.0,12.0,11.6,11.8,11.5
22:36:31.239,94.4,63.0,85.4,82.2,82.5,87.2,90.8,84.0,79.8,74.6,76.1,75.4,73.1,73.3,76.2,72.5,70.7,68.4,65.9,62.2,53.6,42.6,37.0,30.8,25.3,20.3,16.9,32.2,37.4,37.8,37.9,36.3,24.6,12.6,18.4,13.2,11.6,11.7,11.5
22:36:32.239,93.0,64.3,85.3,85.1,81.7,83.7,85.8,82.1,78.2,77.3,76.3,78.6,74.3,74.3,78.5,75.2,72.7,70.5,66.3,63.5,55.0,45.7,38.1,31.6,25.8,21.0,16.3,34.2,36.5,38.9,40.2,38.1,26.6,15.2,20.6,12.9,12.1,11.9,11.5
22:36:33.239,95.0,65.7,88.1,86.4,86.8,87.1,85.7,78.5,82.8,83.0,85.6,77.3,80.6,78.9,77.4,77.9,72.7,69.9,67.6,65.1,57.7,48.6,40.8,35.6,29.8,23.8,17.2,33.8,37.6,40.2,40.2,37.0,27.6,14.1,18.3,15.3,12.0,12.0,11.5
22:36:34.239,97.8,69.8,93.3,83.8,86.6,87.9,83.7,85.7,84.6,83.0,89.6,88.3,85.1,84.4,81.1,78.6,79.6,76.4,71.0,68.9,63.8,55.5,48.3,43.7,39.4,32.1,27.3,23.7,19.5,15.5,10.5,10.0,9.8,10.1,10.7,11.1,11.5,11.9,11.5
22:36:35.239,97.4,66.9,91.6,87.0,87.0,86.1,84.9,88.1,87.2,86.2,86.7,82.4,87.8,79.3,80.2,79.2,72.7,71.4,67.1,66.0,61.2,54.2,46.5,37.9,32.6,23.4,15.9,11.8,11.2,9.9,9.3,9.5,9.9,10.0,10.8,11.2,11.5,11.7,11.5
22:36:36.239,98.8,69.8,93.0,87.0,88.2,87.2,88.4,86.5,83.9,82.6,88.2,85.2,89.6,85.1,79.6,77.0,73.9,76.7,75.1,67.8,62.0,54.1,45.2,39.8,34.4,27.9,20.6,18.0,17.0,15.1,15.4,16.3,10.9,10.4,10.7,11.0,11.7,11.8,11.4
22:36:37.239,98.1,70.5,93.5,83.2,82.6,85.5,90.5,89.2,88.1,86.8,87.3,88.2,89.7,85.9,80.5,78.4,77.0,75.0,76.7,72.9,59.2,50.2,45.2,37.8,33.8,29.3,23.9,17.0,17.6,18.5,18.6,13.5,10.5,10.5,10.8,11.3,11.6,11.8,11.6
22:36:38.239,99.3,70.7,94.1,85.0,85.9,85.8,82.1,89.9,93.1,90.4,86.5,85.2,86.2,85.8,83.3,79.1,76.0,77.4,77.1,70.3,59.4,52.2,46.2,41.1,35.6,27.7,20.3,17.1,23.6,22.9,18.0,14.3,9.8,10.4,11.2,11.2,11.6,11.8,11.5
22:36:39.239,101.9,75.3,98.0,79.8,86.2,91.7,92.2,89.2,91.5,93.6,89.3,88.4,90.9,87.2,83.0,78.6,79.7,79.0,75.1,70.0,59.2,51.6,45.0,41.6,38.2,31.2,24.3,20.2,27.0,34.6,32.3,33.4,26.2,11.2,11.1,11.2,11.5,11.9,11.6
22:36:40.239,103.4,79.7,99.8,87.9,86.3,90.5,91.2,92.7,93.1,89.7,92.6,95.2,93.4,93.5,90.1,86.7,87.9,88.9,86.3,78.3,71.8,64.7,62.3,57.7,52.3,46.8,40.2,39.8,38.1,39.5,37.0,35.3,27.7,12.5,12.8,12.5,11.7,11.8,11.6
22:36:41.239,104.2,73.4,99.3,84.8,88.1,91.9,94.3,98.8,98.7,96.3,91.5,93.3,93.0,93.3,89.2,83.7,79.1,78.1,76.2,71.9,64.9,56.0,51.3,43.9,41.1,34.3,26.4,23.6,18.6,15.2,10.5,10.1,10.2,10.4,10.9,11.5,11.6,11.8,11.6
22:36:42.239,106.0,76.4,101.7,81.7,88.4,92.7,98.9,97.4,96.3,96.7,98.6,97.9,93.7,84.5,83.7,88.4,87.3,81.4,80.0,72.3,65.5,61.8,54.6,50.1,44.7,37.4,29.4,27.9,23.3,15.8,11.2,9.7,9.9,10.3,10.9,11.2,11.6,11.9,11.5
22:36:43.239,105.5,74.6,100.7,85.3,91.8,95.9,97.7,95.4,95.5,96.9,99.3,95.1,92.9,89.1,84.4,81.0,82.0,80.5,76.2,70.0,61.9,57.3,50.6,47.7,41.1,31.7,25.1,20.4,17.1,13.1,10.4,10.2,10.6,10.7,10.9,11.2,11.5,11.8,11.5
22:36:44.239,103.6,72.0,97.8,92.9,93.2,92.7,90.8,91.9,93.4,96.3,90.1,90.2,88.9,88.9,86.1,86.3,81.6,70.2,66.9,63.2,60.7,53.0,45.7,35.8,30.5,24.7,17.5,12.3,10.9,10.5,10.2,10.7,10.1,10.5,11.0,11.1,11.6,11.9,11.6
22:36:45.239,103.7,79.5,99.9,89.6,93.2,90.2,92.3,93.6,88.5,89.2,89.6,92.6,91.4,90.0,90.1,91.8,88.2,84.5,77.0,65.6,57.3,52.6,46.7,40.1,32.3,23.7,16.3,11.4,11.1,10.2,9.3,9.9,10.1,10.2,10.9,11.2,11.6,11.9,11.6
22:36:46.239,104.0,77.9,100.3,90.3,93.1,91.9,93.5,92.4,92.1,96.7,94.3,92.5,91.8,91.9,91.9,90.7,87.2,81.5,71.3,65.8,58.4,54.9,52.9,47.2,36.7,30.9,18.2,15.4,12.0,10.4,9.2,9.2,9.2,10.2,10.7,11.0,11.5,11.8,11.6
22:36:47.239,102.7,72.6,98.1,90.6,92.5,89.6,92.0,89.0,90.7,92.2,95.0,91.3,90.6,89.4,87.8,86.7,80.0,71.4,68.7,65.6,62.8,55.9,51.4,41.9,35.1,26.4,20.3,15.7,13.5,10.9,9.0,9.7,9.6,10.2,11.0,11.4,11.9,12.0,11.5
22:36:48.239,103.1,67.0,95.1,93.4,98.1,97.9,93.9,86.9,90.4,89.8,92.7,86.6,88.2,82.5,80.0,79.3,75.4,70.4,67.0,64.3,54.1,48.7,39.3,35.8,30.7,21.8,14.2,11.7,22.8,30.6,32.6,34.0,27.8,11.1,12.3,11.4,11.7,11.9,11.6
22:36:49.239,100.3,65.1,93.4,89.9,92.1,89.3,88.7,88.5,90.8,89.5,85.9,84.4,84.3,81.2,78.9,77.0,70.1,65.5,61.3,53.9,47.9,41.8,33.8,27.6,23.6,16.0,11.6,17.4,31.6,38.7,37.8,37.1,30.1,12.0,12.2,11.4,11.5,11.9,11.4
22:36:50.239,100.4,65.7,94.0,85.4,88.3,87.5,88.7,90.0,90.4,93.7,90.4,82.5,83.7,83.3,75.5,74.4,75.1,70.5,66.9,59.7,53.4,45.2,35.3,29.3,25.9,17.9,13.2,31.2,36.8,40.1,40.5,39.9,30.2,13.4,20.4,14.8,12.0,11.9,11.6
22:36:51.239,103.1,66.9,94.6,91.2,92.0,91.5,96.9,97.2,92.9,89.7,87.9,86.0,81.9,78.3,84.1,78.2,75.3,72.9,69.4,64.4,62.4,57.4,47.9,38.6,36.0,30.3,20.9,33.6,38.0,41.4,39.8,35.5,27.6,13.8,19.7,13.4,11.9,11.8,11.6
22:36:52.239,102.3,64.1,94.8,91.8,90.6,94.2,92.9,91.7,94.8,91.8,92.3,87.7,84.5,76.0,77.2,76.9,71.8,67.3,65.4,57.8,52.4,46.4,41.3,33.1,31.1,22.9,14.4,10.4,10.9,10.8,12.3,12.8,9.8,10.2,10.9,11.0,11.6,11.8,11.4
22:36:53.239,102.7,66.0,95.8,87.6,87.3,92.0,92.8,97.2,95.0,93.7,90.2,86.5,86.0,86.6,83.4,74.6,69.0,66.4,62.4,61.6,53.7,47.4,38.8,31.7,26.4,17.8,14.9,10.6,13.9,19.4,15.8,12.3,9.8,10.2,10.8,11.3,11.6,11.8,11.6
22:36:54.239,102.0,65.6,94.9,86.6,85.8,91.6,93.4,93.8,93.7,91.4,88.9,86.3,84.9,83.9,80.0,78.8,73.2,68.8,62.1,54.1,50.2,42.6,36.6,33.2,28.1,20.4,13.4,10.2,10.4,9.6,8.8,9.4,9.6,10.1,10.6,11.0,11.5,11.8,11.3
22:36:55.239,101.8,65.0,94.1,87.5,93.9,93.4,90.7,91.4,91.5,91.9,83.2,86.4,85.2,83.6,79.9,78.3,69.3,66.0,59.7,53.7,48.5,43.3,36.9,32.1,26.6,21.4,16.7,11.5,9.3,9.3,9.1,9.0,9.4,9.9,10.9,11.1,11.4,11.7,11.4
22:36:56.239,102.9,66.8,94.0,93.6,93.8,94.0,91.1,93.6,92.3,87.3,87.6,84.4,83.7,84.0,80.7,78.1,75.4,69.4,65.0,59.5,54.6,50.4,43.9,34.7,27.3,19.0,12.9,9.5,13.0,13.1,9.8,9.0,9.5,10.1,11.0,11.4,11.5,11.7,11.5
22:36:57.239,102.8,67.0,95.2,88.1,91.4,91.0,93.3,95.6,92.5,88.8,88.5,89.2,84.9,85.3,82.9,78.3,75.1,69.2,65.8,58.8,54.2,48.5,36.2,32.4,25.0,16.4,12.0,11.4,23.1,35.1,32.4,33.7,24.0,11.0,11.3,11.0,11.5,11.9,11.5
22:36:58.239,102.1,67.8,96.0,90.0,88.7,91.3,90.3,95.0,89.5,90.6,92.0,89.9,88.6,86.1,82.0,78.9,74.6,70.6,67.5,61.2,53.5,47.6,36.2,28.5,23.2,16.7,12.3,22.5,34.6,38.8,36.1,31.9,24.2,11.2,12.2,11.9,11.5,11.7,11.5
22:36:59.239,102.6,66.8,94.9,93.4,98.1,95.5,93.9,93.0,88.6,87.6,90.6,87.7,88.6,86.9,82.5,78.9,74.4,70.8,66.4,58.0,49.2,39.9,32.6,26.3,23.3,16.6,13.1,24.7,37.7,39.7,38.7,29.1,11.5,12.0,17.5,14.2,11.7,11.9,11.7
22:37:00.239,103.1,67.3,95.9,90.3,88.1,90.5,94.0,96.4,93.2,92.3,91.4,90.6,90.4,87.9,83.9,80.0,75.0,72.3,66.5,60.1,55.0,46.6,41.3,35.2,28.4,20.4,14.0,10.2,10.8,10.1,9.3,9.6,9.7,10.2,10.9,11.0,11.5,11.9,11.5
22:37:01.239,102.9,65.5,94.2,94.5,94.9,91.3,90.4,89.8,90.3,92.0,89.9,87.4,86.3,82.7,81.7,76.2,72.4,69.2,63.0,53.1,49.9,44.2,38.6,28.6,25.2,19.6,12.8,10.4,11.8,10.4,9.3,9.2,10.1,10.2,10.9,11.6,11.5,11.7,11.6
22:37:02.239,103.3,62.7,93.5,94.4,96.8,95.5,92.1,91.3,87.9,87.6,90.1,87.3,87.4,82.9,79.6,70.2,67.2,63.4,56.9,52.4,49.3,36.9,31.2,24.1,22.2,16.8,12.8,13.3,23.6,30.7,31.5,33.8,22.1,10.7,11.7,11.7,11.7,11.9,11.8
22:37:03.239,103.9,64.1,94.7,95.2,95.9,90.1,91.9,93.9,92.5,92.4,89.4,87.6,88.2,82.2,80.1,72.9,68.7,64.7,62.5,60.6,50.8,46.4,38.8,30.0,23.6,17.5,13.2,22.0,34.3,38.2,35.3,34.3,27.9,11.8,11.4,11.7,11.8,11.9,11.5
22:37:04.239,102.8,61.5,92.8,91.8,94.2,95.6,95.5,94.0,88.1,85.8,90.0,83.4,82.4,78.0,77.2,73.0,67.2,63.4,56.5,55.9,48.1,40.3,34.7,26.0,22.0,16.7,12.5,17.3,29.8,33.6,33.7,34.1,22.5,11.9,14.4,12.8,11.7,11.7,11.4
22:37:05.239,101.3,61.0,92.1,90.9,93.4,96.0,92.6,91.9,90.6,88.2,85.7,86.5,84.7,79.4,72.5,73.0,69.2,65.3,62.6,58.4,50.1,42.7,32.4,24.8,22.5,16.2,12.2,10.8,11.6,11.4,9.7,10.6,10.7,11.2,11.5,11.7,11.6,12.1,11.6
22:37:06.239,103.7,62.7,94.1,94.2,98.1,98.6,90.7,93.0,88.7,93.6,87.7,87.0,85.1,83.1,75.5,74.7,68.9,64.9,59.1,56.6,47.6,44.4,40.1,30.0,23.9,16.8,11.8,10.5,12.6,12.3,10.6,10.7,11.0,11.2,11.5,11.6,11.7,11.9,11.5
22:37:07.239,102.4,62.2,93.2,85.7,92.9,93.1,90.3,91.5,93.7,89.1,86.0,86.6,81.8,80.2,74.0,72.7,70.1,63.4,61.7,56.4,49.5,40.5,29.7,25.8,22.6,16.3,12.0,10.1,10.3,10.8,9.8,10.0,10.9,10.9,11.5,11.4,11.6,11.8,11.6
22:37:08.239,102.0,64.6,94.0,91.5,92.4,92.0,86.7,89.4,92.8,92.6,85.3,89.9,81.3,83.1,78.4,76.9,73.9,68.8,61.2,54.9,49.4,41.7,33.0,28.4,22.8,16.7,12.4,10.4,11.2,10.8,9.7,10.0,10.7,11.3,11.6,11.4,11.4,11.9,11.6
22:37:09.239,103.2,64.8,94.0,88.8,95.4,97.5,95.3,91.5,95.6,91.3,90.2,84.9,84.0,81.8,76.5,76.8,75.6,72.4,68.4,59.2,56.6,48.3,43.7,34.5,30.8,20.6,13.2,11.0,12.2,11.1,11.2,12.8,11.0,11.7,11.5,11.7,11.5,11.9,11.5
22:37:10.239,103.5,60.9,92.9,95.5,94.8,93.1,86.2,88.3,90.7,88.6,86.1,84.8,80.8,74.8,73.0,71.9,66.6,62.9,57.1,50.7,48.9,39.2,34.3,24.6,21.5,15.0,11.2,11.1,16.0,12.2,13.8,13.3,10.4,11.0,11.5,11.6,11.6,11.7,11.5
22:37:11.239,102.0,62.1,92.9,91.8,91.5,94.7,89.5,89.5,89.7,88.6,84.6,85.1,84.4,78.5,75.5,71.9,69.2,65.3,57.2,50.9,45.8,39.0,32.4,26.0,22.8,15.5,12.1,10.0,10.8,10.7,10.3,14.6,10.5,10.7,10.8,11.3,11.7,11.8,11.6
22:37:12.239,101.9,60.9,91.4,91.9,92.0,91.5,93.6,89.7,90.6,87.2,83.1,84.4,83.1,78.7,74.6,74.2,69.7,63.3,58.9,55.1,48.7,39.6,33.2,27.9,21.7,15.5,11.8,10.1,10.3,9.8,8.9,9.2,10.1,10.9,11.1,11.3,11.6,11.8,11.6
22:37:13.239,103.4,62.8,92.7,96.9,96.9,91.1,92.9,90.1,90.7,91.2,88.1,86.5,83.5,79.9,77.5,76.0,72.0,69.1,60.8,54.0,44.8,37.1,32.0,25.7,23.5,15.7,10.9,10.0,11.1,11.5,8.8,9.2,9.8,10.4,10.8,11.3,11.6,11.9,11.5
22:37:14.239,103.0,62.0,92.7,95.5,95.6,93.3,88.8,92.5,91.3,88.4,89.3,87.7,82.4,78.0,74.9,73.5,69.9,66.2,63.3,60.1,54.5,45.8,36.8,30.1,24.8,17.5,12.5,10.6,16.4,17.6,19.7,21.4,11.8,11.7,12.2,11.3,11.6,11.8,11.7
22:37:15.239,101.3,60.0,91.7,90.6,91.0,90.2,91.5,90.9,90.5,88.8,89.1,85.8,80.3,75.7,72.9,70.0,69.1,65.5,58.2,54.2,47.0,40.9,33.7,27.4,22.6,17.1,12.8,13.7,18.8,17.6,12.3,9.8,10.0,10.4,11.0,11.5,11.7,11.8,11.5
22:37:16.239,102.6,59.7,92.4,94.3,94.3,95.1,90.5,91.8,94.2,85.2,85.5,84.0,80.2,77.8,72.0,68.9,68.2,61.6,53.2,51.8,45.1,36.5,31.1,25.9,22.6,15.8,11.8,23.8,28.7,30.4,22.3,16.9,11.7,10.3,11.2,11.4,11.6,11.7,11.6
22:37:17.239,101.3,61.5,91.9,90.0,93.0,93.4,91.7,93.1,90.9,85.6,89.0,82.9,81.5,79.6,77.2,74.3,68.5,65.9,62.2,58.8,52.1,44.1,35.5,31.2,28.8,19.9,12.3,21.2,28.9,32.6,29.6,17.6,10.5,10.2,10.9,11.2,11.6,11.7,11.8
22:37:18.239,100.8,63.2,93.2,89.1,89.9,90.2,88.8,94.0,94.2,90.5,87.8,86.5,81.1,79.9,76.9,75.3,73.2,68.5,60.3,56.9,52.2,47.2,42.7,36.8,27.5,20.1,13.2,11.0,12.7,13.3,20.0,22.7,11.0,10.8,11.8,11.4,11.5,11.8,11.6
22:37:19.239,102.6,64.9,93.4,86.8,90.4,93.7,91.3,93.6,90.3,90.0,90.5,88.7,81.8,79.6,79.5,77.4,73.9,71.2,66.1,61.3,56.2,50.9,45.7,36.6,27.9,22.4,17.3,13.1,13.7,13.4,11.1,10.0,9.7,10.5,11.1,11.2,11.6,11.8,11.5
22:37:20.239,104.2,66.3,93.1,95.3,91.3,92.7,92.5,88.4,87.1,87.2,88.4,88.3,82.5,78.4,78.6,77.3,73.6,69.6,65.1,60.0,52.2,42.9,36.4,30.9,25.1,17.6,14.0,11.1,12.4,12.1,10.2,9.7,9.7,10.5,11.0,11.2,11.6,11.8,11.5
22:37:21.239,103.3,64.7,93.0,91.6,91.6,94.8,94.0,92.1,92.4,90.1,85.1,86.1,81.9,82.3,78.2,74.3,71.3,68.3,64.3,60.6,55.7,49.9,43.2,33.2,26.4,16.6,12.4,10.0,10.3,9.5,8.4,9.0,9.3,9.7,10.6,11.2,11.6,11.8,11.7
22:37:22.239,103.6,64.9,93.0,98.1,94.4,91.5,88.6,90.8,89.4,90.0,86.6,85.7,83.0,79.8,78.8,74.7,71.9,69.3,65.5,62.0,56.5,49.5,41.0,32.1,26.8,17.3,11.6,9.4,9.7,9.5,9.0,9.1,9.4,12.9,13.1,11.2,11.4,11.7,11.6
22:37:23.239,102.9,65.9,93.7,94.7,93.9,89.8,91.7,93.3,91.2,90.6,89.2,85.0,82.3,81.8,82.5,79.6,74.8,68.8,66.4,60.3,52.1,47.6,38.9,36.4,33.7,26.0,13.2,9.1,10.6,11.1,9.0,9.1,9.4,9.9,10.9,11.2,11.8,11.8,11.6
22:37:24.239,101.7,62.7,91.4,90.7,93.6,92.5,91.0,91.2,89.3,87.5,86.0,84.7,81.9,80.3,75.5,72.6,72.3,67.0,63.2,55.9,46.7,40.6,36.8,32.6,26.5,20.3,12.3,12.3,20.4,25.6,29.3,33.7,27.4,11.2,11.4,11.5,11.6,11.8,11.6
22:37:25.239,102.6,62.3,92.4,93.8,91.1,90.7,90.8,88.8,92.6,87.5,88.5,86.6,82.1,79.8,75.2,72.4,68.5,66.6,62.6,58.9,50.7,46.3,41.1,31.6,26.2,17.8,12.2,15.7,29.4,33.9,31.5,32.3,24.8,10.5,11.0,11.3,11.5,11.9,11.6
22:37:26.239,102.2,61.6,91.4,91.7,93.5,93.3,92.4,90.7,88.9,88.3,87.6,84.9,80.6,78.3,74.4,73.1,68.9,65.3,60.9,55.5,49.9,42.2,36.4,29.8,24.5,17.1,12.5,24.7,32.4,34.2,34.3,34.8,23.9,12.2,15.5,13.2,12.3,13.1,12.6
22:37:27.239,103.5,64.7,92.4,92.3,92.9,91.4,91.1,91.0,90.3,89.6,88.8,82.8,83.5,78.4,79.2,76.3,73.7,70.4,65.6,60.7,57.2,51.3,43.9,35.4,27.7,18.3,12.9,32.2,37.0,40.9,41.3,38.6,27.6,14.3,19.4,14.1,13.2,12.7,13.2
22:37:28.239,101.5,63.8,91.5,89.2,81.7,85.1,87.0,86.0,84.1,84.8,83.6,83.0,81.3,74.8,76.0,71.6,70.5,64.3,58.6,51.9,47.0,39.5,31.1,26.2,23.1,15.9,12.7,31.6,33.8,38.4,39.1,36.5,25.9,13.4,18.7,13.4,12.2,12.1,11.8
22:37:29.239,100.3,62.4,90.8,92.3,92.9,91.4,91.8,90.3,88.9,84.5,87.2,83.8,81.8,79.5,77.1,74.5,70.6,64.9,61.1,57.7,50.7,45.8,40.0,31.1,28.2,19.9,13.0,9.7,10.3,9.5,8.4,9.6,9.7,11.0,11.7,11.5,11.8,11.9,11.4
22:37:30.239,103.7,64.5,91.4,93.5,94.0,91.9,89.9,89.3,88.7,86.2,85.9,83.2,82.8,79.6,75.9,75.9,72.4,70.2,65.6,61.4,53.6,43.9,37.7,32.1,26.7,18.5,12.3,9.2,10.5,9.8,9.2,9.5,9.3,10.2,11.8,11.1,11.5,11.8,11.5
22:37:31.239,99.2,61.5,89.8,85.4,87.4,88.7,87.6,88.9,90.3,87.5,85.0,79.4,80.4,77.4,76.7,74.7,71.5,65.7,61.1,54.5,52.6,46.0,38.1,34.7,30.2,20.1,12.6,10.4,10.4,9.7,8.3,9.4,9.5,10.4,11.1,11.1,11.5,11.8,11.6
22:37:32.239,101.6,59.9,87.6,94.2,87.1,89.6,91.2,89.2,84.1,85.0,80.1,77.3,76.1,79.1,76.1,73.2,69.3,63.5,62.3,54.3,46.6,38.2,35.2,31.2,25.4,18.5,12.3,10.3,10.8,9.7,8.7,8.7,9.1,10.2,11.3,11.2,11.3,11.9,11.5
22:37:33.239,101.2,59.6,87.2,91.8,93.6,90.6,87.6,85.5,82.7,82.5,82.1,79.0,75.5,74.6,73.2,70.2,65.6,63.7,60.7,56.7,50.0,40.9,37.8,30.0,22.8,16.6,12.0,10.2,10.0,9.7,8.4,8.6,9.1,9.8,10.6,11.1,11.5,11.8,11.5
22:37:34.239,98.0,57.8,86.8,85.2,88.8,91.4,89.3,88.1,82.0,84.0,80.8,79.9,77.0,71.4,69.6,66.9,63.5,63.1,62.8,55.9,51.7,44.4,34.9,27.2,23.0,15.4,10.9,9.9,10.4,11.2,9.5,10.1,9.5,9.9,10.7,11.1,11.5,11.8,11.5
22:37:35.239,101.8,58.9,89.2,94.7,91.6,91.3,90.8,91.4,86.1,84.1,83.4,81.8,78.1,73.7,72.6,68.2,66.4,63.9,62.0,56.6,51.3,45.5,39.7,32.9,25.0,18.6,12.2,13.6,25.8,33.0,32.2,17.9,11.2,10.3,10.9,11.4,11.7,12.0,11.4
22:37:36.239,99.7,57.2,88.0,87.3,90.3,90.8,91.5,90.4,85.5,83.2,82.6,81.8,78.6,75.2,71.6,69.8,66.5,59.9,53.2,49.1,45.5,36.9,29.3,26.9,22.9,16.1,12.3,25.8,33.6,37.9,32.4,31.4,21.7,10.8,11.4,11.8,11.8,11.9,11.4
22:37:37.239,100.0,58.9,88.4,92.5,92.4,94.3,85.9,87.8,84.6,84.0,81.6,80.6,77.1,76.6,76.0,70.9,67.1,62.3,54.9,47.7,43.7,35.0,28.8,26.1,23.1,16.2,11.9,26.2,33.0,36.2,34.3,35.7,25.3,11.3,16.3,12.6,12.0,11.8,11.5
22:37:38.239,97.0,60.1,87.5,83.3,83.5,83.8,88.1,86.9,88.3,83.8,83.1,81.3,78.1,78.1,75.5,73.3,69.9,65.9,61.4,54.1,45.9,42.6,39.0,31.1,26.3,19.6,13.7,32.9,37.7,41.0,41.3,39.7,31.2,15.2,20.9,14.1,12.1,11.8,11.5
22:37:39.239,101.6,60.7,89.1,94.2,94.6,91.0,88.7,88.2,89.2,85.9,83.9,82.6,81.5,78.9,75.3,71.7,70.5,64.9,60.9,56.1,53.5,48.4,40.6,38.0,31.1,20.2,13.2,30.3,33.7,36.1,35.1,31.9,25.2,12.5,17.8,12.5,11.8,11.8,11.5
22:37:40.239,99.4,59.2,88.3,87.2,86.7,82.8,84.2,90.1,84.7,85.2,83.5,78.1,78.9,76.8,72.8,69.3,64.9,61.7,57.2,54.9,49.2,40.0,33.7,30.4,25.5,17.3,12.0,20.7,32.3,37.3,40.0,39.0,33.2,13.5,17.3,13.3,12.0,11.9,11.7
22:37:41.239,98.8,58.9,88.2,91.0,87.6,85.4,87.8,89.8,81.2,86.4,84.7,79.2,79.6,75.2,74.2,70.7,68.0,63.9,58.2,49.3,46.5,40.5,36.4,31.2,25.0,17.3,12.0,8.9,9.3,9.8,8.5,9.2,9.6,9.7,10.6,11.3,11.5,11.7,11.6
22:37:42.239,98.8,57.0,86.9,82.6,83.5,86.8,89.4,87.1,85.3,85.0,79.5,78.0,74.7,73.7,73.1,68.0,65.1,60.8,56.1,51.4,44.6,39.5,34.2,27.8,24.2,16.8,11.5,9.3,9.6,9.5,8.2,8.7,9.5,9.8,10.7,11.1,11.4,11.8,11.6
22:37:43.239,97.1,55.3,85.3,81.9,87.4,85.9,87.2,86.8,85.7,83.7,80.0,76.8,76.1,72.2,71.1,67.1,63.1,61.9,57.6,53.1,47.3,39.1,32.0,28.5,26.5,18.8,11.3,9.0,9.6,8.8,8.6,9.1,9.9,10.1,10.8,11.4,11.7,12.0,11.7
22:37:44.239,99.6,55.2,85.7,88.5,87.9,87.7,85.2,83.6,85.1,80.9,81.2,75.2,74.4,70.5,68.1,64.5,62.0,57.7,56.0,54.1,47.3,38.5,35.0,30.7,27.4,18.4,12.1,9.2,9.2,9.3,10.4,9.7,9.4,10.0,10.5,11.3,11.4,11.7,11.5
22:37:45.239,97.6,52.4,85.1,86.3,84.8,85.3,86.1,85.5,84.0,81.4,77.7,77.4,71.7,68.7,62.7,60.9,60.4,56.3,52.0,48.4,44.2,38.5,29.7,24.9,22.5,16.1,10.9,8.9,15.9,26.9,29.4,31.1,22.2,10.4,10.6,11.3,11.5,11.9,11.5
22:37:46.239,99.3,54.3,86.3,91.0,88.1,88.7,86.1,83.8,83.2,82.5,81.4,79.6,74.0,71.6,67.9,64.3,62.0,57.9,54.3,48.7,44.9,37.4,30.4,25.3,23.0,16.5,10.8,17.0,27.2,34.8,32.9,33.3,28.4,11.3,11.2,11.3,11.6,11.7,11.5
22:37:47.239,97.8,54.0,85.4,88.6,90.0,92.5,87.5,84.1,84.8,83.0,80.9,77.7,73.6,70.3,67.9,66.5,58.7,53.4,53.6,49.8,44.4,39.0,32.9,25.7,22.7,16.7,12.2,30.9,37.1,38.9,40.0,38.0,28.9,13.0,17.6,12.8,11.8,11.8,11.7
22:37:48.239,98.6,55.7,85.7,92.2,87.2,84.5,82.6,80.3,82.3,83.8,81.1,79.9,74.6,70.1,69.0,64.6,60.8,56.1,55.2,54.3,50.1,43.8,37.1,32.5,29.1,18.4,13.8,35.3,38.8,41.7,41.9,38.9,30.2,14.8,21.5,12.9,12.1,11.9,11.6
22:37:49.239,97.6,56.4,85.2,88.0,87.8,88.5,86.9,86.1,85.3,82.4,79.1,77.9,74.8,70.9,68.1,64.7,62.4,61.3,59.1,55.1,49.3,43.1,35.8,28.2,24.2,16.5,12.9,33.4,36.3,38.5,37.7,37.5,31.5,14.6,19.5,12.7,11.9,12.0,11.5
22:37:50.239,97.6,56.1,84.7,86.0,88.4,86.9,86.6,82.6,83.2,82.6,76.3,74.3,72.1,69.7,69.7,68.4,64.8,61.2,56.0,53.4,47.9,38.6,32.8,25.7,24.7,16.9,11.2,9.7,9.9,9.0,8.7,9.2,10.1,9.8,11.2,11.1,11.4,11.8,11.6
22:37:51.239,97.5,58.8,85.9,92.1,91.6,85.2,87.2,84.4,86.2,83.4,81.8,79.2,75.0,73.2,72.5,70.7,68.6,65.7,61.9,57.9,48.8,43.3,37.5,30.7,28.0,24.4,15.2,10.0,10.5,9.8,9.3,10.0,10.9,10.3,11.6,11.2,11.6,11.7,11.5
22:37:52.239,98.3,58.4,85.9,88.9,86.9,85.0,85.8,84.7,86.0,83.2,80.0,77.5,70.9,73.2,71.4,68.6,65.2,63.0,60.3,56.2,52.5,46.9,42.2,35.4,29.7,20.1,12.2,10.1,10.2,9.5,8.2,9.4,10.6,9.9,10.9,11.0,11.5,11.7,11.5
22:37:53.239,98.1,58.1,85.8,81.3,89.3,92.7,87.2,83.7,81.9,84.4,83.8,78.1,76.1,73.7,70.7,69.2,66.9,64.8,61.3,58.6,52.4,48.3,44.3,40.1,31.2,24.4,13.3,9.8,10.6,10.0,8.3,9.5,10.3,10.3,10.6,11.1,11.4,11.8,11.5
22:37:54.239,97.8,58.6,86.7,88.3,86.3,86.7,91.1,88.0,81.5,81.9,80.2,78.3,76.3,74.6,72.9,68.3,67.7,64.5,61.4,55.0,48.8,38.2,32.7,32.7,30.8,22.2,15.6,13.9,21.3,21.7,16.9,10.5,10.4,10.1,10.9,11.1,11.4,11.8,11.5
22:37:55.239,97.7,56.8,86.0,88.4,90.6,89.2,86.4,86.0,85.8,83.5,82.2,76.6,73.8,74.5,73.0,70.2,63.4,59.9,57.1,55.0,50.5,43.6,37.9,33.1,27.9,18.1,12.7,23.8,31.1,30.7,22.7,14.3,12.7,10.2,10.7,11.4,11.5,11.8,11.7
22:37:56.239,98.7,59.2,87.1,86.0,89.5,90.2,86.6,87.2,86.4,85.7,81.5,78.9,74.6,73.9,72.7,69.1,65.1,61.9,59.8,59.0,54.7,48.0,42.0,37.6,30.7,22.7,14.5,30.5,34.9,35.3,36.6,37.7,28.9,12.1,16.6,14.3,11.8,11.8,11.6
22:37:57.239,97.5,55.5,83.8,90.1,82.8,82.3,82.2,83.9,81.8,78.3,78.2,73.6,69.8,67.8,65.1,64.9,60.7,59.5,57.1,54.7,50.5,42.7,35.5,30.7,26.5,18.8,14.3,33.0,36.3,38.2,38.0,34.3,25.5,13.1,18.3,12.7,11.9,11.8,11.5
22:37:58.239,97.9,55.8,84.4,87.6,84.3,84.1,85.0,83.4,81.9,82.3,77.6,75.4,72.9,71.1,68.0,67.5,63.6,59.4,56.8,51.1,44.0,38.2,33.6,30.9,27.5,19.1,12.9,30.4,36.0,40.4,38.4,33.2,26.4,13.3,20.5,12.5,12.1,11.9,11.5
22:37:59.239,96.1,56.0,84.1,87.6,87.1,82.7,83.8,80.9,81.4,80.5,80.0,74.5,72.8,71.7,69.9,66.5,63.4,59.3,54.6,51.5,47.9,41.5,35.3,34.1,29.5,21.7,12.6,10.0,10.0,9.5,9.1,10.4,9.7,9.9,10.4,11.0,11.6,11.9,11.4
22:38:00.239,97.0,53.9,83.4,84.5,84.7,84.8,83.5,81.6,79.2,78.9,77.9,76.4,70.0,69.1,66.6,60.8,57.5,54.7,51.8,47.3,40.5,37.7,32.5,25.7,22.9,16.7,11.2,10.0,11.0,9.8,9.5,10.9,10.1,10.0,11.0,11.2,11.3,11.7,11.6
22:38:01.239,97.2,55.6,84.9,88.9,85.5,85.8,84.9,85.7,81.6,79.5,78.6,75.5,73.3,70.6,69.9,67.0,62.4,59.2,52.3,52.6,48.6,39.3,31.1,24.8,23.6,16.9,11.5,9.5,10.6,9.4,9.3,10.2,10.1,10.0,10.6,11.0,11.5,11.9,11.4
22:38:02.239,98.4,55.5,83.9,90.4,83.5,85.1,83.7,78.3,79.5,81.7,80.1,72.0,73.2,72.6,70.5,66.6,63.8,59.1,56.4,49.4,46.3,39.3,35.4,30.5,26.2,17.9,11.3,10.0,11.2,10.4,8.7,9.4,10.5,9.8,10.8,11.2,11.6,11.9,11.6
22:38:03.239,97.4,56.5,84.5,86.9,86.2,86.5,85.5,84.1,81.1,81.6,78.5,75.9,74.2,72.9,69.9,66.4,65.3,62.4,58.4,54.4,50.0,43.8,37.2,33.9,31.4,25.0,15.9,9.8,10.3,9.4,8.7,9.6,11.1,10.1,10.6,11.1,11.5,11.7,11.4
22:38:04.239,96.9,56.3,84.8,90.1,88.9,84.7,83.1,83.4,83.3,80.6,76.5,74.1,72.1,69.9,67.1,64.6,63.7,59.2,56.2,51.4,48.4,41.1,36.7,33.3,27.5,19.8,11.6,10.8,14.0,10.6,8.2,9.6,10.4,9.9,10.5,11.0,11.6,11.7,11.5
22:38:05.239,98.3,55.0,84.7,92.3,91.0,85.7,84.6,84.6,83.2,82.2,78.7,77.4,72.4,70.7,68.4,66.9,63.2,60.6,58.1,50.6,47.7,42.4,37.6,31.1,28.0,21.8,12.5,14.5,19.5,30.0,29.0,32.7,26.1,10.9,11.3,10.9,11.6,11.7,11.5
22:38:06.239,95.1,54.9,84.8,80.2,79.4,85.3,86.8,84.5,85.0,83.4,81.8,78.0,74.2,72.1,70.8,67.9,63.1,59.1,56.3,50.2,45.4,38.1,34.2,30.7,26.4,18.2,12.0,27.3,29.5,34.4,33.3,39.6,32.5,12.5,13.6,12.0,11.7,11.8,11.6
22:38:07.239,96.9,55.2,84.4,88.8,85.0,83.9,82.8,79.2,81.4,77.8,78.2,74.7,74.2,71.6,66.8,63.2,59.8,56.5,52.2,47.8,44.4,38.5,31.2,26.2,24.0,17.5,13.6,34.5,38.8,38.6,39.1,39.4,29.1,12.6,16.9,12.4,11.7,11.8,11.6
22:38:08.239,96.1,55.3,84.5,90.9,88.0,87.1,86.8,85.6,84.4,80.6,77.9,78.1,74.6,72.2,70.6,63.9,62.9,59.2,56.1,52.5,48.1,40.5,36.3,28.3,25.8,17.4,12.8,34.1,37.3,39.7,38.3,35.9,27.0,15.4,20.1,13.1,12.0,12.0,11.5
22:38:09.239,95.5,54.0,83.7,84.2,81.6,84.0,83.1,81.0,86.5,79.7,75.0,75.8,69.4,69.0,68.6,65.3,63.9,59.6,55.0,50.3,45.5,35.7,29.6,27.6,24.6,16.5,11.4,9.3,9.5,10.1,11.1,12.1,11.5,11.3,11.7,11.9,12.0,12.1,11.5
22:38:10.239,97.5,52.5,83.0,90.1,87.6,87.0,85.6,82.5,78.3,76.8,78.5,72.9,69.5,68.3,65.5,60.9,58.3,54.4,50.8,47.0,42.8,37.3,32.6,27.7,23.2,16.2,11.0,9.6,9.8,9.5,8.4,9.2,9.8,9.9,10.8,11.3,11.6,11.8,11.6
22:38:11.239,96.3,54.8,83.1,91.1,87.9,84.0,87.0,84.2,80.5,77.7,76.7,72.7,73.1,71.7,69.6,65.0,63.2,60.2,55.4,53.0,48.9,42.3,36.5,32.8,25.9,19.2,12.1,9.4,10.2,9.2,8.5,9.4,9.6,9.8,10.4,11.2,11.5,11.8,11.4
22:38:12.239,94.7,55.8,82.8,82.3,86.7,84.8,82.9,81.9,79.2,78.1,76.5,74.3,70.7,69.4,68.0,66.7,64.6,62.7,57.7,52.5,46.2,39.8,37.8,32.1,26.8,18.7,12.3,9.8,10.7,9.9,8.6,8.9,10.1,10.2,10.8,11.1,11.5,11.7,11.6
22:38:13.239,94.2,53.7,83.3,85.8,85.5,82.6,85.7,82.1,78.2,79.4,77.2,78.1,75.8,72.0,67.2,61.7,60.8,56.9,51.9,48.3,44.6,40.0,32.5,27.9,25.3,17.1,12.9,10.3,11.9,10.2,8.8,9.1,9.6,10.0,10.9,11.2,11.5,11.9,11.5
22:38:14.239,95.1,56.6,84.6,89.6,87.1,85.3,86.4,83.6,80.4,81.2,80.2,76.8,76.8,75.0,72.9,67.1,64.7,61.9,55.9,51.4,47.0,43.0,37.0,29.6,27.7,19.6,14.4,13.8,20.4,19.7,14.3,9.8,9.5,10.1,10.9,11.3,11.6,11.9,11.7
22:38:15.239,95.8,61.0,85.6,81.2,87.1,86.6,83.4,83.5,81.9,79.6,77.3,75.7,75.9,74.7,72.9,71.1,68.6,64.4,62.2,60.6,55.5,48.0,44.2,38.8,33.9,27.0,18.0,23.7,29.3,29.2,22.0,14.2,11.2,10.0,10.8,11.4,11.6,11.7,11.5
22:38:16.239,97.3,56.3,83.9,86.6,85.9,85.2,84.3,78.5,81.5,81.7,81.0,77.5,75.8,73.6,71.7,67.3,63.7,61.9,58.9,50.5,45.4,37.3,35.8,33.0,29.6,19.0,12.6,27.8,34.1,34.8,33.8,34.7,22.4,10.6,12.7,11.4,11.7,11.9,11.5
22:38:17.239,94.8,53.1,81.8,83.2,84.2,81.2,81.2,82.7,78.6,79.6,79.3,72.3,70.7,66.7,68.2,66.3,62.5,58.8,53.0,48.0,43.4,37.1,29.9,25.0,21.9,15.9,11.4,9.9,10.8,10.3,8.5,8.8,9.5,9.9,10.6,11.3,11.6,11.8,11.5
22:38:18.239,95.9,54.4,82.8,84.0,85.0,85.9,83.0,82.5,81.0,77.6,74.0,71.1,67.6,69.1,68.9,63.6,63.5,57.9,55.2,49.4,46.1,39.3,35.5,32.1,26.8,17.3,11.2,9.9,10.1,10.3,9.0,9.5,9.5,9.9,10.7,11.1,11.5,11.8,11.6
22:38:19.239,96.6,57.1,85.1,89.4,86.4,84.2,80.3,81.9,83.9,79.5,80.4,78.2,71.6,73.5,70.6,67.4,63.9,60.9,55.9,52.8,50.5,46.5,43.2,39.6,34.6,25.0,13.8,21.3,19.2,29.1,33.6,35.6,31.7,13.0,11.8,11.3,11.6,11.7,11.5
22:38:20.239,95.1,57.4,84.5,88.8,86.0,84.8,85.6,81.1,79.3,80.2,80.2,79.5,72.6,72.5,70.8,65.7,64.9,62.0,59.5,54.6,47.2,41.1,36.6,29.5,25.1,18.0,12.6,29.8,32.8,35.9,36.7,37.8,28.2,11.5,13.1,11.7,12.0,11.8,11.4
22:38:21.239,95.5,56.6,84.3,83.4,80.1,81.3,83.1,84.5,82.2,81.2,79.7,79.7,73.3,69.2,66.3,62.7,63.7,61.7,58.7,55.3,52.2,46.8,43.8,40.0,34.3,26.1,16.8,34.8,38.1,39.9,42.3,36.9,31.8,14.3,20.1,14.0,12.0,11.9,11.5
22:38:22.239,95.1,56.4,84.0,84.3,84.0,78.2,78.7,81.7,82.4,78.4,78.3,75.0,73.7,71.3,69.5,67.6,61.1,59.2,54.4,48.7,43.4,37.5,32.1,27.2,23.8,17.2,13.6,34.8,38.2,40.5,40.1,37.9,32.5,16.0,22.9,14.7,12.5,12.0,11.6
22:38:23.239,96.4,58.0,85.4,84.7,88.7,87.5,82.7,82.1,83.1,80.6,80.4,78.4,73.8,73.4,72.1,69.3,65.5,62.6,57.4,55.7,50.5,41.6,35.8,28.7,28.6,19.3,12.8,29.1,36.3,38.9,39.0,36.7,28.1,12.8,19.3,12.9,11.9,11.7,11.6
22:38:24.239,94.0,54.0,82.5,82.4,80.4,77.5,79.5,82.6,79.9,77.6,75.4,73.7,72.6,72.0,67.9,63.7,61.2,56.6,54.0,48.7,45.0,39.2,34.5,28.8,24.6,17.8,13.4,12.7,12.1,10.9,8.5,9.2,10.2,10.1,10.8,11.2,11.5,11.8,11.5
22:38:25.239,94.6,56.0,84.3,88.4,85.4,85.3,81.4,82.7,84.6,82.0,78.1,77.6,75.5,75.4,71.3,66.4,61.9,60.5,58.8,57.1,51.1,44.7,40.7,35.1,29.2,23.0,15.0,12.6,13.4,11.4,8.9,9.1,9.8,10.0,10.6,10.9,11.7,11.8,11.6
22:38:26.239,96.5,54.5,83.7,90.0,86.6,86.4,81.8,81.7,81.8,81.9,79.1,76.4,75.2,71.5,68.4,66.6,63.1,59.0,56.2,51.5,44.3,34.1,28.8,27.1,23.0,16.9,12.2,10.0,10.3,10.2,9.2,9.3,10.0,10.1,10.7,11.0,11.2,11.9,11.6
22:38:27.239,96.1,53.4,83.3,86.0,88.0,86.2,81.4,83.1,80.0,81.4,81.2,75.4,75.1,72.6,69.1,65.4,62.3,59.5,54.4,46.8,42.4,40.8,38.3,35.4,29.0,19.4,13.1,11.5,12.5,11.7,9.3,9.4,10.0,10.1,10.9,11.2,11.7,11.9,11.5
22:38:28.239,94.3,52.2,82.1,81.4,87.9,83.8,75.6,77.4,81.7,81.1,76.8,72.0,70.2,67.2,65.4,62.4,60.7,58.0,49.4,44.8,43.1,35.0,30.4,28.2,26.4,23.5,17.1,15.9,23.0,27.1,20.8,10.1,10.1,10.1,10.9,11.2,11.7,12.0,11.5
22:38:29.239,96.5,54.9,83.3,80.6,82.1,83.1,81.7,78.7,80.2,79.5,76.5,73.6,71.0,70.5,67.0,65.5,61.8,58.8,55.5,49.0,41.7,38.0,32.1,29.1,23.8,17.2,12.1,27.4,32.8,32.0,24.9,23.7,22.7,10.5,11.1,11.7,11.6,11.8,11.6
22:38:30.239,91.9,55.3,81.1,85.0,81.3,79.7,77.5,81.2,77.5,77.3,74.3,73.2,71.2,70.9,67.2,64.8,64.2,59.4,56.3,53.5,45.8,37.2,31.7,26.0,22.6,16.3,11.6,29.1,34.1,35.7,34.7,34.5,25.6,11.4,13.6,12.3,11.7,11.8,11.7
22:38:31.239,95.8,58.2,83.6,84.3,88.4,88.1,85.2,81.3,81.1,80.0,79.0,78.5,75.7,72.8,71.6,69.5,67.4,65.0,62.3,57.0,50.1,42.8,39.1,37.8,33.6,21.4,15.3,35.1,40.4,42.4,43.4,40.6,30.2,14.0,22.4,14.2,12.0,11.9,11.4
22:38:32.239,96.1,55.3,82.3,85.0,86.1,82.0,82.8,84.0,80.0,77.7,75.7,73.8,72.5,70.6,68.5,66.8,63.0,60.7,55.8,52.1,45.9,38.5,33.0,27.1,24.9,20.8,13.8,33.9,36.6,38.6,36.5,35.7,30.2,13.7,18.1,12.7,11.8,11.9,11.6
22:38:33.239,94.7,53.4,82.2,85.1,83.7,83.9,83.6,83.7,77.8,78.3,79.1,75.6,72.2,71.2,67.8,64.6,61.7,57.5,53.9,52.1,47.7,40.9,37.2,31.8,28.1,20.4,12.9,9.2,11.0,18.7,18.9,10.7,9.9,11.0,11.0,11.2,11.6,11.7,11.6
22:38:34.239,96.5,55.0,84.7,86.1,86.2,81.5,84.9,81.3,80.3,80.3,80.4,74.9,72.0,72.3,68.4,64.6,60.5,56.6,52.8,48.1,47.1,39.2,35.7,31.9,25.7,17.6,11.5,8.4,11.7,11.9,9.9,9.6,9.5,10.9,10.6,11.0,11.5,11.7,11.5
22:38:35.239,96.0,53.9,83.2,87.5,82.1,82.5,83.6,81.9,81.6,82.4,81.3,76.6,72.4,71.6,68.1,65.6,60.0,57.1,56.2,51.9,49.2,40.9,32.0,27.9,23.0,16.9,10.9,9.0,10.7,11.7,8.9,9.3,9.2,10.6,10.4,11.0,11.4,11.8,11.5
22:38:36.239,95.5,55.3,85.0,80.0,81.6,87.4,86.2,85.0,83.6,82.2,79.9,75.8,74.8,70.8,66.5,62.7,59.0,60.3,58.7,55.0,50.0,45.0,41.4,36.9,30.3,21.2,12.5,9.2,9.5,9.0,8.4,9.1,9.6,10.3,10.5,11.6,11.7,12.0,11.5
22:38:37.239,93.9,53.0,83.0,82.0,83.8,81.8,82.4,84.0,81.4,79.4,78.6,75.8,72.0,68.0,65.2,60.5,61.0,57.3,53.9,51.1,44.0,37.9,32.7,27.9,24.6,18.0,11.6,12.1,23.7,31.7,31.7,33.4,26.2,11.5,11.4,11.3,11.7,11.8,11.6
22:38:38.239,93.9,54.6,81.9,87.2,83.6,84.5,82.0,79.2,81.0,78.8,73.0,73.2,70.6,68.8,67.1,61.9,61.8,61.7,56.7,52.4,46.2,41.1,36.3,30.6,26.5,18.9,12.6,22.5,28.6,35.1,33.6,35.7,27.7,11.8,12.8,11.8,11.7,12.0,11.7
22:38:39.239,92.2,54.6,80.3,80.5,80.5,80.5,79.0,78.4,80.0,73.4,73.5,70.9,70.2,65.0,67.1,64.6,61.5,58.7,55.0,47.7,41.9,39.6,33.9,30.0,26.4,18.1,13.1,31.3,35.0,35.3,37.4,35.5,28.1,11.9,16.2,12.6,12.1,11.9,11.5
22:38:40.239,94.0,56.4,82.5,84.6,81.1,79.5,79.8,81.3,80.3,78.1,76.0,74.5,72.8,71.0,69.7,68.3,64.2,59.7,56.7,49.4,46.7,41.9,38.2,33.1,29.0,20.4,13.3,33.2,37.8,38.9,38.9,33.4,28.9,12.4,17.3,13.0,12.1,11.8,11.5
22:38:41.239,92.3,53.9,80.2,84.2,82.4,77.0,79.0,76.1,75.5,75.9,75.0,74.6,73.5,70.2,67.1,64.7,60.9,59.1,55.8,52.6,48.6,40.3,33.0,29.8,26.2,18.0,11.5,9.9,10.9,11.7,13.9,18.6,13.8,10.4,10.6,11.3,12.2,11.9,11.6
22:38:42.239,94.6,52.7,80.5,85.1,79.1,82.3,82.9,81.5,75.1,72.1,75.1,75.4,71.1,67.3,67.0,62.7,59.3,57.7,56.1,52.5,48.9,40.3,36.2,31.2,27.0,19.9,12.1,9.8,10.8,13.3,10.5,10.4,10.2,10.2,10.7,11.2,11.6,11.9,11.6
22:38:43.239,91.9,49.0,79.3,78.7,76.5,75.7,75.9,79.8,79.0,74.8,74.2,71.3,65.0,63.0,62.5,58.0,52.8,53.0,49.3,44.9,41.6,37.2,32.2,28.0,24.2,16.7,11.8,9.7,11.5,11.1,8.2,9.3,9.6,10.2,10.7,11.1,11.7,11.8,11.4
22:38:44.239,92.2,47.6,79.2,83.8,82.7,81.0,79.1,79.1,77.6,74.2,72.2,69.3,67.1,65.4,60.1,55.4,52.8,47.4,47.4,44.0,42.1,33.7,29.3,26.1,22.7,15.8,11.2,9.5,10.0,9.4,8.4,8.7,9.4,10.1,10.8,11.2,11.6,11.9,11.7
22:38:45.239,93.1,49.3,80.4,85.7,84.4,83.0,80.8,81.0,77.8,76.5,73.6,70.9,67.3,67.7,63.6,58.7,56.3,50.9,47.8,45.1,41.3,33.7,28.5,24.6,22.7,16.5,12.2,11.4,17.7,19.4,15.6,9.0,9.5,10.4,10.9,11.1,11.5,11.8,11.5
22:38:46.239,92.0,49.3,78.3,82.2,81.4,79.1,80.1,77.8,76.9,73.3,73.5,67.7,67.9,67.0,64.9,59.8,56.2,52.0,48.1,44.8,40.8,34.5,30.1,26.9,22.1,16.9,12.4,21.5,25.3,20.2,11.4,13.2,12.8,10.0,10.6,11.2,11.7,11.7,11.4
22:38:47.239,91.5,52.3,78.3,81.8,80.1,78.0,74.7,76.6,76.9,75.1,73.2,70.2,66.7,67.4,64.3,61.6,59.0,57.1,54.3,51.2,46.2,39.7,33.7,31.8,26.7,18.7,12.1,9.7,10.2,9.0,13.5,24.0,22.2,10.5,11.1,11.3,11.6,11.7,11.4
22:38:48.239,94.1,56.3,80.3,83.8,81.6,78.3,77.5,76.6,76.1,76.4,74.8,71.9,68.9,69.9,66.1,63.9,60.9,59.5,57.8,56.2,53.6,48.0,44.2,40.4,34.0,24.5,14.4,8.9,9.9,9.8,8.1,8.9,9.3,9.9,10.7,11.2,11.5,11.8,11.5
22:38:49.239,90.4,54.3,79.2,79.5,82.2,82.0,81.0,75.5,72.4,72.5,75.1,70.9,70.2,68.6,65.6,63.1,61.9,60.4,55.9,50.9,44.8,34.5,31.3,27.0,23.3,17.2,11.2,10.6,10.1,10.6,9.1,9.9,9.9,10.5,11.1,11.5,11.8,11.9,11.6
22:38:50.239,93.2,56.8,81.3,80.6,79.0,81.0,81.9,76.0,77.0,77.1,73.0,71.3,70.5,70.9,70.5,68.1,64.9,59.7,56.9,55.2,50.8,43.7,39.3,35.2,30.8,21.2,12.5,10.1,10.8,15.9,22.0,23.4,15.5,11.7,11.1,11.3,11.7,11.8,11.6
22:38:51.239,94.2,56.5,81.7,85.7,87.2,86.5,81.1,81.1,79.9,78.1,77.3,74.5,72.4,72.7,71.8,69.1,65.1,62.5,60.2,55.7,49.6,44.4,37.9,33.5,28.9,22.2,15.5,23.5,32.9,32.2,26.5,12.1,10.1,10.5,10.8,11.5,11.6,11.9,11.5
22:38:52.239,95.0,53.9,81.7,84.5,79.9,79.8,77.9,80.0,75.7,77.3,77.7,70.5,71.8,70.1,61.6,60.9,60.1,57.1,54.6,50.1,43.2,34.6,29.7,27.2,25.7,17.7,11.6,28.5,34.7,37.9,34.5,27.7,15.1,10.4,12.4,11.9,11.5,11.8,11.6
22:38:53.239,93.4,53.0,80.7,79.9,79.3,83.2,80.7,79.8,80.7,81.0,75.7,71.0,73.0,65.9,63.1,62.3,62.2,56.8,52.0,49.5,47.9,42.1,39.1,35.4,28.1,18.9,13.8,34.1,40.5,41.5,42.9,41.7,31.6,13.1,17.2,15.0,12.2,11.7,11.6
22:38:54.239,92.8,51.1,79.7,82.4,76.5,78.7,77.9,81.3,78.0,75.2,74.8,71.6,65.3,61.9,60.8,60.1,56.3,56.2,51.3,48.9,45.9,39.1,34.4,28.6,22.9,17.0,11.8,28.5,35.9,36.8,36.4,34.5,23.3,12.5,16.3,12.5,12.0,11.9,11.6
22:38:55.239,91.5,46.9,78.3,77.6,79.9,82.8,79.4,79.3,79.5,72.0,74.7,67.5,64.9,63.3,58.3,57.2,53.4,51.8,50.4,43.4,38.9,33.1,28.1,23.3,21.7,15.4,10.5,9.1,9.8,9.5,8.6,9.4,10.1,10.2,10.8,11.3,11.6,11.8,11.6
22:38:56.239,92.6,46.7,76.8,84.4,80.9,82.9,79.3,78.2,76.0,71.6,71.9,67.8,66.2,63.5,62.0,56.7,54.6,53.0,48.1,44.4,38.7,32.4,28.3,25.2,23.0,17.5,11.0,9.2,9.5,9.1,8.1,9.0,10.2,10.4,10.8,11.3,11.5,11.7,11.3
22:38:57.239,91.0,48.1,78.1,82.7,80.0,80.6,80.6,78.3,77.2,75.0,73.0,71.3,66.6,64.6,63.0,59.1,55.1,52.6,49.4,44.0,41.8,34.5,28.8,28.9,24.3,15.8,10.6,10.4,9.9,9.1,8.8,9.6,10.4,10.3,11.0,11.4,11.8,11.9,11.5
22:38:58.239,93.4,50.8,79.0,85.5,80.9,79.2,77.9,78.6,76.3,74.8,72.2,70.0,69.4,66.6,64.9,60.3,59.0,55.8,53.3,48.3,42.4,35.9,33.3,30.6,25.7,19.2,14.1,12.0,10.7,9.3,8.9,9.3,10.0,10.4,11.0,11.1,11.5,11.7,11.5
22:38:59.239,91.2,50.4,78.9,82.6,82.2,84.7,81.8,79.0,77.2,77.9,73.0,72.0,70.3,67.0,65.0,59.3,57.7,55.5,54.3,51.3,45.5,35.6,32.6,27.4,23.7,15.3,12.1,12.3,23.3,29.8,31.8,30.9,24.1,10.8,11.4,11.4,11.6,11.9,11.5
22:39:00.239,93.4,50.8,80.5,82.6,79.8,82.6,81.2,82.2,78.3,76.8,76.3,72.8,70.9,68.3,65.3,59.9,56.4,55.7,52.6,46.5,42.4,37.9,35.2,31.2,25.2,18.1,11.6,16.9,30.4,34.6,33.4,33.7,25.5,11.6,13.0,11.8,11.5,11.8,11.4
22:39:01.239,91.8,50.4,79.9,83.2,82.6,82.0,79.7,81.1,79.2,75.1,72.5,74.0,68.7,66.8,61.7,54.9,54.4,51.8,46.2,43.7,40.2,33.5,28.9,26.2,22.2,15.8,12.4,32.6,37.5,40.9,41.2,39.6,28.8,13.4,17.9,16.2,12.3,12.0,11.7
22:39:02.239,94.4,53.7,82.8,88.0,88.6,85.1,83.9,83.4,81.1,80.7,79.2,77.5,73.1,71.5,68.2,63.4,54.5,56.9,52.6,49.1,44.6,37.7,30.8,27.6,24.6,16.3,14.1,35.4,40.0,43.7,43.1,38.5,30.7,15.6,23.8,14.5,12.5,12.0,11.4
22:39:03.239,95.6,54.4,83.2,80.7,77.1,82.0,83.6,83.0,82.3,79.5,79.5,74.3,73.2,70.7,69.3,66.7,61.7,56.4,51.2,51.8,46.3,40.1,36.0,31.0,24.2,16.3,11.9,10.2,19.7,26.5,29.9,31.0,19.2,10.3,11.2,11.2,11.4,11.7,11.5
22:39:04.239,95.6,55.8,82.9,83.9,81.0,80.9,82.5,79.2,76.8,79.2,78.2,75.2,71.1,72.4,67.9,67.0,64.1,60.2,54.4,50.6,47.3,40.2,35.1,31.8,28.1,20.3,12.4,9.1,9.7,9.3,7.9,8.7,9.4,10.1,10.5,11.2,11.5,11.8,11.5
22:39:05.239,95.1,55.7,82.8,82.3,82.3,78.7,80.4,82.7,80.6,77.0,79.2,77.3,71.0,70.4,68.2,66.0,62.4,58.9,56.8,54.6,50.1,43.1,36.8,35.8,31.0,22.6,12.7,9.5,9.6,9.5,8.8,9.4,9.6,10.1,10.5,11.2,11.5,11.8,11.6
22:39:06.239,94.1,54.1,80.9,87.9,81.5,75.1,78.1,77.2,79.0,78.9,77.7,75.1,72.4,68.0,67.2,63.6,60.5,58.6,57.4,56.0,52.4,45.9,39.4,33.9,26.6,18.9,11.2,8.9,9.7,9.4,8.8,8.9,9.5,9.8,10.8,11.0,11.6,11.8,11.4
22:39:07.239,87.5,50.9,78.1,79.7,79.8,77.8,77.7,76.2,75.5,76.4,75.4,69.5,68.3,66.5,63.1,60.8,58.5,58.3,53.3,48.4,41.9,36.0,32.9,28.9,22.9,16.4,11.4,13.2,20.5,22.6,15.2,10.4,9.9,10.0,10.7,11.0,11.6,11.8,11.4
22:39:08.239,91.3,52.3,78.7,82.7,77.4,78.2,75.3,78.6,76.3,75.8,72.8,71.9,69.2,66.9,62.5,61.2,59.3,58.0,52.0,46.5,44.0,38.2,33.4,28.4,22.7,15.5,11.8,25.8,29.8,27.7,19.2,23.4,20.6,10.4,10.9,12.3,11.5,11.7,11.6
22:39:09.239,93.3,50.8,78.3,79.7,83.0,81.3,78.8,75.0,77.1,71.9,71.7,71.6,67.0,64.7,63.7,61.3,57.6,52.9,49.5,47.9,45.0,36.3,27.4,24.7,22.4,16.8,13.3,31.6,38.0,39.6,39.2,35.3,26.9,11.4,14.2,12.6,11.7,11.8,11.5
22:39:10.239,94.4,51.6,80.2,77.7,79.2,81.2,80.3,78.3,76.4,75.6,72.2,68.2,68.7,66.9,64.7,62.5,56.8,52.1,47.4,43.3,39.9,31.6,28.3,25.6,22.9,16.0,12.7,31.8,35.3,38.3,38.6,35.3,27.5,12.0,18.0,13.4,11.9,12.1,11.6
22:39:11.239,93.2,51.2,80.0,83.5,78.3,79.2,81.3,80.1,78.6,74.2,74.2,72.4,68.5,68.9,65.8,59.0,52.3,52.2,48.5,44.4,41.5,35.6,30.0,26.4,23.2,17.0,13.9,34.6,36.9,39.1,39.4,37.0,29.1,13.5,17.6,13.5,11.9,11.9,11.3
22:39:12.239,91.8,46.4,77.2,81.2,81.9,80.4,77.3,76.8,77.8,72.9,70.4,68.5,65.0,63.6,60.6,56.1,49.7,48.5,48.3,40.6,41.2,34.3,28.6,25.5,22.5,15.6,10.6,8.5,9.2,9.4,8.5,10.3,10.7,10.6,11.2,11.4,11.7,12.0,11.5
22:39:13.239,93.6,49.7,80.1,85.8,80.1,81.8,80.4,79.8,79.0,73.8,71.4,72.7,72.0,68.1,65.3,59.8,54.2,52.8,49.8,44.6,41.1,33.3,30.0,26.4,22.8,15.8,11.6,9.5,9.9,9.3,9.4,9.9,11.2,11.2,11.6,11.8,11.8,11.9,11.6
22:39:14.239,92.5,49.4,79.0,87.0,82.3,77.8,77.8,76.0,74.6,74.8,75.2,70.5,68.2,66.8,63.6,60.4,53.7,50.0,49.9,46.6,38.4,34.8,28.9,24.5,21.6,15.6,11.7,8.9,9.7,9.9,9.6,10.8,11.5,11.4,11.6,11.4,11.5,11.8,11.5
22:39:15.239,91.7,48.7,79.0,83.6,78.9,77.5,77.7,78.8,75.4,75.0,71.5,69.9,67.2,64.6,60.1,58.9,55.6,50.7,46.5,44.1,39.5,31.6,26.3,23.3,21.6,15.4,11.6,9.8,10.4,10.4,8.8,10.3,11.1,10.6,10.9,11.3,11.6,11.8,11.6
22:39:16.239,92.6,49.3,78.5,84.4,81.8,79.5,83.3,78.6,75.0,76.1,73.7,70.5,69.4,67.3,63.2,62.1,59.4,52.3,50.4,47.5,41.9,34.1,28.5,25.6,21.9,16.5,11.5,10.0,11.2,11.0,9.9,11.4,11.8,10.9,11.2,11.3,11.6,11.7,11.5
22:39:17.239,93.0,49.2,76.8,81.5,80.3,81.1,77.6,74.2,71.5,71.0,68.0,65.7,65.3,64.8,61.5,58.9,56.5,50.8,49.5,46.4,43.5,35.8,30.5,24.2,21.3,16.3,11.7,9.9,10.1,9.8,8.8,9.5,10.2,10.5,10.9,11.4,11.5,11.7,11.4
22:39:18.239,92.5,51.5,78.8,79.2,81.2,82.1,79.3,78.5,77.1,76.3,71.8,70.2,67.9,66.2,64.2,63.5,58.7,57.7,52.8,48.8,44.6,38.0,31.3,26.1,24.2,16.3,12.4,10.1,11.5,10.2,9.2,10.2,10.4,10.4,10.9,11.2,11.4,11.8,11.4
22:39:19.239,92.2,48.3,77.7,78.0,75.1,80.0,81.6,78.6,73.8,75.8,70.8,68.8,66.9,66.1,61.7,60.9,57.9,52.8,52.0,44.4,37.8,32.1,31.8,26.8,21.6,16.9,12.7,10.2,10.3,10.2,9.1,9.4,9.7,10.2,10.6,11.1,11.4,11.6,11.5
22:39:20.239,92.4,51.5,78.9,79.7,77.1,76.1,80.5,77.8,71.3,77.1,72.2,70.2,66.8,66.4,64.7,63.0,60.9,56.4,51.0,44.0,39.2,34.2,33.4,29.1,22.0,16.3,12.0,9.6,10.9,10.0,9.6,10.0,10.6,11.0,11.1,11.2,11.6,11.9,11.7
22:39:21.239,91.0,47.8,77.3,76.1,79.5,79.0,79.4,77.8,74.0,76.0,71.0,67.5,65.0,63.0,61.6,57.6,54.7,52.2,50.3,45.0,41.2,34.1,28.4,22.6,21.9,15.8,10.6,10.6,11.1,10.4,8.9,9.9,10.2,10.8,11.1,11.2,11.8,11.7,11.4
22:39:22.239,92.8,47.5,77.6,84.1,79.0,78.6,79.9,77.8,76.0,75.2,71.5,71.6,64.0,63.0,59.8,58.9,53.6,52.4,48.9,46.3,43.1,35.4,27.6,22.7,20.6,15.6,11.3,10.2,10.9,10.4,9.6,10.4,11.0,11.1,11.3,11.4,11.8,11.9,11.5
22:39:23.239,91.4,48.6,78.1,81.9,80.6,78.5,77.8,75.8,76.4,75.7,74.5,70.8,67.4,63.5,60.0,59.6,55.6,55.4,51.3,45.2,40.5,33.7,29.4,23.2,20.9,14.8,11.2,8.8,10.2,10.8,9.2,10.5,10.9,10.7,10.9,11.4,11.5,11.8,11.6
22:39:24.239,93.1,49.2,79.5,81.2,83.8,80.6,81.4,80.7,77.0,74.8,72.0,73.0,69.8,67.4,62.5,58.3,53.2,54.1,50.6,47.5,41.6,37.0,30.7,27.0,22.8,16.3,10.9,9.2,10.0,9.4,8.6,9.3,10.3,10.6,10.9,11.2,11.8,12.0,11.5
22:39:25.239,92.8,49.8,79.4,84.5,80.1,78.5,79.5,77.1,75.1,76.4,75.4,72.1,69.2,66.1,63.6,58.8,57.2,53.8,48.9,46.8,42.5,37.8,33.6,29.6,25.7,19.6,15.6,12.7,12.0,11.1,9.7,10.8,11.3,11.6,11.6,11.9,12.0,12.1,11.6
22:39:26.239,90.3,47.0,76.9,81.5,77.9,77.2,78.7,73.5,75.4,73.8,73.5,71.2,66.8,64.8,61.0,60.8,56.5,51.7,47.4,41.3,38.3,33.0,27.4,25.6,23.5,16.5,13.3,11.5,11.9,10.9,9.9,11.0,11.8,11.5,11.7,11.8,12.0,11.9,11.6
22:39:27.239,91.6,48.5,76.8,85.0,81.6,76.3,75.8,76.2,73.1,73.4,72.7,68.1,66.0,63.9,61.4,58.6,56.6,53.4,49.0,46.4,43.0,37.7,31.0,25.5,22.3,16.5,12.4,10.0,11.2,10.5,9.4,10.5,11.2,11.4,11.5,11.5,11.7,11.9,11.7
22:39:28.239,91.6,51.5,78.4,76.5,77.6,81.9,83.3,76.4,76.7,75.7,72.4,70.8,69.0,65.2,65.4,62.0,60.6,57.1,53.1,52.2,47.3,39.5,37.9,33.0,25.3,18.8,12.6,9.8,11.0,10.3,9.3,10.0,10.7,10.9,11.1,11.5,11.7,12.1,11.6
22:39:29.239,91.0,51.9,77.7,83.6,80.8,76.9,80.2,73.4,70.6,71.7,72.5,71.2,67.4,64.3,67.0,61.5,59.2,58.9,56.0,51.9,47.9,40.8,31.6,27.3,25.5,20.3,17.7,15.3,13.1,10.7,9.7,10.2,10.5,10.9,11.3,11.5,11.7,11.9,11.6
22:39:30.239,92.0,48.5,76.9,82.3,81.4,78.1,77.4,76.2,70.8,72.1,71.4,70.1,66.8,62.5,60.5,60.2,55.7,53.6,50.9,45.4,38.3,33.3,30.6,27.2,21.4,14.8,10.2,9.3,9.9,9.5,8.6,9.6,10.2,10.0,10.8,11.3,11.6,11.8,11.4
22:39:31.239,89.2,49.6,77.6,80.1,79.6,79.3,75.9,75.4,76.1,72.4,72.7,71.1,68.4,64.9,61.9,59.0,56.1,55.7,52.0,50.1,43.5,37.3,32.9,28.9,24.0,17.3,11.3,9.2,10.3,10.1,8.9,10.2,11.1,10.9,11.2,11.4,11.4,11.7,11.6
22:39:32.239,90.2,50.0,78.4,79.2,81.4,77.6,78.5,74.1,77.1,74.3,73.7,70.5,68.9,66.7,61.8,58.2,57.8,56.1,53.5,45.9,41.0,34.3,29.4,26.9,22.1,14.7,11.4,9.2,10.4,9.6,8.3,9.5,10.1,10.4,10.8,11.1,11.4,11.8,11.5
22:39:33.239,89.7,48.8,77.5,83.7,80.7,76.6,76.6,76.7,72.0,70.4,71.4,70.9,70.9,66.0,62.0,61.8,57.2,52.1,47.1,43.3,38.0,33.1,27.6,24.1,22.1,14.4,11.5,10.0,11.2,10.0,9.0,9.6,11.0,10.7,11.1,11.1,11.7,11.9,11.6
22:39:34.239,90.5,50.2,78.5,80.9,82.2,77.9,76.7,76.9,73.4,74.0,73.6,70.5,67.9,65.0,65.3,60.5,55.7,53.9,47.9,46.1,41.8,37.2,32.4,28.5,24.0,16.9,11.6,10.3,10.5,9.6,8.4,9.3,10.5,10.5,11.0,11.2,11.5,12.0,11.6
22:39:35.239,91.7,48.5,76.9,80.8,78.6,75.9,77.3,72.1,72.3,69.4,70.9,68.5,65.5,63.0,62.7,57.4,52.7,52.2,47.6,44.8,40.5,34.6,30.3,27.0,24.4,17.8,12.5,10.5,11.1,10.5,8.9,9.9,10.9,11.2,11.4,11.6,12.0,11.9,11.5
22:39:36.239,89.0,47.3,76.8,76.2,77.1,78.6,78.9,76.5,72.5,73.2,72.0,67.1,65.9,62.6,59.1,56.0,54.4,51.8,47.7,43.2,38.2,32.1,26.4,23.0,21.5,16.1,12.1,10.7,11.1,10.5,9.4,10.3,11.5,11.5,11.3,11.9,11.8,11.8,11.4
22:39:37.239,88.6,44.4,76.0,82.8,79.6,77.8,77.6,76.7,72.7,72.4,70.6,67.2,63.5,62.1,60.2,54.4,51.2,48.1,39.8,38.8,36.0,28.4,25.6,22.0,21.5,15.3,11.3,10.1,10.8,10.0,8.7,9.7,10.7,11.1,11.2,11.5,11.6,11.7,11.5
22:39:38.239,91.3,46.1,77.3,82.6,80.0,76.0,77.5,74.7,75.8,74.5,72.6,67.6,66.9,64.9,62.7,55.7,51.9,49.4,44.5,42.2,38.6,32.3,28.8,24.0,22.0,16.1,11.4,10.2,10.7,10.1,9.0,10.2,10.9,10.9,10.8,11.2,11.6,11.6,11.5
22:39:39.239,89.3,45.0,75.2,80.5,74.6,77.8,74.2,74.1,73.4,73.6,70.9,69.3,68.5,62.2,58.8,57.2,53.5,47.2,42.6,41.9,38.1,31.2,27.0,23.5,22.4,15.8,12.0,9.9,11.2,10.5,8.8,9.9,10.0,10.5,11.0,11.1,11.5,11.8,11.6
22:39:40.239,87.2,46.0,74.3,76.0,72.3,75.5,78.1,73.5,69.5,69.5,68.4,67.6,63.8,59.7,60.0,58.5,55.2,50.9,45.9,40.5,36.4,29.7,23.9,22.5,22.2,16.9,12.2,11.9,12.5,11.1,9.3,10.2,11.0,10.7,11.1,11.2,11.5,11.7,11.6
22:39:41.239,90.2,45.5,72.8,80.4,78.7,77.1,74.8,73.6,71.0,68.3,65.1,65.8,62.2,63.1,61.1,58.1,54.9,52.2,47.8,43.5,39.6,34.0,27.3,21.4,20.6,16.2,12.7,10.7,11.4,11.3,10.2,11.7,12.1,12.2,11.6,11.8,11.8,11.9,11.6
22:39:42.239,89.2,46.8,74.1,76.6,77.8,74.1,75.1,75.7,68.2,67.2,68.8,66.1,62.5,61.5,59.5,58.8,53.1,51.4,48.3,46.1,39.1,32.9,26.5,22.8,21.5,15.6,11.5,9.5,10.4,10.0,8.8,9.7,10.4,10.4,10.9,11.2,11.5,11.8,11.6
22:39:43.239,85.8,45.2,74.1,77.2,77.6,73.4,74.5,72.0,72.4,70.2,68.2,66.1,63.2,61.1,58.7,55.9,50.4,49.2,46.2,42.3,38.5,34.8,27.8,22.8,20.9,15.1,10.3,9.1,9.8,9.4,8.4,9.9,10.3,10.1,10.7,11.2,11.5,11.7,11.6
22:39:44.239,89.2,43.8,73.9,73.5,74.7,75.0,74.3,68.5,69.6,69.7,67.1,65.4,60.9,58.8,56.3,52.4,47.9,46.5,40.5,39.2,35.7,30.6,23.0,20.1,20.5,14.8,10.9,9.3,9.8,9.7,8.7,10.0,10.6,10.3,10.8,11.2,11.4,11.8,11.3
22:39:45.239,85.8,43.0,72.7,76.5,78.6,76.6,74.4,68.7,68.7,67.1,68.0,66.0,63.5,57.7,58.5,51.8,49.0,48.2,41.6,39.3,35.7,29.5,22.6,19.4,20.7,14.4,11.0,9.9,10.3,10.2,9.1,10.8,11.4,10.8,11.3,11.4,11.6,11.8,11.5
22:39:46.239,87.1,42.9,72.0,77.9,76.3,76.2,74.1,69.4,72.3,67.6,67.3,64.6,62.3,59.0,55.9,53.2,49.7,48.0,42.7,40.7,38.8,33.2,27.3,21.7,20.4,14.6,11.1,9.8,10.3,10.2,9.1,10.0,10.9,10.7,11.1,11.3,11.6,11.8,11.5
22:39:47.239,88.1,45.8,75.5,78.6,78.1,74.2,73.3,74.4,74.4,71.6,69.1,67.1,64.9,63.3,58.8,56.0,52.2,50.1,47.0,41.7,39.4,32.7,27.0,22.6,20.4,15.2,11.4,10.4,10.1,10.2,9.1,10.2,10.9,11.1,11.3,11.8,11.7,12.0,11.7
22:39:48.239,89.9,43.7,73.1,74.9,75.2,72.6,72.2,72.8,71.2,68.4,70.0,62.9,61.8,61.2,56.2,52.9,50.6,46.4,43.9,40.9,36.7,29.6,23.0,22.1,21.3,15.4,11.7,11.0,11.7,11.8,9.9,10.6,11.8,11.7,11.5,11.8,11.8,11.9,11.5
22:39:49.239,87.6,45.9,74.3,77.4,78.4,78.2,76.5,73.8,73.7,72.0,68.8,66.5,65.0,63.7,61.1,57.2,55.8,50.9,47.5,44.1,38.3,30.3,27.6,23.3,21.9,16.0,11.6,10.4,11.5,11.8,9.9,10.9,12.5,12.3,11.8,12.0,11.7,11.9,11.5
22:39:50.239,84.7,43.3,72.3,71.7,71.4,72.4,74.2,66.6,70.5,65.2,66.8,63.2,61.5,59.1,56.6,52.4,48.5,43.6,40.8,38.7,33.9,27.3,24.4,23.0,22.1,16.6,13.2,11.3,11.5,11.4,10.2,11.5,12.8,12.7,12.4,12.2,11.8,11.8,11.6
22:39:51.239,88.3,45.4,74.2,79.6,73.7,73.0,68.7,69.5,66.9,68.4,67.7,66.8,60.9,60.7,59.2,53.7,49.4,47.4,46.3,42.9,37.1,28.5,25.9,23.2,22.5,15.7,13.1,11.3,11.2,11.6,10.4,11.3,13.1,13.0,12.6,12.6,12.0,12.1,11.5
22:39:52.239,85.8,42.3,72.9,76.8,72.7,74.7,75.3,73.0,70.8,68.5,70.0,64.9,63.5,59.2,57.0,52.7,47.9,45.5,42.9,40.6,36.8,28.6,25.7,23.0,21.8,15.6,11.8,11.0,11.4,11.4,10.1,11.4,12.9,12.7,12.3,12.2,11.9,11.9,11.7
22:39:53.239,86.3,42.2,71.0,69.4,73.5,74.1,73.4,67.8,64.9,65.7,64.1,64.3,59.9,59.4,54.7,51.2,47.5,45.6,42.4,39.9,36.7,29.0,23.8,20.6,21.2,19.1,17.5,12.8,12.4,11.1,9.8,10.9,12.4,12.2,12.1,12.0,11.9,12.0,11.6
22:39:54.239,86.2,40.8,70.8,73.8,73.2,70.1,69.4,67.5,66.4,64.7,68.2,64.3,60.0,56.0,55.0,50.5,47.6,47.0,41.6,38.0,34.8,27.3,21.5,21.2,20.0,15.1,11.1,9.6,10.7,10.9,9.7,10.3,11.7,11.7,11.7,11.7,11.7,11.7,11.6
22:39:55.239,86.9,42.1,72.4,76.8,74.0,75.5,75.0,72.9,70.7,71.5,68.0,66.7,61.6,58.6,57.5,54.6,50.3,48.4,41.3,39.0,34.8,28.7,22.7,21.3,20.6,14.9,11.2,9.7,10.0,10.9,10.7,11.5,12.7,11.5,11.6,11.6,11.8,11.8,11.6
22:39:56.239,84.7,41.7,71.9,73.2,77.4,74.3,72.3,72.3,67.0,69.6,67.0,63.4,60.7,56.8,54.6,51.6,48.5,43.8,37.6,37.2,34.3,27.2,22.1,19.8,21.0,15.8,11.8,9.7,10.4,11.0,9.2,10.9,12.0,14.1,24.4,12.4,11.7,11.8,11.6
22:39:57.239,85.0,40.8,71.4,72.6,71.8,70.2,72.6,73.2,69.3,69.0,65.0,63.0,60.8,59.0,56.4,53.6,45.9,44.3,38.0,36.5,32.7,27.7,22.3,19.6,19.8,15.2,10.6,9.1,10.6,11.0,9.1,10.5,11.2,10.8,11.1,11.3,11.6,11.7,11.5
22:39:58.239,84.0,39.9,70.0,73.3,70.7,66.7,70.5,70.1,66.9,64.7,63.0,63.7,56.9,55.7,54.3,49.8,43.7,42.1,39.2,35.2,31.2,27.5,22.0,18.7,21.4,14.9,12.0,10.4,10.8,11.4,9.6,11.2,12.3,11.0,11.1,11.4,11.9,11.7,11.4
22:39:59.239,85.9,41.5,70.9,71.4,69.6,67.1,62.4,71.4,71.9,70.2,65.5,60.6,62.0,55.2,56.7,53.4,49.2,45.6,42.5,39.2,32.5,28.6,23.8,21.1,20.4,15.2,11.4,10.0,10.8,11.3,9.7,11.5,12.1,11.4,11.7,11.6,11.4,11.8,11.4
22:40:00.239,87.4,41.5,69.6,72.3,73.0,70.3,68.0,69.9,67.3,65.0,63.9,62.5,59.7,56.1,55.7,51.6,49.5,47.1,42.9,37.1,33.3,29.3,23.6,22.0,22.3,20.1,16.6,12.4,12.7,11.9,10.2,11.3,12.1,11.3,11.5,12.0,11.8,11.9,11.6
22:40:01.239,83.6,42.0,70.1,73.7,72.4,68.5,68.0,71.2,68.4,66.8,64.0,63.2,58.8,55.5,53.6,52.9,51.2,46.4,42.7,38.9,37.2,28.9,23.5,19.9,20.9,14.9,11.4,9.4,12.4,13.7,10.6,11.8,12.1,11.7,11.6,11.4,11.6,11.9,11.6
22:40:02.239,83.5,40.8,69.8,73.5,70.2,69.0,70.3,68.8,68.5,68.7,62.7,63.5,58.5,56.1,52.8,51.5,49.3,45.8,43.1,39.3,36.4,29.4,23.1,20.4,20.9,14.9,10.7,9.7,12.4,14.7,10.9,10.9,11.3,10.9,11.1,11.4,11.5,11.8,11.4
22:40:03.239,83.3,41.1,68.8,74.3,72.8,68.0,71.0,67.7,65.6,64.7,61.6,60.8,56.8,55.2,53.0,50.6,48.3,45.7,42.8,38.9,34.5,28.1,21.3,19.6,19.7,15.5,10.6,9.4,10.2,10.9,9.5,11.1,11.8,14.4,24.6,12.6,11.7,11.9,11.6
22:40:04.239,85.7,41.2,70.5,68.6,73.1,75.0,69.8,70.0,68.4,67.2,64.5,63.2,59.2,55.8,54.2,51.3,48.1,43.1,42.5,37.6,32.6,28.4,21.7,20.1,20.8,14.6,11.4,9.6,10.6,10.1,9.1,9.9,10.7,21.0,34.5,15.6,11.7,12.2,11.6
22:40:05.239,87.6,42.1,71.9,73.3,74.2,76.5,73.1,72.0,71.3,68.2,64.8,65.7,61.2,58.5,56.6,53.0,49.0,44.0,41.7,37.3,36.8,30.4,22.5,19.6,19.5,14.2,10.7,8.7,9.4,9.5,8.3,9.2,10.4,23.1,31.7,13.1,11.6,11.8,11.5
22:40:06.239,85.4,39.8,69.3,71.0,73.3,73.0,71.3,68.3,69.8,66.7,65.2,62.6,60.1,56.8,54.3,53.6,46.1,43.9,38.8,35.9,32.6,29.9,21.9,18.9,20.0,14.2,10.4,8.9,9.4,10.6,8.5,9.4,11.0,17.8,31.4,14.0,11.7,11.9,11.5
22:40:07.239,84.9,40.6,70.9,76.2,74.2,74.7,71.3,72.1,70.0,66.1,66.7,64.5,62.9,57.0,54.6,52.2,46.4,45.5,43.6,38.7,33.7,28.5,23.7,21.3,20.7,14.6,10.9,9.1,10.1,10.0,8.5,10.0,10.4,13.2,24.1,12.1,11.6,11.9,11.4
22:40:08.239,85.9,39.2,68.4,73.1,72.8,71.2,68.1,67.9,63.4,63.8,62.6,61.8,56.6,52.5,51.6,50.5,44.0,42.3,38.8,37.4,33.5,29.5,21.0,18.9,20.8,14.2,11.0,9.6,10.0,9.8,8.6,9.4,10.3,15.4,28.4,12.9,11.5,11.8,11.4
22:40:09.239,83.3,40.5,69.4,68.7,68.9,68.7,68.9,70.2,65.4,64.5,63.9,61.6,58.5,55.0,54.4,50.7,47.0,43.1,40.3,38.5,33.5,28.2,21.5,18.8,20.3,14.7,12.6,10.5,10.8,10.1,8.8,9.4,9.4,9.9,10.8,11.3,11.7,11.8,11.6
22:40:10.239,84.7,40.6,68.8,68.6,72.3,72.8,68.2,69.3,67.6,64.8,62.3,61.1,58.6,53.7,53.6,51.8,48.1,43.9,39.1,37.4,33.7,27.9,20.9,18.5,20.6,14.8,11.9,10.4,11.1,9.7,8.4,9.1,9.9,10.7,18.6,11.6,11.5,11.9,11.6
22:40:11.239,84.0,40.8,68.9,77.1,70.4,70.6,71.3,70.0,65.4,66.3,62.7,62.4,58.8,55.3,54.3,51.6,48.4,45.5,42.2,39.7,35.6,28.6,21.5,19.5,20.6,15.3,12.3,10.4,10.9,10.1,8.6,9.0,9.6,10.4,13.0,11.3,11.5,12.0,11.6
22:40:12.239,86.0,42.5,71.0,76.0,75.2,73.9,71.9,72.3,69.8,69.1,64.6,64.4,62.7,58.2,55.2,54.5,51.6,47.8,44.1,41.1,37.7,31.4,27.7,23.3,20.3,14.9,11.5,9.7,10.4,10.0,8.8,9.4,9.8,10.2,10.8,11.1,11.6,11.9,11.6
22:40:13.239,82.2,40.5,69.5,68.8,68.3,67.7,68.1,68.0,67.2,63.8,63.3,59.7,55.8,52.5,50.0,47.7,46.6,44.1,39.5,37.1,34.2,28.2,21.1,19.4,20.4,14.5,11.5,9.8,11.7,11.0,9.3,9.4,10.0,10.2,10.8,11.1,11.5,11.8,11.5
22:40:14.239,84.0,41.7,70.5,72.4,72.2,70.9,69.7,67.7,65.4,64.7,60.1,59.4,57.9,55.3,53.2,49.2,46.7,43.8,40.1,38.9,35.1,29.2,22.3,20.1,20.6,15.2,12.2,10.5,13.2,19.4,22.2,21.5,15.8,11.3,12.1,12.1,11.5,11.8,11.6
22:40:15.239,85.1,40.1,68.5,73.9,72.0,70.1,68.6,67.7,67.8,65.7,63.3,61.8,59.6,53.2,54.2,49.9,47.7,44.7,40.7,38.9,35.5,27.3,22.4,20.6,21.1,15.2,11.9,10.7,12.0,16.1,10.6,10.4,10.2,10.5,11.1,11.3,11.7,11.9,11.5
22:40:16.239,84.2,41.3,70.1,73.4,70.0,71.9,68.2,69.6,67.7,67.7,65.7,64.3,61.2,53.2,56.8,52.0,50.0,45.8,41.5,39.0,35.2,29.4,21.6,19.7,20.9,16.6,14.6,12.2,13.1,12.0,9.8,10.2,10.9,10.6,14.5,11.6,11.8,11.9,11.6
22:40:17.239,84.6,40.1,68.7,71.6,70.8,68.1,66.0,68.3,65.4,60.1,61.1,60.7,58.2,51.6,49.7,47.1,46.8,43.6,38.1,39.0,34.6,29.2,22.5,20.5,21.2,16.1,13.1,11.1,11.6,10.7,9.3,10.0,10.3,10.4,10.7,11.3,11.6,11.9,11.6
22:40:18.239,87.5,44.4,71.6,68.9,68.0,72.2,74.2,72.9,65.5,69.5,67.1,65.2,61.1,59.4,58.4,56.2,53.4,50.2,47.1,39.6,35.7,29.3,25.1,20.6,20.7,16.6,14.0,11.8,12.5,14.2,11.4,12.5,11.9,10.7,11.0,11.3,11.7,11.8,11.5
22:40:19.239,84.3,41.9,69.8,72.1,71.4,71.3,70.3,71.7,65.7,65.0,65.5,61.2,56.8,54.9,54.5,52.6,50.3,46.3,41.2,38.8,35.1,28.2,22.1,20.2,21.0,16.2,13.8,12.5,12.3,11.2,10.6,10.4,10.7,10.6,11.0,11.5,11.5,11.8,11.6
22:40:20.239,83.6,43.2,69.6,69.5,69.1,69.4,66.7,65.4,58.5,66.5,64.6,60.6,57.5,56.3,54.4,51.1,49.8,45.0,42.1,40.1,35.0,27.6,21.9,20.5,21.3,16.2,12.9,11.0,11.7,11.8,10.8,11.5,11.3,11.3,11.6,11.7,11.8,11.9,11.5
22:40:21.239,86.2,43.8,71.8,76.9,73.6,72.5,74.5,68.0,67.5,68.2,68.0,65.1,63.2,59.8,57.9,56.1,52.0,48.0,44.3,41.5,34.7,29.2,24.6,21.8,21.8,18.2,16.1,13.0,13.4,13.6,11.6,13.4,12.9,12.1,11.7,11.9,11.7,11.8,11.5
22:40:22.239,82.9,42.8,70.8,72.8,71.1,71.0,67.4,69.3,64.7,62.8,65.9,65.3,60.8,57.9,55.7,53.9,49.2,44.6,42.1,41.0,35.5,30.5,23.6,20.3,21.7,16.3,14.1,13.5,12.3,11.6,9.8,11.1,11.5,11.2,11.2,11.9,11.5,11.8,11.5
22:40:23.239,88.2,42.9,70.7,78.5,74.5,69.1,66.8,68.6,65.8,66.8,65.7,65.0,63.3,57.4,55.7,52.5,50.2,46.9,41.6,41.4,35.9,29.6,23.2,20.5,20.8,15.9,12.7,11.4,14.5,20.6,18.0,22.1,17.8,12.8,12.3,12.0,11.6,11.9,11.4
22:40:24.239,86.0,42.9,71.8,74.3,69.5,68.2,70.6,67.5,64.9,64.2,63.2,62.3,58.4,58.3,55.8,50.6,48.5,45.1,40.6,40.4,35.7,28.2,22.7,20.5,20.9,15.5,12.1,10.8,11.3,11.3,9.8,10.6,11.5,11.8,11.5,11.4,11.7,12.0,11.6
22:40:25.239,85.4,41.0,70.0,77.4,72.3,67.5,71.8,70.0,70.6,68.2,66.2,62.4,62.2,58.6,56.6,52.0,49.6,45.8,41.5,37.3,34.4,29.2,23.1,20.8,20.9,15.2,11.0,10.7,11.2,10.5,9.1,10.8,11.6,11.6,11.5,11.9,11.6,11.9,11.6
22:40:26.239,89.1,41.7,71.8,73.1,75.4,75.4,68.2,68.9,67.3,65.3,64.4,62.6,60.2,57.5,51.9,51.1,49.7,45.5,41.5,38.0,35.0,28.3,23.8,20.9,20.3,15.3,11.6,10.0,11.0,12.0,10.2,12.6,13.0,11.9,11.8,12.0,11.7,11.9,11.5
22:40:27.239,84.8,41.1,70.1,71.2,70.1,69.3,70.3,66.1,67.4,65.0,62.4,60.3,57.3,56.1,50.6,48.7,47.2,43.1,39.8,37.0,33.1,27.7,22.1,19.3,20.4,14.8,11.5,9.4,10.1,10.7,10.0,11.8,11.9,11.3,11.0,11.7,11.7,11.8,11.5
22:40:28.239,84.6,39.9,68.6,76.3,73.5,66.7,70.3,68.4,65.0,64.3,61.7,62.2,58.5,55.7,52.7,50.7,48.5,44.0,40.3,38.0,32.8,26.8,22.2,19.5,20.8,14.8,11.3,10.0,10.1,9.3,9.0,10.8,11.5,11.1,11.2,11.6,11.6,11.9,11.5
22:40:29.239,87.7,43.7,71.3,71.2,71.1,65.1,66.1,70.5,70.7,67.0,64.4,65.2,57.2,57.4,54.5,53.8,51.8,48.5,47.0,42.8,37.4,31.3,25.7,21.1,21.2,14.8,11.3,9.8,11.0,10.4,9.3,10.7,12.0,12.0,11.8,11.9,11.6,11.8,11.5
22:40:30.239,82.3,42.7,70.1,70.1,73.0,72.6,69.6,68.5,67.5,67.2,65.3,63.0,55.1,53.1,53.0,51.7,51.6,46.8,42.7,40.4,36.4,29.9,22.2,19.5,20.5,14.7,11.9,9.7,10.6,10.9,10.3,12.1,12.4,11.5,11.4,12.0,11.8,11.8,11.6
22:40:31.239,87.8,46.2,72.9,76.7,74.8,73.6,69.4,70.3,71.1,66.6,65.5,62.9,59.0,59.2,58.2,55.8,51.4,50.2,48.0,40.8,35.6,29.7,22.6,19.7,20.3,15.1,11.3,9.2,9.8,10.5,8.9,10.3,11.5,11.1,11.1,11.6,11.6,11.9,11.5
22:40:32.239,85.0,44.0,71.3,75.9,73.3,71.7,69.8,68.4,67.1,67.6,66.6,63.7,61.5,60.2,57.4,54.9,51.7,48.2,45.4,38.1,34.1,29.3,24.5,22.6,21.3,16.4,13.0,11.0,10.4,10.1,8.8,9.9,11.4,10.8,10.9,11.7,11.7,11.6,11.5
22:40:33.239,87.0,42.2,70.0,79.3,78.6,74.4,71.9,70.2,65.6,61.0,62.4,63.9,63.2,61.8,57.1,55.5,51.9,46.0,42.5,38.7,34.5,29.8,26.1,23.5,21.6,15.6,12.5,11.1,11.5,12.6,13.8,15.0,11.9,11.0,11.1,11.5,11.5,11.9,11.5
22:40:34.239,87.6,43.6,71.6,75.2,73.6,71.2,72.6,69.9,68.4,67.4,66.0,65.6,64.0,59.5,58.5,54.4,52.2,47.5,44.3,40.3,35.9,30.4,26.9,22.3,20.7,15.7,13.1,10.1,11.1,10.5,9.4,11.9,11.6,10.9,11.4,11.8,11.5,11.7,11.6
22:40:35.239,84.7,41.9,70.7,76.6,73.9,70.7,71.0,68.3,67.2,66.2,65.8,64.8,61.5,58.4,56.6,52.7,48.1,46.1,43.1,37.6,34.7,29.4,22.2,18.7,20.1,14.2,10.7,9.8,10.3,10.1,9.2,11.1,11.4,11.2,11.3,11.9,11.7,11.8,11.5
22:40:36.239,87.6,42.9,72.2,76.6,74.0,72.0,71.6,70.1,68.5,65.5,63.5,63.9,61.3,57.1,53.6,50.4,48.5,44.3,39.8,36.3,32.7,26.7,22.5,19.4,19.9,13.9,9.8,9.2,10.2,9.9,9.4,10.3,11.0,10.9,11.0,11.3,11.7,11.8,11.5
22:40:37.239,86.1,39.1,68.1,75.8,74.6,70.0,69.2,66.6,64.3,64.7,64.7,62.9,59.0,57.4,53.4,51.2,46.8,43.0,37.7,36.3,32.0,26.7,21.3,19.0,20.3,14.1,10.7,9.0,9.3,9.4,8.2,9.6,10.4,10.5,10.8,11.3,11.5,11.9,11.5
22:40:38.239,87.7,42.7,72.2,77.3,76.2,74.1,73.8,70.6,69.8,66.5,65.3,64.2,61.3,57.6,55.6,53.4,50.0,46.8,43.8,40.0,38.1,31.6,26.8,22.4,20.4,14.0,10.5,9.1,10.0,9.6,8.7,10.2,10.7,10.6,11.0,11.5,11.7,11.8,11.5
22:40:39.239,84.7,38.8,69.3,74.5,74.0,70.8,70.6,70.4,67.2,63.5,61.1,60.6,58.0,51.9,47.6,45.5,45.2,44.1,42.4,35.8,31.6,28.1,22.0,19.7,20.7,14.3,11.4,10.3,10.1,10.3,9.9,11.8,11.6,11.1,11.3,11.7,11.6,11.8,11.5
22:40:40.239,85.4,39.5,69.7,69.2,70.2,73.4,72.2,69.3,69.1,66.8,66.0,62.8,58.1,52.6,47.7,45.6,45.6,43.7,42.6,38.5,32.3,28.9,22.1,18.7,21.1,14.9,11.8,10.2,12.3,18.4,16.5,20.5,12.6,10.7,11.1,11.8,11.6,11.7,11.5
22:40:41.239,85.9,39.7,71.3,77.4,75.2,73.9,72.1,72.5,70.8,68.6,66.3,63.6,60.1,53.9,48.2,48.8,48.5,44.8,39.6,37.3,35.7,29.5,24.0,20.9,21.8,15.6,13.1,11.0,12.3,12.0,9.2,11.4,11.0,10.5,10.8,11.8,11.5,11.6,11.6
22:40:42.239,83.2,37.2,67.9,72.8,73.7,69.3,67.5,66.9,66.1,63.5,61.7,60.7,56.6,49.5,45.7,44.5,44.7,40.4,38.6,36.3,33.3,28.4,22.0,19.5,20.2,15.6,13.2,10.6,12.0,11.1,9.4,11.3,10.7,10.4,10.9,12.0,11.6,11.9,11.5
22:40:43.239,83.4,37.2,67.6,69.4,72.8,70.8,70.7,69.2,65.7,61.1,61.0,58.3,53.4,53.8,50.5,44.3,42.8,40.4,37.6,34.1,31.3,27.9,21.8,20.3,22.4,17.9,13.2,13.5,11.9,10.8,10.3,11.3,10.8,10.8,11.1,11.6,11.5,11.9,11.5
22:40:44.239,84.0,37.7,68.7,70.9,67.5,72.2,69.1,67.8,62.5,62.6,62.8,57.7,53.1,53.5,48.0,44.8,42.6,42.9,36.7,35.2,32.5,28.6,22.2,20.0,20.7,15.0,12.3,11.0,11.2,10.5,9.4,10.3,10.6,10.7,11.2,11.6,11.6,12.0,11.5
22:40:45.239,86.2,42.3,70.6,70.3,65.1,63.3,69.2,67.7,66.5,62.9,60.1,59.2,54.4,53.3,49.7,45.7,46.6,44.6,38.0,36.7,33.9,27.4,21.5,19.3,20.4,14.6,12.7,11.1,10.9,10.4,9.3,10.5,11.0,10.7,11.1,11.6,11.6,11.9,11.4
22:40:46.239,80.7,39.4,67.5,61.6,64.8,67.1,67.6,66.8,67.5,60.9,59.4,59.6,54.0,52.9,46.4,46.4,45.8,45.2,38.2,37.2,33.7,27.4,20.8,19.8,20.7,15.4,12.2,11.0,11.9,11.0,8.8,10.0,10.8,10.9,11.0,11.6,11.6,11.9,11.6
22:40:47.239,87.8,43.6,71.3,79.6,79.4,75.1,72.5,72.1,70.2,68.9,68.8,67.5,61.6,60.2,55.8,56.3,54.2,51.7,48.2,41.1,38.1,31.8,25.1,22.4,21.0,15.2,12.2,10.7,11.2,10.1,8.7,9.6,10.1,10.5,10.9,11.4,11.6,11.8,11.5
22:40:48.239,85.3,39.8,68.7,68.5,67.1,67.8,69.7,70.6,65.9,61.7,63.0,57.8,56.8,54.9,50.0,48.2,45.5,43.5,38.2,34.7,32.0,27.7,20.8,20.1,20.1,15.9,13.3,10.8,11.8,10.5,9.4,10.1,10.7,11.0,11.2,11.7,11.5,11.8,11.6
22:40:49.239,83.5,40.0,68.3,70.7,72.4,74.2,70.3,71.1,67.9,66.6,63.7,62.3,58.5,58.7,55.2,52.2,49.6,44.8,44.9,39.0,35.0,29.8,22.6,19.2,20.8,16.7,14.1,11.3,11.8,10.2,9.2,9.9,10.1,10.6,11.3,11.6,11.6,11.8,11.5
22:40:50.239,82.9,38.8,67.8,69.1,69.4,65.4,63.8,64.0,66.9,60.3,55.8,56.8,55.8,53.5,50.2,46.0,43.0,40.5,39.5,35.0,32.2,27.1,21.0,19.3,21.3,14.8,12.0,11.1,11.2,10.2,8.9,9.8,10.6,10.7,11.3,11.5,11.7,11.9,11.6
22:40:51.239,84.3,39.6,68.9,71.6,69.3,66.9,62.6,65.8,67.6,65.6,63.8,59.1,56.9,55.2,51.3,50.6,45.5,40.4,37.7,36.6,32.6,28.9,21.3,19.2,20.7,15.5,12.8,11.1,11.3,10.3,9.5,10.9,10.3,10.3,11.0,11.6,11.5,11.7,11.6
22:40:52.239,86.9,40.0,69.3,78.4,76.6,75.2,71.3,69.4,67.7,64.9,62.2,59.4,58.9,58.4,55.1,51.8,49.1,43.3,38.9,37.5,32.7,29.6,22.6,20.1,20.1,15.0,12.1,10.9,10.4,10.3,9.5,10.4,10.3,10.3,10.8,11.3,11.4,11.9,11.5
22:40:53.239,82.9,37.8,67.1,70.7,70.0,71.0,67.8,62.0,63.9,62.0,63.3,62.4,56.4,55.5,50.7,49.2,45.4,39.9,36.7,34.9,32.4,28.4,21.1,19.2,20.3,14.9,12.0,10.2,11.4,10.8,9.2,10.5,10.6,10.7,10.8,11.5,11.6,11.8,11.6
22:40:54.239,85.0,37.0,66.3,63.9,64.7,67.8,69.7,68.6,64.1,62.5,63.6,57.7,54.9,53.6,51.5,47.2,45.2,42.5,37.3,36.1,32.7,27.8,22.2,20.4,20.5,14.4,11.3,9.7,10.5,9.8,8.5,9.7,10.1,10.5,11.0,11.6,11.6,11.7,11.5
22:40:55.239,83.4,38.3,68.2,67.9,72.2,71.6,70.7,69.0,65.4,65.5,63.7,60.9,58.5,56.6,53.4,48.1,45.7,43.3,38.5,36.1,31.8,27.8,22.2,19.5,20.8,15.0,11.5,9.2,10.3,10.4,9.0,10.0,10.3,10.7,10.8,11.6,11.6,11.8,11.4
22:40:56.239,85.3,39.0,68.4,73.5,72.8,71.1,69.5,66.5,65.8,63.9,64.7,61.6,59.2,56.7,52.0,47.7,44.8,42.6,42.1,37.1,32.0,28.9,21.1,19.7,21.0,15.4,12.2,9.4,11.1,10.5,9.2,10.0,10.2,10.8,11.3,11.9,11.8,11.8,11.6
22:40:57.239,85.2,40.6,69.8,73.8,72.6,70.1,70.0,67.4,64.7,64.7,64.1,62.3,58.7,56.2,51.6,49.3,45.4,43.1,40.7,38.2,32.4,28.7,22.8,20.3,20.5,16.0,12.5,10.0,10.7,10.5,9.1,10.4,10.5,10.4,11.0,11.5,11.6,11.9,11.6
