AMBIENT,75.0,40.1,56.4,46.9,44.2,41.1,45.2,42.0,42.0,40.8,42.2,46.6,47.2,54.1,48.4,45.5,43.1,41.4,39.2,34.7,32.4,30.9,28.8,27.9,31.3,26.0,23.3,22.9,22.9,22.8,23.5,24.3,25.1,26.0,26.8,27.7,28.6,29.5,29.9
22:35:25.158,73.7,42.9,57.7,37.6,36.6,37.2,46.0,45.5,42.4,43.0,42.0,48.8,45.2,51.7,48.8,49.5,43.6,45.0,45.4,39.0,40.1,35.9,30.9,29.1,32.4,26.7,23.8,23.5,22.9,22.7,23.4,24.1,25.0,26.2,26.8,27.8,28.5,29.5,29.9
22:35:26.158,67.7,42.0,56.2,35.4,37.8,41.2,46.7,42.5,42.9,40.4,42.2,47.1,44.7,49.4,50.9,46.3,42.7,43.2,45.3,41.1,37.0,33.8,30.5,28.4,31.9,26.5,23.2,22.5,22.8,22.6,23.1,24.2,24.9,25.8,27.0,27.7,28.5,29.5,29.9
22:35:27.158,72.6,39.9,54.2,33.5,35.6,39.3,45.5,41.6,38.3,39.7,40.2,47.0,44.3,48.0,44.3,44.7,41.8,42.4,40.1,33.5,34.2,31.8,28.6,28.3,31.9,26.2,23.2,22.6,22.9,22.8,23.5,24.4,25.1,25.8,26.8,27.7,28.6,29.5,29.8
22:35:28.158,80.3,39.5,56.5,37.0,37.6,37.5,42.3,44.4,40.7,40.5,43.9,46.9,47.4,55.3,47.0,43.9,41.8,41.9,37.6,32.6,31.6,30.9,29.5,28.4,30.6,25.8,23.6,22.8,23.1,23.2,23.5,24.3,25.3,26.1,26.6,27.5,28.7,29.4,29.9
22:35:29.158,78.7,39.5,57.0,38.9,40.2,40.1,45.9,43.7,38.8,38.8,39.5,45.0,47.2,55.6,51.2,44.7,41.7,42.0,38.3,33.6,30.8,31.1,28.2,28.1,29.8,25.4,21.5,22.0,22.3,22.5,23.6,24.1,25.0,26.1,26.7,27.6,28.6,29.4,29.8
22:35:30.158,79.9,39.6,57.8,41.3,38.6,37.9,41.6,40.1,38.5,41.3,45.9,46.2,48.6,56.9,47.1,43.2,42.7,41.3,37.1,34.0,30.2,29.2,28.4,27.9,31.6,26.0,23.3,22.3,23.2,22.5,23.4,24.4,25.1,25.6,26.5,27.6,28.6,29.5,29.8
22:35:31.158,79.1,39.4,57.5,43.4,36.0,40.3,43.8,40.6,40.6,38.4,43.2,45.6,49.3,56.0,48.0,44.2,41.9,40.1,35.7,32.1,29.3,29.2,29.3,27.3,31.4,25.7,23.1,22.8,23.1,23.1,23.3,24.2,25.3,25.9,26.8,27.6,28.6,29.5,30.0
22:35:32.158,68.0,39.1,56.8,43.7,39.5,38.0,43.2,44.1,42.9,37.2,39.3,45.3,47.9,54.5,46.9,43.3,43.6,40.2,34.1,34.6,31.0,28.9,28.6,28.0,30.6,23.8,21.6,22.2,22.3,22.2,23.2,24.0,24.8,25.9,26.9,27.7,28.6,29.6,29.9
22:35:33.158,70.9,39.6,55.6,41.9,42.3,37.6,44.5,41.7,38.3,38.8,39.5,46.0,47.0,53.6,48.5,43.3,41.7,40.1,35.7,33.9,29.2,30.4,29.6,28.7,32.3,27.4,25.7,24.1,23.6,23.1,23.8,24.6,25.2,25.9,26.9,27.8,28.6,29.5,30.0
22:35:34.158,70.7,39.7,54.8,37.5,39.2,41.5,48.5,46.0,43.5,37.6,42.9,44.0,45.8,50.8,47.0,42.8,41.0,40.9,38.4,34.6,31.3,30.1,28.7,29.2,32.5,27.1,22.7,22.4,22.7,23.0,23.6,24.6,25.2,26.0,27.0,27.8,28.6,29.6,29.9
22:35:35.158,67.1,39.2,53.9,36.1,34.5,38.3,45.3,40.4,40.7,41.7,41.5,46.2,45.5,46.0,47.6,44.5,43.2,40.4,37.4,33.9,29.7,29.6,27.6,28.2,31.7,25.9,23.1,22.7,23.0,22.6,23.6,24.3,25.0,26.0,26.7,27.8,28.6,29.5,29.9
22:35:36.158,69.9,38.5,52.8,37.5,37.5,37.2,44.8,43.1,43.3,41.1,42.6,46.6,44.5,46.2,48.8,42.5,40.2,36.6,33.9,33.0,31.7,29.9,28.5,27.4,30.7,24.9,22.7,22.4,22.5,22.6,23.6,24.2,25.0,26.1,27.0,27.8,28.7,29.5,30.0
22:35:37.158,73.3,38.8,53.6,33.9,31.3,35.1,45.6,44.2,41.6,40.3,39.0,44.2,46.2,49.8,47.1,43.2,40.6,39.4,36.7,33.4,30.0,30.3,28.5,27.5,30.1,24.8,22.3,22.2,23.1,23.1,23.6,24.4,25.1,25.8,26.6,27.6,28.6,29.6,29.9
22:35:38.158,73.0,39.1,56.4,38.4,36.3,38.6,41.4,40.5,39.2,39.9,44.2,46.1,47.7,55.3,47.6,42.0,41.0,38.5,34.8,32.7,31.8,30.1,28.8,27.8,30.9,25.5,23.1,22.6,22.8,22.4,23.7,24.3,25.4,25.8,26.9,27.7,28.6,29.7,30.0
22:35:39.158,75.6,39.2,56.0,56.8,47.6,36.5,43.0,40.0,41.5,39.4,41.2,45.2,47.2,54.8,47.1,42.2,42.0,36.9,34.0,32.1,31.2,31.4,29.0,27.8,31.2,26.3,23.2,23.2,23.0,22.9,23.7,24.3,25.0,25.9,26.9,27.7,28.5,29.6,30.0
22:35:40.158,70.5,39.3,57.1,53.5,49.6,42.5,44.5,44.4,42.0,41.3,44.2,47.2,47.6,56.0,47.8,42.4,41.9,39.4,33.0,31.9,31.0,29.0,29.4,28.1,31.2,26.0,23.9,22.7,23.0,23.0,23.9,24.4,25.3,25.9,26.8,27.8,28.4,29.6,30.0
22:35:41.158,73.1,39.2,57.2,52.9,50.0,48.7,50.0,48.2,45.1,39.3,44.5,46.8,48.6,56.1,47.9,41.9,40.4,38.4,34.1,32.7,30.9,29.3,28.7,27.7,31.0,26.0,22.8,22.5,23.2,22.9,23.7,24.4,25.1,25.9,26.7,27.7,28.7,29.6,30.0
22:35:42.158,83.6,39.3,56.5,60.1,56.0,48.7,53.1,50.5,49.0,45.1,38.1,47.1,46.8,54.4,45.4,44.0,42.6,39.5,36.5,32.4,31.0,31.1,28.7,27.7,30.9,26.5,22.9,22.6,23.0,22.9,23.6,24.2,25.1,26.0,26.8,27.9,28.7,29.6,30.0
22:35:43.158,79.7,39.7,55.8,59.5,57.1,53.6,52.9,53.0,48.6,43.8,42.5,45.1,47.6,51.7,48.8,42.7,41.6,41.3,37.2,32.0,31.9,31.4,29.5,28.0,31.2,26.6,23.8,27.2,23.4,22.8,23.9,24.2,25.0,26.4,27.0,27.6,28.7,29.6,30.0
22:35:44.158,75.8,39.3,54.7,55.7,56.7,55.9,50.8,48.3,47.3,45.5,42.5,43.1,45.1,46.5,47.1,44.9,42.0,41.3,37.7,32.8,32.1,30.4,28.4,27.7,30.2,26.0,23.4,22.4,22.6,22.7,23.9,24.1,25.3,26.0,27.0,27.8,28.6,29.6,29.9
22:35:45.158,84.2,39.1,55.3,62.8,57.4,49.1,52.9,50.2,50.0,46.4,42.3,46.0,46.4,41.6,45.2,44.1,42.2,43.1,37.0,33.8,31.0,30.6,28.7,27.6,30.4,25.5,22.8,22.4,22.9,22.8,23.6,24.4,25.3,26.2,26.8,27.9,28.6,29.5,29.9
22:35:46.158,79.6,40.2,59.7,64.1,63.0,60.6,60.5,58.6,58.2,51.5,50.5,52.8,48.9,51.6,49.0,47.9,44.1,43.0,39.3,33.5,30.7,30.2,27.6,26.4,30.2,25.4,26.1,29.2,25.0,23.1,23.9,24.5,26.1,26.5,26.9,27.7,28.6,29.6,30.0
22:35:47.158,82.0,41.6,64.9,67.3,61.6,62.1,62.0,63.8,64.4,59.5,58.4,57.3,56.0,55.3,48.4,49.7,48.6,46.1,42.0,36.1,32.3,30.9,26.6,26.5,30.3,24.5,21.9,22.5,23.0,22.9,24.0,25.5,25.9,27.1,27.7,28.2,29.0,29.6,30.0
22:35:48.158,86.6,43.6,71.4,77.9,76.2,67.9,67.3,73.4,69.9,67.1,58.2,61.9,59.2,59.1,54.7,53.0,51.8,48.9,44.4,39.2,34.9,32.2,28.4,26.8,29.3,23.6,22.1,22.2,22.4,22.6,23.5,24.6,25.6,26.5,27.3,28.1,28.6,29.6,29.8
22:35:49.158,84.0,45.7,73.3,73.0,72.5,73.3,72.0,73.1,70.4,71.0,63.5,65.7,60.9,61.1,58.3,53.8,53.1,50.7,47.3,42.4,37.7,33.9,29.2,27.9,30.4,24.2,21.9,22.2,22.1,23.0,23.9,25.0,25.9,26.9,27.3,28.2,28.9,29.7,29.9
22:35:50.158,85.0,47.4,72.5,68.5,72.3,73.3,72.5,69.5,73.1,68.8,67.2,63.2,62.9,61.8,59.9,59.1,55.2,52.4,49.2,44.0,39.4,34.7,31.6,28.6,29.7,24.2,21.8,22.1,22.3,22.6,23.5,24.5,25.3,26.4,27.0,27.9,28.7,29.4,30.0
22:35:51.158,84.5,48.1,73.7,73.9,71.2,68.6,69.7,70.3,70.3,71.7,67.6,68.2,63.6,64.1,61.3,58.6,55.7,53.0,49.7,45.5,41.0,36.0,33.1,29.3,31.2,24.9,22.1,22.2,22.7,23.0,23.8,24.6,25.5,26.5,27.3,28.1,28.9,29.7,29.9
22:35:52.158,84.2,48.6,74.8,75.9,75.2,72.1,73.9,72.9,74.6,70.0,67.1,64.0,64.2,62.0,60.4,60.1,56.0,53.8,51.2,46.4,41.2,36.3,32.8,28.9,30.2,24.5,21.9,22.1,23.0,23.0,24.0,24.5,25.5,26.0,27.0,27.8,28.6,29.4,29.8
22:35:53.158,84.5,49.3,76.3,72.4,69.2,71.5,78.8,75.9,75.4,75.2,70.4,68.5,67.2,63.3,60.5,59.7,57.4,55.1,51.2,46.2,40.6,36.2,31.9,29.0,30.2,24.4,22.2,22.3,22.4,22.7,23.6,24.5,25.4,26.0,26.8,27.8,28.6,29.5,30.0
22:35:54.158,84.4,50.6,77.4,68.4,73.5,70.6,71.7,75.3,77.8,74.0,72.5,70.7,67.1,62.0,60.0,61.0,57.8,56.9,52.8,48.1,42.5,37.3,33.7,30.0,30.7,25.0,25.3,24.9,22.5,22.5,23.3,24.0,24.8,25.9,26.7,27.7,28.6,29.7,30.1
22:35:55.158,87.3,51.6,79.4,72.5,72.8,73.3,81.1,79.2,73.9,76.2,68.6,71.5,72.4,64.8,61.6,60.9,58.3,57.0,53.6,49.6,43.8,38.0,33.6,30.7,30.8,25.3,21.8,22.1,22.5,22.4,23.5,24.5,25.3,26.2,26.8,27.9,28.6,29.5,29.8
22:35:56.158,88.3,53.0,79.9,75.9,76.7,77.1,78.5,81.9,77.0,77.0,72.8,72.9,70.6,65.9,66.3,64.0,60.4,58.6,57.3,51.6,46.4,40.5,36.0,31.2,31.2,25.7,25.3,28.1,23.4,22.6,23.5,24.6,25.2,26.1,26.9,27.7,28.7,29.6,29.9
22:35:57.158,89.1,53.0,81.4,76.0,77.3,76.5,77.9,81.3,82.1,78.1,69.5,71.5,70.7,66.2,64.3,63.7,59.6,58.3,55.6,51.0,45.4,40.6,35.8,31.8,31.6,25.4,22.4,22.6,22.6,22.5,23.3,24.3,24.9,26.1,26.6,27.8,28.6,29.6,30.0
22:35:58.158,91.8,53.8,84.1,71.6,71.2,80.2,83.3,84.3,82.0,81.6,73.3,71.1,72.2,67.1,65.9,63.2,62.6,59.4,55.8,51.4,47.0,41.9,36.5,32.1,32.2,25.7,22.7,22.1,22.4,22.4,23.5,24.5,25.2,26.2,26.9,27.9,28.7,29.7,29.9
22:35:59.158,91.8,55.7,83.9,76.2,80.1,81.9,86.2,84.7,80.1,78.2,73.9,74.5,73.4,69.4,66.3,65.3,63.1,63.0,58.4,54.1,49.9,45.2,39.5,34.9,32.8,27.0,23.6,22.5,23.0,22.4,23.5,24.2,25.0,25.8,27.0,27.8,28.6,29.6,29.9
22:36:00.158,92.8,58.5,86.0,71.9,76.2,85.1,88.0,85.9,84.3,83.9,79.6,77.7,74.5,74.1,66.9,63.9,64.5,63.4,62.2,58.0,53.2,47.5,43.5,38.7,34.8,28.6,24.9,23.5,24.2,22.9,23.5,24.1,24.9,25.7,26.7,27.8,28.8,29.5,29.9
22:36:01.158,95.8,62.0,89.8,82.4,80.1,82.7,85.8,86.8,84.3,86.4,85.7,83.1,77.5,75.9,73.5,68.3,69.6,67.4,65.9,58.9,57.3,52.9,49.9,45.9,42.0,35.6,30.8,28.3,25.9,23.6,23.9,24.4,25.1,25.9,26.9,27.7,28.7,29.5,29.9
22:36:02.158,93.9,61.3,87.8,75.6,78.8,79.6,82.6,87.1,87.9,84.1,84.3,83.2,77.8,73.8,74.2,70.0,67.3,65.7,65.0,59.9,55.8,51.9,45.8,43.3,38.6,33.2,29.2,26.2,24.8,22.7,23.7,24.0,25.2,26.0,26.7,27.9,28.5,29.4,29.9
22:36:03.158,95.1,60.6,89.1,79.1,80.6,84.1,87.0,82.5,86.5,85.1,87.5,83.0,76.7,73.7,71.5,70.0,66.8,66.1,62.6,58.6,54.0,50.6,45.2,40.8,36.9,31.3,27.0,25.2,24.2,23.4,23.7,24.3,25.0,25.9,26.6,27.7,28.6,29.6,29.9
22:36:04.158,95.4,60.8,88.0,82.7,85.8,86.9,88.6,88.1,87.2,84.7,84.0,82.1,75.4,72.1,71.5,72.1,68.0,66.0,64.6,60.5,53.4,50.0,47.3,42.3,38.1,32.3,29.2,27.4,24.9,23.6,23.8,24.4,25.0,25.7,26.8,27.5,28.7,29.5,29.8
22:36:05.158,97.2,63.6,90.9,80.6,84.9,83.8,87.1,89.1,91.3,88.4,85.8,83.3,87.0,77.4,72.3,75.6,70.5,70.7,65.8,61.8,55.0,54.0,49.4,44.3,40.7,35.8,32.2,29.5,26.1,24.3,23.9,24.6,25.2,26.0,26.7,27.6,28.6,29.4,29.9
22:36:06.158,97.9,64.1,90.5,82.6,86.0,86.8,89.6,92.9,89.2,89.3,82.1,83.6,81.2,77.3,74.5,72.8,71.0,69.7,67.5,62.2,57.4,52.9,49.1,43.5,39.5,33.9,29.6,27.2,24.4,23.4,23.4,24.4,24.9,26.1,27.0,27.6,28.5,29.6,29.9
22:36:07.158,99.7,67.7,93.0,85.3,86.2,89.3,90.0,90.2,92.0,91.4,88.4,82.6,85.5,78.1,80.5,78.6,75.1,74.5,70.0,66.6,61.7,59.3,56.3,53.1,48.4,43.8,40.3,37.3,31.9,28.9,26.4,25.1,25.3,26.2,26.9,27.8,28.5,29.6,29.9
22:36:08.158,102.0,70.3,94.5,88.6,91.7,91.4,90.6,92.4,93.6,91.9,88.1,84.8,81.6,76.9,77.7,78.1,77.3,76.2,73.8,67.1,60.0,57.6,53.2,47.6,44.2,38.5,34.6,32.3,28.4,25.9,24.6,24.7,25.4,25.7,26.8,27.8,28.7,29.6,30.0
22:36:09.158,102.3,77.4,97.3,88.8,93.3,90.0,92.7,94.7,92.6,92.1,92.5,90.1,89.4,84.9,88.0,88.4,84.8,84.4,80.5,75.1,71.7,70.5,66.2,64.5,60.0,56.1,52.2,46.0,43.8,41.4,37.9,33.1,29.8,26.6,27.0,27.8,28.6,29.7,29.9
22:36:10.158,103.3,73.0,96.8,83.7,87.2,92.4,93.6,97.8,94.3,91.1,93.0,87.0,83.6,79.2,82.5,84.3,80.7,79.0,77.5,69.4,63.4,58.3,56.1,54.7,49.8,44.8,37.5,31.8,26.7,24.8,23.5,24.2,24.9,25.8,26.7,27.7,28.7,29.5,30.0
22:36:11.158,103.3,69.0,94.6,90.7,94.1,97.3,96.2,92.9,90.1,93.3,90.5,86.7,83.3,82.3,77.1,80.4,77.3,72.0,71.0,70.4,63.7,59.6,55.2,51.7,48.1,41.6,36.6,33.4,28.7,25.7,24.8,24.7,25.4,26.1,26.8,27.5,28.5,29.6,29.9
22:36:12.158,104.4,69.5,94.8,94.2,94.1,98.7,97.3,95.7,92.4,92.3,90.3,84.5,84.7,80.9,80.9,77.8,75.5,77.8,73.2,67.3,63.5,62.6,56.7,54.1,50.2,45.1,41.6,40.2,36.2,32.3,29.7,27.1,26.4,26.0,26.8,27.8,28.6,29.6,29.9
22:36:13.158,104.5,72.9,96.9,90.4,94.1,93.3,96.3,97.4,95.9,93.6,88.2,86.4,87.7,85.5,82.4,80.0,77.9,81.1,75.0,71.3,66.0,61.8,59.2,57.8,54.7,49.9,46.1,43.0,39.2,35.9,33.4,30.1,28.0,26.1,26.7,27.6,28.4,29.5,29.9
22:36:14.158,105.6,74.2,97.8,88.1,92.3,96.0,98.0,98.4,96.5,91.1,90.7,90.6,89.3,87.4,84.9,80.2,78.5,79.4,80.6,75.9,67.5,64.2,62.4,58.4,56.2,53.2,49.9,47.5,43.0,40.9,38.3,34.5,32.5,27.0,27.0,27.8,28.7,29.5,29.9
22:36:15.158,103.6,72.3,96.7,91.0,87.8,92.1,95.6,93.6,91.4,88.3,88.4,92.0,90.8,85.1,82.5,80.7,78.3,75.8,76.5,73.7,68.2,61.4,57.1,53.8,49.1,43.9,39.3,36.6,31.6,28.1,25.3,25.1,25.3,25.8,26.8,27.8,28.6,29.5,29.9
22:36:16.158,103.9,72.9,96.7,93.1,94.6,94.1,97.4,94.6,93.3,88.1,91.0,88.5,90.9,85.6,86.3,82.4,78.9,79.0,74.8,70.4,67.5,66.4,61.2,54.7,52.1,47.3,43.3,41.4,36.1,31.7,28.6,26.1,25.5,26.1,26.8,27.6,28.4,29.6,29.9
22:36:17.158,105.0,75.8,99.7,96.2,96.0,90.3,94.2,96.4,94.0,93.1,99.1,91.6,91.9,88.2,88.8,87.1,83.9,76.9,76.9,75.1,73.3,69.2,64.2,62.2,58.0,54.6,52.1,50.3,45.9,43.5,39.5,35.9,31.4,26.9,26.9,27.7,28.6,29.7,29.9
22:36:18.158,105.9,78.0,100.1,94.4,92.1,91.4,94.2,96.7,95.7,94.3,97.6,93.1,92.4,88.3,88.4,88.1,88.3,83.7,79.5,74.3,72.0,68.3,61.3,56.5,51.3,46.4,42.9,40.1,35.5,30.8,27.6,25.7,25.1,25.6,26.8,27.7,28.5,29.4,29.9
22:36:19.158,107.7,80.6,102.5,96.1,99.7,99.0,100.1,95.0,95.3,94.2,94.8,96.1,93.5,94.9,87.4,88.2,86.6,83.4,79.1,76.6,73.7,70.3,67.2,61.1,54.4,50.3,47.1,47.3,41.9,34.5,32.7,29.0,26.0,26.0,26.9,27.7,28.7,29.5,30.0
22:36:20.158,109.7,84.8,105.9,92.3,93.4,96.9,101.6,97.5,102.6,101.4,96.8,100.1,98.4,96.9,97.4,94.9,94.9,90.6,82.7,80.3,77.7,75.3,72.5,69.2,65.9,62.4,59.3,56.1,49.3,48.1,43.2,39.1,34.8,28.9,27.6,27.6,28.6,29.7,30.0
22:36:21.158,109.8,86.4,106.7,91.7,93.8,97.3,99.2,98.9,99.3,100.3,100.9,96.4,98.7,98.6,97.3,97.1,93.9,91.2,87.4,81.6,76.4,73.7,73.7,69.4,65.0,59.3,57.6,52.9,47.4,43.5,40.6,38.2,35.4,27.3,26.8,27.6,28.7,29.4,29.8
22:36:22.158,111.4,88.3,107.9,93.0,92.9,99.0,100.1,102.5,103.5,104.2,102.6,99.3,99.4,100.1,99.8,98.5,96.3,92.9,91.5,89.7,86.8,83.2,77.8,75.3,75.4,71.4,63.4,59.4,55.4,56.2,55.1,52.5,53.8,44.0,34.5,29.4,28.5,29.6,30.0
22:36:23.158,110.1,81.4,105.6,97.5,96.2,96.9,96.8,98.2,104.6,100.2,98.1,98.0,97.6,95.6,95.0,93.1,90.7,83.0,82.3,81.2,73.8,70.8,67.9,66.0,59.6,52.4,48.8,45.5,43.1,37.3,32.3,28.9,26.0,26.1,26.6,27.7,28.7,29.5,29.9
22:36:24.158,111.5,86.4,106.7,92.4,97.8,100.6,103.6,102.7,102.6,101.9,98.6,100.1,99.1,98.5,94.4,93.8,93.1,91.6,91.9,85.6,83.8,81.6,78.3,76.8,73.0,65.8,66.4,64.0,59.1,55.3,50.6,48.5,41.8,36.9,28.0,28.0,28.7,29.5,29.8
22:36:25.158,110.3,79.0,104.5,92.1,98.0,100.6,104.9,99.7,101.2,99.5,97.7,99.6,98.0,91.6,90.3,87.4,85.9,83.7,81.6,77.4,75.8,72.6,66.0,62.4,60.7,54.1,50.6,46.9,40.3,35.5,34.7,30.5,27.9,26.0,26.9,27.6,28.6,29.6,29.9
22:36:26.158,110.3,76.5,103.6,93.1,98.0,103.4,105.1,100.6,102.6,100.9,99.5,95.2,91.8,87.4,88.9,85.4,85.1,81.0,78.0,74.5,68.9,64.7,59.3,57.6,53.2,50.3,41.5,39.7,35.1,31.9,28.9,25.5,25.4,26.0,26.8,27.6,28.6,29.6,29.9
22:36:27.158,109.3,79.4,102.4,99.6,99.6,99.4,97.6,99.1,99.7,101.5,97.2,94.2,92.7,91.8,91.4,91.8,86.8,85.0,82.0,79.9,75.4,74.0,68.2,67.3,64.5,62.1,57.2,54.7,47.1,43.2,43.4,38.7,38.3,29.0,27.2,27.6,28.5,29.6,29.8
22:36:28.158,108.6,78.0,101.1,96.8,99.8,98.8,102.9,103.7,96.7,97.2,93.8,89.8,91.0,88.5,89.7,86.4,84.2,83.8,82.3,78.4,74.5,66.1,60.9,58.9,52.8,48.5,46.1,43.8,38.0,32.8,27.2,25.5,25.2,26.1,26.5,27.6,28.5,29.5,29.7
22:36:29.158,107.7,74.3,100.3,94.9,97.7,98.6,99.2,100.7,98.1,98.1,92.6,93.4,93.0,90.5,87.5,85.9,81.8,79.8,75.1,70.2,65.3,59.9,55.0,51.5,46.8,40.3,38.4,34.4,30.2,26.3,24.4,24.8,25.2,26.0,26.8,27.7,28.6,29.5,29.9
22:36:30.158,108.4,77.6,101.6,97.5,98.8,99.6,104.5,98.5,94.0,91.4,97.0,94.1,93.7,90.4,93.2,90.5,87.8,83.3,78.8,74.7,71.1,66.7,58.9,55.8,51.9,47.3,44.4,43.9,37.0,34.0,28.5,26.2,25.6,26.2,26.5,27.5,28.6,29.5,29.9
22:36:31.158,108.6,77.2,100.2,100.8,103.9,102.3,96.4,94.6,96.8,93.9,90.7,90.4,91.2,90.1,88.8,85.4,80.0,80.2,79.6,77.4,73.4,69.7,64.4,59.5,49.5,40.2,35.4,32.1,27.9,25.9,25.0,24.9,25.5,26.2,26.8,27.5,28.5,29.4,29.9
22:36:32.158,106.4,73.5,99.1,97.1,97.3,95.7,96.9,95.7,93.7,94.7,90.6,90.8,88.1,88.3,84.2,78.6,76.9,77.8,74.8,70.6,63.7,60.9,54.0,48.9,40.4,34.0,26.8,25.3,22.9,23.0,23.7,25.2,28.0,26.2,26.8,27.5,28.5,29.6,29.9
22:36:33.158,106.2,71.7,98.6,93.1,96.5,99.5,95.2,92.6,96.3,93.8,92.8,91.4,90.4,86.1,83.7,80.0,78.1,76.2,70.7,66.9,61.8,58.9,57.5,55.1,48.0,41.7,36.9,35.7,27.5,25.0,24.0,24.7,26.0,25.9,26.6,27.7,28.8,29.5,29.9
22:36:34.158,107.5,69.2,98.7,93.6,96.4,96.9,102.8,101.5,94.4,94.6,92.6,88.7,88.6,86.2,83.4,79.8,75.2,76.1,69.4,66.7,63.0,54.8,48.4,44.7,41.9,34.8,29.7,26.7,23.9,23.6,23.9,26.7,31.7,27.4,27.4,27.4,28.5,29.5,30.0
22:36:35.158,107.3,71.7,99.3,94.8,94.7,96.5,101.4,97.8,96.1,96.4,90.7,90.4,90.0,89.2,85.5,79.3,78.7,74.0,72.9,67.6,59.5,50.3,45.8,43.9,37.4,31.5,28.2,25.9,23.7,23.2,24.0,25.4,27.2,35.7,28.4,27.9,28.7,29.6,29.9
22:36:36.158,106.2,72.9,98.3,94.3,95.5,97.6,96.8,94.6,95.8,92.4,90.9,89.1,90.1,83.6,81.4,79.8,77.4,77.0,72.9,68.3,64.4,60.5,57.7,53.5,45.5,40.0,32.8,25.4,23.7,23.4,23.7,24.3,25.2,25.8,26.7,27.5,28.6,29.6,29.9
22:36:37.158,106.3,74.8,99.0,97.2,95.9,95.1,99.2,97.4,94.9,91.3,91.9,91.8,89.4,89.5,86.6,83.4,80.6,79.8,76.8,73.0,69.8,65.9,61.9,59.1,49.7,43.1,37.9,32.9,28.0,23.9,23.9,24.1,25.2,25.7,26.8,27.6,28.5,29.5,29.9
22:36:38.158,105.6,74.2,98.6,96.6,96.9,95.8,96.2,96.1,96.9,94.0,93.3,90.4,88.8,91.5,88.4,85.9,83.0,80.5,77.1,71.8,66.0,62.9,58.2,49.9,44.6,37.8,32.8,30.1,24.1,23.2,23.3,24.5,25.0,25.9,26.8,27.7,28.7,29.5,30.1
22:36:39.158,107.3,74.6,99.7,99.8,99.8,95.7,97.2,100.9,99.1,95.9,90.4,94.6,90.9,91.0,89.1,86.5,84.1,79.1,76.0,72.7,68.1,65.8,63.3,59.3,54.3,45.4,41.5,38.8,31.6,24.8,23.7,24.2,25.2,25.9,26.7,27.6,28.5,29.7,30.0
22:36:40.158,108.0,77.5,99.6,98.0,95.7,99.4,99.4,98.7,94.8,93.1,93.0,93.6,90.7,87.2,85.9,84.5,83.9,82.6,80.6,78.8,74.5,71.0,66.1,62.8,56.8,49.8,44.1,39.6,30.7,25.4,24.2,24.7,25.2,26.2,26.8,27.7,28.6,29.5,29.9
22:36:41.158,106.1,72.4,97.9,93.8,95.7,94.8,99.5,95.7,92.1,94.3,90.9,91.8,90.4,87.8,86.6,84.6,82.1,77.9,72.6,66.9,65.3,57.6,53.1,48.9,40.6,31.8,27.2,22.7,23.2,23.2,23.9,24.3,25.3,25.8,26.5,27.7,28.6,29.4,29.7
22:36:42.158,107.1,72.6,99.1,93.0,99.0,97.4,95.0,95.6,94.1,96.4,93.7,93.6,88.9,85.5,85.2,83.6,80.1,77.0,72.3,66.7,59.7,57.9,53.7,48.6,42.2,33.9,26.6,25.1,23.8,23.3,23.7,24.4,25.2,25.6,26.9,27.8,28.7,29.5,29.9
22:36:43.158,105.5,67.1,95.9,97.5,97.2,93.4,96.6,95.6,92.6,94.0,89.7,90.6,87.3,83.7,80.7,78.7,74.6,71.3,68.5,63.4,59.9,53.8,46.7,38.6,32.6,28.7,25.4,23.9,24.0,23.5,24.0,24.3,25.3,25.9,26.9,27.6,28.6,29.6,29.9
22:36:44.158,107.8,72.1,98.8,88.3,90.6,98.5,100.8,98.2,97.6,91.1,95.0,90.5,89.0,88.8,85.3,82.4,78.2,77.4,75.8,73.5,67.7,63.9,57.5,52.4,49.4,46.7,41.3,36.3,30.1,24.1,26.4,25.2,26.3,26.5,26.8,27.7,28.4,29.4,29.8
22:36:45.158,107.3,69.8,98.3,98.4,94.4,92.9,97.9,96.5,94.1,94.8,94.1,91.5,86.4,85.9,82.3,79.4,75.7,73.6,69.1,65.0,62.2,57.5,50.1,44.9,38.6,33.5,29.3,24.3,23.1,22.6,23.7,24.3,24.9,26.0,26.9,27.7,28.8,29.5,29.6
22:36:46.158,106.9,69.9,98.2,95.1,96.2,99.7,98.2,91.7,97.4,96.9,92.4,90.5,87.3,86.7,85.5,82.3,78.8,74.9,69.9,64.0,62.2,57.4,51.6,45.0,41.2,34.5,32.2,28.8,23.9,23.0,24.0,24.3,25.3,25.9,26.8,27.5,28.6,29.6,30.0
22:36:47.158,106.8,70.7,97.5,95.8,99.1,97.4,94.6,97.1,95.2,92.3,92.9,93.2,87.5,87.3,83.8,81.2,79.1,77.0,72.2,69.0,65.5,58.0,52.2,47.3,44.2,38.2,30.6,25.8,23.5,23.1,23.7,24.7,25.2,26.1,26.8,27.7,28.6,29.7,30.0
22:36:48.158,106.4,68.3,97.5,92.0,96.2,100.7,98.4,96.3,94.0,90.4,93.1,91.3,89.9,85.3,82.8,79.6,78.5,72.0,64.3,60.9,59.4,51.7,45.9,39.7,37.6,28.8,23.8,22.5,22.9,23.0,24.0,25.0,25.4,26.0,26.9,27.8,28.6,29.6,29.9
22:36:49.158,104.6,67.0,95.5,94.7,97.1,97.5,91.2,95.1,93.1,92.9,89.4,88.7,86.2,84.4,81.4,77.3,75.1,72.4,68.4,64.7,62.6,57.8,49.3,43.8,37.3,29.4,24.7,24.1,23.4,23.3,24.4,24.9,25.6,26.1,26.9,27.6,28.6,29.5,30.0
22:36:50.158,105.8,69.2,96.1,98.5,97.3,92.4,92.1,95.0,91.9,94.2,90.9,86.9,85.0,83.4,83.4,80.2,77.1,72.3,68.4,65.5,58.6,53.6,47.9,42.4,36.2,29.2,24.9,23.3,24.6,24.7,24.6,25.0,25.7,26.4,27.3,27.9,28.8,29.4,30.1
22:36:51.158,104.2,66.3,94.7,90.4,96.8,96.5,96.0,94.3,94.0,89.3,91.3,84.9,81.4,78.8,81.4,77.6,73.5,70.9,65.9,61.6,57.2,53.8,46.8,41.7,34.9,28.3,24.2,23.9,24.6,25.4,24.4,24.7,25.5,26.7,27.0,27.9,28.7,29.5,29.8
22:36:52.158,105.7,68.4,95.7,95.2,95.0,95.9,92.9,95.3,94.2,92.9,91.5,89.2,88.7,83.2,83.8,81.7,78.1,74.7,70.7,66.6,62.2,53.9,49.3,50.2,44.9,37.0,29.1,26.2,24.5,25.3,24.6,25.0,26.0,27.4,27.7,28.3,28.9,29.6,30.0
22:36:53.158,106.2,69.7,96.4,88.2,95.8,95.5,93.7,95.6,93.3,90.9,87.0,88.3,86.2,84.0,83.5,81.5,78.2,73.2,69.5,66.4,62.5,55.6,47.7,38.0,32.9,27.7,24.8,24.1,24.2,23.7,24.1,24.8,26.2,26.5,27.4,27.9,28.9,29.7,29.9
22:36:54.158,105.1,70.5,95.8,92.6,94.4,93.9,91.9,94.1,94.3,92.2,89.8,87.5,84.0,86.0,84.4,82.3,78.4,75.5,72.4,69.7,63.6,56.7,46.1,40.9,38.0,31.6,27.3,24.2,24.4,24.4,25.1,26.3,27.3,28.1,28.3,28.8,29.4,29.9,29.9
22:36:55.158,106.0,69.6,96.2,91.2,95.0,95.8,96.6,96.3,96.7,92.1,88.3,86.7,83.9,82.8,81.8,77.7,74.8,73.4,71.0,68.2,63.7,58.7,54.5,48.5,40.8,30.0,24.6,23.8,24.1,23.6,24.8,25.6,26.4,27.0,27.9,28.2,28.8,29.8,30.0
22:36:56.158,106.3,68.2,95.6,95.4,94.3,96.8,98.2,95.5,97.7,89.3,90.6,87.2,85.6,84.7,81.1,79.2,76.6,74.6,72.0,68.5,65.6,60.6,55.2,49.2,41.0,33.7,27.8,25.8,24.3,23.9,25.3,25.6,26.4,27.0,27.5,28.0,28.8,29.7,30.1
22:36:57.158,102.3,65.5,93.1,90.2,92.1,92.5,92.2,91.8,89.6,93.5,86.1,86.1,84.1,79.7,77.1,75.1,73.8,73.1,67.5,63.6,58.8,52.6,45.3,42.4,38.2,29.2,25.5,24.0,24.2,24.0,25.5,26.0,27.0,27.8,28.0,28.4,29.0,29.8,30.1
22:36:58.158,106.7,67.1,95.0,99.9,100.2,98.2,95.8,91.5,92.3,91.7,87.9,87.7,81.5,81.4,80.3,77.7,73.0,71.0,68.2,63.9,60.3,54.8,50.8,44.9,38.3,30.5,24.7,23.7,24.4,23.9,24.6,25.6,26.1,26.8,27.4,28.2,28.9,29.8,30.0
22:36:59.158,104.9,67.2,94.0,97.4,94.3,93.7,89.8,92.6,90.6,86.5,87.2,89.0,82.8,82.5,80.1,77.7,73.8,71.7,69.9,66.5,61.8,55.4,51.7,47.0,42.5,34.0,25.6,23.6,24.0,23.9,24.9,26.1,26.6,27.7,28.2,28.6,29.0,29.9,30.1
22:37:00.158,104.0,65.4,93.0,95.9,94.9,91.1,94.6,93.5,92.8,89.6,85.6,85.5,83.7,82.1,79.1,75.0,73.7,69.7,68.0,63.5,58.6,52.5,45.7,40.7,36.7,28.2,25.2,24.3,24.5,25.6,25.8,26.4,27.3,28.3,28.9,29.5,29.5,30.0,30.1
22:37:01.158,105.3,66.8,95.6,98.0,94.8,94.7,95.9,97.4,95.3,90.6,89.0,88.6,84.8,84.3,80.7,78.0,75.8,73.1,69.5,63.9,56.7,50.9,51.6,42.2,38.2,29.2,25.7,24.0,24.2,24.4,25.7,26.7,27.2,28.4,28.8,29.2,29.4,30.0,30.1
22:37:02.158,104.1,69.9,96.1,90.8,92.3,92.9,94.3,96.3,90.6,94.0,90.4,89.6,86.7,84.2,82.8,79.1,77.6,74.8,72.0,68.9,65.7,59.1,54.3,49.1,45.1,37.1,28.7,24.5,24.0,23.8,25.0,26.4,26.5,27.6,28.3,28.7,29.3,29.7,29.9
22:37:03.158,103.4,66.4,94.2,92.5,93.2,89.6,92.2,93.2,91.7,90.9,86.0,85.9,82.6,81.4,80.2,75.7,72.9,72.1,68.1,61.0,56.7,51.4,47.4,42.6,36.8,29.6,25.0,24.2,23.6,23.6,24.8,25.5,26.2,26.8,27.7,28.3,28.8,29.7,30.1
22:37:04.158,103.3,64.6,92.9,89.1,91.3,89.1,91.0,91.6,89.8,89.1,88.6,87.0,84.0,82.1,78.3,77.1,73.3,69.4,64.8,60.1,56.5,49.4,44.8,40.1,36.3,30.3,26.4,24.4,24.0,23.7,24.2,25.1,25.6,26.4,27.3,27.9,28.8,29.7,29.9
22:37:05.158,106.6,64.7,93.1,94.2,93.9,94.2,90.4,90.9,91.1,91.1,88.4,82.5,82.1,81.7,76.6,74.7,72.9,68.1,65.7,62.5,60.1,54.4,47.1,43.2,38.5,30.1,24.3,23.7,23.3,23.4,24.5,25.2,26.2,27.1,27.8,28.4,29.0,29.7,29.9
22:37:06.158,101.6,62.4,90.9,85.2,92.4,92.6,90.4,88.7,86.3,91.1,84.7,83.1,80.3,77.6,76.6,72.2,68.7,66.7,62.4,57.0,50.3,44.0,40.3,36.8,35.3,28.5,25.4,23.9,23.8,23.8,25.0,25.6,26.1,27.2,27.8,28.5,29.1,29.9,29.9
22:37:07.158,106.5,65.7,93.0,98.7,95.5,91.5,91.7,88.7,89.8,88.4,86.5,83.9,80.1,80.5,80.7,76.9,70.3,68.4,66.7,63.4,58.7,51.1,45.1,39.7,36.5,28.6,25.2,24.4,23.7,23.5,24.5,25.4,26.0,26.8,27.9,28.4,28.7,29.7,29.8
22:37:08.158,104.9,63.6,91.7,97.2,92.6,97.2,95.8,85.2,90.1,85.0,84.9,86.1,80.7,78.9,77.9,76.2,72.9,66.4,63.4,58.6,52.2,44.5,43.3,40.6,35.8,29.4,25.8,24.7,24.2,23.6,24.6,25.5,25.8,26.8,27.6,28.0,28.8,29.6,30.1
22:37:09.158,103.7,64.2,91.6,97.6,96.1,95.3,94.0,90.4,92.0,86.0,84.0,84.2,79.8,77.8,78.3,73.5,72.2,70.8,65.5,58.8,52.2,44.5,44.1,39.0,36.5,28.3,24.9,24.0,24.3,23.9,24.7,25.5,26.3,27.0,27.8,28.2,29.0,29.8,30.0
22:37:10.158,104.8,63.0,92.2,97.9,96.4,94.2,95.4,92.5,92.9,85.6,87.6,86.2,82.0,78.7,75.8,73.0,71.9,69.1,66.8,60.0,53.3,45.9,43.2,38.8,36.4,29.6,25.8,24.2,24.4,24.1,24.2,24.9,25.7,26.7,27.2,28.0,28.7,29.6,29.8
22:37:11.158,102.5,62.3,90.7,94.7,93.6,95.9,94.9,87.9,86.7,85.9,85.9,82.0,80.8,78.4,74.7,72.6,70.7,68.4,63.5,60.3,56.1,48.9,45.7,42.1,36.4,29.3,25.0,23.7,24.4,23.7,24.7,25.0,25.8,26.5,27.0,28.0,28.6,29.6,30.0
22:37:12.158,105.4,63.4,91.5,99.5,96.8,93.5,88.1,89.2,90.4,87.4,87.0,84.2,79.2,78.7,74.4,70.7,66.8,65.2,63.0,62.6,59.7,55.4,51.2,46.4,39.5,31.0,27.0,24.7,24.1,23.2,24.0,24.8,25.5,26.2,26.9,27.8,28.7,29.6,30.0
22:37:13.158,105.8,62.4,91.2,94.1,98.0,95.0,93.3,92.6,87.0,87.0,86.3,82.8,79.9,78.6,77.6,71.0,70.3,68.0,63.6,60.4,56.0,51.1,46.4,40.7,35.4,29.3,25.7,23.5,24.1,23.6,24.1,24.8,25.3,26.3,27.1,27.9,28.7,29.5,29.9
22:37:14.158,102.5,60.2,90.6,94.7,92.1,91.5,95.9,90.5,90.0,85.6,84.4,82.7,78.9,76.9,73.7,70.4,67.8,64.5,59.7,57.9,55.2,47.7,45.5,41.0,37.6,32.2,29.3,25.9,25.3,24.2,24.4,24.7,25.5,26.1,26.9,27.7,28.6,29.6,30.0
22:37:15.158,103.6,61.2,91.0,92.2,94.0,94.1,93.8,91.1,86.0,87.8,83.9,84.4,81.1,78.1,74.7,70.2,68.7,64.5,59.7,59.0,53.7,50.5,46.8,44.3,39.3,32.8,26.5,24.1,23.7,23.0,23.7,24.5,25.3,26.2,27.0,28.0,28.6,29.6,30.0
22:37:16.158,103.9,62.4,90.0,97.6,95.5,91.5,90.1,87.4,84.1,82.1,82.6,82.6,81.1,78.1,74.3,74.4,68.8,66.2,63.5,59.4,54.9,50.0,45.1,36.1,33.6,28.3,26.4,25.2,24.2,23.9,24.4,25.1,25.6,26.2,26.9,27.8,28.8,29.5,29.9
22:37:17.158,102.2,62.1,90.5,86.9,87.7,90.2,91.5,91.5,87.8,86.8,83.7,81.8,82.4,77.6,75.5,72.1,70.5,66.5,63.2,61.7,54.0,48.1,48.6,44.4,38.6,30.3,27.6,25.3,25.2,25.0,25.9,26.3,26.4,27.5,28.1,28.3,29.0,29.8,29.8
22:37:18.158,103.6,62.1,90.1,96.3,92.0,87.7,87.1,89.5,87.4,83.8,85.1,80.4,76.9,79.0,75.5,74.5,70.0,67.7,62.3,58.9,53.7,45.7,44.8,42.0,36.9,30.8,27.4,25.5,24.9,25.0,26.3,27.5,27.8,29.1,29.9,30.0,29.9,30.4,30.1
22:37:19.158,104.1,64.2,91.6,92.5,91.9,89.7,91.9,91.1,87.5,87.9,86.8,82.4,81.4,79.1,79.4,76.2,73.5,69.0,63.3,58.3,52.8,50.2,49.6,44.4,37.8,31.3,26.2,24.7,24.5,23.8,24.9,25.6,26.6,27.3,27.8,28.5,29.1,29.7,30.0
22:37:20.158,101.1,62.6,91.0,90.8,92.1,89.5,89.6,92.0,90.9,82.3,85.6,80.9,81.1,78.8,77.3,73.3,69.7,65.8,61.6,60.8,56.6,47.2,41.5,35.6,33.7,28.2,24.7,23.9,24.2,23.9,24.7,25.4,26.2,26.7,27.6,28.2,28.8,29.7,30.0
22:37:21.158,104.5,62.3,91.3,96.0,91.7,93.7,95.3,88.8,88.7,86.7,87.0,82.5,83.0,79.4,76.0,74.2,70.3,66.0,61.7,59.7,55.2,50.1,46.2,38.9,34.0,30.5,26.1,25.0,24.8,24.4,25.0,25.5,25.9,26.8,27.5,27.9,28.7,29.7,29.9
22:37:22.158,101.4,62.9,90.7,88.0,90.2,85.3,84.5,88.5,89.8,83.9,87.0,82.0,83.2,78.9,77.0,74.0,68.4,66.9,60.6,60.6,53.7,47.0,41.2,35.0,32.9,28.1,24.6,24.8,24.2,23.5,24.5,25.6,26.3,27.2,27.9,28.5,28.9,29.9,30.1
22:37:23.158,101.5,63.1,89.5,90.6,93.9,91.0,87.3,88.1,84.8,83.7,82.9,85.1,81.0,79.2,77.2,73.0,72.3,67.3,64.5,62.9,58.1,49.6,50.5,46.4,40.0,31.9,26.1,24.2,24.3,24.1,25.1,25.9,26.3,27.7,28.2,28.4,29.3,29.7,30.0
22:37:24.158,101.2,60.9,89.6,87.6,89.5,89.0,87.4,89.5,88.4,87.5,81.4,82.9,80.7,78.5,75.0,73.2,70.0,67.8,62.0,54.1,48.2,46.1,43.1,38.0,35.4,31.0,27.8,26.2,25.3,25.0,25.9,26.6,27.4,28.8,29.3,29.6,29.8,30.1,30.2
22:37:25.158,101.5,60.4,89.4,91.4,90.8,84.9,85.3,88.7,90.4,85.9,81.2,81.6,78.0,76.7,74.7,71.9,67.5,64.5,59.4,52.0,48.9,46.1,43.9,39.2,37.4,40.4,41.9,29.5,27.9,29.8,26.0,26.4,26.7,27.8,28.4,28.8,29.2,29.9,30.1
22:37:26.158,101.6,59.4,87.5,88.0,84.6,87.0,87.0,85.9,86.0,84.3,80.4,77.8,77.3,76.0,73.6,71.0,67.3,62.8,58.2,56.2,51.4,45.4,41.5,37.5,34.0,31.0,27.3,24.2,23.8,23.9,25.0,25.4,25.8,26.7,27.4,28.2,28.7,29.7,30.0
22:37:27.158,100.5,58.6,87.5,92.6,92.9,89.0,90.3,86.2,86.2,84.2,83.4,80.0,77.0,74.9,74.4,70.5,65.7,64.6,60.0,54.6,50.0,44.8,41.4,34.3,33.6,29.6,27.4,26.7,24.5,23.5,24.3,25.3,25.8,26.5,27.1,27.9,28.8,29.7,29.9
22:37:28.158,101.1,57.9,86.0,91.6,91.2,89.9,88.6,81.0,80.2,79.6,78.6,76.6,75.3,71.1,72.0,68.3,65.2,61.6,59.5,56.3,51.2,42.1,37.1,32.9,32.7,27.4,24.7,23.5,23.8,23.7,24.4,24.8,25.6,26.7,27.1,28.0,28.8,29.6,30.1
22:37:29.158,99.4,60.0,87.4,89.5,93.1,89.7,90.0,85.1,86.0,84.2,83.1,80.2,78.7,74.4,73.1,71.1,69.4,65.8,62.7,57.9,52.9,50.0,45.3,38.6,36.1,30.6,26.7,24.2,23.8,23.5,24.3,25.1,25.9,26.7,27.2,28.1,28.7,29.7,30.1
22:37:30.158,100.6,59.8,87.4,85.9,88.2,88.5,84.0,85.9,86.4,85.4,82.2,79.2,77.0,71.6,71.9,70.3,68.1,65.1,59.5,54.6,51.1,47.2,43.5,38.0,34.8,31.2,26.6,24.9,24.2,23.6,24.3,24.7,25.3,26.2,27.1,27.8,28.6,29.5,29.9
22:37:31.158,101.7,65.0,88.3,92.6,90.5,93.5,90.4,88.2,83.3,85.9,83.2,79.9,79.2,77.3,76.4,72.7,72.1,71.7,69.2,65.6,61.9,56.5,50.1,49.4,46.0,40.1,32.3,26.5,24.6,23.6,24.1,24.7,25.6,26.2,26.9,27.8,28.7,29.5,29.9
22:37:32.158,100.4,66.4,89.3,85.6,87.9,83.1,87.8,87.5,82.0,84.0,81.4,83.7,78.1,77.4,78.8,75.3,73.5,70.4,68.5,65.6,62.4,56.4,53.1,46.9,41.3,35.6,32.3,27.6,27.2,24.9,24.6,25.0,25.5,26.1,26.7,27.9,28.7,29.6,30.0
22:37:33.158,99.3,64.4,89.4,89.4,90.9,90.1,85.9,82.2,81.9,84.1,84.7,83.9,79.5,78.5,78.6,75.6,73.4,70.2,65.5,61.2,57.3,51.5,47.6,44.4,39.4,32.9,27.2,25.3,24.5,23.5,24.5,24.7,25.5,26.0,26.9,27.9,28.6,29.6,30.0
22:37:34.158,99.6,61.5,88.0,90.3,87.5,89.2,88.1,84.4,81.6,83.3,82.2,80.1,81.8,79.3,76.6,73.9,70.3,65.4,61.6,55.3,52.1,49.1,46.7,41.3,35.9,31.1,28.7,26.7,25.5,23.8,24.5,24.6,25.4,26.2,26.8,27.5,28.6,29.7,30.0
22:37:35.158,101.0,61.2,87.9,93.3,90.2,90.2,86.7,82.2,83.8,85.5,81.9,79.5,76.7,76.9,73.8,69.7,69.5,65.9,61.7,58.8,53.8,48.5,43.0,39.3,36.6,31.4,26.4,24.9,24.9,23.6,24.2,24.5,25.6,26.1,26.9,27.6,28.7,29.6,29.9
22:37:36.158,98.7,58.8,85.2,83.6,83.1,86.0,85.1,84.8,84.4,78.6,79.6,77.7,77.5,73.4,73.3,68.5,67.5,62.7,57.5,55.5,52.7,51.3,50.0,42.4,36.9,30.5,25.9,23.7,24.2,23.6,23.9,24.9,25.8,26.3,27.1,27.8,28.6,29.6,30.0
22:37:37.158,100.2,59.1,87.4,86.8,88.4,86.7,84.7,88.2,83.2,84.3,80.5,78.4,78.2,73.7,71.2,69.1,65.2,62.6,59.1,57.2,52.1,46.6,44.4,41.7,35.2,30.4,27.7,25.7,24.3,23.4,24.2,24.9,25.5,26.2,27.2,27.9,28.7,29.6,29.9
22:37:38.158,99.0,60.5,86.7,88.9,88.8,88.5,87.4,84.4,85.4,83.2,81.6,79.5,74.6,75.3,71.2,69.8,68.9,66.3,63.3,59.7,54.2,47.5,48.3,44.7,36.5,31.3,25.5,23.6,23.1,23.0,24.2,24.6,25.3,26.2,26.9,27.8,28.6,29.6,29.9
22:37:39.158,99.8,60.1,86.9,93.3,87.3,88.0,87.4,85.9,82.2,82.6,78.1,77.7,76.6,75.1,70.5,69.7,69.0,65.4,61.7,57.4,52.7,48.5,47.7,43.7,37.9,31.3,25.2,22.9,23.3,23.5,23.9,24.7,25.7,26.4,26.9,27.9,28.6,29.6,29.8
22:37:40.158,100.3,59.8,87.3,88.6,92.5,93.8,90.3,85.6,85.1,84.3,82.5,79.0,77.5,76.7,74.2,68.7,69.7,67.2,63.8,58.9,51.4,46.5,43.0,39.0,34.6,28.6,25.4,23.3,22.9,23.3,23.6,24.6,25.4,26.2,27.2,28.1,28.7,29.7,29.9
22:37:41.158,99.7,59.4,86.0,86.8,83.6,83.4,87.2,89.3,84.9,82.4,81.6,78.4,76.7,74.1,72.0,69.7,66.5,65.2,63.6,60.9,55.1,48.8,43.7,38.2,34.0,29.2,25.0,23.2,23.1,22.6,23.7,24.6,25.3,26.3,27.0,27.8,28.6,29.5,30.0
22:37:42.158,99.2,59.5,85.5,90.4,89.4,82.8,81.4,84.6,81.6,79.7,77.2,79.0,75.7,74.5,69.8,69.2,67.1,63.8,61.3,59.1,53.6,49.7,46.2,40.7,34.3,29.3,25.4,23.7,23.5,22.9,23.9,24.6,25.2,26.3,26.7,27.9,28.8,29.6,30.0
22:37:43.158,100.6,58.4,86.7,85.6,84.2,85.4,86.6,87.2,86.7,80.0,82.2,76.0,76.9,74.6,71.2,67.0,64.9,63.2,59.0,57.5,52.4,44.4,40.1,38.2,33.5,27.1,24.5,23.4,23.2,22.6,23.5,24.3,25.1,26.0,26.9,27.8,28.6,29.7,30.0
22:37:44.158,97.8,58.1,86.1,87.2,87.5,87.8,89.1,86.4,80.6,83.0,78.8,78.1,75.7,74.8,72.1,68.3,63.7,61.4,57.7,56.2,50.4,46.9,42.6,39.5,35.2,28.7,24.5,23.8,23.8,22.7,23.6,24.4,25.2,26.0,26.9,27.5,28.7,29.6,30.1
22:37:45.158,100.1,59.4,86.3,83.6,85.2,85.7,85.9,81.4,84.9,84.4,80.0,81.0,73.2,76.2,73.0,68.3,66.9,64.9,59.9,56.8,51.4,50.6,48.1,42.9,37.4,30.2,25.0,23.6,23.2,22.5,23.5,24.4,25.1,26.0,26.8,27.8,28.6,29.6,30.0
22:37:46.158,99.1,61.7,86.9,90.5,88.2,88.8,88.5,87.1,82.9,83.6,79.6,79.3,77.7,76.0,73.8,71.9,69.9,67.6,65.2,62.8,54.8,47.4,44.3,38.6,37.6,29.7,25.8,24.5,23.1,22.8,23.8,24.4,24.5,25.8,26.8,27.6,28.6,29.6,30.0
22:37:47.158,98.5,59.8,85.4,89.6,89.1,85.6,83.2,85.6,84.9,83.4,79.1,76.6,75.7,71.1,71.2,70.1,69.7,65.4,62.7,59.0,53.8,46.9,38.6,33.6,34.7,27.6,24.0,22.9,22.8,22.7,23.5,24.3,25.0,26.1,26.8,27.6,28.7,29.5,30.0
22:37:48.158,98.4,60.0,87.0,85.9,85.4,88.9,88.2,88.0,86.2,82.1,81.5,78.5,79.2,75.4,73.0,70.0,68.7,66.7,63.3,59.3,53.1,48.0,42.3,38.8,34.5,29.3,24.0,23.3,23.1,22.4,23.3,24.4,25.5,25.7,26.9,27.8,28.8,29.6,29.8
22:37:49.158,99.1,59.9,87.1,89.4,88.7,85.2,81.2,83.5,85.5,81.3,79.6,80.0,77.2,73.4,72.5,70.5,68.8,61.6,60.5,55.8,50.5,46.3,42.3,38.9,36.0,30.6,24.7,23.3,22.8,22.7,23.8,24.3,25.3,26.2,27.1,27.9,28.7,29.6,29.9
22:37:50.158,100.7,60.1,87.2,86.2,86.0,89.0,86.2,86.3,86.8,81.4,81.2,81.3,78.0,75.6,75.2,72.2,68.2,62.9,60.2,57.6,53.9,48.9,42.8,36.4,33.7,28.6,24.6,23.4,23.0,22.9,23.8,24.2,25.5,26.3,26.9,27.9,28.8,29.5,29.8
22:37:51.158,97.4,57.8,84.3,85.6,88.8,89.1,81.5,82.1,83.4,79.6,77.0,78.1,77.2,74.6,71.1,69.5,64.3,62.9,59.3,56.5,51.9,49.2,43.6,37.5,32.5,28.7,24.1,22.6,23.0,23.1,24.0,24.4,25.3,25.9,26.9,27.6,28.5,29.5,29.8
22:37:52.158,98.6,59.7,86.7,90.5,89.0,84.8,86.6,87.1,84.9,84.2,80.7,78.7,77.2,75.6,71.3,70.9,69.8,66.0,61.4,56.0,49.9,50.1,46.5,40.0,36.0,29.2,23.8,23.3,22.6,23.0,23.4,24.4,25.3,26.1,27.0,27.7,28.6,29.4,30.0
22:37:53.158,98.9,60.3,86.8,90.3,88.7,86.0,84.1,84.4,85.4,87.0,78.2,77.0,79.1,75.3,73.1,71.6,69.6,65.7,62.3,58.9,49.3,45.6,40.8,35.3,35.0,28.2,23.7,23.2,23.0,22.5,23.6,24.4,25.2,26.0,26.9,27.9,28.7,29.6,30.1
22:37:54.158,98.2,57.7,84.2,85.1,85.0,87.9,85.9,83.2,81.3,76.1,77.3,75.8,73.4,70.5,70.2,68.0,65.1,62.6,60.0,56.3,50.1,45.5,39.3,36.0,32.9,27.4,23.3,22.4,22.0,22.6,23.6,24.3,25.2,25.9,26.7,27.7,28.6,29.5,29.9
22:37:55.158,97.8,58.1,84.8,88.6,85.6,79.0,84.4,82.6,84.5,82.9,79.9,76.6,75.0,73.5,71.6,70.6,66.8,63.0,60.8,58.2,51.7,43.8,40.9,40.7,36.7,28.9,23.7,22.5,23.0,22.8,23.6,24.1,25.0,26.1,26.9,27.8,28.7,29.5,30.0
22:37:56.158,98.8,58.6,86.3,88.9,86.7,89.1,88.1,84.0,81.9,79.7,79.4,77.9,74.4,72.3,71.7,68.3,66.8,62.2,57.7,54.4,47.8,42.1,39.6,36.5,34.3,26.8,23.6,22.8,23.1,22.6,23.6,24.3,25.2,26.0,26.8,27.7,28.6,29.6,29.9
22:37:57.158,96.7,59.9,85.3,88.3,86.2,84.3,83.6,82.4,83.1,81.2,81.5,78.5,74.9,73.5,74.1,70.7,68.2,63.0,60.2,55.9,51.3,48.4,44.1,40.9,36.5,29.4,23.1,22.8,22.9,22.4,23.2,24.1,25.1,26.0,26.7,27.7,28.5,29.6,29.9
22:37:58.158,96.7,60.4,84.6,85.1,82.5,87.1,84.7,82.8,81.3,80.4,79.8,77.3,75.0,72.2,74.2,71.4,69.8,66.6,63.2,61.3,55.7,49.4,45.2,41.8,37.8,30.5,24.8,23.2,22.8,22.8,23.6,24.5,25.6,26.0,26.9,27.8,28.7,29.4,29.9
22:37:59.158,98.7,59.2,85.7,88.9,88.4,83.4,87.4,87.4,82.1,79.1,81.1,74.7,74.9,73.2,72.2,68.5,66.0,63.5,59.6,57.2,52.8,47.8,38.7,33.0,33.8,27.5,23.7,21.8,22.2,22.9,23.5,24.0,25.0,25.7,26.8,27.7,28.5,29.6,29.8
22:38:00.158,95.5,56.6,82.9,89.7,87.9,82.5,83.4,81.7,77.9,79.2,76.9,75.2,74.1,71.4,67.7,66.5,65.1,62.5,57.8,55.6,51.5,47.5,40.6,36.5,33.7,27.5,24.1,22.6,22.8,23.2,23.8,24.2,25.0,25.9,26.8,27.6,28.7,29.4,30.0
22:38:01.158,97.2,60.0,85.2,86.3,87.9,82.7,80.0,83.9,82.9,83.5,78.5,78.4,75.8,74.3,72.3,67.6,66.6,66.2,62.7,60.9,57.4,53.9,49.0,43.3,37.9,31.0,24.9,23.2,23.2,22.5,23.4,24.4,24.9,26.1,27.0,27.7,28.7,29.5,29.9
22:38:02.158,96.8,60.7,86.0,89.0,87.3,85.0,84.2,81.9,78.7,82.4,80.5,78.3,75.9,73.6,71.2,69.7,67.7,64.2,63.1,60.3,55.5,49.4,44.3,38.6,33.9,28.2,23.9,22.8,22.7,22.8,23.6,24.4,25.1,26.0,26.9,27.7,28.7,29.6,29.8
22:38:03.158,96.1,57.8,84.7,86.9,86.7,84.2,84.7,82.3,80.3,79.0,76.7,77.8,78.1,72.3,70.4,68.9,65.4,61.7,59.6,54.0,49.6,43.6,39.3,35.6,32.6,28.1,24.6,23.1,23.0,22.7,23.6,24.4,25.0,26.1,26.9,27.8,28.8,29.7,29.9
22:38:04.158,97.1,57.2,84.3,83.1,86.3,86.4,79.3,80.3,83.2,80.2,77.6,78.3,72.7,70.5,70.1,68.6,65.5,61.7,57.2,55.1,48.7,46.3,41.4,34.0,34.2,27.2,22.7,22.0,22.7,22.8,23.6,24.0,25.1,25.8,26.7,27.7,28.6,29.6,30.1
22:38:05.158,99.4,59.2,84.0,84.4,86.1,80.4,82.7,82.9,75.8,79.9,81.5,76.7,75.0,72.0,72.7,67.3,67.0,64.6,62.1,59.1,52.8,50.5,47.9,45.3,40.5,32.6,25.5,22.9,23.2,23.2,23.7,24.1,25.2,26.2,26.7,27.7,28.5,29.5,29.9
22:38:06.158,95.5,57.8,83.0,82.0,84.8,81.5,80.1,83.0,77.8,78.8,77.8,74.7,72.0,70.1,68.8,66.0,66.2,61.8,58.5,57.8,49.6,46.8,44.0,39.5,36.1,29.9,24.2,22.6,22.5,22.8,23.5,24.3,25.1,26.0,26.8,27.7,28.7,29.5,30.0
22:38:07.158,96.1,53.7,82.7,86.9,86.8,83.7,84.4,83.4,80.2,78.9,79.2,73.1,70.4,70.7,68.3,67.3,61.7,57.9,52.0,50.0,44.6,43.0,38.1,32.6,32.8,26.2,22.0,22.0,23.3,23.3,23.6,24.5,25.0,26.1,26.9,27.7,28.7,29.7,29.9
22:38:08.158,97.5,54.5,83.4,89.0,86.1,80.2,80.8,81.9,80.7,75.4,74.6,76.4,71.3,69.2,66.2,62.5,62.6,57.9,51.3,47.2,43.5,39.6,36.0,32.7,32.0,25.2,22.3,21.8,22.6,22.5,23.7,24.4,25.4,26.2,26.9,27.9,28.7,29.6,29.9
22:38:09.158,95.5,52.4,82.5,85.7,85.6,85.7,84.7,81.3,78.9,78.7,77.4,74.2,72.8,68.7,63.1,60.4,58.4,54.9,53.9,49.7,43.9,42.2,37.1,33.1,32.1,25.2,22.2,22.4,22.2,22.6,23.7,24.4,25.1,26.0,26.9,27.6,28.7,29.5,29.9
22:38:10.158,97.9,54.4,83.1,82.4,84.7,84.4,84.3,84.9,78.2,78.8,78.7,78.8,73.8,69.4,68.0,64.5,61.7,59.3,56.4,52.3,45.7,46.3,40.3,33.7,32.8,26.3,23.0,22.6,22.6,22.8,23.7,24.4,25.1,26.0,26.8,27.9,28.6,29.6,30.0
22:38:11.158,95.8,57.1,84.9,82.8,82.6,80.7,82.9,84.8,83.5,72.5,79.3,76.7,74.7,71.6,70.9,68.4,65.1,61.3,57.2,53.6,49.0,45.8,43.8,39.3,35.3,26.5,23.6,23.0,22.9,23.2,23.6,24.4,25.1,26.1,27.0,27.9,28.5,29.5,29.9
22:38:12.158,98.2,59.1,84.9,84.4,87.4,89.7,87.5,80.2,80.9,77.9,72.1,73.4,75.5,73.7,74.2,70.1,67.3,63.6,59.7,56.1,49.5,43.8,40.2,35.1,32.9,27.4,23.2,22.4,23.3,22.6,23.5,24.4,24.9,26.0,26.9,27.6,28.7,29.5,29.9
22:38:13.158,97.5,58.9,84.4,84.9,86.2,86.4,83.2,86.3,81.8,81.1,75.6,74.6,72.3,72.4,70.9,66.6,67.3,63.7,61.5,58.1,52.7,49.3,47.0,44.3,41.0,32.7,25.1,23.0,23.1,23.3,23.3,24.4,25.1,26.0,27.0,27.6,28.6,29.5,29.8
22:38:14.158,94.8,56.0,83.2,84.6,87.2,87.1,83.5,80.9,80.8,79.3,78.7,76.8,71.4,70.6,67.6,64.6,62.5,60.2,57.8,55.8,49.5,43.3,40.0,36.2,32.6,25.9,22.7,22.3,22.7,22.3,23.6,24.4,25.3,25.6,26.7,27.9,28.6,29.6,30.0
22:38:15.158,95.9,55.2,82.3,89.2,85.6,86.0,84.8,78.5,78.9,73.4,74.9,76.0,73.5,68.8,69.3,65.9,65.1,58.3,52.2,46.9,44.4,44.0,39.1,35.4,34.7,26.6,22.6,22.1,22.9,23.0,23.8,24.1,25.2,26.1,26.9,27.7,28.4,29.5,29.9
22:38:16.158,98.6,56.6,81.7,87.6,86.3,84.9,85.4,79.8,75.7,77.1,76.4,74.1,73.0,69.7,68.2,66.5,64.9,63.6,61.1,56.3,49.3,42.1,39.4,35.2,33.4,26.5,22.4,22.1,23.0,22.9,23.7,24.1,24.9,25.8,26.5,27.5,28.5,29.6,29.7
22:38:17.158,95.2,56.0,83.0,86.8,84.7,82.3,81.2,77.0,77.4,77.5,75.2,72.1,68.9,66.8,68.2,64.3,61.4,58.2,56.2,52.4,45.5,43.6,37.0,33.4,32.5,26.1,22.5,22.7,23.3,23.2,23.8,24.2,25.2,26.0,26.9,27.9,28.7,29.6,29.9
22:38:18.158,95.5,50.7,81.3,86.1,87.3,85.8,80.9,82.1,81.9,79.7,77.7,71.7,66.7,64.3,63.1,57.4,54.5,54.2,53.6,51.4,44.4,40.7,40.3,33.2,33.5,26.4,22.4,22.6,23.1,23.3,23.7,24.1,25.2,26.0,26.8,27.8,28.6,29.5,29.9
22:38:19.158,97.4,50.5,81.7,89.0,88.0,83.7,82.4,82.8,80.6,80.3,78.0,72.4,69.7,65.0,60.5,56.6,58.2,55.9,52.8,49.3,42.5,41.4,38.6,32.4,31.5,25.8,22.5,22.7,23.3,22.9,23.6,24.2,24.9,26.2,26.8,27.6,28.7,29.6,29.9
22:38:20.158,93.9,51.4,80.6,82.3,85.0,79.7,83.3,81.6,76.3,78.2,72.7,69.9,68.4,67.5,65.5,61.9,59.7,51.8,49.9,45.6,43.7,40.9,35.1,30.6,31.3,25.6,22.5,22.5,23.2,22.6,23.7,24.0,25.2,26.0,26.7,27.9,28.6,29.6,30.0
22:38:21.158,97.3,54.2,80.8,85.5,86.0,84.1,84.1,78.6,77.5,74.8,74.1,68.5,69.5,69.7,70.3,65.8,61.7,58.9,54.8,51.5,46.8,42.3,35.4,32.0,32.0,26.4,22.8,22.5,22.8,23.4,23.9,24.4,25.2,26.0,26.9,27.8,28.5,29.6,29.9
22:38:22.158,95.7,56.7,81.3,83.3,84.4,83.7,84.4,81.8,77.2,77.7,71.5,72.6,71.7,71.9,70.7,65.6,65.4,63.5,60.2,57.0,52.1,47.5,42.8,38.1,34.4,27.1,23.6,22.7,22.5,22.8,23.7,24.0,25.3,25.9,26.7,27.7,28.6,29.6,29.9
22:38:23.158,95.3,53.6,80.9,83.6,84.4,83.8,86.0,80.6,75.6,74.8,72.1,73.2,72.5,68.5,65.2,64.2,61.2,58.8,54.7,48.3,42.8,40.6,37.9,34.8,32.4,25.4,23.6,23.1,23.2,23.5,24.2,24.6,25.2,26.0,26.9,27.7,28.7,29.5,30.0
22:38:24.158,97.6,51.8,80.2,86.4,82.7,82.5,79.9,82.2,78.6,74.2,75.8,73.3,70.0,67.3,66.5,62.9,61.5,55.4,52.4,50.8,47.3,43.9,36.0,33.7,31.7,25.7,22.5,22.8,22.5,22.8,24.0,24.5,25.7,26.4,27.1,28.1,28.8,29.7,30.1
22:38:25.158,96.6,53.1,81.2,84.5,81.7,82.3,85.6,82.5,78.9,77.8,75.0,74.0,69.9,68.2,66.4,63.3,61.9,59.5,55.9,52.8,46.5,41.3,36.3,33.6,32.7,25.9,22.8,22.5,22.7,23.1,23.9,24.9,25.8,26.9,27.4,28.0,28.8,29.7,30.0
22:38:26.158,97.0,54.9,81.9,86.3,82.0,83.4,81.5,84.0,79.8,74.8,74.4,71.1,69.7,67.2,68.4,64.7,63.0,60.1,56.9,50.8,45.3,41.8,37.7,34.7,33.1,27.5,22.8,22.3,22.8,23.3,23.9,24.6,25.4,26.3,27.2,28.0,28.6,29.6,29.9
22:38:27.158,94.9,53.5,80.3,85.8,85.1,82.2,84.2,81.4,77.3,76.3,70.7,67.4,68.1,69.8,64.1,63.7,61.3,57.5,55.0,51.2,45.5,41.3,35.7,32.0,32.6,26.7,22.2,22.5,22.4,22.9,23.9,24.5,25.5,26.1,26.8,27.9,28.7,29.6,29.8
22:38:28.158,93.7,53.6,80.0,84.5,83.4,84.4,82.8,80.6,76.8,76.3,75.1,71.3,72.5,69.5,65.4,63.9,59.9,59.1,55.8,53.0,47.2,44.9,41.4,36.9,34.2,26.4,23.0,22.6,22.9,23.1,24.1,24.5,25.5,26.5,27.4,27.9,28.8,29.6,30.0
22:38:29.158,94.7,54.4,80.9,84.1,81.5,80.5,79.3,75.6,77.6,77.2,78.7,74.0,68.7,67.8,66.9,64.6,62.1,58.2,57.9,53.8,51.7,48.8,42.7,38.8,33.7,27.3,24.1,23.7,23.4,23.1,24.4,25.3,25.7,26.7,27.4,28.2,28.7,29.8,29.9
22:38:30.158,96.2,57.5,81.2,85.2,81.7,78.9,78.7,76.5,75.2,78.9,75.1,72.4,71.3,65.6,66.2,63.6,64.0,62.2,59.4,57.0,51.8,51.1,48.0,42.8,39.3,31.8,25.0,23.2,23.1,23.6,24.2,25.1,25.9,26.9,27.6,28.1,29.1,29.7,29.9
22:38:31.158,93.3,54.5,80.2,79.5,83.6,83.5,81.1,76.3,73.7,75.5,74.3,75.1,71.1,67.3,66.8,60.2,62.0,59.3,57.3,52.5,47.2,44.9,40.4,35.1,33.3,26.1,22.9,23.0,23.8,23.4,24.5,24.9,25.6,26.4,27.1,28.0,28.9,29.5,29.9
22:38:32.158,95.5,52.0,80.3,85.7,81.7,79.0,76.4,78.2,77.1,79.2,77.4,69.0,69.2,70.8,66.2,63.8,59.2,55.5,52.8,51.1,46.3,43.2,40.5,33.8,32.4,25.5,22.0,22.4,22.6,22.7,23.8,24.7,25.6,26.3,27.2,27.9,28.6,29.5,29.9
22:38:33.158,93.4,54.1,81.3,81.2,83.4,83.7,81.5,78.9,78.3,78.3,74.2,75.8,71.7,69.2,69.1,66.0,63.9,57.7,52.6,50.3,47.6,43.1,39.1,36.1,33.0,27.4,22.5,22.0,22.4,22.5,23.5,24.1,25.2,26.1,27.1,28.0,28.7,29.6,30.0
22:38:34.158,92.8,53.8,80.3,85.6,80.3,78.2,75.8,76.6,75.9,78.5,74.2,73.9,70.3,69.5,66.7,61.6,62.2,60.2,55.8,49.9,46.1,42.8,40.3,35.5,32.5,26.0,23.0,22.3,22.7,22.6,23.5,24.4,25.3,26.1,27.0,27.8,28.7,29.6,30.1
22:38:35.158,94.9,53.4,81.1,90.0,87.5,84.6,82.5,81.1,81.3,77.9,69.7,71.3,70.6,67.8,65.6,65.2,60.7,60.6,56.2,52.4,44.1,44.0,37.2,32.5,32.0,26.4,23.4,21.8,23.0,23.2,23.7,24.7,25.4,25.9,26.9,27.6,28.5,29.5,29.9
22:38:36.158,94.8,51.8,80.1,86.4,85.3,84.2,83.4,77.8,73.8,78.4,76.6,71.7,68.3,67.9,63.7,62.9,58.9,57.0,55.0,50.6,44.6,40.6,38.6,34.9,32.5,25.8,23.0,23.2,23.1,22.7,23.8,24.6,24.9,25.8,26.8,27.7,28.5,29.5,30.0
22:38:37.158,94.8,54.3,81.7,87.3,88.8,83.4,83.2,83.9,80.0,77.3,77.0,75.5,70.6,69.1,64.9,66.7,62.8,59.9,56.7,53.4,50.2,47.3,43.4,38.3,35.4,29.7,24.2,23.4,23.9,22.8,23.9,24.5,25.0,26.2,26.9,27.7,28.5,29.5,30.1
22:38:38.158,96.0,54.7,82.4,87.4,90.0,86.9,84.6,83.9,83.1,79.9,75.0,75.0,73.5,69.7,67.8,66.2,64.9,59.9,56.7,53.6,48.7,46.4,45.1,43.3,39.1,30.9,24.4,23.0,22.9,23.1,23.2,24.1,25.2,26.1,26.8,27.7,28.6,29.7,29.8
22:38:39.158,93.0,51.9,80.0,82.2,77.9,72.3,76.6,76.5,81.4,76.7,73.7,70.2,67.6,67.0,67.0,61.3,59.7,56.4,51.4,48.3,45.2,40.7,37.2,31.4,32.1,25.2,21.5,21.9,22.2,22.4,23.5,24.0,24.9,25.8,26.7,27.7,28.6,29.6,29.9
22:38:40.158,94.8,51.1,80.1,87.1,84.4,80.5,81.5,78.2,79.2,77.2,74.7,71.1,66.2,65.1,65.3,61.8,56.1,52.6,53.1,50.0,42.6,40.1,36.2,31.3,30.3,25.3,22.4,22.4,22.7,22.9,23.5,24.3,25.0,25.7,26.8,27.7,28.7,29.6,29.8
22:38:41.158,94.1,52.3,79.7,78.0,80.5,83.6,79.1,79.7,77.7,75.3,76.7,69.6,66.0,66.3,66.6,61.7,59.0,56.3,55.3,51.1,45.4,40.1,36.5,31.2,31.5,25.5,21.7,22.2,22.7,22.9,24.0,24.5,25.1,26.0,26.7,27.6,28.5,29.3,29.9
22:38:42.158,96.6,51.7,80.7,86.7,87.4,84.7,77.9,83.5,80.6,77.3,76.2,72.0,68.3,64.9,63.2,61.4,60.0,56.2,54.1,47.2,44.9,42.8,37.5,33.7,32.3,25.3,21.8,22.2,22.8,23.1,23.5,24.0,25.1,25.9,26.6,27.6,28.6,29.5,30.0
22:38:43.158,95.7,50.1,79.6,87.9,86.1,82.8,77.2,75.8,77.7,76.6,75.9,72.7,63.1,63.1,61.9,60.8,58.9,52.3,50.1,46.7,46.6,43.4,39.0,32.3,31.2,25.9,22.0,21.9,22.1,22.7,23.4,24.4,25.1,25.9,26.9,27.7,28.7,29.6,30.0
22:38:44.158,95.5,51.1,80.4,84.8,85.1,82.2,79.1,77.1,76.2,75.2,73.2,72.8,67.1,66.4,64.9,59.7,54.3,51.7,49.5,48.0,44.5,40.6,36.6,31.4,31.5,24.6,21.7,21.9,22.3,22.5,23.3,24.0,25.1,25.8,26.9,27.8,28.8,29.5,29.9
22:38:45.158,95.5,51.7,80.3,80.0,81.4,83.2,80.2,80.6,79.2,71.9,75.6,70.5,70.8,66.4,64.4,60.7,59.1,55.0,50.6,47.5,43.3,39.8,34.2,31.6,31.7,25.3,22.1,21.5,22.1,22.4,23.4,24.1,25.2,26.0,26.7,27.6,28.8,29.6,30.0
22:38:46.158,92.8,52.4,79.5,82.6,83.8,81.9,81.9,77.1,75.3,74.4,74.5,73.3,72.2,69.2,65.3,63.9,60.8,57.0,53.7,48.8,45.5,42.6,36.2,30.9,32.4,26.0,22.8,22.1,22.6,22.7,23.6,24.2,25.1,25.8,26.6,27.7,28.4,29.5,30.0
22:38:47.158,95.0,53.3,80.7,81.3,83.1,84.2,79.5,78.4,77.2,77.3,75.6,71.8,73.6,71.2,67.2,65.0,60.3,57.4,52.8,50.5,47.6,44.7,40.5,34.6,32.1,26.2,23.2,22.2,23.4,22.9,23.8,24.3,25.1,26.0,26.6,27.6,28.7,29.6,29.9
22:38:48.158,92.3,53.1,79.8,79.2,78.7,78.9,78.9,79.7,74.6,72.8,72.5,72.8,70.9,70.8,67.3,63.5,62.3,57.0,53.0,48.2,42.8,39.8,35.4,31.1,31.8,26.6,22.5,22.5,23.2,22.7,23.6,24.4,24.9,25.9,27.1,27.7,28.5,29.7,29.9
22:38:49.158,93.9,55.9,80.9,82.7,77.7,74.7,78.0,78.9,75.0,75.6,73.9,73.3,73.7,70.9,69.4,67.2,64.1,60.4,57.4,53.3,48.5,42.1,36.5,31.8,32.1,27.1,23.5,22.8,23.9,23.6,24.5,24.6,25.3,26.2,26.9,27.8,28.7,29.6,29.8
22:38:50.158,92.5,56.7,81.0,81.8,81.0,80.8,81.4,78.6,76.6,75.9,76.9,72.9,69.6,70.3,67.7,66.5,63.9,62.7,60.2,55.8,49.1,45.2,39.6,34.2,32.1,27.2,23.7,23.3,23.4,23.7,24.3,24.3,25.1,26.0,26.8,27.7,28.6,29.6,30.0
22:38:51.158,94.3,58.0,81.2,84.5,83.6,80.7,81.4,81.2,77.6,74.2,73.4,71.4,70.4,68.0,69.0,67.0,65.2,61.6,61.4,55.4,52.5,48.2,44.7,39.2,36.4,28.9,23.8,23.1,24.0,23.2,23.7,24.4,25.3,26.3,27.1,27.5,28.6,29.5,29.9
22:38:52.158,92.2,52.4,79.0,79.7,81.0,81.7,78.4,75.8,75.8,74.2,70.8,72.5,69.5,66.7,65.1,61.6,58.4,55.3,52.6,50.3,46.3,41.7,38.6,31.6,31.8,25.7,23.2,22.9,23.5,23.1,24.2,24.6,25.4,26.3,26.7,27.5,28.6,29.5,30.0
22:38:53.158,93.5,52.8,79.4,83.5,87.1,85.6,76.5,74.9,75.7,71.8,69.2,71.2,70.1,68.7,64.8,59.4,58.7,52.2,55.2,52.7,49.8,44.8,38.1,34.4,33.6,27.3,23.8,22.7,24.4,23.2,23.6,24.8,25.4,26.1,26.7,27.7,28.7,29.7,29.9
22:38:54.158,95.3,50.5,79.0,81.1,81.6,81.9,81.3,80.8,77.3,76.0,72.8,70.3,68.6,67.2,62.2,60.0,57.0,57.5,54.8,50.9,43.8,40.3,36.6,34.0,32.7,26.9,23.6,23.1,24.0,23.5,24.5,24.1,25.0,25.9,27.0,27.7,28.4,29.7,29.9
22:38:55.158,96.3,50.0,80.5,85.7,84.9,83.1,78.2,80.1,80.3,73.5,74.5,70.3,68.8,66.6,62.2,60.1,58.2,54.1,48.3,46.3,44.2,41.5,36.8,32.8,32.4,27.2,23.8,22.5,22.8,23.0,23.7,24.5,25.3,26.0,26.7,27.8,28.8,29.6,30.0
22:38:56.158,97.5,50.1,80.7,79.8,79.1,74.5,77.8,77.0,79.0,76.5,74.9,68.6,66.5,62.6,58.8,56.2,52.9,51.6,50.0,47.2,43.1,37.6,36.1,30.6,31.6,25.7,22.6,22.7,22.8,23.2,24.1,24.1,25.0,25.8,26.7,27.6,28.7,29.5,29.9
22:38:57.158,94.8,48.3,79.1,82.9,79.9,79.8,82.5,80.7,75.8,74.3,74.9,71.0,69.1,64.7,58.2,55.9,53.9,51.9,49.2,47.3,43.8,37.1,35.3,31.8,31.1,25.4,22.3,22.7,23.0,22.6,23.7,24.2,25.1,26.0,26.7,27.8,28.7,29.5,29.9
22:38:58.158,91.1,47.5,78.3,78.5,78.9,79.2,80.4,79.4,77.9,72.5,74.2,71.5,68.3,63.4,55.8,55.0,53.2,50.6,48.1,46.4,40.9,35.3,31.6,30.0,30.0,24.6,22.2,22.0,23.2,22.5,23.8,24.1,25.1,25.9,26.8,27.7,28.5,29.5,30.0
22:38:59.158,91.4,46.3,77.3,78.5,74.6,76.0,74.9,73.9,76.7,73.3,72.3,70.9,68.2,63.0,55.1,53.0,49.8,46.7,43.4,41.9,39.2,35.1,31.1,28.9,30.2,24.9,22.3,22.1,22.7,22.4,23.7,24.1,24.9,26.2,26.9,27.7,28.6,29.6,30.0
22:39:00.158,92.9,47.7,78.4,82.9,77.9,80.8,80.5,78.9,78.4,74.3,75.4,69.5,66.9,63.8,60.8,56.9,55.2,51.6,47.6,44.8,40.7,38.6,34.2,30.3,31.0,25.6,22.0,22.0,22.4,22.9,23.4,24.3,25.2,26.1,26.9,27.8,28.5,29.5,30.0
22:39:01.158,94.4,50.1,78.7,77.0,80.4,81.4,82.3,80.3,72.3,75.5,76.0,72.5,68.9,68.4,65.3,61.0,57.0,56.5,51.7,47.5,42.6,37.1,35.6,32.2,30.3,25.6,22.4,22.0,22.8,22.7,23.6,24.2,24.7,25.9,27.0,27.7,28.5,29.5,29.8
22:39:02.158,93.8,53.4,80.5,82.5,81.8,82.9,79.1,80.9,79.7,77.6,75.8,73.6,72.0,69.2,66.5,62.7,60.6,58.8,57.9,53.7,47.7,41.0,34.8,32.4,32.4,26.2,23.4,22.5,23.3,22.7,23.6,24.7,25.2,26.1,26.5,27.6,28.6,29.6,30.0
22:39:03.158,93.1,52.1,79.4,81.5,79.0,80.6,79.6,79.6,77.6,74.2,71.8,71.0,70.7,66.6,62.5,60.5,58.6,56.8,54.4,48.8,45.0,41.2,36.2,29.6,31.1,27.1,23.4,22.9,22.9,23.2,23.8,24.4,25.2,26.2,26.8,27.8,28.8,29.6,29.9
22:39:04.158,93.2,51.4,79.4,80.0,82.1,79.6,78.1,76.7,73.6,74.0,72.3,71.2,71.3,69.3,65.0,61.8,57.5,53.8,47.3,44.1,41.0,37.5,34.6,31.1,32.4,27.1,24.4,23.6,23.9,23.3,23.9,24.2,25.3,26.1,26.9,27.8,28.5,29.6,29.8
22:39:05.158,93.6,52.6,79.6,82.7,79.8,80.8,76.8,77.3,79.0,77.2,73.5,71.1,70.9,69.5,64.6,63.0,61.7,58.4,54.4,46.3,44.0,45.0,40.8,32.0,33.2,29.2,26.3,25.2,25.2,24.3,25.3,25.9,26.0,26.8,27.2,27.9,28.7,29.7,30.0
22:39:06.158,93.6,52.9,79.1,86.0,84.6,84.1,81.6,74.1,78.0,74.6,75.6,72.5,69.8,65.8,63.7,65.1,62.0,58.0,57.3,54.3,49.4,40.4,37.1,32.9,34.1,29.5,26.2,24.6,25.4,24.7,25.3,25.8,26.6,27.5,27.7,28.2,28.8,29.7,30.0
22:39:07.158,93.7,52.4,78.1,83.7,82.2,79.3,78.9,77.2,78.9,74.5,73.7,70.0,67.8,65.1,63.7,62.6,61.3,58.4,54.3,49.5,48.3,44.1,37.7,35.3,34.5,29.3,25.7,24.8,24.0,24.0,24.7,25.4,26.2,27.3,28.2,28.7,29.1,29.8,30.1
22:39:08.158,93.8,49.0,75.9,82.0,78.5,78.9,79.2,75.8,74.4,71.7,70.1,67.5,64.0,64.1,59.6,57.5,55.4,54.4,50.1,45.3,41.3,36.3,35.6,30.3,32.2,27.1,25.2,24.5,25.1,24.7,25.2,26.1,26.7,27.9,28.0,28.5,28.7,29.7,30.0
22:39:09.158,92.1,48.5,77.0,82.6,82.3,80.8,77.9,77.2,70.6,70.8,72.6,68.8,66.5,65.3,60.1,57.8,53.4,51.9,49.3,44.2,37.1,33.8,31.6,29.2,31.5,27.4,25.3,24.0,24.2,23.7,24.3,25.0,26.1,27.3,27.6,28.3,29.0,29.8,30.0
22:39:10.158,92.7,48.2,77.2,76.7,78.7,81.0,79.4,75.1,75.0,71.5,73.9,69.9,69.1,64.6,62.1,59.0,56.9,52.4,45.6,43.4,39.6,34.2,31.0,29.7,32.1,29.1,26.0,24.9,24.0,23.7,24.5,25.0,25.8,26.7,27.3,28.1,28.8,29.6,30.0
22:39:11.158,93.7,47.1,75.9,80.0,76.4,77.1,78.4,76.2,71.5,72.7,70.0,67.9,69.2,63.6,62.4,57.6,55.2,51.7,44.8,41.3,39.1,34.7,32.7,30.1,32.0,26.8,23.9,24.1,23.5,22.9,23.7,24.7,25.5,26.2,26.9,27.8,28.7,29.5,30.1
22:39:12.158,93.2,49.8,76.8,79.9,76.7,78.7,79.8,72.5,73.3,71.6,69.9,68.9,68.2,66.4,64.8,60.8,56.9,54.7,51.1,46.1,40.9,36.0,33.9,29.6,30.8,26.8,24.9,23.5,23.1,23.1,24.4,25.2,25.6,26.6,27.2,27.9,28.7,29.5,29.9
22:39:13.158,90.2,49.9,75.7,77.2,80.1,77.9,74.8,74.0,73.0,67.2,67.9,65.5,66.2,62.5,63.3,59.9,56.2,53.2,50.7,45.5,37.6,33.2,30.4,29.5,32.5,27.2,24.8,24.3,24.0,23.0,24.3,25.2,25.8,26.7,27.2,28.1,28.7,29.4,29.9
22:39:14.158,94.6,50.0,75.4,81.9,77.6,75.8,75.1,71.6,71.4,67.3,69.1,68.2,67.1,67.0,63.8,61.5,58.1,55.5,51.9,47.0,42.5,37.7,31.9,28.8,30.6,25.6,23.1,22.5,23.3,23.3,23.8,24.8,25.3,26.6,27.3,28.1,28.7,29.6,30.0
22:39:15.158,91.1,52.9,76.1,80.8,82.5,79.7,75.3,73.3,72.6,73.4,68.3,65.1,67.4,65.1,64.6,63.3,61.3,58.7,55.8,49.5,44.5,39.2,33.2,28.4,31.3,25.9,22.4,22.1,22.5,23.0,23.6,24.7,25.4,26.4,27.3,28.0,28.8,29.7,29.9
22:39:16.158,94.1,53.9,76.6,79.0,80.8,77.6,74.0,69.1,72.2,72.3,69.1,68.8,67.5,66.0,66.2,64.7,62.6,59.8,57.0,52.0,48.4,43.6,39.7,32.6,32.3,25.5,22.6,22.6,23.3,23.0,24.1,25.0,25.9,26.7,27.3,28.1,28.7,29.6,29.9
22:39:17.158,92.7,53.9,78.3,84.3,79.7,83.2,80.4,79.0,77.3,74.1,73.0,71.1,68.9,68.8,65.8,65.6,63.0,58.2,53.7,50.8,50.8,50.7,47.0,40.6,33.4,26.9,23.1,23.0,23.2,23.3,24.2,24.8,25.7,26.6,27.1,28.0,28.6,29.7,29.8
22:39:18.158,89.7,50.9,76.2,76.6,76.5,79.0,81.2,74.9,70.3,70.2,70.3,68.9,68.8,65.7,60.4,60.4,58.4,55.6,52.1,50.8,47.7,43.5,39.1,34.0,31.1,25.6,23.2,22.3,22.7,22.8,23.9,25.0,25.6,26.7,27.5,28.2,28.8,29.6,29.8
22:39:19.158,93.5,48.9,75.7,82.0,81.4,79.0,75.1,75.2,72.6,69.1,70.4,70.5,66.9,65.7,59.7,59.7,57.8,55.6,52.8,47.2,41.4,36.0,30.2,27.2,29.7,24.9,21.0,22.1,22.7,23.0,23.9,24.6,25.3,26.6,27.0,28.2,28.6,29.6,30.0
22:39:20.158,91.7,48.7,77.0,80.9,80.6,79.3,77.2,72.2,67.1,71.4,70.6,71.1,68.1,62.5,64.1,56.8,55.6,54.0,49.5,41.8,36.1,33.7,30.6,27.1,29.4,24.6,22.2,22.0,22.7,22.9,23.7,24.4,25.1,26.2,27.1,27.7,28.7,29.4,29.9
22:39:21.158,91.4,48.7,77.9,80.5,79.9,81.3,81.2,73.5,78.8,75.8,72.4,70.5,71.2,67.5,63.4,61.4,56.7,52.9,47.5,41.8,41.1,39.9,34.5,28.0,30.7,25.2,22.3,22.8,22.7,22.5,23.7,24.5,25.1,26.0,27.0,27.8,28.7,29.6,29.9
22:39:22.158,92.1,47.8,77.2,83.3,82.5,81.1,77.7,79.3,76.4,75.0,71.6,69.7,69.1,66.1,63.3,58.1,50.4,54.8,48.1,46.1,42.7,38.9,35.7,32.6,30.6,24.7,22.0,22.2,22.9,22.5,23.7,24.5,25.5,26.2,27.0,27.9,28.6,29.7,30.0
22:39:23.158,89.8,48.1,77.8,78.9,78.2,77.5,78.9,79.7,77.3,73.2,72.4,68.2,68.2,64.2,57.9,55.0,54.9,52.8,50.6,46.1,44.0,38.8,33.8,30.8,32.4,25.6,22.4,22.4,22.6,22.8,23.5,24.4,25.1,26.1,26.8,27.9,28.6,29.5,29.9
22:39:24.158,91.2,48.7,77.4,80.0,82.2,74.5,73.5,77.9,76.5,74.1,67.7,69.0,68.1,63.0,57.5,55.9,56.3,53.2,51.2,46.5,40.9,36.1,32.3,29.6,31.6,24.6,22.6,22.5,22.5,22.5,22.9,23.8,25.1,26.3,27.1,27.9,28.7,29.6,30.0
22:39:25.158,90.1,47.2,75.8,70.8,78.1,77.7,75.7,73.9,77.0,70.7,71.8,68.5,66.6,62.2,59.1,57.2,54.3,51.4,48.9,46.0,41.7,35.5,31.6,28.8,30.6,25.7,22.7,22.7,22.4,22.8,23.9,24.8,25.3,26.1,27.1,27.9,28.7,29.4,29.9
22:39:26.158,90.2,49.7,75.7,82.8,82.0,76.7,77.1,75.5,75.3,70.3,70.9,68.1,64.1,63.2,61.9,58.4,55.8,54.2,53.7,50.2,46.6,40.8,35.7,30.8,30.9,26.9,23.5,22.9,23.6,22.8,24.0,24.7,25.1,26.0,26.8,27.7,28.6,29.5,29.8
22:39:27.158,91.3,52.5,76.7,80.5,80.2,78.7,76.6,76.8,74.9,74.0,70.5,69.9,68.0,65.8,63.7,61.4,59.7,59.5,57.1,52.5,48.6,45.1,44.8,37.4,33.5,27.9,23.2,22.5,22.9,22.5,23.8,24.7,25.3,25.7,26.9,27.6,28.6,29.6,29.9
22:39:28.158,93.4,50.4,75.2,77.0,79.5,81.4,77.3,74.6,72.8,73.3,69.3,67.8,67.2,64.6,63.9,61.4,59.7,57.6,54.5,49.7,47.2,44.5,41.6,36.5,33.6,28.3,23.6,22.7,23.5,22.7,23.5,24.2,25.2,25.8,27.0,27.7,28.6,29.6,29.9
22:39:29.158,89.2,49.4,75.4,77.2,76.8,79.8,75.7,73.1,73.1,69.4,66.6,65.9,64.3,60.4,60.8,60.4,58.2,52.8,47.8,43.4,40.2,37.1,33.0,30.4,30.3,26.1,23.3,22.1,22.4,22.7,23.7,24.2,25.0,25.8,26.9,27.7,28.7,29.4,29.8
22:39:30.158,91.2,48.9,76.4,81.3,79.0,74.6,71.9,65.7,69.4,68.6,67.6,66.6,64.3,60.6,59.9,56.5,53.1,50.3,44.6,40.4,37.8,33.4,29.3,27.6,31.2,26.1,23.7,22.2,22.8,22.9,23.7,24.3,25.2,26.0,26.6,27.6,28.6,29.5,30.0
22:39:31.158,89.9,45.9,73.1,79.4,73.2,75.5,75.1,75.0,73.2,67.0,68.0,64.6,65.5,63.6,59.7,53.8,52.6,51.2,47.5,41.6,37.1,33.1,30.5,29.0,31.4,27.4,24.4,23.5,23.6,23.3,24.0,24.2,25.1,26.1,26.9,27.6,28.5,29.5,29.8
22:39:32.158,89.7,46.4,74.0,80.9,72.9,73.7,73.2,73.8,72.3,70.6,67.6,66.9,64.9,63.1,60.8,54.0,52.1,52.4,48.6,40.9,35.8,33.3,31.7,28.9,32.5,28.5,25.4,24.4,24.7,23.9,24.9,24.8,25.4,26.0,26.8,27.6,28.7,29.7,29.9
22:39:33.158,90.8,46.1,71.9,78.6,75.3,75.3,76.5,71.0,70.4,67.7,68.4,66.1,65.3,62.5,58.8,55.5,53.2,53.0,50.7,43.3,40.6,35.2,31.5,30.3,33.2,28.2,24.0,23.5,23.8,23.4,23.6,24.6,25.2,25.9,26.7,27.7,28.6,29.6,29.9
22:39:34.158,89.6,47.7,72.8,74.5,72.4,69.2,68.5,69.2,68.6,64.4,65.2,64.1,61.3,61.4,56.3,54.3,53.3,49.9,47.9,44.0,40.1,36.1,31.5,29.6,32.0,28.0,24.7,24.2,24.0,23.2,23.7,24.6,25.0,26.0,26.9,27.6,28.5,29.6,29.9
22:39:35.158,89.7,47.2,73.2,79.5,78.4,76.8,76.2,73.3,69.5,70.7,67.2,66.4,62.5,62.8,57.9,56.6,55.6,53.7,50.9,47.2,41.9,36.3,32.1,29.9,32.3,27.7,24.1,23.8,23.3,23.1,24.1,24.5,25.0,26.0,26.7,27.5,28.7,29.6,29.8
22:39:36.158,89.3,45.9,72.3,78.5,75.6,72.5,74.2,73.5,68.5,65.8,65.3,63.4,63.3,63.3,56.2,54.2,52.6,50.4,48.0,44.9,38.4,35.0,31.7,29.1,31.5,26.9,23.7,22.9,23.4,22.9,23.8,24.5,25.3,25.9,26.8,27.6,28.5,29.5,30.0
22:39:37.158,88.7,44.6,71.0,77.7,76.7,75.7,73.0,69.8,67.1,67.1,65.3,62.9,61.9,60.1,59.1,55.8,52.2,47.7,45.1,39.7,37.6,34.7,30.2,29.2,31.5,26.9,23.5,23.2,23.3,23.1,24.0,24.3,25.1,26.1,26.9,27.6,28.5,29.5,29.9
22:39:38.158,88.2,44.2,70.9,75.6,76.9,74.9,72.1,68.5,67.2,67.7,61.8,63.1,62.0,59.6,56.5,56.4,52.4,47.2,41.2,37.4,33.5,32.3,30.3,29.4,31.0,28.0,24.2,23.0,23.2,22.7,23.7,24.4,25.2,26.0,26.8,27.6,28.6,29.6,29.9
22:39:39.158,87.3,44.2,71.2,73.9,73.7,76.8,73.5,69.2,69.9,63.6,62.2,61.9,60.5,61.7,58.6,53.7,50.5,48.4,40.1,36.6,33.9,32.7,31.1,30.1,31.9,28.7,25.3,24.0,24.5,23.0,23.9,24.3,25.0,25.8,26.7,27.9,28.6,29.6,29.8
22:39:40.158,86.2,43.5,70.7,75.8,69.5,68.4,71.8,70.4,66.1,64.8,64.9,61.8,59.4,60.5,57.7,52.9,49.8,45.3,39.4,35.4,33.7,32.8,32.0,29.3,31.3,27.7,24.9,23.7,22.8,23.3,23.9,24.4,24.9,25.8,26.7,27.6,28.5,29.5,29.9
22:39:41.158,90.2,43.1,70.9,74.0,70.8,71.4,73.3,69.9,67.5,65.9,63.2,65.6,61.5,59.7,54.7,49.3,47.7,45.2,40.5,37.9,36.8,32.7,29.3,29.0,31.9,27.8,24.7,23.7,23.4,23.0,23.7,24.4,25.1,26.0,26.9,27.6,28.6,29.6,29.9
22:39:42.158,88.0,44.3,73.7,76.2,78.3,77.8,75.5,70.0,73.5,72.7,69.6,65.5,64.2,62.6,58.4,51.4,50.5,46.3,43.1,39.2,38.7,36.0,30.3,28.8,30.7,26.6,23.2,23.1,23.7,22.7,23.4,24.2,25.2,26.1,26.8,28.0,28.5,29.4,29.9
22:39:43.158,83.7,42.7,70.2,72.0,71.7,69.5,69.4,70.2,67.4,62.2,60.6,62.0,62.3,57.3,53.7,50.9,47.6,43.2,39.1,35.5,34.7,32.1,30.8,30.0,32.0,27.4,23.5,22.9,23.5,23.1,23.5,24.4,25.2,25.9,26.8,27.8,28.7,29.5,30.0
22:39:44.158,87.7,45.2,72.4,76.4,70.2,68.8,69.0,70.0,70.6,67.3,65.3,63.4,61.5,58.2,58.0,54.2,51.9,47.1,42.9,38.4,35.6,33.6,29.7,29.4,30.9,27.1,24.5,23.5,23.8,22.7,23.6,24.4,25.2,25.9,27.0,27.7,28.6,29.5,29.9
22:39:45.158,86.4,44.8,71.2,74.1,73.6,75.7,73.3,70.9,70.2,66.2,65.1,61.2,60.2,62.0,58.5,54.1,52.3,50.6,46.5,39.5,36.8,33.6,28.7,29.3,31.4,27.6,24.7,22.8,22.7,23.0,23.8,24.5,25.0,26.1,27.0,27.8,28.6,29.7,30.0
22:39:46.158,87.4,44.8,70.5,72.4,73.6,74.8,73.4,65.9,64.8,65.3,64.7,62.9,60.7,59.9,55.3,54.1,52.8,51.0,45.8,41.4,35.8,31.2,27.5,28.7,31.6,27.6,24.0,23.0,23.3,23.1,23.9,24.4,25.1,26.2,26.8,27.6,28.6,29.6,29.8
22:39:47.158,86.3,43.9,69.9,71.6,73.5,73.6,71.9,68.3,69.8,66.8,64.5,63.0,58.8,59.4,55.1,52.2,53.2,50.6,47.4,41.3,35.4,32.6,27.8,27.0,31.4,26.9,24.6,23.1,24.2,23.3,24.3,24.8,25.1,25.9,27.0,27.7,28.6,29.5,30.0
22:39:48.158,88.2,43.7,70.9,76.9,71.0,73.8,72.8,70.2,67.5,65.0,63.5,61.1,62.0,59.8,54.8,53.4,50.8,47.2,40.0,35.8,33.7,32.4,29.2,28.8,31.5,26.5,24.4,23.5,24.3,23.5,24.1,24.8,25.3,26.3,27.0,28.0,28.9,29.6,29.9
22:39:49.158,86.6,43.6,71.6,75.9,76.1,74.4,73.7,70.4,68.5,68.2,64.0,63.7,60.4,59.6,54.8,52.4,51.2,45.5,39.9,38.7,35.3,32.4,28.8,29.0,31.7,27.1,23.2,23.8,23.6,23.3,24.5,24.5,25.4,26.4,27.0,27.7,28.8,29.6,29.9
22:39:50.158,84.6,43.4,70.9,65.2,68.2,70.5,70.3,67.8,68.0,64.4,65.9,62.8,61.3,58.9,55.6,50.8,48.6,44.3,42.2,36.9,34.3,32.1,28.0,28.5,30.7,26.9,23.7,24.0,24.2,23.2,23.9,24.5,25.3,26.2,27.1,27.7,28.7,29.6,29.8
22:39:51.158,86.6,42.6,70.3,73.9,73.6,73.3,70.7,67.8,67.5,69.0,64.3,63.5,61.2,58.5,54.2,52.2,50.4,44.9,39.7,37.1,33.8,31.7,27.6,27.4,31.1,28.0,26.8,24.8,24.1,23.2,23.6,24.4,25.3,26.1,26.9,27.8,28.5,29.6,29.9
22:39:52.158,87.2,43.5,71.0,73.6,74.1,73.9,70.5,69.7,68.1,66.8,65.3,62.5,59.7,59.6,55.6,53.2,48.8,42.5,40.7,38.8,34.4,32.2,29.0,28.4,31.7,26.5,24.2,23.5,23.2,22.9,24.0,24.6,25.3,26.1,26.8,27.6,28.8,29.6,29.8
22:39:53.158,87.4,42.4,69.0,73.0,71.6,71.0,71.7,70.3,66.0,63.7,61.7,62.0,59.5,57.8,54.8,52.9,49.3,44.1,40.1,38.9,36.3,32.7,28.9,28.1,31.3,26.7,22.5,22.8,23.1,22.7,23.7,24.0,25.1,26.1,27.0,27.8,28.5,29.7,29.9
22:39:54.158,85.5,45.1,71.6,74.5,70.5,71.6,67.1,70.2,66.5,64.4,61.5,60.1,61.3,60.3,54.6,52.9,52.1,48.7,42.0,38.8,34.2,31.2,28.6,28.6,31.2,26.8,23.5,23.4,23.1,22.9,23.2,24.2,25.0,25.9,27.0,27.7,28.5,29.4,29.8
22:39:55.158,84.8,44.2,70.0,72.8,70.5,68.1,72.8,70.4,67.1,66.4,63.9,60.6,58.0,58.6,56.6,54.9,51.5,51.0,44.9,35.5,33.4,32.2,29.9,29.0,30.7,26.0,24.4,23.2,24.0,22.9,23.7,24.5,25.2,26.0,26.9,27.6,28.5,29.6,29.8
22:39:56.158,86.3,43.8,70.3,72.2,73.9,75.2,71.9,66.4,68.1,65.9,67.6,60.7,61.0,58.6,56.7,54.8,51.3,48.9,44.8,39.4,36.3,34.1,30.0,28.6,31.8,27.5,25.1,23.8,23.7,23.1,23.8,24.3,24.9,26.0,26.7,27.7,28.6,29.6,29.9
22:39:57.158,85.8,42.7,69.5,70.2,73.3,71.0,66.4,67.8,62.0,65.7,61.7,61.5,61.1,57.3,56.0,51.6,48.7,44.1,41.0,37.0,32.5,32.1,29.0,29.1,31.5,27.1,23.6,23.0,23.0,22.9,23.2,24.4,25.1,26.0,26.5,27.7,28.5,29.5,29.8
22:39:58.158,90.7,43.9,72.2,72.0,74.2,72.8,74.5,69.0,67.4,66.4,65.7,63.0,61.2,59.2,56.7,52.5,48.5,45.9,41.2,35.8,34.5,31.9,28.8,29.0,31.9,27.5,23.9,23.2,23.7,22.9,23.8,24.4,25.3,26.2,26.8,27.7,28.8,29.6,29.8
22:39:59.158,88.0,42.7,69.9,75.2,72.0,74.5,70.2,70.1,68.8,63.6,62.8,62.6,60.5,60.0,54.4,50.1,48.9,45.9,40.2,34.2,34.5,32.9,28.5,29.9,32.3,27.2,24.3,22.8,23.4,22.7,24.0,24.2,25.1,25.9,26.7,27.6,28.6,29.5,29.8
22:40:00.158,87.9,43.4,70.9,72.6,74.8,75.2,67.1,69.6,68.9,65.7,65.2,62.4,60.8,59.6,53.6,50.7,47.7,46.2,42.8,38.3,35.8,32.7,30.5,31.3,32.2,27.7,24.1,23.5,23.9,23.0,23.9,24.5,25.2,25.9,26.9,27.7,28.6,29.5,30.0
22:40:01.158,86.7,43.6,71.1,77.0,74.9,71.8,68.5,70.4,69.9,65.8,58.5,62.3,61.6,59.7,53.4,50.4,48.7,45.6,44.1,39.3,35.1,34.2,30.7,31.5,32.5,28.5,25.2,23.9,24.0,23.5,23.7,24.4,25.2,26.1,26.9,27.7,28.7,29.6,29.9
22:40:02.158,85.6,42.7,70.0,69.9,68.7,69.4,71.1,68.9,65.2,61.4,65.3,63.1,60.3,60.1,52.3,49.7,47.7,45.7,41.6,37.2,33.9,31.5,29.5,30.6,32.5,28.9,25.2,24.5,23.8,23.4,23.9,24.0,25.1,25.7,26.7,27.7,28.5,29.4,29.7
22:40:03.158,84.1,43.4,70.6,71.2,70.1,75.2,73.3,69.5,70.1,67.0,65.1,65.1,62.3,62.2,58.5,49.0,50.1,46.1,44.0,39.2,35.3,32.0,29.7,31.0,32.4,28.2,24.8,24.6,24.4,23.6,24.0,24.3,25.0,25.8,26.8,27.5,28.5,29.5,29.8
22:40:04.158,86.4,44.0,71.8,70.4,73.8,75.7,74.9,69.2,69.4,69.3,66.7,64.5,60.5,59.6,55.4,52.2,49.8,49.1,44.9,40.1,35.5,32.2,28.9,30.7,32.6,28.0,25.9,24.4,24.5,23.8,24.6,24.8,25.4,26.0,26.6,27.7,28.6,29.6,29.9
22:40:05.158,86.9,45.2,72.1,73.1,73.4,70.8,68.1,70.0,68.0,69.8,66.5,64.6,58.7,59.8,57.1,55.4,51.3,47.6,42.7,39.0,36.1,34.0,30.0,31.3,32.9,28.0,25.9,24.4,25.3,23.2,24.0,24.5,25.4,26.1,26.8,27.8,28.8,29.6,29.9
22:40:06.158,85.1,44.0,69.2,72.4,73.9,73.3,69.5,67.0,66.1,66.1,65.2,62.8,61.8,59.9,57.1,55.0,50.9,48.4,43.2,41.2,39.1,34.6,31.2,32.0,33.4,28.4,24.6,24.2,24.2,23.6,24.1,24.6,25.2,26.0,26.9,27.7,28.5,29.6,29.9
22:40:07.158,84.2,45.7,69.8,71.7,73.4,70.5,69.7,71.0,66.4,66.7,66.9,62.8,59.2,60.0,58.7,54.8,53.0,49.9,49.8,46.2,42.8,36.1,31.1,29.9,32.0,27.2,24.7,24.6,24.3,23.4,23.8,24.5,25.0,25.9,26.7,27.6,28.7,29.6,29.9
22:40:08.158,86.4,46.1,69.7,71.8,73.0,74.6,69.9,69.9,67.1,66.7,65.5,61.0,59.2,58.9,59.4,55.9,51.9,51.2,50.7,47.1,43.1,38.5,32.0,29.1,31.5,27.2,25.6,23.6,23.6,23.4,24.0,24.1,25.3,25.9,26.8,27.6,28.6,29.5,29.9
22:40:09.158,85.6,47.7,72.0,72.9,73.2,71.6,73.6,70.8,69.0,69.1,65.8,63.3,60.1,60.5,59.5,56.6,54.4,51.5,51.3,47.7,43.8,37.8,33.9,31.5,32.3,27.3,24.8,24.1,24.0,23.4,23.6,24.1,25.4,25.9,26.9,27.7,28.5,29.5,29.9
22:40:10.158,86.8,45.3,69.7,75.3,72.1,71.6,68.8,70.1,65.9,67.1,64.5,61.9,59.6,59.1,57.1,54.6,53.0,50.8,48.9,44.6,39.8,37.6,35.1,32.5,32.8,28.3,25.0,24.7,24.6,23.3,24.4,24.6,25.2,26.0,26.8,27.7,28.5,29.5,29.9
22:40:11.158,86.0,45.3,69.8,70.2,73.3,68.1,65.0,68.8,66.9,65.8,63.3,62.0,58.6,58.9,53.6,53.0,51.4,50.5,46.2,41.7,37.3,33.1,31.6,30.7,32.8,28.4,25.5,24.2,23.6,23.1,23.9,24.6,25.2,25.9,26.7,27.3,28.5,29.6,30.1
22:40:12.158,89.1,47.3,72.0,74.1,75.0,76.9,77.0,70.0,70.6,68.3,66.8,66.4,64.6,63.7,58.8,58.0,55.1,54.3,52.2,48.5,44.8,38.4,33.4,30.7,32.2,27.4,25.1,23.5,23.6,23.1,23.3,24.4,25.3,26.0,26.8,27.7,28.7,29.5,29.9
22:40:13.158,88.8,44.6,69.7,73.3,75.2,74.9,69.7,67.7,66.6,66.4,61.6,62.5,59.5,61.4,56.4,56.1,51.5,48.9,47.3,42.2,36.0,31.5,29.1,28.7,31.5,26.4,24.4,24.0,23.1,22.9,23.5,24.2,25.1,26.1,26.6,27.8,28.4,29.5,29.9
22:40:14.158,85.8,45.0,69.7,70.7,66.7,65.7,66.1,64.1,62.5,65.6,59.4,61.1,60.6,58.5,54.4,48.5,44.9,44.6,42.6,44.3,35.4,32.5,30.6,29.4,32.7,27.1,24.4,23.0,23.6,23.0,23.8,24.4,25.1,25.8,26.7,27.9,28.7,29.6,29.9
22:40:15.158,85.3,44.4,70.4,73.1,74.2,75.6,72.8,70.8,67.7,65.8,63.2,63.2,61.7,59.3,56.6,52.9,51.1,49.2,46.5,42.7,35.1,32.2,29.8,29.7,32.4,28.3,25.7,24.4,23.8,23.1,24.3,24.3,25.4,26.1,26.7,27.8,28.6,29.5,29.8
22:40:16.158,85.5,43.1,68.2,69.6,64.4,68.7,67.8,58.0,57.0,62.5,57.5,55.2,54.3,53.7,50.2,48.0,45.7,42.2,39.0,36.7,33.0,30.8,29.1,30.6,32.7,28.1,24.2,24.3,24.0,23.2,24.0,24.6,25.2,26.2,26.9,27.7,28.7,29.6,29.8
22:40:17.158,89.7,42.1,69.6,77.4,74.1,71.8,72.6,69.8,67.8,66.0,63.7,63.1,60.2,54.7,52.8,50.5,48.3,44.6,42.5,36.8,33.0,30.9,27.9,28.9,32.0,27.7,24.3,23.8,23.7,23.3,24.6,24.6,25.2,26.1,26.7,27.7,28.7,29.6,29.8
22:40:18.158,85.1,42.0,69.3,74.9,74.2,71.5,71.9,69.7,70.5,64.6,63.5,62.1,59.0,58.7,51.2,53.0,50.9,44.4,42.1,36.2,33.2,31.0,27.7,29.4,32.3,27.4,23.6,23.1,23.2,22.7,23.6,24.1,25.2,25.8,26.8,27.6,28.6,29.7,30.0
22:40:19.158,91.6,40.6,67.5,74.1,74.5,71.1,67.1,65.3,65.2,62.7,63.2,59.6,60.2,55.5,49.8,47.7,45.7,41.1,37.8,32.8,31.6,31.7,27.7,28.5,31.8,26.8,22.9,22.7,22.8,23.0,23.6,24.3,25.3,26.4,26.8,27.8,28.7,29.7,29.8
22:40:20.158,87.5,41.5,69.7,71.7,71.7,74.2,71.2,71.2,67.1,62.9,62.7,60.1,57.5,56.0,51.7,50.0,46.4,44.0,40.2,35.7,32.4,30.7,28.6,27.2,31.5,26.1,23.1,22.3,22.7,22.5,23.4,24.1,25.2,26.1,26.8,27.6,28.6,29.5,29.9
22:40:21.158,86.9,41.4,69.4,70.9,72.3,74.6,70.7,68.9,67.2,64.9,62.9,60.9,57.2,56.0,50.3,50.7,47.2,43.8,39.8,35.4,31.5,31.2,27.4,25.4,30.6,25.6,22.8,22.4,23.0,22.3,23.8,24.5,25.2,26.1,26.9,27.6,28.7,29.6,30.0
22:40:22.158,82.1,40.5,67.7,67.9,65.2,67.9,70.0,69.6,66.8,62.8,63.9,60.3,53.3,54.6,52.5,46.5,46.0,42.3,39.3,34.9,33.2,30.9,27.1,27.0,31.0,26.1,23.3,22.8,23.3,23.0,23.7,24.3,24.9,25.8,26.9,27.6,28.5,29.8,29.8
22:40:23.158,87.5,41.3,69.9,69.0,70.9,66.4,68.8,69.9,69.9,62.7,60.3,59.4,55.4,55.8,50.0,46.9,46.0,41.7,35.4,34.5,32.3,30.5,27.4,27.2,30.5,25.3,22.4,22.6,23.6,22.9,23.6,24.3,25.1,25.7,26.8,27.6,28.6,29.6,30.0
22:40:24.158,86.3,43.0,71.8,70.0,67.9,69.2,69.6,69.8,67.8,63.7,66.0,60.3,56.8,56.4,52.3,48.1,46.5,42.2,40.2,34.6,31.8,30.8,26.2,25.8,30.8,25.3,22.4,22.9,23.1,22.4,23.3,24.2,25.1,26.0,26.9,27.6,28.5,29.6,29.8
22:40:25.158,88.0,40.5,69.6,75.7,73.7,75.0,73.2,71.3,68.2,65.9,62.8,60.6,55.5,54.3,54.3,49.0,45.9,45.1,37.7,33.0,32.2,31.3,25.8,26.1,30.6,25.1,21.9,22.2,22.0,22.4,23.6,24.0,25.0,26.0,27.0,27.6,28.6,29.5,29.8
22:40:26.158,85.9,40.8,68.9,72.5,72.2,71.8,71.0,68.1,65.5,66.9,63.1,61.3,56.7,55.5,51.4,49.7,45.6,41.8,37.4,32.4,31.9,30.7,26.2,25.7,30.0,24.5,21.5,21.6,22.5,22.6,23.5,24.4,25.2,26.0,26.9,27.7,28.6,29.4,30.0
22:40:27.158,87.3,42.0,69.8,73.7,72.2,66.1,69.8,70.0,68.6,68.1,62.6,64.0,60.3,59.0,54.3,52.8,47.5,45.7,41.3,36.5,31.0,29.4,26.7,25.7,30.5,24.9,21.6,22.1,22.3,22.6,24.0,24.6,25.1,26.2,26.6,27.6,28.6,29.6,29.9
22:40:28.158,87.0,42.8,71.5,75.3,73.5,70.3,68.0,71.5,71.0,70.1,69.2,61.9,61.6,58.7,55.8,53.4,50.6,45.2,41.6,38.0,35.0,31.6,27.8,25.6,30.9,25.0,21.9,22.4,22.5,22.8,23.8,24.2,25.1,26.0,27.1,27.9,28.8,29.7,29.9
22:40:29.158,85.1,42.2,71.0,76.8,75.5,69.6,72.8,70.7,69.5,69.0,67.3,64.0,61.6,61.2,54.9,52.9,46.1,43.4,39.6,34.6,33.9,30.2,27.0,26.5,30.5,24.5,22.3,22.8,22.5,22.5,23.7,24.2,25.0,25.8,26.8,27.8,28.6,29.6,29.9
22:40:30.158,87.8,42.2,71.2,75.0,74.1,72.9,71.2,70.2,67.5,65.7,62.3,60.5,58.5,60.7,55.2,49.8,46.4,42.0,38.6,34.6,31.3,29.8,28.5,28.5,30.3,25.9,22.2,22.2,22.9,22.9,23.4,24.3,25.1,26.1,26.9,27.8,28.6,29.5,29.8
22:40:31.158,88.2,41.9,70.3,72.8,71.7,69.2,69.6,69.5,66.4,69.2,62.3,61.7,61.4,59.3,51.9,50.2,47.6,43.2,39.1,33.7,32.0,30.3,27.1,26.5,30.9,25.5,22.2,22.1,22.5,22.2,23.6,24.2,25.3,26.2,27.0,27.9,28.8,29.5,30.0
22:40:32.158,86.6,42.6,69.9,77.2,75.1,71.5,70.7,68.3,68.2,65.6,63.9,63.8,62.7,58.1,55.2,51.8,49.4,47.2,43.7,38.5,34.8,30.9,26.3,26.7,30.9,24.9,22.5,22.2,22.7,22.7,23.6,24.2,25.3,26.0,27.1,27.8,28.7,29.7,30.0
22:40:33.158,88.2,44.8,71.7,71.0,66.1,64.9,67.4,70.8,68.7,63.3,60.6,62.3,60.0,56.6,56.4,52.1,47.9,47.7,44.1,38.4,33.9,30.8,27.5,27.6,30.7,26.5,23.1,23.3,24.3,23.1,23.5,24.5,24.9,26.2,26.8,27.6,28.6,29.6,29.9
22:40:34.158,85.0,44.1,71.1,69.3,72.9,75.2,74.4,70.5,68.0,66.4,65.1,63.4,61.3,60.3,57.8,54.7,48.4,49.0,44.6,37.0,31.6,30.4,27.4,29.3,31.9,27.0,23.8,23.4,24.3,23.1,24.1,24.3,25.0,25.9,26.8,27.8,28.5,29.5,29.9
22:40:35.158,86.6,43.1,69.5,76.9,75.0,70.6,72.1,69.5,68.0,66.2,63.2,63.2,61.7,59.7,58.0,55.7,51.7,47.9,41.3,35.5,31.3,30.9,27.5,28.0,30.8,26.9,23.4,22.4,23.5,23.3,24.0,24.6,25.3,26.1,26.9,27.7,28.6,29.6,30.0
22:40:36.158,83.7,42.2,68.2,69.3,69.7,72.5,70.8,66.4,64.6,65.3,59.5,58.5,54.9,56.0,55.2,52.7,46.2,44.1,38.9,33.9,31.8,30.1,27.0,28.2,31.2,26.6,23.1,23.1,23.5,22.8,23.6,24.9,25.6,26.3,27.3,28.1,28.7,29.7,29.9
22:40:37.158,85.5,41.2,67.8,74.3,70.7,70.7,71.3,68.7,63.7,62.5,59.6,59.7,56.5,58.3,52.4,49.3,46.5,43.1,37.7,33.5,31.4,30.1,28.1,28.7,31.9,26.7,23.1,22.8,23.7,22.9,23.9,24.5,25.4,26.2,27.1,27.7,28.5,29.6,29.9
22:40:38.158,87.0,41.5,68.0,67.5,68.8,73.3,71.5,65.8,64.6,65.9,59.6,59.1,57.4,55.1,51.6,49.2,46.8,43.7,41.7,35.8,31.8,30.1,28.7,28.2,31.6,26.8,24.2,23.9,24.2,23.5,23.8,24.5,25.4,26.4,27.1,27.9,28.6,29.5,29.9
22:40:39.158,92.6,42.7,68.9,72.6,71.6,70.2,72.8,68.6,68.1,62.1,61.2,57.4,55.7,57.3,50.3,50.1,48.5,46.6,42.8,36.9,33.0,30.3,27.2,27.9,31.0,27.1,24.2,24.3,24.2,24.3,25.4,26.5,27.0,28.7,29.2,29.2,29.7,30.3,30.1
