AMBIENT,NaN,37.2,NaN,37.7,39.1,40.3,42.1,46.4,42.8,43.1,46.7,45.1,43.2,45.2,43.4,44.9,43.1,37.6,39.2,31.5,30.4,30.2,29.7,29.8,28.6,28.1,28.3,28.9,29.8,30.6,32.3,33.5,33.5,34.8,36.0,37.1,38.2,39.1,41.0
22:35:03.000,NaN,37.7,NaN,34.2,29.8,38.4,41.6,43.7,38.4,39.3,45.1,43.7,41.8,45.0,45.5,43.4,43.4,39.2,39.4,30.5,29.4,29.6,31.3,31.0,29.6,28.7,28.3,28.7,29.9,30.3,31.4,33.4,33.4,34.7,36.1,36.9,38.1,39.1,40.9
22:35:04.000,NaN,37.3,NaN,36.0,35.4,36.5,43.1,41.7,44.2,43.2,44.4,44.8,44.0,45.0,47.2,43.5,46.0,37.6,39.5,31.7,29.5,30.3,29.1,30.2,29.2,28.2,28.2,28.7,29.9,30.5,31.2,33.5,33.5,34.8,36.1,36.9,38.1,39.0,40.8
22:35:05.000,NaN,37.6,NaN,36.3,37.3,38.4,42.8,43.9,42.5,42.1,44.5,45.3,43.5,45.1,44.3,44.9,44.7,38.1,40.1,31.6,30.3,31.2,30.4,29.4,29.3,29.0,27.9,28.9,29.8,30.1,31.3,33.2,33.3,34.7,35.9,37.0,38.1,39.1,40.9
22:35:06.000,NaN,37.7,NaN,31.4,35.9,40.4,41.4,40.6,42.2,43.7,44.0,45.5,42.8,45.8,47.7,44.7,45.1,38.1,40.0,32.3,31.5,31.1,29.8,29.5,29.3,28.1,28.5,29.3,29.5,30.4,31.7,33.5,33.4,34.6,36.0,36.9,38.1,39.1,40.9
22:35:07.000,NaN,38.1,NaN,36.6,35.9,36.8,43.3,41.1,40.6,41.6,46.8,45.9,41.2,44.7,46.9,46.9,42.8,37.6,40.6,33.6,32.7,31.3,30.6,30.3,29.8,27.5,28.6,28.8,29.9,30.6,31.6,33.3,33.5,34.6,35.9,36.9,38.2,39.1,40.8
22:35:08.000,NaN,37.9,NaN,35.8,33.8,40.7,39.1,38.5,42.2,42.9,45.6,46.0,40.0,45.9,45.3,46.5,45.7,39.1,40.9,33.4,32.0,30.4,30.7,30.8,29.5,28.4,28.8,28.5,29.6,30.3,31.3,33.6,33.4,34.9,36.0,37.0,38.1,39.1,40.8
22:35:09.000,NaN,38.8,NaN,38.4,41.7,42.3,40.6,42.4,44.6,44.9,43.1,42.6,43.3,45.8,46.7,46.3,43.0,37.5,40.3,33.4,32.7,32.4,32.1,31.9,29.4,29.2,28.8,29.6,30.3,30.3,31.5,33.5,33.5,34.7,36.1,36.9,38.2,39.1,41.0
22:35:10.000,NaN,39.1,NaN,36.4,40.7,41.7,39.8,38.3,42.9,41.5,44.5,46.4,40.8,45.4,45.5,45.5,46.4,39.0,39.6,34.9,33.4,34.0,31.5,33.0,30.0,28.4,28.6,29.3,30.2,30.5,31.6,33.4,33.5,34.4,35.9,37.1,38.1,39.2,40.9
22:35:11.000,NaN,38.6,NaN,39.8,33.7,34.4,38.7,44.9,40.6,44.4,47.2,47.1,44.5,46.3,47.4,45.6,44.7,38.7,40.3,34.6,31.9,33.3,31.7,31.6,29.5,28.3,28.6,29.1,30.0,30.6,31.4,33.5,33.3,34.9,36.0,37.0,38.3,39.1,40.9
22:35:12.000,NaN,39.2,NaN,33.2,34.2,41.1,37.6,45.1,42.3,40.9,43.8,45.9,42.3,43.5,47.2,45.8,45.0,38.1,40.6,32.8,32.1,31.8,33.4,33.4,31.1,29.2,28.3,29.1,30.2,30.8,31.8,33.7,33.5,34.6,35.9,37.0,38.1,39.1,40.8
22:35:13.000,NaN,39.1,NaN,40.1,37.7,42.9,43.5,48.5,40.1,41.0,48.4,46.2,42.0,44.9,43.9,44.4,45.1,38.6,40.0,32.2,32.3,32.6,32.5,33.2,31.4,30.3,29.3,28.8,29.7,30.5,31.3,33.4,33.3,34.8,35.9,36.8,38.0,39.0,40.9
22:35:14.000,NaN,38.8,NaN,39.0,40.2,41.4,42.6,48.9,42.9,43.6,47.0,46.4,42.2,46.6,47.1,45.4,44.3,39.5,39.5,32.5,31.8,30.8,32.0,32.6,30.2,29.0,28.5,29.1,29.7,30.7,31.3,33.3,33.4,34.6,35.9,37.1,38.2,39.1,40.9
22:35:15.000,NaN,42.0,NaN,31.4,41.2,40.4,40.8,45.7,38.7,40.0,41.7,45.2,45.1,45.2,46.4,47.6,48.1,45.6,44.9,41.2,38.3,35.5,33.3,32.2,29.6,29.3,28.5,29.0,30.2,30.9,31.5,33.1,33.5,34.5,35.9,37.1,38.2,39.2,40.9
22:35:16.000,NaN,39.5,NaN,41.0,38.2,43.7,43.3,46.4,67.5,50.2,52.6,50.1,43.8,47.7,47.9,47.0,44.2,42.5,40.9,35.8,34.7,33.7,32.1,31.8,30.7,29.7,28.3,29.1,29.9,30.8,31.8,32.6,33.6,34.8,36.0,37.3,38.2,39.2,40.9
22:35:17.000,NaN,41.7,NaN,31.8,37.1,66.4,74.0,74.8,70.2,48.0,47.9,46.4,46.4,47.4,48.9,48.0,45.6,42.7,41.6,39.0,37.8,33.9,33.0,32.1,30.3,28.9,28.4,29.3,29.8,30.8,31.8,32.4,33.5,34.9,35.9,37.0,38.0,39.3,40.8
22:35:18.000,NaN,50.4,NaN,39.1,47.6,79.2,75.7,76.6,75.5,61.6,49.8,49.8,49.3,48.9,53.4,49.8,50.5,52.1,49.8,51.4,49.2,46.5,43.1,38.1,32.7,29.2,28.4,28.9,30.2,30.6,31.6,32.6,33.5,34.8,35.9,37.1,38.1,39.1,40.7
22:35:19.000,NaN,57.6,NaN,63.0,74.2,79.3,83.1,87.0,75.1,69.8,56.1,54.7,56.4,55.7,55.6,58.9,58.7,60.1,57.6,55.3,55.1,54.6,51.1,44.7,37.1,31.0,29.7,29.3,29.8,30.8,31.3,32.2,33.6,34.7,36.0,37.2,38.2,39.3,40.9
22:35:20.000,NaN,65.0,NaN,81.8,78.5,85.3,82.9,86.9,82.8,68.2,61.3,59.3,60.5,57.5,59.1,63.4,62.6,70.9,67.8,62.8,63.0,59.8,55.4,48.5,39.7,34.4,31.8,29.9,29.9,30.9,31.6,32.7,33.5,34.8,35.8,37.2,38.1,39.2,40.8
22:35:21.000,NaN,68.5,NaN,76.3,73.8,84.0,92.4,87.1,77.3,70.5,62.3,60.9,64.3,62.9,65.5,70.4,73.6,75.3,72.6,68.5,64.4,62.0,58.6,52.8,44.5,39.0,36.2,32.2,32.0,31.6,31.4,32.7,33.8,34.8,36.0,37.1,38.2,39.2,40.8
22:35:22.000,NaN,71.6,NaN,76.4,84.6,91.8,93.3,89.4,86.6,73.2,64.7,68.6,70.8,71.0,71.1,73.4,77.4,76.5,74.2,73.0,67.5,64.0,60.4,54.7,47.1,43.0,39.8,36.4,35.2,33.4,32.2,32.7,33.5,34.5,35.9,36.9,38.2,39.2,41.0
22:35:23.000,NaN,74.0,NaN,85.3,87.1,91.1,93.5,88.6,93.2,79.7,69.2,72.4,77.8,77.4,78.6,79.1,79.2,79.5,77.0,74.5,70.1,66.5,64.8,57.9,52.5,49.0,46.3,42.8,42.7,40.0,35.8,33.9,33.8,35.0,36.0,37.2,38.2,39.3,41.1
22:35:24.000,NaN,75.4,NaN,87.8,91.6,89.9,91.1,94.4,98.8,79.6,74.0,76.3,82.6,83.6,83.8,83.0,80.2,82.0,80.0,75.4,72.5,67.9,65.5,59.7,54.8,51.3,49.7,46.4,46.5,43.4,38.7,35.3,34.2,34.9,36.0,37.2,38.3,39.4,41.2
22:35:25.000,NaN,77.1,NaN,84.5,88.9,95.1,99.9,104.1,99.6,86.9,77.5,78.3,84.0,87.4,83.3,83.5,82.5,81.8,81.5,78.5,73.4,69.9,67.7,63.0,57.0,53.0,52.6,49.5,49.7,45.7,43.1,39.2,35.9,35.2,36.1,37.1,38.3,39.2,40.9
22:35:26.000,NaN,77.8,NaN,85.0,93.6,104.8,97.2,105.0,98.5,82.8,83.9,83.6,86.6,86.1,82.0,83.0,82.4,80.5,83.0,80.0,72.6,70.3,68.0,63.1,56.8,53.7,51.6,49.0,49.9,45.4,43.1,39.8,36.1,35.3,36.2,37.3,38.2,39.4,40.9
22:35:27.000,NaN,78.0,NaN,95.4,94.4,103.1,107.8,106.8,94.3,84.4,87.3,87.7,86.7,84.9,84.0,84.7,83.6,80.8,82.7,79.1,74.8,72.1,69.5,63.0,57.7,54.7,53.0,49.3,48.9,45.7,41.2,37.9,35.0,35.0,36.2,37.2,38.3,39.3,41.0
22:35:28.000,NaN,81.8,NaN,98.8,94.2,101.0,101.5,99.3,90.6,85.7,88.0,90.5,86.6,87.1,84.3,89.0,87.3,84.2,84.1,81.0,77.5,76.8,73.6,69.3,64.1,61.4,62.3,59.8,59.6,55.3,51.3,47.3,42.9,37.7,36.5,37.2,38.2,39.3,40.9
22:35:29.000,NaN,82.8,NaN,104.0,100.5,101.5,105.7,95.9,88.7,84.1,93.9,91.4,92.6,93.1,87.7,88.4,89.5,88.0,85.5,83.2,78.8,78.3,74.0,71.3,66.4,63.4,64.8,61.4,62.0,59.4,54.6,51.8,46.4,45.2,39.7,37.7,38.2,39.2,40.9
22:35:30.000,NaN,83.9,NaN,101.4,99.4,100.9,98.5,93.6,84.7,92.2,94.7,90.0,94.1,92.8,88.5,85.4,91.9,89.9,84.7,83.0,78.7,75.8,73.5,69.3,63.0,59.7,58.5,54.8,55.8,52.2,48.7,45.5,39.9,36.5,36.0,37.2,38.3,39.2,41.0
22:35:31.000,NaN,87.7,NaN,95.3,104.6,99.2,96.1,97.5,87.2,91.9,96.0,94.9,95.3,93.7,90.1,89.7,94.6,94.9,90.4,86.6,84.8,81.0,77.4,74.3,70.4,64.7,63.2,61.0,64.2,59.9,60.3,54.4,50.6,44.8,38.3,37.5,38.2,39.2,41.0
22:35:32.000,NaN,87.6,NaN,94.8,99.4,97.1,93.4,89.9,90.8,97.9,96.8,97.9,97.1,96.0,88.7,91.2,92.8,93.1,90.8,87.1,85.9,82.0,80.8,76.8,71.4,66.5,64.0,62.5,65.6,62.6,60.8,60.0,55.9,49.8,43.9,38.7,38.4,39.2,41.0
22:35:33.000,NaN,87.6,NaN,100.0,98.7,95.5,97.8,95.0,97.0,99.4,99.2,96.4,95.8,93.4,89.0,92.5,93.3,92.4,86.0,85.1,86.1,84.9,81.7,77.1,68.9,65.8,64.8,61.8,65.0,62.9,59.3,57.0,52.0,47.9,40.7,37.9,38.2,39.5,41.1
22:35:34.000,NaN,88.7,NaN,99.7,95.6,94.1,100.4,94.3,99.4,106.5,102.2,97.5,99.2,97.6,95.9,92.3,91.8,90.4,89.7,88.9,88.5,85.2,80.2,76.8,71.5,69.5,68.1,66.0,66.2,62.6,59.5,58.6,53.5,47.1,40.2,37.7,38.3,39.4,41.1
22:35:35.000,NaN,90.7,NaN,94.3,100.9,101.4,95.8,97.6,99.2,104.3,102.4,103.3,100.6,98.5,97.7,96.7,96.0,93.4,91.2,86.5,86.6,84.5,84.8,80.4,73.1,72.4,71.2,69.5,69.0,66.4,64.6,64.4,60.8,55.6,49.7,44.4,40.0,39.6,41.2
22:35:36.000,NaN,92.2,NaN,90.3,97.5,97.2,98.3,100.3,102.3,108.3,101.0,104.7,99.9,99.5,100.0,99.0,99.1,97.1,93.6,90.9,89.8,86.6,84.3,80.8,77.2,74.5,72.6,70.4,73.6,71.0,65.4,67.3,62.8,57.1,51.7,45.6,40.2,39.6,41.2
22:35:37.000,NaN,93.7,NaN,92.8,93.5,96.4,99.1,102.2,105.7,105.1,102.5,101.2,97.8,96.2,97.7,96.5,97.0,96.5,94.7,92.6,91.1,92.8,89.0,83.6,78.7,75.4,71.3,70.2,74.5,71.2,67.5,67.1,64.7,61.4,57.7,51.8,45.6,40.8,41.3
22:35:38.000,NaN,92.6,NaN,93.6,101.9,99.1,101.4,96.5,105.8,97.9,105.1,102.3,96.9,98.6,97.5,98.6,97.4,95.1,93.6,91.7,91.0,89.4,87.1,79.9,75.3,74.4,70.9,70.6,75.5,73.4,71.6,70.5,68.5,63.6,54.2,53.0,45.2,40.9,41.3
22:35:39.000,NaN,93.6,NaN,95.3,95.4,103.9,101.0,100.5,100.9,101.7,105.8,103.1,96.5,100.5,96.8,99.1,95.7,93.8,95.0,93.5,91.0,90.7,87.6,77.9,77.0,73.4,75.7,72.6,72.0,70.8,70.4,68.8,67.8,62.4,56.1,51.2,42.8,40.1,41.4
22:35:40.000,NaN,92.5,NaN,99.4,99.0,97.4,102.5,100.1,102.6,100.6,107.7,102.6,100.0,100.2,101.1,100.8,97.2,93.8,93.7,95.0,91.8,86.5,82.0,78.6,74.8,74.7,73.6,68.8,73.0,71.0,69.8,67.6,65.1,62.1,56.0,50.0,44.2,40.1,41.5
22:35:41.000,NaN,90.3,NaN,97.1,100.6,101.1,102.5,108.2,107.0,105.2,105.4,102.3,102.2,98.8,100.4,101.7,99.5,94.4,88.5,88.3,85.3,84.9,81.8,74.4,69.6,69.3,68.5,65.6,66.5,66.4,62.7,60.4,57.1,51.6,45.3,40.5,39.0,39.7,41.3
22:35:42.000,NaN,89.3,NaN,96.9,99.1,104.2,104.4,105.5,105.4,102.8,106.1,102.5,100.4,99.4,102.4,99.4,97.9,94.9,89.2,86.1,88.2,85.2,77.9,76.8,71.6,71.2,71.7,69.9,70.4,68.0,62.8,60.7,56.2,52.5,46.7,42.1,38.9,39.5,41.3
22:35:43.000,NaN,89.7,NaN,97.9,96.1,102.1,106.0,106.5,108.6,106.3,102.6,102.8,101.8,102.1,100.8,96.6,91.9,88.0,88.0,89.2,87.6,83.9,78.9,78.4,74.4,71.0,71.4,70.2,72.9,71.7,71.1,71.8,69.9,66.6,60.1,57.8,49.8,41.9,41.4
22:35:44.000,NaN,89.6,NaN,97.6,100.6,104.6,104.4,102.3,103.7,105.3,100.2,99.3,100.1,100.2,100.1,97.0,92.8,92.1,87.1,90.9,89.3,82.9,77.8,77.7,75.0,73.9,73.0,71.2,72.3,70.4,68.8,69.0,66.9,62.6,52.7,47.0,41.8,39.8,41.3
22:35:45.000,NaN,93.8,NaN,103.5,104.2,107.6,110.2,105.7,103.8,103.8,103.7,102.6,98.9,101.2,98.0,97.2,95.4,94.9,95.6,93.9,90.3,84.7,85.4,83.3,81.3,79.8,78.4,75.6,77.8,77.0,74.3,73.0,68.5,68.0,59.2,56.7,50.0,44.4,42.0
22:35:46.000,NaN,96.0,NaN,103.7,95.4,105.8,105.6,100.3,100.9,105.7,103.8,104.8,106.0,105.1,104.6,100.1,98.7,97.1,97.1,96.3,93.4,88.9,88.4,85.5,82.8,80.0,80.7,76.1,76.6,75.7,74.5,73.2,68.5,66.2,57.2,59.0,50.6,44.1,41.9
22:35:47.000,NaN,93.5,NaN,104.3,106.2,109.2,106.2,108.9,107.4,107.8,102.5,105.3,106.0,104.5,103.3,100.7,98.6,98.4,99.4,95.8,91.1,84.8,81.4,79.4,76.3,74.6,71.7,67.0,70.9,67.1,62.1,61.5,59.1,57.4,45.3,42.7,39.7,39.9,41.5
22:35:48.000,NaN,91.1,NaN,97.9,99.8,105.4,104.5,105.8,109.1,105.4,105.3,104.1,103.0,102.2,99.3,99.8,95.2,94.7,93.4,91.3,89.5,82.6,81.7,79.8,77.9,75.4,71.2,69.2,72.7,71.8,69.6,69.0,64.8,62.0,54.7,48.5,40.2,40.2,41.7
22:35:49.000,NaN,91.7,NaN,100.2,106.2,106.1,105.3,108.1,108.7,104.0,103.9,105.5,104.8,98.1,96.9,94.5,93.4,94.9,96.6,92.2,88.4,83.4,81.6,79.0,74.6,72.6,71.1,66.3,69.1,69.6,64.6,61.0,57.9,54.5,46.5,40.5,38.9,39.7,41.4
22:35:50.000,NaN,92.1,NaN,97.8,104.2,109.3,107.3,108.3,105.0,106.5,104.9,104.4,101.3,98.8,97.2,97.1,99.2,98.2,96.4,92.2,87.4,84.2,83.9,81.4,76.0,74.4,71.5,66.0,69.2,69.5,68.5,67.7,67.7,59.3,54.4,49.7,41.4,39.8,41.4
22:35:51.000,NaN,93.8,NaN,107.4,101.7,110.1,107.5,106.0,102.3,106.1,103.6,99.9,100.3,99.6,100.5,100.4,98.3,97.2,95.9,91.3,89.3,87.9,84.5,85.3,80.5,77.7,76.3,72.1,75.5,73.9,71.0,65.0,62.5,60.0,53.3,51.0,41.3,40.1,41.3
22:35:52.000,NaN,95.5,NaN,106.2,111.1,105.1,107.1,109.0,104.4,102.3,98.8,101.3,102.3,100.4,100.6,98.8,100.6,99.2,98.6,94.5,92.4,89.5,88.1,86.7,83.8,78.1,76.7,74.1,74.7,73.1,70.4,66.0,63.5,61.4,55.4,48.2,41.7,40.0,41.6
22:35:53.000,NaN,94.3,NaN,109.4,104.7,104.4,103.7,103.3,103.6,103.4,102.5,104.9,99.9,100.8,99.2,97.6,98.7,98.7,97.6,92.6,91.0,86.4,86.2,84.4,79.1,76.4,77.4,76.6,77.6,78.1,73.8,69.2,65.0,60.4,57.4,51.7,43.3,40.6,41.4
22:35:54.000,NaN,92.1,NaN,102.5,101.8,107.3,102.6,103.1,103.9,104.1,105.7,102.9,101.6,100.2,98.4,98.5,99.7,98.5,95.3,90.4,89.7,84.2,82.4,80.2,75.8,75.1,75.5,68.9,73.2,73.1,68.3,61.6,62.2,57.4,50.5,44.7,39.5,39.4,41.3
22:35:55.000,NaN,90.9,NaN,107.3,102.6,105.7,100.0,104.5,106.7,105.1,102.3,100.0,98.1,99.2,98.4,99.6,97.6,95.3,92.3,87.9,88.6,84.0,83.4,81.7,76.0,75.2,74.8,72.5,72.8,73.8,71.4,69.6,66.1,60.6,55.9,48.8,40.1,39.6,41.1
22:35:56.000,NaN,89.8,NaN,109.1,104.7,99.5,103.8,103.4,102.3,104.2,102.9,101.2,98.3,99.9,97.1,97.2,93.1,93.5,92.5,88.3,88.0,81.7,82.6,80.7,76.5,74.5,73.2,70.0,70.2,71.8,68.3,64.2,63.2,56.9,47.9,39.4,38.6,39.4,41.2
22:35:57.000,NaN,89.5,NaN,104.8,99.4,105.7,103.8,102.1,104.0,101.7,99.9,100.0,98.8,98.2,98.2,98.3,93.3,93.5,90.1,85.6,85.6,81.3,80.9,81.2,76.5,72.9,73.3,72.5,70.0,69.5,63.7,61.2,60.7,54.7,48.4,40.8,38.6,39.6,41.3
22:35:58.000,NaN,90.8,NaN,108.8,102.5,106.3,101.3,107.7,103.6,103.2,100.5,100.7,98.3,97.8,99.5,98.8,96.8,95.1,91.6,88.7,86.3,80.5,80.3,79.9,75.4,70.6,70.1,67.1,66.8,68.4,67.2,62.3,57.7,52.0,47.8,39.8,38.5,39.5,41.2
22:35:59.000,NaN,89.9,NaN,102.8,99.9,99.8,105.4,105.1,104.3,103.9,102.2,100.2,101.6,98.3,98.5,99.6,98.1,97.2,92.8,90.1,85.1,81.8,81.4,78.9,72.2,72.6,72.5,69.7,71.7,70.7,67.5,59.0,55.4,52.5,49.9,47.0,40.0,39.5,41.2
22:36:00.000,NaN,87.3,NaN,104.0,106.4,104.9,106.2,104.1,104.2,102.1,101.9,99.0,101.3,97.0,97.2,95.0,95.5,93.1,89.4,87.4,83.9,80.3,78.4,75.5,69.6,69.5,69.1,67.7,66.4,65.8,60.6,55.8,52.2,47.3,39.6,37.5,38.3,39.5,41.2
22:36:01.000,NaN,85.0,NaN,100.9,100.2,103.4,106.7,103.8,104.5,101.3,99.1,99.0,97.6,95.8,93.7,93.1,91.1,89.0,84.5,82.4,80.3,77.8,78.2,75.5,70.2,69.0,67.8,63.4,65.9,61.9,59.5,53.8,48.1,39.6,37.1,37.3,38.3,39.4,41.1
22:36:02.000,NaN,86.2,NaN,101.6,101.1,104.8,101.3,102.5,103.5,104.3,102.1,99.9,96.5,92.9,93.9,94.7,92.8,89.4,87.1,85.3,82.8,80.9,79.8,78.3,73.1,68.8,65.7,62.2,63.5,64.3,61.8,53.3,51.8,49.9,42.7,37.6,38.3,39.4,41.0
22:36:03.000,NaN,86.7,NaN,98.9,101.5,102.4,103.2,105.4,103.2,100.7,103.9,97.0,99.1,98.3,95.9,96.1,93.0,88.6,89.4,86.7,82.3,78.3,78.3,75.6,70.4,63.7,66.0,64.7,65.6,62.9,57.2,50.7,48.3,40.9,37.4,37.5,38.4,39.5,41.2
22:36:04.000,NaN,87.2,NaN,100.2,98.2,103.0,101.6,103.8,102.1,100.2,102.2,101.0,98.6,96.3,94.4,94.0,93.4,89.5,86.4,84.6,83.3,80.7,81.8,79.3,72.2,68.6,68.5,64.4,64.1,62.2,60.9,54.8,53.4,44.3,40.4,37.9,38.4,39.4,41.0
22:36:05.000,NaN,85.1,NaN,104.4,100.1,98.9,103.1,106.4,104.0,98.3,99.4,99.3,97.2,94.7,94.9,95.2,93.2,88.4,87.4,83.9,82.2,77.3,76.7,77.8,71.3,70.1,70.5,67.7,65.2,66.1,63.1,59.5,49.9,43.4,38.0,37.7,38.3,39.5,41.1
22:36:06.000,NaN,82.2,NaN,96.6,99.4,99.9,105.1,106.9,102.6,101.6,97.3,98.1,94.5,96.6,95.5,93.8,89.0,85.7,82.9,77.4,75.3,73.5,74.0,73.1,65.3,63.7,64.0,59.2,56.0,54.6,49.2,41.1,39.6,35.7,36.0,37.1,38.2,39.2,41.0
22:36:07.000,NaN,80.7,NaN,101.9,102.8,97.4,101.1,106.1,99.7,97.3,98.3,96.7,95.9,94.7,94.4,91.2,88.3,84.9,81.3,77.4,73.4,70.6,69.5,68.6,59.8,57.6,56.2,50.5,50.7,48.6,44.9,39.6,36.4,35.1,36.0,37.1,38.3,39.3,41.1
22:36:08.000,NaN,80.3,NaN,99.2,104.2,102.1,100.1,101.5,102.6,95.0,102.1,95.7,95.7,96.3,94.0,92.4,88.8,83.2,83.3,79.5,76.2,68.9,67.4,68.3,57.1,54.7,58.6,51.1,52.0,52.0,46.9,40.0,39.0,36.2,36.1,37.2,38.2,39.2,41.0
22:36:09.000,NaN,79.2,NaN,92.3,97.7,100.3,103.8,100.1,99.9,99.4,99.0,96.2,93.3,91.5,91.0,90.8,86.6,83.5,82.1,77.2,74.0,70.0,63.4,59.1,53.1,49.3,48.6,47.1,43.8,41.3,35.8,34.1,33.8,35.0,36.1,37.1,38.2,39.3,41.0
22:36:10.000,NaN,79.9,NaN,96.6,106.6,104.2,99.7,97.7,99.6,95.5,96.0,95.2,93.8,93.5,90.7,89.8,84.9,85.5,82.3,77.6,75.1,71.6,67.5,63.8,54.6,51.1,52.3,49.6,43.1,39.7,34.5,32.9,33.8,34.9,36.0,37.2,38.3,39.3,40.9
22:36:11.000,NaN,81.8,NaN,96.7,102.0,101.4,102.7,96.6,100.2,98.1,96.8,93.8,90.3,90.7,92.7,90.0,86.3,85.6,84.3,81.7,78.7,74.6,73.8,71.2,63.9,57.2,57.1,51.2,52.6,52.6,50.6,41.6,37.0,35.0,36.1,37.2,38.2,39.3,41.1
22:36:12.000,NaN,79.9,NaN,98.9,100.4,99.9,99.0,97.5,96.7,93.0,93.8,92.9,92.7,92.3,92.1,89.2,84.2,85.0,81.2,79.1,75.6,73.1,72.3,70.7,64.4,58.6,54.5,45.9,38.7,41.3,37.1,33.4,33.6,34.8,36.0,37.1,38.2,39.2,41.0
22:36:13.000,NaN,80.5,NaN,98.9,98.9,99.4,97.1,99.9,95.5,97.2,92.6,94.7,92.7,91.2,89.1,87.6,84.2,86.3,81.6,80.2,76.7,73.5,74.5,71.9,66.5,61.7,59.9,52.8,44.4,44.3,41.5,34.0,34.0,35.0,36.0,37.0,38.4,39.1,40.9
22:36:14.000,NaN,82.0,NaN,95.2,95.4,97.8,97.1,101.9,99.1,96.5,96.1,93.3,92.4,90.5,88.5,88.7,87.7,87.0,83.1,80.1,78.1,75.5,75.9,74.1,68.7,64.4,64.4,59.9,54.8,54.1,44.2,36.9,34.4,34.7,36.0,37.3,38.3,39.2,40.9
22:36:15.000,NaN,79.2,NaN,88.7,97.3,99.9,94.6,98.0,95.0,95.7,94.4,92.4,91.8,91.5,91.2,88.1,85.6,85.0,79.6,79.4,74.7,74.2,71.3,70.0,63.1,56.6,53.9,49.6,44.3,41.5,38.8,33.4,33.8,34.7,35.8,37.1,38.1,39.2,40.9
22:36:16.000,NaN,75.5,NaN,99.3,99.8,95.0,100.4,95.0,94.5,97.7,95.5,94.8,94.5,90.2,90.1,85.0,82.8,81.2,77.3,74.8,70.5,66.4,62.7,58.6,50.8,44.4,40.5,39.9,38.6,36.2,32.5,32.8,33.6,34.7,35.8,37.2,38.2,39.3,40.9
22:36:17.000,NaN,73.2,NaN,93.3,100.3,98.8,100.1,95.7,94.9,96.1,96.2,94.3,90.6,89.2,88.5,85.7,81.1,80.4,76.4,71.3,67.4,60.2,58.8,56.3,46.4,41.7,37.3,31.3,30.9,31.1,33.2,32.7,33.7,34.8,36.3,37.0,38.0,39.3,40.9
22:36:18.000,NaN,72.7,NaN,97.2,100.4,96.0,97.2,97.4,92.6,94.0,93.5,90.1,89.6,85.5,86.1,83.2,78.1,79.1,73.7,71.9,66.0,60.4,60.6,58.4,49.3,40.4,34.9,30.0,30.8,31.3,31.7,32.6,33.6,34.6,35.8,37.1,38.1,39.1,40.8
22:36:19.000,NaN,70.4,NaN,94.9,96.5,98.5,96.2,94.8,91.1,93.3,91.5,90.1,90.1,87.1,85.2,81.5,78.9,77.4,71.5,68.8,63.7,56.9,53.9,51.1,43.0,35.1,31.6,29.8,29.9,31.3,31.7,32.4,33.6,34.7,35.7,37.0,38.3,39.1,40.9
22:36:20.000,NaN,71.7,NaN,89.9,92.1,97.6,95.4,92.1,92.7,92.6,92.5,90.2,87.9,87.0,85.0,83.1,78.9,76.2,69.2,68.8,64.0,58.9,56.2,54.4,51.6,44.6,42.3,36.1,30.5,31.3,31.8,32.5,33.8,34.8,36.0,37.1,38.1,39.2,40.9
22:36:21.000,NaN,72.0,NaN,93.7,96.5,94.0,99.6,92.8,93.3,92.9,91.6,88.1,88.0,88.4,84.8,82.4,78.7,77.3,73.0,70.5,66.0,60.3,59.6,55.4,47.9,44.3,39.5,33.2,30.6,31.1,31.8,32.3,33.5,34.6,35.9,37.0,38.2,39.1,41.0
22:36:22.000,NaN,72.0,NaN,97.5,93.8,97.5,95.8,95.5,94.5,92.7,89.6,89.8,88.2,86.6,87.1,82.2,79.0,77.1,74.2,69.8,65.2,61.9,62.0,54.7,48.1,45.9,42.4,34.1,31.8,31.6,31.8,32.5,33.4,34.6,35.7,37.0,38.2,39.2,40.9
22:36:23.000,NaN,71.2,NaN,93.3,92.9,100.6,97.2,93.7,94.0,93.9,91.4,88.8,90.0,86.4,82.5,82.9,79.3,77.1,73.1,68.2,63.5,57.8,54.9,49.1,41.1,34.8,33.2,30.1,30.1,31.2,31.5,32.7,33.5,34.9,36.1,36.9,38.1,39.2,40.8
22:36:24.000,NaN,71.4,NaN,93.0,99.3,97.7,99.3,96.4,94.4,93.9,88.9,87.6,86.0,87.3,85.1,81.2,79.4,77.5,73.6,66.0,60.6,54.7,55.0,54.4,43.4,38.0,35.6,30.1,30.3,30.6,31.7,32.6,33.3,34.6,36.0,37.1,38.1,39.1,40.9
22:36:25.000,NaN,68.4,NaN,86.0,95.7,98.9,96.9,95.8,97.1,93.6,88.0,91.4,86.8,86.8,82.2,80.1,78.5,75.1,68.5,59.7,55.4,50.9,51.5,47.1,40.9,31.6,29.8,29.3,30.3,30.8,31.5,32.7,33.5,34.8,35.9,37.0,38.1,39.2,40.8
22:36:26.000,NaN,68.8,NaN,89.0,94.6,90.1,95.6,92.4,86.8,89.8,89.8,88.3,86.9,86.6,82.5,79.9,78.6,74.0,67.2,62.1,56.0,54.2,53.7,47.9,40.8,35.0,32.9,29.8,30.0,30.8,31.7,32.5,33.7,34.8,35.9,37.1,38.2,39.2,40.9
22:36:27.000,NaN,68.0,NaN,93.1,89.0,91.9,94.0,95.9,92.2,91.1,90.9,86.9,86.5,85.2,82.4,79.3,75.7,71.7,69.6,65.5,59.1,54.5,52.6,45.0,40.9,32.4,29.6,29.6,30.1,32.2,31.7,32.8,33.6,34.7,36.0,37.0,38.2,39.1,40.9
22:36:28.000,NaN,67.1,NaN,95.0,87.6,88.3,91.1,95.7,92.6,91.4,88.7,84.1,85.9,85.1,81.2,78.0,74.3,72.8,69.3,65.2,62.9,55.8,50.1,46.9,39.7,32.6,30.6,29.5,30.2,31.6,32.0,32.7,33.7,34.8,35.9,37.0,38.2,39.1,40.9
22:36:29.000,NaN,66.0,NaN,93.3,93.8,93.9,94.4,90.7,93.8,90.8,89.7,87.7,86.4,81.7,79.7,76.2,71.7,70.0,68.3,64.5,59.9,55.1,56.2,52.0,45.0,37.1,33.0,30.5,30.5,31.1,31.8,32.6,33.5,34.9,36.0,37.0,38.1,39.2,40.9
22:36:30.000,NaN,65.7,NaN,93.4,97.2,96.5,97.3,92.0,90.9,87.1,90.2,85.8,83.5,81.9,78.0,73.5,72.0,69.7,68.0,63.4,58.7,54.9,54.2,51.2,43.9,35.4,30.9,30.1,30.2,30.9,31.8,32.7,33.8,35.0,35.9,37.2,38.1,39.1,40.8
22:36:31.000,NaN,66.4,NaN,92.1,97.8,94.1,93.6,91.1,88.7,88.0,87.0,86.3,83.6,82.8,79.4,74.8,74.6,69.6,67.3,62.1,57.0,56.3,54.3,50.1,41.3,32.7,29.7,29.3,30.2,31.2,31.6,32.8,33.5,34.6,36.0,37.2,38.3,39.2,40.9
22:36:32.000,NaN,66.1,NaN,85.3,96.5,95.9,94.0,88.2,90.7,88.3,87.2,85.9,84.5,81.0,81.4,75.0,74.5,68.7,66.8,63.2,59.3,54.4,54.4,49.3,41.2,32.8,31.3,30.1,30.8,31.2,31.6,32.5,33.8,34.9,35.9,37.1,38.3,39.1,40.8
22:36:33.000,NaN,65.4,NaN,94.8,92.2,91.9,86.5,94.7,87.2,90.0,84.0,85.7,82.1,80.3,79.4,75.3,74.4,70.1,69.0,64.4,57.2,51.1,49.5,42.2,36.0,31.4,30.1,29.9,30.2,30.8,31.7,32.5,33.7,34.8,36.1,37.0,38.1,39.1,40.9
22:36:34.000,NaN,66.5,NaN,89.7,93.0,90.0,91.2,90.7,89.9,86.2,83.5,85.5,82.2,80.6,78.3,77.2,75.5,72.3,67.3,63.7,60.3,53.8,51.6,48.2,39.7,33.2,29.8,30.1,30.2,30.8,31.5,32.7,33.7,34.7,35.8,37.0,38.2,39.1,40.9
22:36:35.000,NaN,66.4,NaN,88.8,90.7,91.1,91.3,91.8,89.0,83.8,84.2,81.3,81.8,81.4,77.8,75.7,75.1,71.5,66.2,62.1,61.7,58.4,57.6,54.5,47.1,36.3,31.5,29.9,30.7,31.0,31.6,32.7,33.7,34.9,36.1,37.1,38.1,39.2,40.8
22:36:36.000,NaN,65.7,NaN,96.4,89.8,85.9,87.8,86.4,83.9,85.5,83.3,80.4,81.4,80.2,79.3,74.1,73.3,70.3,66.6,61.4,60.5,56.8,57.6,55.6,48.3,40.0,33.4,30.0,30.2,31.0,31.6,32.5,33.5,34.9,36.0,37.1,38.2,39.2,40.8
22:36:37.000,NaN,65.1,NaN,90.4,91.2,91.2,93.3,86.2,85.8,83.3,84.3,79.4,81.8,81.0,78.9,74.1,73.1,71.5,68.1,61.5,60.0,54.6,53.6,47.7,42.2,34.6,30.1,29.3,30.0,31.3,31.6,32.5,33.4,34.8,36.0,37.1,38.3,39.2,40.9
22:36:38.000,NaN,62.6,NaN,90.2,88.4,90.5,83.1,84.2,87.6,85.8,85.5,83.6,80.1,78.4,75.5,72.3,70.2,65.6,64.7,59.6,57.5,52.0,48.3,41.5,36.5,32.2,29.7,29.5,31.1,31.2,31.4,32.8,33.4,34.7,35.9,37.2,38.2,39.5,40.9
22:36:39.000,NaN,62.2,NaN,87.7,90.2,86.9,82.5,86.5,82.8,84.7,83.0,81.5,80.4,78.7,77.5,73.7,70.9,67.6,63.0,57.8,54.9,49.4,48.3,44.3,38.0,31.8,29.9,29.4,30.5,31.2,31.8,32.7,33.5,34.8,35.9,37.1,38.0,39.1,40.9
22:36:40.000,NaN,62.3,NaN,86.6,89.2,90.1,88.5,84.4,86.0,83.4,81.7,81.4,79.1,77.8,76.9,72.0,70.3,66.6,64.8,59.6,55.6,51.0,48.9,48.0,42.4,35.9,31.0,29.3,30.5,30.6,31.7,32.6,33.6,34.7,36.1,37.1,38.1,39.4,41.0
22:36:41.000,NaN,63.0,NaN,84.6,92.4,87.9,87.3,84.7,85.1,85.7,82.5,81.3,79.4,75.7,73.5,72.2,69.7,66.3,64.7,61.9,58.8,55.0,53.8,53.0,45.6,37.9,33.5,30.0,30.6,30.7,32.1,32.5,33.6,34.7,35.8,37.0,38.0,39.1,40.9
22:36:42.000,NaN,61.9,NaN,89.6,91.9,89.6,87.1,83.2,85.7,82.2,80.7,79.7,78.2,78.6,74.3,70.5,68.0,67.6,64.1,62.3,60.6,53.8,51.3,49.1,41.4,31.2,29.7,28.9,30.1,30.8,32.6,32.8,33.6,34.8,36.1,37.1,38.2,39.2,40.8
22:36:43.000,NaN,61.2,NaN,93.2,88.2,86.8,87.8,88.7,83.9,84.0,81.0,79.4,78.6,74.1,73.3,71.0,70.0,65.7,63.4,58.1,53.8,47.8,47.3,43.9,35.7,30.9,29.6,30.1,29.9,30.8,31.8,32.7,33.5,34.9,36.0,37.1,38.1,39.1,40.9
22:36:44.000,NaN,58.6,NaN,95.3,82.4,89.9,85.8,86.9,84.5,81.4,82.4,79.7,77.0,74.1,72.1,70.1,69.2,64.1,60.7,54.6,48.5,45.1,44.8,40.2,33.1,30.1,28.9,30.1,29.9,30.9,31.9,32.6,33.5,34.7,35.9,37.2,38.1,39.1,40.8
22:36:45.000,NaN,58.2,NaN,88.1,91.3,88.1,85.1,87.9,86.4,79.6,78.6,76.9,76.9,75.2,73.0,66.9,68.1,63.1,61.4,53.1,47.3,44.6,40.5,39.6,35.2,30.5,29.1,29.1,30.3,31.1,31.9,32.8,33.5,34.6,35.8,37.0,38.1,39.3,40.8
22:36:46.000,NaN,56.3,NaN,94.0,93.0,82.7,86.9,87.8,82.2,84.2,77.6,78.4,75.1,73.4,72.1,67.3,67.0,60.5,56.1,50.7,47.8,41.0,41.2,38.5,32.8,29.7,29.3,29.3,30.2,30.9,31.6,32.8,33.6,34.8,35.9,37.0,38.3,39.2,40.9
22:36:47.000,NaN,57.3,NaN,89.4,86.1,84.5,84.0,82.8,80.6,79.2,76.1,76.5,76.2,73.1,68.7,65.6,66.3,61.2,56.2,51.7,45.6,41.0,39.5,37.1,33.7,30.0,28.7,29.3,29.9,30.5,31.2,32.4,33.4,34.9,36.1,37.3,38.2,39.1,40.8
22:36:48.000,NaN,56.3,NaN,86.7,91.7,84.9,89.1,83.8,82.9,82.1,78.7,76.1,74.6,73.5,71.0,68.9,66.7,60.8,57.0,52.9,42.6,42.8,38.1,36.1,31.2,29.9,30.5,28.8,30.2,30.9,31.7,32.6,33.9,34.9,36.1,37.0,38.0,39.2,40.9
22:36:49.000,NaN,55.8,NaN,89.4,87.0,85.6,85.3,78.6,82.8,79.5,80.4,76.4,74.9,71.9,69.0,65.9,66.1,59.4,57.6,52.4,47.6,41.8,36.9,35.9,31.5,28.3,28.8,29.2,30.1,30.7,31.8,32.6,33.7,34.9,36.0,37.1,38.2,39.1,40.8
22:36:50.000,NaN,57.7,NaN,87.3,83.8,88.0,83.9,84.7,82.9,82.3,76.7,75.2,74.3,73.4,68.6,66.5,65.9,61.7,58.2,55.8,53.4,46.0,43.9,39.7,33.9,28.6,28.9,29.0,30.0,30.6,31.7,32.4,33.6,34.7,35.7,37.1,38.3,39.3,41.0
22:36:51.000,NaN,57.2,NaN,82.1,85.1,89.1,85.0,84.7,79.4,77.1,78.1,74.7,73.5,73.3,70.1,65.6,64.7,61.9,59.9,56.2,53.7,47.2,44.6,40.9,32.7,29.4,28.6,29.0,30.3,30.6,31.5,32.5,33.5,34.8,36.0,37.1,38.2,39.2,40.7
22:36:52.000,NaN,58.3,NaN,84.9,86.3,85.8,85.5,83.0,82.8,79.9,75.9,72.8,72.0,71.4,68.3,65.1,65.1,61.7,60.9,57.6,55.8,49.0,45.9,41.1,32.5,28.5,28.3,29.1,29.9,31.2,31.8,32.5,33.7,34.7,36.0,37.2,38.1,39.3,40.8
22:36:53.000,NaN,60.2,NaN,87.7,86.0,88.2,84.9,82.6,78.9,76.7,75.8,77.9,74.0,69.9,69.5,65.9,67.0,65.5,63.7,60.3,56.4,50.1,47.3,43.4,34.8,29.2,28.7,29.0,30.0,30.8,33.3,32.3,33.5,34.6,35.7,37.0,38.2,39.2,40.9
22:36:54.000,NaN,57.1,NaN,88.8,85.1,86.2,83.4,82.1,79.2,78.8,77.9,77.3,71.3,68.7,68.1,64.9,64.4,60.2,62.3,59.4,54.6,47.4,43.5,39.3,32.5,30.3,28.6,29.1,29.5,30.4,31.6,32.5,33.6,34.6,36.0,37.1,38.3,39.2,40.8
22:36:55.000,NaN,56.2,NaN,89.2,89.9,84.1,84.5,82.6,81.4,73.6,73.6,74.3,72.1,73.4,70.7,66.0,64.5,62.0,58.2,53.8,51.7,46.7,44.9,39.9,33.7,30.5,29.1,28.9,29.9,30.3,31.7,32.4,33.5,34.8,36.0,37.1,38.1,39.2,40.7
22:36:56.000,NaN,54.2,NaN,89.5,81.0,80.7,82.4,75.3,77.7,75.9,73.8,74.7,75.1,69.4,68.0,66.0,61.8,60.0,55.5,51.6,46.4,43.4,42.9,39.2,33.9,30.2,29.6,29.5,29.4,30.4,31.5,32.6,33.4,34.6,35.9,37.1,38.0,39.2,40.8
22:36:57.000,NaN,54.6,NaN,89.3,82.1,86.5,84.3,78.9,77.3,71.2,69.6,72.2,72.6,71.4,68.6,63.1,60.9,56.8,57.1,51.8,47.7,42.1,39.0,35.7,31.8,29.6,29.2,29.3,30.0,30.6,31.9,32.5,33.6,34.7,36.0,37.3,38.2,39.2,40.8
22:36:58.000,NaN,52.7,NaN,84.9,80.7,81.5,82.7,79.1,79.2,78.2,76.6,76.6,71.3,71.2,67.6,61.5,60.6,56.7,54.8,52.0,44.9,37.5,35.5,36.2,32.8,30.5,28.3,28.8,30.4,30.9,31.5,32.6,33.6,34.9,35.9,37.0,38.1,39.2,40.9
22:36:59.000,NaN,52.8,NaN,87.7,83.3,80.8,85.6,80.8,75.6,74.7,72.6,72.2,72.9,70.8,66.3,62.5,58.6,57.1,54.2,51.4,44.7,36.3,36.5,36.9,33.4,30.4,29.2,29.5,30.4,30.7,31.7,32.9,33.7,34.5,36.0,37.1,38.2,39.0,40.8
22:37:00.000,NaN,53.0,NaN,87.1,83.9,84.0,82.6,77.9,76.1,74.9,72.8,73.3,71.7,70.2,67.4,61.8,61.2,59.3,55.0,50.5,46.5,37.2,35.1,34.7,30.5,28.8,28.8,29.1,30.1,30.9,31.7,32.5,33.5,34.8,35.9,37.1,38.2,39.2,41.0
22:37:01.000,NaN,52.0,NaN,84.4,83.1,80.5,86.2,76.5,75.5,74.8,73.2,73.9,70.1,66.4,62.9,60.8,59.1,57.8,54.7,49.6,47.8,41.4,38.4,34.8,30.2,29.0,28.7,29.2,29.7,30.7,31.9,32.7,33.7,34.8,35.9,36.8,38.2,39.1,40.8
22:37:02.000,NaN,50.9,NaN,83.8,86.1,87.1,84.8,77.5,75.3,74.3,73.2,72.9,69.3,65.6,64.9,60.0,58.8,53.4,53.4,48.2,45.5,41.7,39.5,35.6,31.5,29.5,28.7,29.3,29.9,31.0,31.6,32.6,33.6,34.8,36.0,37.0,38.1,39.0,40.8
22:37:03.000,NaN,50.2,NaN,86.4,86.3,86.1,83.2,74.8,73.9,73.6,72.3,71.8,67.0,67.2,63.3,60.7,57.4,51.7,52.8,47.9,45.5,39.7,38.5,38.1,33.3,29.5,28.3,28.9,30.2,30.3,31.4,32.7,33.6,35.0,35.9,37.1,38.2,39.2,40.8
22:37:04.000,NaN,50.1,NaN,84.3,83.0,80.6,80.4,79.0,76.4,72.8,73.8,69.0,68.3,66.4,63.7,59.5,57.8,54.3,49.7,47.1,42.6,37.9,34.9,33.9,29.9,27.8,28.1,28.7,29.9,30.6,31.6,32.6,33.7,34.6,35.8,37.0,38.1,39.1,40.8
22:37:05.000,NaN,49.9,NaN,84.5,88.5,77.0,81.6,78.7,71.9,72.3,73.8,69.8,67.6,67.5,64.6,59.7,58.8,53.5,50.0,47.1,40.0,35.2,33.9,32.1,29.1,27.8,28.8,28.8,30.2,30.5,31.7,32.6,33.6,34.6,35.9,37.0,38.1,39.2,40.8
22:37:06.000,NaN,49.9,NaN,84.5,75.0,82.6,75.1,78.8,73.7,74.4,70.1,70.8,67.1,66.0,63.3,59.0,60.8,54.3,50.5,42.8,40.3,35.0,32.8,32.2,28.9,27.5,28.5,29.1,29.9,30.7,31.9,32.5,33.6,34.8,36.1,37.3,38.0,39.1,40.8
22:37:07.000,NaN,52.0,NaN,73.2,77.5,77.8,74.4,79.5,72.5,69.6,69.3,66.2,64.8,66.3,65.7,62.2,62.8,54.9,53.1,46.8,44.9,40.9,37.4,34.0,29.2,28.0,28.0,28.6,30.1,30.7,31.7,32.6,33.6,34.9,35.9,37.1,38.2,39.1,40.8
22:37:08.000,NaN,50.6,NaN,81.4,83.9,76.8,77.5,75.7,70.1,73.3,70.5,66.4,67.8,65.6,63.5,60.8,61.0,53.7,52.6,49.4,46.1,41.9,37.7,34.6,30.1,27.9,28.1,28.9,30.1,30.6,33.0,32.6,33.6,34.7,36.2,37.1,38.2,39.1,40.8
22:37:09.000,NaN,50.7,NaN,74.0,83.6,79.4,74.7,74.5,74.0,69.8,70.8,67.3,67.5,66.4,61.8,60.6,57.3,53.9,53.6,50.3,46.9,40.8,40.8,35.9,31.6,27.9,28.3,29.0,29.9,30.8,33.7,32.7,33.6,34.6,36.1,37.1,38.2,39.1,40.8
22:37:10.000,NaN,50.1,NaN,83.6,77.8,73.7,76.3,72.8,69.7,67.7,72.0,65.3,67.0,65.3,61.5,58.0,56.9,55.1,53.8,49.8,45.1,41.3,38.3,34.3,30.3,28.5,28.6,28.9,29.8,30.7,31.7,33.0,33.7,34.8,36.0,36.9,38.1,39.1,40.8
22:37:11.000,NaN,50.5,NaN,79.8,79.4,82.2,74.8,70.5,70.5,68.5,66.5,65.4,66.6,63.8,61.8,60.1,57.2,53.7,53.3,49.7,47.0,41.7,39.3,36.1,31.2,28.7,28.0,28.7,29.5,30.8,31.6,32.8,33.7,34.8,36.0,37.2,38.1,39.1,40.9
22:37:12.000,NaN,50.4,NaN,77.9,77.3,79.0,79.7,73.2,72.6,67.1,67.1,66.5,67.2,63.3,63.4,56.9,58.4,54.7,54.6,49.9,45.6,40.3,39.0,36.0,30.2,27.6,27.9,28.5,29.4,30.7,31.7,32.3,33.5,34.8,35.9,37.1,38.2,39.0,40.8
22:37:13.000,NaN,50.1,NaN,77.3,75.5,77.9,74.7,72.8,72.0,70.8,67.9,69.8,63.9,63.5,60.2,56.6,57.7,53.3,53.9,50.2,46.7,40.1,38.1,35.3,30.6,27.6,27.8,28.7,30.2,30.6,31.7,32.7,33.7,34.7,35.9,37.0,38.2,39.2,40.8
22:37:14.000,NaN,47.5,NaN,82.7,81.3,79.7,75.5,76.3,72.9,69.3,67.4,68.2,66.0,64.5,58.5,58.1,55.5,52.8,50.7,46.9,45.0,38.7,36.4,33.5,30.1,28.1,28.2,28.8,29.8,30.8,31.8,33.2,33.7,34.9,36.1,36.9,38.2,39.0,40.8
22:37:15.000,NaN,49.7,NaN,81.9,81.3,73.7,76.8,76.1,71.5,69.9,71.2,67.6,65.6,63.6,61.2,57.7,57.8,53.5,51.4,45.7,41.9,37.7,35.9,33.7,30.7,28.2,28.4,29.1,30.0,30.7,32.1,32.6,33.8,34.6,36.0,37.1,38.2,39.1,40.9
22:37:16.000,NaN,48.2,NaN,83.8,78.2,81.7,78.8,77.8,72.8,69.9,70.0,70.4,65.8,63.6,60.9,58.0,56.7,51.9,52.1,42.3,42.2,37.9,36.3,34.3,30.6,29.3,28.1,29.4,29.9,30.9,32.3,32.6,33.6,34.7,35.9,37.2,38.1,39.1,40.8
22:37:17.000,NaN,49.0,NaN,79.1,73.4,78.9,74.9,70.7,71.0,69.4,68.3,65.5,67.2,62.6,63.1,58.0,57.1,53.4,52.2,46.9,42.0,37.5,36.4,35.0,31.0,29.5,28.8,29.0,30.1,30.6,32.2,32.8,33.4,34.5,35.9,37.1,38.2,39.2,40.7
22:37:18.000,NaN,48.7,NaN,72.9,78.9,77.8,73.7,71.8,69.2,70.0,68.2,67.8,66.3,62.5,61.1,57.2,55.9,53.2,51.9,47.4,45.1,38.8,36.5,34.5,31.6,29.1,28.9,29.2,29.7,30.9,33.4,32.6,33.8,34.9,36.2,37.0,38.1,39.1,40.9
22:37:19.000,NaN,48.0,NaN,80.2,76.7,71.1,74.1,72.6,72.3,71.5,66.5,67.2,65.1,61.8,62.3,57.0,55.5,53.5,50.2,46.5,42.9,37.7,33.7,33.3,30.5,28.4,28.5,29.0,29.7,30.8,32.4,32.5,33.8,34.9,35.8,37.1,38.2,39.1,40.9
22:37:20.000,NaN,49.3,NaN,81.5,73.9,73.2,74.7,76.3,69.3,69.0,64.8,66.0,64.9,61.8,58.6,58.1,57.2,54.6,53.5,47.7,42.1,38.0,34.8,33.2,30.1,28.9,28.6,29.1,30.1,30.7,32.0,32.8,33.6,34.8,36.0,37.1,38.2,39.1,40.8
22:37:21.000,NaN,46.2,NaN,76.3,77.4,69.7,73.7,72.7,67.5,70.1,70.1,68.4,63.1,61.9,58.7,53.7,53.2,50.5,48.8,43.1,40.9,35.5,33.2,33.1,30.4,29.9,28.8,29.6,30.3,30.9,31.9,32.9,33.5,34.9,35.9,37.1,38.2,39.0,40.7
22:37:22.000,NaN,47.3,NaN,76.7,72.6,73.6,75.1,72.6,72.7,68.5,67.5,64.2,62.5,61.1,58.6,58.2,55.9,52.8,49.2,41.5,39.6,36.5,35.9,32.1,29.9,29.3,28.7,29.3,30.6,31.1,31.9,32.6,33.8,35.0,35.8,36.9,38.2,39.1,40.9
22:37:23.000,NaN,48.9,NaN,75.9,76.4,75.1,74.8,74.4,70.0,69.3,67.2,62.2,63.7,61.0,59.9,60.2,57.0,53.7,50.1,43.9,40.8,37.6,35.8,35.3,31.2,29.1,29.0,29.5,30.3,31.0,31.9,32.7,33.7,34.6,36.2,37.1,38.1,39.1,40.9
22:37:24.000,NaN,48.4,NaN,74.6,79.6,75.9,74.5,73.5,74.5,70.6,67.3,67.9,62.1,64.2,61.9,57.1,55.2,53.6,49.1,46.0,42.8,36.5,34.5,32.3,30.3,29.4,28.6,29.5,30.0,31.0,31.5,32.8,33.4,34.8,36.0,37.1,38.1,39.3,40.9
22:37:25.000,NaN,47.5,NaN,80.5,78.4,76.0,76.5,74.6,69.3,62.6,68.4,67.7,65.4,63.3,59.8,57.8,56.3,52.0,49.0,47.2,42.5,34.9,32.7,32.0,29.3,28.3,28.3,29.3,30.1,31.2,32.3,33.2,33.9,35.6,35.9,37.1,38.1,39.1,40.9
22:37:26.000,NaN,46.1,NaN,79.2,81.4,79.5,71.1,74.7,75.6,72.0,66.6,62.6,65.6,62.5,60.4,55.6,53.6,49.9,44.7,44.2,38.4,32.2,30.7,30.8,28.5,28.1,28.4,29.0,30.0,30.6,31.5,32.7,33.6,34.7,35.9,37.0,38.2,38.9,41.0
22:37:27.000,NaN,45.1,NaN,73.5,76.4,78.5,74.6,71.9,69.6,68.7,66.4,67.3,65.6,64.3,60.0,54.0,52.1,48.3,44.7,40.6,36.0,31.3,30.7,30.3,28.5,27.9,28.3,28.7,29.7,30.3,31.8,32.8,33.7,34.8,35.9,37.0,38.2,39.2,40.9
22:37:28.000,NaN,46.0,NaN,68.8,74.8,77.8,75.0,69.8,70.3,69.3,69.9,62.7,64.6,61.8,61.9,55.8,54.6,50.3,44.7,39.6,37.5,32.2,31.8,31.2,28.9,27.9,28.3,29.3,30.2,30.5,31.8,32.6,33.6,35.3,36.0,37.1,38.2,39.1,40.9
22:37:29.000,NaN,45.4,NaN,71.3,70.8,79.2,76.5,69.5,69.3,72.3,69.9,65.4,65.2,61.3,58.2,55.6,53.4,50.4,45.9,39.1,37.5,32.3,31.0,30.6,28.5,28.2,28.1,29.1,29.6,30.7,31.1,32.7,33.9,34.9,36.0,37.0,38.1,39.2,40.8
22:37:30.000,NaN,46.8,NaN,75.5,80.2,72.6,69.9,69.2,68.1,70.6,67.8,64.6,63.6,63.1,61.0,55.7,56.1,50.7,50.0,43.3,37.7,33.0,30.2,30.7,29.0,27.6,28.4,28.6,30.0,31.0,31.5,32.6,33.8,34.9,35.9,37.1,38.1,39.1,40.8
22:37:31.000,NaN,48.4,NaN,75.4,76.3,75.7,69.1,70.3,70.5,71.5,66.9,65.6,63.5,62.5,59.8,58.3,57.2,50.3,49.6,46.7,40.7,33.5,31.7,30.7,28.4,28.3,28.4,28.8,29.8,30.8,31.6,33.1,33.7,34.9,35.9,37.1,38.1,39.0,40.8
22:37:32.000,NaN,49.0,NaN,73.2,78.5,72.6,73.6,73.5,70.1,72.2,66.4,67.0,67.2,64.5,61.5,59.8,57.9,52.9,50.5,46.6,42.2,35.9,34.6,31.3,29.0,28.3,28.0,28.9,29.6,31.1,31.7,32.8,33.6,34.6,35.8,37.1,38.2,39.0,40.7
22:37:33.000,NaN,48.0,NaN,79.4,74.3,74.6,72.2,72.2,71.2,69.9,67.9,66.8,65.8,63.6,61.6,56.4,57.8,54.3,50.8,45.7,41.6,36.1,33.9,32.1,29.3,28.4,28.5,29.2,30.0,30.6,31.8,32.8,33.7,34.9,36.0,37.0,38.2,39.2,40.8
22:37:34.000,NaN,48.8,NaN,71.2,78.2,74.6,68.2,72.0,73.9,69.1,66.6,66.8,63.8,62.6,56.6,57.8,57.0,53.3,53.5,48.0,44.1,37.0,33.9,32.5,30.5,29.2,29.1,29.1,29.9,30.2,31.4,32.5,33.5,34.8,35.9,37.0,38.1,39.2,40.8
22:37:35.000,NaN,49.1,NaN,78.8,72.3,76.4,74.6,70.6,69.0,69.5,68.8,63.9,63.8,62.7,62.6,56.7,56.7,52.4,53.4,47.5,42.1,37.3,35.7,35.2,32.8,31.0,29.6,30.0,30.3,30.9,31.9,32.7,33.8,34.9,35.9,36.9,38.0,39.1,41.0
22:37:36.000,NaN,47.5,NaN,72.5,72.9,73.1,71.0,70.5,69.4,69.2,66.7,64.7,63.8,62.5,60.7,56.8,57.1,51.1,51.6,47.3,39.8,34.8,34.0,35.3,33.0,30.0,29.3,28.9,30.5,31.1,32.1,32.8,33.6,34.9,35.9,37.1,38.1,39.2,40.9
22:37:37.000,NaN,47.5,NaN,75.7,75.1,74.2,74.1,73.2,71.6,67.2,69.4,65.3,62.1,59.8,60.4,58.1,55.5,50.4,50.4,46.4,39.8,36.0,35.0,33.2,31.5,29.0,28.9,28.9,30.2,30.6,31.5,32.6,33.7,34.8,35.9,37.0,38.2,39.0,40.9
22:37:38.000,NaN,46.8,NaN,82.2,75.2,73.9,74.4,73.5,72.5,69.2,69.2,67.9,63.3,62.9,60.3,56.4,54.3,47.8,48.3,43.5,40.2,37.7,34.3,32.1,29.6,29.3,28.9,28.8,30.1,30.8,31.6,32.9,33.4,34.7,36.1,37.1,38.2,39.1,40.8
22:37:39.000,NaN,46.2,NaN,81.8,69.9,75.7,75.6,74.5,72.2,71.2,67.9,66.4,66.2,64.0,58.5,55.9,55.5,49.5,46.3,40.2,38.1,34.9,32.3,30.4,29.1,28.0,28.7,29.2,29.7,30.5,31.4,32.3,33.8,34.8,35.9,37.0,38.2,39.2,40.8
22:37:40.000,NaN,45.6,NaN,75.6,75.9,71.6,72.1,68.6,72.5,71.0,67.3,65.8,65.5,63.6,58.0,55.7,54.4,50.7,46.1,41.5,37.2,33.4,32.2,31.7,28.7,28.1,28.6,28.8,29.5,30.5,31.8,32.6,33.8,34.8,36.0,36.9,38.2,39.3,40.9
22:37:41.000,NaN,45.8,NaN,74.7,72.0,70.7,74.7,70.0,66.0,70.7,68.1,68.0,64.8,62.6,57.9,57.1,53.1,47.3,47.3,39.5,37.5,33.7,34.2,31.0,28.7,28.1,27.8,29.1,29.5,30.4,31.5,32.6,33.8,34.7,35.8,37.1,38.2,39.2,40.8
22:37:42.000,NaN,43.2,NaN,75.0,71.4,74.2,77.8,71.9,72.2,70.3,71.5,66.9,64.2,62.0,56.7,54.5,50.8,44.5,44.3,38.1,35.2,33.8,32.6,31.2,31.0,29.0,28.6,28.9,30.1,30.3,31.8,32.6,33.6,34.9,35.9,37.0,38.1,39.1,40.7
22:37:43.000,NaN,45.8,NaN,77.0,77.8,77.6,72.2,73.9,67.7,66.8,66.8,63.4,61.7,61.0,60.8,55.5,51.8,45.8,45.4,38.6,36.6,34.7,34.3,33.2,31.1,29.5,28.4,29.3,30.1,30.6,31.5,32.8,33.8,34.8,35.9,37.0,38.1,39.1,40.7
22:37:44.000,NaN,46.1,NaN,77.3,73.5,74.7,73.7,73.0,71.1,71.7,71.1,68.2,65.2,60.3,61.6,56.0,51.2,45.2,42.7,38.1,37.5,34.1,33.2,33.1,31.8,29.4,29.1,29.9,30.3,31.2,31.8,32.8,33.8,34.7,36.0,36.9,38.0,39.1,40.9
22:37:45.000,NaN,47.0,NaN,78.3,78.8,75.2,73.1,68.7,70.4,71.6,71.0,70.1,66.2,61.9,60.2,58.0,53.3,48.8,44.9,41.1,38.8,34.1,34.1,34.2,31.8,30.6,29.6,29.4,30.9,31.4,31.9,32.8,33.7,34.5,35.8,37.1,38.2,39.1,40.9
22:37:46.000,NaN,46.6,NaN,76.3,73.8,75.1,78.8,73.3,70.2,69.4,70.0,71.6,66.9,63.4,58.7,56.2,53.0,48.1,46.6,41.0,38.2,35.1,33.7,34.5,31.9,31.4,30.1,30.2,30.7,30.7,31.9,32.7,33.7,34.6,36.0,37.1,38.2,39.1,40.9
22:37:47.000,NaN,47.6,NaN,75.4,74.1,74.1,76.1,74.9,75.5,69.7,70.8,70.0,66.3,62.5,61.2,56.3,56.7,48.6,47.7,42.2,37.7,35.4,34.7,34.9,33.0,31.1,29.5,30.1,30.8,31.4,32.3,33.0,33.8,35.0,35.8,37.0,38.1,39.3,40.8
22:37:48.000,NaN,48.5,NaN,76.3,74.5,78.6,77.8,69.1,73.0,69.6,68.9,66.2,67.2,60.8,61.0,56.4,55.7,52.3,48.0,44.2,38.9,36.1,33.5,35.6,33.2,31.3,30.2,29.5,30.9,31.5,32.0,33.0,33.9,34.9,36.0,37.1,38.1,39.2,40.8
22:37:49.000,NaN,47.8,NaN,72.9,72.5,72.0,77.9,75.5,73.0,69.2,68.7,67.5,69.7,66.7,60.5,56.2,56.8,51.5,46.8,42.0,39.1,36.0,35.5,35.0,31.1,30.1,28.9,29.8,30.4,31.3,32.1,32.8,34.0,35.1,36.0,37.0,38.3,39.2,40.8
22:37:50.000,NaN,47.6,NaN,71.0,76.8,75.8,75.7,75.2,70.6,68.7,66.1,67.2,64.3,66.2,60.6,56.1,56.8,52.0,47.3,40.5,40.9,36.0,34.1,33.4,31.8,30.2,29.4,29.9,30.8,31.2,31.8,32.8,33.7,34.8,36.0,37.1,38.1,39.2,40.8
22:37:51.000,NaN,49.0,NaN,70.2,69.3,76.1,79.4,76.4,70.6,71.3,66.2,67.4,66.4,66.7,63.8,57.1,56.6,52.3,48.3,42.4,42.2,38.7,35.5,34.4,31.5,29.6,29.7,29.8,30.7,31.0,31.9,32.8,33.8,34.6,35.9,37.1,38.2,39.1,40.8
22:37:52.000,NaN,49.4,NaN,69.6,73.3,73.1,76.8,75.8,73.7,71.2,70.7,69.5,65.8,66.0,64.2,58.5,56.6,51.5,49.4,45.0,42.7,38.3,35.7,35.6,31.3,29.8,29.2,29.2,30.3,30.7,32.0,32.7,33.8,34.9,35.9,37.0,38.2,39.0,40.8
22:37:53.000,NaN,49.6,NaN,74.2,78.4,73.5,70.4,73.5,72.9,71.3,69.2,68.7,66.5,67.3,65.5,59.5,55.5,49.4,46.9,44.8,40.9,38.9,35.1,34.3,31.8,30.8,29.9,30.7,30.0,30.9,32.0,32.8,33.9,34.7,36.0,37.1,38.1,39.1,40.8
22:37:54.000,NaN,50.0,NaN,78.7,77.1,74.7,78.7,73.0,68.8,71.8,68.2,70.7,66.2,68.9,65.7,62.2,58.8,52.1,48.4,44.2,42.0,37.3,36.4,35.1,31.9,31.1,29.8,29.6,30.4,30.7,32.0,33.1,33.6,34.7,36.1,37.0,37.9,39.1,40.9
22:37:55.000,NaN,52.0,NaN,72.0,74.5,79.8,75.8,73.5,74.4,70.8,69.6,70.0,66.9,67.5,66.4,62.9,60.5,52.7,50.2,45.1,41.5,37.1,34.7,34.9,30.9,28.5,28.6,28.6,29.9,30.9,31.7,32.9,33.8,34.8,35.8,37.1,38.2,39.1,40.7
22:37:56.000,NaN,50.9,NaN,74.7,77.2,78.9,75.9,76.6,74.8,73.6,73.6,72.3,68.0,69.9,67.9,62.9,59.4,55.0,50.9,43.9,40.9,35.4,34.0,33.4,30.6,29.7,28.6,29.4,29.9,30.7,31.7,32.9,33.6,34.7,35.8,37.1,38.2,39.1,41.0
22:37:57.000,NaN,52.5,NaN,75.8,72.2,78.0,74.7,74.3,75.1,72.2,73.7,71.1,69.4,69.0,64.2,62.2,61.0,55.8,53.9,44.7,41.3,36.2,34.7,33.4,31.9,29.9,29.5,29.5,30.0,31.0,31.6,32.7,33.6,34.9,36.0,37.1,38.2,39.1,40.8
22:37:58.000,NaN,53.9,NaN,71.9,73.3,76.1,77.9,74.1,71.6,71.0,71.8,72.3,72.3,67.1,67.7,63.5,63.2,58.6,56.1,49.7,43.2,38.1,35.2,35.5,31.6,30.7,29.6,29.4,30.1,30.6,31.6,32.7,33.3,34.6,35.8,37.1,38.3,39.2,40.9
22:37:59.000,NaN,55.0,NaN,72.6,69.2,73.9,74.7,73.6,76.0,74.9,70.7,71.5,70.6,70.6,68.1,65.5,64.5,60.6,57.1,49.8,44.4,37.4,37.7,37.8,33.4,31.5,30.2,30.2,30.3,30.7,31.6,32.8,34.0,34.9,35.9,37.0,38.2,39.0,40.7
22:38:00.000,NaN,51.3,NaN,73.2,72.3,70.9,77.4,74.4,74.4,73.5,74.9,72.3,72.7,69.5,64.2,62.7,60.5,57.5,52.8,45.6,38.5,36.8,35.2,35.6,32.3,31.7,30.6,30.0,30.5,30.9,31.9,32.7,33.8,34.9,35.9,37.0,38.0,39.2,40.8
22:38:01.000,NaN,52.0,NaN,78.2,72.7,73.2,72.2,72.0,72.0,71.0,71.9,70.1,69.4,67.5,63.7,62.7,60.2,56.9,53.0,45.6,40.6,35.7,35.4,35.3,32.2,30.5,29.1,29.3,30.0,31.0,31.7,32.3,33.7,34.6,36.0,37.0,38.1,39.1,40.8
22:38:02.000,NaN,49.6,NaN,75.4,72.4,75.7,78.0,73.0,73.3,73.0,73.0,73.5,71.8,69.4,65.4,61.2,59.3,56.0,49.8,45.0,38.7,35.0,35.4,34.6,32.3,31.2,29.5,29.6,29.8,30.5,31.7,32.8,33.4,34.8,35.8,37.0,38.2,39.1,40.9
22:38:03.000,NaN,47.7,NaN,73.6,66.2,76.9,74.9,72.4,76.1,72.8,71.5,69.6,66.8,66.2,61.0,58.2,56.8,52.9,48.3,42.3,38.4,33.8,33.8,34.3,31.5,29.9,29.1,29.2,30.4,30.9,31.6,32.7,33.6,34.5,35.8,37.1,38.1,39.1,40.8
22:38:04.000,NaN,50.7,NaN,71.4,69.5,77.0,75.4,74.1,72.2,69.9,69.4,66.7,66.2,65.7,63.0,58.7,58.4,55.7,52.2,46.8,42.3,35.8,35.4,33.8,31.9,30.5,29.9,29.4,30.4,31.0,31.8,32.8,33.7,34.7,36.0,37.1,38.1,39.0,40.8
22:38:05.000,NaN,49.7,NaN,67.6,78.4,75.6,71.9,72.2,74.3,70.2,72.8,70.7,65.6,63.9,63.9,59.2,57.2,55.8,52.9,48.3,43.0,39.3,35.4,34.8,32.2,30.6,29.1,29.2,29.9,31.3,32.4,32.6,33.7,34.8,35.8,37.0,38.1,39.2,40.9
22:38:06.000,NaN,48.7,NaN,74.9,73.0,70.4,68.9,72.2,70.2,68.0,68.9,68.5,65.6,63.3,60.4,58.9,57.4,54.2,52.0,47.9,44.2,38.4,34.4,34.1,30.0,29.1,28.7,28.5,30.3,30.6,31.7,32.6,33.6,34.9,35.9,36.9,38.1,38.9,40.9
22:38:07.000,NaN,50.4,NaN,76.2,73.9,75.5,70.1,70.7,70.5,68.3,66.1,64.6,65.7,63.9,62.6,58.9,57.2,54.8,51.5,50.8,45.4,41.0,38.2,35.0,30.5,28.5,28.7,29.5,30.1,30.6,31.2,32.7,33.8,34.8,35.8,37.1,38.1,39.2,40.8
22:38:08.000,NaN,48.8,NaN,63.5,73.7,71.2,72.9,71.8,71.5,69.4,69.4,66.4,67.3,60.7,62.1,58.0,56.5,53.6,52.8,46.3,43.3,38.8,35.2,32.2,28.8,28.7,28.5,29.1,29.9,30.6,31.7,32.4,33.6,34.7,36.1,37.0,38.2,39.1,40.9
22:38:09.000,NaN,47.7,NaN,65.4,73.6,66.5,70.3,72.0,68.4,69.3,63.1,67.7,64.3,63.8,60.7,57.2,56.4,51.4,51.3,44.4,40.8,35.7,33.4,33.0,30.9,29.0,28.1,29.0,30.0,30.3,31.9,32.6,34.0,34.8,35.9,37.1,38.1,39.2,40.8
22:38:10.000,NaN,46.9,NaN,71.5,73.5,68.6,71.1,68.1,73.9,69.7,69.5,67.1,63.6,61.3,59.7,57.4,55.3,51.5,49.4,44.1,38.6,33.9,33.9,32.6,31.0,29.1,28.4,29.6,30.0,31.4,31.9,33.0,33.8,34.8,35.8,37.1,38.2,39.1,40.9
22:38:11.000,NaN,45.2,NaN,75.8,74.4,72.4,74.2,72.7,69.9,68.7,66.2,64.3,61.3,61.1,60.4,56.1,52.2,50.8,46.9,39.5,35.5,34.2,32.0,32.4,30.2,29.2,28.7,28.9,30.1,30.7,32.1,32.7,33.9,34.7,35.8,37.1,38.1,39.1,40.8
22:38:12.000,NaN,45.5,NaN,76.4,71.0,71.9,70.8,71.8,70.7,70.5,67.0,63.9,64.7,62.9,61.3,55.6,53.2,48.3,45.2,38.6,34.9,34.8,33.4,32.6,29.8,28.1,28.7,28.8,30.4,30.9,31.8,32.7,33.5,34.7,35.9,37.0,38.2,39.2,40.9
22:38:13.000,NaN,44.6,NaN,76.0,71.5,75.8,72.3,71.6,74.2,69.2,63.9,63.0,60.8,62.6,60.1,55.3,52.3,46.6,44.2,36.4,33.4,32.4,31.4,31.9,29.4,28.9,28.3,29.2,29.8,30.9,31.7,32.6,33.7,34.9,35.7,36.9,38.1,39.2,40.8
22:38:14.000,NaN,43.7,NaN,74.4,75.2,67.5,70.9,70.0,73.0,65.1,64.9,63.6,60.8,62.7,58.5,55.8,51.3,46.5,44.7,37.8,34.3,32.7,31.2,31.2,29.6,29.2,28.6,28.7,30.1,30.6,31.8,32.6,33.7,34.8,35.8,37.0,38.3,39.2,40.7
22:38:15.000,NaN,43.9,NaN,74.0,71.6,72.5,75.7,70.1,74.2,68.0,67.4,61.5,59.5,61.2,58.5,52.9,49.3,43.1,42.6,37.5,34.4,32.0,32.6,31.5,29.0,28.3,28.9,29.6,30.5,30.9,31.5,32.6,33.9,35.0,36.0,37.0,38.2,39.0,40.7
22:38:16.000,NaN,42.7,NaN,72.6,73.0,72.3,72.9,71.0,68.2,69.1,65.5,63.4,61.6,63.6,59.0,51.5,49.7,45.9,41.9,35.4,34.1,32.6,31.6,31.8,29.6,28.2,28.8,29.0,30.1,31.2,32.0,32.6,33.8,34.8,35.8,37.0,38.1,39.1,40.7
22:38:17.000,NaN,43.3,NaN,77.2,75.7,72.6,72.8,68.5,71.7,70.1,65.6,61.2,62.0,59.6,57.3,52.4,49.3,45.7,42.7,37.6,34.1,32.4,32.3,31.3,30.4,28.8,28.3,29.0,30.1,30.4,31.8,32.5,33.7,34.8,35.9,37.2,38.1,39.1,40.9
22:38:18.000,NaN,42.7,NaN,77.7,68.9,73.3,76.3,71.7,67.1,68.3,64.9,62.5,59.5,60.7,57.1,52.4,49.9,44.4,43.0,37.3,33.8,33.2,32.3,32.7,29.9,28.6,28.5,28.6,30.1,30.7,31.8,32.7,33.9,34.7,35.8,37.1,38.3,39.1,40.8
22:38:19.000,NaN,44.4,NaN,76.7,64.5,70.4,68.6,65.2,61.8,64.3,63.3,61.1,60.9,61.4,58.8,52.9,52.3,47.2,42.4,38.9,36.1,32.8,32.8,33.2,30.4,29.2,28.4,28.9,30.3,31.0,31.6,32.6,33.8,34.7,35.9,36.9,38.1,39.2,40.8
22:38:20.000,NaN,43.0,NaN,70.3,74.2,70.6,71.8,64.3,64.6,69.0,61.9,59.7,60.8,61.6,54.4,52.8,49.2,45.3,44.0,38.3,34.9,33.4,32.1,31.8,30.2,27.9,27.8,29.2,29.9,30.7,32.2,33.0,33.6,34.8,35.9,36.9,38.0,39.0,40.8
22:38:21.000,NaN,42.7,NaN,69.1,72.0,67.4,68.1,67.9,65.3,66.5,64.2,62.4,61.5,60.4,55.5,52.7,50.1,45.1,45.4,38.6,34.7,31.4,31.3,31.2,29.7,28.3,28.1,28.6,30.0,31.0,31.9,32.8,33.5,35.0,35.8,37.0,38.0,39.2,40.9
22:38:22.000,NaN,43.0,NaN,75.8,66.3,71.2,74.2,69.8,64.3,67.0,64.1,56.8,61.1,58.6,53.5,52.1,48.1,46.5,44.6,37.6,34.6,32.0,30.2,30.6,29.0,27.6,28.0,29.0,29.8,30.8,31.6,32.6,33.5,34.8,35.8,37.1,38.2,39.2,40.8
22:38:23.000,NaN,42.3,NaN,78.3,72.1,70.5,69.8,68.5,66.8,68.2,64.1,60.2,61.0,58.3,57.7,50.7,48.2,46.0,43.6,36.6,34.6,33.0,32.1,32.4,30.4,29.3,28.3,29.2,30.2,30.5,31.7,32.9,33.7,35.0,36.0,37.2,38.1,39.1,40.8
22:38:24.000,NaN,42.4,NaN,74.5,75.1,67.6,68.2,68.9,67.2,68.3,64.1,60.2,60.7,59.1,56.4,51.0,47.6,43.7,44.2,38.5,35.3,33.5,33.7,33.3,30.6,29.9,28.7,29.6,30.2,30.8,31.8,32.6,33.6,34.7,36.0,36.9,38.2,39.1,40.7
22:38:25.000,NaN,42.6,NaN,74.1,71.1,70.2,66.2,65.8,66.8,67.0,65.3,61.9,56.8,54.2,55.0,51.8,46.2,43.8,42.3,37.7,36.4,35.0,34.0,34.1,31.3,29.9,28.9,29.6,29.9,31.5,31.9,32.7,33.7,34.8,35.9,37.2,38.3,39.1,40.8
22:38:26.000,NaN,42.6,NaN,74.6,73.0,70.4,70.5,70.8,66.5,72.1,65.7,59.0,58.8,54.6,53.1,51.0,49.6,45.0,43.5,37.0,34.9,34.5,33.7,34.7,31.1,29.9,29.3,29.0,30.2,32.4,32.4,32.8,33.9,34.8,35.7,37.1,38.2,39.1,40.9
22:38:27.000,NaN,42.0,NaN,73.7,73.5,74.7,71.5,72.8,66.9,64.9,63.3,56.1,57.2,55.2,55.1,51.8,49.1,42.5,43.5,37.0,34.4,34.5,31.9,32.0,30.8,30.2,29.5,29.4,30.6,31.1,31.9,32.7,33.7,35.0,35.8,37.3,38.0,39.0,40.8
22:38:28.000,NaN,42.0,NaN,74.8,70.3,70.9,68.2,65.9,67.1,69.8,57.7,58.6,54.8,55.5,52.7,51.4,49.2,42.7,42.7,37.0,34.7,33.5,32.8,32.8,32.0,30.0,29.1,29.5,30.2,30.8,31.8,32.9,33.8,34.7,36.1,37.1,38.1,39.1,40.8
22:38:29.000,NaN,41.8,NaN,79.7,73.5,67.7,73.5,67.8,64.5,69.7,63.7,58.0,56.0,55.9,55.3,48.8,47.9,43.3,43.2,35.9,34.9,34.3,33.2,33.4,31.4,29.8,29.3,29.6,30.2,30.6,31.5,32.8,33.6,34.8,36.0,37.1,38.1,39.2,40.9
22:38:30.000,NaN,42.1,NaN,79.2,68.2,67.5,66.0,68.2,64.7,69.0,64.9,57.7,57.9,58.3,54.2,48.9,48.2,43.0,41.4,36.5,35.7,34.1,34.0,33.3,30.8,29.2,28.6,29.1,30.0,30.6,31.5,32.6,33.8,34.9,36.1,37.0,38.1,39.2,40.8
22:38:31.000,NaN,42.3,NaN,66.3,70.4,68.6,69.2,70.9,62.6,62.8,61.1,60.7,60.9,58.4,55.8,52.0,49.1,44.1,41.8,35.8,33.6,31.8,32.4,32.3,30.5,30.3,28.7,29.1,30.1,31.0,31.9,33.0,33.9,34.8,35.9,37.0,38.1,39.2,40.8
22:38:32.000,NaN,41.7,NaN,76.4,69.2,72.2,72.5,68.5,64.3,67.2,62.0,63.0,59.3,59.2,55.3,51.8,48.1,44.5,41.9,36.9,33.4,31.2,31.5,31.1,29.6,27.8,28.7,29.3,30.2,31.1,32.3,32.8,33.7,34.8,36.0,37.2,38.2,39.3,41.0
22:38:33.000,NaN,41.2,NaN,78.0,73.3,70.5,70.4,65.3,66.0,66.7,63.4,63.9,58.9,55.6,53.6,50.7,46.8,41.1,41.6,35.2,31.9,30.4,30.4,31.5,29.1,28.4,28.3,28.6,29.4,30.9,31.6,32.7,33.7,34.6,35.9,37.0,38.0,39.1,41.0
22:38:34.000,NaN,41.8,NaN,72.4,73.9,69.0,68.6,68.3,61.7,65.9,60.6,65.0,61.8,55.1,53.7,49.1,49.4,43.9,42.5,37.1,33.1,29.8,30.2,31.2,29.8,28.7,28.6,29.4,30.0,30.7,32.0,32.7,33.8,34.7,35.7,37.0,38.0,39.2,40.8
22:38:35.000,NaN,41.7,NaN,72.3,69.7,71.3,65.2,68.2,63.5,62.4,62.1,65.8,57.6,54.0,55.8,52.4,49.4,45.3,42.2,35.4,33.0,32.1,29.9,30.6,28.6,28.1,28.0,29.0,30.2,31.0,32.0,33.3,33.6,34.8,35.9,37.1,38.2,39.2,40.8
22:38:36.000,NaN,41.4,NaN,77.4,73.1,71.4,74.8,66.3,65.2,62.8,60.7,60.0,57.5,55.2,56.2,53.1,47.4,45.4,41.5,36.3,32.3,30.7,31.1,29.8,28.7,27.9,28.4,29.1,30.0,30.9,31.9,32.6,33.6,34.7,36.0,37.1,38.2,39.1,40.8
22:38:37.000,NaN,41.3,NaN,75.5,72.4,72.2,70.8,67.0,60.7,65.0,64.0,63.1,59.0,57.3,55.9,52.2,48.4,44.9,42.3,36.8,32.4,31.5,29.4,29.5,27.9,27.9,28.3,28.9,30.0,31.5,32.5,32.5,33.9,34.8,35.9,37.0,38.1,39.2,40.8
22:38:38.000,NaN,41.7,NaN,72.9,75.0,72.5,63.4,67.5,66.3,63.3,60.5,61.9,57.2,56.2,55.0,50.5,47.0,43.1,42.7,35.3,32.3,30.7,29.3,29.0,27.4,27.6,28.0,28.6,29.7,30.2,31.7,32.7,33.7,34.8,35.8,37.2,38.1,39.1,40.8
22:38:39.000,NaN,42.3,NaN,75.3,74.1,73.5,71.2,60.8,65.3,59.1,62.4,66.9,56.7,57.5,57.0,54.4,50.1,44.7,42.1,37.6,33.3,30.2,29.1,29.1,27.7,28.0,28.3,28.8,30.2,31.0,31.5,32.8,33.8,34.9,35.9,37.1,38.1,39.3,40.8
22:38:40.000,NaN,42.9,NaN,72.5,76.2,71.4,70.4,65.3,65.3,63.4,64.8,64.3,57.9,57.5,57.6,53.8,51.6,46.1,42.4,36.5,34.2,31.4,30.6,31.0,29.2,27.8,27.5,28.7,29.9,30.6,31.6,32.6,33.6,34.9,35.9,36.9,38.3,39.0,40.8
22:38:41.000,NaN,42.2,NaN,75.3,72.5,66.3,72.3,68.4,67.8,60.1,59.1,63.5,58.5,59.8,57.1,51.9,49.9,44.4,42.4,36.2,34.5,31.3,30.3,30.4,28.6,27.4,28.6,29.0,30.0,31.3,31.8,32.9,33.7,34.9,36.0,37.0,38.1,39.1,40.9
22:38:42.000,NaN,42.7,NaN,78.5,76.0,71.7,68.8,68.0,62.8,61.0,65.5,63.2,57.6,57.9,55.2,53.7,50.7,47.6,43.3,38.0,34.1,32.4,30.4,29.9,28.6,28.0,28.7,29.2,30.1,31.4,32.1,32.9,33.5,34.5,36.0,37.2,38.2,39.2,40.9
22:38:43.000,NaN,42.4,NaN,75.9,73.1,71.4,67.4,70.0,61.1,60.0,63.1,62.8,57.2,55.8,54.9,50.5,49.7,46.1,45.0,37.9,33.7,34.0,32.4,30.4,28.4,27.8,28.2,29.0,29.7,30.5,32.1,33.1,33.6,34.8,36.2,36.9,38.0,39.3,40.9
22:38:44.000,NaN,43.0,NaN,76.1,71.9,68.6,71.5,65.1,62.1,61.7,64.1,59.9,61.1,55.3,54.1,52.1,48.2,46.1,43.6,38.1,35.1,35.8,35.6,34.6,32.0,30.5,29.9,30.2,30.5,31.0,32.2,32.9,33.7,34.7,35.8,37.0,38.1,39.1,40.8
22:38:45.000,NaN,43.7,NaN,64.7,74.4,72.7,68.6,65.2,66.4,61.6,65.1,60.1,55.4,55.3,55.9,54.0,50.5,46.2,44.2,39.3,35.7,34.1,33.7,34.3,32.9,30.2,29.1,29.3,30.4,30.8,32.1,32.7,33.9,34.9,35.9,37.1,38.1,39.2,40.8
22:38:46.000,NaN,44.2,NaN,73.0,74.0,72.1,70.2,68.6,60.8,63.6,61.8,60.4,61.0,56.8,56.2,53.8,50.4,49.1,45.4,39.7,35.1,32.9,33.3,33.2,32.7,30.1,29.9,29.6,30.9,31.1,31.8,32.6,33.9,34.7,35.8,37.2,38.1,39.1,40.9
22:38:47.000,NaN,44.0,NaN,80.0,71.6,74.3,71.0,62.7,65.2,62.6,62.5,60.4,57.8,56.7,55.3,52.8,50.5,48.9,45.2,38.8,33.9,33.6,33.2,33.4,32.5,31.0,30.0,29.2,30.2,31.2,31.9,32.6,33.9,34.8,36.0,37.2,38.2,39.1,40.8
22:38:48.000,NaN,43.8,NaN,69.0,72.6,73.4,75.9,65.9,60.6,61.7,60.6,61.8,57.5,58.4,57.5,54.7,51.5,47.9,45.1,39.3,35.2,33.5,33.4,33.8,30.6,29.4,29.3,28.9,30.4,31.1,32.2,32.8,33.7,34.6,35.7,37.0,38.1,39.2,40.8
22:38:49.000,NaN,43.6,NaN,73.4,77.0,71.4,69.2,64.1,59.5,59.3,62.9,55.7,56.2,57.9,58.0,53.8,51.3,48.6,45.4,40.1,34.9,32.4,31.7,32.7,30.1,29.2,29.0,29.4,30.5,30.5,31.8,32.8,33.7,34.7,35.7,37.0,38.2,39.1,40.8
22:38:50.000,NaN,42.4,NaN,70.5,75.8,67.6,68.4,67.7,61.9,59.2,63.1,59.6,56.5,56.4,56.0,52.0,49.7,47.3,45.1,38.2,35.6,32.2,30.9,31.8,30.0,28.8,28.9,29.1,29.8,30.6,31.8,32.6,33.8,34.9,35.9,36.9,38.1,39.0,40.7
22:38:51.000,NaN,42.8,NaN,76.2,75.9,64.7,70.5,66.7,61.1,59.8,65.5,57.1,56.6,57.0,55.5,53.6,50.7,44.6,43.9,37.7,33.9,31.7,32.6,32.7,30.6,29.1,28.7,29.1,29.5,30.6,31.9,32.9,33.5,34.7,36.0,37.0,38.1,39.0,40.8
22:38:52.000,NaN,41.6,NaN,73.3,72.7,71.1,73.1,63.7,64.6,60.7,60.8,59.1,60.1,59.1,55.4,49.9,49.7,43.5,41.0,36.1,32.6,33.6,32.2,33.1,30.0,29.5,28.7,29.3,29.9,30.8,32.0,32.7,33.8,34.7,36.0,37.1,38.1,39.2,40.8
22:38:53.000,NaN,41.7,NaN,70.1,71.0,68.2,66.0,63.9,62.1,58.7,61.8,57.7,58.3,59.4,56.8,50.3,48.8,44.0,40.7,35.1,32.7,32.4,32.4,32.2,29.7,29.3,28.2,28.8,29.7,30.7,31.6,32.8,33.7,34.8,36.0,37.2,38.0,39.0,40.7
22:38:54.000,NaN,41.7,NaN,72.5,70.1,72.9,71.1,65.1,64.8,60.3,62.6,59.0,59.6,55.2,55.3,50.6,48.5,46.3,43.1,36.1,32.8,32.2,31.7,32.4,29.9,28.2,28.4,29.4,30.0,30.5,31.7,32.6,33.7,34.9,35.9,37.0,38.2,39.2,40.7
22:38:55.000,NaN,40.9,NaN,68.7,69.8,73.9,70.0,61.3,62.3,61.0,60.5,59.7,58.2,55.8,54.7,50.4,48.5,43.3,41.6,34.6,33.0,32.0,31.2,32.3,29.9,29.0,28.3,28.1,29.7,30.6,32.0,32.9,33.7,35.0,35.8,37.1,38.1,39.1,40.9
22:38:56.000,NaN,41.3,NaN,72.4,70.8,71.6,72.7,63.8,61.9,60.0,58.6,57.0,58.3,53.3,54.9,49.2,47.0,43.3,42.0,36.3,31.8,30.3,30.3,31.3,29.4,28.5,28.4,29.2,30.0,30.3,32.1,32.9,33.4,34.7,36.0,37.1,38.1,39.2,40.7
22:38:57.000,NaN,39.9,NaN,72.8,74.9,70.4,67.8,62.8,60.0,58.6,62.6,57.4,60.7,54.7,55.9,49.4,48.2,43.5,39.6,36.1,31.5,29.5,30.0,29.0,28.7,27.8,27.9,28.7,29.6,30.3,31.7,32.5,33.7,34.7,35.8,37.0,38.1,39.1,40.8
22:38:58.000,NaN,40.1,NaN,72.2,70.8,68.5,65.3,64.4,65.2,60.2,57.3,56.3,59.0,54.0,54.0,50.9,46.0,43.8,39.7,35.8,33.7,30.8,28.4,29.3,28.3,27.6,28.1,28.5,29.6,30.8,31.6,32.8,33.9,34.6,36.0,37.0,38.1,39.2,40.8
22:38:59.000,NaN,39.7,NaN,68.9,75.8,74.2,70.4,68.8,64.4,60.8,58.4,53.7,58.5,53.6,54.8,49.1,47.1,41.5,39.7,33.5,31.2,29.8,28.3,30.2,29.0,27.9,28.5,28.9,29.8,30.9,31.8,32.5,33.6,34.8,35.9,37.1,38.1,39.0,40.9
22:39:00.000,NaN,39.3,NaN,70.9,70.8,74.7,70.8,65.4,64.3,58.9,58.5,55.3,58.8,51.8,53.3,48.2,45.0,42.5,39.9,32.7,32.2,31.3,29.5,29.9,27.6,28.3,28.2,29.2,29.7,30.6,32.3,32.7,33.6,34.8,36.1,37.1,38.1,39.2,40.9
22:39:01.000,NaN,40.1,NaN,70.9,74.0,75.9,69.9,63.1,61.0,59.9,59.1,54.6,57.6,53.5,51.9,47.7,45.9,42.9,41.4,35.4,32.7,31.8,31.1,31.3,28.8,28.5,28.6,29.0,30.1,30.9,31.7,32.7,33.8,34.7,35.7,37.0,38.1,39.1,40.8
22:39:02.000,NaN,40.2,NaN,73.3,71.4,69.9,65.2,66.5,66.5,61.7,59.5,56.9,56.6,54.9,52.3,48.2,47.0,41.6,40.0,34.3,33.7,32.1,31.4,31.4,29.8,29.1,29.0,28.8,30.1,30.6,32.1,32.7,33.6,34.6,35.9,37.0,38.1,39.2,40.9
22:39:03.000,NaN,40.2,NaN,74.5,76.2,72.1,65.8,64.0,65.6,63.1,58.9,56.0,58.4,56.9,52.5,49.2,48.0,42.8,40.0,33.0,32.5,30.6,29.9,30.2,28.3,27.8,28.5,29.2,30.4,31.2,32.2,33.1,33.6,34.5,36.0,37.0,38.0,39.1,40.9
22:39:04.000,NaN,40.7,NaN,70.5,72.0,71.0,67.6,68.0,63.8,61.9,61.4,53.4,57.4,57.2,52.2,50.2,48.8,42.9,40.7,34.5,33.2,30.6,28.9,30.2,27.9,28.5,28.8,29.1,29.7,31.0,31.7,32.8,33.7,34.7,35.9,36.9,38.2,39.2,40.8
22:39:05.000,NaN,39.3,NaN,71.7,67.3,71.7,68.7,64.4,64.5,65.4,61.6,57.5,54.6,55.5,51.2,48.3,46.0,42.7,40.8,32.9,31.9,30.6,29.0,29.8,28.6,27.2,28.2,28.9,29.9,30.3,31.8,32.7,33.7,34.8,36.1,37.2,38.2,39.0,40.9
22:39:06.000,NaN,40.8,NaN,71.9,73.6,64.7,61.3,64.9,64.2,61.8,60.2,56.8,54.3,56.5,52.9,47.8,47.1,44.4,42.1,34.2,34.3,29.2,29.8,30.6,28.8,28.3,28.3,28.6,29.3,30.4,31.6,32.9,33.9,34.8,35.9,37.0,38.2,39.1,40.8
22:39:07.000,NaN,40.7,NaN,70.9,71.6,69.2,63.3,64.2,67.9,65.3,62.4,57.8,56.7,55.5,51.3,49.3,47.5,46.4,40.2,35.3,32.2,30.4,32.0,32.2,30.5,28.8,28.8,28.9,29.9,30.7,31.4,32.6,33.7,34.6,36.0,37.0,38.2,39.1,40.9
22:39:08.000,NaN,40.9,NaN,74.2,70.0,69.6,66.0,67.2,69.9,62.1,61.5,57.8,54.5,52.7,51.5,50.3,48.9,43.8,40.3,35.4,33.0,32.6,32.2,33.2,29.0,28.3,28.7,28.6,29.8,30.8,31.6,32.6,33.9,35.0,35.9,37.1,38.1,39.1,40.8
22:39:09.000,NaN,39.6,NaN,73.4,66.0,70.2,64.5,64.7,61.5,63.4,60.2,55.3,57.2,54.5,53.6,49.9,47.3,44.0,39.8,34.1,31.7,30.5,30.2,31.1,29.1,28.2,28.5,28.9,29.7,30.2,31.8,32.9,33.7,34.8,35.9,37.0,38.3,39.2,40.9
22:39:10.000,NaN,40.1,NaN,71.1,67.0,63.1,62.7,68.8,67.0,64.1,59.5,58.6,57.4,52.7,52.1,50.1,47.0,44.2,41.1,33.6,33.3,31.6,30.2,30.6,29.1,28.5,28.4,29.4,30.2,30.5,31.6,33.0,33.7,34.7,35.9,36.8,38.1,39.3,40.8
22:39:11.000,NaN,40.6,NaN,61.6,66.7,70.7,69.3,65.3,67.1,63.3,58.1,59.1,57.0,53.2,51.1,50.8,46.2,43.2,43.3,34.9,32.5,30.0,30.3,31.4,29.9,28.7,28.6,29.1,30.3,30.6,31.6,32.7,33.8,34.8,35.8,37.0,38.2,39.1,40.8
22:39:12.000,NaN,39.6,NaN,69.4,68.8,65.9,66.7,63.6,66.0,60.3,59.5,57.9,54.2,54.7,51.0,49.4,48.3,40.5,41.7,34.8,31.6,31.0,30.5,30.0,28.5,27.9,28.6,28.9,29.5,30.8,32.3,32.7,33.7,34.8,35.7,37.1,38.1,39.2,41.0
22:39:13.000,NaN,40.1,NaN,74.6,70.1,68.5,65.0,65.5,69.2,61.0,60.4,59.9,53.8,54.3,50.5,48.3,45.8,41.7,41.7,35.1,31.5,31.9,31.3,32.7,29.9,28.7,28.9,29.1,29.7,30.4,31.8,32.8,34.0,34.9,35.8,36.9,38.1,39.0,40.8
22:39:14.000,NaN,40.3,NaN,78.0,62.2,62.8,67.4,66.1,65.4,62.0,57.7,55.2,56.7,53.5,49.3,50.4,45.8,42.4,43.3,33.5,30.7,31.4,30.6,32.1,30.0,28.6,28.2,29.5,29.9,30.6,32.0,32.9,33.8,34.9,35.9,37.0,38.1,39.1,40.9
22:39:15.000,NaN,40.0,NaN,73.7,67.5,69.1,66.1,63.4,65.1,60.1,58.7,57.3,55.8,52.5,52.1,51.6,46.8,43.0,40.9,35.7,32.5,30.1,29.3,31.5,29.2,28.1,28.1,29.1,29.6,30.6,31.7,32.7,33.8,34.7,35.9,37.0,38.1,39.1,40.8
22:39:16.000,NaN,40.4,NaN,69.2,60.7,69.2,67.0,65.6,67.7,63.3,59.0,55.8,57.3,52.9,51.9,49.1,45.5,43.8,41.5,35.4,33.2,31.6,31.7,32.0,29.3,30.0,29.4,29.3,30.2,31.0,32.0,32.5,33.5,34.8,35.9,37.1,38.1,39.1,40.7
22:39:17.000,NaN,40.3,NaN,71.3,66.4,69.0,64.2,65.0,66.5,60.5,60.6,57.2,56.2,50.0,51.4,49.4,48.1,44.4,41.0,34.3,33.1,30.3,31.3,31.7,30.4,29.0,28.7,29.0,29.9,30.6,31.8,33.0,33.6,35.0,36.2,37.0,38.0,39.3,40.8
22:39:18.000,NaN,40.9,NaN,70.8,69.5,66.1,66.0,63.3,68.4,61.2,59.6,55.9,55.3,51.9,50.4,49.5,48.0,46.4,41.2,37.8,34.5,31.3,31.4,31.4,29.4,28.6,28.5,29.2,29.4,30.5,31.5,32.7,33.8,34.9,35.9,37.0,38.1,39.1,40.9
22:39:19.000,NaN,39.8,NaN,79.2,68.7,69.3,62.8,59.9,67.4,63.5,60.5,57.1,53.0,53.0,50.8,50.5,47.1,43.3,41.3,34.4,33.1,30.8,30.7,31.3,29.4,29.0,28.1,28.9,29.7,30.8,32.0,32.9,33.9,34.7,36.0,37.0,38.2,39.2,40.9
22:39:20.000,NaN,39.8,NaN,72.9,67.9,71.6,60.4,69.5,71.0,61.6,57.1,56.3,53.5,51.9,52.6,50.4,44.9,43.9,42.3,36.4,31.7,30.2,29.9,31.0,29.1,28.5,28.7,28.8,29.9,30.7,32.0,32.7,33.7,34.7,36.0,37.1,38.1,39.1,40.8
22:39:21.000,NaN,39.8,NaN,73.5,65.7,69.6,62.4,67.4,72.1,63.4,59.3,56.6,55.3,51.4,51.7,50.0,48.4,41.8,40.6,34.5,31.3,31.1,30.3,31.2,29.4,28.3,28.4,28.7,29.9,31.1,31.8,32.9,33.8,34.8,35.9,37.1,38.2,38.9,40.8
22:39:22.000,NaN,41.5,NaN,73.5,65.9,68.5,61.5,62.2,66.6,63.5,58.9,58.0,52.2,49.7,51.6,49.2,46.7,44.6,42.1,35.3,32.8,29.8,30.4,29.8,29.6,28.4,28.7,28.6,29.7,30.7,31.6,32.9,33.9,38.2,37.2,36.9,38.2,39.0,40.9
22:39:23.000,NaN,40.0,NaN,75.5,69.1,70.5,61.6,63.5,62.2,61.6,64.0,59.0,53.7,51.6,49.3,49.2,46.7,44.2,42.8,34.4,31.8,30.3,29.0,29.4,28.2,27.9,28.1,28.2,29.6,30.7,31.9,32.8,33.7,34.7,35.9,37.1,38.0,39.0,40.9
22:39:24.000,NaN,39.4,NaN,77.4,63.6,68.1,62.6,66.4,66.4,64.6,61.7,57.4,53.4,53.8,51.2,51.5,46.9,42.8,42.6,34.4,33.3,29.5,29.8,29.0,28.4,28.3,28.2,28.8,29.6,30.5,31.9,32.8,33.5,34.8,35.8,37.0,38.1,39.2,40.9
22:39:25.000,NaN,39.8,NaN,71.6,68.6,65.7,64.4,68.1,67.6,63.1,61.5,56.6,53.8,53.4,49.3,50.3,46.2,42.6,42.9,34.7,32.9,29.7,29.0,29.2,28.5,28.3,28.1,28.7,29.8,30.8,31.6,32.8,33.8,34.7,35.9,37.1,38.1,39.0,40.8
22:39:26.000,NaN,40.0,NaN,70.2,66.9,65.5,65.3,65.3,66.1,64.1,62.0,58.3,55.2,54.0,50.4,50.9,45.8,42.2,43.5,34.4,32.6,31.1,30.0,29.4,27.8,27.4,28.2,28.6,30.0,30.6,31.9,32.9,33.5,34.8,36.0,37.0,38.1,39.0,40.9
22:39:27.000,NaN,41.1,NaN,70.1,72.0,67.5,62.6,67.0,68.3,61.8,62.2,57.1,55.4,53.1,50.0,51.9,47.1,42.3,44.8,36.5,33.1,32.3,29.9,31.4,28.9,28.0,27.6,28.7,29.6,30.7,31.7,32.8,33.8,34.8,35.8,36.9,38.3,39.2,40.7
22:39:28.000,NaN,40.4,NaN,75.8,70.5,67.3,67.5,63.7,64.3,61.2,62.7,60.0,56.9,56.5,51.5,47.8,46.8,43.0,44.2,36.1,33.0,32.1,30.1,30.0,28.3,28.6,28.0,28.2,29.5,30.5,32.1,33.1,33.8,34.8,35.8,37.1,38.0,39.2,40.9
22:39:29.000,NaN,40.6,NaN,71.5,66.3,67.9,68.1,62.0,64.8,63.2,64.5,59.0,56.5,56.8,52.5,47.4,47.2,44.3,44.1,35.7,34.5,31.4,30.6,30.6,28.0,28.1,28.1,28.7,29.8,30.4,31.9,32.7,33.5,34.8,35.8,37.1,38.0,39.0,40.8
22:39:30.000,NaN,41.7,NaN,71.9,65.7,67.7,67.5,67.0,64.2,63.5,62.2,60.9,54.6,54.8,53.6,49.7,47.6,43.3,42.6,36.5,32.6,32.3,30.9,32.2,29.4,29.1,28.7,29.3,29.9,30.8,31.9,32.8,33.8,34.9,36.0,37.2,38.1,39.0,40.9
22:39:31.000,NaN,40.9,NaN,72.2,67.1,69.0,65.0,68.1,66.9,64.9,63.6,62.0,58.5,57.7,54.5,51.4,47.8,43.1,41.6,35.8,33.2,32.8,30.8,32.3,29.1,28.3,28.3,28.9,29.9,30.7,31.6,32.5,33.8,35.0,35.9,37.0,38.1,39.1,40.8
22:39:32.000,NaN,41.5,NaN,66.9,65.8,70.3,70.1,63.0,68.7,67.6,62.0,59.7,55.4,55.5,53.8,50.2,47.3,43.7,43.7,34.5,32.7,32.6,31.4,33.3,30.6,28.7,28.0,28.7,29.7,30.5,32.1,32.4,33.9,34.8,36.0,37.1,38.1,39.2,40.8
22:39:33.000,NaN,41.9,NaN,71.5,65.0,70.9,68.2,65.6,66.8,63.5,62.8,60.3,54.8,57.5,56.6,53.0,48.1,44.5,42.3,35.4,32.3,32.9,32.7,32.7,30.3,29.3,28.9,29.2,29.9,30.5,32.1,32.8,33.9,34.7,35.8,37.1,38.2,39.1,40.8
22:39:34.000,NaN,42.2,NaN,71.3,65.6,68.5,65.7,68.8,66.8,65.1,65.1,61.7,57.6,57.2,57.7,53.4,49.0,45.3,42.8,35.0,32.6,30.6,30.0,31.3,30.6,29.4,29.0,28.5,30.3,30.6,32.0,32.5,33.8,34.8,36.0,37.0,38.1,39.0,40.8
22:39:35.000,NaN,40.5,NaN,66.4,69.5,68.9,68.6,69.6,67.4,61.9,66.0,61.6,55.6,54.5,51.2,52.4,46.1,40.8,41.6,34.1,31.6,31.7,30.7,31.4,30.6,28.6,28.7,28.7,29.6,30.5,31.6,32.8,33.6,34.9,35.9,37.0,38.1,39.1,40.7
22:39:36.000,NaN,41.9,NaN,66.9,61.1,68.0,70.8,70.2,67.4,59.1,60.8,58.2,56.3,52.8,52.0,52.8,49.5,40.8,39.8,35.0,31.5,30.6,31.0,32.7,30.7,28.8,28.5,29.0,30.1,30.8,31.7,32.7,33.8,34.8,35.9,36.8,38.2,39.1,40.9
22:39:37.000,NaN,41.6,NaN,69.9,63.9,70.6,66.6,65.6,65.8,60.9,66.3,60.4,56.8,55.9,53.2,53.8,51.1,43.6,41.6,35.5,33.1,31.4,31.5,31.6,30.7,28.5,29.0,29.0,30.0,30.7,31.4,32.8,33.7,34.6,36.0,37.0,38.2,39.1,40.8
22:39:38.000,NaN,41.2,NaN,70.1,68.2,65.5,71.0,63.0,69.4,64.2,64.5,59.4,54.7,54.1,54.7,52.6,49.6,43.7,42.3,35.4,33.0,31.6,31.6,31.2,29.4,28.7,28.3,28.6,29.8,30.7,31.8,32.9,33.7,34.7,35.8,37.1,38.1,39.0,40.8
22:39:39.000,NaN,39.4,NaN,73.1,65.7,70.6,72.2,67.7,64.4,61.6,64.4,60.8,52.3,51.5,51.6,48.0,48.2,41.8,40.9,32.7,31.7,30.7,30.9,30.2,29.2,28.3,28.3,28.8,29.9,30.7,31.9,32.9,33.5,34.8,35.8,37.0,38.1,39.0,40.9
22:39:40.000,NaN,40.0,NaN,71.0,65.0,74.3,73.2,66.5,65.4,60.7,62.4,54.8,53.6,51.5,51.7,49.3,48.4,41.1,41.5,34.6,30.7,30.8,29.6,30.3,28.5,28.7,28.3,29.4,30.2,30.7,32.1,32.8,34.1,34.8,35.9,37.0,38.1,39.2,40.7
22:39:41.000,NaN,38.9,NaN,68.0,68.1,69.5,67.3,66.8,61.9,63.1,61.8,59.8,51.5,52.5,51.2,49.0,46.1,41.9,40.5,33.7,30.1,30.0,30.1,29.8,28.7,28.4,28.3,29.1,30.3,30.7,31.9,32.9,33.9,34.9,35.8,37.0,38.1,39.1,40.8
22:39:42.000,NaN,40.3,NaN,68.2,67.1,66.9,67.7,68.6,64.8,64.0,56.7,57.0,52.3,49.7,49.4,51.3,46.5,44.4,42.7,35.5,32.4,30.8,30.5,32.4,29.7,28.1,28.1,28.7,29.9,30.4,31.9,32.7,33.6,34.8,35.8,36.9,38.1,39.1,40.8
22:39:43.000,NaN,39.7,NaN,66.6,71.0,70.5,71.4,70.1,66.4,65.5,59.0,59.1,50.9,52.4,49.1,47.8,46.8,42.5,41.9,33.5,31.2,29.5,30.7,31.9,29.3,28.1,28.5,28.4,29.9,31.1,32.3,33.3,33.7,34.6,35.9,36.9,38.2,39.1,40.9
22:39:44.000,NaN,38.9,NaN,69.9,66.9,74.2,68.3,65.7,62.7,60.7,55.1,55.3,50.2,51.8,50.8,49.2,46.3,40.2,42.5,33.9,31.7,28.5,29.5,30.0,28.4,27.6,28.5,28.3,30.0,30.6,32.0,33.0,33.8,34.7,35.9,37.0,38.1,39.1,40.7
22:39:45.000,NaN,40.3,NaN,68.9,66.0,74.9,69.9,70.1,65.2,57.0,57.3,56.1,49.7,52.7,51.1,46.8,47.5,40.7,43.4,34.0,31.0,30.4,30.0,30.6,29.4,28.1,28.4,28.7,29.5,31.1,31.8,32.8,33.7,34.6,35.9,36.9,38.0,39.1,40.8
22:39:46.000,NaN,39.6,NaN,70.3,68.0,66.5,69.6,66.0,60.5,60.8,56.0,55.1,52.0,54.0,50.4,49.8,46.6,43.0,42.8,35.3,31.6,30.8,30.6,31.0,27.3,27.3,27.7,28.9,29.7,30.7,32.4,33.0,33.6,34.8,35.9,37.2,38.1,39.1,40.9
22:39:47.000,NaN,39.3,NaN,66.7,66.3,70.2,69.7,66.7,61.9,62.8,55.6,55.9,50.5,53.6,49.6,48.5,45.9,39.8,42.5,35.9,32.7,32.5,31.3,30.4,27.1,28.0,27.4,28.8,29.8,30.7,31.7,33.2,33.6,34.7,35.9,37.0,38.1,39.3,41.0
22:39:48.000,NaN,39.0,NaN,69.3,69.2,72.3,70.1,68.7,64.7,61.7,54.5,54.7,49.6,50.9,47.7,48.5,45.6,42.7,42.8,35.3,32.7,31.2,29.8,29.6,28.2,27.6,27.7,29.0,29.6,31.0,32.1,32.7,34.0,34.6,35.9,37.1,38.2,39.1,40.8
22:39:49.000,NaN,39.0,NaN,70.6,71.2,71.2,65.8,67.9,64.2,60.0,53.8,52.8,51.4,51.6,49.3,48.5,45.6,41.1,41.6,34.5,32.8,31.3,29.5,29.9,28.8,28.2,28.1,28.6,29.9,31.1,32.2,32.7,33.8,34.8,35.6,37.0,38.1,39.1,40.8
22:39:50.000,NaN,39.2,NaN,70.4,71.0,70.6,65.8,68.2,62.2,59.2,57.2,54.2,50.2,51.5,46.6,49.9,45.1,41.2,40.1,34.4,32.2,31.2,29.9,31.0,28.6,28.5,27.7,28.6,29.9,30.6,31.8,32.9,33.6,34.8,36.0,36.9,38.1,39.2,40.8
22:39:51.000,NaN,39.9,NaN,67.0,72.1,65.1,66.1,64.8,63.1,60.6,53.0,54.3,54.5,51.7,49.9,49.6,47.4,42.4,40.0,32.9,31.9,31.8,30.2,30.7,29.1,29.1,28.8,29.0,30.2,30.7,31.7,32.6,33.9,34.8,36.0,37.0,38.2,39.0,40.8
22:39:52.000,NaN,41.4,NaN,61.1,61.5,64.9,64.8,65.4,58.0,56.7,52.1,55.6,53.1,54.6,51.9,51.4,47.4,42.0,41.8,37.6,32.8,32.8,32.2,32.0,28.9,28.1,28.7,28.4,30.1,31.2,32.1,32.7,33.7,34.9,35.8,37.1,38.1,39.2,40.9
22:39:53.000,NaN,39.8,NaN,65.1,70.6,69.4,67.8,67.7,62.7,62.3,56.5,57.5,54.7,54.0,53.1,51.6,47.2,40.5,39.4,33.5,32.6,33.1,31.8,32.6,30.1,29.1,29.0,29.0,29.8,31.3,31.7,33.2,33.4,34.8,35.9,36.9,38.1,39.2,40.8
22:39:54.000,NaN,40.5,NaN,67.2,67.8,70.3,70.8,70.6,61.0,57.8,54.8,54.4,51.0,53.7,52.9,50.4,46.8,41.0,42.2,32.8,31.4,32.7,32.3,32.8,30.1,28.7,28.6,28.7,30.0,30.8,31.8,32.9,33.9,34.5,35.8,36.9,38.2,39.2,40.8
22:39:55.000,NaN,40.6,NaN,70.3,72.3,70.0,69.0,64.3,62.3,58.6,55.1,56.4,51.8,53.3,51.4,50.5,48.2,41.5,41.9,32.7,32.7,32.0,31.6,32.1,29.9,29.3,28.4,29.0,30.1,30.8,32.0,33.0,33.7,34.9,35.8,37.1,38.1,39.0,41.0
22:39:56.000,NaN,40.1,NaN,68.0,69.0,69.8,68.5,64.0,61.4,57.0,60.9,55.9,52.4,54.4,49.8,51.7,46.5,40.0,40.5,33.9,32.0,32.1,32.1,32.5,30.4,29.2,28.8,29.0,30.0,30.8,31.7,32.8,33.8,34.7,35.8,37.1,38.1,39.1,40.8
22:39:57.000,NaN,39.8,NaN,69.2,71.5,64.2,68.3,62.5,62.0,60.5,58.7,57.5,53.1,52.5,49.6,49.6,46.9,39.8,39.3,33.6,31.6,31.9,31.9,32.6,30.2,28.5,28.5,29.0,29.9,30.9,32.0,32.9,33.9,34.7,35.9,37.0,38.1,38.9,40.7
22:39:58.000,NaN,40.0,NaN,64.5,68.1,60.9,68.5,65.9,63.7,58.4,60.2,60.1,53.6,51.9,47.1,49.3,46.6,41.2,39.6,31.8,31.3,31.6,31.4,32.3,30.2,28.9,29.0,29.9,30.5,31.3,32.2,33.2,33.8,34.6,35.9,37.1,38.2,39.2,40.8
22:39:59.000,NaN,39.2,NaN,67.6,71.5,65.3,66.4,64.1,54.9,58.1,59.8,61.3,55.1,55.0,50.0,48.1,42.6,42.1,39.9,32.5,31.5,31.1,31.0,30.9,29.7,29.0,29.2,29.1,30.3,30.9,31.5,32.7,33.8,34.6,35.8,37.0,38.0,39.1,40.9
22:40:00.000,NaN,39.6,NaN,72.0,69.8,67.1,69.5,63.1,64.5,60.6,60.5,58.5,54.3,51.0,48.5,49.2,45.7,38.9,40.6,32.2,32.2,30.9,31.3,30.7,28.9,28.7,28.1,28.7,29.7,30.6,31.9,33.0,33.9,34.6,35.7,37.0,38.2,39.0,40.8
22:40:01.000,NaN,40.4,NaN,74.0,72.7,69.0,63.9,60.3,58.5,56.4,58.3,58.3,57.6,56.1,52.9,49.5,45.7,40.2,40.4,35.8,31.0,30.5,31.2,31.6,29.6,28.8,28.5,28.8,29.8,30.5,31.7,33.0,33.8,34.6,35.7,37.2,38.2,39.1,40.8
22:40:02.000,NaN,40.5,NaN,71.7,66.9,62.0,65.7,63.2,61.4,61.7,61.7,60.9,56.1,57.1,50.5,49.7,46.8,38.9,39.8,34.0,32.0,31.0,32.2,32.1,28.3,28.9,28.5,28.8,29.6,31.0,31.9,33.1,33.5,34.8,36.0,37.0,38.1,39.3,40.8
22:40:03.000,NaN,42.1,NaN,67.8,73.7,68.2,66.2,64.4,61.5,59.6,63.5,61.9,60.1,58.5,53.8,52.8,47.0,42.0,43.4,33.5,31.9,29.9,30.9,32.5,29.9,28.9,28.5,29.7,30.2,30.7,31.8,32.9,33.9,34.6,36.0,37.1,38.1,39.0,40.8
22:40:04.000,NaN,40.3,NaN,65.1,72.4,67.1,67.0,63.8,67.0,61.4,63.3,61.7,60.0,55.4,52.8,52.0,46.2,41.2,44.3,35.2,33.4,30.1,29.5,31.7,30.4,29.4,28.5,29.1,30.6,31.1,31.6,33.0,33.9,34.8,35.9,37.0,38.2,39.1,40.8
22:40:05.000,NaN,41.6,NaN,64.8,74.1,68.4,63.9,65.5,63.4,62.4,63.0,58.6,55.0,52.2,49.5,51.6,46.3,42.2,42.5,36.4,32.7,30.7,30.3,31.0,29.3,29.0,28.3,29.1,30.5,30.6,32.0,33.2,33.8,34.6,35.9,37.1,38.1,39.0,40.8
22:40:06.000,NaN,41.0,NaN,69.1,66.7,70.8,66.6,63.2,62.0,64.3,61.7,61.3,60.1,56.3,55.4,53.3,49.4,42.1,42.2,34.6,31.3,31.2,30.8,30.6,29.2,28.8,28.4,28.9,30.2,30.7,31.8,32.9,33.6,34.8,35.8,37.0,38.1,39.2,40.8
22:40:07.000,NaN,41.3,NaN,67.6,73.2,65.0,63.1,66.1,63.1,64.5,64.9,60.9,58.5,55.2,51.8,51.0,48.2,42.5,41.2,34.8,32.7,32.1,30.5,30.3,28.7,28.5,29.0,29.1,30.1,30.5,31.9,33.1,34.0,34.6,36.0,37.0,38.2,39.2,40.9
22:40:08.000,NaN,40.1,NaN,67.8,72.2,69.6,67.4,65.8,66.0,62.9,62.7,61.3,56.2,55.3,52.0,52.0,47.2,42.4,42.8,33.0,31.2,30.8,30.1,29.8,28.0,28.0,28.3,29.0,29.6,30.3,31.8,32.9,33.5,34.6,35.9,37.1,38.1,39.1,40.9
22:40:09.000,NaN,41.9,NaN,74.9,71.4,68.0,67.5,59.2,66.5,64.2,62.7,59.0,58.0,54.7,54.2,53.5,48.4,44.1,44.2,34.5,30.9,30.3,30.9,30.3,28.8,28.4,28.4,28.4,29.8,30.8,32.3,33.4,33.8,34.5,35.8,37.1,38.2,39.1,40.8
22:40:10.000,NaN,41.3,NaN,67.1,72.4,68.7,67.1,64.8,64.0,63.6,63.6,60.5,53.7,55.7,54.1,52.1,48.7,43.2,44.0,36.5,31.7,30.1,30.4,30.4,29.1,28.4,28.6,28.7,29.9,30.7,31.5,33.0,33.9,34.6,36.0,37.1,38.0,39.1,40.7
22:40:11.000,NaN,40.6,NaN,73.5,69.7,66.4,67.4,67.6,64.1,64.4,62.2,61.7,54.9,55.8,51.9,51.2,48.3,42.6,44.3,35.3,31.7,29.7,30.6,30.0,28.4,28.8,28.5,29.2,29.3,31.0,31.9,32.9,33.7,34.8,35.9,37.0,38.0,39.0,40.8
22:40:12.000,NaN,41.3,NaN,75.1,67.2,70.9,58.4,66.7,66.6,61.2,61.3,57.4,53.2,51.9,49.4,51.0,46.4,42.9,42.3,33.7,31.4,31.3,30.5,31.2,28.7,28.1,28.0,28.6,29.8,30.5,31.8,32.7,33.7,34.6,35.9,37.1,38.1,39.1,40.8
22:40:13.000,NaN,43.3,NaN,73.6,70.9,67.6,63.5,62.0,63.6,59.4,60.0,60.5,55.4,52.6,53.7,53.9,52.2,49.3,45.5,36.8,33.4,33.4,31.5,30.9,28.9,28.2,27.6,28.9,29.9,30.9,31.8,32.9,33.9,34.5,35.7,37.1,38.0,39.2,40.9
22:40:14.000,NaN,42.4,NaN,67.5,67.6,68.0,63.7,62.1,65.3,65.1,65.7,61.2,56.0,56.0,52.6,54.8,51.6,47.1,45.0,35.7,31.2,32.4,30.4,29.5,29.4,28.5,28.2,28.5,30.3,30.7,31.8,32.9,33.7,34.8,35.8,37.0,38.0,39.1,40.9
22:40:15.000,NaN,40.6,NaN,70.8,70.6,63.3,64.1,70.1,66.5,64.9,62.4,60.5,55.1,54.0,54.0,53.0,49.7,40.9,45.2,36.1,32.5,30.5,30.5,30.6,29.3,28.4,28.0,28.8,29.9,30.3,31.6,33.1,33.9,34.7,35.7,37.0,38.1,39.1,40.8
22:40:16.000,NaN,40.8,NaN,64.5,66.3,71.2,68.7,67.0,65.2,64.1,61.8,57.3,52.4,52.7,52.5,51.4,47.7,40.5,43.5,35.8,33.0,33.0,32.5,31.6,29.6,29.0,28.9,29.3,30.1,30.8,31.8,32.7,33.5,34.7,36.1,37.0,38.2,39.0,40.8
22:40:17.000,NaN,41.4,NaN,63.5,67.7,66.4,67.5,66.7,65.0,60.8,65.9,59.0,52.0,52.1,53.4,51.6,47.0,40.5,42.4,34.2,32.1,33.0,31.8,32.8,30.9,30.3,29.4,29.7,30.2,30.9,32.0,33.1,33.8,34.6,36.0,36.9,38.1,39.1,41.0
