AMBIENT,81.4,41.3,53.1,61.0,58.4,55.0,53.3,48.5,47.1,44.3,43.4,41.6,41.6,46.9,40.4,39.5,33.5,26.8,25.6,25.7,28.3,32.5,34.4,34.9,34.6,33.0,30.6,28.5,26.8,25.6,24.3,23.3,22.2,22.2,22.9,23.0,23.9,24.9,25.8
22:35:39.459,84.1,53.8,65.6,55.6,54.5,59.0,53.4,47.2,44.1,43.1,45.2,41.0,39.4,47.3,39.3,36.6,34.4,25.6,25.8,25.5,26.7,31.5,34.7,34.6,34.2,33.0,29.4,28.5,26.8,25.6,25.4,25.1,23.3,23.5,23.1,22.8,24.0,24.9,25.9
22:35:40.459,78.1,41.1,51.3,57.4,54.6,51.4,49.6,47.1,41.1,42.6,40.5,39.9,40.4,46.1,38.8,39.4,32.9,27.9,24.6,25.6,27.6,31.8,33.5,35.4,34.3,32.6,29.4,28.0,26.7,25.4,25.3,23.7,22.0,22.3,23.0,23.0,23.9,24.8,26.0
22:35:41.459,79.4,42.8,54.0,62.6,61.2,55.3,49.1,47.6,47.1,46.1,45.6,42.8,44.4,48.1,41.9,39.4,35.9,28.5,26.3,26.3,28.9,33.6,35.4,36.5,36.4,34.9,32.6,29.7,27.5,26.8,26.0,25.5,23.0,22.2,23.0,23.0,24.0,25.0,25.9
22:35:42.459,85.5,41.8,54.7,58.9,55.9,57.5,57.1,50.0,51.8,48.6,46.8,45.7,44.1,48.1,42.6,38.8,32.5,28.3,26.5,25.4,29.0,32.4,34.6,35.1,34.7,34.1,32.3,28.9,26.9,25.4,24.1,22.7,21.9,21.6,22.7,22.9,23.7,24.7,25.9
22:35:43.459,81.0,41.2,53.3,65.8,60.0,54.3,51.2,47.2,46.3,43.8,42.3,43.4,40.2,45.0,39.0,35.8,35.2,27.5,26.1,26.3,26.8,30.9,33.6,34.7,34.8,33.6,32.2,28.8,26.5,25.0,22.9,21.5,21.5,21.8,22.7,23.0,23.8,24.8,25.8
22:35:44.459,82.0,40.5,53.7,62.5,61.5,55.1,55.9,54.3,49.6,48.8,43.0,40.9,40.1,44.2,36.6,37.4,33.0,26.3,24.8,25.0,28.0,31.8,33.0,34.5,33.9,31.9,30.5,27.5,26.4,25.2,23.1,22.5,21.6,21.7,22.7,23.0,24.1,25.0,25.9
22:35:45.459,80.7,41.1,52.2,49.5,51.7,50.8,46.4,43.4,46.0,40.8,40.7,38.1,40.4,46.9,39.7,37.4,30.1,26.5,25.4,25.4,29.4,33.3,35.4,34.9,33.6,32.7,29.9,28.3,27.1,25.7,23.9,22.7,22.1,22.1,22.8,23.2,23.9,24.8,25.9
22:35:46.459,74.7,41.3,50.2,52.5,51.2,48.3,43.5,40.0,41.0,35.6,39.4,38.8,37.8,45.9,40.1,41.8,32.1,24.0,24.9,27.1,28.4,32.7,34.1,34.8,34.1,33.6,30.7,27.7,27.6,26.1,24.8,23.5,22.5,25.8,23.6,23.0,23.9,24.9,25.8
22:35:47.459,81.9,40.5,51.3,63.5,59.2,50.4,45.4,46.1,37.8,41.1,41.5,39.3,39.7,46.4,39.2,41.2,32.4,26.1,25.1,25.3,26.4,31.6,33.7,34.5,33.1,32.3,29.4,27.4,25.8,24.6,22.7,21.9,21.5,21.9,22.9,23.0,23.9,24.9,25.8
22:35:48.459,78.6,40.5,51.4,58.1,58.2,48.3,42.1,41.9,43.8,41.6,39.6,36.4,39.0,47.2,38.9,39.2,32.6,25.8,23.5,24.2,26.2,31.8,34.3,34.4,34.0,30.9,30.0,28.0,26.0,25.1,24.0,22.7,22.0,21.9,23.2,23.2,23.9,24.8,25.9
22:35:49.459,82.3,40.8,51.5,60.5,52.6,49.9,47.7,46.5,43.8,42.1,41.6,38.9,40.6,49.6,39.6,39.1,31.6,24.2,22.6,24.0,27.0,32.3,34.1,34.2,34.6,32.4,30.8,28.4,26.6,24.4,23.8,22.9,22.4,22.4,23.0,23.0,23.8,24.7,25.8
22:35:50.459,78.3,40.9,49.6,52.4,50.8,45.1,41.5,38.5,33.2,31.9,38.3,36.4,41.3,48.5,38.5,35.8,30.9,23.7,23.4,23.2,26.3,31.5,33.5,33.7,34.6,32.0,30.2,28.0,26.8,25.0,24.2,22.7,22.0,21.9,23.0,23.0,24.0,24.9,25.8
22:35:51.459,73.7,41.9,51.3,51.8,46.2,44.6,41.6,42.1,40.8,37.9,41.5,38.6,42.2,49.2,42.4,41.5,33.6,28.6,25.6,26.1,28.8,32.9,34.1,35.4,35.7,33.5,31.6,29.2,27.5,26.9,25.8,25.0,24.4,23.2,23.1,23.0,24.0,24.7,25.8
22:35:52.459,70.9,42.7,52.5,54.4,49.8,42.0,38.4,38.6,38.5,39.8,44.9,43.3,42.5,49.4,41.8,43.2,35.4,26.8,25.5,26.7,28.5,33.4,35.2,36.3,35.9,34.8,32.3,30.2,28.4,27.3,25.8,24.0,22.8,22.3,22.7,23.1,24.1,24.9,25.8
22:35:53.459,70.1,41.8,51.8,50.3,45.3,45.8,43.5,44.7,39.6,39.5,42.0,36.8,39.9,48.8,43.5,45.6,34.2,28.7,26.4,25.8,28.5,33.7,34.8,35.3,34.6,32.7,31.1,30.0,27.1,25.6,24.3,23.2,22.0,21.9,22.8,23.1,23.9,24.7,26.0
22:35:54.459,73.1,41.2,51.0,54.6,50.5,48.6,46.2,41.8,40.9,39.4,42.6,39.9,41.0,46.6,40.0,45.2,33.2,28.6,26.6,25.3,28.3,32.3,33.8,34.7,35.3,32.4,31.0,28.6,27.1,24.9,23.2,22.6,21.9,21.9,22.6,23.1,23.9,25.0,25.9
22:35:55.459,77.5,41.3,50.3,53.6,50.4,45.2,43.6,42.0,38.7,37.3,38.8,38.7,39.5,46.3,38.7,44.5,32.5,26.8,25.0,24.7,28.8,33.3,34.5,35.1,35.3,32.8,30.9,28.8,26.7,25.0,23.0,21.9,21.2,21.7,22.7,22.9,23.9,24.8,25.7
22:35:56.459,85.4,40.9,58.4,69.5,65.5,64.3,59.5,53.9,56.1,50.7,45.7,46.7,41.1,47.7,39.9,45.4,34.3,28.2,26.5,26.2,27.4,31.8,33.8,34.7,33.9,32.4,30.3,29.1,26.9,25.3,22.6,21.9,21.8,21.5,22.8,23.0,23.9,25.0,25.8
22:35:57.459,90.2,40.3,58.7,65.6,64.1,64.4,60.3,55.6,51.1,47.8,47.4,46.7,43.5,48.8,40.7,44.6,32.9,26.5,27.3,24.6,26.2,32.1,32.9,33.0,33.4,31.1,29.3,27.8,26.5,24.7,23.4,22.1,21.7,21.7,22.6,23.1,23.9,24.9,25.8
22:35:58.459,88.0,39.7,55.8,64.2,61.9,57.1,57.4,51.0,49.1,50.5,46.2,41.9,42.5,49.5,39.1,45.5,34.0,27.6,26.3,25.5,26.6,31.5,33.3,33.2,33.0,29.5,28.7,27.3,25.4,23.7,22.5,21.7,21.3,22.3,22.8,23.0,23.9,24.8,25.8
22:35:59.459,81.0,40.0,56.5,63.1,58.8,57.5,55.4,51.5,50.1,52.6,48.5,44.8,42.3,50.2,40.9,44.1,34.2,30.0,25.9,25.4,27.8,32.4,34.2,33.3,32.4,30.3,28.1,26.8,24.7,23.3,22.6,22.8,25.6,25.8,26.1,25.9,26.3,26.4,27.1
22:36:00.459,95.2,40.7,63.7,75.5,74.7,72.2,70.3,65.6,61.4,54.6,52.2,47.7,44.0,48.3,42.4,43.1,39.6,33.4,30.2,27.4,29.2,32.3,33.6,33.7,33.0,33.6,30.0,26.7,24.8,24.2,23.3,23.0,22.4,22.0,23.1,23.2,24.0,25.1,26.0
22:36:01.459,86.8,41.5,62.8,72.1,72.1,71.8,67.3,59.1,60.3,56.0,56.8,47.8,50.9,51.4,46.1,46.2,40.4,34.7,29.0,26.3,28.0,32.6,33.7,33.5,34.2,33.0,30.3,28.7,26.0,24.2,22.9,22.4,21.6,21.8,22.8,23.0,23.8,24.9,25.9
22:36:02.459,82.8,41.9,65.9,64.2,67.0,68.4,60.3,59.5,58.9,64.6,65.6,57.3,56.7,56.9,50.8,50.0,43.2,36.1,30.8,28.7,28.1,30.9,33.1,33.6,33.7,32.5,30.8,28.6,26.7,24.2,22.4,21.4,21.3,24.2,22.7,22.9,23.9,25.0,25.9
22:36:03.459,87.3,42.6,69.3,74.4,70.3,71.9,72.5,68.9,65.9,66.4,61.0,60.6,60.2,58.2,54.7,50.6,45.5,40.1,34.7,29.7,28.8,32.0,34.1,33.6,33.8,32.4,30.1,28.9,27.1,24.5,23.1,22.4,22.0,21.8,22.5,22.9,23.8,24.8,25.8
22:36:04.459,86.5,44.0,71.8,73.1,74.0,73.6,67.2,67.7,70.5,71.8,65.3,65.3,61.5,59.4,57.0,54.2,48.5,41.6,36.0,33.0,30.3,33.0,35.0,35.1,33.2,31.7,29.2,27.6,26.1,24.5,23.9,22.9,22.0,21.8,22.7,23.0,24.0,24.8,25.8
22:36:05.459,88.0,44.1,71.4,69.5,72.5,74.1,72.5,70.5,66.3,68.8,68.8,63.6,61.6,60.1,57.4,54.9,48.8,45.1,39.0,34.9,31.8,31.9,33.6,34.7,33.2,32.0,30.2,26.8,25.8,24.1,23.3,22.5,22.0,24.3,22.9,23.2,23.9,24.8,25.8
22:36:06.459,86.3,44.6,71.6,73.3,74.5,70.8,67.7,67.8,66.5,68.0,68.5,64.5,61.0,60.2,59.4,54.0,50.0,44.8,39.0,35.5,32.6,33.3,34.6,34.6,32.8,31.7,30.2,28.0,25.2,24.5,24.0,23.5,22.4,21.9,22.5,23.0,23.9,24.9,25.9
22:36:07.459,84.1,45.1,71.3,74.0,72.6,71.6,70.3,72.0,69.1,66.1,64.8,62.6,62.6,61.2,56.2,57.2,51.9,44.8,40.0,36.3,34.3,33.5,34.2,34.3,32.6,31.4,29.9,28.2,25.8,23.6,22.5,21.9,21.7,21.5,22.6,23.0,24.3,24.9,25.8
22:36:08.459,82.2,45.9,72.3,71.9,69.8,68.5,69.5,71.1,66.7,67.8,68.6,64.0,64.0,62.7,59.5,56.5,54.2,45.9,41.6,37.2,35.2,34.3,34.4,33.5,32.8,31.1,29.6,28.1,26.1,23.9,22.3,21.2,21.4,21.5,22.4,22.8,23.9,24.9,25.8
22:36:09.459,81.8,48.4,74.0,67.1,70.7,73.6,72.9,67.3,67.6,67.0,70.3,68.7,68.0,66.5,63.5,61.5,55.8,51.4,43.0,39.3,36.9,35.0,33.9,33.3,32.6,30.4,29.7,28.2,25.7,24.4,22.6,21.6,21.3,21.7,22.6,22.8,23.7,24.9,25.8
22:36:10.459,84.2,52.3,77.9,68.4,70.1,72.1,71.4,66.3,67.9,66.0,71.5,72.9,73.5,69.0,65.1,62.9,59.4,55.4,48.1,43.5,41.1,39.1,36.7,34.7,33.5,31.2,28.7,27.5,25.5,24.3,23.0,21.8,21.1,21.5,22.2,23.0,23.9,24.9,25.7
22:36:11.459,87.4,54.5,79.3,74.8,70.3,67.5,67.4,67.7,74.5,71.5,75.3,74.0,71.4,72.7,70.5,67.6,62.3,59.0,53.5,46.7,45.3,42.5,40.8,37.0,35.1,32.5,28.8,27.2,25.5,24.6,24.2,23.9,23.4,22.3,22.6,22.9,23.9,24.8,26.0
22:36:12.459,88.6,56.1,81.3,69.4,68.5,69.9,70.7,67.8,71.9,72.6,77.2,78.7,73.8,75.3,72.4,69.3,64.6,56.9,51.7,47.9,46.5,43.2,41.1,36.5,34.1,32.2,28.6,28.2,26.2,23.7,22.5,22.3,21.4,21.9,22.6,23.0,23.9,24.9,25.9
22:36:13.459,89.6,55.7,81.7,70.9,72.6,76.9,76.3,72.9,78.9,75.8,76.6,76.4,77.3,73.3,70.7,69.3,63.8,57.9,51.3,47.8,47.3,44.8,41.8,38.4,35.2,33.2,31.2,28.8,27.5,24.6,23.3,22.4,21.8,21.6,22.6,23.0,23.8,24.8,25.8
22:36:14.459,88.0,53.4,80.9,69.0,67.0,70.2,71.4,75.3,77.4,73.4,76.6,79.7,71.1,71.9,67.7,64.6,60.2,53.6,48.5,45.9,44.4,42.7,38.3,37.2,35.9,33.1,30.9,29.5,26.9,25.5,24.2,22.8,22.3,21.9,22.7,22.8,23.9,24.9,26.0
22:36:15.459,88.8,50.8,76.9,75.2,71.7,69.3,71.7,72.6,71.5,74.0,71.4,68.3,70.4,68.6,66.4,62.8,57.6,51.3,47.0,42.9,41.6,38.2,37.2,37.2,36.0,32.6,31.0,29.6,28.4,26.6,25.9,24.4,23.1,22.4,22.7,23.0,24.0,24.7,25.8
22:36:16.459,88.2,48.3,74.4,67.2,72.9,76.6,73.9,70.2,69.0,68.3,68.8,66.9,67.2,63.5,61.5,57.7,54.3,50.2,43.9,41.1,37.9,36.4,36.3,36.6,34.8,32.4,30.9,28.8,27.1,24.8,24.0,23.2,22.3,21.9,22.7,22.9,23.9,24.9,25.8
22:36:17.459,84.8,47.4,73.7,69.9,68.5,69.0,73.5,73.9,68.7,65.5,69.5,68.4,65.6,66.1,60.1,57.8,52.6,47.8,43.7,41.1,38.6,36.4,35.7,35.4,34.4,32.8,31.1,29.0,27.6,25.5,23.9,22.9,22.1,21.8,22.7,23.0,23.8,25.0,25.9
22:36:18.459,84.6,46.2,72.7,67.8,71.9,74.9,72.5,69.5,70.4,68.6,66.8,66.1,61.6,59.6,60.5,57.2,51.0,46.3,42.6,40.4,38.7,36.8,34.5,34.7,34.2,32.4,31.2,28.9,27.7,25.8,24.4,22.5,21.6,21.7,22.5,22.9,24.0,24.8,25.8
22:36:19.459,89.6,46.8,74.7,76.4,76.3,70.2,73.4,72.8,69.5,68.6,67.5,68.2,64.9,63.8,59.9,58.5,51.9,48.1,44.9,41.5,37.9,35.7,34.3,34.5,33.1,32.8,29.6,27.4,26.0,24.2,23.1,21.9,21.7,21.6,22.4,23.0,23.9,24.7,25.9
22:36:20.459,86.5,47.5,75.5,73.4,68.1,75.4,77.0,77.3,71.8,70.5,69.0,69.1,65.6,64.8,63.0,59.2,54.9,47.9,44.6,39.9,37.6,34.9,34.6,34.6,34.6,32.9,31.4,28.3,27.0,26.9,26.2,24.1,22.9,22.0,22.7,23.0,23.7,24.7,26.0
22:36:21.459,88.3,46.6,75.0,74.1,75.8,77.0,76.3,72.3,67.1,74.8,69.3,63.4,62.8,63.5,60.5,56.2,51.3,45.8,42.8,39.5,34.7,34.5,35.0,35.8,34.8,33.7,31.5,28.8,26.7,25.7,24.6,23.5,22.1,21.7,22.3,22.9,23.9,24.9,25.9
22:36:22.459,88.4,47.5,77.1,78.1,77.8,78.1,76.9,77.9,77.3,73.5,72.4,67.6,65.7,64.2,62.8,58.5,55.6,46.5,41.8,37.7,36.0,34.7,35.1,35.5,33.9,32.3,30.2,28.0,25.8,23.8,23.3,22.6,22.1,21.7,22.4,23.0,23.8,24.9,25.9
22:36:23.459,87.0,49.6,77.2,72.7,74.4,75.5,78.4,76.3,73.3,70.9,71.7,71.4,68.5,64.2,64.1,61.2,58.7,49.0,45.0,40.7,38.2,35.0,34.9,33.9,33.7,31.7,30.1,28.3,26.3,23.9,22.6,22.2,21.4,21.6,22.5,23.0,23.9,25.0,26.0
22:36:24.459,89.3,50.3,80.1,73.8,73.4,76.7,81.1,84.0,74.8,75.9,71.2,68.5,69.7,73.4,64.6,61.1,55.8,51.5,43.9,39.5,36.3,35.9,34.0,34.5,33.5,32.0,30.5,28.2,26.3,24.4,22.9,21.8,21.1,21.5,22.2,23.0,24.0,24.9,25.7
22:36:25.459,89.7,50.9,80.7,75.4,80.8,84.4,85.5,79.3,74.2,76.6,76.4,77.1,72.8,69.0,64.4,61.4,57.8,54.5,45.4,40.0,38.1,37.0,36.2,35.0,34.1,31.9,29.3,27.6,25.6,23.9,23.7,22.2,21.3,21.5,22.6,22.9,23.7,24.8,25.8
22:36:26.459,91.9,51.2,83.3,79.4,79.4,83.5,83.4,85.2,85.7,76.8,77.4,75.0,72.6,69.0,65.1,61.5,58.3,52.0,45.8,42.8,38.6,37.3,35.7,35.6,33.6,32.0,29.0,27.4,25.1,24.4,22.5,22.1,21.5,21.4,22.5,23.0,23.9,24.9,25.7
22:36:27.459,92.4,51.5,85.0,71.8,77.4,79.4,82.7,83.3,86.2,84.0,73.2,75.6,74.0,68.2,65.8,60.2,56.6,53.4,45.1,40.8,39.2,38.6,36.6,36.3,34.5,31.5,28.9,26.9,25.3,24.5,22.4,22.2,21.4,21.4,22.6,22.9,23.8,24.7,25.8
22:36:28.459,93.6,54.1,86.1,75.2,76.2,82.6,84.8,86.2,81.2,81.5,81.2,78.8,73.1,71.0,71.4,66.0,60.9,53.7,46.8,44.3,42.3,38.3,37.6,36.1,34.2,31.7,28.6,28.1,25.7,24.5,22.7,22.1,21.2,21.6,22.3,22.9,23.9,24.9,26.0
22:36:29.459,93.9,55.4,87.9,79.0,75.7,76.6,81.8,83.9,86.0,83.1,84.4,81.9,76.7,72.1,68.4,65.1,62.6,52.7,47.6,43.7,41.6,39.4,36.6,37.4,34.9,31.9,30.0,28.3,25.9,24.3,23.2,21.7,21.0,21.3,22.2,22.8,23.7,24.9,25.9
22:36:30.459,96.7,57.1,89.3,85.4,85.5,83.8,86.3,89.2,91.5,84.3,80.7,83.8,82.9,76.9,72.2,65.0,61.0,57.3,51.8,46.0,44.2,42.7,39.1,39.1,36.0,34.2,31.6,29.7,26.5,25.1,23.5,22.1,21.4,21.6,22.4,22.9,23.8,24.7,25.8
22:36:31.459,95.4,56.9,89.2,83.8,85.0,81.2,81.3,86.7,88.3,89.3,87.5,79.5,77.1,78.2,71.6,65.2,62.5,58.0,50.7,47.2,44.7,43.4,41.5,39.0,36.0,33.7,31.3,29.0,27.0,25.9,24.1,22.5,22.0,21.7,22.4,22.9,23.9,24.8,25.8
22:36:32.459,97.9,60.9,90.6,85.0,85.4,85.7,86.3,88.3,85.5,87.6,88.5,83.3,80.5,76.7,77.9,74.3,68.9,61.7,55.3,48.6,49.5,47.1,44.2,40.8,37.7,35.0,31.8,30.0,26.8,25.9,23.7,22.3,21.2,21.2,22.3,23.1,23.8,24.9,25.8
22:36:33.459,101.9,63.5,93.9,88.7,95.5,96.6,96.1,92.7,89.0,86.5,85.0,89.8,86.2,81.9,76.6,74.5,70.5,62.7,55.6,51.4,49.3,46.9,44.5,41.0,38.1,36.0,32.0,29.7,26.8,26.1,23.8,22.6,22.0,21.8,22.5,22.9,23.9,24.9,25.9
22:36:34.459,102.0,66.4,95.8,86.4,87.0,90.5,96.2,92.0,91.3,91.6,92.2,87.2,89.0,86.8,79.7,77.2,72.5,62.9,61.7,55.0,54.0,52.4,51.3,48.4,46.4,44.2,39.5,35.5,30.6,27.1,24.1,22.5,21.6,21.6,22.4,22.9,23.8,24.8,25.8
22:36:35.459,106.5,73.2,101.3,84.8,89.7,95.4,96.9,99.4,99.7,100.5,94.9,94.5,91.9,90.5,85.9,84.7,79.9,71.1,64.6,59.0,55.3,54.8,53.7,50.4,47.5,46.5,46.2,42.1,37.8,31.3,24.7,22.4,21.7,22.0,22.2,22.9,23.9,25.0,25.8
22:36:36.459,106.7,75.2,101.5,95.4,94.8,93.6,95.6,99.6,95.3,98.4,97.2,95.4,90.3,92.4,92.4,85.5,82.9,78.4,72.1,67.0,64.1,60.3,60.0,58.0,57.0,57.1,52.7,47.3,43.7,39.3,34.1,25.3,22.2,21.7,22.3,23.1,24.1,24.8,25.8
22:36:37.459,103.9,70.6,98.5,89.6,92.1,91.6,96.5,98.3,95.5,91.8,90.5,91.2,93.2,89.6,85.5,84.3,78.1,70.4,63.7,58.3,57.1,57.6,55.7,49.9,41.1,37.3,32.2,29.7,27.3,24.6,23.2,22.1,21.5,21.4,22.4,22.9,23.8,24.9,25.8
22:36:38.459,105.0,70.8,99.8,83.4,91.1,92.4,96.8,95.9,95.2,95.1,94.3,92.9,91.3,88.9,86.5,81.3,70.6,69.4,63.8,57.2,55.8,53.0,53.7,51.0,47.2,44.8,36.2,34.0,29.4,26.1,23.4,21.8,21.1,21.0,22.3,22.8,23.8,24.9,25.8
22:36:39.459,105.4,76.2,101.4,86.2,88.6,90.7,92.4,91.8,96.1,96.0,97.1,97.5,92.7,92.8,90.4,88.8,84.7,80.1,74.2,71.1,70.9,70.8,69.6,65.7,60.8,52.8,47.1,37.8,33.9,27.1,25.1,22.1,21.5,21.6,22.1,22.8,23.8,24.8,25.8
22:36:40.459,106.2,70.7,100.8,94.8,92.3,91.7,93.6,94.9,98.2,101.0,94.2,95.7,91.9,89.5,84.6,80.4,72.0,67.8,67.1,63.3,60.3,57.2,53.5,52.2,47.1,38.8,37.0,30.9,26.8,24.3,23.2,22.1,21.4,21.5,22.0,22.9,24.0,24.9,25.8
22:36:41.459,105.1,70.0,98.3,92.0,96.8,94.7,94.8,97.7,97.7,96.2,93.3,86.9,87.5,84.0,82.0,82.6,81.1,75.3,67.2,57.9,58.2,55.0,53.1,47.9,41.7,36.1,34.1,30.1,27.0,25.2,23.2,22.9,21.9,21.5,22.2,22.8,23.8,24.8,25.9
22:36:42.459,105.6,67.7,97.9,85.9,84.2,95.6,100.5,99.4,96.5,94.4,90.9,89.3,85.9,84.5,83.9,81.9,72.5,65.2,62.9,58.7,56.0,55.6,53.9,47.7,43.2,40.0,36.6,33.1,28.4,25.8,24.6,22.6,21.6,21.6,22.3,22.8,23.9,24.8,25.8
22:36:43.459,104.3,64.3,97.0,93.3,96.6,95.0,96.4,95.2,93.1,94.8,91.3,89.9,86.5,81.3,77.1,76.2,68.6,67.4,57.8,54.9,50.8,48.1,45.2,39.9,34.5,31.7,29.2,28.1,26.1,24.2,23.2,22.3,21.7,21.5,22.3,22.9,23.8,24.8,25.8
22:36:44.459,107.4,77.4,101.6,93.2,97.6,98.2,96.9,96.5,96.4,93.6,97.3,97.0,94.5,92.0,89.4,88.1,85.4,79.3,73.2,72.7,72.6,72.9,70.8,67.6,64.7,61.7,59.5,54.6,45.7,44.9,46.2,39.3,31.6,24.7,22.5,22.8,23.8,24.7,25.7
22:36:45.459,109.2,73.4,102.8,92.1,94.9,94.8,102.7,103.6,104.0,98.7,95.8,96.8,94.4,92.2,89.7,83.9,78.0,69.4,63.8,62.0,60.2,56.8,54.4,49.1,42.8,39.0,33.9,30.2,27.6,25.5,24.2,22.8,22.0,21.7,21.9,22.9,23.9,24.9,25.8
22:36:46.459,106.8,74.0,102.4,89.6,90.5,94.5,97.2,93.2,98.8,98.9,98.5,98.8,93.9,93.1,90.0,86.7,78.6,70.8,67.9,67.1,66.9,63.7,59.6,55.3,48.4,44.7,41.4,32.2,28.6,25.3,23.9,22.5,21.7,21.6,22.2,22.9,23.9,24.9,25.7
22:36:47.459,106.6,72.2,100.8,89.2,93.4,92.0,97.0,101.4,97.1,96.3,97.1,94.6,93.7,90.0,87.8,84.5,80.3,74.4,72.2,67.4,65.7,63.7,60.6,52.3,46.7,43.2,38.1,34.5,29.8,26.7,23.7,22.1,21.5,21.4,22.2,22.7,23.9,24.8,25.7
22:36:48.459,104.1,65.9,96.2,92.1,93.8,97.0,98.5,95.4,90.6,92.9,93.0,85.9,89.2,83.2,80.3,75.3,70.5,61.7,60.9,59.8,57.9,55.6,49.5,41.6,37.8,37.8,33.0,29.0,26.3,24.5,23.3,22.5,21.1,21.5,22.1,22.9,23.7,24.8,25.8
22:36:49.459,101.6,61.5,93.5,90.2,89.9,92.3,95.5,93.7,90.2,90.4,88.5,88.5,83.1,78.8,76.8,70.9,66.3,63.3,58.8,54.1,54.8,50.0,44.8,37.9,34.7,33.6,31.0,27.8,25.6,25.9,24.0,22.8,22.3,21.8,22.2,22.7,23.8,24.8,25.7
22:36:50.459,102.0,62.3,93.7,90.8,91.3,92.0,94.0,92.0,91.2,89.0,86.9,90.3,81.5,77.8,79.4,73.8,68.9,63.5,56.6,53.7,55.2,51.6,45.4,37.6,36.1,33.1,31.0,29.0,25.4,24.6,23.4,21.6,21.4,21.7,22.2,22.9,23.9,24.8,25.8
22:36:51.459,104.3,65.8,96.1,91.5,98.1,97.4,93.3,96.6,94.4,91.8,86.2,88.2,84.9,82.9,80.4,79.3,69.7,63.5,57.7,57.2,57.9,53.3,45.2,36.4,34.9,32.2,30.9,28.0,25.7,24.3,22.6,22.2,21.6,21.6,22.1,22.7,23.9,25.0,25.9
22:36:52.459,104.8,59.9,93.9,97.2,97.8,97.4,98.8,91.2,87.3,87.4,90.2,84.5,82.0,79.7,74.2,69.9,62.0,55.0,49.4,51.0,49.5,46.0,40.6,35.3,33.6,32.3,30.3,28.7,26.0,23.6,22.7,21.6,21.2,21.3,22.3,22.9,23.8,24.8,25.8
22:36:53.459,103.9,62.0,94.6,91.5,96.1,95.0,95.0,93.8,91.7,89.8,88.3,87.7,81.4,79.7,76.2,68.4,61.0,53.6,50.4,54.2,51.2,48.8,41.1,35.8,34.6,32.9,31.4,29.2,26.6,24.7,23.2,21.5,21.1,21.6,22.4,22.9,23.7,24.7,25.9
22:36:54.459,104.3,66.4,96.8,92.1,89.6,94.8,97.3,95.8,92.3,88.6,91.6,90.6,86.5,84.8,81.1,75.9,72.6,65.4,60.2,58.0,57.9,53.4,45.8,41.2,38.9,34.2,32.1,29.3,26.3,24.1,22.8,21.8,21.6,21.5,22.0,22.8,24.0,24.9,25.8
22:36:55.459,104.8,66.8,96.5,94.2,100.3,99.6,95.1,91.1,91.6,93.3,92.3,89.2,87.5,84.5,82.1,76.3,72.0,66.1,61.1,60.2,57.1,52.9,44.0,39.3,35.6,32.7,30.3,28.5,25.6,23.9,23.6,22.3,21.6,21.5,22.1,22.6,23.6,24.7,25.8
22:36:56.459,103.9,65.8,95.8,88.7,90.6,94.8,94.6,97.4,95.1,92.5,91.6,87.0,86.2,85.1,81.3,77.0,70.3,63.9,60.3,64.6,65.6,60.6,52.0,42.5,42.9,35.6,31.4,29.1,25.7,23.5,22.5,22.4,21.6,21.3,22.0,22.8,23.8,24.7,25.8
22:36:57.459,104.2,64.5,95.2,96.5,97.1,92.2,91.9,91.9,92.5,93.8,88.7,86.7,86.4,85.2,78.4,75.0,69.2,63.9,56.9,58.8,52.4,44.0,39.2,36.3,34.3,32.1,30.2,28.0,25.9,23.7,23.0,22.2,21.7,21.6,22.4,23.2,23.9,24.9,25.8
22:36:58.459,105.5,64.0,95.1,98.5,98.2,99.2,92.4,91.6,91.5,94.5,90.6,83.8,87.2,82.8,78.7,74.4,69.0,61.8,60.4,61.2,58.4,53.6,43.3,37.2,32.2,30.0,29.2,27.1,25.0,23.6,22.5,21.8,21.2,21.3,22.2,22.8,23.8,25.1,25.8
22:36:59.459,105.7,62.8,95.9,96.2,96.4,95.5,95.3,95.1,96.0,92.9,91.3,86.7,86.5,81.7,76.0,70.6,63.1,57.0,52.8,54.7,51.3,46.0,37.4,33.8,33.2,31.4,29.5,27.2,25.6,23.9,22.8,22.0,21.5,21.3,22.2,22.8,23.8,24.9,25.6
22:37:00.459,103.4,61.0,94.4,89.0,90.2,92.9,92.2,93.0,90.0,85.5,90.5,86.1,85.1,78.5,71.9,66.8,63.6,55.9,53.6,53.5,53.6,45.9,36.7,36.9,34.2,32.7,30.1,27.9,25.9,24.5,23.3,22.4,21.7,21.6,22.1,22.9,23.7,24.8,25.8
22:37:01.459,103.5,61.6,95.3,93.5,94.4,95.1,93.9,93.4,92.2,94.9,91.0,87.0,81.6,77.6,76.1,71.1,65.1,59.1,58.9,62.2,58.9,52.0,39.2,39.5,35.6,32.9,31.9,28.9,27.0,27.4,26.0,23.3,22.5,21.9,22.3,22.9,23.8,24.9,25.7
22:37:02.459,105.5,64.4,95.3,90.7,95.6,100.2,98.0,90.3,91.1,91.7,89.3,86.7,85.3,82.7,76.5,71.8,65.5,59.4,59.3,60.9,60.2,52.2,40.9,41.4,34.8,32.8,31.1,28.3,25.5,24.5,23.8,23.8,22.1,21.5,22.3,23.0,23.9,24.7,25.8
22:37:03.459,104.0,64.2,94.8,93.1,94.7,97.4,98.7,93.6,88.0,88.2,90.2,89.8,86.5,81.4,80.0,74.8,67.9,59.5,60.0,60.7,56.2,49.1,41.8,41.4,34.4,32.5,31.4,28.3,25.5,23.7,22.9,21.8,21.2,21.4,22.4,22.8,23.8,25.0,25.8
22:37:04.459,101.1,64.3,92.9,90.0,91.0,92.1,90.6,91.5,93.0,90.3,86.0,84.0,83.6,81.2,78.3,73.3,65.0,60.6,64.9,66.9,65.2,56.9,46.6,45.2,35.6,33.9,31.3,28.0,25.6,25.1,23.3,22.3,21.5,21.4,22.3,22.8,23.8,24.9,25.9
22:37:05.459,103.5,60.2,92.9,91.0,91.9,96.5,91.2,89.5,87.2,87.5,88.2,84.4,81.3,79.5,73.3,69.1,58.8,51.0,51.2,52.4,49.3,41.2,36.8,36.3,33.4,32.3,29.9,28.2,25.6,24.8,24.8,22.8,21.6,21.8,22.3,22.9,23.9,24.9,25.9
22:37:06.459,104.4,59.9,94.0,95.6,97.9,96.1,93.7,91.2,94.7,93.3,89.9,83.8,84.0,76.7,74.5,69.0,59.9,58.9,59.4,59.1,56.2,48.2,41.1,38.6,34.8,32.3,29.8,28.5,25.7,23.9,24.3,23.6,22.0,21.9,22.5,23.0,23.9,24.9,25.8
22:37:07.459,105.8,65.2,95.5,98.4,98.5,97.4,94.8,95.1,94.6,94.1,92.9,89.2,81.6,82.6,77.9,73.2,63.5,63.0,66.0,68.1,66.9,57.2,52.3,48.3,38.5,35.7,31.8,29.4,25.9,23.9,23.0,22.3,21.5,21.5,22.1,23.0,23.9,24.9,25.8
22:37:08.459,104.6,64.0,93.5,100.2,98.8,92.5,92.4,93.8,93.6,91.2,87.1,85.1,80.9,80.6,76.7,72.9,64.9,60.6,63.8,66.0,63.8,52.6,45.5,39.5,34.9,32.4,31.7,28.8,26.3,23.8,22.8,22.0,21.4,21.5,22.2,23.0,23.9,24.8,25.8
22:37:09.459,104.4,64.6,93.5,95.7,93.6,96.2,92.9,92.3,89.4,88.9,86.8,85.7,86.0,78.2,76.1,73.5,62.3,57.1,64.5,66.3,62.5,49.3,48.1,43.9,36.6,32.9,30.6,28.3,25.6,23.9,22.7,22.0,21.5,21.7,22.5,23.1,23.9,25.0,25.8
22:37:10.459,104.1,64.8,94.2,91.1,95.6,97.5,96.7,95.1,92.2,88.9,88.9,84.7,84.4,82.5,79.3,73.5,63.6,62.1,65.4,66.3,58.5,45.2,44.7,40.6,38.2,33.2,30.8,29.0,26.6,25.0,23.5,22.8,21.9,21.8,22.3,22.8,23.8,24.8,25.7
22:37:11.459,105.2,67.2,95.2,96.8,91.7,93.4,96.4,97.7,91.4,89.4,89.6,87.3,86.2,83.4,79.0,73.4,63.0,64.7,69.3,71.1,66.6,53.8,53.9,50.3,45.1,37.6,31.6,28.5,26.5,24.9,25.0,23.7,22.4,21.8,22.4,22.9,23.8,24.8,25.8
22:37:12.459,102.9,60.5,92.6,88.1,92.6,92.7,94.2,94.8,90.2,87.2,88.6,84.3,82.0,79.0,72.8,66.4,56.3,60.4,64.2,61.0,51.0,40.1,44.5,39.1,35.3,32.8,30.3,26.9,25.4,23.8,24.3,22.9,22.1,21.7,22.2,23.1,23.9,24.8,25.8
22:37:13.459,103.3,64.0,94.5,94.1,92.1,94.5,93.4,94.7,93.7,92.6,90.3,86.6,85.8,80.5,76.6,70.8,62.0,64.8,67.7,66.1,58.8,48.8,51.2,42.7,37.9,34.5,31.0,28.1,25.4,23.3,22.5,21.9,21.5,21.4,22.1,22.9,23.6,24.7,25.7
22:37:14.459,104.4,64.1,94.2,89.4,92.1,97.1,96.8,97.8,93.3,89.5,90.3,86.9,81.4,78.8,75.4,69.3,61.2,63.7,69.7,67.7,62.3,51.7,54.9,46.4,42.2,34.0,30.0,27.9,25.7,23.4,22.3,21.1,21.0,21.5,22.3,23.2,23.8,24.7,25.7
22:37:15.459,106.9,62.3,93.1,100.3,95.8,95.3,96.3,94.7,90.5,88.0,85.8,84.5,81.9,77.6,73.5,67.1,59.6,60.8,65.7,63.4,56.8,44.7,44.5,38.1,36.6,31.9,29.6,28.5,26.0,24.1,23.5,22.4,21.8,21.4,22.1,22.9,23.8,24.9,25.9
22:37:16.459,104.4,58.7,92.2,95.5,92.2,93.3,97.7,92.0,86.1,87.9,88.6,83.0,78.9,75.6,73.1,64.2,54.9,55.4,60.8,59.9,53.4,43.0,46.2,39.4,37.1,32.2,29.9,28.0,26.7,24.5,22.9,22.2,21.2,21.5,22.2,23.2,24.0,24.8,25.8
22:37:17.459,104.1,61.6,91.8,95.4,93.7,93.9,95.2,93.8,92.5,85.0,84.3,80.0,78.6,74.9,70.2,63.1,55.3,61.0,65.3,62.3,55.0,44.3,42.0,36.2,35.3,31.5,28.9,27.3,25.6,24.3,22.3,21.4,21.1,21.4,21.9,23.0,23.8,25.0,25.8
22:37:18.459,103.8,64.6,91.9,95.2,99.0,97.8,93.3,91.2,87.2,89.1,87.2,83.9,81.1,78.0,75.0,67.7,59.8,66.9,70.5,69.4,63.1,55.0,55.4,45.6,42.0,33.6,30.6,27.1,25.6,24.0,22.5,21.4,20.8,21.2,22.2,22.8,23.9,25.0,25.8
22:37:19.459,102.3,57.2,90.5,92.2,94.1,93.1,91.7,87.9,87.8,88.1,87.1,83.5,78.0,75.1,72.4,64.2,53.4,60.6,59.1,54.5,45.1,41.6,42.9,37.3,34.9,32.2,29.4,27.2,25.5,24.6,23.9,23.1,22.2,21.5,22.2,22.9,23.7,24.9,25.8
22:37:20.459,103.5,59.1,91.4,94.8,97.4,96.6,91.9,90.9,88.8,87.5,87.2,83.9,80.7,76.1,70.9,64.8,54.3,60.4,62.8,59.4,51.5,44.5,45.2,37.6,35.1,31.8,29.7,27.2,25.1,24.3,23.8,23.1,22.0,21.6,22.2,23.0,23.8,24.7,25.7
22:37:21.459,104.9,61.9,92.5,99.0,95.7,96.4,95.7,90.2,87.6,89.6,86.0,86.1,82.1,77.9,70.2,64.2,58.8,66.2,66.7,62.3,53.9,51.6,50.6,41.6,38.5,32.7,30.0,27.7,24.9,23.0,22.2,21.5,21.1,21.5,21.9,22.9,23.9,24.7,25.9
22:37:22.459,104.6,59.5,91.8,91.9,95.2,96.3,94.4,89.6,87.1,85.2,86.5,83.5,79.9,77.7,72.4,64.3,57.5,62.3,61.0,57.0,47.0,40.0,40.5,37.1,34.0,31.8,29.9,28.0,25.8,23.7,22.0,21.2,21.1,21.6,22.0,22.8,23.8,24.8,25.8
22:37:23.459,102.6,61.5,91.6,97.0,96.3,90.5,89.5,92.7,90.4,89.1,86.9,80.3,79.0,76.9,71.6,64.3,59.9,66.9,68.4,60.1,50.3,46.8,45.1,39.0,35.2,32.3,29.6,27.9,26.0,24.2,22.1,21.2,20.6,21.4,22.1,23.1,23.9,24.9,25.9
22:37:24.459,105.7,62.0,93.2,92.2,96.6,94.1,94.3,93.1,91.0,89.8,85.5,82.2,79.9,76.0,69.4,61.6,60.3,66.0,67.5,63.3,52.3,50.8,46.3,37.7,34.7,31.3,29.0,26.9,25.7,25.1,22.3,20.8,20.8,21.1,22.4,22.9,23.9,24.8,25.8
22:37:25.459,103.3,58.9,91.0,90.4,89.9,94.8,94.5,88.2,88.8,88.3,86.9,83.5,77.8,74.0,69.0,57.7,57.4,63.5,64.6,58.6,49.2,46.7,43.5,37.7,33.7,30.3,29.1,26.6,25.2,22.9,22.0,21.0,21.0,21.4,22.5,23.0,24.0,24.9,25.8
22:37:26.459,102.6,56.1,90.2,93.2,94.2,94.3,89.7,90.4,89.4,88.8,84.7,81.7,75.4,73.3,69.0,58.8,57.6,59.7,59.6,54.2,44.5,46.5,43.0,36.5,33.5,30.8,28.7,25.6,24.9,23.2,22.3,22.1,21.3,21.2,22.0,22.9,24.0,24.8,25.7
22:37:27.459,103.7,61.5,92.0,97.0,94.5,92.7,92.6,91.3,88.3,85.5,89.0,83.5,78.5,76.2,69.7,61.6,64.1,68.5,66.0,61.2,52.4,52.5,44.0,39.3,37.1,33.2,29.6,27.0,25.9,23.6,22.8,21.9,21.7,21.6,22.3,22.9,23.8,24.8,25.8
22:37:28.459,102.5,59.0,90.3,89.9,93.4,90.4,85.4,88.7,89.4,87.2,81.6,81.5,77.0,74.8,68.8,60.7,59.5,64.5,63.8,60.1,48.5,44.1,38.5,36.2,34.0,32.9,30.9,27.8,26.5,25.0,24.0,22.4,22.0,21.6,22.3,23.0,23.9,24.9,25.8
22:37:29.459,102.9,58.8,90.1,96.1,94.6,93.8,89.2,89.9,88.3,87.3,86.1,78.6,77.6,76.0,70.5,62.8,59.7,63.6,62.2,56.8,43.9,45.6,40.2,37.5,33.9,32.2,30.8,28.2,25.9,24.2,22.8,22.1,21.1,21.4,22.4,22.9,23.9,24.9,25.7
22:37:30.459,102.3,60.7,89.2,93.5,93.0,90.6,88.2,91.4,90.1,86.4,81.4,82.6,79.2,75.4,71.2,62.7,64.3,68.3,67.6,62.3,47.9,50.8,42.4,39.5,35.8,33.0,30.7,28.0,26.2,26.0,24.1,22.8,22.1,21.9,22.3,23.1,23.9,24.8,25.9
22:37:31.459,100.9,55.4,86.3,94.7,93.0,94.3,91.8,86.1,83.6,82.3,80.8,77.9,74.5,71.2,65.6,55.8,55.7,59.7,59.2,56.0,47.4,50.9,44.2,40.9,35.3,31.9,29.2,28.2,26.1,25.0,23.1,22.1,21.4,21.4,22.2,22.9,23.8,25.0,25.9
22:37:32.459,100.3,58.1,87.1,90.8,92.0,86.7,86.3,87.7,81.9,83.8,81.1,79.0,76.6,73.3,67.4,60.2,60.6,65.8,63.2,57.3,47.6,51.4,46.1,39.3,34.4,31.4,29.6,28.0,26.3,25.4,23.7,21.8,21.6,21.5,22.2,23.0,23.9,25.0,25.8
22:37:33.459,102.1,53.5,87.6,91.6,93.6,93.7,91.2,90.0,84.8,83.2,79.8,79.8,76.4,69.0,62.9,57.3,53.7,59.1,55.5,48.4,39.8,40.7,37.1,35.7,33.8,31.5,29.3,27.7,25.6,24.4,22.5,22.1,21.6,21.3,22.3,22.9,24.0,24.9,25.9
22:37:34.459,101.0,54.9,89.0,91.0,91.8,89.6,88.9,89.1,90.9,85.6,81.2,79.4,78.3,73.2,66.0,58.3,57.2,58.9,56.1,49.1,44.7,44.9,37.5,37.4,35.4,32.9,30.4,28.9,26.3,24.4,22.8,22.7,22.1,21.6,22.3,22.8,23.9,24.8,25.8
22:37:35.459,101.6,57.7,89.6,88.6,86.5,85.3,88.3,91.1,91.7,83.9,84.8,83.1,78.4,74.7,67.7,58.4,60.6,64.6,58.8,55.0,47.5,51.1,40.7,38.2,34.1,32.8,30.6,29.0,27.1,25.1,23.5,22.4,21.5,21.6,22.2,23.0,23.9,24.8,25.8
22:37:36.459,101.0,58.2,89.7,82.7,89.8,93.5,92.5,90.5,84.3,87.6,84.0,83.4,78.9,72.7,65.1,58.3,60.9,64.1,61.8,55.7,48.0,52.2,44.1,43.0,36.0,32.5,30.2,28.3,25.5,24.1,23.5,22.2,21.6,21.5,22.0,22.9,23.8,24.9,25.8
22:37:37.459,101.0,57.0,88.5,88.1,86.6,89.5,92.8,89.1,88.1,86.3,83.2,80.0,74.9,68.0,62.4,57.4,58.1,63.6,63.4,57.5,46.7,47.3,37.5,37.6,35.3,32.1,29.7,28.8,26.2,23.9,22.3,21.9,21.3,21.5,22.2,23.1,23.9,25.0,25.9
22:37:38.459,101.6,57.0,88.3,95.2,90.2,82.0,86.2,85.1,84.4,85.6,83.2,81.0,77.1,69.8,65.4,57.0,59.2,63.1,60.3,52.1,44.5,46.6,37.9,37.6,34.5,32.8,32.2,29.3,26.7,24.2,23.7,22.3,21.4,21.6,22.2,22.9,24.0,24.9,26.0
22:37:39.459,100.8,59.8,87.3,95.0,88.6,84.7,88.0,85.0,86.2,84.8,83.0,80.3,78.0,74.3,66.9,60.1,64.5,67.3,65.5,59.6,53.3,55.4,47.0,45.9,39.1,34.7,31.7,29.5,27.6,26.5,24.3,23.7,23.1,21.9,22.3,23.0,23.8,24.9,25.7
22:37:40.459,99.1,55.7,88.1,82.9,85.0,91.9,91.1,87.8,87.8,88.2,82.4,77.3,73.1,68.2,63.6,55.4,57.3,62.7,59.0,53.5,47.9,49.3,40.7,38.4,34.7,32.0,31.0,28.4,26.5,24.2,22.8,22.2,21.2,21.5,22.3,22.8,23.9,24.8,25.9
22:37:41.459,101.1,56.6,87.9,95.0,92.7,85.8,88.3,87.3,87.2,84.8,81.7,80.1,75.3,72.7,65.1,55.3,60.3,61.3,60.9,54.8,48.7,51.0,39.7,36.7,33.3,31.2,30.1,28.2,25.8,23.3,22.4,21.9,21.2,21.4,22.4,22.9,23.9,24.9,25.9
22:37:42.459,101.4,59.7,88.6,92.7,93.2,94.9,91.4,86.0,84.9,82.8,82.5,82.5,80.4,75.2,67.6,58.9,64.1,66.9,65.5,58.2,51.7,52.9,42.5,42.7,37.9,34.8,31.1,29.0,26.7,23.9,23.2,21.9,21.4,21.4,22.0,22.9,23.9,24.9,25.9
22:37:43.459,100.4,57.0,87.6,88.5,95.4,93.6,88.1,89.3,86.0,86.2,80.9,77.6,74.4,73.8,67.1,58.3,64.0,64.4,59.9,52.9,50.4,52.0,42.0,40.5,35.1,32.7,30.4,28.5,26.2,24.7,23.3,22.4,21.5,21.4,22.1,23.1,24.0,24.9,25.8
22:37:44.459,100.5,53.9,86.0,95.8,93.8,91.2,86.4,88.1,85.1,83.8,79.2,76.4,74.5,71.7,62.4,54.7,61.1,61.3,58.0,50.6,44.4,46.3,40.4,39.6,35.6,33.3,31.0,28.7,27.4,26.3,25.3,23.5,22.2,21.7,22.2,23.0,23.9,25.0,25.9
22:37:45.459,100.2,60.3,86.9,86.8,86.0,89.1,89.5,87.6,82.8,83.2,78.2,75.7,74.9,72.0,65.0,58.2,65.0,65.6,65.3,57.5,50.9,51.0,44.4,41.7,35.9,33.7,30.7,28.0,26.2,24.9,23.5,22.7,21.7,21.7,21.9,22.9,24.0,24.8,25.7
22:37:46.459,100.5,58.4,85.5,84.4,86.9,90.4,86.7,80.3,84.6,82.9,77.6,77.7,72.5,69.3,63.7,56.8,63.0,67.3,63.5,55.8,47.6,46.3,40.3,38.8,35.6,34.0,29.9,27.5,26.7,24.9,23.9,22.7,21.4,21.7,22.2,22.8,23.9,25.0,25.6
22:37:47.459,99.1,54.8,84.5,90.5,85.2,87.7,86.1,85.0,84.1,80.1,78.4,77.1,69.9,67.0,59.1,53.4,58.6,60.9,58.9,52.0,47.8,47.0,39.6,36.7,35.5,32.7,30.5,27.6,26.9,24.6,22.5,21.9,21.7,21.4,22.2,22.9,23.8,24.9,25.8
22:37:48.459,99.0,57.9,85.5,88.9,88.1,88.6,84.2,82.9,83.5,83.7,79.1,76.1,72.6,68.1,62.8,56.4,65.0,65.7,60.8,52.3,48.9,47.3,41.5,39.0,36.1,32.5,30.5,28.7,27.6,25.3,23.2,21.9,21.5,21.5,22.2,22.8,23.9,24.9,25.8
22:37:49.459,99.2,57.5,84.1,87.9,84.7,85.0,84.6,86.8,81.1,79.2,78.4,75.8,71.6,67.6,61.0,56.1,64.0,66.8,62.8,52.9,50.8,49.5,43.5,39.2,36.6,33.3,31.4,28.4,26.3,25.2,23.9,22.2,21.7,21.6,22.3,23.2,23.8,24.9,25.7
22:37:50.459,99.6,55.5,83.9,91.8,93.3,91.8,87.5,84.3,80.8,78.4,74.9,76.0,70.9,68.1,62.0,58.2,61.5,63.2,58.8,50.6,51.4,49.6,41.1,36.9,35.0,33.4,31.3,28.6,26.7,25.8,24.6,23.1,22.6,22.4,22.4,23.0,24.0,25.0,25.8
22:37:51.459,98.8,59.5,85.3,92.7,90.1,82.3,86.8,87.8,83.5,81.3,80.6,75.1,73.7,67.3,61.7,59.7,66.9,68.7,64.8,57.6,51.2,51.2,42.8,38.6,35.6,33.3,30.1,28.2,26.6,24.2,22.7,22.6,22.0,21.9,21.9,22.8,23.9,25.0,25.7
22:37:52.459,98.9,53.0,85.3,88.0,87.0,85.6,87.4,86.4,83.1,82.2,78.6,77.2,71.5,67.4,60.3,56.1,59.4,58.3,53.6,46.6,43.5,43.4,37.1,35.8,34.5,31.6,29.0,27.5,26.4,25.1,23.4,21.9,21.1,21.5,22.3,23.0,23.9,25.0,25.8
22:37:53.459,99.8,55.9,87.0,92.6,94.5,88.4,89.0,88.2,85.2,85.2,79.9,76.6,72.9,70.2,64.1,57.4,62.9,63.5,59.0,49.5,48.0,47.3,39.5,36.6,34.7,31.7,30.0,27.2,25.3,23.5,22.8,21.6,20.9,21.2,22.0,22.9,23.9,24.7,25.9
22:37:54.459,101.7,59.5,89.1,93.0,92.3,87.6,89.9,87.4,86.9,84.2,84.2,79.7,75.5,71.4,65.9,59.6,66.6,68.9,64.6,55.4,52.9,50.5,42.8,38.1,35.5,33.2,29.8,27.7,24.9,23.4,22.4,21.5,21.2,21.3,22.2,22.9,23.9,24.9,25.8
22:37:55.459,100.6,57.2,88.5,87.2,88.7,91.7,88.6,87.8,83.1,88.7,85.2,81.9,74.9,72.6,63.1,59.5,62.6,64.7,62.5,54.0,51.4,46.5,43.2,39.4,36.0,33.5,30.7,29.3,27.4,24.9,24.2,23.6,22.5,22.0,22.3,22.8,23.9,24.9,25.9
22:37:56.459,99.0,56.5,85.5,93.5,93.2,89.3,88.2,84.2,87.1,79.3,79.4,77.0,73.7,67.8,63.0,56.3,61.0,65.4,60.2,51.9,53.9,49.2,40.4,37.2,35.3,32.6,30.2,28.6,26.4,24.8,24.3,23.2,22.6,21.7,22.3,22.9,23.8,24.7,25.9
22:37:57.459,98.0,55.2,85.9,88.0,83.5,85.6,88.4,86.7,84.4,81.5,78.0,77.0,72.5,68.2,58.1,55.9,60.3,63.1,59.6,51.6,48.4,46.7,40.1,37.3,34.8,33.3,30.2,28.9,26.4,25.1,24.6,23.2,22.0,22.0,22.4,22.6,24.0,25.0,25.8
22:37:58.459,99.1,55.8,85.0,89.8,84.6,83.0,85.0,87.2,84.2,79.7,79.3,74.7,72.8,67.2,59.3,57.8,62.1,64.2,60.2,51.4,48.9,43.3,40.9,38.1,36.9,33.4,31.0,29.3,27.2,24.8,24.0,22.8,22.3,21.9,22.2,22.9,23.9,25.0,25.9
22:37:59.459,98.5,53.6,84.3,93.1,86.7,86.3,85.6,86.0,83.2,83.6,75.0,76.9,72.9,68.7,58.2,56.0,61.4,62.5,57.5,47.7,48.4,47.0,39.2,36.4,36.5,33.5,30.3,29.0,27.2,24.9,23.4,22.5,21.9,21.6,22.2,23.0,23.8,24.8,25.8
22:38:00.459,98.9,58.6,87.1,90.4,90.6,90.2,87.6,87.1,84.6,86.7,81.0,80.2,76.7,70.5,63.6,59.9,64.9,64.3,61.8,48.5,49.4,45.6,39.8,37.1,34.8,32.3,29.3,27.4,25.3,24.3,23.2,22.3,21.3,21.8,22.3,23.0,23.8,25.1,26.0
22:38:01.459,97.6,59.3,84.1,91.5,85.8,81.3,83.4,85.1,80.4,80.0,79.5,77.7,74.9,70.1,61.5,63.1,68.5,68.4,63.2,54.6,56.3,53.2,45.5,40.0,37.0,32.8,29.0,27.5,25.2,23.9,22.2,21.7,21.0,21.4,22.2,23.0,23.9,25.0,25.7
22:38:02.459,99.4,54.8,84.9,91.9,87.1,86.6,87.5,85.9,83.9,82.2,76.6,74.5,70.6,66.0,57.0,57.1,60.5,60.4,55.6,48.2,48.0,45.7,40.2,36.6,35.5,32.6,30.2,28.3,25.3,24.7,23.7,23.1,22.5,21.7,22.1,23.1,23.8,24.8,25.8
22:38:03.459,97.6,54.4,85.1,87.6,90.8,88.9,88.0,87.7,81.6,81.7,77.9,74.8,68.7,66.0,57.6,58.1,61.1,60.8,57.0,48.1,51.8,46.6,41.3,37.6,35.5,32.1,29.4,27.5,25.3,23.9,22.9,22.7,21.6,21.4,22.2,22.9,23.8,24.9,25.8
22:38:04.459,96.9,56.6,83.8,84.3,83.0,82.0,81.8,83.6,82.1,79.0,77.3,73.0,71.1,65.9,58.1,56.4,60.5,63.6,60.3,51.6,52.8,47.6,43.5,38.3,35.1,31.7,29.5,28.4,26.6,24.4,22.8,22.0,21.4,21.4,22.1,23.0,24.0,24.9,25.7
22:38:05.459,96.5,53.8,83.4,90.4,89.4,88.2,87.9,82.1,80.5,79.0,75.2,74.0,68.5,66.6,59.1,56.8,59.7,62.4,58.8,48.1,48.6,42.8,40.7,37.4,35.2,31.9,30.4,27.9,26.5,24.3,23.2,22.2,21.4,21.3,21.9,23.1,23.8,24.7,25.8
22:38:06.459,97.7,56.9,86.3,89.0,85.9,85.3,86.1,86.5,83.8,84.2,79.1,77.7,72.7,68.8,58.8,59.3,63.6,62.9,59.5,49.7,52.7,44.8,39.2,36.9,33.9,31.9,30.3,27.9,26.6,24.9,23.7,22.6,21.8,21.5,22.3,23.0,24.0,24.9,26.0
22:38:07.459,97.5,56.9,85.1,88.3,88.3,90.6,86.0,84.5,81.9,82.2,80.8,79.1,74.2,69.3,59.1,61.1,66.7,66.7,62.4,50.5,50.0,45.6,39.7,39.4,36.8,32.1,30.1,27.5,26.1,24.4,22.7,21.9,21.8,21.4,22.1,23.0,23.9,25.0,25.9
22:38:08.459,99.3,54.5,85.4,89.4,86.2,85.6,86.7,87.1,83.0,79.6,80.3,77.4,72.1,66.2,57.2,57.9,62.5,59.9,56.3,46.4,47.4,43.0,40.1,35.8,33.6,31.0,29.6,26.8,24.2,23.8,22.9,21.5,21.1,21.5,22.0,22.9,23.8,24.8,25.8
22:38:09.459,96.4,54.3,83.6,81.7,80.6,85.3,83.8,82.2,79.5,80.5,78.5,71.8,72.3,65.0,57.7,57.2,60.1,58.9,57.3,48.7,46.3,41.8,42.3,37.8,34.7,31.9,30.6,28.4,24.9,23.8,23.6,22.3,22.0,21.5,22.0,22.9,23.8,25.0,25.9
22:38:10.459,98.3,58.6,84.6,92.7,88.2,84.8,85.2,82.6,84.5,82.9,75.1,75.5,71.9,69.5,58.4,62.3,66.7,68.3,65.5,53.3,51.2,44.0,47.0,41.2,36.1,31.7,29.8,27.3,25.2,23.1,21.9,21.1,21.0,21.5,22.1,23.1,23.9,24.9,25.7
22:38:11.459,98.5,58.1,86.0,92.3,85.9,86.6,88.6,87.1,85.6,82.3,81.7,79.4,77.0,70.2,60.5,63.4,67.5,66.9,57.5,49.8,55.8,49.7,47.5,38.2,35.1,31.8,29.2,27.8,25.2,24.5,23.6,22.0,21.3,21.4,22.2,23.1,24.0,25.0,25.8
22:38:12.459,96.7,57.2,85.1,88.8,87.0,81.7,83.2,83.4,81.5,83.4,78.5,75.5,72.6,66.0,57.7,58.8,62.6,63.0,58.5,50.6,55.3,48.8,43.3,39.3,35.6,33.1,30.1,28.1,25.2,24.4,24.4,23.1,22.2,21.9,22.2,22.8,23.8,25.0,25.9
22:38:13.459,97.9,57.0,85.1,90.1,88.4,88.4,89.2,84.0,82.8,82.9,80.2,77.1,73.6,66.8,58.3,61.0,64.8,65.0,61.3,49.8,54.4,48.7,43.9,38.6,34.6,31.8,30.0,28.3,26.1,24.4,23.6,22.5,21.7,21.5,22.0,22.9,23.8,24.8,25.8
22:38:14.459,96.2,57.2,84.7,85.7,84.4,86.2,86.4,81.0,83.1,82.9,79.7,76.5,72.6,66.2,57.2,60.8,64.8,64.7,60.8,50.0,54.0,47.1,44.6,39.9,35.8,32.4,30.1,28.8,27.0,24.4,23.6,22.3,21.2,21.6,22.3,22.8,23.9,24.9,25.8
22:38:15.459,96.6,54.2,84.9,80.5,87.5,90.9,88.3,84.2,84.9,82.0,78.1,73.6,70.0,65.5,56.5,59.4,64.3,63.0,57.6,45.0,49.3,40.8,38.9,36.1,34.8,32.6,30.6,28.4,27.2,26.0,25.7,24.0,23.2,22.2,22.3,23.0,23.8,24.9,25.9
22:38:16.459,97.2,57.8,85.7,88.9,88.8,89.5,85.1,86.6,82.6,83.7,79.1,77.0,73.5,67.6,58.0,60.9,65.0,65.7,62.2,51.7,56.8,49.3,48.5,42.4,37.8,34.2,32.1,30.0,27.2,25.8,26.2,25.7,23.9,22.6,22.4,22.9,23.8,25.0,25.9
22:38:17.459,98.6,53.9,83.9,93.5,89.6,79.0,82.3,80.7,83.8,80.6,76.3,73.8,72.4,63.9,54.1,58.1,60.3,59.2,56.2,44.3,49.0,42.3,42.3,38.1,35.7,34.3,32.3,29.9,27.5,26.3,24.8,24.2,23.3,22.3,22.3,22.9,23.8,24.9,25.9
22:38:18.459,98.4,53.7,83.5,83.8,88.0,88.5,89.2,84.0,82.7,79.7,77.1,73.9,72.3,64.9,57.9,58.7,62.5,62.4,57.0,43.8,49.0,43.4,39.6,36.6,34.5,33.1,31.1,29.2,26.2,24.7,23.4,22.0,22.0,21.6,22.1,23.2,23.9,24.9,25.9
22:38:19.459,96.3,52.9,81.6,88.4,87.7,85.2,80.8,82.2,77.1,77.1,76.9,72.0,70.0,61.8,54.8,59.3,63.1,59.9,55.3,43.7,46.8,40.0,39.6,36.0,33.8,31.9,29.7,27.7,26.0,24.2,22.9,22.5,21.8,21.5,22.2,23.1,23.9,24.8,25.8
22:38:20.459,98.8,52.1,84.0,79.6,85.9,85.2,86.5,84.1,82.9,79.3,75.7,73.9,67.4,60.9,53.4,55.7,59.5,59.8,54.5,46.1,49.7,44.4,42.0,36.9,34.7,32.3,29.1,27.7,26.6,24.2,23.1,22.1,21.8,21.6,22.1,22.8,23.9,25.0,26.0
22:38:21.459,93.9,55.6,81.7,83.8,85.4,86.3,85.4,79.5,76.0,80.4,73.9,71.3,71.3,63.8,55.8,57.8,61.7,63.2,60.2,49.2,52.3,46.8,43.9,38.7,36.3,32.6,30.5,28.2,27.2,24.8,23.3,22.2,21.7,21.7,22.1,23.2,23.8,24.8,25.8
22:38:22.459,98.0,58.0,85.3,87.9,91.0,89.5,87.3,87.5,82.9,81.3,79.1,75.4,72.3,66.8,58.2,62.1,66.7,66.7,63.1,52.2,52.7,46.2,43.4,39.1,36.8,33.0,30.7,28.0,26.7,24.8,23.7,22.8,22.0,22.5,22.6,23.2,24.1,25.0,25.9
22:38:23.459,98.6,53.6,83.1,85.7,86.8,84.0,83.7,82.4,80.4,77.3,75.8,74.1,71.9,64.3,55.4,58.6,60.4,61.2,56.5,44.2,47.5,42.4,42.4,37.1,34.4,32.1,29.7,27.8,25.9,23.5,22.4,21.6,21.6,21.7,22.4,23.0,23.6,24.9,25.8
22:38:24.459,96.1,52.6,82.9,84.5,80.6,82.0,85.8,86.1,79.0,80.1,76.1,73.0,70.6,65.0,56.6,57.9,61.8,60.3,55.6,44.4,47.9,42.0,41.6,37.2,34.0,32.7,30.1,28.6,26.6,23.9,22.8,22.3,21.7,21.5,22.3,23.1,23.9,24.9,25.9
22:38:25.459,97.1,55.2,82.0,84.5,84.8,79.9,85.3,82.0,78.3,76.9,75.5,73.6,69.5,60.9,54.6,60.8,62.9,62.3,59.1,46.5,50.0,42.3,40.0,36.5,34.7,32.7,30.9,29.0,27.9,24.4,22.8,22.0,21.3,21.3,22.1,22.7,23.7,24.8,25.8
22:38:26.459,98.2,58.7,83.6,89.5,86.2,86.8,84.1,81.1,82.7,78.7,76.8,73.9,71.8,66.4,56.6,62.9,65.2,67.0,62.2,51.4,56.6,49.6,48.4,41.4,36.6,32.1,29.9,28.4,26.7,25.1,23.9,22.1,21.5,21.5,22.1,22.7,23.9,24.8,25.7
22:38:27.459,96.6,54.1,82.4,83.7,84.0,86.5,83.2,79.1,81.5,79.6,78.2,74.5,70.2,63.1,55.2,58.3,62.3,61.6,56.5,46.3,51.0,43.4,42.6,37.6,34.7,30.9,29.3,28.2,25.6,24.2,23.3,22.1,21.5,21.8,22.2,22.9,24.0,24.8,25.8
22:38:28.459,95.3,54.3,81.9,86.1,84.7,85.6,84.1,83.6,79.7,75.2,76.5,74.2,69.0,63.2,56.4,61.0,62.1,60.9,57.7,48.8,51.4,44.9,41.7,38.1,34.9,32.4,29.6,27.9,26.0,24.2,23.2,22.2,21.6,21.4,22.3,22.9,23.8,24.8,25.9
22:38:29.459,97.3,55.9,84.1,90.8,89.9,89.6,84.2,84.4,82.7,81.8,78.3,74.6,71.2,60.9,57.8,61.3,63.1,62.9,60.4,49.3,54.9,47.6,45.9,39.3,35.6,32.4,28.6,28.1,26.6,24.1,23.3,22.1,21.5,21.6,22.1,22.9,23.9,25.0,25.8
22:38:30.459,97.2,51.4,82.2,82.9,87.2,84.8,82.4,79.7,79.0,79.1,77.0,74.3,69.1,62.5,54.5,58.2,58.7,57.4,52.1,41.0,45.2,40.6,41.3,36.8,35.0,32.7,30.1,28.7,27.1,25.6,24.3,22.8,22.1,21.7,22.4,23.0,23.9,25.0,25.9
22:38:31.459,96.0,54.7,82.0,89.6,90.5,84.6,82.9,84.5,79.9,79.9,74.3,74.7,72.2,63.8,54.8,60.5,63.9,64.5,59.6,47.4,48.9,45.1,46.6,40.3,37.0,33.4,29.5,27.9,26.3,24.5,23.6,22.7,22.0,21.6,22.0,22.8,23.7,25.1,26.1
22:38:32.459,95.5,54.7,83.2,85.7,83.4,82.6,82.8,79.0,83.1,77.1,76.2,72.9,69.5,61.2,54.5,59.6,61.5,60.8,55.3,43.7,48.4,42.5,40.6,37.1,36.0,33.6,31.2,28.6,27.5,25.2,23.8,22.8,22.1,21.8,22.2,23.1,23.9,24.9,25.8
22:38:33.459,97.6,52.5,83.0,88.6,89.0,88.4,86.1,83.9,82.2,81.0,74.5,71.3,68.4,63.4,55.7,58.3,59.5,58.8,57.3,48.1,51.4,45.2,42.2,37.6,35.8,33.5,30.9,28.1,27.1,25.2,24.2,22.8,21.6,21.7,22.2,23.1,23.9,24.8,25.9
22:38:34.459,95.8,55.5,82.8,83.6,87.6,86.6,86.1,81.7,82.2,78.6,77.5,72.6,70.7,63.2,55.2,60.0,63.7,63.8,58.4,49.5,54.0,47.4,46.2,41.3,36.4,34.5,31.6,29.1,27.1,26.5,25.0,23.8,22.7,21.9,22.3,22.9,23.9,25.0,25.9
22:38:35.459,96.4,54.0,82.2,88.9,87.8,83.0,83.3,82.2,81.4,79.0,75.7,72.9,69.4,62.1,54.1,59.3,63.1,61.6,57.1,46.5,49.1,43.3,41.9,38.1,34.3,33.1,31.1,29.3,26.6,24.7,24.1,23.0,22.3,22.1,22.2,22.8,23.8,25.0,25.9
22:38:36.459,94.1,51.8,80.3,85.6,86.8,82.3,81.2,80.5,75.3,75.4,72.9,70.3,67.1,62.8,55.8,58.9,58.5,57.9,53.2,43.2,47.0,39.3,38.3,36.5,33.3,33.3,30.7,30.2,28.1,26.5,25.0,25.0,23.2,22.5,22.4,23.2,23.9,24.9,25.9
22:38:37.459,97.0,55.6,82.5,85.2,81.8,79.3,78.3,80.1,79.9,75.1,73.9,71.2,69.6,59.5,56.9,60.2,61.1,60.1,56.6,46.8,50.2,42.2,41.1,36.5,34.8,32.2,30.0,29.1,26.1,24.4,23.8,22.6,22.0,21.8,22.3,23.0,23.8,25.0,25.9
22:38:38.459,95.4,57.0,80.8,85.1,85.0,83.6,84.9,81.9,78.5,77.5,75.2,73.1,71.4,65.1,55.6,61.0,64.4,64.9,61.2,54.1,56.5,48.6,47.9,41.0,36.5,33.5,30.7,28.1,25.6,23.9,23.1,21.7,21.2,21.3,21.9,22.9,24.0,25.0,25.9
22:38:39.459,92.7,52.9,79.4,80.3,79.9,81.4,80.1,77.0,76.9,76.9,70.7,70.3,65.4,59.1,54.1,56.4,60.9,60.1,55.4,46.1,48.1,40.9,38.7,35.9,34.2,31.4,29.5,27.2,24.8,24.0,23.3,22.0,21.5,21.9,22.3,22.8,23.9,25.1,25.9
22:38:40.459,96.0,53.3,80.7,86.1,85.7,84.5,83.2,79.6,77.4,75.7,74.5,70.6,65.9,60.6,53.7,57.7,61.7,59.0,56.6,44.5,48.4,41.9,43.3,37.4,35.5,34.2,31.1,28.3,26.3,25.1,24.6,23.6,22.3,21.9,22.2,22.8,23.8,25.0,25.9
22:38:41.459,95.7,53.2,82.2,80.9,83.5,85.3,81.4,77.4,81.0,79.0,76.1,73.0,68.1,61.0,52.9,57.3,60.8,60.6,55.4,45.8,48.9,41.7,39.5,37.0,34.8,33.8,30.7,28.6,26.2,24.5,23.1,22.2,21.5,21.7,22.2,23.1,24.0,25.1,26.0
22:38:42.459,95.9,53.7,81.0,86.4,86.2,84.3,84.2,81.5,81.3,78.4,77.0,72.8,70.0,62.0,55.9,60.5,62.4,62.2,57.8,48.1,53.2,45.5,44.4,38.0,35.4,33.5,30.6,28.3,25.7,23.6,22.7,21.2,21.4,21.4,22.0,22.9,23.8,25.0,25.9
22:38:43.459,96.5,52.9,81.7,85.1,85.9,86.0,79.9,81.5,79.1,77.9,76.7,71.3,65.0,60.5,52.9,55.6,60.6,59.8,54.0,41.9,45.3,37.5,37.6,35.2,33.8,32.0,30.1,28.4,26.7,24.3,23.4,22.5,21.8,21.5,22.3,23.0,23.8,25.0,25.9
22:38:44.459,94.4,48.7,79.1,87.6,84.6,81.5,79.2,77.3,75.9,75.3,72.8,69.4,63.9,58.6,53.4,54.2,55.7,54.7,49.9,40.9,45.3,38.9,36.2,35.7,33.0,31.7,28.8,27.3,25.1,23.7,22.5,21.7,21.0,21.5,22.2,23.1,23.9,25.0,25.9
22:38:45.459,93.3,50.8,79.1,81.7,82.4,85.9,82.8,75.8,77.4,74.0,72.0,68.8,64.9,59.6,52.5,56.6,60.1,58.0,51.6,41.5,47.1,40.1,39.8,37.0,33.6,31.6,29.0,26.8,24.3,22.7,21.5,21.0,20.9,21.2,22.2,22.9,24.1,25.0,26.0
22:38:46.459,94.0,52.7,79.3,85.6,80.7,76.0,77.9,77.1,77.6,77.1,74.3,68.4,68.3,63.1,54.7,58.4,62.3,61.2,55.5,44.5,48.3,40.2,40.9,35.6,33.1,31.2,28.6,27.0,24.2,23.1,22.2,21.2,20.8,21.3,22.2,22.8,23.8,24.9,25.9
22:38:47.459,94.0,52.0,80.1,85.6,84.4,82.1,84.1,81.5,81.4,76.5,75.9,73.5,69.5,62.4,52.8,59.8,62.5,61.1,56.5,46.1,50.2,42.7,39.9,35.5,33.4,31.5,29.8,28.1,25.2,24.3,23.4,22.0,21.9,21.8,22.1,22.8,23.8,25.0,25.9
22:38:48.459,93.9,52.2,81.0,77.0,83.1,86.1,81.1,79.5,79.9,76.6,76.7,74.0,69.4,61.4,55.0,57.4,60.3,60.0,53.9,44.9,47.9,39.8,40.3,36.7,34.8,33.3,32.0,29.3,26.5,24.7,24.3,22.9,22.2,22.0,22.3,22.8,24.0,24.8,25.8
22:38:49.459,95.5,53.3,82.8,84.3,82.1,86.8,85.2,81.9,82.8,77.8,77.2,73.0,69.4,62.2,54.9,58.7,60.5,59.0,55.1,46.5,51.8,45.5,44.5,40.6,37.3,34.2,32.3,30.0,27.2,25.6,24.9,23.4,22.4,21.8,22.2,22.8,23.6,25.0,25.9
22:38:50.459,96.6,53.8,82.1,88.2,88.7,87.9,83.7,83.3,80.9,76.6,75.7,74.8,70.9,63.2,53.8,59.8,62.6,62.4,57.4,47.1,48.9,42.3,43.9,38.8,36.7,34.1,32.4,30.5,28.3,27.1,25.5,22.5,21.7,21.6,22.1,23.0,23.9,24.8,25.9
22:38:51.459,92.5,53.1,81.4,80.5,80.9,82.4,78.3,80.2,79.9,74.8,71.9,70.5,65.9,61.4,52.5,56.4,58.7,59.5,54.0,43.5,46.2,37.8,37.5,35.7,34.6,33.0,32.1,29.2,28.1,26.7,25.6,23.5,21.8,21.5,22.2,22.9,23.9,25.0,25.9
22:38:52.459,96.5,53.9,82.5,85.2,88.1,85.2,85.4,79.0,80.2,76.3,74.3,69.0,66.1,61.2,53.3,58.5,61.6,59.8,54.8,43.4,43.7,38.5,38.9,35.2,34.0,32.6,30.7,28.2,27.3,26.2,24.4,22.5,21.7,21.7,22.2,23.0,23.8,25.0,25.9
22:38:53.459,97.0,52.5,81.0,83.9,87.7,84.1,82.4,80.7,79.8,78.9,75.1,72.5,67.6,61.9,53.3,57.7,61.1,60.4,54.4,47.1,48.1,38.5,38.9,36.1,34.3,32.9,30.9,28.7,26.8,24.7,23.5,22.8,21.6,21.4,22.1,22.8,23.9,25.0,25.9
22:38:54.459,96.6,51.0,81.4,81.0,80.8,85.1,85.4,80.6,80.6,75.2,77.0,71.4,66.4,59.2,53.6,55.9,59.4,58.5,52.4,41.4,44.3,37.2,37.8,36.2,33.6,31.7,29.9,28.5,26.8,24.9,24.0,23.2,22.2,21.5,22.1,22.8,23.9,25.1,25.7
22:38:55.459,96.9,50.7,81.0,86.1,85.6,85.7,81.4,82.8,82.0,78.8,76.5,73.7,67.1,62.8,55.6,59.1,60.2,58.4,55.6,44.6,47.5,40.2,38.1,35.8,35.6,32.4,29.9,28.6,26.8,24.4,23.1,22.7,22.2,21.9,22.4,23.2,24.0,25.0,25.9
22:38:56.459,94.3,50.0,80.0,86.7,81.4,81.3,80.1,78.3,79.9,76.9,74.2,70.7,67.7,59.4,53.2,56.8,58.5,56.3,50.6,42.0,47.7,39.2,38.6,35.1,34.8,32.0,29.3,28.2,26.3,24.2,22.4,21.9,21.6,21.5,22.2,23.0,23.7,24.9,26.0
22:38:57.459,91.7,48.2,77.8,81.5,80.3,81.3,79.8,76.6,75.9,75.4,72.3,70.4,66.9,60.3,52.7,55.9,56.8,55.3,49.4,40.7,44.0,37.2,36.5,35.5,34.7,32.4,29.9,28.2,26.1,24.3,22.8,22.0,21.7,21.7,22.3,23.1,24.2,25.1,26.0
22:38:58.459,91.2,52.6,79.5,83.9,83.0,80.4,82.1,80.0,79.6,74.9,74.4,72.0,65.7,63.7,54.7,58.8,61.7,60.4,54.5,42.7,43.5,37.0,38.9,35.9,35.2,32.6,30.5,28.7,25.3,24.0,22.6,21.8,21.5,21.5,22.2,23.0,23.9,24.9,26.0
22:38:59.459,94.7,55.6,79.5,82.6,82.4,83.7,82.1,79.9,76.2,76.1,72.4,71.6,67.0,63.2,55.2,61.8,65.2,65.2,58.7,49.8,52.6,43.8,44.0,36.9,35.2,33.5,31.0,28.6,26.4,25.2,22.9,21.7,21.3,21.4,22.1,23.0,23.8,24.9,25.9
22:39:00.459,93.5,52.2,79.4,85.7,81.1,84.3,83.0,77.8,79.2,75.4,75.4,69.5,67.8,60.0,52.7,56.4,60.7,59.8,53.0,45.8,48.2,42.5,43.7,39.5,36.5,32.8,29.5,27.4,25.3,23.9,23.0,22.0,21.5,21.4,22.0,22.8,23.9,24.8,26.0
22:39:01.459,95.3,52.3,79.4,85.7,84.8,85.4,82.7,79.3,75.6,78.3,73.6,70.2,67.7,62.6,52.2,57.2,58.4,60.6,56.9,48.1,50.9,43.8,41.8,37.6,35.2,33.0,29.9,28.3,26.2,24.3,24.1,23.2,22.6,22.2,22.1,22.8,24.0,25.1,25.9
22:39:02.459,96.1,53.7,82.3,88.0,85.7,82.3,85.1,82.2,81.0,77.4,77.0,73.7,68.9,63.8,55.0,58.0,61.0,62.2,57.5,44.5,46.3,41.8,41.7,37.3,36.1,32.9,31.9,29.5,26.8,25.8,24.4,23.0,22.0,21.8,22.2,22.9,24.0,25.0,25.9
22:39:03.459,93.6,50.8,79.3,84.6,84.0,82.2,81.6,78.2,78.5,75.0,73.2,69.6,66.2,63.4,52.2,55.6,59.7,58.0,53.7,43.6,47.9,39.5,37.8,37.1,35.9,32.5,30.5,29.1,27.3,26.5,24.6,23.5,22.7,22.2,22.5,22.8,24.0,25.1,26.0
22:39:04.459,95.0,53.0,81.5,85.2,86.9,86.6,86.6,82.5,79.3,80.2,75.7,73.8,68.1,61.9,54.2,60.5,63.9,61.7,55.8,48.8,52.3,43.7,43.2,38.0,36.8,33.5,30.8,28.8,26.5,25.6,24.5,23.6,22.3,21.9,22.3,22.9,23.8,24.8,25.9
22:39:05.459,94.5,53.5,81.6,81.9,83.3,83.7,85.8,81.1,79.2,78.4,76.9,72.1,68.2,61.1,54.0,60.8,62.6,61.3,55.1,43.0,45.9,43.1,42.8,38.5,35.1,33.0,30.8,28.7,26.2,24.1,23.0,22.5,21.9,21.7,22.1,22.7,23.9,25.0,26.0
22:39:06.459,93.1,50.5,78.7,80.3,79.4,77.6,81.2,79.0,77.1,72.9,70.9,68.5,64.3,58.7,49.8,56.6,58.4,58.3,51.2,40.7,43.6,38.4,38.1,35.4,33.5,32.4,30.7,28.7,26.5,24.2,23.0,22.0,21.7,21.6,22.3,22.9,23.9,24.9,25.9
22:39:07.459,95.6,52.6,80.1,88.0,79.9,85.8,85.5,81.6,79.1,77.9,74.7,71.8,67.0,59.4,54.9,57.9,60.7,62.2,56.4,48.4,51.8,43.3,42.5,38.0,34.9,32.9,30.9,28.9,27.0,24.9,23.8,22.1,21.4,21.4,22.2,22.9,24.0,25.0,26.0
22:39:08.459,92.4,53.8,80.0,81.4,84.0,81.0,81.1,81.5,79.1,77.2,73.0,70.4,66.7,61.2,52.8,59.9,60.5,60.2,56.1,48.7,53.6,45.7,43.8,40.4,37.0,33.3,31.0,29.6,27.7,25.4,23.9,22.5,21.4,21.7,22.1,23.0,24.0,25.0,25.9
22:39:09.459,93.6,53.7,80.2,86.0,85.6,82.3,81.9,80.5,76.7,78.7,76.2,73.0,66.3,63.6,54.5,60.4,64.1,63.0,57.7,47.6,51.2,43.6,43.4,38.5,36.1,32.8,31.4,28.7,26.7,25.6,23.6,22.3,21.7,21.8,22.2,22.8,23.9,25.1,25.9
22:39:10.459,93.6,52.1,78.9,82.2,81.8,84.8,81.6,79.6,71.4,76.1,70.0,70.0,64.7,59.6,52.7,55.8,58.5,60.0,54.0,43.5,46.8,40.5,39.0,37.1,35.5,34.1,32.8,28.9,26.1,25.0,23.5,23.3,22.4,22.0,22.3,22.9,23.8,25.1,26.1
22:39:11.459,94.0,53.0,79.0,84.1,78.1,77.3,77.4,78.1,78.1,76.4,76.3,70.4,68.9,64.5,54.8,59.8,62.5,61.8,56.4,45.2,46.9,39.2,37.5,36.3,34.4,32.5,30.5,28.1,25.9,24.4,22.7,21.5,21.2,21.4,22.0,23.1,24.1,25.1,26.1
22:39:12.459,92.6,52.3,80.0,83.7,80.6,82.0,81.8,80.3,77.7,76.1,75.8,72.6,68.4,62.6,52.8,58.8,60.4,58.8,54.8,46.9,51.3,42.2,39.9,37.3,34.8,32.9,30.5,28.0,25.7,24.3,22.8,22.0,21.6,21.5,22.1,22.9,24.0,25.1,26.0
22:39:13.459,94.7,52.6,80.0,83.2,83.4,83.7,84.6,80.2,77.3,77.5,71.5,71.9,67.4,63.2,53.4,59.1,61.9,60.0,54.7,45.2,49.9,42.9,43.5,36.4,35.2,33.5,30.4,27.5,25.6,24.3,23.2,22.1,21.8,21.8,22.3,23.0,23.9,25.1,26.1
22:39:14.459,94.4,51.9,80.9,86.5,83.7,85.0,82.4,82.4,80.3,78.1,74.8,72.5,66.4,60.9,53.6,58.2,59.3,60.3,54.1,46.2,49.4,40.9,38.3,37.4,36.0,34.1,30.7,27.9,26.0,24.5,23.9,22.4,22.2,22.3,22.3,23.0,24.0,25.0,26.0
22:39:15.459,91.3,47.5,77.3,80.7,80.0,80.0,78.8,75.4,75.7,76.7,71.3,66.7,61.3,57.5,49.3,52.5,54.3,55.6,48.3,37.5,42.0,36.5,36.0,34.9,34.8,32.1,30.6,28.0,26.2,24.6,23.7,22.1,21.6,21.8,22.1,22.9,24.0,25.1,26.0
22:39:16.459,91.0,46.0,76.8,84.5,82.9,77.0,80.8,80.8,78.2,75.1,71.5,68.0,63.9,59.7,50.2,54.5,54.5,51.7,45.1,38.4,43.0,37.0,36.6,35.7,34.8,34.1,32.3,28.9,26.1,24.9,24.3,23.0,22.1,22.0,22.4,23.2,23.9,25.0,25.9
22:39:17.459,90.7,45.1,75.2,81.5,80.1,74.9,76.0,76.9,74.3,70.2,67.5,65.1,61.9,53.5,49.9,49.5,51.9,50.3,43.0,34.7,37.1,32.6,33.7,33.7,34.2,32.7,30.8,28.1,25.4,23.7,22.8,21.5,21.2,21.6,22.5,22.9,23.9,25.0,26.0
22:39:18.459,91.6,49.1,76.9,85.1,83.8,81.5,81.0,77.2,75.3,71.2,69.0,64.0,59.9,54.9,50.4,52.2,52.7,55.8,53.0,44.2,47.6,39.5,36.4,36.1,34.5,32.5,30.8,27.9,26.0,23.8,22.3,21.6,21.4,21.7,22.3,23.1,23.8,25.1,26.0
22:39:19.459,94.1,49.5,75.9,84.5,81.2,76.9,77.5,75.7,72.8,73.1,72.0,65.3,60.0,59.4,50.5,53.5,55.0,55.7,53.0,46.5,51.2,43.1,43.4,37.6,34.9,32.8,30.9,28.1,26.7,25.6,24.7,23.7,22.4,22.1,22.4,23.0,24.0,25.1,26.0
22:39:20.459,92.1,47.3,74.0,75.0,80.5,81.0,75.6,74.6,70.7,71.2,71.7,66.8,62.1,57.6,52.2,54.5,56.6,55.2,50.3,40.6,42.5,36.7,34.8,35.1,35.7,33.6,30.7,28.3,27.0,26.5,25.1,23.7,22.3,21.9,22.1,22.9,23.8,25.0,26.0
22:39:21.459,93.8,47.8,75.1,80.2,83.0,79.7,77.4,76.1,73.2,72.8,68.4,64.3,63.0,57.1,51.4,55.9,56.5,54.7,48.5,37.7,42.2,36.8,36.8,35.3,34.8,33.8,31.7,28.7,27.4,26.4,24.3,22.9,22.0,21.6,22.4,23.1,23.9,25.0,26.0
22:39:22.459,90.3,49.5,76.0,79.5,79.0,77.2,77.0,73.7,74.5,72.4,68.9,67.8,63.8,58.2,51.1,54.8,57.3,57.3,52.1,41.8,46.6,38.3,38.2,35.3,34.3,32.8,29.9,27.9,25.9,24.8,22.4,22.0,21.3,21.5,22.3,23.2,23.9,25.0,25.9
22:39:23.459,90.5,50.5,76.5,81.3,78.0,78.8,77.4,74.7,72.3,72.7,70.4,67.4,63.4,60.7,51.2,54.1,57.8,58.4,52.1,43.0,48.1,40.7,39.6,36.1,34.5,32.3,31.1,28.9,26.9,24.7,24.1,22.3,21.6,21.4,22.5,22.9,23.8,24.8,25.7
22:39:24.459,92.6,49.2,76.5,79.4,83.5,80.3,73.5,75.6,74.1,71.3,69.3,68.8,65.1,59.7,50.8,54.2,55.9,54.7,50.8,42.2,44.7,38.2,39.5,36.0,35.3,33.0,31.6,29.6,27.6,25.5,24.6,23.2,22.1,21.8,22.4,22.9,23.8,25.0,25.9
22:39:25.459,89.4,46.9,74.9,72.0,78.3,76.4,69.0,71.2,73.6,73.4,68.4,64.9,64.8,56.0,48.8,50.4,52.1,52.2,47.4,39.5,41.9,33.8,35.0,36.3,34.6,32.4,30.7,28.9,27.1,26.4,25.2,23.8,22.2,21.8,22.5,22.9,24.0,24.9,25.7
22:39:26.459,89.8,47.8,75.0,81.9,81.2,77.4,73.9,74.5,73.4,72.3,67.7,65.9,62.9,58.4,51.3,51.0,56.6,55.1,49.4,40.0,42.1,35.2,35.7,36.5,35.9,33.7,31.0,29.5,27.9,26.0,24.4,22.9,21.6,21.7,22.4,22.9,23.9,24.9,25.9
22:39:27.459,91.2,49.5,77.9,79.1,80.5,79.3,75.7,77.7,73.0,73.0,72.5,66.9,61.8,58.1,49.5,53.4,55.1,52.6,48.1,37.4,38.8,34.9,36.7,36.8,35.9,33.7,31.0,29.9,27.2,24.8,24.0,22.6,21.8,21.8,22.4,23.1,24.0,25.0,25.9
22:39:28.459,90.2,45.7,74.1,81.2,79.4,79.9,75.3,74.5,72.2,72.8,67.1,64.6,60.6,54.6,51.9,52.5,53.0,51.3,46.7,36.8,38.5,33.3,36.0,36.0,35.0,33.2,30.8,28.8,26.6,25.5,24.8,22.9,21.8,21.6,22.2,22.8,23.8,24.8,25.7
22:39:29.459,90.2,46.1,74.2,80.5,77.2,75.0,79.1,76.2,73.2,71.7,67.9,64.7,60.0,58.7,50.2,52.0,53.1,54.9,46.3,37.0,37.8,34.5,36.0,35.8,34.4,33.0,30.8,29.0,26.0,25.3,24.0,22.5,22.1,21.6,22.5,23.0,23.9,25.0,25.7
22:39:30.459,90.7,45.4,73.9,78.7,80.8,78.1,78.2,75.6,67.7,72.0,66.4,63.7,59.2,53.3,47.4,51.1,50.9,51.0,47.4,37.3,39.9,33.7,35.1,35.9,35.6,33.9,31.4,29.7,26.9,25.4,24.5,23.3,22.3,21.7,22.3,22.9,24.0,24.8,25.9
22:39:31.459,90.1,44.9,72.5,80.9,75.2,75.1,71.7,71.4,72.4,69.4,66.4,60.0,59.7,54.1,47.0,50.2,50.4,49.7,44.0,33.3,35.9,33.6,34.0,34.8,35.4,32.5,30.8,29.5,26.3,23.7,22.9,22.3,21.5,21.5,22.4,22.8,23.8,25.0,25.9
22:39:32.459,89.8,46.1,74.0,81.1,80.5,78.6,75.9,76.8,71.8,70.8,68.3,66.8,60.1,53.5,49.6,52.5,54.6,54.2,48.1,38.6,40.7,33.7,34.0,35.2,34.1,32.5,30.6,27.7,25.8,22.9,22.3,21.6,21.2,21.5,22.2,23.1,23.8,25.0,25.8
22:39:33.459,91.3,43.6,71.7,80.5,78.0,73.9,75.2,76.3,71.0,67.1,63.9,62.6,58.7,54.1,46.3,48.8,51.5,51.4,46.1,35.1,34.9,32.7,33.1,32.7,33.2,31.6,29.5,27.2,25.4,24.0,22.5,21.8,21.8,21.9,22.7,23.3,23.6,25.0,25.9
22:39:34.459,88.8,44.4,72.2,80.5,80.0,77.9,74.6,71.1,70.1,67.9,65.9,63.7,60.1,55.1,47.2,49.3,49.7,50.5,46.9,36.6,38.7,32.9,35.1,34.4,32.8,30.7,29.4,27.1,25.5,23.7,23.2,22.3,21.4,21.4,22.4,23.0,23.8,24.8,25.9
22:39:35.459,87.0,43.5,72.8,75.3,76.0,74.7,73.5,75.1,68.9,67.9,65.0,64.4,60.7,54.5,46.7,49.6,45.2,44.7,43.2,34.1,36.6,31.9,34.2,34.5,32.4,30.9,28.7,27.1,24.6,23.3,21.6,20.9,20.6,21.1,22.1,23.0,24.0,25.1,25.9
22:39:36.459,90.3,44.2,73.2,75.2,71.8,72.3,74.1,69.2,70.7,61.3,63.1,64.8,58.8,54.2,46.5,48.9,47.6,47.0,39.8,30.4,34.3,32.3,33.4,34.3,33.0,30.7,29.2,26.9,24.3,23.2,22.1,21.4,21.0,21.0,22.2,23.1,24.1,25.0,25.8
22:39:37.459,89.4,48.8,74.3,78.1,71.5,71.1,75.4,75.0,71.5,65.5,69.0,63.3,63.2,56.3,48.6,52.6,56.5,55.5,51.4,40.8,45.1,37.8,37.1,34.3,32.9,30.2,27.7,25.7,23.6,22.5,21.8,21.4,21.5,21.5,22.3,23.0,23.8,24.9,25.8
22:39:38.459,86.9,45.8,72.7,76.6,77.8,77.0,72.9,73.7,70.0,69.9,67.5,61.8,60.9,54.5,47.9,52.6,53.1,53.8,47.9,38.3,40.1,34.5,35.4,34.6,33.1,31.3,28.0,25.8,24.3,23.0,22.8,22.0,21.3,21.7,22.1,23.0,23.9,24.8,25.8
22:39:39.459,91.0,47.8,75.2,81.4,79.7,78.4,76.0,76.3,73.9,73.6,70.9,69.1,63.1,57.5,47.9,54.1,57.0,55.7,51.4,40.3,41.6,35.7,36.8,34.9,34.1,31.6,29.8,27.9,25.5,23.2,22.7,21.7,21.8,21.6,22.1,22.9,23.8,24.9,25.9
22:39:40.459,87.4,44.8,74.1,77.6,76.8,79.6,77.0,75.3,74.4,72.4,69.4,67.2,60.9,54.7,46.5,52.0,51.8,50.3,44.0,36.3,42.7,35.6,36.1,35.5,35.1,32.6,29.5,28.4,26.4,23.7,22.5,21.8,21.1,21.6,22.2,22.8,24.0,24.8,25.9
22:39:41.459,87.7,44.0,73.5,79.9,77.0,73.2,75.3,76.4,73.6,68.4,68.1,65.3,58.8,54.5,46.6,47.0,47.0,46.4,43.7,37.8,39.3,34.9,36.5,36.2,34.3,32.3,30.8,27.6,25.9,24.9,23.6,22.4,21.9,21.7,22.3,22.9,23.8,24.8,25.9
22:39:42.459,85.0,43.1,71.0,75.6,74.7,71.3,71.7,68.4,68.7,67.8,66.3,61.9,58.7,54.2,47.1,46.3,44.6,43.7,38.9,32.2,31.4,32.5,35.7,36.2,35.8,33.0,31.2,29.7,28.3,27.6,24.7,23.8,22.6,21.8,22.2,22.9,23.9,25.0,26.0
22:39:43.459,86.4,43.1,71.5,73.5,70.1,74.5,72.6,70.3,66.7,65.7,64.4,61.7,56.1,51.2,45.6,46.1,45.6,43.2,39.7,32.7,32.2,31.5,34.9,35.3,35.1,33.9,31.0,29.4,27.7,26.1,23.9,23.0,22.2,21.8,22.3,23.1,23.9,24.9,25.9
22:39:44.459,87.4,43.6,72.9,79.0,80.7,76.7,76.6,74.4,73.3,68.2,67.3,63.1,57.4,55.3,45.6,48.0,47.1,49.1,43.5,33.9,35.7,33.2,34.5,35.0,34.5,33.1,31.1,28.1,27.1,25.8,24.3,23.7,22.2,21.7,22.3,23.0,23.7,25.1,25.9
22:39:45.459,87.6,43.0,70.7,76.0,77.7,72.1,73.7,69.4,68.0,68.7,63.9,62.3,54.5,52.9,46.4,46.4,46.3,46.1,40.2,31.8,33.7,31.9,35.3,34.9,34.3,33.5,31.5,28.3,27.6,25.9,25.7,24.9,23.3,22.2,22.4,22.9,23.9,24.9,25.8
22:39:46.459,89.1,43.1,72.3,75.3,76.0,75.6,70.7,71.2,71.2,71.0,66.3,60.5,54.8,52.7,45.1,46.3,45.5,46.0,40.1,31.3,32.2,32.5,34.4,35.7,33.9,33.2,31.3,28.3,27.3,25.8,25.5,24.9,23.6,22.4,22.5,23.0,24.0,25.0,26.1
22:39:47.459,88.4,42.8,71.4,76.8,74.1,75.7,75.0,72.6,69.2,67.9,64.0,62.0,56.9,52.4,45.2,47.1,46.0,44.0,39.5,30.8,31.7,32.0,34.5,35.3,35.0,32.4,30.7,28.5,26.5,24.8,24.0,22.6,21.9,21.9,22.1,22.9,23.7,24.9,25.9
22:39:48.459,87.5,42.6,70.3,76.0,75.4,71.5,73.0,72.8,68.4,66.7,65.5,61.5,57.3,51.4,44.1,43.7,44.2,44.7,38.5,31.2,36.4,33.2,34.5,35.0,34.5,32.4,30.6,29.0,26.5,25.2,23.8,22.6,22.3,21.7,22.4,22.8,23.9,24.9,25.9
22:39:49.459,87.8,42.2,69.9,71.3,69.6,72.1,72.1,71.0,68.1,67.2,62.2,60.4,58.5,51.9,45.9,45.6,43.6,43.4,37.8,30.3,32.7,32.0,34.8,35.2,33.6,31.4,29.7,28.7,25.8,24.0,23.2,22.4,22.2,21.8,22.5,23.0,24.0,25.0,25.9
22:39:50.459,90.4,44.6,71.1,77.1,73.9,70.3,66.2,71.4,72.6,69.5,64.3,62.0,60.1,56.0,47.6,51.0,51.5,50.1,44.0,37.3,41.6,36.3,36.7,35.9,34.1,32.0,29.7,28.8,26.1,23.7,22.8,22.8,22.0,21.9,22.3,22.8,23.8,25.1,25.9
22:39:51.459,90.1,46.6,73.4,75.2,75.4,75.7,74.4,71.7,72.7,67.6,65.3,65.0,61.8,57.0,48.5,53.2,55.0,53.2,48.1,38.5,42.9,36.9,35.9,34.2,34.1,31.7,30.3,28.9,26.7,24.6,23.2,21.8,21.5,21.6,22.3,23.0,23.8,25.0,25.8
22:39:52.459,90.3,45.1,72.9,79.0,78.8,75.5,73.5,74.4,70.4,67.6,66.2,64.3,58.5,55.4,47.3,50.9,52.6,50.5,44.1,35.5,37.4,33.6,34.4,34.1,33.4,31.2,29.8,28.8,26.3,24.1,22.6,21.4,21.2,21.3,22.3,22.9,23.7,24.7,25.8
22:39:53.459,92.7,43.8,71.1,76.6,76.3,72.3,67.0,68.8,71.4,70.1,64.2,61.1,57.0,53.2,45.1,47.2,49.4,49.0,44.6,33.0,34.6,32.5,33.9,33.8,32.5,31.6,29.6,27.4,25.3,23.8,22.1,21.2,21.0,21.2,22.2,22.9,23.7,24.9,25.8
22:39:54.459,90.2,42.7,69.3,73.9,73.7,73.4,73.2,71.7,65.7,63.4,65.0,61.9,56.4,52.9,45.0,46.1,48.8,48.4,43.4,32.7,32.4,31.6,32.8,33.3,32.5,31.1,29.1,27.2,25.1,23.2,22.1,21.0,20.9,21.2,22.2,23.0,23.8,24.8,25.8
22:39:55.459,90.5,43.6,70.6,80.3,76.3,76.6,73.9,70.0,70.2,66.7,64.0,63.2,57.6,52.4,45.2,48.3,50.8,48.8,43.1,35.9,41.2,36.6,36.3,35.0,33.7,31.0,29.0,26.8,25.2,24.1,22.4,21.9,21.3,21.3,22.3,22.9,23.9,24.8,25.8
22:39:56.459,87.1,43.5,70.6,70.5,73.6,74.5,72.3,71.3,70.9,66.6,63.4,62.5,55.2,53.2,46.2,46.4,45.8,46.2,41.7,34.4,35.1,33.5,34.6,35.1,35.5,32.2,30.1,28.7,25.9,25.1,23.9,23.0,22.0,21.8,22.2,22.9,23.8,24.8,25.8
22:39:57.459,85.9,43.9,70.9,71.6,73.3,75.1,72.8,72.9,70.1,65.6,61.9,58.8,57.3,53.9,44.4,48.6,48.2,46.4,42.3,34.1,36.2,34.5,35.7,36.8,34.7,33.4,31.1,29.2,26.6,25.3,25.0,23.6,22.5,22.0,22.3,22.9,23.9,24.8,25.9
22:39:58.459,87.5,43.3,69.4,78.0,75.8,75.5,72.1,73.2,68.7,67.9,64.4,59.2,57.0,55.3,46.6,47.7,49.7,47.9,43.0,33.3,34.5,33.2,34.3,36.2,35.4,33.4,31.5,29.4,27.3,25.0,23.3,22.9,22.2,22.0,22.4,22.8,23.9,24.8,25.7
22:39:59.459,86.1,42.6,69.0,74.4,71.9,72.9,75.4,69.9,65.1,64.0,61.1,57.8,53.4,50.7,44.7,47.1,46.4,45.7,39.4,31.0,32.4,31.7,35.0,34.4,34.5,31.8,29.8,28.5,27.2,25.4,24.2,22.7,21.9,21.6,22.3,23.0,23.9,24.9,25.9
22:40:00.459,86.2,45.1,72.0,75.3,73.7,75.3,70.7,70.9,72.3,69.1,64.9,61.0,59.2,52.5,47.2,50.2,51.8,51.6,45.6,32.8,35.0,33.8,35.3,35.6,34.3,31.8,29.5,29.8,28.6,26.7,26.2,23.8,22.2,21.8,22.4,23.0,23.9,24.8,25.9
22:40:01.459,86.7,44.0,70.8,76.8,73.9,68.9,71.9,73.7,71.3,65.0,65.2,60.9,55.8,52.6,47.0,48.3,50.2,48.7,44.6,33.3,32.3,33.5,34.9,35.1,34.8,32.1,29.8,29.2,28.2,25.7,25.0,23.3,21.7,21.4,22.2,22.8,23.8,24.9,25.9
22:40:02.459,90.0,43.3,69.8,72.9,73.2,74.6,74.0,68.8,64.7,65.8,62.0,62.1,57.6,53.0,45.6,46.7,49.5,48.7,44.0,31.1,31.1,31.8,33.8,34.8,34.6,33.2,30.1,28.1,27.6,26.2,24.6,23.1,21.9,21.9,22.5,23.2,24.0,25.0,25.9
22:40:03.459,87.0,45.3,72.9,76.6,75.7,71.6,74.5,73.6,72.0,69.7,66.2,64.4,60.0,56.5,46.5,50.3,51.3,51.0,47.8,35.1,34.8,32.1,35.3,35.0,34.6,32.8,31.1,27.7,26.9,25.3,24.7,23.2,22.1,21.8,22.2,22.9,23.8,25.1,26.0
22:40:04.459,90.6,46.0,73.4,80.6,77.4,79.0,77.2,75.3,70.7,68.6,65.2,63.2,60.3,54.6,50.4,51.7,53.0,52.4,46.2,37.5,40.2,35.1,35.8,36.0,35.2,33.8,30.7,28.0,26.8,25.1,24.4,23.9,22.8,22.7,22.8,23.1,24.0,25.0,25.8
22:40:05.459,90.4,44.9,71.2,74.0,78.5,77.7,73.8,71.2,68.2,67.8,63.8,62.9,58.9,56.7,47.4,49.8,49.6,51.2,44.3,34.9,37.0,34.5,35.1,35.7,35.1,33.3,30.6,28.0,26.3,24.3,23.4,22.6,21.8,21.7,22.5,22.8,23.9,24.9,25.8
22:40:06.459,89.9,45.4,74.0,77.3,75.9,76.6,77.5,74.0,74.0,73.1,66.1,63.6,62.3,57.6,49.1,47.6,51.1,51.4,45.5,33.9,39.1,36.4,35.7,34.9,33.7,32.8,31.1,28.0,25.7,24.9,24.2,22.7,22.0,22.1,22.3,22.9,23.8,25.1,25.9
22:40:07.459,88.2,43.6,73.3,78.6,78.2,73.7,73.7,73.8,72.2,69.9,67.8,63.5,60.1,56.3,47.8,49.8,50.4,47.7,40.7,30.9,35.9,34.2,35.0,34.5,35.3,32.1,30.1,28.4,26.3,24.7,23.9,22.9,21.8,21.2,22.3,22.9,23.9,24.9,25.9
22:40:08.459,87.2,42.8,72.2,80.5,77.2,72.8,74.7,71.8,70.2,68.7,64.9,61.6,59.0,52.3,43.8,45.2,46.9,40.6,36.5,29.4,32.6,31.5,34.0,34.6,34.6,32.4,31.2,29.0,26.3,24.0,23.7,23.1,22.0,21.8,22.2,23.0,23.7,25.1,25.9
22:40:09.459,86.1,43.0,72.3,76.4,75.3,74.1,71.5,74.0,73.8,69.0,68.0,64.3,59.6,52.7,45.1,48.5,49.0,45.3,41.2,31.6,34.4,32.7,33.2,34.6,34.8,32.9,31.1,29.1,26.4,24.2,22.9,21.9,21.7,22.6,22.6,22.9,23.7,24.9,26.0
22:40:10.459,88.5,44.3,72.9,75.5,74.2,74.3,73.1,72.3,70.7,67.6,66.0,62.9,57.9,53.0,44.1,45.9,46.1,46.9,44.8,36.2,38.8,34.8,33.7,34.8,34.4,32.1,30.6,28.7,26.9,25.5,24.2,22.5,22.0,21.8,22.4,22.9,24.0,25.0,25.9
22:40:11.459,90.2,46.4,74.2,79.3,77.7,77.3,75.4,74.2,71.1,69.5,67.5,63.7,59.9,55.6,48.2,49.8,50.6,50.3,48.6,37.8,42.1,37.7,35.6,34.3,35.2,32.0,29.4,26.9,24.9,23.2,23.0,21.8,21.6,21.3,22.2,23.1,23.9,25.0,25.9
22:40:12.459,87.0,44.3,72.5,79.6,76.8,75.8,74.0,73.5,72.3,67.7,66.2,64.4,60.1,53.8,47.2,49.6,53.3,52.7,46.4,34.9,35.8,34.7,34.4,34.2,34.2,31.0,29.5,27.3,24.9,22.8,22.2,21.2,20.7,21.2,22.2,22.8,23.9,25.1,25.9
22:40:13.459,89.0,42.9,69.8,68.7,67.3,69.4,67.4,73.9,71.4,62.3,64.6,62.6,56.9,54.4,47.6,48.4,49.7,48.9,44.6,34.2,34.8,32.3,33.4,34.0,34.4,32.0,30.1,27.0,25.3,23.5,21.8,21.3,20.8,21.3,22.2,22.8,23.9,25.1,25.9
22:40:14.459,87.1,43.4,71.2,77.0,77.3,76.3,73.1,71.8,70.0,67.4,61.8,62.2,60.5,55.5,46.7,47.9,50.4,48.6,43.5,33.7,36.2,32.0,34.2,34.1,34.1,31.4,29.4,27.9,26.5,24.9,23.5,23.2,22.4,22.0,22.4,23.1,23.9,25.2,25.8
22:40:15.459,85.2,43.4,70.5,74.4,75.1,75.1,69.2,71.7,68.8,66.8,62.6,61.5,60.3,54.2,44.9,46.6,48.9,49.3,43.9,32.6,30.5,32.6,34.8,34.7,34.7,32.2,29.0,27.5,26.6,25.5,24.3,23.1,22.5,22.2,22.6,23.1,24.0,25.1,26.0
22:40:16.459,86.5,42.9,69.6,74.8,77.2,73.6,71.8,66.7,69.0,66.1,62.0,60.3,56.7,52.0,45.0,45.7,47.9,46.1,41.6,32.2,32.3,32.3,33.4,34.3,34.0,32.0,29.2,27.6,26.0,25.5,25.8,25.0,23.4,22.2,22.7,23.0,24.1,25.0,26.2
22:40:17.459,86.1,42.9,70.0,75.3,79.4,75.8,72.6,69.4,70.7,66.0,65.6,59.0,57.2,52.2,46.8,46.6,48.8,45.7,42.5,33.3,33.8,32.7,33.6,35.2,35.0,33.0,30.2,28.0,26.3,25.1,24.1,23.8,22.7,22.2,22.7,23.0,23.8,25.2,26.0
22:40:18.459,88.7,42.8,70.7,80.9,76.9,77.0,74.6,73.2,71.2,68.0,64.4,60.8,58.7,53.3,46.8,47.4,48.8,47.9,43.9,34.6,35.6,35.1,34.5,35.2,34.3,32.8,29.5,27.4,25.5,24.1,23.0,22.3,21.5,21.5,22.3,23.0,24.0,25.0,26.0
22:40:19.459,86.8,42.0,70.6,77.0,73.8,75.5,74.8,71.4,70.1,67.7,63.3,60.3,55.1,53.2,43.5,45.6,44.6,45.1,39.6,29.9,29.6,32.0,33.9,33.9,34.2,32.2,31.4,27.7,25.7,24.2,23.5,22.0,21.4,21.1,22.3,22.6,23.9,25.0,26.1
22:40:20.459,85.0,42.2,69.6,76.6,75.4,73.0,71.7,67.3,69.4,67.2,65.5,60.2,57.5,54.1,44.4,46.1,45.5,43.9,39.6,30.8,30.4,31.6,33.6,33.5,34.3,33.0,30.3,28.6,25.8,23.9,23.1,21.9,21.3,21.5,22.2,23.1,23.9,25.0,26.0
22:40:21.459,87.4,42.1,70.6,73.1,75.1,73.0,73.7,73.2,69.1,64.1,66.5,59.3,60.7,54.7,44.5,45.6,44.7,43.2,38.2,31.8,29.5,31.1,32.5,33.9,34.0,32.7,30.2,27.6,25.9,24.1,22.3,21.1,21.2,21.2,22.3,23.0,23.9,25.1,26.1
22:40:22.459,87.5,42.6,73.0,76.7,78.5,75.9,75.3,73.9,72.0,68.7,68.1,63.9,61.1,55.2,47.0,47.3,47.6,46.0,42.1,32.7,31.0,31.6,32.8,32.6,33.2,32.1,29.4,27.7,26.1,24.5,23.2,21.6,21.1,21.5,22.4,22.9,24.0,25.1,25.9
22:40:23.459,87.7,43.4,71.3,74.6,72.9,71.8,72.5,74.2,72.4,69.2,67.9,66.5,61.8,56.5,49.3,48.3,49.2,49.9,46.7,37.5,34.3,34.1,34.1,34.1,33.2,31.9,29.5,28.0,26.9,24.8,24.1,23.0,21.9,23.6,22.8,23.1,23.9,25.0,26.0
22:40:24.459,88.7,45.0,72.8,75.8,70.7,69.9,73.8,69.2,67.1,67.4,66.7,63.5,61.2,55.5,48.0,46.1,49.4,49.0,46.8,37.0,35.8,35.0,33.8,34.2,33.8,32.8,29.3,27.2,25.9,23.8,22.2,21.3,21.3,21.6,22.4,22.9,23.9,25.0,25.8
22:40:25.459,87.8,44.7,71.8,78.5,76.6,75.2,73.7,72.8,68.5,68.0,64.6,63.6,62.1,56.5,47.3,49.2,50.4,50.7,48.1,38.0,37.8,34.5,33.9,33.9,34.1,32.3,29.3,27.6,25.8,24.0,22.6,22.6,21.9,21.7,22.3,22.8,23.9,24.9,25.9
22:40:26.459,89.3,44.3,70.9,75.6,73.1,70.0,69.7,67.0,66.1,65.1,63.7,62.5,58.8,52.6,47.2,46.3,46.4,44.6,41.4,32.3,34.1,32.3,33.4,35.4,35.9,33.7,30.7,29.0,27.4,26.0,24.8,24.1,23.4,22.3,22.7,23.1,23.9,25.0,25.9
22:40:27.459,85.5,42.9,69.8,75.0,71.3,69.9,71.3,70.7,66.0,66.5,63.9,61.3,57.6,54.8,46.7,46.4,46.5,44.0,41.4,33.9,34.3,32.4,33.3,34.7,34.3,33.6,30.5,28.4,26.5,25.2,24.4,23.3,22.4,22.3,22.1,23.0,24.0,25.0,25.7
22:40:28.459,85.1,42.3,68.7,74.5,72.0,71.4,71.8,68.4,65.0,67.1,63.0,62.6,58.3,54.0,44.9,43.1,44.9,43.7,41.2,32.5,29.6,31.0,32.5,34.4,34.9,33.1,31.3,28.3,26.1,25.1,23.4,22.2,21.8,22.6,22.3,22.9,24.0,24.9,25.8
22:40:29.459,84.3,42.1,70.1,70.8,72.1,74.6,73.8,69.5,69.6,64.1,65.3,60.5,54.7,50.7,43.7,43.8,45.3,44.5,40.4,31.0,29.3,31.5,33.1,34.6,34.0,31.8,29.9,27.4,25.6,24.2,23.7,22.6,23.2,23.2,22.9,23.0,24.0,24.8,25.9
22:40:30.459,85.1,41.3,69.6,78.4,77.0,74.6,74.0,72.5,70.1,65.6,63.8,60.8,57.0,52.1,44.9,44.0,43.3,44.3,40.5,32.0,30.1,30.3,33.2,32.8,33.7,31.9,29.2,27.2,25.1,23.9,23.5,22.1,21.7,21.5,22.2,23.1,24.0,25.0,25.9
22:40:31.459,83.0,41.0,68.6,71.0,70.6,70.0,68.8,72.8,66.1,64.3,64.1,61.1,55.5,50.9,43.1,44.9,44.1,44.1,40.2,31.3,29.8,30.1,31.5,33.4,32.5,31.6,29.2,27.4,24.9,23.2,22.3,21.3,21.2,21.5,22.2,22.8,24.0,25.0,25.9
22:40:32.459,87.3,42.1,72.6,70.6,65.6,65.5,64.3,68.0,67.6,65.6,57.5,59.5,53.1,47.9,44.1,42.4,41.6,40.8,36.0,27.4,27.1,30.0,31.4,33.5,31.7,30.3,28.7,27.2,25.3,23.2,22.4,21.5,21.3,21.5,22.2,22.9,23.9,24.7,25.8
22:40:33.459,84.9,41.7,68.9,74.8,73.2,74.1,72.2,70.7,68.1,68.1,65.1,62.8,56.9,53.3,46.5,43.5,45.7,45.4,39.4,32.2,29.3,31.3,33.7,34.0,33.9,32.1,29.3,27.6,26.0,25.0,24.7,23.7,22.9,22.0,22.6,22.9,23.8,24.9,25.9
22:40:34.459,88.7,42.7,72.2,78.1,77.6,77.1,75.9,74.2,72.7,70.9,67.5,64.0,60.6,54.5,48.1,46.3,46.1,45.7,47.2,35.3,32.5,33.1,33.6,34.7,33.9,31.6,28.8,27.0,25.9,24.3,23.6,23.4,22.7,21.8,22.4,23.1,23.9,24.9,25.8
22:40:35.459,86.6,40.5,68.9,68.5,68.9,71.4,72.4,67.0,63.8,62.4,60.4,57.9,53.8,49.2,44.6,42.8,42.0,36.8,34.8,28.1,29.9,31.3,32.8,33.3,32.7,30.7,28.4,26.6,24.3,22.4,21.8,21.4,21.1,21.2,22.3,22.8,23.9,24.8,25.8
22:40:36.459,83.5,40.2,67.2,77.1,74.3,66.7,70.8,66.6,66.6,65.2,63.4,57.8,54.6,51.2,43.7,41.5,41.1,38.7,37.0,28.4,28.7,29.5,32.2,32.3,32.2,31.0,28.6,26.6,24.6,23.1,22.7,22.2,21.5,21.5,22.7,23.0,23.8,24.8,25.7
22:40:37.459,82.5,40.9,67.8,72.7,70.6,72.0,73.6,66.5,67.6,63.7,60.9,58.2,54.3,50.2,43.8,44.5,40.4,37.6,31.9,30.5,28.8,31.9,33.2,34.1,33.5,32.3,29.9,27.2,25.6,23.7,22.5,21.8,21.3,22.9,22.8,23.0,23.8,24.8,25.8
22:40:38.459,86.1,41.2,68.4,73.3,72.1,72.4,71.5,69.1,67.2,64.5,61.9,58.3,52.2,51.9,45.8,42.4,40.8,39.4,38.1,29.0,29.9,32.8,32.4,34.2,33.3,32.7,30.1,27.2,24.7,23.6,22.8,21.7,21.4,21.4,22.4,22.9,23.9,24.8,25.8
22:40:39.459,86.1,40.3,64.5,75.2,71.9,70.5,71.0,67.6,64.8,58.0,56.7,54.5,49.0,49.6,42.5,42.3,42.2,37.5,33.3,27.7,27.5,31.1,33.2,33.6,33.2,32.3,29.6,26.9,25.5,23.5,22.9,22.2,21.4,21.3,22.5,23.1,23.9,25.0,25.9
22:40:40.459,85.7,40.4,68.7,76.0,76.7,74.4,71.2,69.8,68.1,66.2,61.4,58.5,53.3,52.5,43.2,43.4,43.4,42.0,37.4,30.1,28.7,30.8,31.9,33.7,32.7,29.9,28.5,26.9,25.2,23.4,22.4,22.3,21.9,21.5,22.6,22.8,23.9,24.8,25.8
22:40:41.459,85.5,40.2,65.9,69.5,69.8,74.3,71.9,66.8,62.9,62.0,56.5,52.5,52.5,50.6,42.5,42.4,39.5,39.5,31.0,26.7,26.7,30.4,33.4,33.5,32.6,30.4,28.2,26.4,25.3,24.0,23.7,22.6,22.1,21.6,22.4,23.0,23.7,24.7,25.9
22:40:42.459,84.7,41.3,68.6,72.5,74.2,73.5,73.4,70.7,66.8,68.2,63.2,56.7,56.2,52.5,47.3,44.7,46.0,44.2,38.5,31.2,29.8,30.7,33.6,34.7,33.2,31.0,29.1,26.7,24.6,23.9,23.2,22.2,21.9,21.7,22.6,23.0,23.7,24.8,25.7
22:40:43.459,87.9,42.9,71.1,72.6,71.3,68.7,68.0,66.3,67.2,64.8,60.8,54.7,51.3,49.5,43.8,41.4,43.8,41.6,38.6,29.4,29.2,31.6,34.6,35.0,33.8,32.7,30.0,28.2,25.5,23.5,22.4,22.4,21.8,21.9,22.4,23.3,24.0,24.9,25.9
22:40:44.459,85.4,41.5,67.2,72.9,71.4,68.4,65.7,66.1,62.6,61.7,56.8,53.3,49.7,48.2,42.9,43.2,41.4,37.8,34.3,28.7,28.2,30.9,33.6,34.3,33.9,33.4,29.8,27.7,24.2,22.9,21.8,21.3,21.2,21.4,22.4,23.1,24.0,24.9,25.8
22:40:45.459,84.1,40.7,67.3,75.2,72.7,72.4,68.7,65.8,66.9,63.9,61.2,57.1,52.3,48.9,42.7,42.4,40.4,40.4,36.0,28.7,28.3,30.9,32.6,33.3,32.6,31.7,29.0,27.1,24.2,23.4,22.0,21.0,21.1,21.4,22.2,23.0,23.8,25.0,25.8
22:40:46.459,84.1,41.9,67.5,72.6,73.0,69.5,70.0,68.4,65.6,62.3,59.9,59.0,52.8,51.6,44.5,44.4,38.5,43.3,39.8,30.2,29.5,32.1,33.9,34.7,33.6,32.0,30.7,28.3,25.8,24.5,23.6,22.9,22.2,21.9,22.4,23.0,23.9,24.9,25.7
22:40:47.459,86.5,42.6,69.1,77.6,74.2,71.8,69.1,66.6,68.4,62.5,60.7,59.7,54.6,53.1,45.7,42.5,45.9,42.1,41.5,32.5,31.7,32.1,34.8,35.4,34.0,31.8,30.6,28.7,26.2,24.9,24.2,23.7,22.6,22.2,23.0,23.1,23.7,24.8,25.9
22:40:48.459,87.6,42.8,68.8,73.1,77.9,74.2,71.2,66.7,66.5,63.3,62.7,58.8,54.2,53.4,44.3,44.0,46.7,45.6,43.3,32.9,32.8,33.7,34.0,35.4,33.5,31.7,29.7,28.7,26.7,24.8,24.4,22.9,21.7,22.6,22.7,23.0,23.8,24.9,25.9
22:40:49.459,85.1,40.9,66.1,71.3,66.8,71.0,68.2,62.3,59.9,63.1,60.0,56.9,51.8,50.7,42.1,44.0,39.9,37.5,32.9,28.5,27.8,30.9,33.5,35.2,33.4,30.8,29.2,27.5,25.1,23.0,22.0,21.6,21.0,21.8,22.5,22.9,24.0,25.0,25.9
22:40:50.459,85.4,41.1,67.0,75.1,71.6,69.9,64.9,66.4,62.9,63.6,59.9,57.2,52.6,53.4,45.0,41.5,40.3,38.4,36.1,29.1,26.6,30.7,32.2,34.7,33.3,31.6,29.4,27.8,25.3,23.1,22.3,21.3,21.1,21.4,22.3,23.0,23.8,24.8,25.8
22:40:51.459,83.3,40.2,65.9,70.6,72.6,70.9,69.4,68.0,61.1,62.0,59.3,54.5,53.8,47.3,44.5,42.2,40.3,36.2,33.5,26.6,26.8,30.7,32.7,33.8,32.6,31.2,28.9,27.2,24.4,22.5,21.4,20.8,20.9,21.3,22.6,22.9,23.7,24.8,25.9
22:40:52.459,87.5,41.7,70.2,77.9,76.9,72.8,70.9,71.1,67.5,66.2,63.2,60.6,57.0,51.7,46.1,44.7,45.2,45.6,39.6,30.9,30.2,31.7,33.5,33.8,33.0,31.4,29.4,27.1,24.8,23.3,22.4,21.4,21.0,21.5,22.4,23.1,23.9,24.8,25.7
22:40:53.459,85.2,40.5,66.2,67.8,71.7,69.9,66.5,62.8,62.6,62.4,58.4,56.5,52.1,50.3,42.4,42.3,38.6,39.2,36.3,25.3,26.4,31.3,32.1,34.0,32.7,31.6,29.3,26.0,24.5,23.8,22.5,21.5,21.2,21.2,22.2,23.0,23.8,25.0,25.9
