AMBIENT,54.1,35.2,51.7,36.5,35.8,34.9,36.0,38.0,37.8,38.7,39.0,41.0,42.5,43.7,41.0,46.6,43.4,42.8,38.3,31.6,27.6,26.7,26.5,26.6,26.8,27.3,28.0,28.8,29.7,30.7,31.7,32.9,34.1,35.1,36.3,37.6,38.5,39.5,41.2
22:35:10.000,53.3,35.0,51.7,24.7,32.1,32.3,32.5,38.9,36.2,39.1,37.3,37.8,41.4,45.9,44.2,44.2,44.1,43.0,37.0,32.6,28.6,26.5,27.0,27.7,27.0,27.2,27.9,28.8,29.5,30.7,31.6,32.7,33.9,34.9,36.1,37.6,38.4,39.4,41.2
22:35:11.000,52.6,35.1,51.3,35.0,33.9,37.8,32.0,37.8,38.3,36.1,38.4,41.3,43.3,45.1,42.9,45.4,42.6,42.5,38.3,31.0,28.0,26.2,27.9,27.1,27.4,27.3,27.5,28.7,29.8,30.8,31.8,32.9,33.9,34.8,36.1,37.4,38.4,39.6,41.1
22:35:12.000,53.3,34.8,51.6,35.4,37.0,37.7,34.6,35.8,38.2,36.6,36.6,38.4,40.8,45.1,42.8,45.9,42.1,41.7,37.3,29.5,26.5,25.9,26.8,26.5,26.6,27.4,27.5,28.8,29.8,30.8,31.9,32.6,33.8,34.9,36.0,37.5,38.3,39.3,41.0
22:35:13.000,52.1,34.2,50.5,39.7,39.7,32.7,27.2,35.4,37.0,35.5,38.3,43.7,42.9,44.1,43.2,46.1,42.7,42.6,36.1,29.3,26.5,26.7,27.2,27.4,26.6,27.4,27.9,28.9,29.3,30.7,31.4,32.6,33.9,35.0,36.1,37.5,38.3,39.4,41.1
22:35:14.000,52.9,34.8,51.3,39.1,35.7,35.1,30.8,34.9,38.0,39.6,35.2,41.1,40.5,41.5,43.0,45.2,43.0,41.8,37.2,30.6,28.9,25.1,26.3,26.4,27.1,27.0,27.8,28.6,29.4,30.5,31.4,33.1,34.1,34.9,36.4,37.5,38.4,39.5,41.1
22:35:15.000,52.5,34.1,51.1,36.4,32.8,28.6,35.7,30.8,36.8,38.9,37.6,43.1,43.2,41.6,45.2,44.1,41.3,41.8,37.1,30.4,28.2,25.9,25.8,25.8,27.1,26.9,27.8,29.1,29.5,30.5,31.6,32.8,34.0,35.2,36.0,37.6,38.3,39.4,41.1
22:35:16.000,52.2,34.8,51.0,24.7,34.1,36.8,34.7,27.5,33.5,39.1,36.9,41.3,42.9,42.5,44.3,45.9,42.4,43.6,36.7,29.3,26.0,25.7,26.0,26.0,27.0,27.7,28.2,28.9,29.5,30.6,31.5,32.9,34.0,34.9,36.3,37.5,38.3,39.3,41.2
22:35:17.000,52.5,34.6,51.2,30.0,31.6,32.2,32.6,35.6,38.3,33.9,39.8,38.4,41.5,41.1,42.9,45.2,42.2,42.6,37.1,29.7,26.3,26.2,26.0,26.2,27.1,27.1,28.3,28.9,29.5,30.9,31.6,32.8,33.8,35.0,36.2,37.4,38.5,39.3,41.2
22:35:18.000,52.2,34.8,51.1,30.7,29.3,33.6,32.6,36.0,31.5,34.2,36.0,40.3,43.3,41.9,42.9,46.6,42.3,42.1,38.0,31.0,26.9,25.6,25.2,26.8,27.0,27.9,27.5,28.9,30.1,30.8,31.6,32.7,34.0,34.9,36.0,37.5,38.4,39.3,41.1
22:35:19.000,52.4,35.2,51.3,28.4,30.9,35.4,32.3,35.9,34.9,36.6,40.6,42.0,41.4,42.3,43.0,44.4,43.0,42.7,38.6,32.8,29.4,27.2,26.3,26.6,27.0,27.1,28.0,28.6,29.6,30.7,31.6,33.0,33.7,34.9,36.4,37.5,38.3,39.4,41.1
22:35:20.000,52.6,35.8,51.5,36.7,33.4,30.6,31.2,40.3,34.0,36.6,39.0,40.5,41.9,42.3,42.6,45.6,44.0,44.5,38.2,32.1,28.1,27.1,25.8,26.4,27.1,27.0,27.7,29.0,29.8,30.5,31.5,32.8,34.0,34.9,36.1,37.4,38.3,39.4,41.2
22:35:21.000,53.0,35.9,52.0,29.4,34.4,34.0,32.5,36.4,33.8,38.5,37.5,39.0,42.6,40.5,40.7,46.5,43.6,42.0,38.4,32.1,27.6,25.6,26.8,26.7,27.3,27.4,27.5,29.4,30.0,31.1,31.6,32.9,33.8,34.9,36.1,37.5,38.4,39.4,41.1
22:35:22.000,53.2,37.4,52.3,36.6,36.1,33.4,31.7,36.2,37.5,37.1,38.3,40.7,42.3,43.9,42.3,48.4,44.2,43.5,39.1,31.7,27.4,26.0,25.9,25.5,26.5,26.9,28.1,29.2,32.1,31.6,31.7,32.8,34.0,34.9,36.0,37.5,38.5,39.4,41.1
22:35:23.000,53.5,37.7,52.2,26.7,37.0,35.7,33.3,34.9,31.8,35.4,36.1,41.2,42.1,43.1,44.6,47.9,42.9,41.5,38.3,31.5,26.5,27.0,26.3,26.0,26.3,27.4,28.1,28.9,30.7,34.1,31.7,32.8,33.9,35.0,36.3,37.5,38.5,39.4,41.1
22:35:24.000,90.2,39.9,73.4,28.5,32.9,32.3,34.0,39.5,37.4,35.3,37.3,39.3,43.9,41.1,43.5,46.9,46.9,46.6,40.7,36.2,32.3,28.5,26.7,26.7,27.3,27.0,28.3,28.6,30.6,33.2,31.3,32.5,33.9,34.8,36.4,37.5,38.5,39.4,41.2
22:35:25.000,92.4,38.3,76.4,30.2,28.1,33.4,35.9,39.2,37.1,39.6,41.6,44.3,44.1,46.2,46.0,49.9,47.0,44.0,40.0,35.5,31.8,29.0,28.4,26.9,27.2,27.9,28.1,28.4,30.4,31.9,31.7,32.6,33.7,34.7,36.3,37.3,38.4,39.4,41.1
22:35:26.000,93.3,39.6,83.0,37.6,34.4,43.1,56.2,65.4,67.6,55.4,44.4,43.4,45.2,45.2,46.6,48.1,44.9,43.1,39.2,33.4,31.1,26.8,27.7,26.1,26.6,27.5,28.4,28.4,29.9,30.5,31.5,32.6,33.5,34.9,36.2,37.4,38.5,39.5,41.1
22:35:27.000,98.1,45.1,87.1,36.0,36.5,80.8,83.2,80.7,76.2,64.8,51.4,48.2,50.3,48.7,54.8,51.9,51.7,47.9,44.2,40.5,36.5,30.5,27.9,27.2,27.2,27.3,27.9,29.0,29.6,30.6,31.8,32.6,33.9,35.1,36.3,37.4,38.5,39.5,41.1
22:35:28.000,101.9,52.0,91.6,54.3,56.1,80.3,83.9,85.7,83.5,70.6,59.2,54.6,51.6,53.6,59.8,58.1,58.2,55.8,53.8,51.0,45.9,40.8,36.4,30.0,28.2,27.8,28.4,28.9,29.8,31.0,31.4,32.8,33.9,35.0,36.1,37.4,38.4,39.5,41.1
22:35:29.000,103.7,58.7,93.6,76.4,83.8,77.7,86.2,92.4,90.0,73.6,61.5,60.3,58.2,58.3,64.8,63.0,67.5,61.8,60.3,57.9,53.0,48.5,42.6,37.0,32.9,28.4,27.9,29.0,29.6,30.9,31.9,32.8,33.6,34.9,36.4,37.4,38.5,39.5,41.2
22:35:30.000,106.4,64.7,96.7,86.6,84.1,92.7,91.4,95.5,91.9,73.6,70.0,64.3,62.2,65.6,69.9,68.9,72.0,69.2,65.7,63.6,58.8,53.4,47.2,41.3,37.1,31.7,29.7,29.2,29.8,31.5,31.8,32.9,33.8,35.1,36.3,37.5,38.5,39.4,41.1
22:35:31.000,106.3,67.0,95.0,82.3,87.2,91.1,98.7,99.2,94.9,76.8,70.6,67.4,69.4,71.3,73.9,74.1,77.8,72.2,69.6,66.1,61.3,56.5,50.9,46.5,42.2,37.1,33.2,31.4,30.5,31.1,32.1,32.8,34.0,35.2,36.3,37.5,38.7,39.4,41.2
22:35:32.000,106.1,68.2,94.2,82.7,88.2,94.4,98.0,101.3,91.7,76.7,68.3,67.5,71.0,74.1,77.3,75.7,78.4,73.1,71.8,67.9,63.1,57.4,53.2,48.2,43.5,38.6,35.4,33.0,31.3,31.2,31.8,32.8,33.9,35.1,36.3,37.3,38.6,39.5,41.1
22:35:33.000,110.3,69.9,96.5,88.6,93.9,96.5,99.9,103.0,93.0,77.5,71.8,71.7,73.6,76.8,77.0,78.9,78.2,74.4,73.2,70.1,65.7,59.8,56.5,53.0,47.7,43.1,40.2,38.0,35.0,33.3,31.9,32.9,34.1,35.1,36.2,37.3,38.6,39.6,41.2
22:35:34.000,109.9,70.8,99.8,90.4,91.0,98.6,101.0,95.2,87.0,77.0,74.9,76.5,74.9,80.4,77.0,80.9,76.7,76.9,73.8,71.5,66.7,61.9,58.0,54.6,51.4,47.4,42.9,40.7,38.2,35.4,32.9,32.8,33.8,34.9,36.2,37.6,38.6,39.8,41.3
22:35:35.000,109.6,70.3,98.9,91.3,87.3,100.0,99.5,99.2,92.5,83.0,81.2,79.5,74.4,79.6,79.4,81.9,77.1,76.6,73.5,69.3,65.8,61.5,56.5,52.7,48.8,44.9,40.8,37.8,34.8,33.0,31.9,33.0,34.1,35.0,36.3,37.4,38.5,39.7,41.2
22:35:36.000,107.5,71.9,97.9,95.4,95.9,101.8,99.1,106.2,92.3,85.7,82.6,77.1,77.8,80.2,80.5,81.6,78.1,76.9,73.3,73.4,67.0,62.1,58.7,55.7,51.0,46.2,41.2,39.3,36.6,34.2,32.4,32.6,33.8,35.1,36.2,37.4,38.5,39.5,41.2
22:35:37.000,108.2,73.3,99.1,99.4,100.2,100.0,105.3,104.5,91.9,92.0,81.5,76.1,81.5,83.0,81.3,81.2,79.5,76.5,76.4,74.6,71.4,65.4,60.1,55.5,52.9,46.7,42.7,41.1,38.4,35.4,32.7,32.8,34.1,35.1,36.5,37.4,38.5,39.6,41.2
22:35:38.000,105.6,74.6,97.0,104.4,102.6,103.2,105.5,95.8,100.0,89.2,82.1,80.2,83.9,85.8,80.5,80.0,79.1,79.1,79.2,76.0,73.1,68.4,61.5,57.7,54.0,49.4,46.4,44.0,41.2,38.5,33.8,32.8,33.8,35.2,36.3,37.4,38.4,39.5,41.2
22:35:39.000,104.3,75.3,96.1,103.7,97.6,101.9,100.2,103.7,98.7,87.2,80.7,79.1,82.2,84.8,82.7,81.4,81.7,81.3,77.8,75.9,72.2,66.7,62.3,59.4,54.8,51.6,48.1,45.3,42.5,39.7,35.4,33.8,34.0,35.1,36.3,37.5,38.4,39.5,41.1
22:35:40.000,106.4,77.4,97.6,95.3,94.5,99.2,99.6,103.6,94.3,88.1,80.9,80.1,88.7,87.2,86.0,85.3,83.4,82.8,80.6,77.3,74.8,71.5,65.3,63.1,59.9,56.0,53.4,50.8,48.1,45.1,39.2,36.1,34.6,35.1,36.2,37.3,38.4,39.6,41.3
22:35:41.000,106.7,80.8,99.4,95.0,98.2,93.7,91.5,101.4,93.1,84.0,83.9,80.8,89.8,90.9,86.5,87.1,85.1,85.4,81.5,80.4,76.8,75.9,70.8,68.9,65.0,58.7,55.8,56.0,54.2,51.0,42.9,37.5,35.6,35.3,36.5,37.6,38.6,39.4,41.1
22:35:42.000,107.5,82.3,101.3,95.2,93.2,96.7,101.4,95.2,92.3,93.9,88.4,84.8,90.4,87.2,84.5,89.8,90.4,86.1,85.5,82.6,78.5,74.1,71.5,69.3,67.0,63.8,60.2,58.3,56.4,53.6,49.2,43.8,38.4,36.0,36.3,37.6,38.6,39.5,41.1
22:35:43.000,109.9,87.7,105.9,97.6,95.3,99.0,100.3,97.3,92.3,98.0,92.3,95.1,95.9,92.0,89.6,93.1,95.4,93.3,88.3,83.3,84.0,80.6,76.0,74.3,74.0,71.1,68.7,68.0,65.9,64.3,59.8,55.0,51.2,45.2,41.0,38.3,38.7,39.6,41.3
22:35:44.000,111.8,89.6,107.5,94.9,96.8,99.3,97.7,99.1,97.4,98.3,99.0,99.9,100.7,94.2,96.9,92.4,91.9,95.2,93.2,88.7,84.9,80.6,77.2,77.7,76.7,75.1,70.4,72.6,73.0,70.4,68.4,61.2,56.2,48.8,41.6,39.3,38.6,39.6,41.4
22:35:45.000,112.0,90.4,108.4,88.9,96.7,98.2,99.5,99.3,101.4,97.0,101.9,100.6,103.3,96.8,94.8,92.3,91.2,96.4,95.6,91.0,87.0,82.8,77.6,76.6,76.1,72.6,68.9,70.3,73.1,70.4,65.4,60.6,53.6,48.1,42.3,38.2,38.7,39.5,41.4
22:35:46.000,112.3,91.6,109.1,92.1,99.2,98.7,98.6,100.7,101.9,104.3,100.0,102.3,102.3,100.7,99.4,93.0,90.9,94.4,96.4,93.8,87.1,85.7,82.7,79.7,76.7,74.9,71.5,69.5,67.2,65.7,62.4,57.5,52.5,46.4,43.5,39.1,38.8,39.7,41.4
22:35:47.000,111.4,91.6,107.6,96.1,102.3,99.9,100.7,97.5,103.0,102.3,99.7,105.0,100.7,100.2,98.1,94.1,93.7,97.6,97.0,90.4,87.1,83.7,83.9,79.9,80.3,74.3,71.4,68.7,67.7,67.4,64.8,63.0,56.2,47.2,44.9,39.8,39.0,39.5,41.3
22:35:48.000,111.6,92.9,107.9,92.5,97.4,105.1,101.8,101.4,101.2,101.5,98.6,100.1,98.1,95.4,94.6,93.1,100.3,100.5,95.0,90.9,84.0,83.2,82.8,81.4,81.4,77.7,77.2,77.1,77.2,77.1,74.0,72.3,68.2,61.9,57.7,58.5,51.9,45.7,42.0
22:35:49.000,113.0,90.2,106.7,98.2,99.0,96.0,103.3,102.3,102.2,103.1,99.9,100.5,97.8,93.5,91.3,92.7,96.8,94.0,94.2,90.9,88.2,84.9,83.7,80.3,79.3,72.9,70.0,70.4,69.6,69.6,63.1,60.4,57.7,50.6,50.6,45.3,40.8,40.5,41.4
22:35:50.000,111.5,88.3,104.7,94.2,98.6,95.6,100.4,103.7,103.9,102.6,98.7,98.5,95.2,89.8,92.1,91.5,91.7,91.0,93.0,88.6,83.9,84.0,82.3,76.8,72.9,69.4,65.8,62.5,60.3,58.5,49.0,45.7,39.2,36.2,36.6,37.5,38.7,39.5,41.4
22:35:51.000,109.9,84.8,102.6,92.5,98.6,99.7,103.4,103.3,106.3,99.9,97.6,95.0,90.5,89.6,86.9,89.4,92.6,88.4,88.8,85.7,80.8,80.9,77.9,75.0,70.9,65.9,62.4,60.4,58.2,54.6,49.4,44.8,37.6,35.4,36.6,37.4,38.6,39.6,41.3
22:35:52.000,111.2,82.1,102.7,96.1,94.5,106.3,104.4,102.5,106.1,96.9,92.4,90.4,89.2,88.2,91.2,91.3,88.3,85.0,83.0,80.8,80.4,77.0,72.6,71.0,67.7,65.3,61.9,61.1,56.9,53.3,46.6,41.5,36.2,35.3,36.3,37.5,38.5,39.7,41.3
22:35:53.000,110.6,83.3,103.9,95.8,93.0,101.6,101.5,99.0,98.1,97.3,92.9,87.5,88.8,90.7,96.3,95.5,90.6,84.0,84.1,78.5,79.9,77.8,74.0,69.0,67.2,65.1,63.9,61.5,59.3,56.0,49.7,44.7,39.2,36.0,36.4,37.5,38.6,39.5,41.2
22:35:54.000,111.8,83.9,105.4,98.5,103.7,104.4,103.0,102.3,102.3,95.5,98.3,95.6,89.1,92.7,93.2,93.5,91.6,88.3,83.5,79.1,78.1,78.1,75.2,71.2,71.1,68.5,62.9,63.8,62.2,58.3,54.5,51.0,44.1,38.2,36.6,37.5,38.8,39.6,41.4
22:35:55.000,112.0,88.1,107.0,94.9,102.1,102.3,101.3,100.1,99.0,99.2,99.1,99.5,94.7,97.1,93.5,92.6,93.3,93.4,90.5,88.7,81.6,80.6,76.2,75.3,73.8,70.8,68.5,65.2,64.6,63.3,55.8,58.0,52.7,46.1,41.8,40.0,38.9,39.6,41.2
22:35:56.000,113.2,92.0,107.9,99.3,102.0,102.9,101.4,103.1,101.5,102.7,100.5,98.2,95.9,99.1,97.5,98.1,96.2,96.7,94.7,92.4,88.5,82.1,74.6,78.3,81.2,76.7,75.5,74.0,75.9,71.5,65.8,61.7,56.0,49.0,44.8,40.3,38.8,39.6,41.5
22:35:57.000,113.8,90.2,107.4,99.7,102.5,103.8,100.9,98.9,104.5,101.0,102.0,97.8,97.0,97.7,97.0,97.4,97.5,94.8,93.1,93.3,87.9,81.5,74.8,72.3,72.5,69.8,67.7,69.5,67.4,69.5,62.1,55.2,51.0,46.6,41.6,38.6,38.9,39.8,41.6
22:35:58.000,112.7,91.1,107.9,98.3,105.8,98.7,101.5,103.9,101.1,98.8,102.0,99.9,96.6,95.2,97.0,100.5,98.7,96.5,92.8,92.1,89.0,87.0,81.0,75.3,72.7,72.6,69.6,70.1,70.7,68.6,62.7,55.4,51.4,41.0,38.4,38.3,38.6,39.8,41.5
22:35:59.000,113.3,89.1,107.2,96.6,102.5,106.2,104.3,103.2,99.4,99.8,102.4,101.2,96.0,94.2,95.1,96.3,96.6,92.0,90.7,91.3,87.2,83.2,81.2,77.2,75.0,72.5,69.5,69.5,64.2,63.8,56.4,52.4,43.7,39.4,37.3,37.8,38.8,39.7,41.4
22:36:00.000,112.8,85.9,105.8,103.0,101.3,108.7,103.6,101.4,100.6,103.8,99.5,99.6,99.1,97.3,96.5,91.8,90.3,85.2,84.6,85.2,85.7,78.5,78.0,76.0,71.7,68.5,67.1,65.4,65.1,63.7,60.0,55.5,51.5,45.9,42.4,38.0,38.4,39.6,41.4
22:36:01.000,113.7,88.1,105.9,101.4,102.7,104.7,100.7,105.9,99.7,101.7,99.5,99.1,97.8,98.0,94.5,93.5,88.3,88.4,86.2,87.2,85.5,84.5,81.0,78.5,76.4,74.2,74.6,72.8,72.7,70.7,69.1,65.9,60.3,59.5,54.3,49.8,42.9,40.2,41.3
22:36:02.000,112.7,85.7,103.8,105.5,100.7,100.4,104.9,101.7,102.9,100.7,99.4,97.6,96.6,94.1,95.5,92.0,88.9,88.1,85.6,84.9,81.7,77.6,78.7,75.9,72.5,68.5,68.6,64.7,59.8,58.6,53.2,46.8,43.1,37.1,36.5,37.6,38.6,39.7,41.4
22:36:03.000,112.9,89.3,105.9,99.2,97.1,101.9,105.2,102.1,96.6,96.9,94.6,97.1,95.9,94.0,94.7,95.1,91.7,89.3,92.3,89.8,87.2,82.1,76.5,76.4,75.5,72.2,74.0,71.0,69.1,65.1,58.7,56.5,47.6,41.5,38.9,37.7,38.6,39.7,41.4
22:36:04.000,112.9,89.5,107.9,104.2,100.2,106.4,105.0,100.5,99.6,97.4,98.1,95.0,99.0,95.9,96.7,98.9,95.4,94.4,91.9,90.1,86.7,80.6,75.4,75.1,79.4,75.9,72.3,71.3,69.6,66.3,60.3,57.5,52.4,43.8,39.2,38.0,38.7,39.8,41.3
22:36:05.000,114.3,90.2,108.2,106.1,103.7,105.3,96.8,100.6,100.5,99.6,102.0,97.9,99.9,98.2,99.3,99.9,95.8,93.2,89.9,85.1,81.9,76.9,80.9,82.3,83.2,79.4,75.5,77.9,73.0,70.4,64.7,60.0,54.4,49.4,44.3,39.5,38.6,39.8,41.7
22:36:06.000,114.1,90.4,107.9,102.0,105.8,107.0,104.9,101.3,101.7,102.8,99.7,100.7,97.9,98.4,98.9,97.8,94.4,91.7,88.3,87.0,79.8,83.6,84.7,80.5,82.9,79.3,76.9,74.5,70.4,68.3,61.7,54.8,50.5,46.2,43.7,38.4,38.7,39.9,41.6
22:36:07.000,114.9,93.4,109.7,107.6,102.8,100.6,102.7,104.8,101.6,103.9,99.7,99.5,101.5,97.8,97.3,98.0,96.3,96.2,94.1,91.9,91.0,85.9,81.7,79.8,77.9,76.8,73.3,74.5,70.0,64.8,61.0,54.0,51.3,45.2,39.4,37.8,38.7,39.8,41.5
22:36:08.000,114.1,93.8,110.6,103.6,101.4,105.5,105.1,100.4,104.4,102.8,99.3,99.6,101.1,99.9,100.9,101.9,101.5,98.0,95.8,94.5,93.1,89.6,86.6,81.8,79.6,74.5,71.9,73.5,68.4,63.2,59.6,56.0,50.6,44.9,43.2,38.4,38.7,39.8,41.5
22:36:09.000,113.2,92.3,109.2,104.5,102.9,107.1,105.9,106.8,105.7,105.0,102.6,102.5,102.3,98.8,99.6,98.1,96.5,93.9,95.7,92.6,90.3,86.0,83.7,78.1,78.0,75.6,71.7,69.6,65.0,63.5,56.6,53.2,47.6,45.5,39.1,37.7,38.7,39.6,41.5
22:36:10.000,115.5,92.6,110.8,102.9,107.2,102.5,103.8,103.4,104.1,104.3,101.6,102.2,103.4,100.9,100.2,97.4,96.4,95.8,95.0,93.5,91.9,87.6,83.6,77.2,75.1,73.6,74.2,69.4,65.2,65.2,59.1,53.5,49.2,46.4,40.2,37.8,38.7,39.8,41.6
22:36:11.000,116.1,93.8,112.0,106.6,98.4,100.5,103.6,102.7,99.2,105.1,103.8,101.9,103.0,103.2,102.5,101.8,100.3,97.1,96.8,92.9,90.4,87.3,83.6,82.4,79.9,78.6,76.3,75.1,69.1,71.7,66.7,59.9,56.1,50.9,45.4,39.8,39.0,39.9,41.7
22:36:12.000,116.5,96.2,112.4,103.9,99.2,101.3,106.3,107.3,106.0,106.0,103.0,105.1,102.7,104.4,102.8,101.6,102.1,100.5,98.9,96.1,93.0,87.7,80.9,84.5,88.7,83.4,78.5,78.8,71.6,70.3,71.9,67.7,66.5,60.9,57.4,47.7,44.8,40.7,41.7
22:36:13.000,114.3,94.7,111.6,101.6,92.0,101.5,106.0,107.1,104.5,105.1,104.7,105.5,103.2,104.0,103.6,101.0,100.0,99.6,96.6,94.0,90.4,88.2,86.5,84.9,84.5,81.4,78.5,74.1,68.9,68.7,61.1,58.8,55.6,52.9,41.4,38.8,38.9,39.8,41.4
22:36:14.000,113.5,88.1,108.5,94.7,101.3,105.4,106.2,109.2,107.9,103.9,101.1,104.8,104.3,103.8,101.1,96.8,94.6,95.2,92.5,89.4,86.2,83.5,77.0,77.3,72.3,65.8,68.6,68.5,61.7,57.7,52.3,53.0,44.3,44.0,37.7,37.7,38.6,39.7,41.3
22:36:15.000,111.8,81.6,106.2,95.4,103.9,102.7,103.0,100.3,104.3,104.6,103.2,101.2,100.6,101.1,94.5,92.1,88.6,85.5,76.6,76.9,74.9,70.3,70.8,69.1,70.2,65.2,62.0,61.6,55.2,54.2,49.9,45.5,37.5,35.6,36.4,37.6,38.5,39.7,41.4
22:36:16.000,110.9,82.7,106.2,104.1,105.6,96.2,102.0,101.9,97.8,100.8,97.5,100.3,101.6,96.0,93.8,92.3,89.6,86.1,81.9,80.8,79.9,75.8,69.2,71.3,74.4,67.9,62.2,59.8,52.9,53.1,48.5,43.7,37.1,35.5,36.4,37.5,38.5,39.7,41.2
22:36:17.000,109.9,81.7,104.8,103.2,105.1,100.5,100.3,98.4,102.7,104.7,100.9,99.6,100.0,96.2,91.8,89.2,88.0,86.0,83.1,76.4,70.0,70.9,72.1,69.3,66.3,60.9,57.2,54.4,48.3,45.3,38.3,35.0,34.4,35.3,36.2,37.5,38.6,39.6,41.1
22:36:18.000,110.0,83.9,104.9,99.2,100.8,97.5,101.5,99.4,103.5,99.8,95.4,99.1,98.1,94.8,94.0,91.3,92.0,89.7,85.5,81.0,75.7,73.6,75.0,74.4,70.7,69.4,65.6,61.0,55.0,53.2,47.7,44.4,40.0,35.3,36.2,37.4,38.5,39.7,41.3
22:36:19.000,109.3,82.0,102.9,99.6,107.4,99.9,97.7,96.1,100.4,102.9,98.8,96.0,97.4,93.4,92.6,90.2,91.6,86.8,84.3,81.7,78.0,69.0,65.7,69.6,68.0,63.0,63.6,54.7,45.9,45.8,44.3,37.1,34.4,35.6,36.1,37.5,38.5,39.5,41.3
22:36:20.000,107.6,81.5,101.6,97.4,99.6,98.5,100.3,100.9,101.3,95.9,98.1,95.5,91.7,92.5,90.1,90.8,88.3,84.5,84.1,82.7,79.3,75.4,70.2,66.6,63.3,61.5,56.4,53.0,46.3,44.8,38.3,34.2,34.1,35.0,36.2,37.5,38.5,39.5,41.2
22:36:21.000,106.3,77.9,100.4,100.0,99.0,98.3,101.6,98.6,101.2,96.1,94.3,94.5,93.5,91.5,89.9,88.2,84.9,83.8,83.2,78.7,74.6,69.3,66.8,62.3,60.1,55.0,50.2,48.2,37.7,33.8,32.3,32.6,34.0,35.2,36.1,37.5,38.5,39.4,41.1
22:36:22.000,105.4,77.9,99.5,90.9,101.2,100.4,96.2,97.7,98.5,97.1,93.0,93.7,92.1,88.5,87.7,87.3,85.7,83.5,81.6,77.5,75.6,69.5,64.5,62.1,58.6,51.7,47.4,45.3,40.1,38.5,33.3,33.1,33.6,35.1,36.3,37.4,38.4,39.3,41.2
22:36:23.000,104.7,76.1,99.3,97.8,94.4,96.4,93.6,98.6,98.3,93.6,91.2,94.5,92.2,89.7,88.8,85.8,84.6,80.9,78.7,74.7,71.5,68.1,62.3,58.9,57.2,51.6,45.8,45.8,36.1,39.0,33.0,33.3,33.9,35.1,35.9,37.3,38.5,39.7,41.1
22:36:24.000,105.9,74.1,99.0,92.0,100.1,92.7,96.8,94.2,96.3,95.9,94.0,91.7,91.6,86.4,86.2,85.0,83.5,80.2,75.9,73.4,68.9,64.3,55.6,57.2,54.6,50.7,46.9,43.6,38.1,38.3,32.6,33.0,33.7,35.0,36.1,37.6,38.6,39.5,41.2
22:36:25.000,105.0,72.1,96.9,93.5,98.3,96.8,96.6,95.4,96.5,92.0,94.0,92.6,89.7,86.3,82.2,83.1,80.6,75.6,73.3,72.1,68.9,64.7,59.6,55.5,50.6,47.3,39.6,37.0,33.5,32.5,32.3,32.7,34.0,35.1,36.1,37.4,38.5,39.5,41.2
22:36:26.000,105.6,73.6,98.6,92.2,98.5,95.3,92.4,94.9,96.4,94.4,91.8,89.5,88.3,84.9,82.9,81.6,79.2,74.5,74.2,73.4,68.5,65.0,63.7,56.3,53.6,47.6,38.8,35.5,31.3,31.4,31.9,32.7,34.0,35.2,36.2,37.2,38.5,39.4,41.2
22:36:27.000,104.4,73.6,97.0,91.2,95.0,100.3,99.5,96.1,93.7,94.9,95.4,91.3,89.6,85.0,84.3,82.7,80.8,79.1,75.9,75.5,71.1,68.1,65.0,59.8,57.7,50.6,41.8,36.7,35.1,33.3,32.5,32.8,33.9,35.3,36.3,37.2,38.5,39.5,41.3
22:36:28.000,104.6,72.5,96.3,95.7,93.4,94.3,93.6,93.6,97.5,93.4,92.3,91.1,88.5,83.1,81.6,80.3,78.9,75.9,75.0,72.0,68.4,66.4,62.7,57.7,48.7,41.7,36.5,30.3,30.2,31.3,32.0,32.9,34.0,35.2,36.2,37.4,38.5,39.4,41.1
22:36:29.000,104.1,71.5,96.0,92.4,86.9,97.9,95.0,93.9,92.8,92.7,91.1,90.4,88.4,85.1,83.4,80.1,77.7,76.6,74.9,71.2,67.9,64.2,63.0,56.2,47.3,37.3,33.8,30.3,29.6,30.6,31.6,32.8,34.0,35.1,36.4,37.3,38.5,39.5,41.1
22:36:30.000,104.1,74.0,94.9,94.5,97.1,93.2,91.6,93.9,90.6,92.0,91.7,88.0,86.8,83.4,83.5,79.3,78.8,78.4,76.7,74.3,72.2,69.4,67.5,60.9,57.6,46.8,43.8,37.7,31.7,30.9,31.6,32.8,34.0,35.1,36.3,37.4,38.5,39.5,41.2
22:36:31.000,102.7,70.1,95.1,93.8,95.0,98.0,97.4,90.9,92.6,92.7,87.7,87.5,86.1,82.7,79.3,76.0,77.3,75.1,73.0,70.5,67.1,63.8,61.3,52.0,47.5,38.5,33.8,30.1,29.8,30.9,31.4,32.8,34.1,35.1,36.4,37.2,38.6,39.5,41.2
22:36:32.000,102.7,69.9,93.8,95.1,93.3,95.5,94.9,94.9,91.8,89.5,91.3,87.1,84.9,80.7,79.9,76.2,76.7,73.3,70.9,66.9,66.1,62.8,59.5,54.4,51.0,42.8,33.1,29.3,30.0,30.4,31.8,32.8,33.8,35.1,36.3,37.3,38.6,39.5,41.2
22:36:33.000,102.9,69.9,93.3,95.2,96.9,93.7,92.1,92.3,93.9,88.3,87.4,86.6,84.5,83.3,81.0,78.0,76.2,75.2,72.0,71.7,67.2,63.7,59.8,55.1,50.4,39.3,31.4,29.3,29.2,30.8,31.6,32.8,34.0,35.2,36.3,37.2,38.5,39.5,41.2
22:36:34.000,103.3,71.9,94.5,92.7,95.3,96.1,90.6,95.0,86.4,90.7,88.6,86.7,85.1,83.4,79.1,77.7,79.3,77.0,73.8,72.4,68.8,65.6,62.4,59.9,53.5,50.4,40.4,31.3,30.1,31.0,31.8,32.8,34.1,35.0,36.2,37.4,38.5,39.5,41.2
22:36:35.000,103.3,69.5,94.4,92.0,94.5,91.5,92.1,90.0,91.3,90.1,90.0,85.7,84.0,81.0,79.5,78.0,76.7,74.6,69.4,69.1,65.5,64.0,61.0,57.2,53.3,44.4,38.0,30.7,29.7,30.7,31.9,32.9,33.8,35.0,36.2,37.4,38.5,39.5,41.2
22:36:36.000,101.7,67.9,92.9,90.0,94.7,92.1,93.8,92.5,90.5,89.8,88.1,87.0,86.2,81.8,78.5,78.4,75.1,71.6,71.3,67.1,61.3,61.2,58.0,54.1,51.6,43.8,35.7,29.5,29.9,30.8,32.0,32.7,33.9,35.0,36.3,37.4,38.6,39.5,41.2
22:36:37.000,98.7,66.1,90.5,92.5,93.8,92.2,95.7,92.7,91.9,90.1,86.3,85.8,82.4,78.6,76.3,74.6,74.5,71.4,68.0,66.3,61.2,57.6,52.3,47.5,40.3,32.2,28.4,28.8,30.0,30.9,31.6,32.5,33.9,35.0,36.2,37.5,38.5,39.5,41.0
22:36:38.000,99.0,67.4,91.2,92.6,95.7,96.1,96.4,89.5,90.3,87.4,85.8,85.9,81.7,78.1,76.0,74.9,73.9,71.0,68.8,68.4,62.3,61.8,57.0,54.1,50.5,41.5,32.6,28.9,29.7,30.6,31.8,32.7,33.8,34.9,36.2,37.3,38.4,39.6,41.2
22:36:39.000,99.8,65.3,90.8,94.1,95.5,92.6,90.2,90.5,89.3,85.7,87.1,83.2,82.7,79.7,77.1,76.8,74.3,69.6,65.4,64.4,59.8,58.2,54.5,51.3,47.4,38.5,31.1,28.6,29.5,30.7,31.8,32.6,33.9,35.2,36.3,37.3,38.4,39.5,41.1
22:36:40.000,99.4,65.2,90.8,90.9,95.1,86.4,89.5,85.4,89.3,85.2,85.8,81.9,82.4,80.4,78.1,75.6,73.3,71.2,66.3,64.9,59.4,56.7,53.6,50.0,45.2,34.9,29.6,29.3,29.8,31.2,31.7,32.7,33.8,35.0,36.4,37.4,38.4,39.5,41.2
22:36:41.000,99.9,65.0,90.5,94.0,89.0,90.4,88.6,91.5,89.6,85.8,84.1,83.5,80.0,78.7,76.7,73.7,72.8,69.1,64.1,62.5,58.2,55.2,54.4,51.2,46.1,35.6,29.1,28.8,29.7,30.6,31.8,32.7,33.8,35.0,36.2,37.4,38.5,39.4,41.1
22:36:42.000,101.5,65.2,90.3,92.5,88.8,92.6,87.1,88.0,87.7,87.2,83.0,82.7,82.4,78.1,76.8,73.7,74.1,70.4,65.6,64.8,60.3,58.2,56.9,50.8,43.8,33.1,28.1,28.4,29.6,31.0,31.6,32.7,33.8,35.1,36.1,37.5,38.6,39.5,41.3
22:36:43.000,98.3,64.0,88.5,90.5,92.0,94.9,87.9,89.0,83.5,83.6,82.3,84.3,81.3,76.3,75.5,74.0,71.3,66.2,64.7,63.7,60.8,59.6,56.3,50.7,45.4,35.6,28.8,28.7,29.6,30.8,31.8,32.8,33.9,35.0,36.2,37.3,38.3,39.5,41.1
22:36:44.000,98.0,62.3,87.9,88.8,92.3,94.8,89.7,89.8,87.7,85.5,82.9,81.5,78.9,75.1,73.8,70.4,69.0,64.6,61.9,61.3,60.6,59.2,54.7,49.1,43.5,35.0,29.0,28.6,29.3,30.9,31.6,32.6,33.9,34.8,36.2,37.6,38.6,39.4,41.1
22:36:45.000,97.6,60.9,87.3,92.2,90.5,92.8,89.9,89.5,83.6,85.4,81.3,80.0,78.3,76.6,74.1,69.2,68.6,63.4,63.7,60.4,57.0,55.5,51.2,45.8,41.1,34.0,28.8,28.4,29.7,30.6,31.9,32.6,33.7,35.2,36.3,37.4,38.4,39.3,41.1
22:36:46.000,99.4,59.1,87.8,89.3,92.0,89.1,88.9,87.0,86.9,81.2,81.0,78.9,75.9,73.9,73.2,67.9,66.7,60.4,58.1,56.9,54.6,52.5,47.9,43.3,39.0,30.7,28.3,28.6,29.5,30.7,31.8,32.8,34.1,35.0,36.0,37.4,38.3,39.5,41.2
22:36:47.000,100.5,59.2,86.7,88.0,94.8,88.8,85.9,86.5,86.0,82.3,82.7,80.0,76.2,73.3,71.9,68.6,66.4,61.4,60.0,59.9,56.2,50.4,47.5,41.0,37.1,28.6,28.3,28.8,29.3,30.9,31.6,32.6,33.9,35.0,36.0,37.4,38.5,39.6,41.2
22:36:48.000,99.1,60.6,87.1,87.1,85.9,89.7,85.7,87.6,85.6,83.9,79.8,76.4,72.6,70.6,70.2,68.7,66.1,62.4,61.8,61.2,57.9,54.3,53.2,46.5,40.0,30.5,28.2,28.8,29.3,31.0,31.8,32.8,33.8,35.2,36.2,37.7,38.4,39.4,41.1
22:36:49.000,98.3,60.3,87.0,87.5,90.9,84.6,88.9,88.6,86.0,82.3,80.8,81.0,75.8,71.5,71.6,69.9,67.5,62.0,62.2,60.1,57.3,54.8,52.1,46.4,41.4,32.0,28.5,29.0,29.9,30.6,31.7,32.8,33.8,35.1,36.1,37.5,38.5,39.5,41.2
22:36:50.000,97.0,61.1,86.4,87.8,92.3,87.3,88.1,86.7,84.2,81.2,80.4,80.4,76.4,74.1,72.9,70.5,69.1,65.2,62.7,60.5,57.5,53.8,49.2,45.1,37.0,30.1,28.9,28.8,30.1,30.8,31.5,32.9,33.6,35.0,36.3,37.4,38.5,39.5,41.1
22:36:51.000,96.3,58.0,85.2,94.8,89.5,87.8,81.3,88.5,84.4,78.3,80.2,78.9,75.3,72.5,71.0,66.9,66.6,61.9,59.2,56.7,54.2,50.8,44.7,37.0,29.6,26.8,27.7,28.7,29.5,30.9,31.9,32.9,33.6,34.8,36.2,37.3,38.6,39.4,41.1
22:36:52.000,92.3,57.7,82.5,96.1,91.8,91.6,86.5,83.5,83.4,80.2,80.0,77.8,73.9,71.4,70.3,67.9,64.4,62.1,59.6,57.9,53.6,49.6,42.8,38.0,29.6,27.0,27.9,28.5,29.7,31.3,31.5,32.5,33.9,34.9,36.2,37.4,38.4,39.4,41.3
22:36:53.000,96.0,57.7,84.1,92.7,90.4,90.1,87.7,86.0,82.7,77.4,76.1,76.1,74.0,72.0,71.1,69.6,65.7,62.5,59.3,56.9,54.1,47.7,41.8,38.5,30.6,28.6,27.8,29.0,30.2,30.6,31.7,32.8,33.8,34.8,36.1,37.5,38.5,39.5,41.1
22:36:54.000,93.1,56.3,82.0,92.7,92.3,81.0,85.4,84.5,77.6,81.8,78.8,74.2,69.3,70.1,70.3,65.6,63.1,62.1,57.4,56.6,49.0,44.4,38.7,34.4,28.8,27.4,27.6,28.6,29.7,30.7,31.8,33.0,33.6,35.0,36.3,37.3,38.4,39.4,41.1
22:36:55.000,93.9,55.5,82.5,91.9,89.8,84.4,83.6,81.0,79.9,76.7,76.0,76.1,72.4,70.7,67.7,67.2,63.1,61.2,57.0,53.9,46.3,44.8,41.3,34.7,27.9,27.2,27.7,28.9,29.8,30.3,31.6,32.6,33.8,35.1,36.1,37.4,38.4,39.3,41.1
22:36:56.000,93.7,55.9,81.8,88.8,81.6,81.7,79.8,83.2,80.0,78.9,71.4,75.3,73.2,71.4,69.3,69.1,63.8,61.2,56.0,54.3,47.2,44.1,38.4,31.9,28.0,27.4,27.7,28.9,29.9,30.9,31.9,32.5,33.6,35.1,36.3,37.4,38.4,39.5,41.2
22:36:57.000,94.2,54.8,81.8,90.7,83.4,80.6,81.0,82.7,79.1,76.3,77.0,75.4,72.4,68.8,69.1,67.3,63.6,60.9,56.3,52.9,47.8,42.0,34.6,29.8,27.7,27.1,28.2,29.0,29.9,30.9,31.7,32.7,33.7,34.9,36.1,37.3,38.3,39.4,41.2
22:36:58.000,92.9,54.1,81.3,90.0,85.9,87.1,84.2,77.1,80.9,77.7,73.9,73.7,70.8,68.4,66.8,67.1,61.0,59.5,55.8,51.9,47.6,40.5,35.1,29.8,27.6,27.1,27.8,28.4,29.4,30.5,31.8,32.5,33.7,35.2,36.2,37.5,38.4,39.5,41.2
22:36:59.000,94.2,55.2,82.2,90.8,84.4,82.3,81.6,81.8,75.4,76.4,77.6,72.8,71.9,67.4,65.8,66.1,63.1,59.6,56.5,52.9,47.4,41.9,36.9,33.3,29.8,27.3,27.9,28.9,29.5,30.8,31.6,33.1,33.7,35.1,36.3,37.3,38.4,39.5,41.1
22:37:00.000,91.8,52.2,80.0,84.3,85.6,82.0,83.7,77.8,76.3,78.9,75.1,74.7,69.1,69.9,66.5,65.0,63.0,57.8,53.4,49.7,45.8,41.4,35.1,32.5,29.6,28.0,27.5,29.1,29.5,31.0,31.7,32.7,33.7,35.2,36.2,37.4,38.3,39.5,41.0
22:37:01.000,93.8,52.9,81.3,82.5,86.7,83.5,84.3,78.1,77.7,76.6,73.1,72.6,69.7,65.8,63.6,65.6,62.9,58.4,51.0,49.7,47.3,43.4,35.3,32.2,29.8,27.5,28.0,28.2,29.7,30.8,31.7,32.5,33.8,35.0,36.2,37.4,38.4,39.5,41.2
22:37:02.000,92.6,51.8,80.0,87.0,85.3,84.7,83.8,79.7,79.2,75.7,74.3,71.9,69.3,67.0,62.9,63.9,58.8,57.2,52.5,50.7,46.0,43.0,32.6,30.7,28.2,27.2,28.2,28.8,29.6,30.7,31.9,32.7,33.8,35.0,36.3,37.3,38.5,39.5,41.2
22:37:03.000,92.5,50.3,78.9,86.9,84.8,79.6,82.8,83.3,76.5,76.8,72.9,72.4,68.3,63.1,60.9,59.3,59.3,56.6,50.2,48.3,44.5,39.4,32.9,30.3,27.0,27.7,27.7,29.4,29.9,30.4,31.7,32.8,34.1,35.0,36.4,37.3,38.4,39.3,41.2
22:37:04.000,91.9,50.6,79.0,86.3,84.2,83.4,83.6,79.5,76.1,76.3,73.0,69.7,65.9,65.3,62.6,63.3,59.2,54.9,50.9,49.2,43.9,35.8,34.2,31.0,27.4,27.4,27.3,29.0,30.1,31.1,31.6,32.6,33.9,35.0,36.2,37.4,38.5,39.3,41.0
22:37:05.000,91.5,49.7,80.5,83.6,85.1,80.7,78.3,79.1,75.3,73.3,74.0,70.5,66.4,62.9,62.9,60.5,58.3,53.7,50.2,46.3,43.5,36.7,34.3,31.0,27.8,27.0,27.5,28.5,29.7,31.1,31.7,32.8,33.8,35.1,36.3,37.4,38.5,39.4,41.2
22:37:06.000,90.0,48.0,78.6,78.1,88.4,82.6,79.1,79.8,79.6,76.5,73.7,69.2,68.2,64.7,61.5,59.1,55.5,52.7,49.9,45.3,43.3,38.4,32.3,29.0,27.8,27.4,27.6,28.6,29.7,30.8,31.8,32.7,33.8,35.0,36.3,37.5,38.5,39.6,41.2
22:37:07.000,88.2,48.2,77.1,83.0,75.6,79.1,79.3,80.6,80.1,76.9,73.6,70.8,66.3,64.2,59.5,58.0,55.4,51.3,49.5,45.1,45.2,39.5,32.4,28.1,27.2,26.8,27.5,28.8,29.4,30.8,31.9,32.8,33.9,34.9,36.0,37.4,38.3,39.5,41.2
22:37:08.000,91.4,49.2,77.2,88.3,81.2,83.6,80.3,79.1,72.9,74.8,71.1,67.5,67.3,63.6,60.2,56.9,55.9,51.4,50.2,45.1,45.9,41.0,33.2,28.5,27.2,27.3,27.5,29.1,29.7,30.9,31.8,32.8,34.1,34.9,36.0,37.2,38.4,39.5,41.2
22:37:09.000,90.9,49.3,78.4,84.6,81.9,78.2,81.2,72.8,72.5,74.8,72.4,70.8,66.5,63.6,61.8,58.9,54.3,52.6,51.6,48.1,47.0,38.1,33.4,30.3,26.7,27.2,27.8,28.9,29.5,30.6,31.8,32.7,33.7,34.9,36.4,37.5,38.6,39.4,41.1
22:37:10.000,90.3,49.2,77.2,85.4,80.5,78.4,79.9,71.0,72.6,75.2,71.0,70.4,67.1,66.8,62.2,59.1,54.6,52.8,51.5,48.6,45.1,36.8,31.7,28.8,27.9,27.1,27.8,28.5,29.7,30.6,31.8,32.5,33.7,35.1,36.3,37.3,38.5,39.4,41.2
22:37:11.000,88.9,47.4,76.8,80.9,73.2,81.9,77.5,79.1,78.4,70.2,70.1,69.3,68.3,62.2,61.9,58.8,53.6,52.7,51.3,47.4,42.3,35.9,30.5,28.2,26.8,27.8,28.1,28.8,30.1,31.0,31.5,32.6,33.8,35.2,36.3,37.5,38.5,39.3,41.2
22:37:12.000,87.8,48.3,77.9,78.8,77.1,80.9,75.7,76.0,74.4,73.3,74.7,69.7,59.7,61.4,57.9,57.7,53.1,53.0,51.7,47.5,41.5,36.2,30.8,28.7,26.7,27.0,27.9,29.1,29.9,30.6,31.7,33.2,33.8,34.9,36.3,37.3,38.4,39.3,41.2
22:37:13.000,90.3,49.1,77.6,85.8,82.4,82.4,74.5,76.4,76.1,77.3,71.3,70.9,65.7,65.3,60.5,58.7,54.3,53.0,51.3,47.9,43.2,37.7,32.3,30.4,27.7,27.0,27.8,28.4,29.7,30.8,31.6,32.8,33.9,35.0,36.4,37.4,38.6,39.4,41.0
22:37:14.000,89.7,49.0,78.1,83.9,77.8,78.2,76.4,71.4,72.8,71.0,68.2,72.1,67.3,64.8,62.8,60.1,53.9,51.9,50.9,48.6,45.4,40.7,33.4,30.4,27.5,27.1,28.2,29.3,29.4,30.9,31.9,32.8,34.0,35.0,36.2,37.2,38.4,39.4,41.1
22:37:15.000,88.4,48.8,78.3,75.8,79.9,78.7,76.8,77.8,74.7,74.9,72.5,68.9,64.9,64.0,61.2,60.0,56.7,53.0,48.3,47.4,45.8,39.5,36.9,31.1,27.5,26.8,28.0,28.4,29.6,30.6,31.8,32.9,33.9,35.0,36.3,37.3,38.4,39.3,41.1
22:37:16.000,91.7,50.6,78.9,81.9,77.5,82.9,81.6,78.2,75.6,74.0,71.9,68.1,66.9,65.0,59.9,61.3,56.9,51.9,50.4,48.1,46.3,41.0,38.9,33.8,29.9,27.3,28.1,28.8,29.4,30.8,31.8,32.8,34.1,34.8,36.3,37.5,38.5,39.4,41.1
22:37:17.000,88.2,47.7,75.9,81.6,78.2,81.2,78.2,77.8,80.2,72.3,71.2,68.7,67.6,64.6,60.9,60.1,55.3,52.0,46.9,46.9,43.5,39.1,35.0,31.3,28.2,27.0,28.1,29.0,30.1,30.6,31.5,32.7,33.6,35.1,36.2,37.3,38.5,39.3,41.1
22:37:18.000,87.8,47.6,75.7,82.7,76.3,77.7,79.0,78.7,75.1,76.8,68.3,67.2,65.0,61.7,61.4,58.0,55.2,53.2,47.4,45.9,45.2,40.2,34.6,28.7,27.1,27.2,28.5,28.9,29.7,30.8,31.6,32.9,33.8,34.9,36.2,37.4,38.5,39.4,41.2
22:37:19.000,85.4,46.9,74.0,78.6,83.2,78.6,80.1,79.7,72.7,71.1,70.2,65.3,63.1,63.1,58.8,56.8,51.5,50.7,47.7,45.6,43.8,42.3,36.1,29.7,26.8,27.0,28.0,28.8,29.6,30.7,31.6,32.8,33.9,35.0,35.9,37.3,38.3,39.4,41.1
22:37:20.000,87.2,46.1,73.1,78.5,80.0,76.3,77.6,78.9,73.6,69.4,68.3,67.4,62.0,60.5,59.3,54.5,53.6,48.7,47.4,45.3,42.8,36.7,36.3,31.7,27.2,27.0,28.1,29.2,29.6,30.9,31.6,32.8,33.9,35.0,36.3,37.4,38.3,39.4,41.1
22:37:21.000,86.0,45.3,73.4,79.0,76.8,77.0,75.0,71.3,69.3,68.7,64.4,66.5,64.9,61.4,58.2,55.2,53.0,50.4,47.1,43.5,41.4,35.5,33.7,30.6,26.7,27.4,28.2,29.4,29.7,30.7,31.8,32.6,33.8,34.9,36.4,37.5,38.5,39.5,41.2
22:37:22.000,85.9,45.9,72.8,82.4,70.0,76.8,74.3,73.1,66.7,72.3,63.0,62.7,63.2,62.3,58.0,56.9,49.6,49.8,48.2,44.1,40.1,39.9,32.4,27.6,26.5,27.1,27.4,28.4,29.7,30.6,31.8,32.7,33.8,35.1,36.0,37.4,38.4,39.5,41.1
22:37:23.000,83.9,45.6,72.6,78.0,71.4,76.9,74.2,74.3,69.7,67.7,66.0,63.5,65.2,59.2,57.3,56.6,50.8,51.8,47.8,45.1,42.1,40.8,35.2,27.8,27.3,27.1,27.8,28.8,29.6,30.6,31.7,32.8,33.8,35.2,36.2,37.5,38.3,39.4,41.1
22:37:24.000,85.9,43.3,71.5,69.1,76.5,75.9,75.6,74.8,65.3,67.5,68.2,66.0,61.8,58.9,54.8,51.2,49.6,45.0,43.9,41.7,37.4,35.0,31.5,28.2,27.2,26.9,27.8,28.8,30.0,31.0,31.8,32.4,33.8,35.1,36.3,37.4,38.3,39.5,41.1
22:37:25.000,84.0,45.0,71.5,73.0,79.2,75.9,75.0,71.6,67.5,69.2,67.3,64.6,63.5,60.4,58.4,53.8,52.9,48.5,44.8,45.5,40.7,34.3,30.5,28.3,26.9,27.3,28.4,28.6,29.6,30.7,31.7,32.7,33.8,35.0,36.3,37.4,38.5,39.4,41.1
22:37:26.000,84.0,45.3,71.5,71.1,72.9,74.0,68.9,69.4,64.1,66.0,67.2,65.8,61.8,58.5,59.9,55.6,51.8,48.7,45.2,44.9,41.3,35.3,29.1,26.5,27.4,27.3,28.2,28.7,29.4,30.9,31.5,32.7,33.7,34.9,36.3,37.4,38.5,39.4,41.1
22:37:27.000,84.3,44.9,71.0,74.6,76.3,71.4,72.0,68.7,68.5,65.2,64.9,63.9,60.1,59.6,56.7,56.8,52.0,49.0,46.5,42.6,38.0,35.7,29.8,26.8,26.4,26.7,27.8,28.2,29.4,30.3,31.9,32.8,34.0,34.9,36.1,37.4,38.5,39.4,41.1
22:37:28.000,83.7,44.9,71.4,74.5,72.8,72.0,73.3,69.2,69.3,66.8,63.3,62.7,61.5,58.4,57.4,55.1,54.9,51.6,45.7,40.3,37.9,36.1,31.6,27.3,26.3,27.1,27.9,28.7,30.1,31.0,31.5,32.8,33.9,35.0,36.1,37.3,38.4,39.4,41.0
22:37:29.000,86.3,44.8,72.4,78.5,76.6,71.6,70.9,67.6,70.7,65.4,65.1,64.4,60.1,61.5,57.0,55.9,50.4,49.8,46.3,39.3,39.2,36.8,32.5,27.3,27.0,26.7,28.1,29.0,29.4,30.5,31.8,33.0,33.7,35.2,36.2,37.4,38.5,39.5,41.1
22:37:30.000,85.8,44.0,71.8,72.4,75.3,71.7,71.2,71.2,66.5,68.7,65.9,62.7,60.2,60.4,59.6,57.1,51.5,49.4,43.8,40.2,37.3,33.5,28.5,26.7,26.9,27.2,27.9,28.6,29.9,31.1,31.6,32.5,34.0,35.1,36.4,37.4,38.5,39.5,41.1
22:37:31.000,81.6,40.9,69.5,78.9,73.9,68.7,75.6,71.7,71.6,68.2,69.3,61.7,58.7,58.6,55.9,52.1,50.3,46.9,43.3,38.4,33.2,29.6,27.9,25.8,26.6,27.0,27.8,28.8,29.7,30.7,31.5,32.7,33.7,34.8,36.4,37.1,38.3,39.3,41.1
22:37:32.000,84.6,42.3,70.3,75.6,71.0,67.2,72.4,69.8,63.6,66.6,63.9,61.1,56.0,57.9,56.3,54.5,50.7,47.5,43.1,37.9,33.5,29.5,28.0,26.7,26.3,27.1,27.2,29.0,29.6,30.8,31.9,32.9,33.8,35.1,36.2,37.5,38.4,39.5,41.2
22:37:33.000,82.9,39.6,68.2,76.7,73.7,72.2,70.8,68.8,70.4,63.6,65.5,61.0,57.0,54.7,51.9,52.8,48.3,46.3,41.4,35.6,31.6,27.7,26.0,27.0,26.9,27.7,28.1,28.6,29.8,30.5,31.7,32.8,33.9,35.0,36.0,37.5,38.4,39.5,41.1
22:37:34.000,82.6,39.4,68.1,78.6,73.9,71.5,67.1,70.3,63.5,63.6,62.1,59.0,57.4,49.3,52.2,49.6,45.8,44.7,41.6,34.5,30.1,27.2,26.9,25.8,26.1,27.6,27.9,28.6,29.6,30.7,31.6,32.7,33.9,34.8,36.3,37.2,38.4,39.5,41.2
22:37:35.000,82.4,38.0,66.0,75.8,72.2,73.7,66.9,72.1,64.5,63.4,58.8,58.3,56.5,55.3,52.1,48.7,49.1,45.4,39.9,33.9,32.3,28.3,27.2,26.0,26.5,27.2,27.9,28.8,29.8,31.0,31.4,32.5,33.8,35.0,36.2,37.4,38.5,39.5,41.1
22:37:36.000,79.8,37.8,65.6,77.9,73.3,70.6,64.6,67.4,67.1,61.9,58.0,56.5,51.4,48.8,49.4,47.9,44.4,42.0,40.5,34.5,31.9,27.7,27.9,25.7,26.9,27.5,27.8,28.6,29.7,30.8,31.7,32.8,33.7,35.1,36.2,37.5,38.4,39.4,41.1
22:37:37.000,80.5,37.8,65.7,78.5,65.2,74.1,68.5,65.4,62.9,60.5,58.6,52.1,53.4,54.1,48.0,49.3,47.6,43.2,39.4,34.9,31.5,27.9,26.9,26.7,26.4,27.4,27.7,28.6,29.5,30.8,31.5,32.6,33.8,35.1,36.2,37.3,38.4,39.5,41.1
22:37:38.000,80.9,37.9,65.5,73.7,74.2,73.2,63.0,67.8,61.6,62.4,56.8,54.5,52.5,49.5,46.7,48.8,46.1,45.0,39.4,34.4,31.5,29.8,27.3,27.3,26.3,27.4,27.4,28.5,29.6,31.0,31.8,32.8,33.8,35.0,36.3,37.4,38.4,39.4,41.1
22:37:39.000,81.4,36.8,63.8,73.3,73.9,71.6,69.4,65.9,60.7,59.9,57.8,56.0,50.6,49.1,48.5,48.5,46.7,41.7,39.3,33.8,30.3,28.4,28.9,27.2,26.3,27.5,27.9,28.8,29.7,30.5,31.5,32.8,34.0,35.1,36.2,37.3,38.5,39.5,41.1
22:37:40.000,81.0,36.6,63.5,68.7,71.8,70.6,69.2,65.3,61.7,58.2,54.2,51.4,50.0,46.8,46.0,47.7,45.2,42.6,39.5,31.6,29.9,26.7,27.5,26.6,26.8,27.5,28.1,28.4,29.6,30.7,31.6,32.8,33.9,35.0,36.4,37.4,38.4,39.3,41.1
22:37:41.000,79.7,36.6,63.8,68.5,63.7,68.6,62.6,65.1,62.5,57.4,53.6,50.3,51.3,48.1,46.0,47.8,45.0,42.7,39.6,32.5,29.6,26.8,29.1,27.5,26.4,27.4,27.8,29.1,29.4,30.9,31.5,32.7,33.8,34.8,36.4,37.3,38.2,39.6,41.1
22:37:42.000,80.7,36.8,64.7,72.5,73.8,68.4,63.7,64.8,61.4,59.3,57.1,53.3,54.4,48.3,47.1,48.0,44.1,43.2,39.2,32.7,28.7,27.4,26.0,25.8,26.5,28.0,28.4,28.7,29.7,30.8,31.5,32.6,33.8,35.0,36.2,37.3,38.5,39.6,41.2
22:37:43.000,79.0,36.4,62.8,73.0,73.2,71.2,68.6,64.0,62.9,58.8,59.5,56.7,50.4,46.6,45.1,47.6,44.6,43.4,39.4,32.8,29.3,27.6,26.8,26.5,26.4,27.0,27.9,29.1,29.5,30.7,31.5,32.8,33.9,35.1,36.2,37.3,38.4,39.5,41.1
22:37:44.000,81.2,36.5,62.9,72.9,67.0,66.4,62.0,64.8,59.8,58.7,54.4,51.8,49.2,47.0,46.6,48.5,43.3,42.9,38.9,32.8,29.5,27.3,26.3,26.5,26.4,26.6,28.1,28.9,29.5,30.8,31.6,33.0,33.8,35.0,36.2,37.4,38.4,39.4,41.1
22:37:45.000,78.6,36.8,61.7,63.2,69.2,62.3,63.7,63.2,58.7,60.1,55.0,52.3,51.9,48.5,45.8,47.9,43.4,43.9,39.6,33.1,28.6,26.5,27.0,27.8,26.9,27.1,28.1,28.9,30.2,30.8,32.0,32.9,33.8,35.0,36.3,37.3,38.2,39.4,41.1
22:37:46.000,79.0,36.8,61.7,66.8,65.5,63.4,65.5,64.4,60.5,57.8,54.2,50.7,50.9,48.2,45.9,47.8,45.9,42.9,39.5,34.2,29.0,27.7,27.6,26.1,26.4,27.8,27.4,28.5,29.8,31.1,31.8,32.6,33.7,35.0,36.2,37.4,38.4,39.5,41.1
22:37:47.000,78.8,36.7,61.4,71.1,68.9,63.3,62.5,63.1,55.2,54.7,54.8,54.3,51.8,47.7,47.9,47.8,44.5,43.3,39.2,33.9,29.3,26.4,26.1,26.9,26.7,26.9,28.1,28.7,29.7,31.1,31.9,32.8,33.7,35.0,36.4,37.4,38.4,39.4,41.1
22:37:48.000,78.7,37.1,62.6,74.9,67.9,64.3,64.4,61.9,59.2,56.6,53.0,52.7,48.1,47.5,46.6,48.6,44.9,42.3,39.1,32.6,30.6,26.8,25.9,27.8,27.0,26.9,27.5,28.7,29.5,30.8,31.8,32.6,33.8,35.0,36.3,37.4,38.4,39.3,41.1
22:37:49.000,76.9,36.6,62.1,73.3,67.1,64.7,61.7,61.8,56.6,55.9,51.5,51.4,48.4,50.5,50.1,48.9,44.9,43.4,38.5,33.8,29.7,27.8,26.5,25.4,26.6,27.5,27.8,28.8,29.5,30.8,31.7,32.7,33.7,34.9,36.1,37.4,38.5,39.3,41.1
22:37:50.000,78.6,37.1,61.8,67.0,61.0,63.4,63.0,53.9,59.8,58.0,54.8,51.5,52.0,49.7,48.8,47.7,42.3,43.7,40.0,35.2,31.6,28.7,26.6,28.1,27.1,27.5,27.7,28.4,29.6,30.6,31.5,32.8,33.8,35.0,36.1,37.3,38.4,39.4,41.1
22:37:51.000,78.2,37.5,63.2,61.5,64.5,69.6,64.6,61.8,59.6,56.5,53.4,49.9,51.1,48.5,46.8,47.5,44.1,44.1,40.6,35.1,33.6,29.3,27.3,28.5,26.8,27.3,28.2,29.0,29.7,30.8,31.7,32.9,34.0,35.1,36.2,37.3,38.3,39.5,41.1
22:37:52.000,79.8,36.6,63.3,65.0,69.5,62.1,59.2,63.3,59.7,52.5,54.7,53.2,53.2,49.3,46.7,48.0,43.3,43.0,39.1,34.2,32.1,28.6,27.1,26.4,26.1,27.1,28.4,28.8,29.6,30.8,32.1,32.8,33.8,35.0,36.2,37.2,38.5,39.2,41.1
22:37:53.000,76.7,38.4,63.7,71.2,70.3,58.8,62.4,63.7,61.6,56.8,56.6,53.9,52.9,50.9,47.4,48.5,44.3,45.2,41.7,34.9,31.7,27.2,26.8,25.9,27.0,27.1,28.2,29.0,29.4,30.7,31.7,32.7,33.8,35.0,36.1,37.5,38.4,39.5,41.1
22:37:54.000,76.0,36.4,62.6,71.9,69.8,63.5,65.7,65.1,59.8,58.2,56.7,52.4,51.3,49.2,48.6,47.4,44.6,44.4,40.0,35.1,30.3,27.0,25.7,25.9,26.5,27.4,27.7,28.4,29.7,30.9,31.4,32.7,34.0,34.9,36.2,37.6,38.5,39.3,41.1
22:37:55.000,81.2,37.9,63.1,66.1,69.0,64.1,65.3,62.6,61.2,55.4,57.2,54.2,50.5,47.5,49.8,48.5,44.3,44.3,41.4,33.4,30.0,26.9,27.1,26.2,26.2,26.8,27.7,28.8,29.6,30.8,31.6,32.9,33.8,34.9,36.3,37.3,38.5,39.3,41.1
22:37:56.000,80.2,38.6,63.8,68.1,71.7,68.6,65.7,61.7,55.7,56.2,56.8,56.3,51.5,48.1,46.4,49.4,44.7,44.2,44.8,34.6,32.4,30.0,28.4,27.8,27.0,27.2,27.9,29.1,29.8,31.1,31.6,32.6,33.9,35.1,36.1,37.6,38.3,39.5,41.0
22:37:57.000,78.8,38.2,62.7,69.3,68.9,70.3,62.2,60.8,61.8,55.4,55.2,52.8,52.7,49.0,46.2,48.2,46.2,45.4,43.4,34.8,31.4,28.6,27.3,26.1,27.0,27.5,28.2,29.1,29.6,30.6,32.2,32.8,33.8,35.1,36.2,37.7,38.5,39.5,41.1
22:37:58.000,78.9,37.5,61.2,61.1,69.1,66.5,65.3,59.4,60.5,57.3,58.5,51.0,51.2,47.2,47.5,48.2,44.8,41.9,42.9,33.9,30.8,27.3,28.1,27.1,26.5,27.4,27.9,28.8,29.4,30.5,31.6,32.8,33.8,35.0,36.1,37.4,38.5,39.4,41.1
22:37:59.000,78.1,37.4,62.2,61.9,67.9,69.1,67.3,58.1,60.2,56.3,55.6,52.7,50.7,48.4,46.8,49.2,45.4,42.5,41.9,33.2,30.2,27.2,27.3,26.3,26.5,26.9,27.6,28.3,29.5,30.8,31.7,32.6,34.0,34.9,36.3,37.4,38.5,39.4,41.2
22:38:00.000,77.8,37.6,63.4,67.1,68.0,65.7,63.8,61.9,58.7,55.8,52.0,51.7,52.8,48.5,49.1,48.2,45.0,44.9,40.3,33.8,29.1,27.0,28.2,26.6,26.3,27.0,28.2,28.8,29.5,30.5,32.0,32.8,33.8,35.2,36.2,37.2,38.5,39.5,41.1
22:38:01.000,75.6,37.1,61.1,68.7,71.2,64.9,62.3,59.9,61.1,59.1,56.3,54.1,47.9,49.2,48.6,48.7,45.3,42.6,40.0,32.2,29.1,26.3,25.6,26.2,26.8,26.9,27.7,28.5,29.6,30.9,31.7,32.7,33.5,34.8,36.3,37.4,38.3,39.3,41.2
22:38:02.000,77.8,36.4,60.4,67.1,66.3,66.3,60.0,61.9,60.1,55.5,52.9,51.0,48.5,47.5,46.0,48.2,44.5,44.2,37.7,32.2,29.0,28.2,26.1,26.7,26.7,27.2,27.6,28.4,29.8,30.9,32.0,32.6,33.7,34.9,36.3,37.5,38.5,39.5,41.1
22:38:03.000,75.5,36.1,62.7,64.7,65.8,64.9,66.3,64.7,54.0,55.2,52.1,52.8,49.8,48.1,47.4,49.0,44.6,42.5,38.2,33.8,30.0,26.4,26.4,26.1,26.7,27.5,28.0,28.4,29.8,30.7,31.9,32.9,33.9,35.0,36.0,37.5,38.4,39.4,41.1
22:38:04.000,75.9,36.4,62.7,69.0,68.9,64.9,59.3,57.2,56.3,54.8,53.3,52.3,51.8,45.2,47.5,47.9,42.0,43.4,39.2,33.9,29.9,27.7,26.4,25.5,25.6,27.1,27.9,28.6,29.9,30.8,31.8,32.7,33.6,35.1,36.1,37.4,38.4,39.4,41.1
22:38:05.000,77.0,36.8,61.3,70.9,67.1,62.9,59.3,65.6,58.7,60.0,56.2,53.0,48.4,49.5,45.5,48.5,44.6,43.6,39.9,33.0,29.6,27.3,26.1,26.1,26.4,27.1,27.4,29.0,29.7,30.6,31.7,32.8,33.9,35.1,36.2,37.4,38.5,39.5,41.2
22:38:06.000,77.1,37.5,61.4,62.4,63.3,66.3,64.9,62.8,57.6,59.3,53.2,52.9,50.7,47.9,47.0,49.0,45.9,43.9,39.9,34.5,30.3,27.7,26.1,26.4,25.9,26.9,27.7,28.6,29.5,30.5,31.6,32.5,33.8,34.7,36.1,37.4,38.3,39.3,41.1
22:38:07.000,78.5,37.1,61.9,65.5,64.0,65.2,63.3,62.6,59.1,55.2,54.6,50.9,51.2,47.6,47.3,49.1,46.1,44.8,39.8,34.6,31.0,27.0,27.5,26.3,25.7,26.8,27.5,28.7,29.7,30.8,31.7,32.8,33.9,35.1,36.3,37.3,38.4,39.5,41.1
22:38:08.000,76.7,37.4,61.7,70.5,63.5,61.9,61.9,64.0,55.1,56.7,50.6,54.3,51.1,48.3,47.2,47.9,44.3,43.6,40.3,33.5,30.1,27.3,27.3,26.9,26.1,27.1,27.7,28.3,29.6,31.0,31.8,32.8,33.8,35.0,36.2,37.3,38.3,39.4,41.2
22:38:09.000,73.8,37.5,60.7,69.6,71.1,61.4,65.8,60.3,56.8,56.4,52.6,52.4,52.6,48.4,48.9,49.6,46.1,44.4,40.4,33.8,30.0,27.6,26.6,27.2,26.4,27.3,28.0,28.6,29.2,30.4,31.6,32.7,33.9,35.0,36.2,37.4,38.4,39.4,41.1
22:38:10.000,80.0,37.0,62.0,66.2,57.3,62.6,64.5,58.3,55.1,56.9,54.8,51.5,48.1,47.2,44.4,47.9,43.6,44.4,41.7,32.9,28.1,25.6,25.1,25.7,26.3,27.4,28.2,28.8,29.8,30.6,31.7,32.9,33.9,35.2,36.2,37.4,38.4,39.5,41.2
22:38:11.000,77.7,37.4,63.1,69.9,60.1,67.9,65.9,58.6,59.3,53.5,47.7,51.2,51.4,47.3,48.2,49.1,45.1,44.1,41.9,33.2,29.5,25.9,26.1,27.0,25.9,26.7,27.9,28.8,29.5,30.5,31.5,32.6,33.6,34.9,36.3,37.4,38.4,39.4,41.2
22:38:12.000,71.1,37.7,60.2,68.9,69.0,64.5,64.1,57.0,65.5,55.1,53.4,53.3,50.3,49.0,45.8,48.4,46.4,44.7,41.5,34.3,29.0,27.2,25.6,26.4,26.8,27.3,27.5,29.0,29.8,30.8,31.6,32.8,33.7,35.0,36.1,37.4,38.6,39.4,41.0
22:38:13.000,78.1,38.0,62.4,68.1,66.7,65.7,62.4,59.1,62.6,57.4,53.5,51.4,48.1,46.8,47.0,48.8,45.8,46.1,40.7,33.8,29.5,28.6,27.6,26.7,26.6,27.1,28.2,28.8,30.0,30.6,31.8,32.6,34.1,35.0,36.3,37.2,38.4,39.5,41.1
22:38:14.000,73.5,37.6,61.7,61.6,63.8,63.1,64.3,59.7,60.1,56.0,53.7,57.7,50.3,47.6,47.2,48.0,45.0,45.5,41.5,34.8,29.5,27.2,27.4,26.8,26.2,27.2,28.2,29.0,29.2,30.6,31.6,32.5,33.8,34.9,36.1,37.5,38.4,39.5,41.2
22:38:15.000,79.6,37.3,61.9,65.6,65.1,61.1,60.2,59.4,60.2,55.7,55.3,54.4,51.7,46.2,49.1,47.9,45.4,43.5,38.9,34.4,30.0,28.7,28.2,26.5,26.7,27.3,28.1,28.7,29.8,30.9,31.6,32.7,33.6,34.9,36.2,37.5,38.4,39.4,41.1
22:38:16.000,74.6,37.2,63.1,63.2,68.3,64.8,61.4,61.7,62.9,57.4,53.7,55.5,51.8,47.0,47.1,50.3,44.8,44.3,38.2,32.9,28.9,27.6,26.9,25.8,26.8,27.4,28.1,29.0,29.7,30.9,31.6,32.9,34.0,35.1,36.2,37.3,38.4,39.4,41.1
22:38:17.000,75.8,37.6,63.6,64.6,64.8,58.2,59.5,60.3,61.8,60.0,55.8,55.2,53.5,44.5,47.5,48.9,46.3,43.8,39.0,32.4,28.8,27.2,26.9,26.7,26.6,27.3,28.3,28.7,29.6,31.0,31.7,32.8,34.2,35.0,36.2,37.3,38.5,39.5,41.2
22:38:18.000,79.4,37.6,64.8,67.1,62.9,65.0,61.6,60.5,61.9,60.0,57.0,55.2,53.7,47.4,46.9,49.6,46.2,45.1,40.4,33.5,29.6,27.9,27.9,27.0,27.6,27.3,27.6,28.5,29.4,30.7,31.8,32.7,33.7,35.2,36.3,37.4,38.4,39.5,41.1
22:38:19.000,75.7,37.4,63.5,60.9,64.7,61.3,62.8,61.8,65.3,62.4,59.2,55.2,50.5,49.4,46.6,46.4,44.8,44.3,40.1,35.8,31.3,28.0,26.5,26.8,26.6,27.4,27.8,28.5,29.6,30.9,31.7,32.8,34.1,35.0,36.0,37.4,38.5,39.5,41.1
22:38:20.000,77.4,38.2,64.6,66.0,66.5,62.2,66.4,62.6,58.1,57.8,60.7,52.7,51.0,48.7,49.0,49.5,46.3,44.8,41.4,34.5,31.2,28.3,26.4,26.5,27.0,27.6,27.4,28.7,29.6,31.0,31.9,32.8,33.8,35.0,36.2,37.4,38.5,39.5,41.1
22:38:21.000,76.9,38.6,64.2,68.8,67.3,67.5,64.1,62.6,61.4,61.1,60.3,54.8,52.7,48.8,50.4,49.9,45.6,45.5,41.8,33.4,30.4,27.4,26.5,26.0,26.6,26.9,27.8,29.0,30.0,30.7,31.6,32.6,33.7,35.1,36.1,37.4,38.4,39.4,41.0
22:38:22.000,76.4,37.6,64.5,64.1,65.5,67.9,64.6,63.0,62.7,58.3,60.3,54.8,51.2,51.1,49.5,49.2,45.9,43.2,40.7,33.7,28.6,27.3,25.5,26.3,26.6,27.4,27.5,28.7,29.8,30.9,31.6,32.6,33.7,34.8,36.2,37.3,38.3,39.4,41.0
22:38:23.000,78.8,38.1,64.5,66.1,60.3,67.1,62.2,64.3,64.1,58.6,59.2,52.0,51.3,50.1,48.6,47.3,47.0,44.4,40.9,33.9,29.7,26.8,25.9,25.2,26.2,27.1,28.0,28.5,29.4,31.2,32.2,32.7,33.6,35.1,36.2,37.4,38.4,39.3,41.1
22:38:24.000,77.6,38.1,63.3,61.0,57.7,65.3,65.3,65.1,66.0,60.6,59.8,52.1,53.6,51.6,51.9,48.7,46.2,45.0,40.9,32.8,29.7,26.9,26.5,25.6,26.4,27.1,27.8,28.8,29.8,30.8,31.6,32.7,33.8,34.9,36.2,37.3,38.4,39.4,41.1
22:38:25.000,74.5,38.6,63.4,64.6,64.1,67.9,58.9,63.2,61.6,59.7,55.6,50.3,53.1,52.4,51.3,50.4,45.7,45.0,40.6,35.7,30.1,27.1,26.3,26.4,26.1,26.5,28.0,28.6,29.6,30.5,31.3,32.8,33.6,35.2,36.2,37.4,38.4,39.4,41.1
22:38:26.000,78.1,38.3,64.0,71.7,66.4,65.2,60.3,62.1,61.7,58.1,56.7,56.5,51.0,49.8,51.3,49.5,46.4,44.6,40.4,34.3,29.4,27.4,26.3,25.5,25.9,27.1,27.6,28.6,29.2,30.8,32.0,32.7,33.6,34.9,36.3,37.3,38.5,39.5,41.1
22:38:27.000,75.4,37.7,62.4,68.1,63.0,67.6,66.1,61.3,64.2,59.8,54.6,54.5,51.4,50.7,50.0,50.1,47.1,45.8,39.8,33.5,29.3,26.5,25.9,26.4,26.1,27.3,27.2,28.4,29.5,30.7,31.9,32.8,33.5,35.0,36.1,37.3,38.5,39.3,41.1
22:38:28.000,78.0,37.3,64.3,71.1,65.3,63.1,63.5,60.8,62.1,57.9,53.7,55.9,49.9,50.5,49.0,48.3,45.5,43.4,40.7,33.9,29.4,26.6,25.5,26.0,26.3,27.0,28.2,28.6,29.5,30.4,32.1,32.9,33.6,35.1,36.3,37.5,38.5,39.4,41.1
22:38:29.000,78.4,37.6,64.9,65.3,64.8,63.0,65.5,63.1,62.5,57.8,56.6,53.8,52.0,48.2,45.7,49.1,45.3,43.2,40.9,33.3,29.6,27.7,26.0,25.8,26.4,27.2,27.7,29.1,29.6,31.0,31.6,32.5,33.9,35.0,36.2,37.4,38.4,39.6,41.1
22:38:30.000,74.6,37.2,64.3,65.3,65.9,65.1,61.6,65.4,64.0,57.8,57.0,53.1,52.2,46.8,48.4,48.3,45.2,45.2,40.0,34.1,28.8,26.5,26.5,26.2,26.4,26.8,28.1,28.6,29.9,31.1,31.9,32.6,33.9,35.0,36.1,37.2,38.5,39.4,41.2
22:38:31.000,77.3,37.3,64.8,64.5,64.0,69.3,69.4,67.1,59.5,57.9,54.5,55.4,54.2,52.2,47.6,48.9,45.8,43.2,41.7,33.1,28.0,27.0,25.9,25.7,26.2,27.0,27.3,28.4,30.3,30.9,31.5,33.1,33.8,35.1,36.3,37.5,38.5,39.3,41.1
22:38:32.000,79.5,36.9,64.2,70.9,60.0,67.5,64.6,67.5,63.4,58.9,55.9,56.1,53.0,50.1,47.0,47.9,43.1,43.6,39.8,33.2,29.4,27.0,26.4,26.0,26.4,27.0,28.0,28.7,29.7,30.7,31.7,32.9,33.8,35.0,36.0,37.4,38.5,39.5,41.1
22:38:33.000,76.0,37.3,64.5,69.2,66.5,64.8,61.8,68.4,60.8,60.5,57.1,55.5,53.9,50.2,46.6,48.9,44.7,42.8,41.3,34.7,29.5,26.9,26.3,26.8,26.3,27.3,28.0,28.8,30.2,30.7,31.4,32.9,33.8,35.1,36.2,37.5,38.5,39.5,41.2
22:38:34.000,79.7,37.3,66.0,66.7,63.6,69.7,62.0,66.8,57.1,57.8,59.7,55.4,54.1,51.3,47.0,48.2,44.0,43.7,40.0,34.1,29.4,26.8,27.2,26.1,26.9,27.0,28.0,28.1,29.8,30.6,31.6,32.7,34.0,34.9,36.2,37.3,38.4,39.6,41.1
22:38:35.000,78.2,37.7,66.1,68.6,66.0,65.7,65.7,66.6,61.1,55.9,58.8,56.0,55.5,52.5,46.3,48.4,45.9,43.0,40.5,33.7,29.5,27.3,26.5,26.5,26.2,27.4,28.0,28.5,29.4,30.7,31.6,32.6,33.9,34.9,36.1,37.5,38.3,39.5,41.1
22:38:36.000,76.1,37.5,64.6,65.9,71.2,66.0,62.5,67.7,61.4,58.2,59.8,56.3,54.0,50.7,48.9,49.4,46.3,44.3,39.4,33.5,29.4,28.6,28.4,26.8,25.6,26.7,28.1,28.8,29.2,30.9,31.8,32.9,33.8,35.0,36.2,37.2,38.5,39.6,41.2
22:38:37.000,77.2,37.5,64.7,63.6,66.2,70.3,64.3,70.2,61.5,60.7,59.0,55.8,50.6,50.1,46.7,49.8,45.4,43.3,39.4,32.8,29.1,25.8,26.0,26.3,26.4,26.9,27.6,28.9,29.4,30.8,31.7,32.9,33.8,35.0,36.1,37.4,38.5,39.4,41.2
22:38:38.000,76.7,37.5,64.6,67.7,70.0,65.5,70.9,67.2,61.0,58.7,59.8,55.7,53.4,48.6,49.9,48.8,45.1,44.0,40.3,33.1,30.3,27.7,26.3,26.0,26.1,27.4,27.7,28.5,29.5,30.6,31.9,32.9,34.1,35.1,36.3,37.5,38.5,39.4,41.1
22:38:39.000,78.4,37.6,64.7,63.5,70.6,67.8,65.2,67.5,62.9,58.5,60.0,57.5,51.2,49.9,49.5,49.1,45.2,44.5,39.7,33.0,29.9,25.8,25.8,25.5,26.2,26.6,27.4,28.8,29.4,31.1,32.0,32.8,33.9,34.9,36.2,37.4,38.5,39.5,41.2
22:38:40.000,75.4,38.1,65.8,63.1,68.5,60.6,63.2,65.6,59.4,57.1,58.3,55.5,53.3,51.9,48.5,48.3,46.8,44.5,40.1,32.9,30.2,27.5,27.3,25.7,26.4,27.3,27.8,28.8,29.6,31.4,31.6,33.0,33.9,35.1,36.1,37.2,38.3,39.3,41.1
22:38:41.000,75.4,37.3,65.1,65.7,69.3,66.8,66.8,66.3,61.3,59.1,61.7,58.2,53.6,49.1,49.8,49.8,46.3,40.8,40.8,34.3,29.8,26.4,26.1,25.8,25.9,27.1,27.7,28.6,29.2,30.6,31.7,32.6,33.9,35.0,36.1,37.6,38.6,39.3,41.1
22:38:42.000,75.7,38.7,66.5,67.8,67.5,66.8,66.3,67.9,65.4,60.1,58.7,58.2,54.0,52.5,48.8,47.7,45.5,44.1,40.7,34.6,30.7,27.1,26.0,25.9,26.3,27.0,27.8,28.5,29.7,30.8,31.4,32.9,34.2,34.9,36.3,37.4,38.4,39.6,41.1
22:38:43.000,78.5,37.9,66.6,63.9,72.9,63.1,65.6,66.6,62.4,58.5,61.1,58.7,55.8,53.7,49.0,51.0,45.6,43.8,41.9,33.1,30.4,27.9,26.2,25.5,26.6,26.6,27.4,28.6,29.5,31.1,31.6,33.0,33.8,34.9,36.2,37.5,38.4,39.5,41.0
22:38:44.000,78.1,39.3,67.9,68.6,67.8,65.7,58.8,65.4,61.0,60.5,62.2,59.8,60.2,54.7,48.5,51.2,46.0,42.9,40.9,35.4,30.8,27.9,26.8,25.7,26.7,27.0,27.8,28.4,29.5,30.9,31.7,32.9,34.0,35.1,36.3,37.5,38.3,39.4,41.0
22:38:45.000,75.3,38.6,65.7,68.8,67.6,69.7,66.5,69.5,63.4,62.9,62.5,58.7,55.7,50.6,47.3,51.6,46.1,43.9,39.7,34.2,31.2,28.3,25.7,26.4,26.7,26.9,27.8,28.7,29.5,30.8,31.9,32.7,33.8,34.9,36.3,37.6,38.3,39.5,41.1
22:38:46.000,77.8,39.1,66.8,69.8,65.1,64.7,69.9,70.7,63.2,58.1,58.9,57.9,58.5,52.6,49.8,50.1,47.4,45.7,41.6,34.8,28.9,27.4,26.7,25.8,26.1,27.3,27.6,28.9,29.7,30.8,31.4,32.9,33.9,35.1,36.2,37.3,38.5,39.4,41.1
22:38:47.000,76.5,38.3,66.2,63.1,65.8,68.3,66.4,68.0,63.9,60.8,60.6,59.0,59.4,53.1,48.1,48.6,45.2,44.0,40.1,34.2,28.7,27.2,25.9,25.8,26.0,27.4,27.8,28.7,29.5,30.8,31.7,32.5,33.8,34.8,36.3,37.3,38.4,39.3,41.1
22:38:48.000,77.7,39.4,66.1,73.7,67.7,69.0,64.8,64.8,65.7,57.7,60.0,61.4,57.3,54.7,50.0,50.5,45.6,46.2,43.2,34.8,30.8,26.3,26.1,26.0,26.7,27.4,28.0,28.6,29.3,30.7,31.3,32.7,33.7,35.0,36.3,37.4,38.4,39.3,41.2
22:38:49.000,76.6,39.4,66.8,72.1,69.3,68.6,68.5,62.5,62.7,57.4,59.2,58.0,58.3,54.3,49.3,51.5,45.0,46.2,42.3,34.2,31.0,28.3,26.5,26.0,26.5,27.4,27.9,28.7,29.5,30.8,31.8,32.9,33.8,34.9,36.0,37.2,38.5,39.4,41.0
22:38:50.000,75.6,39.1,66.7,65.8,67.2,59.1,67.1,68.4,61.9,59.3,60.4,62.5,59.4,53.8,49.5,50.6,46.9,44.0,40.2,35.0,31.0,28.3,26.3,25.9,26.5,27.5,28.1,28.8,29.5,30.4,31.6,32.7,33.9,35.0,36.2,37.5,38.3,39.5,41.0
22:38:51.000,78.0,39.9,66.6,60.0,72.6,67.8,66.8,65.9,63.1,60.5,62.7,60.5,58.0,56.9,47.8,50.7,46.2,45.8,40.8,36.4,30.2,28.6,27.4,26.6,26.6,27.1,27.7,28.8,29.6,30.5,31.7,32.9,34.2,35.1,36.2,37.3,38.6,39.3,41.0
22:38:52.000,74.5,38.8,65.8,67.3,70.1,67.4,64.6,65.1,65.6,59.2,61.2,58.4,59.6,53.4,51.6,50.6,46.7,45.7,39.4,34.8,31.3,28.1,27.4,26.2,26.5,26.7,28.6,28.4,29.6,30.8,31.7,32.4,33.8,35.0,36.3,37.4,38.4,39.4,41.0
22:38:53.000,77.3,40.5,66.3,68.5,70.9,65.2,67.1,63.5,63.5,61.4,60.1,58.6,60.4,55.6,50.5,52.2,48.6,46.6,41.0,35.4,30.4,28.3,27.5,26.4,27.0,27.7,28.5,28.5,29.8,30.6,32.0,32.4,33.9,34.8,36.3,37.3,38.4,39.5,41.0
22:38:54.000,78.6,40.9,67.2,70.2,71.7,70.1,65.7,66.9,59.4,58.1,59.2,58.3,56.6,54.8,52.9,51.0,48.4,45.3,42.1,36.5,32.8,29.1,27.1,27.0,26.3,26.8,27.6,28.6,29.5,30.5,31.8,32.5,33.7,34.9,36.3,37.3,38.5,39.3,41.2
22:38:55.000,77.8,39.8,65.6,64.7,69.8,67.5,66.3,67.0,61.6,59.2,57.8,57.9,60.5,57.6,53.7,52.6,48.0,45.5,42.0,36.8,32.3,28.7,27.0,26.6,26.5,26.9,27.8,28.5,29.8,31.0,31.8,32.6,34.0,35.0,36.4,37.4,38.3,39.5,41.1
22:38:56.000,75.1,41.3,65.9,70.0,69.2,65.3,64.8,64.5,61.9,61.4,57.5,56.3,55.6,54.8,53.5,51.5,47.5,46.6,40.5,36.6,31.0,28.7,27.7,26.6,26.4,27.5,27.9,28.6,29.6,30.5,31.6,32.6,34.2,34.9,36.3,37.4,38.4,39.4,41.1
22:38:57.000,74.9,41.2,65.3,68.9,64.3,67.1,73.2,63.2,56.0,57.4,57.3,59.6,58.7,52.7,54.6,54.9,48.4,47.6,43.4,37.5,31.7,28.4,28.1,26.7,27.0,27.3,27.7,28.3,29.4,31.0,32.0,33.1,33.7,35.1,36.1,37.4,38.4,39.5,41.0
22:38:58.000,77.1,40.8,66.6,67.0,68.9,69.4,69.5,63.7,61.9,61.9,59.6,57.9,58.1,54.2,53.7,52.9,49.4,47.5,42.0,35.2,30.8,28.3,25.9,26.3,27.1,27.5,28.5,28.0,29.5,30.8,31.7,32.8,33.6,34.9,36.1,37.4,38.4,39.4,41.0
22:38:59.000,77.3,41.4,67.2,66.5,70.2,62.8,65.8,65.2,61.8,58.6,58.6,58.6,58.8,56.2,52.7,53.3,50.3,46.1,41.9,37.1,33.5,29.2,26.6,25.8,27.0,26.8,27.9,29.0,29.5,30.7,31.8,33.0,33.9,34.9,36.2,37.4,38.5,39.5,41.1
22:39:00.000,77.0,40.9,66.4,67.8,71.2,63.7,66.1,65.2,64.3,64.4,61.8,58.3,60.4,55.1,51.8,52.7,48.4,46.8,41.8,34.4,31.8,30.0,27.6,26.2,26.7,26.9,27.7,28.8,30.0,30.5,31.8,32.9,33.7,34.9,36.1,37.5,38.4,39.3,41.1
22:39:01.000,75.4,40.8,65.9,69.4,68.6,59.3,69.6,66.3,62.7,59.3,59.7,57.8,58.5,56.1,57.4,54.7,47.8,47.4,41.7,36.6,30.5,27.7,26.0,26.4,26.0,27.5,27.7,28.5,29.4,30.7,31.8,32.7,33.8,35.0,36.1,37.3,38.6,39.5,41.2
22:39:02.000,78.2,40.9,68.3,67.4,63.9,64.2,62.6,65.4,64.8,61.8,56.9,60.3,57.4,56.3,54.5,54.2,48.7,45.7,41.9,35.5,29.3,27.1,27.0,26.1,26.9,26.7,28.0,28.3,29.9,30.6,31.6,33.1,33.9,35.1,36.1,37.4,38.5,39.5,41.2
22:39:03.000,77.0,39.3,66.4,66.9,66.5,65.0,66.3,61.8,58.0,64.6,63.4,61.3,59.3,54.6,51.6,52.8,46.7,43.6,42.4,34.5,29.8,28.3,27.1,26.5,26.8,26.7,27.8,29.0,29.7,30.8,31.7,32.8,33.8,35.0,36.3,37.3,38.4,39.4,41.1
22:39:04.000,77.6,39.5,67.0,68.6,70.4,64.7,67.7,66.8,66.7,62.7,60.9,57.4,55.1,51.9,51.3,50.0,46.7,45.2,40.7,36.1,32.3,28.6,27.5,26.6,27.0,27.3,28.4,28.4,29.7,30.5,31.9,32.5,33.9,34.9,36.3,37.5,38.4,39.5,41.2
22:39:05.000,76.1,37.4,65.2,66.6,68.8,68.1,64.1,64.8,60.8,61.2,62.4,58.5,60.8,53.7,51.9,49.5,46.4,42.9,38.6,33.9,29.2,27.8,25.9,25.7,26.7,26.9,27.3,28.8,29.5,30.6,31.8,32.6,33.7,34.9,36.1,37.5,38.5,39.4,41.1
22:39:06.000,77.9,38.0,66.5,58.2,68.6,67.1,69.0,67.1,65.0,62.9,56.2,55.7,58.0,53.8,49.3,46.9,43.8,44.2,39.4,34.0,29.7,28.0,27.3,26.5,26.6,27.0,28.1,28.7,29.7,30.9,31.4,32.7,33.7,35.1,36.2,37.3,38.4,39.5,41.2
22:39:07.000,79.1,37.9,67.5,64.8,67.9,65.2,64.7,66.0,66.6,63.9,58.4,60.4,57.7,50.2,48.3,48.7,44.5,41.4,38.9,31.7,30.1,27.0,26.7,26.0,26.7,27.2,28.2,28.8,29.9,30.7,31.5,32.6,33.9,35.6,36.4,37.3,38.3,39.4,41.2
22:39:08.000,77.8,37.4,65.9,62.0,67.0,65.5,60.6,65.0,63.5,61.1,60.2,60.4,58.5,55.5,48.9,48.8,44.1,42.5,38.0,32.6,29.9,28.6,26.7,25.9,26.8,27.6,28.4,28.9,29.8,30.4,31.7,32.7,33.9,35.2,36.3,37.3,38.4,39.3,41.1
22:39:09.000,79.9,37.6,66.8,65.3,69.4,69.3,61.7,66.8,64.4,64.4,62.8,59.9,56.9,51.3,47.9,49.8,45.1,42.9,39.4,31.7,29.7,26.9,26.5,25.9,26.6,27.1,28.0,28.6,29.4,30.5,31.7,32.6,34.0,35.0,36.2,37.2,38.4,39.5,41.1
22:39:10.000,77.3,38.4,64.6,71.4,67.4,68.2,64.4,65.7,66.7,62.2,60.8,58.1,56.3,52.0,49.3,49.5,46.4,44.6,41.0,33.8,28.7,27.0,26.1,26.5,26.8,27.0,27.9,28.8,29.6,30.5,31.5,32.7,34.1,34.9,36.0,37.4,38.3,39.4,41.1
22:39:11.000,76.9,38.0,64.3,67.7,67.9,63.4,61.3,67.0,64.5,61.1,60.8,58.3,54.4,52.3,48.7,51.3,44.6,43.8,41.1,34.5,29.3,26.8,25.8,26.3,25.9,27.6,27.5,28.9,29.5,30.9,31.6,32.9,33.7,35.1,36.3,37.5,38.4,39.5,41.0
22:39:12.000,75.6,38.6,64.6,66.8,68.7,64.7,65.6,61.6,63.3,59.0,58.6,55.8,54.3,53.3,48.5,49.5,46.6,44.6,42.6,35.5,30.1,28.9,26.9,25.3,26.4,27.1,27.9,28.9,29.6,30.6,31.5,32.7,33.9,34.9,36.1,37.4,38.3,39.4,41.1
22:39:13.000,77.3,38.5,65.2,64.1,69.7,60.5,61.8,55.5,60.9,61.3,58.0,56.2,54.3,51.3,48.3,49.3,45.5,44.6,41.7,33.2,28.8,27.0,26.7,26.1,26.5,27.1,27.8,28.7,29.5,30.8,31.4,32.6,34.0,34.9,36.1,37.5,38.4,39.4,41.1
22:39:14.000,75.6,38.2,65.7,63.6,67.5,65.6,64.6,63.0,63.2,58.8,63.5,58.0,56.1,54.4,51.3,50.2,43.5,44.8,41.4,34.3,29.2,27.7,27.1,25.8,26.4,26.9,27.9,29.0,29.7,30.3,31.9,32.8,33.9,35.0,36.1,37.6,38.5,39.5,41.1
22:39:15.000,76.1,37.5,65.4,66.3,63.0,66.7,60.1,63.5,62.1,63.4,61.3,59.9,54.3,53.5,51.5,49.3,44.4,42.7,39.1,33.4,30.4,27.3,26.8,26.1,26.3,26.9,27.1,28.9,29.6,30.6,32.1,33.0,34.1,34.9,36.1,37.2,38.5,39.5,41.1
22:39:16.000,76.0,38.1,65.6,71.2,61.6,60.6,59.7,62.8,62.6,61.1,57.3,57.1,56.9,51.6,50.6,50.4,44.2,44.3,39.7,34.0,29.6,26.2,27.1,26.6,27.0,27.8,28.5,28.5,29.7,30.7,31.4,32.5,34.1,34.8,36.2,37.4,38.4,39.3,41.1
22:39:17.000,77.1,37.5,64.5,72.6,65.7,65.6,58.8,66.4,63.4,61.2,59.3,58.3,55.7,53.0,49.0,49.8,44.2,42.5,38.0,32.9,30.1,27.4,27.2,25.9,26.3,27.2,27.7,28.3,29.5,30.5,31.9,32.7,33.7,35.0,36.1,37.4,38.4,39.5,41.1
22:39:18.000,75.9,36.6,64.7,72.4,68.1,66.6,63.0,65.7,65.8,60.6,57.8,57.2,56.1,53.6,49.8,49.7,43.2,43.6,38.0,32.3,29.1,28.4,26.7,26.5,26.6,27.1,28.0,28.4,29.5,30.8,31.8,32.7,34.0,35.0,36.3,37.4,38.3,39.5,41.2
22:39:19.000,76.7,38.0,65.2,68.9,67.8,64.9,64.0,64.5,62.6,59.7,56.8,56.3,53.7,50.5,47.8,49.5,44.3,41.6,38.7,31.8,30.6,28.0,27.5,26.1,27.0,27.6,27.9,28.8,30.0,30.6,31.6,32.5,33.9,35.1,36.1,37.2,38.5,39.6,41.0
22:39:20.000,77.2,38.3,64.5,66.6,69.4,59.0,60.9,61.7,66.9,59.3,58.8,57.6,55.5,51.9,50.5,49.9,46.0,43.5,39.6,32.9,29.3,26.7,25.4,26.2,26.8,26.7,28.1,28.5,29.5,30.8,31.6,32.6,34.0,35.2,36.3,37.4,38.4,39.4,41.2
22:39:21.000,76.3,38.6,65.6,65.4,68.8,65.5,63.7,55.4,64.6,60.0,59.5,58.9,58.0,55.5,51.6,49.9,44.5,44.4,40.4,34.2,29.2,27.5,26.1,26.2,26.5,26.8,28.3,28.5,29.5,30.5,31.6,32.9,33.8,35.0,36.2,37.4,38.3,39.5,41.1
22:39:22.000,77.1,37.8,65.0,70.1,68.4,67.0,63.0,58.3,63.6,57.8,58.5,59.2,58.6,54.4,51.0,50.2,45.4,44.2,38.8,33.4,28.4,26.0,25.8,25.8,26.5,27.1,28.0,28.8,29.8,30.6,31.9,32.7,33.8,35.0,36.3,37.5,38.4,39.5,41.2
22:39:23.000,76.3,38.4,65.9,66.6,65.5,63.4,62.1,63.2,65.1,58.6,56.3,57.0,56.0,54.1,50.5,50.7,45.9,44.8,39.4,32.6,28.5,25.7,25.4,25.9,26.6,27.3,28.0,29.0,29.8,30.3,31.5,32.7,33.7,35.0,35.9,37.4,38.3,39.7,41.1
22:39:24.000,74.8,38.4,64.4,69.7,67.4,64.3,62.7,63.7,65.5,58.2,58.0,56.6,57.4,53.1,50.3,50.4,44.9,44.4,41.4,34.0,29.7,27.1,24.9,25.4,26.4,27.6,27.9,28.7,29.1,30.3,31.8,32.8,33.9,35.1,36.2,37.5,38.5,39.5,41.1
22:39:25.000,77.4,38.5,65.8,66.1,68.0,66.9,65.6,63.5,67.9,58.1,58.0,54.7,57.6,53.3,50.4,50.3,47.1,44.7,40.8,32.8,28.6,27.0,25.1,25.9,26.9,27.1,28.2,28.8,29.6,30.1,31.6,33.0,33.7,35.0,36.4,37.5,38.3,39.5,41.1
22:39:26.000,77.0,39.1,66.4,68.1,68.8,65.2,65.9,61.5,58.0,62.0,60.0,53.4,55.5,52.2,50.5,51.1,48.1,44.7,40.6,33.7,30.9,26.4,26.1,26.2,26.4,26.9,27.5,28.7,29.9,30.4,31.4,32.9,34.0,34.9,36.0,37.4,38.5,39.5,41.1
22:39:27.000,75.9,38.5,65.3,63.2,66.5,63.0,62.5,68.3,64.5,58.6,57.6,60.5,55.9,50.7,49.2,50.9,46.9,44.2,41.7,34.4,30.0,26.7,25.8,26.1,26.9,27.1,28.1,29.0,29.9,30.6,31.9,32.5,33.8,35.0,36.2,37.4,38.3,39.6,41.1
22:39:28.000,77.3,38.0,64.5,62.8,69.0,64.7,67.6,64.6,64.5,62.2,61.2,58.3,55.1,50.1,49.6,50.0,47.0,44.5,40.0,34.4,29.9,27.2,26.7,26.5,26.5,27.5,27.7,28.6,29.1,30.8,31.3,32.7,33.9,34.8,36.3,37.4,38.4,39.5,41.1
22:39:29.000,76.7,37.5,63.2,63.7,69.7,66.8,63.2,68.2,59.2,61.9,59.4,58.6,53.2,51.9,46.4,49.2,46.1,45.0,39.7,32.6,28.7,26.7,25.9,26.1,26.7,27.0,27.9,28.8,29.7,30.8,31.7,32.8,33.9,35.2,36.3,37.3,38.4,39.6,41.3
22:39:30.000,77.2,37.5,65.2,67.6,67.1,64.7,64.6,61.9,60.7,58.4,56.2,56.6,55.3,52.6,47.1,50.2,45.9,44.0,39.0,31.0,28.6,25.9,25.9,26.0,26.5,27.5,28.0,28.6,29.3,30.4,31.8,32.7,34.0,34.9,36.1,37.5,38.5,39.4,41.2
22:39:31.000,76.0,36.9,64.3,64.8,69.0,65.6,64.0,62.3,61.5,58.4,58.8,59.2,55.5,51.4,49.9,49.0,44.5,43.9,38.0,31.7,27.4,26.3,25.8,26.3,26.8,27.6,28.3,28.6,29.5,30.7,31.7,32.5,33.7,35.1,36.3,37.5,38.5,39.4,41.1
22:39:32.000,78.7,36.3,64.3,66.7,65.6,62.4,64.1,65.3,60.6,60.2,56.9,58.9,54.6,51.4,46.7,47.2,44.5,42.9,39.0,32.1,27.7,26.1,25.2,25.6,26.7,27.1,27.5,28.5,29.7,30.8,31.5,32.6,33.9,34.9,36.0,37.4,38.5,39.4,41.1
22:39:33.000,77.1,37.6,65.1,67.7,66.1,67.0,62.0,64.7,63.8,58.4,57.3,58.2,53.3,52.0,48.0,48.5,44.8,43.4,40.3,31.4,27.8,27.2,27.4,26.6,26.7,26.9,27.9,28.6,29.6,30.9,31.9,32.7,33.9,35.0,36.2,37.3,38.4,39.5,41.1
22:39:34.000,76.0,37.3,64.5,68.7,65.2,65.6,62.4,61.4,57.0,60.7,56.6,60.1,56.7,52.4,48.4,48.3,44.0,42.6,40.0,33.5,31.3,28.1,27.0,26.3,26.9,27.1,27.7,29.0,29.9,30.8,31.7,32.6,33.8,35.1,36.1,37.5,38.4,39.5,41.1
22:39:35.000,76.9,37.2,65.2,69.9,69.1,66.8,67.6,63.1,61.5,62.2,57.3,57.9,56.3,52.9,48.3,49.9,44.7,44.5,38.6,33.0,27.4,26.5,26.6,26.0,26.5,27.6,27.8,29.0,29.2,30.9,31.8,32.6,34.1,34.9,36.2,37.3,38.4,39.4,41.0
22:39:36.000,77.1,38.0,65.5,57.9,65.5,60.7,65.4,62.2,62.1,62.1,56.5,56.3,53.1,49.2,47.7,50.1,44.9,44.4,40.4,33.9,28.5,27.0,26.1,26.0,26.0,27.0,27.9,28.4,29.9,30.8,31.7,32.7,33.8,35.1,36.2,37.2,38.3,39.6,41.1
22:39:37.000,77.9,37.3,65.1,66.1,64.2,64.4,65.4,62.8,66.0,63.4,55.6,57.8,54.1,51.8,47.5,50.6,43.3,43.1,40.6,33.4,27.6,30.7,27.7,25.5,27.0,27.0,27.6,28.9,30.1,30.8,32.0,32.8,33.8,35.0,36.4,37.3,38.3,39.4,41.2
22:39:38.000,78.1,36.5,66.5,71.4,67.1,64.9,69.1,63.0,64.7,58.7,55.7,56.1,53.5,51.8,47.1,48.2,43.5,42.8,38.1,32.6,28.7,27.0,26.0,25.9,26.6,27.1,27.7,29.0,29.7,30.4,31.7,32.7,33.9,34.8,36.0,37.4,38.4,39.5,41.1
22:39:39.000,75.0,36.8,63.1,72.4,66.2,66.7,69.0,64.1,67.5,64.0,58.8,55.9,51.3,52.8,46.1,48.2,44.3,43.0,39.6,31.4,27.5,27.2,28.0,26.2,27.0,27.5,28.3,29.0,29.4,31.1,31.8,32.6,33.8,34.9,36.4,37.4,38.3,39.3,41.1
22:39:40.000,76.9,36.8,65.7,63.0,59.5,62.9,68.8,65.6,63.8,62.5,58.3,52.4,53.2,54.5,48.7,46.3,43.9,43.7,39.5,32.0,27.5,26.6,26.1,26.6,27.0,27.1,27.9,28.7,29.9,30.8,31.7,32.6,34.0,35.0,36.2,37.5,38.4,39.4,41.3
22:39:41.000,78.0,36.7,63.9,60.7,65.3,62.2,65.2,64.2,60.4,61.5,56.7,55.4,51.4,52.3,51.0,48.0,44.3,41.8,38.0,31.9,28.6,25.8,25.9,25.2,26.2,27.0,27.7,28.8,29.4,30.6,32.0,32.8,33.9,35.0,36.3,37.4,38.4,39.6,41.1
22:39:42.000,75.6,36.2,64.2,68.2,67.5,61.5,64.7,65.9,65.4,61.4,58.5,52.9,52.8,53.0,50.5,48.4,42.9,42.0,36.4,30.5,27.3,26.0,26.5,26.3,26.3,27.4,28.0,28.5,29.5,30.5,31.7,32.6,33.7,35.0,36.0,37.3,38.6,39.4,41.1
22:39:43.000,75.9,37.2,66.1,69.4,67.4,66.1,64.6,66.9,59.0,60.8,56.1,53.6,53.4,51.8,50.5,49.5,44.7,43.4,39.2,30.8,26.8,26.0,26.1,26.0,26.3,27.4,27.8,28.5,29.3,30.5,31.5,32.8,33.9,35.1,36.2,37.4,38.3,39.4,41.1
22:39:44.000,75.0,36.4,64.1,67.7,64.8,58.3,64.9,63.6,66.3,64.5,62.1,54.3,52.7,52.7,48.3,46.9,44.3,42.9,38.7,31.7,28.6,25.7,26.2,25.1,26.2,27.3,27.7,28.9,29.3,30.4,31.8,32.5,34.1,35.0,36.2,37.5,38.6,39.3,41.2
22:39:45.000,76.0,37.3,65.1,64.8,68.6,61.3,67.4,63.0,64.1,60.3,60.1,54.0,51.1,51.5,49.1,48.3,43.2,42.8,39.4,32.7,27.8,26.7,26.0,26.2,26.5,27.0,28.1,29.2,30.0,30.4,31.9,32.8,33.9,34.8,36.1,37.4,38.6,39.6,41.0
22:39:46.000,76.1,36.9,63.7,68.7,65.3,61.3,65.1,62.7,64.5,61.4,61.3,55.2,52.4,50.2,50.8,46.9,45.9,43.4,39.9,34.3,29.3,26.5,25.6,26.4,26.3,27.2,28.1,28.3,29.3,30.6,31.8,33.0,33.9,35.0,36.0,37.3,38.3,39.3,41.1
22:39:47.000,74.4,36.3,65.3,66.4,64.8,64.7,57.6,62.3,63.0,62.1,58.3,57.5,50.6,50.3,49.2,47.2,43.4,42.3,38.6,32.7,28.8,26.7,25.8,26.6,27.1,27.1,27.9,28.7,29.7,30.6,31.5,32.7,33.8,34.9,36.2,37.5,38.5,39.4,41.2
22:39:48.000,75.4,37.2,65.6,60.3,57.5,67.6,63.2,62.8,64.2,62.7,60.6,58.5,53.2,49.8,47.3,48.4,44.0,44.0,39.3,30.9,28.4,27.0,26.8,26.2,27.2,27.7,27.4,28.7,29.7,30.5,32.0,32.9,33.8,35.0,36.3,37.3,38.2,39.3,41.1
22:39:49.000,78.0,36.6,65.2,60.1,64.7,63.8,63.5,62.1,63.9,63.9,59.1,59.0,52.9,49.8,47.2,48.3,43.8,41.8,38.2,32.2,27.6,26.5,26.6,26.2,26.4,26.9,27.7,28.3,29.5,30.6,31.9,32.8,33.8,34.8,36.2,37.3,38.5,39.4,41.1
22:39:50.000,75.6,36.6,64.3,66.0,65.5,67.0,64.4,62.1,61.9,61.0,59.5,55.9,51.9,48.8,47.5,47.4,44.7,43.7,38.1,30.6,27.8,25.9,26.1,25.5,26.6,27.2,27.9,28.9,29.6,30.5,31.9,33.0,33.9,35.1,36.3,37.5,38.6,39.4,41.0
22:39:51.000,76.2,35.9,63.7,68.2,62.0,66.5,64.0,65.3,64.2,62.1,60.4,55.2,53.1,49.8,50.2,47.3,42.6,43.2,37.6,30.7,28.2,25.9,26.0,26.3,25.6,27.6,28.1,28.4,30.1,30.6,31.7,32.7,33.7,35.3,36.0,37.4,38.4,39.4,41.1
22:39:52.000,77.5,37.2,66.6,61.2,63.0,66.4,64.3,65.8,60.9,60.4,59.3,56.6,52.1,48.6,48.4,48.6,43.3,42.8,37.0,31.9,28.2,27.0,26.6,26.4,26.1,27.1,27.8,28.6,29.3,30.5,31.7,32.7,34.3,35.1,36.3,37.2,38.5,39.4,41.2
22:39:53.000,76.2,37.6,65.7,65.9,70.4,63.7,63.5,62.9,61.5,60.9,62.1,55.6,55.7,49.6,51.5,48.6,44.9,42.8,38.9,32.2,28.9,26.0,26.1,26.1,26.4,27.4,28.0,28.7,29.8,30.3,31.6,32.9,33.8,35.0,36.3,37.4,38.5,39.4,41.1
22:39:54.000,77.6,37.8,66.3,69.7,64.6,67.7,64.8,66.0,65.6,59.7,59.2,57.6,54.3,50.4,49.4,48.8,46.4,44.1,39.8,31.4,26.8,25.7,26.1,25.2,26.4,27.0,28.2,28.7,30.0,30.8,32.2,32.7,33.8,35.1,36.2,37.6,38.4,39.3,41.1
22:39:55.000,77.4,37.3,67.0,69.2,67.1,70.9,66.3,68.1,64.7,60.8,62.8,59.5,55.3,50.7,49.6,48.6,46.0,43.5,39.0,30.9,27.3,25.5,26.0,26.0,26.8,27.1,28.0,28.4,29.6,30.8,31.8,32.6,33.9,34.7,36.3,37.3,38.3,39.5,41.1
22:39:56.000,76.9,37.4,66.1,70.9,63.6,67.7,66.4,63.1,65.1,61.6,62.1,61.5,52.7,47.5,48.0,48.6,45.2,43.3,38.7,31.9,27.4,25.8,25.6,26.6,26.2,27.3,27.5,29.0,29.7,30.6,31.7,32.6,34.1,35.2,36.3,37.3,38.2,39.3,41.1
22:39:57.000,74.4,36.1,63.7,65.7,68.2,67.3,67.1,63.3,64.1,60.2,62.0,60.4,52.9,50.3,47.4,48.1,45.2,43.4,37.6,31.8,26.9,25.6,25.9,26.2,26.6,27.1,28.0,28.6,29.8,30.4,31.8,32.7,33.8,34.9,36.3,37.4,38.4,39.4,41.1
22:39:58.000,76.0,36.6,65.9,66.1,66.3,70.5,69.7,63.5,63.6,59.2,58.3,55.5,53.3,49.4,48.5,46.1,44.4,43.2,38.1,32.3,27.1,26.0,25.4,25.7,26.1,26.8,28.0,28.8,29.5,30.8,31.7,32.8,34.0,35.2,36.4,37.4,38.4,39.4,41.1
22:39:59.000,75.7,36.9,64.9,73.8,66.0,71.5,64.2,65.6,63.7,63.0,60.2,59.3,50.8,45.8,49.3,48.4,43.6,44.4,39.0,31.6,27.6,26.2,25.4,26.2,26.8,27.1,28.2,28.7,29.5,30.6,31.7,32.7,33.9,35.0,36.1,37.5,38.4,39.4,41.0
22:40:00.000,76.1,36.4,64.9,70.6,67.7,70.5,62.9,67.3,63.1,61.6,56.7,55.2,51.3,46.7,46.2,48.4,43.8,43.7,39.1,31.9,28.2,27.1,26.4,27.0,26.1,27.0,27.6,28.5,29.9,30.5,31.7,32.7,33.8,35.0,36.2,37.4,38.4,39.4,41.3
22:40:01.000,75.7,36.8,65.1,68.4,67.9,69.0,58.2,64.5,62.4,62.3,55.6,58.0,50.5,46.4,46.6,49.4,44.1,43.5,39.3,31.4,28.0,27.2,25.5,26.2,26.2,26.6,27.9,28.9,29.5,31.0,31.9,32.4,33.8,34.9,36.2,37.4,38.5,39.4,41.2
22:40:02.000,79.5,38.3,67.8,61.3,63.5,71.1,64.3,64.8,60.2,60.6,58.4,56.5,54.7,48.7,46.7,49.5,46.2,44.0,39.3,33.9,27.6,27.2,26.2,26.8,26.4,27.1,27.8,28.3,29.6,30.9,31.8,32.8,33.9,35.2,36.1,37.5,38.3,39.5,41.1
22:40:03.000,74.6,37.0,62.8,65.2,64.5,71.3,64.6,67.3,67.3,62.5,62.7,58.3,50.6,50.4,48.9,50.1,45.4,43.8,38.8,32.4,26.5,25.3,26.8,26.6,26.5,27.4,27.7,28.6,29.8,30.4,31.8,32.9,33.6,34.9,36.1,37.5,38.3,39.5,41.2
22:40:04.000,74.3,36.1,63.0,67.5,61.4,71.3,60.2,67.7,63.4,58.7,57.2,52.4,50.8,50.0,44.2,47.3,45.0,44.0,37.8,31.0,26.9,25.1,25.6,26.3,26.2,26.9,28.0,28.5,29.5,30.7,31.5,32.7,34.0,35.0,36.1,37.4,38.3,39.5,41.1
22:40:05.000,76.4,35.0,64.1,65.7,67.8,71.8,68.3,63.2,62.2,57.9,56.6,52.6,49.5,49.1,45.3,45.4,43.5,42.9,39.3,31.0,26.0,25.3,25.5,26.6,26.1,27.4,27.8,28.9,29.7,30.5,31.6,32.9,33.8,35.0,36.3,37.4,38.4,39.4,41.1
22:40:06.000,76.7,35.9,65.5,63.1,70.6,68.8,63.5,63.4,62.5,61.5,58.9,54.3,49.9,46.0,46.9,46.8,42.4,42.1,37.7,32.5,27.2,25.6,24.4,26.0,26.5,26.7,27.8,28.5,29.2,30.5,31.4,32.6,33.9,34.9,36.2,37.3,38.5,39.4,41.0
22:40:07.000,72.0,34.8,61.6,68.5,69.5,66.5,62.0,62.7,62.7,60.4,60.8,56.0,52.6,46.8,48.2,47.1,42.5,41.6,36.3,30.3,27.4,26.6,26.1,26.3,27.0,27.1,27.5,28.8,29.9,30.7,31.5,32.8,34.1,34.8,36.1,37.4,38.3,39.5,41.1
22:40:08.000,74.1,35.1,63.9,61.4,66.8,69.5,67.3,64.5,61.1,61.5,55.5,51.2,49.5,43.4,45.9,47.3,42.2,42.0,37.1,29.6,26.2,26.1,25.8,25.9,26.3,26.7,27.9,28.8,30.0,31.5,31.7,32.6,33.7,35.2,36.1,37.3,38.3,39.5,41.1
22:40:09.000,75.9,35.7,64.5,62.0,66.3,68.6,65.4,62.1,62.3,57.6,59.5,53.7,51.3,45.3,48.5,46.1,41.9,42.2,38.1,31.0,27.5,25.7,25.8,26.3,26.9,26.9,27.8,28.6,29.9,31.0,31.6,32.6,33.9,34.9,36.2,37.3,38.4,39.3,41.2
22:40:10.000,75.8,35.2,63.8,65.3,68.2,62.9,64.4,62.4,63.1,61.9,59.3,54.7,51.9,46.3,48.8,46.4,41.8,41.8,37.7,31.0,26.5,26.0,26.2,26.3,26.6,27.4,28.0,28.8,29.5,30.5,31.9,32.6,34.1,35.1,36.3,37.6,38.2,39.2,41.0
22:40:11.000,74.8,35.7,64.4,68.5,68.1,67.5,67.2,61.9,59.8,59.2,56.3,53.8,48.3,46.6,45.8,44.5,43.7,42.7,36.7,31.4,26.9,25.7,25.6,25.9,26.1,27.5,27.8,28.9,29.6,30.7,31.8,33.1,33.8,35.0,36.1,37.4,38.3,39.6,41.1
22:40:12.000,71.9,35.8,61.9,65.4,63.8,70.6,69.3,63.1,62.0,61.1,58.4,53.4,50.6,46.9,46.4,46.6,42.9,44.0,37.8,30.2,27.6,27.1,25.6,26.7,26.3,27.2,27.7,28.3,29.3,30.6,31.7,32.6,33.9,35.1,36.1,37.5,38.4,39.6,41.2
22:40:13.000,77.1,36.6,66.1,59.1,64.4,68.8,64.8,61.2,63.8,59.4,55.4,52.9,51.6,51.0,47.1,46.5,43.2,44.4,38.7,31.6,27.6,27.7,27.4,26.2,26.3,26.9,28.3,28.7,29.6,30.5,31.4,32.7,34.0,35.0,36.1,37.6,38.3,39.5,41.1
22:40:14.000,74.6,35.3,63.1,61.9,67.2,66.1,61.9,64.2,64.3,62.6,58.8,57.6,51.7,48.9,47.2,46.6,43.4,42.0,37.5,31.2,26.9,26.3,25.6,26.0,25.8,27.5,27.9,28.8,29.7,30.9,31.7,33.0,33.9,35.0,36.2,37.6,38.4,39.5,41.1
22:40:15.000,77.7,37.9,67.3,54.8,65.4,62.2,64.5,66.4,60.9,58.7,58.7,50.6,50.2,48.6,48.5,46.6,44.2,44.1,39.2,31.7,28.8,25.6,25.8,25.7,26.0,27.4,27.7,28.6,29.7,30.9,31.7,32.4,34.0,35.0,36.2,37.5,38.5,39.3,41.2
22:40:16.000,77.1,37.8,66.8,63.5,62.9,72.2,66.7,61.3,61.4,60.3,57.7,55.3,55.0,51.8,49.6,49.2,47.8,46.1,40.9,34.3,29.0,26.5,25.6,26.8,26.2,27.4,27.4,28.7,29.7,30.5,31.9,32.9,34.0,35.1,36.3,37.4,38.2,39.5,41.0
22:40:17.000,77.0,37.5,65.1,62.7,65.8,68.5,66.3,64.1,68.4,62.5,60.8,57.0,53.9,51.6,49.5,47.3,44.0,44.2,41.2,32.4,28.1,26.6,26.0,25.4,26.5,27.3,27.4,28.1,29.7,31.0,31.7,32.8,34.0,35.1,36.2,37.4,38.6,39.5,41.1
22:40:18.000,77.0,37.6,66.9,64.2,63.6,68.3,72.1,68.1,65.4,61.7,58.7,56.1,53.3,51.0,49.0,49.4,45.3,43.0,38.8,31.0,26.5,26.1,26.3,26.7,26.4,27.1,27.4,28.1,29.9,30.6,31.5,33.0,34.1,35.1,36.4,37.4,38.6,39.4,41.1
22:40:19.000,75.8,37.5,66.2,65.6,67.5,66.6,66.3,66.8,64.3,61.7,61.5,58.8,55.8,52.5,50.4,50.0,45.6,43.8,40.2,33.1,26.9,26.2,25.7,25.9,26.6,27.2,28.0,28.7,29.4,30.7,31.8,32.5,34.0,35.0,36.2,37.4,38.5,39.6,41.2
22:40:20.000,76.2,39.0,67.1,60.6,69.5,66.8,67.4,65.5,66.1,63.3,61.5,60.4,57.6,50.5,49.5,47.3,44.0,43.7,39.5,31.7,27.4,24.9,25.3,25.2,26.3,26.9,27.8,28.2,29.6,30.8,31.7,33.0,33.8,35.0,36.2,37.3,38.4,39.4,41.0
22:40:21.000,74.1,38.1,64.6,65.9,68.4,68.5,67.2,68.3,62.2,61.0,58.7,61.1,57.3,52.7,53.2,51.1,48.8,45.8,40.8,32.1,30.3,26.6,25.2,25.6,26.1,27.3,27.7,28.6,29.3,30.4,31.4,32.9,34.0,35.2,36.2,37.5,38.4,39.5,41.1
22:40:22.000,73.7,36.4,62.8,64.7,61.8,65.5,67.2,64.4,60.9,65.2,59.1,58.8,56.5,49.4,49.2,48.3,43.3,42.7,37.8,30.9,27.4,25.9,25.8,26.0,25.9,27.2,28.0,28.4,29.7,30.7,31.8,33.0,34.0,35.0,36.3,37.5,38.5,39.4,41.2
22:40:23.000,75.1,39.6,67.3,66.9,68.6,68.5,68.0,64.8,59.5,58.8,53.9,57.1,53.5,48.9,52.7,50.7,45.8,43.7,38.8,34.7,30.2,26.8,25.8,26.4,25.9,27.0,28.1,28.9,29.9,30.5,31.6,32.8,34.0,35.1,36.2,37.4,38.4,39.3,41.1
22:40:24.000,76.4,43.2,69.2,65.9,67.8,66.1,65.6,59.4,55.7,64.8,63.7,60.2,57.2,57.2,56.4,52.7,49.8,45.8,40.2,35.0,30.5,27.9,27.9,27.7,26.9,27.3,27.5,28.8,29.8,31.0,31.3,32.6,33.6,35.0,36.3,37.4,38.5,39.3,41.1
