AMBIENT,66.0,50.4,53.9,51.1,46.0,42.2,38.3,36.5,37.7,38.4,39.3,40.9,40.8,40.4,37.5,35.9,37.0,38.9,41.7,43.6,44.4,43.7,42.2,41.9,41.2,40.2,39.3,38.9,38.0,35.8,35.3,34.5,33.9,33.9,34.0,34.8,35.9,36.9,38.3
22:35:15.429,70.7,50.0,54.0,55.0,53.2,48.9,42.1,36.0,34.6,41.1,40.6,39.2,40.4,36.5,35.5,35.6,35.3,37.8,42.4,44.7,44.1,44.2,42.1,41.5,40.8,40.0,38.6,38.8,37.3,35.4,35.0,34.4,33.9,33.6,33.9,34.8,35.9,36.9,38.1
22:35:16.429,65.5,50.0,53.9,53.3,50.2,45.7,38.9,30.8,34.6,38.8,34.5,37.6,39.1,41.5,35.9,36.5,38.4,39.2,40.3,44.6,46.5,44.5,42.8,41.9,40.9,39.8,37.9,37.7,36.6,35.0,34.5,34.0,33.7,33.8,34.1,34.8,35.9,37.0,38.4
22:35:17.429,58.0,50.0,53.9,40.6,36.2,36.6,36.0,35.3,37.2,39.1,42.5,45.0,43.5,39.1,35.9,35.1,35.3,40.3,42.0,44.6,44.8,43.4,42.7,42.2,41.3,40.3,38.8,37.7,36.2,34.2,34.5,34.2,33.6,33.7,34.1,34.8,35.5,37.0,38.2
22:35:18.429,60.2,50.0,53.3,48.0,40.7,36.1,31.6,31.0,35.2,38.0,37.7,39.8,37.2,39.1,32.5,34.6,37.0,37.1,39.9,44.5,43.9,43.3,42.6,42.4,41.0,39.5,38.6,38.5,37.2,35.0,34.2,34.1,33.5,33.6,34.1,34.8,35.8,36.8,38.1
22:35:19.429,62.9,50.2,53.4,48.5,45.5,38.4,35.2,35.0,36.2,35.9,35.7,38.1,40.1,40.5,35.1,32.7,34.0,37.7,42.1,43.4,44.2,44.1,42.2,41.5,41.3,40.2,39.7,38.6,38.1,35.7,34.9,33.9,33.7,33.9,34.2,34.9,35.8,37.0,38.4
22:35:20.429,63.6,50.4,53.8,50.2,47.7,42.2,35.7,27.9,32.7,35.2,38.6,39.3,41.4,41.4,38.1,36.5,36.1,37.8,40.3,43.9,44.1,43.7,42.9,41.7,41.4,39.9,39.3,39.4,38.1,36.1,35.8,34.7,33.8,33.6,33.9,34.7,35.7,36.9,38.0
22:35:21.429,64.8,49.9,53.0,54.5,52.3,45.2,42.5,40.2,41.1,37.5,38.3,36.5,38.7,37.3,38.1,35.3,34.7,37.1,40.3,41.5,43.0,43.6,42.0,41.2,40.2,39.7,38.7,38.5,37.6,35.7,35.1,34.4,33.7,33.7,34.4,34.8,35.8,37.1,38.4
22:35:22.429,63.4,50.2,53.5,49.6,47.9,42.9,34.4,35.2,34.1,36.9,37.5,42.7,38.9,39.9,38.6,34.2,36.7,39.5,41.5,42.7,43.8,43.3,42.0,41.5,41.1,39.7,39.1,38.7,38.2,35.5,34.7,34.5,34.0,34.0,34.1,34.9,36.0,36.9,38.6
22:35:23.429,59.0,50.0,53.6,45.7,42.3,35.9,33.5,35.8,35.9,38.8,40.5,41.0,36.7,41.1,38.1,34.9,37.7,39.6,42.7,42.6,44.7,44.5,41.9,41.1,40.4,39.7,38.9,38.0,38.1,35.3,34.4,34.2,33.9,33.9,34.0,34.7,35.8,36.9,38.2
22:35:24.429,64.6,49.7,53.2,51.3,44.7,37.1,32.7,31.8,34.0,36.3,36.8,38.5,39.9,41.7,38.0,34.3,36.2,36.0,40.4,41.8,44.3,43.3,41.7,42.2,40.9,38.9,38.0,37.7,37.1,34.8,34.8,34.1,33.8,33.9,34.0,34.9,35.8,37.1,38.4
22:35:25.429,70.5,50.0,53.9,58.5,52.1,47.3,43.3,36.5,41.1,39.3,41.6,43.9,38.1,40.4,36.0,37.0,37.9,39.4,41.2,42.7,44.3,42.5,41.6,41.6,41.0,39.9,38.0,38.2,37.7,34.9,34.7,34.3,33.8,34.0,34.0,34.9,35.9,37.0,38.4
22:35:26.429,66.3,51.2,54.9,40.7,36.6,33.6,35.2,41.9,46.0,43.4,46.1,42.9,44.2,41.3,37.2,39.5,39.5,39.2,43.8,44.5,45.1,44.3,42.4,42.7,42.1,41.0,40.4,40.3,40.0,37.9,37.1,35.1,34.5,34.2,33.9,34.9,36.0,37.1,38.7
22:35:27.429,62.4,50.7,54.3,44.2,37.3,31.1,32.4,32.3,39.4,41.9,41.3,41.2,41.7,40.9,37.6,36.6,37.8,40.5,42.7,44.2,44.3,44.5,42.3,42.1,41.7,40.7,39.7,39.2,38.7,36.4,35.3,34.3,33.9,34.2,34.0,34.7,35.9,36.9,38.5
22:35:28.429,68.8,50.5,54.5,54.2,51.0,43.3,39.8,40.3,37.6,40.2,40.2,42.1,42.6,39.3,37.9,36.2,38.6,40.4,42.5,44.6,45.8,45.0,42.5,41.7,41.3,40.0,39.3,38.4,37.7,35.4,34.8,34.0,33.9,33.6,33.9,34.6,35.9,36.9,38.3
22:35:29.429,65.7,49.9,53.3,53.7,52.3,45.8,40.4,29.8,36.1,33.7,35.8,35.3,39.5,37.3,36.1,36.3,34.9,36.9,40.4,43.0,43.4,43.0,41.7,40.8,40.7,40.1,38.9,38.6,37.4,34.8,35.3,35.0,34.3,34.7,34.4,34.9,35.8,37.1,38.4
22:35:30.429,74.1,49.7,53.2,58.6,51.1,48.5,46.2,37.4,39.5,40.1,38.3,38.3,36.5,38.6,36.8,34.3,35.7,37.9,39.6,42.3,42.7,41.9,41.0,41.6,41.5,40.0,38.7,38.4,37.1,35.5,34.8,34.4,33.8,33.6,34.1,35.0,36.0,36.8,38.3
22:35:31.429,72.3,49.3,52.8,53.9,48.2,43.7,41.9,37.4,41.1,35.9,35.5,37.7,37.7,39.9,36.1,34.3,35.8,37.2,40.1,42.7,43.4,41.7,41.1,41.2,40.2,39.8,38.4,37.8,35.8,33.9,34.0,34.1,33.6,33.6,33.9,35.0,35.6,36.8,38.1
22:35:32.429,70.3,49.7,53.4,54.5,54.3,50.2,45.6,41.0,39.9,41.7,40.5,39.7,41.2,40.0,35.0,34.6,35.2,36.9,39.8,40.9,42.1,43.2,41.1,40.7,40.6,39.5,37.9,38.4,37.0,35.0,35.1,34.3,33.9,34.1,34.4,35.0,35.9,37.0,38.4
22:35:33.429,75.4,49.9,56.0,61.5,55.6,55.0,52.1,47.9,47.3,48.6,45.0,46.5,46.8,45.0,40.0,38.1,38.1,38.2,43.6,44.4,44.3,43.1,42.0,41.1,40.6,39.0,38.6,37.9,37.2,35.2,35.1,34.7,34.3,34.1,34.4,35.0,36.0,36.8,38.2
22:35:34.429,71.6,49.7,56.5,62.1,59.9,57.3,53.8,50.1,52.0,49.4,44.4,43.8,49.1,43.7,41.5,38.7,38.6,38.3,40.8,43.5,43.9,43.3,41.7,41.7,40.7,39.1,38.6,38.5,37.2,34.3,34.6,33.5,33.7,34.1,34.2,34.9,36.1,37.0,38.6
22:35:35.429,77.0,50.5,57.8,67.6,64.0,59.2,54.0,51.0,52.0,49.7,47.7,46.1,46.0,46.4,41.7,40.6,40.7,41.9,42.5,44.0,44.9,44.1,42.1,41.1,40.3,38.8,37.9,38.2,38.8,38.1,40.5,39.0,37.9,35.8,34.7,34.9,35.7,36.9,38.2
22:35:36.429,75.6,50.0,59.5,66.7,63.7,57.6,57.1,49.3,53.9,52.8,48.6,49.2,52.0,47.2,46.1,47.7,46.4,45.7,44.6,44.0,45.1,43.8,42.9,41.3,39.6,39.1,38.0,38.2,36.8,34.6,33.9,33.9,33.7,33.9,34.0,34.8,36.1,36.9,38.6
22:35:37.429,79.2,50.0,65.3,72.0,69.6,65.1,65.2,59.6,60.4,56.8,55.2,57.8,55.6,52.6,52.3,52.6,50.0,48.8,47.1,45.4,45.3,43.6,41.5,40.7,40.2,38.3,37.4,36.9,36.4,33.8,33.7,33.6,33.4,33.8,34.0,34.7,35.9,36.9,38.3
22:35:38.429,84.0,51.4,69.6,74.4,68.6,67.6,66.1,59.2,60.2,65.4,63.6,62.3,60.4,58.0,57.2,57.1,54.8,53.1,50.7,48.4,47.2,44.5,41.5,41.2,39.7,38.2,37.3,37.5,37.0,35.2,34.9,34.3,34.2,34.1,34.4,35.2,35.9,37.0,38.2
22:35:39.429,87.2,52.5,72.4,81.6,78.7,72.8,68.5,64.4,64.6,65.4,68.4,62.0,66.4,61.0,61.0,57.9,58.4,54.1,53.1,50.7,48.4,44.1,42.3,40.9,40.2,38.3,37.5,37.5,36.9,34.0,35.3,34.4,33.9,34.1,34.3,35.1,36.1,37.0,38.5
22:35:40.429,86.9,53.5,74.0,77.8,71.2,75.8,76.6,69.5,69.2,73.6,67.4,67.1,65.2,62.6,60.7,61.3,58.5,57.1,54.7,52.7,49.8,45.6,43.5,41.4,40.1,38.9,37.4,36.9,36.7,35.3,34.3,34.0,33.4,33.5,33.9,35.0,35.7,36.9,38.3
22:35:41.429,87.3,54.2,75.4,76.1,76.2,75.7,75.0,72.1,70.9,71.2,69.9,64.9,66.2,64.0,63.1,62.2,61.0,58.6,55.3,53.0,49.6,47.4,45.0,42.1,40.4,38.9,37.2,37.1,36.8,34.0,34.6,33.9,33.5,33.8,34.2,34.8,36.0,36.9,38.4
22:35:42.429,89.3,54.5,75.6,77.3,74.2,77.1,73.7,69.0,71.6,71.1,71.3,65.3,65.8,61.8,61.8,62.6,61.5,56.4,56.3,53.8,51.1,47.3,44.5,42.4,40.3,39.1,38.2,37.0,36.2,34.2,34.1,33.9,33.7,33.8,34.3,34.6,35.9,36.9,38.5
22:35:43.429,86.6,55.3,75.4,79.0,80.9,79.1,70.8,72.0,69.7,70.9,67.4,68.6,69.0,66.4,65.5,62.1,59.0,58.4,56.1,52.8,51.5,48.1,45.3,43.8,42.8,41.6,40.8,39.8,37.8,35.5,35.5,34.3,34.1,34.1,34.1,34.9,36.0,37.0,38.5
22:35:44.429,87.2,55.6,76.9,80.9,80.6,81.0,76.5,75.8,75.8,69.0,70.2,71.1,66.4,66.2,62.3,64.7,59.5,58.0,56.0,55.8,52.6,49.4,46.1,43.3,41.9,41.9,39.7,38.2,37.3,34.7,34.6,33.8,33.9,33.5,34.2,35.0,35.8,36.9,38.3
22:35:45.429,88.6,56.3,78.3,80.0,81.7,79.1,74.1,79.3,78.9,74.1,69.2,69.6,68.1,62.6,63.6,63.3,61.2,61.1,59.4,56.4,52.1,49.8,46.0,43.5,41.9,41.3,39.6,38.0,36.5,34.6,34.7,34.2,33.5,33.7,34.1,34.9,36.0,36.8,38.1
22:35:46.429,91.0,57.8,81.1,81.6,82.3,82.3,81.8,85.2,77.5,77.5,74.3,69.2,72.6,67.0,63.7,63.4,60.8,61.4,60.1,58.6,55.4,51.7,48.3,44.6,42.8,41.3,39.3,38.5,37.1,35.1,34.9,34.6,34.0,34.0,34.3,35.1,36.1,37.0,38.4
22:35:47.429,93.7,58.6,83.7,82.0,83.9,85.6,85.7,86.3,81.8,81.7,74.0,72.4,69.4,66.7,64.9,65.4,65.3,62.3,59.2,59.1,56.8,52.6,48.7,45.8,44.0,40.6,39.6,38.9,36.7,34.1,34.1,33.9,33.5,33.7,33.8,34.8,35.9,36.9,38.0
22:35:48.429,94.7,60.1,87.2,82.5,84.8,84.7,82.7,81.4,85.3,85.0,79.9,74.8,72.8,67.9,69.4,67.2,64.8,64.3,63.1,61.0,57.2,54.1,50.9,47.5,43.7,41.3,39.3,38.4,36.7,34.1,34.6,34.0,33.6,33.7,34.0,34.9,35.7,36.8,38.1
22:35:49.429,97.3,60.3,89.7,81.5,79.5,81.4,83.7,89.4,92.9,86.0,81.2,79.6,71.7,68.7,70.2,66.4,65.4,62.6,61.3,59.6,57.9,52.6,51.1,48.0,46.2,43.9,39.5,39.8,37.5,34.5,34.5,34.1,33.4,33.5,34.2,34.9,35.7,36.9,38.4
22:35:50.429,99.4,63.3,92.8,83.2,87.6,88.3,89.2,90.6,95.3,91.2,84.8,79.9,76.3,72.6,70.5,74.1,67.1,63.6,62.4,62.9,61.6,56.3,56.0,53.6,50.4,47.1,44.6,42.4,41.1,37.5,35.5,33.9,33.4,33.5,33.8,34.8,35.8,36.6,38.0
22:35:51.429,100.7,66.3,95.1,78.1,83.1,86.7,90.8,91.0,93.2,93.4,92.5,87.3,83.6,75.4,74.9,69.9,66.3,66.5,65.6,65.5,63.8,61.2,60.0,56.9,54.0,50.9,48.3,46.7,45.2,40.7,38.0,35.1,34.0,33.7,34.0,34.9,35.9,37.1,38.3
22:35:52.429,101.1,66.0,96.2,84.4,80.5,84.4,93.8,92.3,90.6,95.3,95.3,89.3,85.3,77.7,72.2,72.5,68.8,65.3,64.1,64.2,63.3,57.6,56.9,53.2,50.6,47.2,44.4,43.0,41.1,37.4,35.9,34.6,33.9,33.8,34.2,34.9,36.0,36.9,38.3
22:35:53.429,101.0,69.0,96.1,84.6,87.6,89.3,89.8,91.7,92.3,90.3,94.6,90.9,87.2,82.6,79.4,74.8,70.1,70.0,67.7,65.8,66.1,63.3,61.0,57.1,58.0,53.7,48.1,48.4,45.4,41.3,38.2,35.5,34.5,34.1,34.1,34.9,36.0,36.8,38.5
22:35:54.429,104.5,71.2,100.1,84.9,88.2,93.7,92.9,90.4,95.6,97.1,98.0,97.6,89.1,85.2,81.1,77.4,74.0,72.6,68.8,68.7,69.2,64.0,60.6,59.2,58.3,54.4,52.0,49.9,46.3,43.1,39.4,36.2,34.5,34.1,34.2,34.9,36.2,37.0,38.4
22:35:55.429,107.3,76.5,103.8,87.2,87.6,94.4,97.1,91.4,95.4,101.5,99.0,100.8,95.4,89.8,89.3,86.2,79.3,73.4,71.7,71.4,72.2,69.1,66.7,65.7,62.2,57.9,56.8,55.2,54.4,50.1,46.4,41.3,38.0,35.1,34.2,34.8,35.8,36.9,38.1
22:35:56.429,111.1,82.3,108.1,92.5,94.2,95.7,96.5,92.4,97.7,101.4,105.1,104.1,100.8,91.7,91.6,87.7,84.4,82.3,78.1,79.1,79.2,76.8,74.0,70.1,66.9,66.5,64.1,63.3,60.9,56.7,54.3,48.8,46.0,43.1,38.2,36.0,35.9,37.1,38.5
22:35:57.429,110.1,83.9,106.4,79.1,86.1,93.7,99.8,100.4,96.5,100.7,104.2,100.9,97.1,93.4,93.4,90.1,85.9,84.3,86.4,85.3,82.9,78.6,74.3,68.1,69.1,67.4,61.6,60.8,57.0,54.0,50.6,44.6,39.0,35.4,34.2,34.5,35.5,36.7,38.0
22:35:58.429,110.3,86.4,106.4,85.3,90.7,98.9,99.4,99.2,101.5,103.9,102.2,101.4,99.3,92.0,93.5,90.5,91.7,87.5,86.5,85.0,83.5,81.6,79.9,75.6,73.8,73.5,70.4,65.6,62.1,59.8,56.7,52.4,47.1,48.6,41.9,36.0,36.0,36.8,38.0
22:35:59.429,109.5,90.1,105.7,87.5,93.3,99.3,100.3,98.6,99.3,99.0,100.1,97.7,98.4,94.7,95.0,93.2,93.7,90.9,89.9,89.1,89.0,86.6,85.7,82.1,80.4,73.7,67.7,66.8,63.1,58.4,54.9,48.8,43.8,44.3,38.5,35.3,36.2,37.1,38.4
22:36:00.429,109.3,93.5,106.3,91.9,92.7,91.0,98.0,100.0,99.3,98.8,101.6,100.4,98.1,93.4,93.4,93.1,92.4,92.6,91.7,92.5,92.8,89.4,88.6,85.2,83.8,81.4,78.9,76.8,73.9,67.7,64.7,58.9,56.6,53.5,46.7,37.1,35.9,36.9,38.2
22:36:01.429,112.5,94.6,109.5,90.1,95.5,97.6,100.0,104.1,102.5,103.7,102.9,103.1,101.7,99.2,101.4,99.7,96.6,93.6,94.4,94.6,93.2,90.4,88.4,84.5,83.0,77.0,70.0,70.2,68.6,62.6,61.8,57.9,53.4,50.5,41.8,36.7,36.2,37.0,38.3
22:36:02.429,110.4,89.0,106.8,96.9,94.2,92.9,98.8,94.8,96.5,99.7,99.9,97.6,96.9,98.7,98.6,95.2,92.6,91.0,90.4,89.0,84.5,78.9,78.4,74.5,71.0,66.1,61.6,59.6,55.4,50.6,46.3,42.1,38.5,36.6,34.8,35.0,35.9,36.8,38.4
22:36:03.429,110.8,89.7,107.0,98.5,97.5,99.1,98.3,99.9,100.2,98.5,99.0,99.7,99.8,99.5,96.3,95.2,94.8,93.4,92.1,90.3,87.0,82.9,81.6,76.8,75.3,71.3,65.6,59.2,55.8,52.2,47.5,42.4,38.2,35.6,34.0,34.8,36.1,37.7,38.7
22:36:04.429,111.1,92.9,107.6,95.6,94.9,99.8,103.5,101.2,101.9,103.2,99.7,94.3,98.4,99.7,98.4,94.6,94.9,95.0,94.2,93.8,90.7,87.8,86.9,82.2,82.5,78.4,74.4,75.8,74.0,71.4,69.0,63.6,57.8,54.4,47.9,40.9,37.0,37.9,38.5
22:36:05.429,110.2,86.1,105.7,95.4,94.7,95.4,102.6,103.1,99.7,99.0,99.7,97.8,98.8,97.9,92.1,90.0,91.2,90.7,86.8,85.3,81.2,77.0,76.1,71.8,67.3,61.7,60.2,58.7,53.9,50.2,44.1,38.4,35.7,34.2,34.0,34.8,35.7,37.2,38.1
22:36:06.429,109.6,87.3,105.6,96.9,96.9,97.1,98.1,99.0,103.4,99.0,97.6,100.0,97.7,95.4,92.6,93.3,94.6,91.7,89.3,88.3,85.6,81.7,77.9,70.1,67.3,62.9,57.5,54.0,51.2,46.8,42.0,36.5,34.3,33.4,33.6,34.5,35.6,36.7,37.8
22:36:07.429,111.1,90.3,106.9,96.9,99.3,100.0,98.4,103.4,101.2,99.2,100.6,103.0,99.4,96.2,94.5,94.8,94.9,93.7,91.4,90.2,88.2,84.6,83.5,77.4,77.1,76.2,74.0,73.9,71.5,68.6,65.6,62.8,61.2,59.4,52.6,44.4,38.1,38.1,38.8
22:36:08.429,110.7,86.8,106.0,96.6,95.6,97.5,101.2,103.4,100.9,98.5,98.7,99.1,96.5,96.1,94.6,95.0,93.2,90.5,88.4,86.8,82.8,77.1,74.4,69.5,66.6,63.4,61.8,60.9,57.8,52.9,50.0,44.4,41.9,41.0,38.3,36.4,35.8,36.9,37.9
22:36:09.429,111.6,92.8,107.6,99.1,100.1,95.5,99.2,99.9,103.7,102.1,101.5,101.8,97.8,95.1,95.3,96.7,96.8,93.7,92.5,91.7,90.5,88.1,86.4,82.6,81.0,79.7,77.5,77.2,74.5,71.8,65.4,58.4,56.2,52.6,43.4,39.3,37.6,36.8,37.8
22:36:10.429,114.1,93.0,109.0,98.5,102.6,105.2,105.5,104.9,105.1,100.9,101.3,104.7,101.1,99.2,98.4,99.2,97.9,96.4,95.1,95.3,92.0,88.4,87.2,83.8,83.6,80.6,77.6,76.1,73.5,71.5,67.3,63.8,61.2,60.7,51.4,46.2,38.1,37.0,37.9
22:36:11.429,112.5,88.0,107.8,95.5,99.0,100.1,101.6,102.2,101.1,102.3,103.7,100.8,95.8,96.4,97.7,95.7,93.4,91.2,87.7,85.2,82.2,75.9,73.4,70.1,67.8,63.8,61.0,59.0,53.0,49.4,45.0,40.3,37.5,35.4,34.6,34.9,36.2,37.9,39.0
22:36:12.429,112.3,91.9,108.5,95.1,98.2,101.9,103.2,102.0,101.3,100.6,103.0,102.5,98.4,99.4,101.3,97.9,97.9,95.0,93.9,93.4,91.0,87.6,87.0,83.1,80.0,79.1,75.9,74.3,72.7,71.8,65.3,63.4,58.6,55.0,52.2,47.9,45.4,39.6,39.0
22:36:13.429,112.0,88.9,107.4,97.3,95.2,99.3,97.9,103.4,102.3,102.8,103.3,100.2,96.8,99.8,97.1,96.3,96.1,93.5,91.4,89.7,86.5,81.7,79.5,75.9,75.1,72.9,70.1,67.6,67.1,66.2,61.3,57.7,51.9,48.8,39.1,35.1,36.0,37.7,38.7
22:36:14.429,111.5,88.8,106.8,101.4,102.5,98.4,96.5,99.6,99.3,101.2,99.9,98.5,95.8,97.6,98.2,96.4,94.5,91.3,90.6,87.9,85.2,81.5,79.8,74.6,72.5,67.9,65.7,64.3,59.5,55.8,46.9,41.4,36.9,34.7,34.2,34.6,36.0,37.8,38.6
22:36:15.429,110.7,86.1,105.8,95.9,101.5,100.4,102.7,101.9,101.6,99.0,99.7,98.6,98.6,98.2,96.8,94.0,91.9,91.1,88.3,87.4,84.4,81.3,78.6,73.8,69.7,67.6,63.6,60.0,54.4,48.4,42.6,37.9,34.6,34.0,34.2,34.9,36.3,37.9,38.8
22:36:16.429,110.9,87.5,105.0,92.0,97.1,100.9,101.7,100.7,102.3,96.3,96.0,96.7,95.3,98.4,94.2,96.7,91.9,91.6,89.8,89.7,87.3,84.4,81.6,77.1,74.7,71.4,66.6,63.9,59.9,54.7,48.2,40.7,36.7,34.8,33.8,34.8,36.1,37.6,38.3
22:36:17.429,111.9,86.4,105.6,99.9,99.3,104.6,105.5,98.2,98.8,97.8,103.1,98.0,98.7,95.3,94.9,92.4,91.0,89.6,87.2,87.1,84.6,81.5,79.4,74.3,70.2,63.1,58.3,58.7,56.6,53.4,47.6,39.8,36.3,34.0,34.0,34.7,35.9,37.5,38.3
22:36:18.429,111.5,85.9,106.2,102.7,102.7,100.1,98.2,99.4,103.0,101.9,99.8,97.4,99.9,99.4,97.6,94.1,91.2,90.0,88.5,86.9,84.3,79.8,77.9,74.4,71.9,68.9,64.5,64.0,60.3,57.0,51.9,47.1,43.0,40.6,35.4,34.9,35.9,37.6,38.4
22:36:19.429,111.0,88.1,106.2,94.6,98.0,101.4,102.7,102.6,97.6,100.0,101.8,98.5,97.4,98.4,96.0,91.9,90.1,88.6,85.1,85.3,83.3,82.3,81.4,78.8,77.5,74.9,72.0,70.5,65.0,63.9,56.8,54.2,50.3,46.6,36.8,35.3,36.2,37.8,38.5
22:36:20.429,109.2,81.0,103.1,99.3,100.3,97.6,97.2,99.6,97.8,99.3,95.6,96.6,93.9,95.9,92.4,90.1,87.1,84.6,79.7,80.6,77.9,73.6,71.0,67.1,64.1,60.1,56.1,52.3,48.0,43.8,37.1,34.7,33.6,33.7,33.8,34.6,35.8,37.2,38.5
22:36:21.429,109.8,80.9,102.4,99.0,99.9,100.1,102.3,98.6,98.7,95.1,94.4,97.4,93.5,90.6,89.7,85.5,86.3,85.5,83.9,81.3,77.8,75.0,71.1,66.8,61.6,55.8,51.3,48.7,45.6,42.5,38.1,34.9,33.8,33.7,34.1,34.9,36.4,37.9,38.5
22:36:22.429,110.4,83.8,103.4,101.0,103.5,100.9,99.5,99.2,98.7,97.9,98.2,96.9,94.0,93.3,90.1,88.4,87.8,85.3,84.0,83.4,81.5,78.4,75.9,72.9,70.7,68.4,63.7,59.0,55.5,52.7,45.3,39.3,36.2,34.1,34.0,34.9,36.1,37.7,38.7
22:36:23.429,109.3,82.5,103.6,97.0,98.8,99.7,100.6,99.8,96.9,101.0,99.3,96.7,96.2,93.1,90.2,89.7,85.4,84.2,82.6,80.6,78.0,74.8,73.0,69.3,64.4,57.4,52.5,50.5,45.3,42.7,38.2,34.9,33.7,33.8,33.9,34.7,36.1,37.7,38.3
22:36:24.429,109.0,83.4,103.3,96.6,99.7,98.3,96.5,97.1,93.3,96.5,95.5,97.0,96.1,93.5,90.6,89.2,88.1,85.9,83.7,82.1,78.5,72.8,67.8,65.1,61.0,57.9,51.4,47.4,43.2,40.8,39.2,36.6,34.5,33.8,34.1,34.8,36.1,37.6,38.8
22:36:25.429,109.5,79.7,102.9,96.3,97.5,98.9,101.4,100.2,98.4,99.6,96.8,95.8,96.1,91.6,91.1,87.2,86.3,83.3,81.7,78.3,77.0,75.7,73.3,69.4,65.2,60.0,54.4,48.9,44.0,44.3,39.5,34.9,33.5,33.5,33.9,34.6,36.2,37.6,38.5
22:36:26.429,108.3,82.0,102.2,97.1,95.8,97.8,102.5,98.6,95.6,98.0,96.9,94.1,96.4,94.1,90.4,91.4,89.6,87.2,84.4,84.1,82.2,78.3,74.2,68.8,62.2,57.0,56.0,55.8,50.2,46.1,39.3,36.5,34.1,33.9,34.3,34.9,36.5,38.1,38.7
22:36:27.429,107.9,79.7,101.7,97.4,98.3,99.2,97.8,92.9,94.4,97.5,96.3,95.9,97.4,89.6,90.9,87.6,86.3,84.5,81.4,78.4,74.9,72.1,67.9,64.2,61.8,56.9,53.2,50.1,43.1,39.1,36.4,34.4,33.6,33.5,34.0,34.7,36.0,37.6,38.3
22:36:28.429,107.5,75.0,100.7,98.2,96.3,96.4,98.6,98.0,95.0,97.5,91.9,94.4,92.8,87.8,87.7,84.7,81.9,78.6,76.3,73.5,70.1,64.3,57.0,52.0,48.4,43.6,39.8,38.4,37.2,35.0,35.4,34.5,33.5,33.6,34.1,34.8,36.2,37.5,38.4
22:36:29.429,106.6,78.1,101.1,96.7,94.3,93.2,94.4,93.4,95.0,98.6,98.2,95.5,92.6,91.0,87.0,86.9,82.7,80.9,80.7,80.4,77.1,74.3,69.5,65.9,61.2,55.0,49.2,45.3,42.7,38.9,35.8,34.1,33.5,33.6,33.9,34.8,36.2,37.8,38.7
22:36:30.429,109.2,80.4,103.4,100.8,100.1,96.3,97.6,100.9,98.9,101.1,98.1,99.3,93.0,93.3,90.2,88.4,86.5,85.3,83.7,80.9,78.7,75.0,70.8,68.7,66.2,60.7,57.9,53.2,50.3,47.0,40.6,35.5,33.4,33.7,33.8,34.7,36.2,37.8,38.6
22:36:31.429,109.4,79.7,102.9,98.1,98.2,101.0,96.6,94.7,98.2,98.3,100.4,96.5,92.9,93.9,89.3,88.0,84.5,80.6,76.6,75.7,74.3,73.3,70.7,67.6,64.2,60.5,54.6,46.2,41.1,38.3,36.1,34.1,33.4,33.4,33.6,34.4,36.0,37.7,38.3
22:36:32.429,106.9,75.2,99.3,94.2,96.1,95.0,96.1,95.1,96.1,94.9,94.0,91.6,90.7,89.2,86.4,85.7,80.5,80.6,77.7,75.4,73.0,70.4,65.8,62.2,58.1,53.9,49.1,42.8,37.7,34.8,34.3,33.8,33.2,33.4,33.7,34.7,35.7,37.1,38.2
22:36:33.429,107.4,76.0,99.6,94.1,100.5,98.9,94.6,99.4,97.7,94.7,94.1,89.6,92.2,88.4,86.1,84.9,82.3,81.2,78.4,76.2,72.5,70.4,66.6,64.6,59.8,54.5,50.9,45.9,38.3,35.6,34.8,33.8,33.2,33.4,33.8,34.7,35.9,37.3,38.2
22:36:34.429,106.7,74.9,99.3,96.7,95.8,92.8,94.4,93.2,91.6,96.6,95.2,91.0,89.7,87.0,87.4,84.5,80.2,78.2,74.8,72.3,70.7,64.3,59.1,55.9,50.3,46.4,39.4,37.8,36.3,34.3,34.2,33.7,33.7,33.2,33.6,34.5,36.1,37.7,38.4
22:36:35.429,107.5,78.0,100.6,91.0,90.6,99.4,99.1,97.4,100.6,97.3,97.1,94.1,90.5,91.1,89.8,87.0,85.9,84.4,81.6,79.7,77.0,73.3,68.3,63.4,59.4,57.8,53.0,45.5,40.7,37.5,35.0,33.8,33.3,33.4,33.8,34.7,36.1,37.5,38.3
22:36:36.429,107.2,74.2,99.3,99.1,95.6,93.2,97.3,96.5,97.4,95.8,95.6,89.7,91.2,86.7,87.8,85.4,81.8,78.7,75.8,71.9,68.3,63.8,61.2,56.4,47.0,42.8,40.0,37.9,36.8,35.2,34.8,33.7,33.1,33.4,33.7,34.6,36.0,37.3,38.2
22:36:37.429,107.4,74.7,100.2,93.2,96.1,100.8,98.4,93.8,99.2,98.1,95.5,92.2,89.8,89.0,86.2,84.5,82.0,79.5,76.9,72.7,68.3,66.7,64.5,58.9,52.8,51.0,42.6,39.8,38.1,35.2,35.2,34.0,33.4,33.5,33.7,34.7,35.9,37.4,38.3
22:36:38.429,106.0,73.4,98.0,93.3,95.9,95.2,89.7,96.6,94.6,96.7,92.5,87.3,89.5,87.7,86.0,84.2,81.4,78.6,75.2,72.6,69.5,64.0,60.7,57.5,51.4,47.4,41.1,37.8,37.2,34.4,34.6,33.9,33.3,33.4,33.6,34.7,35.9,37.4,38.3
22:36:39.429,106.9,75.7,99.5,94.9,93.3,94.0,92.5,97.4,96.2,92.6,95.9,89.4,91.4,88.4,86.1,83.2,82.1,79.7,76.5,73.9,69.2,62.2,58.0,55.4,49.3,43.6,40.8,38.4,37.1,35.5,35.3,34.0,33.7,33.9,33.8,34.8,35.7,37.2,38.1
22:36:40.429,106.4,73.7,98.5,95.3,94.9,96.3,93.8,93.6,93.5,96.1,92.3,93.3,88.3,87.1,86.3,83.3,79.9,76.9,74.6,72.6,69.1,65.4,60.4,55.0,49.6,43.8,40.3,38.7,37.2,34.7,34.6,34.3,33.7,33.4,33.7,35.1,36.1,37.1,38.2
22:36:41.429,105.6,72.0,97.4,95.4,94.8,94.4,95.3,94.3,96.1,94.2,91.3,87.0,87.5,87.1,86.4,81.8,78.0,77.4,74.1,71.0,66.8,62.0,55.3,48.7,45.5,40.8,39.2,38.1,37.0,34.4,34.4,33.9,33.6,33.5,34.1,35.1,36.3,37.0,38.6
22:36:42.429,106.0,73.2,98.4,93.5,93.1,94.3,97.0,96.8,96.0,93.8,91.7,88.4,86.1,85.9,82.9,80.4,78.2,74.7,71.8,69.0,66.1,62.0,58.3,54.3,49.0,44.1,41.6,39.4,38.8,36.0,35.3,34.8,34.2,33.5,33.8,34.9,36.1,37.0,38.2
22:36:43.429,105.9,71.4,97.0,97.1,95.6,98.1,98.4,95.9,96.7,94.9,89.5,88.1,86.3,85.2,83.3,80.5,78.2,74.2,71.9,72.4,69.4,66.0,62.9,58.5,52.5,47.6,42.6,40.9,39.3,36.9,36.4,35.0,34.0,33.6,34.0,34.8,35.9,36.9,38.1
22:36:44.429,105.0,71.3,97.1,94.0,96.1,90.5,97.3,97.7,98.9,93.3,91.6,89.0,86.4,83.7,82.7,82.1,78.8,76.5,74.3,71.1,68.2,62.5,58.1,53.4,47.5,43.6,41.7,39.3,38.4,35.8,35.6,34.5,34.0,33.9,34.2,34.9,36.0,37.1,38.5
22:36:45.429,106.5,72.5,98.0,95.3,97.6,93.6,94.7,95.9,96.3,93.3,90.3,88.0,87.5,87.3,85.2,80.7,78.7,76.1,73.3,71.8,68.0,62.8,56.3,49.9,48.3,44.3,40.6,39.2,37.9,35.7,35.3,34.4,33.9,33.9,33.9,34.9,35.9,36.7,38.2
22:36:46.429,107.3,76.5,99.6,98.6,99.4,99.3,97.9,98.1,97.8,95.9,93.5,92.8,90.7,88.7,86.7,85.9,82.9,80.6,78.6,77.8,74.4,70.9,66.7,63.5,61.3,59.2,54.0,46.9,41.6,36.6,35.8,34.3,33.6,33.5,33.8,34.7,35.8,36.7,38.1
22:36:47.429,106.9,76.1,99.2,91.3,95.9,100.4,95.6,91.7,97.5,95.9,94.1,91.0,89.3,88.4,87.9,84.9,83.3,81.0,78.1,76.3,72.5,67.9,65.3,62.2,57.0,51.4,44.7,39.8,37.4,35.3,35.3,34.3,33.3,33.8,33.8,34.7,35.6,36.9,38.0
22:36:48.429,105.5,74.2,98.0,93.9,96.5,97.9,95.9,97.7,95.3,93.8,92.6,90.3,90.4,87.5,87.1,84.9,83.0,80.4,77.5,74.2,68.4,64.8,59.3,52.6,47.8,43.2,40.7,38.3,36.6,34.1,34.0,34.0,33.5,33.7,34.3,34.9,35.8,37.0,38.6
22:36:49.429,106.0,72.9,97.3,100.3,98.0,93.1,94.3,97.2,98.5,93.0,91.0,90.2,85.9,86.1,83.4,81.1,79.4,77.6,75.6,74.5,70.6,68.5,65.0,60.2,52.6,46.0,41.0,38.8,36.9,34.5,34.0,33.9,33.5,33.8,34.2,34.8,35.8,36.8,38.1
22:36:50.429,105.7,70.3,96.1,98.1,96.3,95.6,98.7,94.3,94.3,92.3,93.0,86.6,88.1,85.1,82.4,80.1,77.8,73.5,71.7,71.5,66.1,62.0,56.8,51.7,44.6,40.2,38.1,36.5,35.3,33.4,33.9,33.6,33.2,33.6,33.9,34.9,35.7,36.8,38.1
22:36:51.429,105.6,68.4,96.0,95.9,96.4,97.7,95.1,93.9,95.0,94.1,91.4,87.9,87.4,84.3,83.2,78.7,76.1,73.9,68.8,65.8,57.3,57.0,55.5,48.3,44.3,41.4,37.8,36.5,35.3,33.4,33.9,33.5,33.3,33.6,33.9,34.8,35.8,37.0,38.3
22:36:52.429,104.4,71.2,94.9,87.9,94.0,94.4,93.0,96.6,93.1,92.2,87.7,89.1,85.2,84.0,83.1,80.4,77.3,74.8,73.3,70.8,68.5,65.9,62.6,57.7,51.9,46.4,40.6,36.7,35.3,33.1,33.7,33.9,33.5,33.5,34.0,34.9,35.9,36.9,38.5
22:36:53.429,104.8,71.2,97.2,93.1,92.4,93.2,94.0,98.5,97.0,92.2,89.5,88.6,88.1,85.5,83.0,81.1,77.8,74.6,72.4,67.9,62.2,59.6,56.3,53.2,48.7,44.8,40.3,37.7,36.2,33.7,34.0,33.9,33.8,33.7,34.1,34.9,35.9,36.9,38.4
22:36:54.429,104.1,70.0,95.7,88.2,94.7,98.3,95.6,96.6,91.9,93.8,87.3,89.3,89.1,84.7,83.9,79.7,75.8,76.0,74.0,69.0,67.4,63.7,59.8,54.6,46.9,45.0,40.9,38.1,36.8,34.6,34.1,34.1,33.3,33.8,34.2,34.5,35.8,36.9,38.3
22:36:55.429,103.8,69.2,95.7,88.5,88.9,92.5,94.7,95.4,94.9,89.6,89.4,88.4,86.9,84.2,82.4,78.7,76.2,74.8,71.0,67.8,64.1,59.6,58.7,56.3,50.3,42.8,40.0,38.7,37.4,34.7,34.6,34.0,33.6,33.8,34.0,34.7,35.8,37.1,38.3
22:36:56.429,103.7,69.3,94.5,90.5,91.4,93.3,94.6,95.7,94.0,86.8,88.5,85.7,83.8,82.1,77.7,75.8,75.9,72.9,69.7,68.3,65.0,61.2,58.1,52.5,47.8,42.3,39.2,37.9,37.3,34.4,34.2,34.3,33.4,33.5,34.0,34.8,35.9,37.0,38.4
22:36:57.429,106.5,70.6,95.3,92.8,95.1,98.0,95.9,93.3,90.5,87.5,88.6,89.0,87.2,81.7,81.0,80.1,74.5,74.2,72.8,69.9,67.0,64.6,59.9,56.7,53.3,47.4,40.3,38.4,38.0,35.1,34.6,33.5,33.4,33.8,33.7,34.7,36.0,36.8,38.1
22:36:58.429,103.6,70.2,94.9,95.3,92.2,91.4,92.4,92.8,93.5,91.1,89.0,86.7,85.4,85.5,84.2,80.6,78.7,76.2,70.4,66.5,64.7,62.5,58.8,53.4,45.8,42.7,39.4,37.9,36.6,34.1,34.5,33.8,33.4,33.6,34.1,34.7,35.9,37.0,38.4
22:36:59.429,105.1,71.4,94.2,95.6,95.7,98.2,95.5,92.5,89.7,89.5,90.1,84.0,83.6,81.8,83.4,79.3,77.9,76.0,75.0,71.7,69.5,65.5,60.0,55.8,49.4,43.0,37.9,36.7,35.7,33.7,34.1,34.0,33.6,33.5,34.2,35.0,35.8,36.9,38.2
22:37:00.429,105.5,69.9,95.2,97.9,94.0,93.4,94.1,90.7,91.7,92.2,90.8,83.8,87.0,85.7,82.6,80.9,77.8,74.5,71.3,67.2,64.8,62.0,58.5,55.3,48.9,41.6,38.4,36.8,36.2,34.1,34.0,34.1,33.7,33.6,34.1,34.8,35.8,37.1,38.4
22:37:01.429,103.4,67.3,93.7,93.0,93.3,95.1,91.9,90.9,93.7,88.1,88.9,86.1,84.6,81.0,80.7,77.4,75.9,73.1,69.8,65.7,59.4,56.0,52.6,48.2,43.1,39.4,36.8,37.2,36.2,34.3,34.1,33.7,33.4,33.6,34.1,34.9,35.7,36.9,38.2
22:37:02.429,105.6,69.7,95.6,96.6,94.2,92.5,93.7,97.8,94.7,89.3,90.2,86.4,86.1,83.6,80.8,78.2,74.9,73.0,71.6,70.6,66.8,61.0,57.8,52.8,49.0,43.6,38.6,37.4,36.2,33.8,34.5,33.6,33.3,33.5,33.8,34.8,35.8,36.9,38.3
22:37:03.429,104.8,71.1,95.8,93.3,92.8,96.1,97.1,96.4,93.8,91.6,90.1,86.8,86.4,83.1,83.1,81.2,78.7,77.4,73.5,70.6,64.8,61.4,57.6,54.4,48.6,45.3,39.7,36.7,35.9,33.6,33.8,33.6,33.5,33.8,34.1,34.7,35.9,36.9,38.5
22:37:04.429,104.3,67.7,92.8,95.0,95.7,89.8,89.9,92.2,89.7,87.2,88.0,83.9,83.0,82.0,78.9,78.1,74.8,71.9,69.1,67.0,62.6,59.3,53.8,49.1,45.3,41.7,40.1,39.2,37.6,35.5,35.3,34.3,33.9,33.9,34.0,34.8,36.0,37.1,38.4
22:37:05.429,103.9,68.5,93.5,95.2,97.1,96.5,94.9,92.0,89.4,86.7,87.1,88.1,86.2,81.4,81.2,78.3,75.0,74.2,69.2,67.8,65.0,63.6,59.1,53.4,47.3,42.6,39.4,38.7,37.1,34.8,35.1,34.4,33.4,33.7,34.0,34.6,35.7,36.8,38.1
22:37:06.429,101.6,68.6,92.8,91.0,89.3,91.3,96.1,92.5,87.4,86.7,87.2,84.2,85.0,81.7,79.4,77.2,75.5,74.5,71.3,67.8,64.2,61.0,57.3,54.1,46.6,43.0,40.8,38.7,37.7,35.6,34.8,34.2,33.7,33.8,34.1,34.7,35.7,36.8,38.0
22:37:07.429,103.4,68.4,92.3,94.8,98.2,94.2,90.1,87.1,86.9,85.9,84.4,84.4,83.4,81.2,77.4,78.0,73.9,72.3,70.6,66.6,64.7,62.0,57.6,54.4,48.8,44.7,40.8,37.9,36.3,34.8,34.5,33.8,33.6,33.7,34.2,34.9,36.1,37.0,38.4
22:37:08.429,102.2,67.1,92.2,93.6,92.9,93.4,90.2,92.7,88.3,88.1,85.9,83.8,83.6,80.8,78.0,76.4,73.2,71.1,69.4,67.0,62.1,58.8,53.6,49.9,43.5,40.5,39.1,37.7,37.2,34.5,35.1,34.5,33.7,33.7,34.0,35.0,35.8,37.0,38.3
22:37:09.429,101.9,67.1,91.9,91.7,91.5,89.2,91.1,92.4,91.4,88.6,84.5,84.5,81.4,80.0,78.0,75.4,73.0,71.0,69.4,66.7,63.5,59.2,55.6,52.9,47.0,42.8,38.8,37.8,36.8,34.7,35.0,34.5,33.5,33.9,34.1,34.7,35.7,36.9,38.1
22:37:10.429,102.9,65.0,91.2,92.2,91.8,92.1,92.4,91.5,91.1,84.1,88.3,84.0,81.7,78.2,78.0,73.8,72.1,70.4,66.7,63.5,61.2,59.0,54.3,49.2,43.6,40.3,37.7,36.9,36.6,34.5,34.3,33.9,33.5,33.8,34.0,34.6,35.7,36.9,38.2
22:37:11.429,101.9,66.2,92.9,88.1,93.9,94.5,92.5,89.7,93.3,89.8,86.7,87.8,83.4,78.5,77.4,77.7,75.2,72.1,69.5,65.2,62.6,56.4,50.5,46.1,42.8,39.2,37.4,37.1,36.0,34.3,34.3,34.2,33.6,33.6,34.3,35.0,36.1,37.2,38.7
22:37:12.429,101.9,66.6,92.7,92.7,92.5,91.0,94.3,93.0,93.4,86.4,88.3,85.1,85.4,82.2,78.8,75.7,73.2,70.2,68.7,67.6,65.5,61.3,55.3,52.9,45.8,43.2,38.1,36.6,35.7,33.8,34.1,33.9,33.9,33.8,34.3,34.8,36.0,37.0,38.3
22:37:13.429,102.9,66.4,91.9,94.3,92.6,93.0,93.3,91.1,88.6,87.6,87.2,85.3,83.0,81.4,77.1,75.8,74.1,71.9,67.5,64.4,60.8,59.1,54.9,52.1,45.6,41.3,38.2,36.7,35.3,33.8,34.3,33.9,33.2,33.5,34.1,34.8,35.8,36.8,38.1
22:37:14.429,99.8,64.5,90.0,84.6,88.3,87.5,91.7,90.6,85.2,83.9,83.3,83.1,79.7,76.8,76.4,73.0,70.4,67.7,64.7,63.6,61.9,58.2,53.8,49.0,43.6,40.5,37.5,36.9,36.0,34.1,34.1,34.2,33.5,33.6,34.0,34.9,36.1,36.9,38.4
22:37:15.429,99.5,63.1,89.5,84.7,89.5,90.9,90.6,90.8,88.9,84.6,78.7,83.3,78.7,78.7,76.2,72.0,67.2,66.1,65.1,62.4,59.3,56.3,52.2,48.2,43.5,40.5,38.0,37.0,36.3,34.1,34.4,34.0,33.5,33.5,34.0,35.0,35.7,37.2,38.2
22:37:16.429,99.8,62.0,89.7,88.0,86.6,86.3,87.3,90.3,90.1,86.1,81.9,84.5,79.2,78.5,76.3,71.2,68.0,67.3,63.3,59.6,56.2,50.2,48.0,45.4,40.9,38.0,36.5,36.7,35.7,33.8,34.5,33.7,33.3,33.5,34.3,34.9,35.8,36.9,38.2
22:37:17.429,101.0,64.2,90.5,92.2,88.8,84.6,90.6,91.6,90.3,86.5,85.3,83.9,81.6,78.3,76.8,75.0,73.6,69.4,66.5,63.4,61.1,57.4,48.4,45.5,42.4,38.8,37.8,36.8,35.7,33.9,34.3,33.8,33.4,33.4,34.1,35.1,35.9,36.8,38.1
22:37:18.429,100.0,63.6,90.2,83.1,82.5,83.7,87.4,91.6,92.0,85.1,85.4,85.1,79.8,80.7,75.6,74.6,72.5,67.7,65.6,63.8,60.2,56.7,51.3,49.2,44.1,41.4,37.7,36.9,35.8,34.1,34.2,34.1,33.5,33.8,34.0,34.6,35.9,36.9,38.4
22:37:19.429,98.6,62.5,87.7,93.4,92.5,89.5,87.9,86.2,81.6,81.4,81.5,78.1,78.0,76.0,75.1,71.3,69.3,66.7,63.6,60.7,56.5,51.7,49.1,46.4,41.9,40.6,38.3,37.4,36.6,34.4,34.4,34.1,33.8,33.6,34.2,34.7,35.7,37.1,38.2
22:37:20.429,100.7,62.1,88.0,92.4,92.0,92.7,90.5,82.1,87.3,82.6,82.1,82.6,77.2,74.8,71.3,72.3,69.5,66.7,63.5,60.7,56.8,51.3,49.3,48.1,42.8,39.9,38.3,38.7,37.0,34.9,34.8,34.0,33.7,33.7,34.1,34.9,35.8,36.7,38.1
22:37:21.429,100.1,64.7,90.7,89.3,94.2,91.5,89.1,88.8,91.2,87.2,86.7,82.5,79.2,78.7,75.9,75.5,73.5,71.8,67.3,63.1,60.1,55.6,48.4,44.6,42.3,40.0,38.4,37.5,36.2,34.1,34.4,33.8,33.5,33.6,34.0,34.9,35.8,36.9,38.1
22:37:22.429,99.1,63.6,88.1,87.1,88.5,92.0,87.6,85.4,89.2,85.8,77.1,77.9,78.7,76.0,74.2,72.4,69.7,69.0,63.3,61.8,60.9,59.0,54.9,51.2,45.6,41.8,38.4,36.8,35.3,33.8,34.3,34.0,33.6,34.0,34.0,35.0,35.9,37.1,38.5
22:37:23.429,101.2,62.2,89.0,91.1,93.3,96.4,93.0,88.0,85.7,85.0,82.9,81.8,76.8,76.2,74.2,71.5,68.4,67.0,63.5,63.7,59.7,54.8,48.8,45.2,41.9,40.3,37.8,37.5,36.3,34.1,34.0,33.8,33.5,33.8,34.1,34.8,36.0,36.9,38.3
22:37:24.429,99.5,61.9,87.8,84.3,87.7,88.6,90.0,87.3,84.5,85.0,80.0,78.3,77.3,74.2,74.6,70.3,67.5,64.6,63.7,61.3,58.8,53.8,49.2,44.8,42.1,40.6,38.2,38.1,36.9,34.2,34.9,33.7,33.6,33.5,33.9,34.9,35.7,37.0,38.1
22:37:25.429,96.6,61.8,88.3,87.3,87.6,86.3,84.7,85.9,87.4,85.6,81.8,82.3,80.4,75.6,74.8,73.5,68.2,65.8,62.1,60.4,58.7,53.7,49.0,46.1,42.1,41.0,38.9,38.4,37.6,35.3,34.8,34.0,33.7,33.7,34.0,34.9,36.0,37.1,38.6
22:37:26.429,97.8,63.2,88.2,86.2,85.5,88.6,90.6,84.4,80.1,82.1,79.6,82.2,78.2,74.5,71.9,70.7,67.7,65.7,64.1,60.8,58.5,53.6,45.6,42.1,39.7,38.9,37.9,38.1,37.8,35.5,34.8,34.5,33.6,33.8,34.0,35.0,35.8,36.8,38.2
22:37:27.429,100.4,64.6,89.0,94.0,92.9,90.4,88.3,86.7,82.8,81.1,82.9,82.9,78.9,77.9,75.3,73.6,72.2,69.5,65.3,63.5,59.2,55.6,51.4,44.6,40.0,39.1,38.5,38.7,37.6,35.0,34.9,34.3,33.7,33.8,33.8,34.8,35.9,36.9,38.3
22:37:28.429,97.4,61.6,86.6,82.2,83.7,90.1,89.2,85.0,81.6,83.7,80.9,81.9,77.8,75.1,75.5,71.5,69.3,66.7,63.7,60.9,56.7,52.9,48.0,42.6,40.7,38.2,36.9,37.0,36.4,34.7,34.8,34.0,33.3,33.8,34.1,34.9,36.1,37.2,38.7
22:37:29.429,99.2,63.3,88.2,89.0,89.1,87.1,84.0,87.0,83.3,84.8,80.9,80.7,78.0,76.5,75.0,72.4,72.2,66.7,64.5,63.4,58.8,53.2,48.7,44.7,39.9,37.1,37.1,37.5,36.6,33.9,34.4,34.3,33.8,33.7,33.8,34.8,35.9,36.7,38.2
22:37:30.429,99.2,64.5,90.0,85.7,85.5,88.4,91.4,87.8,87.1,84.2,83.4,82.8,80.4,78.5,75.8,73.3,70.4,67.3,65.4,65.1,62.2,58.3,51.6,48.4,43.0,38.7,37.4,37.5,36.0,34.6,34.2,33.7,33.5,33.7,34.0,34.6,35.9,36.9,38.5
22:37:31.429,99.8,61.9,87.7,93.1,88.1,88.2,87.7,84.0,83.1,82.0,81.4,80.1,78.2,75.8,72.3,70.1,65.8,65.5,62.1,58.3,56.1,52.3,46.5,43.6,41.4,39.1,37.6,38.4,37.8,35.6,35.3,34.5,33.8,33.9,34.2,34.9,35.7,36.8,38.4
22:37:32.429,98.8,63.4,88.4,83.3,91.1,92.6,92.1,86.5,86.8,83.4,82.5,83.4,78.2,76.8,75.6,72.8,70.2,67.4,65.6,63.4,61.4,58.8,53.1,49.1,43.8,40.8,38.3,37.6,37.6,35.5,34.9,34.1,33.6,33.8,34.0,34.6,35.9,36.7,38.0
22:37:33.429,99.3,64.4,87.9,88.7,85.8,86.8,87.2,87.5,87.3,83.0,79.4,80.4,78.9,77.3,74.4,71.3,71.2,68.7,65.7,63.3,59.9,56.1,52.7,48.5,44.2,41.2,37.9,37.1,37.0,35.1,34.6,34.2,33.6,33.8,34.2,34.8,36.0,37.0,38.4
22:37:34.429,98.8,63.6,88.6,88.8,87.4,86.9,85.5,85.1,81.8,85.6,81.2,83.2,76.9,75.8,73.3,71.3,70.0,68.0,65.1,62.2,59.1,55.7,50.9,46.2,41.1,39.5,37.5,37.7,37.2,34.8,34.6,34.6,34.0,34.0,34.3,34.8,35.8,36.9,38.3
22:37:35.429,98.7,62.6,87.4,85.4,79.9,87.0,89.0,86.0,84.9,83.9,81.5,78.6,78.3,74.4,72.4,71.1,69.6,66.6,62.7,62.1,57.5,52.8,46.7,45.0,41.5,39.1,37.7,36.6,36.0,34.3,34.3,33.9,33.5,33.6,34.1,34.7,35.8,37.0,38.3
22:37:36.429,97.2,63.9,87.7,87.7,89.3,88.0,89.0,87.3,85.6,82.1,82.5,80.2,79.5,76.1,73.4,71.3,70.1,68.0,67.2,61.8,60.5,57.0,51.5,44.6,42.2,40.4,37.8,36.4,35.7,34.0,34.0,33.7,33.3,33.8,33.9,34.7,35.7,36.9,38.2
22:37:37.429,97.8,63.9,87.4,81.5,85.0,86.7,83.7,82.4,84.4,82.7,80.8,79.3,77.1,80.1,75.2,72.6,70.4,67.2,64.2,62.8,59.5,55.6,50.5,43.7,40.8,39.2,38.0,37.2,36.0,34.2,33.7,33.9,33.3,33.8,34.0,34.7,35.8,36.8,38.4
22:37:38.429,98.2,63.6,88.7,90.0,89.8,90.8,88.6,85.4,84.5,85.5,81.3,80.9,79.0,78.8,78.5,74.2,72.4,69.3,66.0,61.0,55.6,50.3,48.2,44.7,42.8,40.9,38.2,37.2,36.9,33.9,33.9,34.0,33.2,33.5,33.9,34.9,35.7,37.0,38.1
22:37:39.429,96.8,61.3,87.1,87.5,87.8,85.9,83.3,85.5,87.7,83.5,82.3,80.3,78.3,76.1,74.2,72.3,69.8,66.6,64.1,58.2,53.7,52.2,49.0,42.6,40.5,40.3,38.3,37.2,37.0,34.9,34.5,33.9,33.3,33.8,34.1,34.8,36.0,36.9,38.4
22:37:40.429,98.4,61.9,88.0,84.6,87.2,92.1,88.5,86.1,87.4,86.1,81.9,82.4,76.9,77.4,74.8,71.8,69.6,67.4,63.2,61.3,58.0,53.1,50.4,47.5,43.0,41.3,38.9,37.0,36.3,34.2,34.6,34.3,33.6,33.6,34.0,34.8,35.9,37.0,38.3
22:37:41.429,98.9,62.6,88.4,89.7,87.0,81.9,86.8,85.4,87.3,84.1,82.7,80.1,79.3,76.6,74.4,70.7,70.8,66.1,63.9,60.0,56.9,56.1,50.7,45.6,43.0,41.0,39.9,37.7,36.8,34.4,34.4,34.7,34.0,34.1,34.1,34.6,35.9,37.0,38.3
22:37:42.429,98.9,63.4,88.4,85.3,88.8,90.7,89.3,84.8,88.2,81.9,83.7,81.6,78.5,77.7,75.9,73.5,72.1,69.4,64.1,60.8,57.3,52.2,48.5,47.0,43.6,41.9,39.5,38.0,36.7,33.9,34.6,34.5,33.8,33.7,34.0,34.8,35.8,36.9,38.2
22:37:43.429,96.6,65.1,86.8,86.2,89.1,89.7,84.6,85.7,83.4,81.9,80.9,79.3,78.7,78.1,75.0,72.9,73.2,70.3,68.2,66.5,63.2,58.7,53.3,50.2,45.8,43.6,40.2,38.3,37.8,35.0,34.9,34.2,33.7,33.7,34.1,34.8,35.8,37.0,38.1
22:37:44.429,98.1,62.8,87.5,90.8,90.3,87.3,83.0,85.8,84.7,82.0,81.7,79.4,77.9,73.3,74.5,72.7,69.5,66.6,65.0,61.2,57.9,54.4,49.9,45.8,41.7,41.0,39.3,37.3,37.4,35.4,34.7,34.0,33.5,33.6,34.1,34.9,35.9,37.0,38.0
22:37:45.429,99.1,60.6,87.8,90.5,89.1,87.4,88.5,83.2,86.2,84.9,80.0,77.8,78.0,74.7,74.2,70.7,66.0,64.5,62.5,56.9,55.0,50.2,44.9,43.4,41.9,39.6,38.1,37.7,36.7,34.2,34.3,34.3,33.7,33.6,34.1,34.9,35.9,37.0,38.3
22:37:46.429,97.4,58.2,83.8,84.9,83.9,85.3,85.2,83.3,77.9,76.3,79.3,78.7,75.7,72.2,73.2,69.1,64.6,61.6,59.8,54.4,52.6,49.6,46.4,42.6,41.6,39.7,37.9,37.7,36.6,34.4,34.8,34.3,33.6,33.4,33.8,34.8,35.7,36.7,38.1
22:37:47.429,97.5,60.6,85.6,89.4,84.5,82.9,84.3,83.8,83.6,81.8,81.0,78.0,76.9,73.7,71.1,69.1,66.7,62.9,63.0,61.5,58.1,51.8,47.7,45.9,42.7,40.4,38.6,37.8,37.8,35.2,34.9,34.2,33.4,33.6,34.0,34.8,35.9,36.9,38.4
22:37:48.429,98.1,60.1,86.5,88.9,87.3,90.0,85.8,80.4,82.4,82.1,79.7,76.0,74.7,72.7,69.5,67.1,67.2,63.7,57.2,54.5,51.7,49.8,44.7,41.7,41.3,39.4,38.4,38.3,37.3,34.7,34.2,34.2,34.1,33.9,33.9,34.7,36.1,37.1,38.5
22:37:49.429,96.7,59.3,84.8,89.1,88.5,83.8,85.5,84.8,80.0,78.4,77.2,76.2,74.4,74.5,73.0,69.5,65.4,63.5,57.6,56.9,55.5,49.5,46.1,43.8,40.5,39.5,38.0,37.9,36.9,34.5,34.1,33.8,33.4,33.6,34.0,34.8,35.7,36.8,38.0
22:37:50.429,96.2,61.0,84.7,81.1,80.4,88.1,85.5,81.0,78.3,80.9,79.8,76.2,75.6,75.3,72.0,68.6,69.3,67.1,63.4,59.7,56.7,53.3,46.3,43.1,40.2,39.2,37.8,38.2,37.6,35.0,34.5,34.1,33.5,33.5,34.0,34.7,35.8,36.7,38.3
22:37:51.429,97.8,61.6,86.3,90.4,90.5,85.5,84.5,84.3,84.0,82.1,79.1,81.6,76.7,75.6,73.3,70.7,67.8,63.6,60.2,61.0,59.9,55.9,50.6,48.7,42.6,41.5,40.1,39.4,38.6,35.3,34.3,33.9,33.9,33.8,33.9,34.7,35.9,37.0,38.5
22:37:52.429,95.3,59.6,85.0,87.1,86.8,83.6,78.6,79.0,81.6,81.3,79.5,79.0,75.2,74.0,72.9,68.7,65.7,63.3,60.2,57.1,52.5,52.0,47.2,44.2,41.2,40.8,40.9,40.5,39.3,36.4,35.5,34.4,33.8,33.7,34.3,34.6,35.9,36.9,38.3
22:37:53.429,95.1,61.0,85.9,85.6,88.4,82.6,80.0,84.2,84.9,80.3,80.9,81.4,76.0,74.5,74.6,70.4,66.5,64.7,62.5,61.4,58.5,51.6,46.3,43.4,41.9,40.7,38.8,38.9,37.5,35.9,35.2,34.5,34.2,33.7,34.1,34.8,36.0,37.0,38.5
22:37:54.429,95.6,60.5,85.6,87.7,86.0,86.1,83.4,80.7,81.6,84.6,80.3,77.2,73.3,72.9,69.8,66.9,66.2,62.5,61.7,58.3,56.0,50.9,47.0,43.1,41.3,41.0,39.0,38.6,37.7,35.5,35.2,34.4,33.9,33.9,34.0,34.8,36.0,37.1,38.6
22:37:55.429,95.9,60.0,85.5,83.6,87.3,82.3,81.9,83.8,80.7,81.2,79.6,75.3,73.5,71.2,69.8,68.7,65.2,63.1,60.2,58.3,54.3,50.1,44.9,42.9,43.2,41.4,39.3,39.0,38.0,35.3,34.9,34.2,33.9,33.7,34.2,34.8,35.8,36.8,38.3
22:37:56.429,96.1,59.4,85.3,86.1,85.6,86.5,85.2,82.9,84.8,81.6,80.7,78.0,75.9,72.4,70.0,68.4,68.8,64.9,61.4,57.0,54.2,49.8,45.3,43.3,42.0,40.2,38.5,37.7,36.7,34.6,34.7,34.0,33.4,33.7,34.1,34.8,36.1,36.9,38.2
22:37:57.429,98.2,57.8,84.3,84.0,87.1,84.0,83.1,81.0,80.7,78.8,80.9,77.5,76.5,73.4,71.7,68.3,65.9,59.0,54.3,54.6,54.5,49.5,45.5,42.4,41.1,39.4,38.0,37.3,35.9,34.3,34.2,34.3,33.9,33.7,34.2,34.9,36.0,36.9,38.5
22:37:58.429,94.9,57.9,84.5,84.9,89.2,86.5,80.1,83.7,84.0,80.4,79.5,75.4,76.6,75.1,70.6,67.6,64.2,60.7,57.2,53.4,52.0,46.5,43.6,41.7,40.1,39.0,38.0,37.1,35.6,33.6,33.8,33.7,33.4,33.4,33.9,34.8,35.8,36.9,38.2
22:37:59.429,96.3,61.8,86.1,85.3,88.4,86.3,85.5,83.2,81.5,83.7,79.8,78.0,77.8,73.3,72.2,68.6,68.3,65.6,63.7,59.7,57.1,53.4,49.1,46.2,42.0,39.1,37.7,36.8,35.6,33.4,34.1,33.9,33.3,33.4,33.6,34.7,35.6,36.7,38.0
22:38:00.429,96.6,62.9,86.0,86.7,85.9,86.2,84.6,86.4,84.2,81.3,79.4,78.7,76.7,72.3,71.6,71.6,70.4,68.4,65.5,62.1,59.0,56.2,52.3,46.3,41.8,39.6,38.1,37.0,36.4,33.6,33.5,33.8,33.5,33.6,34.0,35.0,36.0,36.9,38.7
22:38:01.429,95.4,59.7,84.4,85.2,83.2,83.9,82.0,80.7,83.9,76.3,78.6,77.3,74.4,72.2,69.9,67.4,65.7,64.1,62.1,58.5,55.6,51.0,47.0,44.1,41.3,39.6,37.7,37.1,36.8,34.2,34.2,34.0,33.4,33.4,34.0,35.0,35.8,36.8,38.1
22:38:02.429,96.1,59.4,83.6,85.5,85.2,85.0,81.8,79.1,79.1,81.1,76.1,72.1,72.8,72.5,70.5,67.5,67.1,63.9,60.5,58.3,54.3,49.7,44.0,41.3,40.5,38.7,37.2,36.9,36.5,34.5,34.3,34.0,33.4,33.6,34.0,34.8,35.7,36.8,38.2
22:38:03.429,93.7,58.3,82.5,76.6,79.2,81.0,82.4,82.4,78.1,76.0,74.7,74.5,72.5,72.4,68.2,67.8,64.0,62.3,60.1,56.1,53.1,50.1,44.2,43.1,40.5,38.4,36.8,37.2,37.1,35.0,34.5,33.7,33.6,33.8,34.0,34.9,35.9,37.0,38.4
22:38:04.429,95.6,59.3,83.8,84.2,84.1,86.4,81.9,77.2,78.7,77.2,78.6,78.7,75.7,74.0,71.3,69.5,66.3,62.6,61.0,57.8,56.7,53.1,47.0,43.7,40.0,39.0,37.2,36.7,36.3,34.4,34.6,33.9,33.6,33.6,34.2,34.9,36.0,36.9,38.5
22:38:05.429,95.2,60.9,85.1,80.4,85.6,89.0,85.4,81.7,83.4,81.3,81.0,77.6,76.3,74.6,71.3,68.2,67.5,67.5,65.2,62.0,58.4,51.2,44.7,44.6,41.4,39.2,37.7,36.5,37.2,34.6,34.5,34.4,33.3,33.7,34.0,34.8,35.8,36.8,38.2
22:38:06.429,93.0,57.0,81.7,82.5,85.5,83.0,79.3,83.6,81.6,76.6,73.4,75.1,71.7,68.7,66.1,65.9,64.1,58.9,59.0,55.1,50.1,47.5,44.7,42.7,41.5,40.4,39.1,39.2,38.6,36.7,36.1,35.0,34.1,33.9,34.2,35.0,35.8,37.0,38.2
22:38:07.429,93.8,56.3,82.1,88.2,85.5,78.5,81.7,81.6,76.2,75.6,76.2,76.8,73.3,69.6,68.8,64.7,64.7,59.0,53.3,50.0,48.7,46.2,44.6,42.3,41.3,40.8,40.6,39.6,38.4,37.0,36.7,35.3,34.2,34.2,34.0,34.8,36.0,37.0,38.5
22:38:08.429,95.5,54.8,81.6,84.7,84.7,81.7,81.9,81.0,76.2,77.8,74.3,73.7,72.0,67.9,66.1,66.1,60.7,54.4,51.5,49.2,48.8,46.9,45.4,42.0,40.7,40.0,38.8,37.9,36.9,34.8,34.5,34.4,33.7,33.7,34.0,35.0,35.8,37.0,38.3
22:38:09.429,95.0,55.0,83.4,85.5,86.2,82.1,80.3,82.3,82.4,79.6,77.6,74.5,71.5,69.6,67.2,64.7,60.4,55.6,52.6,51.3,49.2,46.7,45.0,41.8,40.6,40.0,38.1,37.1,37.4,34.7,34.7,34.4,33.7,33.6,33.9,35.0,35.8,37.0,38.3
22:38:10.429,93.9,58.2,83.9,82.8,85.7,81.6,83.4,81.8,79.7,79.4,78.3,73.5,73.1,71.2,69.7,67.3,65.3,62.1,58.1,55.1,51.6,47.5,44.4,42.2,40.2,39.3,37.8,38.1,36.9,34.7,34.2,34.2,33.5,33.7,34.0,34.7,35.8,36.8,38.4
22:38:11.429,95.4,58.4,82.9,84.2,87.2,83.6,78.7,80.8,77.2,78.0,78.1,75.1,71.9,72.5,69.8,66.7,64.7,61.4,59.1,55.7,53.7,50.5,46.7,42.8,40.8,39.0,38.1,38.1,37.0,34.1,34.4,34.1,33.5,33.8,33.9,34.9,35.9,37.1,38.2
22:38:12.429,93.1,57.3,82.4,83.8,84.1,83.5,83.8,80.7,78.4,78.3,73.8,72.3,72.3,68.8,68.8,64.8,64.1,58.7,56.1,55.2,50.6,45.2,42.7,41.1,39.3,38.2,38.8,39.1,38.4,35.9,34.7,34.2,33.8,33.9,34.2,34.8,35.9,37.1,38.3
22:38:13.429,96.2,58.1,84.8,84.0,87.0,89.3,84.7,79.8,84.6,80.2,80.3,78.6,74.6,69.2,67.1,67.0,65.5,61.7,59.7,58.3,55.0,49.6,44.4,41.7,40.4,39.4,38.0,38.9,38.7,35.4,35.4,34.0,33.4,33.8,34.1,34.7,35.9,36.9,38.5
22:38:14.429,94.8,58.7,84.1,86.0,86.1,83.1,86.1,85.0,81.0,82.9,76.1,78.8,74.5,71.3,71.3,68.6,67.1,62.5,58.4,57.5,55.6,51.8,47.9,44.6,40.5,39.5,39.2,38.6,38.2,35.8,35.9,34.4,33.6,34.0,33.8,34.6,35.8,36.8,38.1
22:38:15.429,93.1,58.5,82.4,81.8,81.3,84.3,81.5,78.5,80.1,77.5,76.7,76.5,73.5,70.7,70.5,69.1,65.9,62.4,60.5,57.8,53.2,50.9,47.8,44.4,41.2,39.3,37.8,38.1,37.6,35.0,34.9,34.5,33.6,33.7,34.0,34.8,35.9,37.0,38.4
22:38:16.429,97.0,59.2,84.2,82.6,80.9,83.8,82.7,78.3,80.2,78.8,76.6,73.6,74.6,71.0,68.9,67.7,66.3,62.9,60.7,55.9,53.5,49.2,46.0,43.4,40.8,38.4,38.6,38.8,36.9,34.8,35.5,34.3,33.5,33.6,34.0,34.7,35.8,37.0,38.1
22:38:17.429,95.9,56.6,83.6,82.2,82.4,84.1,85.1,83.4,82.3,78.4,75.8,76.9,70.8,73.3,67.9,64.9,63.6,59.9,56.9,54.3,50.2,48.1,44.5,41.0,39.9,38.8,38.1,37.9,38.1,36.2,34.8,34.9,35.0,34.2,34.8,35.2,36.0,37.0,38.3
22:38:18.429,95.2,57.7,83.9,88.7,86.6,82.8,82.1,83.4,82.0,78.7,75.8,74.4,73.4,70.5,69.6,67.9,62.3,58.6,58.1,56.1,53.1,48.8,45.8,42.8,41.4,38.5,37.8,39.0,38.2,35.3,34.6,34.5,34.2,33.9,34.2,35.0,35.8,36.8,38.4
22:38:19.429,95.7,58.5,83.9,85.9,83.4,86.0,83.6,83.7,80.0,81.1,78.0,77.2,71.2,71.0,70.4,69.5,65.5,64.2,59.9,57.1,56.1,50.9,45.9,42.6,41.5,39.0,38.2,37.5,36.4,34.0,34.0,33.8,33.5,33.9,34.1,34.9,36.0,37.0,38.6
22:38:20.429,93.5,56.7,82.3,84.9,86.7,85.4,82.1,80.4,78.8,76.9,76.9,73.3,74.0,70.4,67.8,67.2,65.0,61.4,55.3,50.9,49.9,45.5,43.5,41.7,40.1,38.4,38.2,37.4,35.9,33.4,33.7,33.7,33.2,33.3,33.9,34.8,35.8,36.8,38.2
22:38:21.429,94.2,56.4,82.5,87.3,87.2,84.8,81.7,78.4,78.5,78.0,75.4,72.4,72.0,69.3,69.3,66.7,63.2,57.7,55.2,51.8,49.6,45.1,42.7,41.1,39.9,38.7,37.9,37.9,36.4,33.7,33.7,33.6,33.2,33.5,34.1,34.9,35.9,36.8,38.2
22:38:22.429,95.6,55.5,82.4,85.6,85.7,81.5,84.8,85.4,80.0,76.7,77.2,71.5,71.2,69.3,66.7,66.7,61.1,56.0,55.2,53.9,50.1,46.3,43.1,41.4,40.2,38.7,37.6,38.0,36.1,33.8,34.2,33.5,33.3,33.4,34.2,34.8,35.7,36.9,38.2
22:38:23.429,94.6,57.3,83.5,84.1,84.3,83.1,80.5,77.7,79.2,80.7,78.7,78.4,72.1,70.7,67.9,65.4,64.2,61.5,59.7,54.3,48.6,48.4,45.9,42.9,40.5,38.5,38.0,37.9,36.7,33.9,33.9,33.7,33.4,33.8,34.1,34.8,36.1,36.9,38.6
22:38:24.429,95.2,57.7,82.2,85.2,82.7,83.6,84.5,81.0,75.8,76.8,79.8,74.7,72.1,69.8,67.4,67.3,65.2,63.8,60.0,57.4,51.7,47.1,43.5,42.2,40.7,38.2,37.1,37.5,36.4,34.5,34.5,33.9,33.6,33.8,34.1,34.9,36.0,37.0,38.4
22:38:25.429,94.4,59.0,83.7,84.0,82.9,86.5,83.7,83.0,79.4,78.5,78.7,74.8,73.4,73.2,69.9,66.6,65.3,63.6,59.3,58.6,55.3,51.1,45.6,43.3,41.7,40.6,38.3,37.5,37.2,35.0,35.1,34.3,33.8,35.8,35.1,35.0,35.9,36.8,38.0
22:38:26.429,91.8,57.4,82.0,81.9,80.5,80.4,78.9,78.1,81.5,76.4,75.5,72.1,72.9,70.9,69.3,67.2,63.6,61.3,58.5,55.8,52.2,50.2,46.6,43.7,41.5,39.0,36.9,37.3,36.8,34.5,34.4,33.9,33.7,33.9,34.1,34.9,35.9,37.0,38.4
22:38:27.429,94.6,57.3,83.7,83.3,85.6,87.9,82.9,80.9,79.8,80.2,79.5,75.7,74.4,73.4,69.8,66.5,61.8,60.6,57.4,54.2,51.8,50.9,47.3,43.3,41.4,39.4,37.3,37.3,36.7,34.8,34.5,34.3,33.7,33.8,33.9,35.0,35.9,37.1,38.2
22:38:28.429,94.0,55.1,81.6,83.1,85.3,86.4,83.0,77.4,75.6,77.0,77.4,75.4,75.6,72.2,67.0,61.1,58.9,56.0,56.0,51.6,51.7,46.7,44.8,42.2,41.0,39.9,38.1,37.8,37.2,35.3,35.2,34.3,33.8,33.8,34.1,35.1,36.0,37.0,38.3
22:38:29.429,94.3,55.7,82.4,85.4,86.5,81.8,81.0,84.3,78.4,76.5,77.4,73.2,74.1,70.5,62.0,59.1,61.4,59.0,58.6,51.9,51.8,48.2,44.7,42.0,40.8,39.2,38.2,38.0,37.0,35.3,35.3,34.4,33.7,33.7,34.3,34.9,35.8,36.7,38.1
22:38:30.429,94.1,58.5,82.9,80.5,88.2,85.9,81.7,80.4,77.1,79.6,75.7,74.0,72.7,69.6,66.5,62.8,61.3,58.3,58.6,57.5,54.2,49.4,44.9,43.6,41.9,40.4,38.8,38.4,38.2,36.2,35.9,34.8,34.5,34.1,34.0,34.9,36.0,37.0,38.6
22:38:31.429,94.7,57.6,82.8,85.4,84.0,81.2,80.8,80.5,79.6,77.0,77.5,75.4,71.1,70.2,68.6,64.7,63.2,61.9,57.8,57.3,53.9,51.6,48.2,44.4,41.8,39.5,38.1,38.0,38.1,35.7,36.0,34.5,34.0,33.6,34.1,34.9,36.0,37.0,38.3
22:38:32.429,92.1,57.6,81.0,81.0,85.7,83.4,80.2,76.8,76.7,74.0,74.7,71.9,70.2,68.4,66.2,62.9,62.8,61.7,59.3,56.0,52.1,48.4,44.6,42.8,41.0,40.1,38.3,38.6,37.2,34.9,35.4,34.2,33.6,33.6,33.8,34.6,35.7,37.0,38.3
22:38:33.429,94.6,57.0,80.9,80.1,84.0,85.8,83.9,76.8,75.2,76.5,70.5,70.4,70.1,70.3,66.8,63.7,63.9,62.3,60.2,57.3,53.3,50.2,46.0,44.9,41.8,39.1,38.1,37.4,36.9,34.4,34.7,34.3,33.7,33.9,34.4,34.9,35.7,36.8,38.2
22:38:34.429,95.2,56.8,82.3,88.1,88.5,87.4,82.6,81.9,80.7,79.1,78.4,76.1,69.9,68.5,67.0,66.0,63.1,61.9,61.0,57.1,52.0,47.3,45.0,42.1,41.0,40.0,38.1,38.1,36.9,34.3,34.6,33.9,33.8,33.9,34.2,34.9,35.8,37.1,38.4
22:38:35.429,93.6,55.1,81.5,85.3,83.2,83.2,78.5,78.4,71.7,77.1,78.8,76.5,73.3,70.7,66.7,62.2,61.5,58.4,55.1,52.5,50.0,48.7,45.1,42.1,40.5,39.7,37.5,36.7,36.6,34.4,34.5,33.7,33.6,34.0,34.4,35.1,35.7,36.9,38.3
22:38:36.429,95.9,56.7,83.0,85.8,86.2,83.1,80.0,82.4,81.2,76.3,80.1,78.8,74.9,72.7,69.5,66.2,61.4,57.9,58.0,56.0,51.7,50.6,47.5,45.8,42.7,38.8,37.6,36.8,35.9,34.0,34.3,33.6,33.5,33.8,34.1,34.6,36.0,37.0,38.4
22:38:37.429,94.0,55.2,81.8,83.8,84.5,84.0,83.9,76.0,80.4,76.4,74.5,75.1,71.6,66.7,65.8,64.2,60.3,56.2,54.8,53.9,50.5,47.1,44.7,42.0,41.2,39.5,37.7,37.3,36.7,34.3,34.0,34.6,34.2,34.2,34.3,35.1,36.0,37.0,38.4
22:38:38.429,94.2,56.6,82.9,84.1,83.9,84.3,80.4,82.5,81.7,78.2,78.9,76.1,74.6,73.1,68.2,66.7,65.0,57.3,56.1,51.3,52.4,47.6,43.8,42.1,41.8,39.6,37.7,37.5,36.9,35.4,35.3,34.4,34.3,33.8,34.2,35.0,35.9,36.9,38.2
22:38:39.429,91.9,55.1,81.5,81.4,82.4,83.0,82.2,81.5,78.9,80.3,75.3,73.6,70.3,71.0,67.0,65.4,63.0,58.5,52.2,50.8,49.5,45.1,43.3,41.8,41.9,41.1,38.7,38.6,38.2,36.0,35.4,34.5,34.2,34.0,34.3,35.0,36.1,37.0,38.6
22:38:40.429,92.6,54.3,80.3,77.3,80.9,82.9,79.1,77.2,80.6,76.4,74.4,71.6,70.6,69.2,64.6,63.5,59.5,55.0,50.6,49.8,47.2,46.6,43.8,42.6,42.3,41.7,40.5,40.4,39.5,37.3,36.9,35.3,34.9,34.3,34.3,35.3,36.0,37.0,38.3
22:38:41.429,90.8,55.2,80.7,79.9,79.2,80.2,80.4,78.1,78.8,77.1,77.8,72.1,70.3,66.8,67.2,63.5,58.1,56.7,55.4,52.3,48.1,47.2,43.1,42.9,41.5,41.2,39.9,39.0,38.9,37.0,36.3,35.1,34.0,33.9,34.0,34.8,35.8,36.7,38.2
22:38:42.429,92.0,55.3,79.7,85.7,82.2,76.0,80.9,80.0,79.1,75.3,74.9,71.6,72.8,69.4,65.7,62.2,59.5,57.3,59.6,56.0,51.5,47.9,44.7,42.6,41.9,40.5,38.9,38.5,37.5,35.5,35.0,34.2,34.1,34.1,34.0,35.0,35.8,36.9,38.5
22:38:43.429,91.7,54.0,80.1,83.8,85.1,80.3,80.5,81.0,80.1,77.4,71.1,71.0,70.0,67.1,65.5,64.1,59.7,56.0,53.2,50.2,48.8,46.5,44.4,42.6,41.6,40.3,39.1,38.3,36.8,35.2,34.6,33.7,33.5,33.9,34.0,34.9,35.8,36.9,38.4
22:38:44.429,91.9,53.2,79.1,84.2,79.0,75.0,78.4,81.5,78.9,75.0,74.7,71.5,69.9,65.1,65.0,63.6,59.4,56.5,52.5,49.4,47.1,45.6,42.5,41.7,40.5,39.9,38.1,37.7,36.9,35.1,34.9,33.7,33.5,33.9,34.0,34.9,35.8,36.8,38.3
22:38:45.429,91.2,53.5,79.1,84.7,83.8,81.8,79.4,78.7,77.4,76.7,72.9,71.2,68.9,66.0,63.4,62.1,57.7,55.8,54.8,50.4,48.5,44.5,43.0,42.2,41.2,40.0,38.8,37.8,37.4,35.7,35.3,34.4,34.1,33.8,34.2,34.6,35.9,37.0,38.4
22:38:46.429,93.2,54.1,80.2,81.2,81.4,81.9,80.4,78.9,76.3,74.3,73.6,71.6,69.8,63.5,63.0,60.3,58.1,58.8,52.3,49.8,47.5,44.5,43.1,42.2,40.6,39.8,38.1,38.0,37.1,35.3,35.5,34.6,34.1,34.0,34.1,34.8,35.9,36.8,38.1
22:38:47.429,94.0,53.8,79.5,82.0,85.4,85.0,83.7,80.3,76.0,75.3,73.3,72.0,69.7,64.3,64.9,62.7,58.0,56.5,56.2,50.8,47.1,46.5,44.3,42.0,41.7,40.1,38.6,38.6,38.6,35.9,35.3,34.5,34.0,34.0,33.8,34.7,35.8,36.8,38.2
22:38:48.429,95.5,55.4,80.6,84.9,82.4,81.6,80.9,80.8,73.1,79.4,77.3,72.7,71.2,70.4,66.2,64.7,60.9,56.9,58.9,54.0,51.5,47.1,44.4,42.7,41.8,40.6,39.0,39.1,38.6,35.9,35.6,34.5,33.9,33.6,33.9,35.0,35.9,36.9,38.4
22:38:49.429,94.3,57.5,81.1,83.5,80.6,76.8,82.0,81.1,77.3,77.5,76.1,74.1,72.6,70.7,67.8,67.5,64.3,60.2,58.3,56.1,54.7,52.6,47.2,44.5,41.8,40.2,38.4,38.7,37.4,35.2,35.0,34.6,34.1,34.2,34.3,34.8,35.9,37.0,38.5
22:38:50.429,92.2,58.7,80.0,85.7,81.3,79.7,81.3,78.4,72.9,74.9,71.6,75.0,70.2,71.3,68.5,67.7,65.1,62.5,61.8,57.4,54.7,52.2,48.4,44.4,42.1,40.0,38.2,38.0,37.2,34.4,34.8,34.3,33.4,33.4,33.9,34.9,35.6,36.6,38.0
22:38:51.429,90.2,58.3,79.7,85.4,83.9,79.6,77.6,76.7,77.0,72.2,74.4,73.5,71.1,67.7,67.5,67.3,65.1,64.0,61.6,57.7,56.2,52.8,46.2,42.0,42.0,41.1,39.3,38.7,38.4,36.4,36.3,34.8,34.0,33.6,34.1,34.7,35.6,36.8,38.1
22:38:52.429,92.2,57.3,80.7,83.3,80.8,80.6,79.9,79.5,77.5,74.8,74.2,74.4,72.6,67.9,67.9,67.8,63.3,59.9,56.9,53.4,52.1,49.6,44.8,43.6,42.2,41.3,40.8,40.7,40.5,37.6,36.3,35.0,34.3,33.9,34.0,34.7,36.0,37.2,38.4
22:38:53.429,90.5,54.9,79.4,79.5,76.2,79.0,77.4,78.0,78.2,75.6,75.3,71.2,69.0,66.9,66.1,62.3,59.1,55.0,52.7,52.6,50.2,46.6,44.4,43.4,43.1,41.5,41.2,40.7,40.7,38.3,37.2,35.5,34.6,34.1,34.3,34.8,35.9,36.9,38.3
22:38:54.429,92.8,55.4,81.1,80.2,81.1,83.5,81.3,76.0,76.3,76.4,74.5,70.5,67.2,65.4,64.9,59.4,56.2,54.5,55.2,51.1,49.6,45.9,44.4,43.6,42.5,41.2,39.9,39.6,38.6,37.1,36.4,34.8,33.9,33.6,33.9,34.9,35.8,36.9,38.2
22:38:55.429,91.4,52.7,77.0,80.6,82.9,79.6,75.4,70.7,73.3,74.2,75.1,70.3,65.8,64.8,63.2,58.9,57.9,55.4,52.1,48.5,45.9,45.3,43.5,42.5,40.7,39.0,37.9,38.1,37.2,35.2,34.6,33.9,33.6,33.7,34.1,34.8,35.7,36.8,38.2
22:38:56.429,90.8,53.7,78.9,82.6,80.3,77.4,80.1,80.8,75.7,76.2,73.2,70.6,68.0,65.8,63.5,63.3,61.1,56.8,54.2,51.2,46.9,44.1,42.3,41.1,40.1,38.6,38.0,37.7,36.8,34.2,34.2,33.6,33.4,33.8,34.1,34.6,35.9,36.9,38.4
22:38:57.429,92.7,54.6,76.8,87.5,83.2,78.8,77.7,71.8,69.5,74.4,69.0,69.6,68.7,66.3,63.9,62.0,59.5,58.6,56.6,54.4,51.8,47.1,43.3,41.7,40.4,39.5,37.7,39.3,37.1,34.3,34.3,34.1,33.6,33.8,34.2,34.8,36.1,37.0,38.5
22:38:58.429,91.0,54.1,77.3,82.6,78.1,80.7,78.2,77.8,76.6,72.0,73.5,68.4,67.9,64.7,61.8,61.1,58.9,58.5,58.5,54.7,50.2,46.5,43.9,42.4,40.2,38.9,37.6,37.2,36.2,34.3,34.2,34.2,33.4,33.5,33.7,34.7,35.8,36.9,38.2
22:38:59.429,92.7,55.6,79.8,84.8,85.0,82.1,81.5,79.1,77.9,75.9,72.6,70.7,70.7,69.0,66.7,65.4,62.6,60.7,56.4,52.4,49.0,49.6,46.7,42.9,39.2,37.7,36.7,36.4,35.9,33.8,34.0,33.7,32.9,33.4,34.1,34.7,35.8,36.8,38.3
22:39:00.429,91.8,55.8,79.3,79.9,83.4,81.0,77.2,78.3,72.4,72.7,72.5,70.3,68.8,68.2,64.4,63.8,61.8,57.2,56.4,54.7,51.3,46.9,43.7,40.5,39.7,37.6,36.5,36.5,35.7,33.7,34.1,33.6,33.6,33.5,33.8,34.8,35.8,36.8,38.2
22:39:01.429,90.5,52.6,75.7,75.4,76.6,73.4,75.9,74.8,70.4,69.3,66.3,68.3,66.3,67.2,63.2,59.4,57.8,56.0,54.1,51.1,48.6,44.7,41.0,41.1,40.1,38.3,36.6,35.9,35.2,34.0,34.1,33.0,32.7,33.1,33.6,34.4,35.6,36.5,37.7
22:39:02.429,91.5,53.2,78.9,83.1,78.2,79.8,80.5,81.5,77.9,75.2,74.5,71.2,68.9,67.4,64.3,60.2,59.4,58.5,54.2,50.9,48.9,45.3,41.4,40.7,39.9,38.5,36.7,36.2,35.6,34.0,34.0,34.5,33.2,33.4,33.9,34.8,35.8,36.8,38.2
22:39:03.429,89.0,51.8,77.6,76.6,75.8,77.9,76.1,77.4,70.9,72.6,71.3,68.8,65.4,63.1,61.2,56.7,55.1,49.8,47.7,47.8,46.6,43.7,41.6,39.8,39.2,38.0,36.9,36.6,35.2,33.5,33.7,34.1,33.8,33.9,34.1,35.1,36.3,37.0,38.9
22:39:04.429,92.0,50.8,78.3,87.3,85.0,77.0,82.0,79.2,78.4,76.1,76.0,70.5,68.3,61.7,63.1,58.8,53.9,50.7,51.2,48.4,45.7,43.0,40.9,40.6,38.7,37.6,36.8,36.5,35.8,33.1,33.7,34.1,33.4,33.6,34.1,35.0,35.8,36.9,38.5
22:39:05.429,88.6,50.1,76.3,79.1,79.7,77.4,77.5,74.6,74.0,71.2,72.0,68.9,68.4,63.5,58.6,55.7,50.9,46.1,45.5,44.6,43.8,41.9,41.9,40.7,39.2,37.8,36.3,36.8,35.9,33.8,34.3,34.1,33.3,33.5,33.8,34.7,35.7,36.7,38.2
22:39:06.429,90.6,51.2,77.8,79.3,82.0,78.0,78.8,78.3,74.8,71.2,72.4,69.9,68.2,65.7,61.5,58.0,52.6,51.0,47.5,46.2,45.2,43.8,40.9,40.3,39.2,37.9,36.9,37.1,35.6,34.2,34.3,33.8,33.3,33.1,34.0,34.7,35.6,36.6,38.1
22:39:07.429,89.2,51.2,77.2,76.4,79.2,76.8,75.6,73.4,72.9,73.3,72.3,67.9,68.6,64.7,62.1,58.9,53.8,52.8,50.6,45.6,43.9,42.5,41.0,40.5,38.7,37.4,36.1,36.6,35.6,33.4,33.8,34.0,33.5,33.7,34.1,34.8,36.0,36.9,38.5
22:39:08.429,92.4,53.8,79.2,84.4,81.8,81.8,79.0,77.2,77.4,76.7,74.6,71.2,70.8,68.7,65.8,61.3,58.4,58.8,55.7,48.6,46.6,44.6,42.8,40.7,40.1,38.2,36.8,36.2,35.1,33.1,33.7,33.8,33.5,33.6,34.1,34.7,35.9,36.9,38.4
22:39:09.429,90.5,54.9,78.5,79.5,77.9,75.7,76.9,76.5,76.7,74.0,73.6,72.5,66.4,67.9,65.7,62.0,60.3,57.6,55.7,53.2,51.7,47.2,43.8,41.8,40.3,38.8,37.1,37.0,35.2,33.4,33.8,33.8,33.3,33.5,33.9,34.9,35.9,36.7,38.1
22:39:10.429,90.8,55.8,78.2,80.7,78.6,78.0,74.8,75.0,72.5,74.0,71.7,67.8,63.6,64.8,65.0,63.8,61.9,58.6,56.0,52.3,50.2,47.1,43.9,43.2,40.2,38.3,37.3,35.8,34.4,33.2,33.5,33.6,33.5,33.5,34.2,34.9,35.9,36.9,38.3
22:39:11.429,88.5,53.3,77.2,79.0,75.1,77.3,75.0,72.2,76.2,72.1,73.5,69.9,65.3,66.5,64.8,62.0,60.3,57.8,53.0,48.1,44.7,43.9,41.5,40.2,38.9,38.5,36.9,35.5,34.9,33.3,33.9,33.7,33.3,33.6,34.1,34.7,35.8,36.8,38.2
22:39:12.429,91.6,54.0,79.1,83.5,83.2,78.7,76.1,77.5,75.6,75.7,73.7,72.1,68.3,67.6,65.4,63.6,60.2,52.3,50.5,50.1,48.5,46.1,42.7,41.8,40.1,39.2,37.8,36.4,35.3,33.6,34.1,33.6,33.2,33.6,33.9,34.9,35.8,36.9,38.2
22:39:13.429,88.4,52.6,77.4,78.6,79.6,77.2,76.6,72.2,75.2,72.8,70.8,67.3,64.3,64.3,62.2,58.6,50.1,48.1,49.4,49.6,45.8,44.8,41.4,41.3,39.7,38.6,37.9,36.9,35.6,33.5,34.0,33.9,33.5,33.7,34.3,34.8,35.9,37.0,38.5
22:39:14.429,89.2,52.2,76.9,76.3,71.2,74.5,76.6,70.9,70.7,70.6,72.1,68.8,67.7,61.3,61.4,56.7,53.0,52.4,51.8,48.3,45.8,45.1,42.1,39.9,40.2,38.6,37.6,37.5,36.9,34.0,34.1,33.9,33.5,33.8,34.1,34.7,36.0,37.0,38.6
22:39:15.429,89.4,50.8,75.5,80.0,80.2,77.8,74.0,72.7,72.9,72.0,71.3,64.8,67.3,60.5,57.7,53.6,52.0,50.6,47.3,44.6,44.0,43.2,41.3,40.2,39.5,37.8,37.3,36.9,36.0,33.4,34.1,34.1,33.6,33.8,34.0,35.1,35.9,36.8,38.3
22:39:16.429,87.0,51.0,75.0,76.4,69.9,73.9,75.0,75.2,74.6,65.8,70.0,67.3,65.4,63.1,57.1,56.6,54.0,53.4,48.5,46.2,43.6,42.8,41.2,41.6,40.4,38.6,37.3,36.6,36.0,33.9,34.3,34.0,33.4,33.4,33.9,34.6,35.7,36.7,38.0
22:39:17.429,88.6,52.5,76.7,79.9,81.5,79.6,77.3,74.4,75.0,72.0,71.9,69.7,67.1,64.9,61.3,59.7,57.7,55.6,54.8,50.1,48.8,43.7,42.7,41.4,40.6,38.7,37.8,36.8,35.6,33.6,33.7,34.0,33.5,33.7,34.3,34.7,35.9,37.0,38.7
22:39:18.429,87.8,51.3,75.1,78.6,81.3,77.6,75.1,74.1,73.6,66.8,67.3,67.3,64.8,61.0,58.7,56.1,53.0,51.7,49.7,46.8,44.8,43.8,41.7,41.1,39.6,38.2,37.1,36.5,35.3,33.7,33.6,33.5,33.5,33.9,34.0,34.6,35.9,37.0,38.3
22:39:19.429,89.2,52.2,76.6,76.7,80.9,79.0,76.4,74.5,73.0,70.7,71.0,67.1,66.2,63.4,61.7,58.9,56.7,54.4,51.1,46.2,46.8,44.8,42.6,41.5,40.0,38.4,36.9,36.3,35.8,33.7,34.0,34.0,33.5,33.7,33.9,35.0,36.0,36.9,38.2
22:39:20.429,89.8,51.6,75.2,81.8,78.8,76.1,78.6,74.5,73.0,70.3,65.3,65.5,62.6,62.7,58.9,57.8,56.6,51.3,49.2,45.1,46.1,44.5,42.4,41.3,41.4,38.9,38.3,37.1,36.8,34.2,34.7,34.0,33.6,33.3,33.8,34.6,35.8,36.8,38.1
22:39:21.429,87.6,50.1,74.0,72.4,75.9,77.1,76.9,73.4,65.7,67.7,64.7,64.3,60.0,58.6,55.5,55.5,51.7,50.2,46.2,43.0,42.4,42.0,41.2,40.4,38.9,38.0,36.8,36.8,35.9,33.6,34.2,34.2,33.3,33.4,33.7,34.8,35.8,36.9,38.1
22:39:22.429,87.5,49.8,73.7,83.4,79.2,76.9,77.8,73.6,72.5,70.2,68.6,64.3,64.9,59.9,55.6,53.2,53.5,50.2,48.5,42.9,43.3,41.3,41.0,40.0,38.9,38.0,36.6,36.2,34.8,33.3,33.7,34.0,33.5,33.8,33.8,35.0,35.9,36.9,38.4
22:39:23.429,90.0,51.2,77.2,83.4,82.5,78.9,81.7,78.0,77.4,74.0,72.3,70.7,69.4,64.3,60.9,57.3,58.0,55.5,52.5,48.6,43.7,42.9,42.7,40.1,38.7,37.7,37.1,36.2,35.0,33.9,34.0,34.2,33.4,33.6,34.0,34.9,35.8,36.9,38.3
22:39:24.429,87.7,50.2,74.4,78.4,77.5,79.2,76.2,74.8,73.6,69.7,70.3,66.3,64.9,59.5,57.1,53.2,52.9,49.0,47.7,43.8,42.9,43.7,41.4,40.9,40.3,38.6,37.5,37.0,36.5,34.0,33.8,34.1,33.7,33.6,34.2,34.7,35.6,36.8,38.1
22:39:25.429,87.5,51.1,75.2,77.3,72.8,70.3,71.7,71.9,71.7,69.4,67.2,66.0,59.8,56.2,56.2,54.5,52.0,47.6,46.8,44.4,43.7,43.1,41.8,41.4,40.3,38.8,37.4,37.3,36.6,34.0,34.3,33.8,33.6,33.7,34.0,34.7,35.7,36.7,38.0
22:39:26.429,88.4,51.3,75.5,80.9,79.2,76.1,74.0,72.9,75.4,74.1,70.4,65.3,64.5,59.6,60.7,60.3,59.1,55.1,50.8,45.2,44.5,43.7,42.4,40.7,39.9,37.9,36.0,36.1,36.3,34.5,34.6,34.3,33.1,33.6,34.0,34.8,35.6,36.8,38.1
22:39:27.429,88.7,52.5,74.6,77.4,80.1,75.9,74.6,72.4,68.9,71.4,68.0,66.2,63.5,62.3,59.8,61.1,60.1,57.4,52.6,47.6,45.1,43.9,42.2,40.1,39.5,38.1,37.2,37.9,38.8,35.8,36.0,33.9,33.6,34.0,34.2,35.0,36.0,36.9,38.2
22:39:28.429,87.4,51.4,73.4,76.8,77.7,77.5,74.0,72.3,71.1,67.6,68.4,68.4,64.6,61.2,61.3,57.9,59.5,56.0,52.9,47.9,45.4,41.9,41.0,40.0,40.1,38.2,37.4,36.7,35.8,33.6,34.0,33.9,33.2,33.6,33.9,34.9,35.9,37.0,38.4
22:39:29.429,87.7,51.9,74.5,75.6,74.6,76.2,75.3,71.5,70.9,69.2,69.3,70.2,64.9,63.2,61.3,58.6,58.1,56.0,52.2,47.4,44.9,44.2,42.2,39.9,39.3,38.1,37.3,37.3,36.4,34.3,35.1,34.5,34.3,33.9,34.2,34.7,35.8,36.9,38.1
22:39:30.429,87.1,50.4,74.4,77.7,74.4,73.4,76.5,73.7,73.7,68.2,69.7,68.4,63.7,60.8,58.7,57.4,54.4,50.9,48.7,46.6,44.5,44.8,41.5,39.4,38.9,37.2,36.4,35.7,35.6,33.9,34.1,34.1,33.8,34.0,34.1,34.9,36.1,36.9,38.6
22:39:31.429,86.6,49.7,73.8,73.2,73.7,74.3,71.4,70.2,68.0,68.7,68.0,65.0,60.9,59.6,54.3,52.3,48.0,47.0,44.9,42.3,42.7,41.0,39.9,39.4,38.5,37.5,35.8,35.4,34.8,33.7,34.1,33.9,33.4,33.6,34.1,34.9,35.7,36.7,37.9
22:39:32.429,83.2,49.1,72.5,70.3,73.8,75.2,74.8,73.4,69.3,68.8,67.0,65.1,62.2,57.7,55.8,52.2,48.3,47.7,46.0,42.3,42.2,40.3,39.6,37.9,38.3,37.1,35.9,35.7,36.0,34.2,34.3,33.8,33.4,33.8,34.1,35.0,36.0,36.8,38.1
22:39:33.429,84.9,48.5,72.0,74.5,74.1,74.7,72.5,70.1,69.7,69.7,69.9,63.3,61.8,58.3,54.4,50.6,47.9,47.4,44.2,41.3,40.5,40.5,39.5,38.1,37.2,36.0,35.5,35.5,35.2,32.8,33.4,33.5,33.0,33.4,33.9,35.0,35.8,36.9,38.2
22:39:34.429,88.0,49.6,73.7,70.1,66.5,75.7,77.9,75.3,67.3,70.4,68.8,67.1,63.3,62.2,57.7,55.2,53.1,50.4,47.3,43.4,42.7,42.6,41.0,39.2,37.9,36.8,35.6,35.9,35.2,33.8,33.8,33.8,33.3,33.9,34.1,35.1,36.0,37.0,38.6
22:39:35.429,83.3,49.0,71.9,64.1,68.0,74.0,74.7,71.6,68.3,69.8,66.3,63.8,61.9,58.8,54.1,52.7,48.7,47.7,45.6,43.8,42.6,42.2,40.8,39.8,38.4,37.2,36.3,35.8,35.6,33.6,33.9,34.2,33.3,33.7,33.8,34.7,35.9,36.9,38.3
22:39:36.429,84.1,49.1,72.2,74.4,73.6,73.7,72.0,71.6,68.0,67.4,67.8,65.9,59.4,58.1,56.3,51.9,48.7,45.5,46.5,44.1,43.4,43.0,40.5,39.4,38.8,37.5,35.6,35.8,35.2,33.3,33.5,33.5,33.3,33.8,34.1,34.7,35.6,36.7,38.1
22:39:37.429,84.3,48.6,71.1,72.4,74.5,72.5,69.6,69.8,64.6,63.8,63.4,60.8,58.6,57.9,53.2,50.0,45.3,44.9,42.1,42.0,41.3,40.5,39.6,38.2,38.2,37.2,35.7,35.3,34.9,33.1,33.5,33.5,33.3,33.5,33.8,34.9,36.0,37.0,38.3
22:39:38.429,84.3,48.6,71.6,74.2,72.8,70.3,69.6,68.4,68.0,70.3,62.0,63.7,62.4,58.5,55.9,51.8,50.2,47.2,44.1,41.2,41.6,39.9,38.6,38.3,37.5,36.4,35.8,36.2,35.3,32.5,33.7,33.8,33.5,33.5,34.0,35.0,35.7,37.0,38.2
22:39:39.429,83.9,48.6,71.1,73.9,72.8,73.3,72.3,70.6,65.7,67.8,67.3,65.1,60.6,61.1,56.2,51.3,49.1,47.7,44.7,40.9,41.1,39.7,40.4,38.2,38.2,35.3,35.1,35.1,35.5,33.1,33.2,33.4,33.2,33.7,33.9,34.5,35.8,36.8,38.1
22:39:40.429,85.8,49.8,73.3,74.7,71.2,71.6,71.1,69.8,69.2,68.2,65.6,64.0,61.2,59.4,57.4,55.3,52.6,49.9,45.5,41.8,40.6,40.5,39.2,38.7,38.4,36.2,35.2,35.1,34.5,33.2,33.6,33.6,33.4,33.7,34.1,35.0,35.9,36.9,38.3
22:39:41.429,83.3,49.9,71.5,74.4,71.2,73.5,72.8,71.1,70.0,65.7,68.2,62.8,62.2,58.9,58.7,56.4,53.6,51.1,46.6,44.6,44.6,42.9,40.9,39.8,39.5,38.0,37.3,36.6,35.9,33.5,34.2,34.0,32.9,33.6,33.9,34.9,35.8,36.9,38.3
22:39:42.429,82.7,50.2,69.8,69.0,69.3,70.2,69.0,70.1,66.7,63.7,63.7,61.2,58.8,56.6,55.0,53.8,50.7,47.2,43.8,43.9,43.5,43.2,40.5,40.4,40.9,39.4,37.6,38.2,36.8,34.1,34.8,34.1,34.0,33.7,34.0,34.9,36.0,36.9,38.2
22:39:43.429,83.2,49.9,69.6,76.8,77.0,73.4,68.9,68.7,66.9,64.9,60.2,61.5,61.3,56.1,53.7,52.7,49.3,43.5,45.0,44.4,43.2,43.6,42.1,40.1,39.9,39.2,37.8,38.0,36.9,34.0,34.5,34.1,33.9,34.1,34.1,35.0,36.2,37.0,38.4
22:39:44.429,83.8,49.9,71.2,76.3,74.2,68.1,72.1,70.3,72.5,67.8,65.4,63.9,59.8,58.5,56.1,55.0,50.8,48.4,45.3,44.3,43.2,43.5,42.0,40.7,39.7,38.8,37.6,37.6,36.6,33.6,34.5,33.8,33.4,33.4,33.9,34.6,35.8,36.8,38.1
22:39:45.429,84.4,49.8,70.5,69.8,69.3,69.1,71.3,71.6,68.2,60.8,67.0,61.4,61.4,57.5,56.1,53.5,51.4,46.8,46.1,45.4,43.0,42.3,41.1,40.9,39.4,38.1,37.1,37.6,35.9,34.3,34.8,34.1,33.2,33.3,34.1,35.1,35.7,37.0,38.1
22:39:46.429,85.2,50.4,71.9,73.2,76.7,74.6,72.9,71.3,70.0,67.3,65.7,66.4,62.3,59.6,56.8,55.7,53.2,52.1,50.6,46.9,44.0,43.4,42.1,41.0,39.6,38.1,37.2,37.8,36.9,34.2,34.2,33.7,33.3,33.4,33.9,34.8,35.7,36.7,38.1
22:39:47.429,81.6,50.4,69.9,70.9,76.3,75.3,66.0,65.4,68.5,62.1,63.4,65.2,60.9,57.8,57.2,54.4,50.7,50.1,46.8,44.3,44.6,43.7,42.3,40.5,39.7,38.2,38.0,38.3,37.4,35.0,35.0,34.4,33.7,33.7,33.9,34.9,35.8,36.8,38.4
22:39:48.429,83.3,50.8,71.8,76.5,75.6,71.9,69.3,68.5,69.4,68.2,67.4,65.0,61.4,59.4,57.4,56.6,53.9,51.2,48.1,43.3,43.5,43.5,40.5,40.5,40.3,39.6,38.7,38.3,37.8,35.3,35.3,34.5,34.0,33.9,34.0,34.8,36.2,37.0,38.6
22:39:49.429,83.2,50.2,69.1,76.7,73.9,70.2,69.8,68.7,64.6,66.2,64.6,61.7,60.3,58.6,57.8,55.8,51.4,48.2,43.9,42.7,43.5,42.7,41.0,40.2,39.3,39.3,39.1,38.4,37.2,35.0,35.1,34.4,33.9,33.5,33.9,34.9,35.8,36.8,38.3
22:39:50.429,84.4,51.1,72.5,73.5,74.1,73.2,70.7,70.0,70.3,66.2,68.0,67.0,62.3,62.1,60.3,56.7,54.2,52.3,46.1,44.7,43.3,43.0,41.3,40.7,40.1,39.6,39.0,38.4,37.4,35.2,35.3,34.3,33.8,33.7,34.0,34.8,35.7,36.9,38.2
22:39:51.429,86.7,50.7,71.9,78.8,79.8,75.2,68.4,66.4,65.3,68.0,69.9,68.9,61.8,61.1,62.9,54.8,53.8,51.6,47.7,44.3,43.3,42.3,41.4,40.3,40.1,40.0,38.9,38.1,37.6,34.7,34.4,34.0,33.5,33.5,33.7,34.8,35.7,36.7,37.9
22:39:52.429,84.1,49.9,70.2,74.0,76.6,76.2,71.5,67.9,67.4,66.0,64.7,61.6,61.0,59.0,55.4,52.2,51.0,47.0,44.9,43.2,41.0,42.7,41.4,40.6,39.7,39.3,38.8,37.7,36.5,34.3,34.2,34.3,33.8,33.9,34.1,35.0,35.9,37.0,38.3
22:39:53.429,84.1,49.7,71.0,73.9,74.3,74.0,69.9,70.5,68.7,68.3,64.7,65.4,62.3,58.8,57.9,55.4,51.8,48.3,43.3,41.2,41.7,41.4,40.2,40.6,39.8,38.5,38.5,37.4,36.4,34.4,34.1,33.9,33.3,33.4,33.8,34.7,35.8,36.8,38.2
22:39:54.429,85.3,49.9,72.6,75.4,75.1,74.7,72.4,71.4,66.3,69.2,65.8,63.0,59.0,57.6,54.5,53.6,49.2,47.3,43.7,41.6,41.2,42.2,39.9,40.4,40.2,39.1,37.7,37.3,36.4,33.9,34.4,33.5,33.3,33.8,33.9,34.8,36.0,36.9,38.3
22:39:55.429,82.4,49.9,70.7,70.2,72.2,73.2,71.0,68.3,67.2,65.7,63.8,61.7,59.4,55.3,52.3,50.9,46.4,43.2,42.9,43.3,42.9,43.2,40.8,40.2,40.4,38.8,37.7,37.8,37.4,34.2,34.0,33.8,33.6,33.5,33.9,34.8,35.8,36.7,38.2
22:39:56.429,83.1,49.9,70.1,67.2,71.2,71.1,68.9,67.1,69.6,64.8,63.9,59.7,59.2,58.1,54.8,51.1,47.6,44.5,42.1,43.1,43.0,42.7,41.3,40.1,40.3,39.4,37.4,38.0,37.5,35.3,34.8,34.1,33.5,33.4,34.0,34.9,35.8,36.9,38.2
22:39:57.429,83.7,50.1,70.3,77.8,73.7,70.2,71.4,69.9,66.6,69.7,67.1,63.5,60.7,58.9,58.1,54.1,49.8,47.8,46.3,44.4,43.4,41.5,41.3,41.3,40.6,38.5,37.8,37.4,37.1,35.1,34.6,34.2,33.9,33.8,34.0,34.9,36.0,36.9,38.4
22:39:58.429,84.5,49.4,69.9,74.0,71.8,66.1,68.3,67.9,72.0,67.5,63.9,62.3,60.2,56.9,55.8,52.9,47.5,43.7,44.4,42.6,42.5,43.1,41.7,40.9,40.2,38.0,36.5,36.3,36.2,34.0,34.5,33.7,33.6,33.6,33.8,34.7,35.9,36.8,38.4
22:39:59.429,82.8,49.3,69.3,72.8,69.6,69.0,68.6,67.5,67.1,66.9,64.9,63.8,60.0,59.0,54.4,52.2,48.1,43.2,42.9,42.2,42.5,42.5,40.9,40.7,40.3,38.6,36.7,36.1,36.8,34.2,34.5,34.2,33.3,33.4,34.0,34.8,35.9,36.8,37.9
22:40:00.429,84.3,49.8,71.8,73.8,74.3,70.0,70.9,69.9,68.7,67.2,66.8,64.6,62.4,59.1,55.9,53.0,49.3,45.3,43.9,45.0,42.4,43.0,40.7,39.5,39.7,38.2,37.2,36.6,36.7,34.3,34.4,33.9,33.5,33.6,34.1,34.9,36.0,36.8,38.4
22:40:01.429,85.8,50.3,72.7,74.7,73.7,72.3,70.8,68.8,68.3,65.4,66.5,63.5,63.1,61.7,56.8,54.8,51.6,48.7,45.8,44.9,43.9,42.8,41.1,39.6,39.0,38.3,36.8,36.8,36.6,34.9,35.0,33.8,33.2,33.2,33.9,34.7,35.5,36.6,37.8
22:40:02.429,83.4,50.1,72.0,71.5,76.8,73.8,69.5,70.8,64.2,66.8,68.8,64.7,63.6,61.4,59.3,55.6,52.0,48.0,45.5,44.0,43.9,42.8,40.7,40.4,38.9,38.3,37.8,37.2,36.8,34.6,34.7,33.6,33.1,33.2,33.7,34.5,35.5,36.7,37.7
22:40:03.429,85.7,49.7,71.6,74.0,70.7,67.8,66.6,63.7,64.5,68.3,64.3,66.2,60.7,59.9,59.4,55.1,52.0,48.7,43.8,43.0,42.8,40.6,39.6,39.5,39.5,37.7,36.7,36.1,35.8,34.3,34.6,33.3,33.0,33.1,33.6,34.7,35.5,36.5,37.7
22:40:04.429,85.5,51.7,73.5,78.1,78.5,72.9,72.0,69.8,68.9,66.5,67.1,66.2,65.1,64.4,61.4,58.5,56.3,52.8,49.9,46.9,45.1,42.5,39.8,39.6,39.9,38.0,37.1,36.6,36.4,34.4,34.3,34.3,33.5,33.6,33.9,34.8,35.7,36.8,38.0
22:40:05.429,84.9,50.2,70.6,74.6,73.7,67.1,66.5,66.8,68.1,67.8,66.5,64.3,60.4,61.0,58.0,56.3,52.2,49.1,47.9,45.6,43.9,42.3,41.7,40.9,40.4,39.2,37.3,37.4,35.9,34.1,34.6,34.4,33.5,33.4,34.1,35.0,35.9,37.1,38.2
22:40:06.429,81.8,50.9,70.5,71.5,72.1,68.8,69.0,65.0,63.7,66.0,66.2,63.8,59.7,57.8,55.5,53.0,48.7,45.4,44.7,42.7,42.3,43.3,41.5,40.5,40.6,40.9,40.0,39.9,37.9,34.9,34.8,33.9,33.7,33.5,33.9,34.8,35.6,36.9,38.3
22:40:07.429,84.6,50.6,72.0,77.3,75.3,75.5,71.3,72.7,69.1,69.5,68.0,66.1,62.7,61.5,59.1,57.3,54.6,50.4,49.1,46.7,44.2,43.7,41.8,40.9,39.5,38.2,38.6,38.0,37.4,34.8,34.8,34.3,33.7,33.7,34.0,34.9,35.9,37.0,38.4
22:40:08.429,81.6,50.5,72.2,71.5,69.8,66.6,69.9,69.5,68.3,66.4,67.9,62.4,62.6,60.5,56.9,53.5,50.4,48.9,46.5,46.0,42.9,42.8,41.0,40.8,39.5,38.6,38.3,37.6,37.0,34.0,34.7,34.3,33.5,33.5,33.9,35.0,35.8,36.9,38.1
22:40:09.429,86.4,50.2,72.0,74.2,73.3,71.6,69.2,68.2,64.2,63.0,63.0,63.3,60.4,58.5,57.4,53.9,50.6,46.9,46.4,43.1,42.5,41.4,41.2,40.0,39.3,38.4,37.1,37.3,36.1,33.3,34.0,34.1,33.3,33.4,34.0,34.7,35.7,36.7,38.3
22:40:10.429,84.6,49.4,70.4,75.3,72.2,71.1,72.8,68.7,68.3,67.5,66.0,63.5,62.9,58.9,57.3,54.8,49.1,46.4,45.5,42.6,41.1,41.6,40.3,39.9,39.5,38.0,37.3,37.5,37.3,34.1,34.3,33.3,33.1,33.5,33.8,34.8,35.7,36.8,38.0
22:40:11.429,84.1,50.1,73.5,74.2,72.1,73.1,69.6,67.1,68.6,66.0,67.2,62.5,63.4,58.8,55.4,53.2,49.1,43.9,42.0,42.7,40.9,41.8,40.4,40.0,39.5,38.2,37.8,37.6,37.1,34.6,34.4,34.0,33.5,33.7,33.9,34.8,35.8,36.7,38.2
22:40:12.429,86.2,49.2,70.3,71.2,72.1,67.8,68.8,71.9,67.1,66.5,65.5,63.5,60.4,55.7,51.4,49.0,46.1,41.3,41.1,42.0,42.7,42.3,40.5,39.1,39.4,37.6,37.5,37.7,36.4,34.0,34.2,33.7,33.3,33.7,33.9,34.8,36.0,36.9,38.6
22:40:13.429,83.9,48.9,70.8,75.5,73.6,69.1,67.3,63.7,66.9,68.2,68.5,64.3,61.1,59.0,55.1,52.5,50.5,43.9,40.8,42.0,41.7,42.0,40.1,39.8,37.9,37.0,36.1,36.9,36.1,33.9,34.0,34.3,33.6,33.5,33.9,34.7,35.9,36.9,38.3
22:40:14.429,82.1,48.9,70.9,72.1,72.1,70.5,73.3,70.8,66.8,65.0,65.7,61.8,61.5,57.6,52.9,51.1,47.6,44.4,42.3,42.0,42.5,42.0,40.2,40.1,38.9,37.1,35.9,36.4,35.1,33.5,34.2,33.8,33.1,33.3,33.9,35.0,35.7,36.8,37.9
22:40:15.429,83.4,48.9,70.6,74.6,77.2,71.8,69.9,71.8,66.2,65.9,66.5,65.8,62.4,58.5,54.1,51.9,48.2,44.5,42.7,42.0,41.4,41.1,40.7,39.7,39.2,37.9,36.1,35.9,35.6,33.4,34.2,33.8,33.5,33.6,33.9,34.9,36.0,36.9,38.2
22:40:16.429,83.2,49.2,70.3,70.6,70.9,73.4,71.2,69.9,66.7,69.2,65.4,64.8,63.4,61.3,55.8,50.8,49.6,46.0,40.9,41.3,41.9,42.2,41.7,40.0,40.0,38.2,36.4,36.2,35.5,33.6,34.2,33.7,33.3,33.6,33.8,34.7,35.9,36.8,38.0
22:40:17.429,86.5,49.9,72.5,77.1,75.2,73.6,73.9,74.5,68.9,70.7,66.5,65.5,62.5,60.4,55.2,52.0,48.9,46.9,45.2,45.7,44.8,41.8,42.0,40.1,40.6,39.0,36.5,36.1,35.8,33.4,34.3,33.7,33.3,33.9,33.9,34.9,36.1,36.8,38.4
22:40:18.429,83.9,49.2,71.9,69.9,68.4,66.6,65.5,70.2,68.7,70.0,63.6,64.2,63.6,61.0,56.0,51.4,46.8,41.3,43.1,42.4,42.8,41.7,39.8,39.4,38.8,38.9,36.4,36.0,35.6,32.9,33.9,33.7,33.3,33.6,34.3,34.9,36.0,37.0,38.4
22:40:19.429,83.2,48.7,69.8,74.1,74.8,70.7,71.6,71.4,65.8,66.0,65.5,61.7,59.5,57.5,52.0,49.5,42.2,38.6,39.7,40.1,41.0,41.4,39.9,39.6,39.0,37.6,35.9,36.2,35.7,33.3,33.3,33.8,33.6,33.6,34.0,34.9,36.0,36.9,38.3
22:40:20.429,82.9,48.4,68.0,70.4,70.0,69.0,67.9,65.9,65.1,66.1,63.2,61.0,60.3,55.6,52.9,48.6,41.9,39.4,38.9,40.2,40.6,40.9,38.8,39.3,39.5,38.3,35.8,35.6,35.1,33.0,33.8,33.6,33.3,33.4,33.8,34.7,36.0,36.8,38.2
22:40:21.429,84.6,49.0,70.6,72.8,74.2,72.2,68.1,67.3,65.4,66.0,63.5,58.7,56.6,56.6,54.3,51.2,41.9,38.9,40.0,41.4,41.6,40.5,40.4,40.1,39.9,38.4,37.2,36.3,35.5,34.1,34.1,33.4,33.3,33.4,33.7,34.7,35.8,36.8,38.1
22:40:22.429,84.1,48.6,67.3,70.6,72.8,72.9,69.7,65.1,63.3,63.7,60.4,58.9,61.4,59.4,53.8,47.6,40.7,38.5,39.9,39.1,40.7,41.5,39.6,39.4,39.5,37.6,36.4,35.9,35.5,33.8,33.9,34.1,33.5,33.8,34.3,34.9,36.0,37.0,38.7
22:40:23.429,84.4,49.1,71.0,74.2,75.5,71.9,72.5,71.3,68.5,68.4,67.8,65.8,63.5,60.8,57.0,52.2,47.1,44.9,43.6,41.7,42.1,41.9,40.1,39.8,39.3,38.4,37.1,36.3,35.4,33.6,34.3,34.2,33.3,33.9,34.1,34.9,36.1,37.0,38.3
22:40:24.429,84.9,48.7,70.7,74.0,69.1,70.2,68.5,67.2,64.7,67.9,62.5,61.7,61.3,55.4,54.8,47.8,42.8,41.5,38.9,40.4,41.3,41.7,40.6,39.4,39.3,37.3,36.5,35.6,34.8,33.1,33.4,33.7,33.4,33.6,34.1,34.7,35.8,36.9,38.2
22:40:25.429,87.2,48.8,70.4,74.6,72.7,72.3,72.6,71.8,66.4,66.7,60.8,61.9,59.8,58.0,54.2,50.4,46.2,45.9,43.1,42.1,41.1,41.4,39.7,39.7,38.8,37.5,36.1,36.2,35.5,33.2,33.9,33.7,33.1,33.5,33.9,34.8,35.7,36.9,38.5
22:40:26.429,83.5,48.6,69.2,76.1,74.2,72.1,73.0,72.2,65.7,63.3,63.4,59.7,59.9,59.0,56.1,50.3,47.1,48.0,43.5,41.7,41.4,40.1,39.0,39.4,38.2,37.5,36.4,36.6,36.0,33.1,34.0,33.6,33.2,33.8,34.2,34.8,36.0,37.1,38.4
22:40:27.429,82.0,49.1,68.9,71.3,72.7,71.3,69.7,68.4,65.2,63.7,62.6,62.1,60.8,57.4,52.9,46.8,47.1,43.4,40.9,41.6,41.1,41.3,40.0,39.6,39.4,38.2,37.0,36.8,36.9,34.7,34.0,34.1,33.6,33.9,34.1,35.0,35.8,37.1,38.2
22:40:28.429,82.7,49.5,69.1,73.5,76.4,71.6,71.5,69.5,67.4,64.5,62.3,61.1,59.1,56.4,50.6,47.2,46.7,41.8,41.7,43.0,42.0,42.5,41.8,40.4,40.6,39.3,38.2,37.4,36.3,34.1,34.0,33.8,33.6,33.6,34.0,34.8,35.8,37.1,38.2
22:40:29.429,81.4,49.3,68.1,69.9,72.1,71.1,71.3,69.2,62.2,63.0,62.1,61.4,57.8,57.3,51.8,44.6,41.6,41.1,41.0,40.7,42.7,42.3,40.6,40.4,39.6,39.4,38.6,38.2,35.7,33.7,34.0,33.8,33.6,33.5,34.0,35.0,35.8,36.9,38.3
