AMBIENT,51.7,33.4,49.3,41.6,40.3,40.7,40.8,41.3,40.5,41.3,42.4,42.5,43.1,44.4,42.3,40.8,39.1,37.3,37.0,36.2,36.5,37.4,37.3,38.0,38.7,39.3,40.3,41.1,42.0,43.1,44.1,45.2,46.3,47.6,49.5,49.8,50.9,52.1,53.6
22:34:50.980,50.4,31.9,48.6,32.8,41.0,41.2,40.6,41.4,41.9,40.6,42.6,42.9,42.5,44.5,42.9,40.5,37.4,37.3,36.5,36.1,36.5,36.6,36.9,38.2,38.7,39.0,39.9,41.3,42.1,42.2,43.9,45.0,46.1,47.5,49.3,49.6,50.6,51.8,53.4
22:34:51.980,51.4,32.4,49.6,37.7,39.6,38.6,40.6,39.2,44.5,39.6,39.6,41.0,43.5,45.2,41.8,39.6,37.4,36.4,35.7,36.0,35.4,36.6,37.9,37.1,38.8,39.2,40.0,41.0,42.0,42.8,43.5,45.1,46.3,47.4,49.2,49.6,50.8,51.9,53.4
22:34:52.980,49.8,32.1,47.5,42.0,41.5,39.1,40.7,38.9,39.6,43.5,44.6,42.5,43.1,44.4,43.9,39.2,38.6,37.2,34.3,35.7,36.0,36.1,37.0,37.8,38.4,39.5,39.9,41.0,41.5,42.9,43.9,44.9,46.1,47.2,49.3,49.7,50.8,51.9,53.3
22:34:53.980,50.9,32.5,49.0,36.4,45.4,41.3,39.8,39.2,40.9,40.2,41.0,40.2,40.2,42.9,43.2,41.2,37.6,36.4,36.6,36.2,36.5,37.1,37.5,37.3,39.2,39.3,40.1,40.9,41.8,43.0,43.7,44.8,46.4,47.3,49.2,49.7,50.6,51.8,53.3
22:34:54.980,50.9,33.0,48.8,39.7,41.8,37.6,36.1,43.0,41.4,43.0,42.9,43.1,42.8,43.7,42.2,41.2,37.7,37.9,36.9,36.1,36.1,37.5,37.9,37.8,38.5,39.6,40.2,40.6,41.7,42.5,43.6,45.1,46.1,47.6,49.2,49.5,50.6,51.8,53.3
22:34:55.980,51.7,33.7,49.5,36.8,42.0,40.6,41.3,41.3,39.7,41.2,41.5,40.8,42.7,44.1,44.2,41.0,38.2,37.9,36.3,35.9,36.2,36.8,38.2,38.0,38.4,38.8,40.2,41.0,42.2,43.0,43.9,45.3,45.9,47.4,49.3,49.5,50.7,51.9,53.5
22:34:56.980,53.0,34.2,50.9,38.0,42.5,42.0,40.4,42.7,43.6,43.6,39.8,42.3,43.7,45.0,40.6,39.7,39.6,39.0,37.1,36.5,36.1,36.9,37.7,37.7,38.4,39.8,39.9,40.7,41.4,42.8,43.9,45.2,46.2,47.5,49.3,49.8,50.7,52.0,53.4
22:34:57.980,54.7,34.2,51.0,41.2,37.5,43.7,42.9,42.8,41.7,42.9,43.4,41.1,44.6,45.5,43.4,43.2,41.1,38.6,37.3,36.1,36.5,36.5,36.7,37.3,39.0,39.8,40.3,40.8,42.1,42.9,43.8,45.0,46.1,47.3,49.3,49.8,50.6,51.9,53.6
22:34:58.980,57.7,33.9,51.6,41.3,38.2,43.3,35.2,42.9,43.6,43.8,40.5,45.7,44.0,45.7,42.7,42.4,40.6,38.1,37.9,37.1,36.8,37.3,37.0,37.9,38.9,38.7,40.1,41.1,41.7,42.8,43.7,44.9,46.4,47.4,49.1,49.3,50.7,51.9,53.3
22:34:59.980,55.6,33.4,51.1,43.3,41.5,38.7,39.7,40.9,39.5,42.5,45.3,44.9,42.1,45.2,42.5,42.8,40.0,37.9,35.9,36.1,36.4,36.2,36.4,38.2,38.2,39.5,39.9,40.9,41.8,42.6,43.7,45.1,46.2,47.0,49.3,49.5,50.7,51.9,53.2
22:35:00.980,57.0,33.3,50.9,40.5,43.8,44.4,38.4,49.1,49.2,44.9,41.7,42.0,42.3,45.9,42.8,41.4,37.9,39.3,36.4,35.9,36.2,37.6,37.2,38.0,39.0,39.1,39.7,40.9,41.6,42.9,44.1,45.0,46.0,47.4,49.4,49.7,50.7,51.9,53.3
22:35:01.980,56.6,33.2,50.2,35.1,47.7,41.1,42.4,46.4,50.6,43.5,42.9,43.1,43.2,44.9,41.3,40.4,39.3,36.7,37.2,35.9,36.1,36.9,37.2,36.9,38.6,39.2,40.0,40.5,41.9,42.6,43.6,45.1,46.0,47.3,49.3,49.5,50.6,51.9,53.4
22:35:02.980,58.4,33.7,51.4,41.6,43.1,44.6,49.0,46.5,47.2,45.1,42.4,42.8,41.4,45.5,42.0,42.1,39.1,37.1,36.5,36.4,36.1,37.6,36.8,38.5,38.5,39.4,40.3,40.8,41.7,42.8,43.8,45.0,46.1,47.4,49.2,49.5,50.7,51.8,53.4
22:35:03.980,55.5,33.2,50.5,43.0,51.2,45.2,41.0,41.0,49.7,45.4,42.1,41.4,42.8,45.0,42.4,41.7,39.2,37.1,36.0,37.2,37.2,37.2,37.6,38.4,38.4,39.4,40.5,40.9,42.3,42.8,43.7,45.0,46.1,47.4,49.3,49.7,50.6,51.8,53.4
22:35:04.980,55.0,33.1,50.4,51.7,45.6,46.8,47.8,45.2,50.1,46.7,41.2,41.3,43.4,44.5,41.3,40.5,39.7,37.1,36.4,37.1,35.7,36.6,37.4,37.5,38.8,39.0,40.1,40.8,41.8,42.9,43.7,44.9,46.3,47.3,49.2,49.5,50.7,52.1,53.4
22:35:05.980,56.7,33.1,51.0,47.4,48.8,50.0,48.9,45.7,47.8,43.8,45.6,41.9,44.8,45.0,41.8,41.6,39.3,37.7,36.4,36.8,36.4,36.7,37.3,38.3,39.0,39.6,39.9,40.8,41.8,42.7,44.0,45.0,46.2,47.4,49.4,49.7,50.7,51.8,53.3
22:35:06.980,58.5,33.4,52.3,48.5,48.3,43.4,43.7,47.3,47.8,44.5,43.7,43.1,42.7,45.4,43.1,41.3,40.1,36.4,36.4,36.8,36.3,37.3,36.8,38.2,38.4,39.2,40.0,41.3,41.7,42.6,43.8,45.0,46.1,47.1,49.2,49.6,50.6,51.7,53.3
22:35:07.980,63.8,35.9,55.3,49.8,47.2,43.6,42.9,46.3,47.2,45.3,49.2,39.9,43.4,46.0,43.3,39.2,42.6,40.2,36.1,37.2,37.6,37.1,37.8,37.6,38.1,38.9,39.7,41.0,42.1,42.7,43.7,45.0,46.1,47.4,49.1,49.7,50.6,52.0,53.5
22:35:08.980,112.9,62.4,99.9,40.6,49.4,43.2,44.1,46.0,48.2,52.4,49.2,49.4,70.8,72.3,67.6,68.7,64.4,60.5,61.7,60.6,58.3,54.5,51.7,48.2,46.7,44.2,43.1,42.9,43.2,43.6,44.3,45.1,46.3,47.3,48.7,49.7,50.7,51.8,53.6
22:35:09.980,113.5,61.0,100.9,44.3,50.1,45.0,54.1,62.9,96.9,92.8,95.3,84.0,70.9,69.7,60.0,62.6,62.9,59.8,59.8,59.8,55.1,51.2,49.2,44.7,43.1,42.1,42.3,42.4,43.2,43.7,44.4,45.1,46.1,47.3,48.8,49.8,50.9,51.8,53.6
22:35:10.980,115.1,67.8,104.6,47.1,46.4,79.4,92.9,102.1,97.1,98.2,89.4,81.9,76.2,72.6,72.4,67.4,68.8,65.8,65.5,67.1,64.2,57.8,52.8,51.0,47.3,46.5,43.7,43.2,43.7,44.2,44.3,45.3,46.4,47.2,48.5,49.7,50.8,51.8,53.5
22:35:11.980,116.6,72.9,106.0,61.0,68.8,99.0,100.0,103.4,103.6,98.2,95.7,90.2,78.6,78.4,76.0,74.5,72.1,70.0,70.2,72.1,73.2,66.6,63.0,59.3,55.9,54.0,51.1,48.9,48.3,47.6,45.7,45.6,46.5,47.4,48.5,49.8,50.9,51.9,53.6
22:35:12.980,118.0,81.2,107.3,84.1,93.2,102.5,104.3,106.5,103.9,103.9,97.2,92.1,79.8,79.3,75.9,76.1,75.6,78.2,79.0,82.2,82.1,77.5,71.9,67.5,64.0,62.6,58.8,55.9,55.0,53.8,50.4,47.6,46.4,47.3,48.5,49.6,50.8,51.8,53.5
22:35:13.980,119.1,87.3,109.1,105.9,104.9,103.7,105.5,107.1,109.6,105.1,98.6,90.8,83.7,82.6,81.9,85.6,84.5,87.0,88.1,88.9,87.4,82.7,78.1,74.4,70.6,67.9,65.4,63.3,61.9,62.9,60.3,57.8,54.9,51.0,49.5,49.8,50.8,51.9,53.5
22:35:14.980,120.5,94.1,110.8,108.2,104.3,111.5,108.6,105.6,106.2,106.8,103.1,94.9,86.9,86.6,90.4,93.2,96.0,97.6,96.6,94.0,92.0,89.8,85.5,82.9,79.7,76.0,73.7,71.8,72.0,73.8,72.7,71.9,70.9,68.6,66.2,62.7,58.7,55.2,54.1
22:35:15.980,120.1,97.6,113.0,108.3,104.5,106.2,107.9,110.1,110.4,108.6,104.5,94.6,93.8,95.8,96.9,100.4,100.4,100.8,99.8,98.3,94.9,91.1,88.2,86.0,82.7,79.1,77.6,75.0,75.2,78.4,77.6,77.2,76.6,74.5,72.4,69.8,66.3,60.9,57.0
22:35:16.980,123.1,99.2,116.7,107.0,109.2,109.0,108.8,109.7,107.4,108.4,107.2,97.0,100.1,102.2,101.0,103.1,104.1,103.6,103.0,100.1,95.7,91.3,88.5,84.4,82.9,79.3,78.5,77.3,78.9,79.6,79.5,81.0,79.9,77.3,75.7,73.4,69.9,65.2,60.4
22:35:17.980,125.0,100.4,118.8,110.3,112.9,105.1,112.8,111.3,109.4,114.4,110.8,100.5,102.0,105.1,104.2,105.7,104.9,104.7,104.4,101.5,96.1,90.6,87.6,83.8,81.1,78.9,77.7,77.8,79.7,80.0,80.4,80.6,79.1,76.1,74.0,72.0,69.2,64.2,59.6
22:35:18.980,124.9,102.5,119.8,112.3,106.9,110.6,110.6,116.4,114.1,114.4,111.0,105.2,105.5,109.2,108.2,109.6,107.8,104.6,105.7,102.6,100.3,95.4,89.7,87.6,84.7,82.0,80.3,78.9,79.4,81.5,81.5,82.2,81.2,79.0,76.9,74.5,71.7,67.0,61.9
22:35:19.980,124.9,105.5,121.4,111.5,112.6,111.3,111.1,116.2,118.0,116.6,109.4,108.4,109.6,114.0,112.4,111.7,108.2,108.1,107.1,106.3,103.5,99.4,96.2,93.3,90.8,87.8,84.3,82.8,84.2,85.2,84.6,85.1,84.1,82.1,80.1,77.8,75.4,71.5,65.9
22:35:20.980,125.8,107.8,123.6,112.2,110.6,112.4,115.4,118.1,114.0,115.0,111.3,109.6,115.7,113.1,113.5,113.5,111.2,109.4,109.5,108.3,104.9,100.5,96.3,94.6,93.1,91.5,89.2,89.2,90.6,90.1,88.7,89.9,89.7,87.9,87.0,84.9,84.1,80.6,73.8
22:35:21.980,125.9,106.5,123.7,109.4,110.2,113.3,116.6,117.0,111.4,113.4,113.9,116.0,115.8,116.4,116.9,114.1,110.6,109.9,109.2,107.9,103.9,98.8,93.6,91.8,91.4,89.9,87.1,86.0,87.2,86.9,87.3,89.2,87.8,84.7,83.2,80.2,78.7,74.8,68.0
22:35:22.980,127.1,106.2,124.3,115.9,113.1,114.4,114.9,110.9,115.5,113.1,115.8,116.5,116.2,117.3,114.4,111.6,110.4,111.9,109.6,106.4,102.8,96.5,88.4,90.2,88.5,87.3,84.6,83.1,85.9,87.7,88.7,90.1,89.1,85.2,84.6,82.1,80.9,77.5,71.0
22:35:23.980,127.8,107.8,125.3,108.1,103.6,110.0,111.5,113.9,116.9,117.6,116.4,119.2,116.9,114.8,112.0,112.3,114.5,112.9,111.2,106.7,102.8,94.6,91.8,91.9,90.9,90.8,88.7,90.8,90.2,91.2,90.1,90.4,88.4,86.7,85.1,82.9,80.8,77.5,72.6
22:35:24.980,129.8,111.2,126.7,107.8,112.4,110.6,113.2,116.3,116.8,118.8,117.8,120.9,117.5,114.8,114.5,116.4,114.9,113.0,112.5,110.1,103.6,97.8,98.7,101.1,100.5,96.9,95.1,94.5,96.0,95.4,94.9,96.2,95.9,94.2,94.3,91.4,90.0,88.0,84.6
22:35:25.980,130.0,111.2,126.8,107.4,106.5,109.1,108.0,116.1,119.2,119.4,118.3,120.7,115.7,117.6,117.8,117.0,117.3,114.0,112.5,108.3,103.6,99.1,100.4,101.9,101.5,99.0,96.1,96.6,97.0,96.6,95.2,94.5,93.4,92.1,91.9,90.2,89.1,86.0,80.9
22:35:26.980,130.8,111.0,127.2,108.2,99.4,114.1,113.1,112.5,121.7,122.7,118.8,118.9,117.8,117.8,118.9,116.1,114.7,114.1,111.6,106.8,103.8,100.5,100.6,100.8,99.1,95.5,94.6,95.7,97.1,98.1,96.7,95.8,95.1,93.7,93.3,91.6,89.7,87.8,83.0
22:35:27.980,130.3,112.2,126.7,106.3,112.3,114.5,118.2,120.6,118.3,121.6,121.6,117.9,119.9,120.1,117.6,118.0,114.7,114.1,111.3,108.0,105.3,103.3,102.9,102.2,101.0,99.5,96.6,97.5,98.9,98.8,97.8,97.9,97.0,95.9,95.8,95.5,92.4,90.1,85.3
22:35:28.980,129.3,109.9,125.1,108.3,111.9,116.8,121.4,118.6,123.3,118.0,119.1,118.6,117.0,118.4,115.7,113.4,113.0,109.6,109.0,107.5,104.1,101.8,99.6,100.9,99.5,97.1,94.5,95.2,96.0,95.9,94.5,92.7,92.8,92.3,90.3,89.6,86.3,83.0,79.1
22:35:29.980,130.1,113.1,126.1,108.8,117.1,117.2,119.9,121.2,119.7,119.0,119.0,117.3,117.2,116.0,114.6,113.7,111.8,112.2,110.3,107.8,105.9,101.9,101.1,102.3,102.1,100.8,99.6,100.0,102.0,102.6,100.4,99.8,100.0,98.6,97.1,95.4,93.3,90.7,87.7
22:35:30.980,129.3,110.5,125.4,109.1,114.8,117.2,120.7,115.5,120.4,118.4,118.5,120.7,119.1,117.5,116.5,114.6,111.9,110.3,109.8,105.9,102.9,99.9,99.8,100.6,100.7,98.5,96.3,97.0,96.9,98.2,95.2,94.5,94.6,93.8,92.3,89.7,88.8,84.7,81.5
22:35:31.980,128.1,109.1,123.9,116.4,118.5,121.8,120.3,119.0,118.1,118.6,119.4,116.8,118.0,115.7,115.1,111.5,111.3,110.0,107.7,105.7,102.6,100.1,99.2,100.4,99.9,96.9,95.2,97.0,95.6,96.4,94.6,93.2,93.4,92.6,91.0,88.7,87.8,82.2,79.0
22:35:32.980,127.8,109.6,124.4,113.2,113.4,122.2,121.3,118.8,117.5,121.1,116.6,118.0,117.7,114.9,114.2,111.7,109.0,108.2,107.5,106.1,101.2,98.7,97.7,99.4,99.0,97.2,96.6,96.8,97.1,98.8,95.5,93.3,93.9,91.6,90.5,87.7,87.7,83.4,78.7
22:35:33.980,127.5,107.9,123.1,116.1,117.5,119.8,116.2,114.1,115.2,119.9,117.6,117.6,116.6,113.3,114.4,111.6,111.6,109.3,108.0,105.1,101.0,98.0,97.6,98.0,98.1,96.9,94.9,95.0,94.2,95.5,92.0,89.9,89.8,87.4,85.8,84.2,83.0,78.6,74.5
22:35:34.980,127.2,108.5,122.7,113.5,118.5,117.8,113.0,119.1,117.2,116.8,117.1,114.3,114.6,114.1,111.7,112.1,110.2,109.1,107.8,105.5,101.5,99.8,98.8,99.8,99.3,96.2,95.6,95.8,94.6,94.1,92.1,92.0,90.1,88.0,87.8,86.2,83.9,79.8,75.1
22:35:35.980,125.4,106.4,121.0,110.1,116.2,118.4,117.3,118.1,116.8,118.1,118.0,113.4,114.6,112.6,111.9,111.5,109.4,107.6,107.0,103.9,100.2,97.6,96.2,97.5,96.7,95.7,93.6,93.8,91.8,93.2,90.6,90.1,90.2,86.8,86.3,84.6,82.4,78.3,73.8
22:35:36.980,124.7,103.6,120.2,115.6,110.4,113.3,116.3,114.0,115.2,115.1,117.0,114.2,112.4,112.6,109.0,106.8,107.0,105.3,103.9,101.3,96.2,93.7,93.7,95.0,93.9,91.8,90.4,89.4,86.9,88.0,86.9,84.4,81.9,80.5,80.1,75.5,72.0,66.2,62.3
22:35:37.980,125.3,103.6,120.4,112.8,115.2,116.5,114.9,115.9,112.1,114.1,115.4,111.2,112.5,113.5,110.2,107.5,107.6,106.0,104.3,101.6,97.3,95.0,93.5,93.5,93.9,91.2,90.4,89.9,87.9,89.5,87.1,84.7,83.2,81.8,81.6,77.4,73.4,69.4,64.7
22:35:38.980,124.7,103.3,119.8,116.1,115.1,115.7,112.6,116.1,113.6,117.2,113.7,113.5,111.9,109.9,107.4,108.1,106.3,105.7,102.8,100.5,97.3,94.8,93.1,94.1,93.4,91.7,89.7,90.4,88.9,88.8,87.2,85.2,83.2,82.4,82.1,77.2,73.6,68.9,63.3
22:35:39.980,124.2,103.7,119.3,118.4,113.9,111.1,118.3,116.6,108.6,111.5,114.5,114.0,110.9,110.5,109.5,108.3,105.9,105.7,103.0,100.3,96.4,93.3,93.0,94.3,94.5,93.7,91.9,92.0,89.1,89.2,86.0,83.2,82.8,82.5,80.6,76.3,72.5,68.4,62.1
22:35:40.980,122.3,102.4,117.6,108.9,113.2,116.2,113.5,109.9,113.4,113.6,114.2,111.9,111.2,108.3,109.1,104.0,104.6,104.2,102.2,98.6,94.8,91.4,92.4,93.9,94.3,92.2,91.0,90.6,89.2,88.6,85.2,84.0,82.4,83.4,80.1,77.7,74.4,69.5,67.1
22:35:41.980,122.7,103.2,118.3,105.1,108.0,114.7,113.8,120.2,111.2,111.7,111.4,110.2,109.4,107.7,108.2,105.5,105.2,104.7,102.4,98.9,96.3,92.2,92.1,93.4,93.5,93.2,92.3,91.8,89.2,87.9,85.1,83.3,81.8,83.0,81.3,78.1,73.4,69.1,64.6
22:35:42.980,122.5,103.9,117.6,104.1,110.5,111.0,108.5,113.4,111.5,112.5,113.3,110.7,110.3,107.6,108.4,106.3,104.7,104.5,103.0,100.2,97.5,94.2,94.1,96.4,95.1,93.9,92.4,91.3,88.9,87.4,85.7,83.8,81.7,82.4,79.9,76.8,71.7,67.3,63.2
22:35:43.980,120.2,99.2,114.8,111.0,109.1,115.5,110.8,112.8,113.1,111.8,109.9,107.7,107.1,106.5,106.3,103.6,104.1,102.6,99.5,97.4,92.9,89.8,88.6,90.9,91.1,89.6,89.6,88.2,83.8,81.7,78.5,79.5,76.9,75.8,72.3,69.1,63.3,58.1,55.3
22:35:44.980,119.4,95.7,114.2,106.9,111.9,109.2,111.7,113.4,114.0,111.6,108.3,106.1,106.7,104.2,102.4,102.8,101.6,99.7,97.1,94.4,90.1,85.9,84.7,86.0,85.1,84.6,81.3,81.1,77.8,75.0,74.3,74.4,70.7,68.7,63.4,59.3,54.6,52.7,53.7
22:35:45.980,119.8,96.3,113.4,105.5,107.7,106.9,113.8,107.4,110.8,110.1,105.8,106.7,104.1,103.8,101.7,102.3,100.6,98.3,96.2,92.6,88.2,85.8,84.7,86.9,87.9,86.3,85.3,82.9,78.2,75.5,75.7,75.9,72.8,69.6,66.8,63.2,57.5,53.2,53.8
22:35:46.980,119.6,99.9,114.6,111.6,111.4,107.1,109.7,109.3,111.1,110.6,106.6,105.5,104.8,102.9,102.9,102.5,102.7,101.4,98.8,96.6,93.5,88.4,89.6,91.5,91.8,90.9,87.9,87.6,84.1,81.9,81.3,82.4,79.2,76.8,73.8,71.1,67.5,62.5,57.3
22:35:47.980,118.1,97.1,112.0,110.4,111.5,106.2,111.0,108.3,108.1,108.6,110.3,107.9,102.7,104.6,103.9,102.8,99.8,98.0,97.1,94.4,90.5,86.7,86.0,88.6,88.4,88.1,85.8,84.3,80.6,76.4,77.1,78.0,75.0,71.8,66.0,61.3,58.1,54.3,53.7
22:35:48.980,117.5,97.3,112.0,109.2,107.7,108.1,112.0,111.0,107.5,108.0,104.5,104.4,101.2,102.6,101.4,99.9,98.1,96.2,95.2,92.9,88.7,85.2,85.7,88.6,89.9,89.0,87.6,85.2,81.9,76.3,78.3,80.2,76.4,75.4,73.7,69.5,66.0,61.1,55.9
22:35:49.980,117.9,94.1,110.8,100.5,110.9,105.8,106.7,106.7,106.9,107.1,104.9,104.4,103.2,102.1,101.8,100.6,97.4,96.2,95.1,90.4,86.8,84.1,83.7,85.4,86.6,84.9,82.5,80.6,76.9,71.7,73.2,73.8,69.7,67.0,63.4,61.1,57.6,53.4,53.6
22:35:50.980,115.1,90.6,109.2,107.4,109.9,104.9,106.1,108.1,108.7,105.4,102.3,105.5,101.7,101.3,99.3,97.5,95.1,93.4,90.1,88.6,84.7,81.6,81.2,82.8,82.8,80.2,79.0,75.7,72.1,67.0,67.9,67.4,61.9,60.5,58.1,52.7,51.5,51.7,53.5
22:35:51.980,116.3,93.2,109.7,107.2,106.0,102.5,108.6,107.7,106.0,102.3,103.3,102.3,99.9,98.7,98.2,95.2,94.1,93.0,92.9,88.6,86.5,82.0,82.1,85.6,86.4,84.5,83.0,80.1,76.2,70.0,70.0,69.6,65.6,62.3,58.5,53.9,51.5,51.9,53.5
22:35:52.980,114.0,90.8,108.1,110.2,105.5,108.5,112.0,107.4,108.0,103.1,102.3,100.8,101.6,99.3,96.9,95.9,95.0,92.7,92.0,88.4,84.8,79.5,79.5,81.7,81.3,80.8,79.2,75.5,72.8,68.3,67.2,65.3,59.2,56.3,51.8,50.1,50.8,51.8,53.6
22:35:53.980,114.3,88.2,108.1,106.5,105.6,103.8,109.6,110.5,99.2,99.8,101.7,101.5,99.7,95.5,98.4,95.2,93.6,92.8,90.8,86.0,82.3,77.8,77.8,80.4,78.9,78.5,76.4,72.2,66.8,62.1,60.3,56.9,52.2,48.9,48.7,49.8,50.8,51.8,53.5
22:35:54.980,114.2,89.2,108.4,105.0,110.4,102.7,108.2,104.0,105.3,101.7,102.1,100.2,101.0,96.6,97.1,96.5,95.4,92.1,90.1,87.2,83.4,77.9,78.8,79.7,80.1,77.7,76.9,74.5,69.4,64.3,63.7,63.9,59.0,55.4,52.2,50.3,50.8,51.9,53.6
22:35:55.980,113.5,87.2,106.6,104.9,99.6,103.9,106.9,103.8,104.4,105.3,100.6,101.6,99.2,97.1,97.1,95.2,93.7,92.3,90.8,83.9,80.0,75.2,76.1,77.7,77.8,77.4,74.4,71.5,67.4,62.9,63.2,60.8,57.2,56.1,53.5,50.9,50.9,51.7,53.5
22:35:56.980,112.7,86.4,105.9,104.2,107.2,102.4,107.7,100.1,105.9,100.1,99.8,100.8,98.4,95.6,93.3,93.8,94.1,92.3,88.0,83.6,80.0,75.4,75.2,77.1,76.9,75.6,69.9,67.3,62.6,56.5,58.4,54.8,51.6,50.1,48.8,49.7,50.8,51.8,53.6
22:35:57.980,112.2,83.2,105.1,100.9,103.5,106.5,104.5,102.3,104.9,97.2,101.5,97.6,95.4,95.4,92.9,91.6,90.8,88.2,84.9,81.9,79.1,72.7,72.2,72.6,71.8,71.3,66.7,60.0,53.5,49.3,49.0,47.1,46.1,47.4,48.6,49.8,50.8,51.9,53.5
22:35:58.980,111.1,83.9,104.3,102.8,96.7,102.3,105.1,98.9,103.3,99.9,98.8,98.2,96.5,92.3,94.1,90.2,89.6,87.6,85.2,81.6,79.1,74.2,71.8,72.9,74.2,71.3,70.1,64.7,61.5,53.1,53.5,52.3,49.2,47.8,48.6,49.8,50.8,51.7,53.5
22:35:59.980,111.6,85.1,103.4,104.7,103.5,103.6,101.1,99.0,102.7,99.8,97.3,96.7,95.3,93.5,91.3,93.7,89.9,88.7,86.9,82.8,78.2,75.5,76.9,78.4,76.6,73.9,66.9,60.8,56.3,52.0,52.5,48.5,48.4,48.4,48.7,49.6,50.7,51.9,53.5
22:36:00.980,108.8,82.0,102.0,104.9,102.1,107.6,104.5,102.1,98.9,95.1,98.9,96.3,93.7,91.2,91.1,90.9,89.4,86.7,84.2,80.2,76.4,71.7,72.5,73.7,71.7,67.8,65.0,58.9,52.4,48.9,48.2,45.4,46.3,47.5,48.6,49.8,50.9,51.8,53.5
22:36:01.980,109.8,79.3,101.6,102.6,100.0,102.3,102.6,102.4,101.2,96.3,94.0,95.0,93.9,89.8,90.2,89.1,88.7,85.8,82.5,77.5,73.7,66.1,65.4,65.2,64.2,59.1,52.5,46.2,42.8,43.5,44.2,45.1,46.2,47.2,48.6,49.9,50.8,51.7,53.4
22:36:02.980,107.6,78.7,99.9,102.4,102.0,101.3,103.3,98.8,98.3,97.3,94.8,94.3,90.6,90.4,89.7,87.3,85.6,85.7,81.3,77.1,73.7,67.6,67.3,68.4,67.2,61.4,57.1,50.9,43.4,43.6,44.3,45.2,46.3,47.3,48.4,49.6,50.7,51.8,53.6
22:36:03.980,109.4,78.5,100.1,100.7,99.4,96.8,102.1,100.4,97.0,93.2,93.8,93.4,90.8,90.0,89.6,87.9,85.5,82.6,79.4,76.4,73.1,68.0,67.9,70.1,68.4,64.6,59.0,53.0,47.1,44.2,44.5,45.3,46.2,47.5,48.4,49.6,50.8,51.8,53.5
22:36:04.980,107.3,74.8,97.9,101.8,104.6,98.3,96.3,99.1,97.1,93.7,94.9,91.7,91.2,87.5,85.6,85.8,82.2,80.8,79.7,74.7,71.8,63.6,61.9,62.6,60.0,55.1,49.0,42.9,41.7,42.9,44.0,45.3,46.3,47.6,48.6,49.5,50.7,51.9,53.5
22:36:05.980,104.8,73.3,97.1,101.1,95.0,97.6,98.8,99.1,95.4,94.3,93.7,87.9,87.8,86.5,85.4,81.9,81.1,79.7,75.9,71.2,67.3,62.6,61.1,60.1,57.4,51.5,45.1,41.2,42.0,43.1,43.9,45.4,46.1,47.5,48.5,49.7,50.7,51.7,53.5
22:36:06.980,105.3,72.4,96.2,98.5,97.8,98.0,102.4,99.1,92.5,92.1,90.1,91.6,88.4,86.2,85.6,80.7,79.7,78.3,74.5,71.6,68.7,60.8,62.0,60.4,56.6,51.4,44.8,41.5,42.0,43.0,44.1,45.1,46.4,47.3,48.7,49.8,50.7,51.7,53.6
22:36:07.980,105.2,71.5,95.7,96.5,98.0,99.0,89.8,95.6,91.7,93.1,90.6,87.3,88.4,83.4,83.6,82.1,78.9,74.8,74.3,70.2,67.5,62.3,61.5,60.1,56.2,51.5,45.6,41.8,42.3,43.0,43.9,45.2,46.4,47.4,48.6,49.7,50.7,51.7,53.4
22:36:08.980,104.2,70.5,95.2,100.9,98.1,94.4,95.7,94.4,93.7,92.4,90.7,91.1,85.4,82.5,84.2,79.6,76.5,74.4,71.6,69.8,64.7,58.3,57.5,57.5,55.1,50.2,43.8,41.1,41.6,43.1,43.9,45.4,47.7,47.5,48.6,49.6,50.8,51.7,53.6
22:36:09.980,104.8,70.4,95.4,100.1,97.7,95.9,94.3,93.5,90.9,92.6,90.8,86.0,85.9,85.8,83.1,80.3,77.5,76.0,73.6,69.2,65.7,58.1,55.7,56.7,55.5,49.9,43.8,41.2,41.6,43.2,43.9,45.6,46.9,47.6,48.6,49.6,50.8,51.8,53.5
22:36:10.980,103.1,69.4,94.9,93.6,96.6,95.8,91.3,91.6,90.9,90.8,89.0,85.2,85.8,83.2,80.8,79.6,78.1,75.6,72.0,68.7,64.6,56.9,55.3,53.9,49.8,46.2,41.5,40.9,41.9,43.0,44.0,46.7,49.3,47.5,48.5,49.7,50.7,51.7,53.5
22:36:11.980,103.6,68.4,94.0,89.3,95.5,93.6,96.8,93.2,94.4,90.0,89.1,86.2,83.5,82.3,83.3,79.0,77.3,73.4,70.6,65.7,62.4,56.5,53.4,54.4,52.0,44.7,40.6,41.0,42.1,43.2,44.2,45.5,47.0,47.2,48.6,49.8,50.8,51.8,53.5
22:36:12.980,102.8,68.9,93.7,97.9,94.1,97.8,94.0,93.3,86.1,92.6,88.3,86.6,84.2,82.3,81.5,79.0,76.7,74.0,71.8,67.0,61.0,54.7,54.7,54.2,50.0,46.3,41.5,41.1,42.3,42.8,44.0,45.5,46.5,47.4,48.7,49.7,50.8,51.7,53.5
22:36:13.980,102.5,67.7,94.1,92.5,94.8,95.1,96.8,93.0,91.1,87.7,88.3,86.7,84.8,85.1,82.3,77.0,74.6,71.5,70.5,66.2,61.0,54.9,54.3,52.4,49.9,46.4,42.1,41.0,41.5,42.9,44.0,45.4,46.2,47.4,48.4,49.8,50.7,51.7,53.5
22:36:14.980,101.1,65.2,91.7,95.0,94.9,93.4,95.1,93.7,90.5,89.8,88.8,87.8,83.0,80.0,80.1,76.5,73.5,69.4,67.1,63.5,58.3,53.8,53.6,52.8,49.8,44.4,40.9,40.7,41.7,42.7,44.1,45.1,46.3,47.4,48.5,49.8,50.8,51.8,53.6
22:36:15.980,99.8,65.3,91.7,92.9,91.6,92.2,96.5,91.6,90.1,87.3,86.7,86.0,83.3,80.7,77.3,75.2,73.1,69.6,66.2,61.3,56.3,51.3,51.0,48.8,46.5,41.3,40.3,40.7,41.9,43.4,44.0,45.2,46.6,47.5,48.7,49.8,50.8,51.8,53.5
22:36:16.980,101.3,65.4,92.4,93.7,94.2,92.1,91.5,93.1,88.3,88.8,87.7,85.4,83.9,80.2,77.8,75.2,74.7,69.7,67.5,62.4,56.9,49.0,50.8,49.3,46.4,42.7,40.6,41.3,42.0,43.0,44.1,45.0,46.3,47.5,48.6,49.7,50.5,51.8,53.5
22:36:17.980,101.6,63.9,91.1,97.4,94.3,86.2,89.5,88.5,88.6,88.2,87.8,87.4,82.3,81.5,76.2,73.4,70.8,67.7,64.3,61.7,56.5,49.6,48.5,46.2,45.2,43.0,40.6,40.4,41.6,42.6,44.1,45.3,46.5,47.6,48.7,49.7,50.9,51.7,53.5
22:36:18.980,99.1,64.0,90.4,91.1,90.6,89.1,91.1,90.1,87.4,87.4,83.5,84.6,81.1,80.8,77.0,74.6,71.4,67.9,66.2,61.4,57.8,51.1,50.8,48.2,45.0,40.8,40.4,40.8,42.2,43.1,43.9,45.2,46.3,47.5,48.7,49.7,50.8,51.8,53.5
22:36:19.980,103.2,63.1,90.7,91.2,92.0,91.3,88.0,90.4,88.2,83.3,83.9,86.0,82.4,79.9,77.3,73.7,71.1,69.6,64.9,59.6,57.5,49.7,50.6,47.8,44.5,41.9,40.2,40.9,41.8,42.9,43.9,45.0,46.2,47.4,48.5,49.8,50.6,51.8,53.5
22:36:20.980,100.5,62.8,91.0,89.2,89.6,93.7,91.3,89.2,86.9,85.1,85.5,83.6,79.9,78.6,75.9,69.4,69.3,66.8,62.6,59.5,55.4,48.1,48.7,48.8,45.9,42.3,40.3,40.9,41.9,43.0,43.9,45.1,46.2,47.5,48.7,49.7,50.8,51.8,53.5
22:36:21.980,102.0,63.8,90.9,94.3,89.5,91.4,90.1,92.1,87.3,85.1,86.2,83.9,84.6,78.4,77.6,74.8,68.8,64.5,64.6,59.9,56.6,52.1,51.6,52.4,50.8,43.6,40.9,40.9,42.2,42.9,44.2,44.9,45.9,47.4,48.7,49.7,50.8,51.7,53.5
22:36:22.980,100.0,63.5,90.6,95.2,92.0,90.5,90.1,91.1,83.9,85.9,87.1,83.8,82.7,77.8,74.3,73.6,71.1,68.5,64.8,59.9,57.3,48.9,49.3,51.7,47.7,42.7,40.6,40.7,41.7,42.8,44.0,45.2,46.1,47.4,48.7,49.7,50.7,51.9,53.6
22:36:23.980,100.0,62.1,88.8,90.8,90.0,91.1,88.8,89.4,87.2,85.2,83.7,83.3,83.1,79.1,76.4,73.2,68.9,66.5,63.6,58.8,55.1,47.9,48.8,48.6,45.3,41.8,39.9,41.2,41.9,42.7,43.7,44.9,46.3,47.7,48.6,49.8,50.9,51.8,53.5
22:36:24.980,100.9,62.0,90.1,95.5,96.2,90.9,90.3,86.8,88.6,85.5,84.9,81.1,81.2,77.7,78.0,73.0,68.4,66.0,63.4,59.9,52.8,48.4,49.3,46.3,43.8,40.0,40.3,40.9,42.0,42.9,44.3,45.6,46.3,47.4,48.6,49.6,50.7,51.6,53.5
22:36:25.980,98.9,61.0,88.2,93.3,92.4,87.7,85.4,86.7,87.4,85.7,83.0,85.3,79.0,74.6,76.1,72.2,68.4,64.3,60.9,57.8,52.7,46.8,47.3,46.1,45.1,42.1,39.9,40.8,41.7,43.0,44.1,44.8,46.4,47.3,48.8,49.7,50.8,51.7,53.4
22:36:26.980,99.1,61.7,90.0,92.4,94.7,90.1,88.3,87.2,84.9,84.6,83.9,80.7,79.3,78.9,73.9,71.2,68.9,65.2,63.4,59.4,54.6,49.1,49.4,49.7,47.8,44.2,41.3,40.6,41.7,42.9,43.9,44.8,46.2,47.3,48.8,49.8,51.0,51.9,53.6
22:36:27.980,97.2,60.1,87.6,90.0,92.5,87.4,91.3,87.8,86.8,86.8,85.6,82.8,78.7,77.6,74.4,71.7,67.5,64.1,59.9,58.2,51.9,46.7,48.1,46.3,41.8,40.4,40.2,41.3,41.7,43.0,43.9,45.0,46.5,47.5,48.8,49.7,50.7,51.7,53.5
22:36:28.980,95.1,59.6,86.6,93.3,92.9,84.9,86.2,88.7,81.6,83.6,80.5,83.0,79.8,76.1,72.4,67.9,65.7,62.2,58.9,56.8,52.8,46.4,48.5,47.3,43.2,40.9,39.6,41.0,41.6,43.0,44.1,45.0,46.3,47.7,48.8,49.7,50.8,51.7,53.5
22:36:29.980,98.0,59.2,87.7,95.1,94.7,92.6,88.1,88.4,81.4,83.2,81.2,81.5,77.3,77.2,71.3,68.6,66.6,63.0,60.1,57.2,52.3,47.3,46.4,46.3,43.7,41.0,40.0,40.4,41.7,42.7,44.3,45.0,46.0,47.7,48.9,49.9,50.7,51.7,53.5
22:36:30.980,96.8,59.5,86.8,92.4,90.3,90.7,83.5,84.5,83.7,82.8,81.8,82.8,76.9,76.9,71.9,68.4,66.7,65.0,60.7,57.1,54.1,46.6,46.5,43.3,41.3,39.7,40.1,40.7,42.1,42.8,43.6,45.1,46.5,47.4,48.7,49.7,50.7,51.8,53.5
22:36:31.980,95.9,58.6,85.4,89.8,88.9,81.9,87.5,87.3,82.8,82.7,82.8,79.2,77.3,74.9,73.9,68.9,65.3,62.3,59.6,56.6,50.2,44.5,43.3,40.0,39.4,39.7,39.8,40.9,41.7,43.2,43.9,45.1,46.2,47.4,48.8,49.5,50.7,51.9,53.4
22:36:32.980,97.9,58.0,87.0,90.1,86.8,86.1,88.6,80.4,81.4,80.2,78.9,79.0,78.7,75.4,71.0,68.5,66.1,62.2,60.0,56.9,51.1,43.8,42.1,40.2,40.7,39.5,39.7,40.5,41.8,43.2,44.0,45.0,46.3,47.5,48.7,49.7,50.9,51.8,53.6
22:36:33.980,97.2,58.1,86.2,80.9,86.3,88.8,85.8,83.4,83.4,80.9,81.8,79.1,79.4,73.3,71.4,67.2,64.0,60.3,59.3,55.6,49.8,44.7,43.6,41.4,40.6,38.9,39.7,41.1,41.8,43.0,44.0,45.1,46.4,47.4,48.8,49.7,50.9,51.6,53.5
22:36:34.980,97.1,58.9,87.5,86.7,89.3,89.2,86.2,83.2,83.6,84.3,80.3,77.5,76.7,75.4,72.1,69.6,64.9,63.5,60.0,56.3,52.0,43.9,42.3,43.4,41.8,39.3,39.9,40.9,42.3,43.0,43.9,45.1,46.4,47.5,48.6,49.7,50.8,51.8,53.6
22:36:35.980,97.2,58.4,86.5,88.4,88.8,90.4,85.4,86.2,83.5,84.0,84.0,79.3,77.1,73.5,72.4,69.3,66.5,63.6,60.9,54.7,48.6,43.3,42.5,42.0,40.9,39.8,40.4,40.9,41.4,42.9,43.8,45.4,46.2,47.4,48.8,49.8,50.7,51.9,53.5
22:36:36.980,98.0,56.7,86.3,83.4,88.6,87.7,86.9,87.5,81.8,84.0,79.1,78.9,77.9,74.0,69.5,66.9,64.1,60.2,57.5,54.0,48.0,42.0,42.6,39.8,39.2,39.1,39.9,41.0,41.9,42.5,43.9,45.0,46.3,47.6,48.8,49.7,50.8,51.8,53.5
22:36:37.980,98.5,56.6,85.8,83.2,88.5,89.5,86.4,85.4,83.6,84.2,83.0,79.7,75.7,74.8,70.6,67.5,64.8,60.7,56.3,52.9,48.1,43.6,43.0,41.2,39.0,39.0,39.6,40.7,41.8,43.2,44.1,45.2,46.3,47.4,48.6,49.7,50.8,51.9,53.4
22:36:38.980,97.3,56.8,85.3,89.7,90.2,87.2,89.6,82.2,81.4,77.9,78.6,75.5,77.1,74.3,70.5,67.4,65.0,60.1,55.9,50.9,48.1,44.2,45.1,44.1,40.9,39.7,40.1,41.0,42.0,42.8,44.1,45.0,46.2,47.7,48.5,49.8,50.6,51.8,53.5
22:36:39.980,95.1,57.9,86.0,79.5,89.5,83.9,82.8,83.2,82.0,82.7,80.4,78.1,75.0,74.6,70.7,68.0,66.3,60.0,58.1,55.2,50.7,44.9,45.2,45.2,41.2,40.5,40.4,41.1,41.9,43.1,44.0,45.0,46.0,47.5,48.7,49.7,50.6,51.7,53.5
22:36:40.980,96.6,57.8,86.1,90.0,83.7,90.3,87.7,83.1,80.1,82.4,80.5,79.5,76.8,74.0,71.2,66.6,64.6,62.7,57.9,54.6,49.0,44.0,43.5,43.7,41.8,40.6,40.1,40.5,41.4,42.9,44.2,45.3,46.2,47.6,48.9,49.8,50.7,51.7,53.5
22:36:41.980,96.8,58.1,85.9,94.5,89.7,88.8,87.5,85.0,82.3,82.8,81.2,76.1,78.0,72.9,71.5,68.3,66.1,63.0,59.4,55.6,49.7,44.5,46.1,43.4,42.8,40.1,40.3,40.6,41.9,42.6,44.0,44.9,46.3,47.6,48.8,49.7,50.7,51.7,53.6
22:36:42.980,95.2,58.0,85.1,90.7,93.2,81.4,84.8,84.3,79.5,82.4,82.9,76.0,75.1,75.7,70.5,67.5,66.6,62.1,57.2,55.8,51.4,44.2,45.8,40.7,41.2,39.7,40.6,40.8,41.5,42.8,44.2,45.0,46.4,47.5,49.0,49.8,50.7,51.7,53.5
22:36:43.980,95.5,57.1,85.4,82.6,84.2,84.4,90.4,83.7,83.2,79.8,77.0,77.6,76.5,74.3,71.7,69.7,66.8,61.4,57.9,53.1,48.4,43.6,43.0,41.1,40.5,39.7,40.0,40.9,41.8,43.0,44.0,45.3,46.1,47.3,48.8,49.8,50.7,51.7,53.5
22:36:44.980,98.3,57.7,86.5,90.2,86.4,85.5,84.2,84.3,81.1,81.5,79.3,77.6,76.3,72.9,69.7,66.8,63.2,59.9,58.5,54.5,49.7,45.5,45.8,43.6,41.1,39.2,39.8,40.7,41.9,43.0,44.0,45.1,46.3,47.6,48.6,49.8,50.7,51.8,53.5
22:36:45.980,96.9,60.2,87.1,85.1,89.8,85.0,86.4,85.6,81.6,83.0,78.7,80.3,75.7,74.6,72.2,70.4,66.0,63.9,60.8,56.7,54.6,50.4,48.9,46.8,42.6,40.4,40.1,40.9,42.1,42.7,43.8,45.2,46.4,47.6,48.8,49.7,50.7,51.8,53.4
22:36:46.980,94.7,58.4,84.7,89.7,85.0,89.5,85.7,84.9,82.8,82.0,80.5,79.5,77.2,73.0,74.3,68.0,65.3,63.7,60.2,54.9,51.7,50.4,47.0,45.0,40.7,39.7,39.9,40.9,42.0,42.9,44.3,45.1,46.0,47.5,48.9,49.8,50.8,51.8,53.4
22:36:47.980,95.6,58.2,85.2,92.2,85.3,87.0,85.6,90.0,82.8,81.4,81.0,77.1,75.1,73.7,70.4,66.4,66.6,64.1,58.8,56.0,51.1,48.6,44.7,42.4,39.6,39.3,39.5,41.3,42.0,43.1,43.9,45.1,46.4,47.7,48.7,49.7,50.7,51.9,53.4
22:36:48.980,97.7,57.6,85.3,83.7,85.2,86.5,89.0,84.4,81.4,83.4,78.9,78.5,76.1,73.5,70.7,67.6,67.3,63.1,60.3,55.2,50.2,46.8,46.2,42.9,41.3,40.2,40.0,41.4,41.7,42.9,43.9,44.7,46.2,47.6,48.6,49.7,50.8,51.8,53.5
22:36:49.980,96.8,58.4,84.8,89.1,88.7,84.0,81.9,83.6,79.5,83.2,77.5,78.8,74.9,74.4,70.6,67.6,64.0,59.7,59.0,55.2,53.0,49.7,45.1,46.4,41.5,39.9,39.8,41.1,42.0,42.7,44.1,45.0,46.3,47.4,48.7,49.6,50.8,51.9,53.5
22:36:50.980,95.9,58.0,85.2,86.4,91.3,84.8,83.1,84.7,82.8,79.8,77.6,78.6,75.5,73.6,71.0,69.0,65.4,62.8,60.8,56.9,53.8,50.4,47.6,45.5,43.3,40.3,39.8,41.2,41.7,43.1,44.2,45.0,46.2,47.6,48.7,49.7,50.6,51.8,53.4
22:36:51.980,98.2,60.9,87.0,86.8,88.6,86.6,82.5,80.9,82.6,81.2,81.0,77.5,75.8,72.6,71.4,69.6,68.1,63.6,63.0,60.9,55.3,50.3,49.7,48.0,44.4,41.2,40.3,40.7,42.2,43.2,44.1,45.0,46.3,47.4,48.7,49.8,50.8,51.8,53.5
22:36:52.980,96.8,59.3,84.5,86.2,85.9,89.1,85.4,85.3,78.7,84.0,81.1,79.9,76.8,75.7,72.6,69.8,66.6,63.4,59.5,58.2,54.5,48.3,48.5,45.5,43.0,40.6,39.7,41.1,41.7,42.9,44.0,44.9,45.9,47.6,48.8,49.7,50.8,51.6,53.5
22:36:53.980,96.7,59.6,85.5,87.8,90.3,89.4,84.2,83.9,81.7,82.1,78.8,79.0,74.6,71.7,71.2,66.9,65.8,62.8,60.7,57.4,54.7,54.1,49.9,47.0,43.7,40.6,40.0,40.5,41.9,42.7,44.0,44.6,46.5,47.5,48.6,49.5,50.8,51.9,53.6
22:36:54.980,95.7,58.8,84.0,87.0,89.2,89.8,83.7,83.8,80.1,76.9,82.1,78.5,74.4,74.3,71.7,69.4,67.1,64.6,61.7,57.6,54.0,52.3,48.3,46.8,43.4,40.8,40.5,41.1,42.0,42.8,44.2,45.4,46.2,47.6,48.6,49.7,50.8,51.8,53.5
22:36:55.980,97.1,58.4,85.2,86.7,85.2,86.0,84.4,83.1,79.4,80.9,79.3,75.5,74.1,72.1,70.4,66.5,64.5,62.6,58.6,56.6,53.7,50.1,47.2,44.4,42.1,40.5,40.6,40.6,41.7,43.0,43.8,45.1,46.1,47.6,48.8,49.8,50.6,51.9,53.5
22:36:56.980,93.5,58.4,84.1,90.7,91.2,88.7,87.0,81.7,81.7,81.7,82.3,78.8,75.3,74.0,70.3,68.7,66.8,62.4,59.2,54.9,54.1,50.6,47.0,45.3,42.3,40.0,40.0,40.7,42.2,42.3,44.1,45.3,46.3,47.4,48.7,49.7,50.7,51.9,53.5
22:36:57.980,94.2,57.8,83.8,88.9,85.6,84.8,83.9,82.2,79.6,82.1,78.7,78.0,75.6,75.4,71.4,67.2,67.5,61.8,59.1,54.6,49.3,45.0,46.0,43.6,40.9,39.5,39.7,40.1,41.9,42.8,44.0,45.4,46.1,47.6,48.8,49.7,50.7,51.7,53.4
22:36:58.980,95.8,57.8,83.7,87.4,87.1,81.6,81.5,80.0,79.2,74.9,78.9,77.0,75.2,71.3,68.8,66.4,65.5,63.9,59.8,55.5,51.4,46.3,45.3,42.9,40.3,38.9,39.8,40.7,42.1,43.2,43.7,45.2,46.0,47.5,48.8,49.6,50.7,51.9,53.5
22:36:59.980,96.4,58.1,83.1,86.5,89.2,76.6,83.2,80.3,76.7,82.8,76.7,79.5,73.9,69.4,70.0,67.4,65.0,64.2,61.2,57.9,51.7,43.2,44.7,42.9,39.4,39.0,40.2,40.8,41.9,42.8,43.7,45.2,46.4,47.5,48.8,49.9,50.8,51.7,53.5
22:37:00.980,95.5,58.5,83.5,84.6,81.2,85.8,82.0,81.8,78.4,77.6,77.9,75.7,76.3,72.5,72.2,69.1,66.9,64.0,60.6,56.3,50.5,44.5,43.8,42.6,40.1,39.5,39.5,40.6,42.3,42.8,44.1,44.7,46.2,47.6,48.5,49.8,50.7,51.8,53.5
22:37:01.980,94.9,56.6,83.6,84.2,84.5,85.4,82.3,83.9,74.8,78.7,75.8,77.9,73.4,72.0,68.9,66.8,66.0,61.7,59.4,54.8,48.6,43.0,43.4,42.7,40.7,39.3,39.9,40.6,42.1,43.0,44.0,45.2,45.9,47.6,48.8,49.7,50.7,51.7,53.4
22:37:02.980,93.7,56.4,84.4,85.7,85.8,86.4,81.9,83.1,81.3,74.7,76.8,76.1,75.0,72.8,69.0,66.3,63.7,60.5,58.4,53.5,47.7,41.1,41.4,40.7,38.8,39.2,40.2,40.8,41.9,42.9,43.6,45.1,46.1,47.3,48.8,49.5,50.8,51.9,53.6
22:37:03.980,95.3,54.7,83.2,81.3,87.1,84.9,84.1,81.4,81.4,77.7,80.2,75.6,74.5,71.6,68.0,65.7,61.2,60.1,54.8,50.8,44.5,40.3,38.7,38.7,38.7,39.1,40.3,40.7,41.6,42.9,43.9,45.2,46.4,47.5,48.9,49.7,50.8,51.8,53.4
22:37:04.980,94.8,56.0,84.0,88.7,83.1,88.9,82.9,84.4,79.2,79.6,76.8,78.9,73.9,72.9,69.5,66.4,63.6,61.5,58.4,52.5,49.2,42.6,41.8,40.7,38.8,39.4,40.1,40.8,41.8,43.0,43.8,45.0,46.3,47.6,48.9,49.8,50.7,51.7,53.5
22:37:05.980,93.7,55.5,82.1,82.4,80.6,85.6,85.6,80.5,80.7,77.9,79.3,79.3,74.0,69.3,67.7,66.0,61.5,60.5,56.6,51.0,47.9,43.2,43.6,39.9,39.3,39.5,39.8,41.1,41.7,43.0,44.2,45.0,46.1,47.5,48.9,49.7,50.8,51.8,53.5
22:37:06.980,96.1,56.9,83.1,83.8,84.4,85.2,86.3,82.8,74.3,75.9,74.7,75.7,75.0,71.4,70.9,67.4,63.5,61.5,58.8,54.2,48.6,44.1,43.3,41.3,40.3,39.4,40.2,40.8,41.8,42.8,43.9,45.1,46.1,47.4,48.9,49.7,50.7,51.8,53.5
22:37:07.980,94.2,58.4,84.7,82.2,83.3,87.7,80.9,81.2,79.2,77.8,76.4,76.7,74.5,71.8,71.0,67.0,65.9,62.4,58.8,54.6,51.9,46.3,44.8,43.9,40.3,39.3,40.0,40.8,41.9,42.7,43.9,45.2,46.4,47.7,49.0,49.7,50.7,51.7,53.5
22:37:08.980,94.9,57.1,83.7,84.1,85.7,85.6,80.4,81.4,76.6,81.5,77.4,77.7,74.3,72.8,70.1,69.2,67.2,62.6,58.6,55.7,52.2,45.6,44.0,42.1,41.0,39.3,39.4,41.2,42.1,43.5,44.2,44.7,46.1,47.6,48.8,49.6,50.6,51.9,53.5
22:37:09.980,93.4,57.0,82.5,89.6,84.3,80.7,85.9,83.6,80.2,81.1,79.6,75.3,71.8,73.7,71.2,65.5,63.1,63.1,57.5,56.2,50.2,43.0,42.6,42.2,40.2,39.0,40.2,40.9,41.6,42.9,44.2,45.0,46.2,47.7,48.7,49.6,50.8,51.7,53.4
22:37:10.980,93.4,56.8,83.0,84.8,75.5,86.9,86.0,82.3,80.1,78.0,78.0,75.3,72.5,69.2,70.2,67.9,65.6,61.8,58.5,55.7,49.9,42.8,42.8,41.1,40.4,39.6,39.9,40.7,41.6,42.4,44.3,45.2,46.3,47.7,49.0,49.7,50.6,51.9,53.5
22:37:11.980,91.9,56.6,81.7,88.3,75.0,89.3,81.9,79.7,80.8,79.8,77.2,75.1,71.7,72.2,69.0,67.8,65.5,63.0,59.2,55.0,49.4,43.7,43.0,40.8,39.0,39.3,40.2,40.8,41.8,42.9,44.1,45.2,46.2,47.6,49.0,49.7,50.7,51.9,53.4
22:37:12.980,93.6,57.5,82.6,83.9,83.9,86.6,78.5,76.3,81.9,76.5,76.8,75.1,74.4,70.8,69.4,68.8,64.2,59.8,58.7,55.6,49.1,43.8,42.8,41.9,39.0,39.3,39.9,40.9,42.2,43.1,44.1,45.1,46.1,47.6,48.9,49.8,50.7,51.8,53.5
22:37:13.980,92.9,56.4,82.5,84.1,78.2,83.0,78.5,76.3,76.4,77.7,75.4,76.5,75.0,71.2,66.7,69.5,65.8,61.2,58.6,55.3,49.9,43.9,43.6,42.4,40.5,39.2,39.7,41.0,42.0,42.7,43.8,45.3,46.1,47.6,48.7,49.6,50.8,51.7,53.4
22:37:14.980,94.2,55.5,81.6,86.2,80.1,81.3,83.9,81.5,77.2,77.3,78.6,75.4,72.7,71.2,68.5,66.4,64.3,60.3,57.5,51.7,46.6,40.8,40.9,40.3,39.6,39.3,40.3,40.9,41.8,42.9,43.9,45.0,46.4,47.6,49.0,49.5,50.7,51.9,53.4
22:37:15.980,93.3,53.2,81.8,85.3,82.8,82.4,81.7,80.8,73.4,79.1,77.4,73.0,74.4,69.0,67.2,64.2,61.6,58.2,53.6,49.3,44.4,41.3,40.9,39.9,38.9,39.0,40.2,40.5,42.1,42.8,43.7,45.1,46.1,47.5,48.7,49.7,50.9,51.8,53.5
22:37:16.980,94.0,55.0,80.7,85.8,84.8,82.7,78.7,81.3,79.3,77.1,77.4,76.0,69.9,71.2,67.6,65.2,61.5,59.0,55.9,51.2,49.4,43.5,43.0,40.1,38.8,39.1,39.9,40.9,42.3,43.1,44.0,45.0,46.3,47.4,48.8,49.8,50.7,51.8,53.4
22:37:17.980,90.9,55.5,80.6,81.0,81.6,83.6,82.9,79.4,74.7,76.1,75.5,73.6,75.0,69.8,69.9,65.8,61.4,60.3,57.6,54.7,48.1,41.8,41.1,40.7,40.4,39.2,40.3,40.8,42.1,43.1,43.7,45.0,45.9,47.7,48.8,49.6,50.6,51.8,53.4
22:37:18.980,90.7,55.0,81.4,85.2,81.7,82.4,82.3,76.6,73.3,75.0,76.0,74.4,73.3,68.5,69.5,64.3,62.0,62.0,58.0,52.0,47.2,42.4,40.3,39.5,38.9,39.2,39.8,40.9,42.0,43.0,44.0,45.0,46.0,47.6,48.8,49.8,50.6,51.7,53.5
22:37:19.980,91.1,54.2,80.2,84.5,82.3,74.9,78.6,76.3,77.4,74.3,76.1,75.3,73.7,69.3,67.5,65.3,62.9,59.1,55.8,50.3,46.4,40.5,40.2,39.2,38.5,38.7,39.7,40.9,41.9,43.0,43.9,45.2,46.2,47.6,48.9,49.7,50.8,51.7,53.5
22:37:20.980,90.8,54.9,81.9,85.0,80.3,77.5,76.7,77.3,78.0,75.1,73.4,74.6,70.5,70.4,69.5,66.9,60.7,58.2,54.2,50.7,46.1,41.6,41.0,39.9,38.9,39.4,39.8,41.0,42.5,43.0,43.9,45.1,46.4,47.7,48.8,49.5,50.7,51.8,53.4
22:37:21.980,92.3,55.9,81.6,87.6,86.4,83.7,80.6,81.2,76.5,76.5,77.8,74.9,74.1,71.2,69.9,66.0,62.7,59.9,57.8,54.5,48.5,43.2,43.5,41.4,40.2,39.4,40.0,40.7,41.5,43.0,43.5,45.0,46.2,47.7,48.8,49.6,50.8,51.8,53.5
22:37:22.980,92.6,53.6,79.7,83.8,80.0,82.7,79.0,76.8,79.8,77.0,75.4,75.0,70.7,70.8,65.6,67.8,62.7,59.1,54.4,51.0,46.5,39.9,41.1,39.4,39.5,39.1,39.7,41.0,42.2,43.0,43.7,45.1,46.2,47.4,49.1,49.6,50.7,51.8,53.3
22:37:23.980,91.3,54.8,81.4,79.6,75.9,74.7,82.0,77.3,78.0,76.1,75.7,72.0,71.6,70.4,66.6,64.8,63.0,60.6,56.5,53.1,47.0,40.8,40.5,39.9,39.2,39.0,40.2,40.9,41.9,42.9,44.2,44.8,46.1,47.6,48.9,49.7,50.9,51.8,53.4
22:37:24.980,89.7,52.7,79.9,77.7,78.2,84.8,80.5,77.7,79.8,76.0,76.8,72.5,72.0,71.1,66.8,64.2,61.5,59.0,52.3,48.5,42.4,38.2,39.3,39.2,38.5,38.7,39.8,41.0,42.1,42.9,43.9,45.0,46.3,47.4,48.8,49.9,50.8,51.9,53.5
22:37:25.980,92.4,53.8,80.8,83.0,81.8,79.2,81.8,79.6,77.0,76.3,74.2,72.9,72.3,69.0,66.8,62.0,61.3,59.7,54.9,49.4,45.9,42.4,42.3,41.8,39.3,39.2,40.4,41.0,41.8,42.9,44.1,45.1,46.1,47.5,48.8,49.7,50.6,51.8,53.4
22:37:26.980,91.6,53.3,80.5,80.0,85.4,79.4,78.2,78.6,75.1,77.7,76.4,72.7,69.9,69.3,64.8,61.0,62.5,59.4,56.3,51.5,47.1,41.5,41.4,40.8,38.7,39.1,40.3,41.0,41.8,43.0,44.0,44.9,46.2,47.6,48.8,49.7,50.8,51.7,53.5
22:37:27.980,91.1,53.8,81.9,83.2,79.4,79.5,80.2,80.4,78.4,77.1,72.8,73.5,72.7,68.2,66.9,64.3,61.4,57.9,56.2,50.7,45.8,41.1,41.0,40.4,39.3,39.2,40.0,41.0,41.7,42.7,43.8,45.4,46.1,47.6,48.9,49.6,50.8,51.8,53.4
22:37:28.980,91.3,52.6,81.4,78.5,81.4,77.0,77.2,78.0,78.1,79.7,75.0,74.4,72.2,68.9,64.9,63.6,60.7,56.7,55.2,50.5,44.4,38.1,40.2,38.8,38.8,39.3,39.7,40.9,41.8,42.9,43.9,45.0,46.0,47.7,49.1,49.6,50.8,51.8,53.5
22:37:29.980,91.1,54.7,80.5,79.2,83.5,85.5,79.3,80.9,75.0,77.9,77.4,74.4,74.8,65.4,67.4,63.9,63.3,57.9,55.8,50.3,43.8,39.4,38.7,38.8,38.8,38.8,39.7,40.6,41.8,42.9,44.0,44.9,46.3,47.6,48.8,49.7,50.8,51.9,53.4
22:37:30.980,91.1,54.9,81.7,78.3,82.3,84.8,81.8,82.5,77.4,73.3,75.6,74.3,73.0,70.3,67.4,65.7,63.8,60.5,56.0,52.0,48.4,41.0,42.4,41.9,40.2,39.0,39.6,41.0,41.5,42.9,44.2,45.0,46.1,47.7,49.0,49.6,50.7,51.8,53.4
22:37:31.980,91.3,54.5,80.3,83.0,82.8,83.2,80.4,74.9,79.0,74.5,76.5,71.6,73.4,70.1,68.0,65.3,63.1,60.7,53.6,49.3,43.6,39.3,39.2,39.0,38.7,39.2,39.7,40.7,41.5,42.7,43.9,45.0,46.1,47.6,49.0,49.9,50.8,51.8,53.5
22:37:32.980,89.5,53.4,80.4,81.0,82.6,77.6,75.0,82.2,79.1,76.9,75.7,75.2,73.6,68.5,66.6,65.4,61.0,58.4,54.9,49.5,44.8,40.6,39.5,39.7,38.9,39.6,39.7,40.7,41.6,42.7,44.3,45.0,46.4,47.8,49.0,49.7,50.8,51.8,53.5
22:37:33.980,91.5,52.8,80.2,78.5,82.8,82.4,80.4,77.8,71.6,77.3,74.7,73.7,71.8,68.5,65.7,62.7,61.4,58.5,56.3,51.2,45.4,40.7,39.5,38.8,38.9,39.3,39.7,41.1,42.1,42.8,43.9,44.8,45.8,47.6,49.1,49.6,50.9,51.8,53.4
22:37:34.980,89.1,53.6,79.5,77.8,80.0,76.5,76.1,79.1,75.1,75.4,76.7,71.1,72.8,68.0,66.9,63.5,61.0,59.5,54.3,50.8,44.3,40.8,40.0,39.1,38.5,39.2,39.8,41.0,41.3,42.8,44.2,45.2,46.2,47.6,49.0,49.6,50.7,51.8,53.5
22:37:35.980,92.3,54.2,80.9,77.4,80.6,73.9,81.4,78.9,77.4,71.4,75.3,73.3,69.0,67.2,66.9,65.2,62.1,59.8,55.2,51.9,46.8,42.8,41.7,39.5,39.3,39.4,40.5,40.5,41.8,42.8,44.3,45.0,46.0,47.7,48.9,49.6,50.7,51.9,53.4
22:37:36.980,90.6,55.0,80.1,84.8,78.9,80.2,80.5,79.0,72.8,75.8,76.8,73.9,73.3,69.0,66.1,64.9,62.5,59.7,56.9,55.6,49.9,45.0,44.0,42.3,39.8,39.3,39.4,40.9,41.7,42.9,43.9,45.1,46.0,47.8,48.9,49.6,50.8,52.0,53.6
22:37:37.980,91.6,56.3,81.2,83.4,75.9,77.6,79.4,81.2,78.1,75.9,74.6,74.2,71.6,67.3,67.0,63.4,63.1,60.3,58.0,55.5,49.8,45.4,42.8,40.6,39.7,39.5,40.3,41.1,41.7,43.5,43.9,44.9,46.2,47.4,49.1,49.6,50.7,51.8,53.4
22:37:38.980,89.6,56.2,80.7,78.5,80.7,82.5,78.7,78.9,77.6,73.8,76.6,76.5,73.3,70.3,71.3,67.1,65.2,61.0,57.7,56.2,50.2,45.3,44.4,41.3,39.1,39.5,40.0,40.6,42.0,42.7,44.2,45.0,46.3,47.6,49.0,49.5,50.8,51.9,53.4
22:37:39.980,91.9,55.5,81.0,75.1,82.1,79.7,77.6,74.9,77.0,74.6,75.0,74.3,69.7,69.7,66.1,66.1,64.7,60.6,56.3,54.0,50.7,45.3,45.2,42.2,39.2,39.0,40.1,40.5,41.9,43.1,44.1,45.3,46.2,47.4,49.0,49.7,50.7,51.9,53.4
22:37:40.980,90.5,54.6,80.2,81.7,77.2,80.4,85.5,76.7,75.1,76.9,75.0,68.5,71.0,69.5,66.0,66.4,62.3,59.8,56.3,53.8,48.5,41.7,40.4,38.4,38.3,39.5,39.8,40.7,41.6,43.6,44.2,44.9,46.2,47.6,49.1,49.7,50.7,51.9,53.5
22:37:41.980,92.5,55.8,81.8,75.3,78.0,79.3,79.4,80.8,78.2,78.8,76.3,71.5,71.0,67.8,65.5,64.7,64.9,58.7,58.8,54.7,48.6,42.9,41.6,39.1,38.6,39.2,40.2,41.0,42.2,42.9,43.9,44.9,46.1,47.5,48.7,49.7,50.9,51.8,53.5
22:37:42.980,91.2,55.2,81.5,84.6,77.0,79.0,79.9,79.4,76.6,78.6,78.1,74.0,71.1,67.6,67.9,66.6,63.5,59.4,57.8,53.5,48.1,41.7,41.4,39.1,38.2,39.7,40.0,41.1,41.7,42.7,43.8,45.2,46.4,47.6,49.2,49.6,50.8,51.8,53.4
22:37:43.980,92.4,51.5,80.1,87.4,77.6,77.3,80.2,79.4,79.8,75.5,76.8,76.6,72.5,68.6,66.1,62.5,63.3,57.2,54.6,49.5,45.3,40.7,39.0,38.5,38.5,39.0,39.5,41.1,42.1,43.1,44.0,45.0,46.2,47.6,48.9,49.7,50.7,51.8,53.5
22:37:44.980,90.0,52.5,80.3,83.0,81.5,84.5,78.3,79.7,74.1,75.1,76.1,72.0,69.7,67.2,65.8,62.7,60.6,54.6,53.2,49.0,44.2,39.5,38.1,37.9,37.5,39.5,40.4,40.5,42.1,42.7,44.1,45.1,46.1,47.4,49.2,49.7,50.7,51.7,53.3
22:37:45.980,91.6,53.5,81.3,78.1,82.0,81.6,80.2,78.6,79.1,76.5,74.8,74.7,72.6,68.2,66.9,62.4,61.5,58.8,53.8,51.4,45.7,40.7,40.7,38.9,38.6,38.9,39.8,40.6,41.7,42.9,44.2,45.2,46.1,47.4,49.0,49.7,50.8,51.8,53.4
22:37:46.980,90.5,53.4,79.9,75.2,81.1,78.7,82.6,74.5,80.8,77.3,72.5,74.2,70.6,67.5,66.3,64.2,63.2,58.5,54.8,50.5,45.0,39.6,39.8,38.6,38.9,39.1,40.2,40.7,42.1,43.1,44.1,45.3,45.8,47.7,49.0,49.6,50.8,52.0,53.5
22:37:47.980,92.1,53.4,80.9,75.7,82.2,81.4,80.8,77.5,77.4,77.6,73.8,71.4,72.4,70.1,67.6,63.8,62.9,55.5,53.4,49.7,45.0,40.2,39.2,40.7,39.0,39.6,40.6,40.5,41.5,42.5,43.7,45.2,46.3,47.7,48.8,49.7,50.7,51.9,53.5
22:37:48.980,90.9,53.6,80.4,83.8,82.0,82.3,84.1,76.8,77.6,75.9,75.4,70.9,74.0,71.9,67.7,65.7,60.6,58.2,55.7,51.1,47.1,41.9,40.2,39.7,38.8,39.6,39.8,40.6,41.5,42.7,44.2,44.8,46.1,47.6,48.8,49.7,50.9,51.9,53.5
22:37:49.980,89.6,53.2,78.9,83.0,76.9,82.2,79.1,74.5,79.1,76.4,70.6,74.6,71.4,65.3,65.0,61.6,61.8,58.4,55.5,52.1,47.4,42.0,40.9,40.4,39.1,38.9,39.7,41.1,41.8,42.6,44.2,44.9,46.1,47.6,48.9,49.5,50.7,51.9,53.4
22:37:50.980,91.3,53.2,79.7,78.7,78.4,81.8,83.2,80.6,77.8,73.8,73.9,71.1,69.5,65.3,65.2,62.3,63.4,58.4,54.9,52.8,48.9,42.0,40.3,39.7,38.2,38.9,40.0,40.5,41.6,42.8,43.6,44.8,46.2,47.6,49.1,49.7,51.0,51.8,53.4
22:37:51.980,92.2,51.6,79.2,81.9,80.6,80.7,74.9,78.8,77.7,74.5,74.2,70.9,69.6,62.4,65.2,62.4,60.3,57.8,52.1,50.6,44.7,41.8,40.5,39.2,38.8,39.3,40.1,41.2,41.8,43.2,44.0,44.8,46.0,47.6,48.9,49.8,50.8,51.8,53.4
22:37:52.980,90.5,52.0,79.6,73.9,77.0,81.8,82.6,76.8,74.2,72.6,76.0,72.6,68.8,67.6,63.7,62.3,58.6,56.8,53.6,51.5,46.3,41.1,40.5,39.2,38.3,39.8,40.1,41.4,41.6,43.2,43.7,45.1,46.2,47.7,49.1,49.6,50.8,51.9,53.5
22:37:53.980,90.4,51.8,79.6,79.1,79.7,84.0,79.0,75.2,75.0,77.1,73.9,71.4,69.5,68.9,64.3,61.2,60.2,56.4,53.5,49.7,42.7,38.7,38.3,38.8,38.7,39.1,39.7,40.7,41.8,42.9,43.6,45.2,46.0,47.7,49.1,49.7,50.6,51.9,53.4
22:37:54.980,90.1,51.0,80.3,84.1,82.5,81.4,76.7,78.5,76.5,75.4,75.1,71.7,70.2,66.8,62.7,61.6,60.6,56.5,52.9,48.1,42.7,38.1,38.3,38.2,39.0,39.1,39.7,41.0,42.0,43.2,43.7,44.9,46.2,47.6,49.1,49.5,50.7,51.9,53.5
22:37:55.980,90.1,52.0,80.3,82.4,80.9,81.3,80.5,80.4,77.0,77.2,74.0,73.0,70.1,66.1,63.5,61.3,58.1,53.7,52.1,48.3,43.3,39.4,38.0,37.6,38.4,39.3,39.5,40.8,42.1,42.7,44.1,45.0,45.9,47.6,48.9,49.6,50.7,51.8,53.4
22:37:56.980,92.5,53.6,80.4,80.4,83.1,78.8,76.0,79.7,76.7,75.4,74.7,73.5,72.7,67.8,68.5,64.8,61.6,57.0,55.8,51.6,46.0,42.7,41.6,39.1,38.3,39.3,40.2,40.8,41.9,42.9,44.0,45.0,46.4,47.5,49.2,49.7,50.7,51.7,53.4
22:37:57.980,89.9,53.6,79.8,85.0,82.8,76.9,80.2,80.9,78.4,73.9,77.5,72.9,68.9,68.1,65.7,63.6,61.5,58.1,55.7,52.6,46.1,41.0,39.8,39.8,38.7,39.2,40.2,40.8,41.8,42.6,43.8,44.9,46.1,47.5,49.2,49.6,50.7,51.8,53.4
22:37:58.980,90.3,53.8,78.8,84.2,85.6,82.6,80.1,78.5,74.3,74.1,75.1,72.1,71.3,68.5,66.9,62.9,62.4,59.7,58.2,52.9,47.8,42.0,39.8,39.3,39.1,39.8,40.0,40.5,41.7,42.9,43.8,44.8,45.8,47.4,49.1,49.6,50.7,51.7,53.5
22:37:59.980,91.2,55.3,81.0,79.2,75.1,80.1,78.8,80.0,75.5,72.9,73.0,71.9,71.5,70.1,69.0,64.4,62.7,59.7,56.5,52.8,48.3,42.0,41.1,40.0,39.6,39.5,40.3,41.0,41.6,42.9,43.8,45.0,46.1,47.6,49.0,49.7,50.7,51.8,53.5
22:38:00.980,89.5,52.7,80.0,85.4,79.8,79.1,81.5,79.9,75.2,73.0,73.8,74.2,72.1,70.3,68.5,61.7,61.2,56.7,53.9,50.8,46.7,39.8,39.3,39.4,38.7,39.8,40.1,41.1,41.8,42.9,44.2,44.9,46.3,47.5,49.1,49.5,50.7,51.8,53.4
22:38:01.980,89.0,51.5,79.1,81.4,85.8,79.8,81.3,78.0,80.4,75.7,71.4,70.5,71.8,69.7,63.6,64.1,58.4,54.1,52.7,48.1,42.7,38.9,38.5,39.1,38.4,38.7,39.9,41.0,41.8,42.8,44.1,45.0,46.0,47.4,48.9,49.6,50.9,51.9,53.5
22:38:02.980,90.9,52.1,80.6,82.0,84.6,80.9,76.5,77.3,79.0,73.5,71.5,73.1,71.2,66.0,64.5,62.6,62.1,58.5,53.8,49.3,43.6,40.4,39.8,38.6,38.7,38.7,39.6,40.7,41.8,42.8,44.0,45.1,46.0,47.7,49.0,49.4,50.8,51.8,53.5
22:38:03.980,90.8,52.0,79.4,80.2,82.1,77.7,80.7,78.6,80.1,72.6,74.0,74.7,67.4,63.5,59.4,61.4,61.3,57.6,54.0,47.6,46.1,42.0,39.9,39.6,39.2,39.2,39.6,40.6,41.8,43.0,43.8,45.2,46.2,47.2,48.9,49.8,50.7,51.7,53.4
22:38:04.980,90.8,53.3,81.5,81.2,83.6,77.3,77.1,81.3,77.3,76.1,77.1,72.7,70.9,65.4,63.4,62.1,58.9,55.4,54.7,51.0,46.3,43.1,40.7,41.1,39.7,39.1,40.0,40.3,41.8,42.7,44.0,45.2,46.1,47.4,48.8,49.6,50.8,51.9,53.4
22:38:05.980,90.6,50.8,79.5,79.3,77.1,81.7,77.5,80.8,76.7,73.7,76.4,74.6,72.4,67.7,65.3,64.4,60.7,55.9,52.1,49.5,45.7,40.5,38.5,38.9,38.7,38.9,40.3,40.6,41.8,42.7,44.0,45.2,46.1,47.7,48.9,49.6,50.6,52.0,53.5
22:38:06.980,91.8,53.1,80.2,73.2,82.1,72.5,73.1,77.2,78.7,78.2,75.3,70.7,68.9,68.1,65.8,64.1,61.5,57.1,53.3,49.8,42.3,40.7,38.8,39.0,38.5,39.2,40.3,41.1,41.8,42.6,43.9,44.9,46.2,47.6,49.0,49.7,50.7,51.8,53.5
22:38:07.980,88.6,51.9,79.0,78.7,82.5,82.5,76.7,82.4,77.7,76.6,75.7,71.6,71.4,67.6,65.8,64.3,59.2,56.3,53.6,48.5,42.3,40.0,39.1,39.5,38.8,39.2,39.9,40.9,41.8,43.0,43.9,45.1,46.2,47.5,49.0,49.5,50.8,51.9,53.4
22:38:08.980,89.4,54.3,79.8,76.8,84.5,76.0,78.1,80.1,78.2,76.3,73.3,72.2,68.9,67.0,65.8,63.3,62.4,60.9,56.7,53.6,47.0,41.0,41.5,40.6,39.5,39.4,39.9,40.9,41.6,42.6,43.7,44.9,46.2,47.6,48.9,49.7,50.8,51.8,53.4
22:38:09.980,90.1,52.4,79.4,80.9,83.3,79.4,79.6,79.1,75.4,74.1,73.7,70.9,70.1,68.1,61.9,61.0,60.9,56.6,56.0,51.8,45.7,41.5,41.3,40.0,39.4,39.0,40.0,40.6,41.6,42.8,43.7,45.0,46.2,47.5,49.0,49.7,50.7,51.8,53.5
22:38:10.980,89.0,50.1,79.7,81.5,78.1,80.1,77.8,80.2,77.2,75.4,73.3,73.4,69.6,65.1,63.6,59.8,59.8,55.0,50.2,48.3,43.4,38.6,39.6,39.3,38.7,39.6,39.6,40.7,42.2,42.9,44.1,45.2,46.1,47.4,49.0,49.6,50.7,51.9,53.5
22:38:11.980,88.5,48.3,78.4,77.0,81.5,83.0,79.7,78.5,73.8,74.2,75.5,72.2,71.1,68.0,64.7,58.9,55.6,51.8,48.9,45.3,41.7,38.7,38.7,38.1,38.6,39.3,40.1,40.8,42.2,42.9,44.3,44.9,46.1,47.6,49.1,49.6,50.8,51.8,53.4
22:38:12.980,90.1,49.3,78.6,79.7,81.4,82.7,78.4,79.7,77.3,77.4,73.6,70.5,68.7,65.4,62.3,59.4,56.7,51.1,50.2,44.4,40.2,38.6,39.0,38.0,37.7,38.7,40.2,40.6,41.9,42.6,43.9,45.1,46.0,47.5,48.9,49.6,50.9,51.7,53.5
22:38:13.980,89.8,50.0,78.3,81.6,79.0,82.8,78.2,79.3,76.0,72.1,72.7,70.9,68.7,65.4,61.0,60.9,57.7,53.6,51.6,49.7,43.4,38.9,38.2,38.6,38.6,39.5,40.0,40.8,41.9,42.8,44.0,45.3,46.1,47.5,49.0,49.5,50.7,51.8,53.4
22:38:14.980,90.7,50.8,79.4,80.7,82.5,77.9,79.8,76.7,72.8,77.0,73.4,71.0,66.6,63.2,61.6,60.8,59.1,53.3,53.9,50.0,42.7,38.8,38.7,39.3,38.3,39.1,40.4,41.1,42.1,42.9,44.0,45.1,46.1,47.6,49.0,49.5,50.8,51.9,53.4
22:38:15.980,88.2,50.2,77.4,80.1,79.5,84.2,81.1,76.0,74.8,72.6,73.8,71.3,68.5,64.2,62.1,61.8,58.9,54.8,52.4,48.8,43.2,38.4,38.5,38.3,38.7,39.6,39.9,40.9,41.8,43.1,44.1,44.9,46.2,47.4,49.1,49.6,50.7,51.9,53.4
22:38:16.980,89.3,49.6,78.5,80.8,79.1,80.6,80.6,75.2,76.3,72.7,71.0,72.1,62.6,65.1,63.8,60.0,58.5,55.0,49.9,47.3,42.9,38.4,39.0,37.9,38.3,39.2,39.9,40.4,41.9,42.8,44.0,45.1,45.7,47.3,48.9,49.6,50.9,51.9,53.4
22:38:17.980,90.1,50.0,78.2,75.8,80.1,81.6,82.9,80.9,75.9,72.4,70.5,70.0,67.4,67.6,62.2,62.3,56.9,53.5,48.6,47.2,41.7,37.1,38.3,38.7,39.0,39.5,39.9,40.8,41.9,42.6,44.3,45.1,46.2,47.6,49.1,49.6,50.7,52.0,53.5
22:38:18.980,89.7,49.8,78.1,75.2,77.7,79.3,77.8,75.0,77.5,74.9,71.6,68.2,67.3,67.3,66.4,61.2,60.3,52.4,50.6,44.9,42.9,38.4,38.5,38.6,38.6,39.3,39.8,41.0,41.7,43.0,43.9,45.1,46.1,47.5,48.9,49.6,50.8,51.7,53.4
22:38:19.980,89.9,50.4,77.7,76.9,78.0,79.9,83.9,76.5,77.4,75.1,69.3,68.1,66.2,66.3,62.7,61.0,59.6,55.8,49.2,46.0,40.0,38.5,38.7,38.2,38.5,38.9,40.1,40.5,42.0,42.8,43.8,45.1,46.2,47.7,48.9,49.6,50.6,51.8,53.4
22:38:20.980,90.5,49.1,76.8,80.5,77.6,82.1,78.0,79.4,75.5,74.1,72.1,68.7,64.4,65.3,61.7,62.3,59.3,56.3,50.7,47.0,41.7,39.2,38.4,37.4,38.2,39.5,39.7,40.9,41.7,43.0,43.8,45.3,46.3,47.4,48.9,49.8,50.8,51.9,53.4
22:38:21.980,88.8,49.4,77.0,81.6,79.4,80.5,74.3,76.7,74.5,73.1,71.2,68.6,65.8,60.7,62.4,61.3,56.2,54.4,51.0,47.0,42.6,38.7,37.5,38.8,38.5,38.8,39.9,40.6,41.6,43.2,43.8,45.0,46.0,47.7,49.1,49.6,50.8,51.8,53.4
22:38:22.980,90.9,48.9,77.8,78.2,80.9,82.9,79.6,76.5,76.9,70.1,70.3,68.9,65.9,62.6,61.0,57.5,55.8,53.1,49.8,45.9,40.0,37.9,37.6,38.1,38.1,39.3,39.6,40.7,41.8,42.7,43.9,45.0,46.3,47.6,48.9,49.6,50.6,51.9,53.4
22:38:23.980,88.7,49.6,77.8,83.5,75.3,80.8,77.8,74.2,74.6,73.9,71.8,68.7,66.7,64.8,64.0,59.4,57.0,54.0,52.5,48.4,43.5,38.0,37.2,37.5,38.8,39.2,40.1,41.1,42.1,42.6,44.0,45.1,46.3,47.6,49.0,49.5,50.7,51.9,53.4
22:38:24.980,88.9,52.1,78.7,80.4,82.4,75.6,79.0,75.6,76.0,72.6,74.3,71.5,68.2,68.4,65.1,63.2,59.4,55.4,52.7,47.0,41.8,37.9,38.1,38.4,38.6,39.2,39.5,40.9,41.8,43.0,44.3,45.1,46.2,47.6,49.0,49.6,50.7,51.8,53.4
22:38:25.980,89.9,52.7,79.1,77.3,82.5,80.8,74.5,76.3,75.8,75.6,72.6,71.1,68.1,69.8,65.8,64.1,61.6,56.4,55.9,49.5,42.8,38.9,37.8,37.8,38.4,39.5,39.8,40.9,41.8,43.2,43.6,45.0,46.0,47.5,48.9,49.6,50.7,51.9,53.5
22:38:26.980,90.1,53.3,79.4,76.8,77.1,79.0,80.0,76.0,74.8,76.4,72.3,72.3,69.1,67.7,66.9,63.6,61.2,58.0,55.4,51.0,46.3,41.6,39.6,38.6,38.4,38.9,40.1,40.6,42.0,43.0,43.9,44.9,46.0,47.5,48.9,49.6,50.8,51.9,53.4
22:38:27.980,88.7,51.8,77.1,83.3,77.1,77.7,77.4,80.4,78.7,72.9,73.3,72.1,70.3,68.5,65.9,61.5,57.6,55.5,53.1,51.7,45.4,39.7,39.9,38.6,38.6,38.8,40.0,40.9,42.1,42.8,44.0,44.8,46.0,47.5,49.1,49.7,50.8,51.8,53.4
22:38:28.980,88.6,52.3,78.0,75.1,78.2,77.3,76.6,76.7,75.2,74.3,68.9,69.6,67.8,66.9,64.4,61.9,58.2,57.1,55.8,51.3,45.8,40.1,39.5,39.4,38.7,39.3,40.3,41.2,41.8,42.8,44.0,45.3,46.0,47.4,49.0,49.6,50.5,51.8,53.4
22:38:29.980,91.3,53.3,78.9,80.5,79.6,79.0,77.5,75.6,69.8,71.5,71.9,69.7,70.8,69.4,66.0,64.6,62.1,59.6,56.0,49.2,45.5,38.8,38.9,38.8,38.8,39.0,40.1,40.5,42.0,42.9,43.7,45.0,46.0,47.5,49.0,49.5,50.7,51.8,53.5
22:38:30.980,86.8,51.0,78.0,80.2,80.4,76.5,73.9,74.8,78.9,76.5,71.7,70.5,69.5,67.3,62.3,62.8,60.6,57.7,51.5,47.4,42.2,37.7,37.9,37.7,38.5,38.9,40.0,40.9,42.1,42.9,43.9,44.8,45.9,47.6,49.2,49.8,50.7,51.9,53.4
22:38:31.980,89.2,50.1,78.0,78.7,81.8,80.7,76.6,76.8,73.4,72.5,70.1,72.1,68.2,65.1,65.0,60.7,59.7,55.8,51.3,47.9,40.3,37.9,36.9,38.6,38.6,38.7,40.2,40.5,42.0,42.8,43.9,45.0,46.0,47.4,49.1,49.8,50.8,51.8,53.5
22:38:32.980,88.5,52.7,78.9,83.5,79.1,79.5,76.8,76.2,74.4,73.0,73.6,73.4,67.8,67.1,64.2,62.8,58.7,56.3,54.1,51.9,45.6,39.6,39.7,38.7,38.2,39.2,39.8,40.6,41.7,43.0,44.0,45.0,45.8,47.5,49.0,49.5,50.7,51.8,53.5
22:38:33.980,88.3,51.0,77.0,81.4,78.9,81.2,82.4,72.3,74.0,74.2,72.2,73.1,67.8,65.8,63.7,60.9,56.8,57.1,54.9,52.5,48.4,42.5,41.5,39.1,38.9,39.7,39.7,40.7,41.7,42.5,44.2,45.3,46.1,47.5,49.0,49.6,50.7,51.9,53.4
22:38:34.980,88.5,50.3,77.3,81.0,77.6,76.7,80.2,77.9,73.8,74.1,72.9,69.4,66.4,63.4,62.4,59.2,56.8,55.8,53.7,51.5,44.0,41.3,39.8,38.8,38.7,39.1,39.8,40.9,42.2,42.6,43.8,45.2,46.1,47.4,49.0,49.7,50.7,51.9,53.6
22:38:35.980,88.0,49.2,76.8,78.9,74.7,80.4,77.9,76.5,75.8,72.4,69.9,69.0,67.1,63.6,58.7,58.5,57.5,54.8,52.2,47.8,42.4,38.1,38.3,38.3,38.3,38.4,40.0,41.3,41.8,42.9,43.7,44.8,46.0,47.4,49.1,49.7,50.7,52.0,53.5
22:38:36.980,88.8,49.6,76.7,82.7,80.4,76.9,73.5,75.5,75.8,71.0,71.5,69.6,66.8,63.6,64.4,58.6,58.7,55.2,51.1,46.6,40.4,38.7,39.0,38.2,39.1,38.9,40.0,41.3,41.7,42.9,44.2,45.0,46.3,47.6,49.1,49.6,50.7,51.9,53.4
22:38:37.980,86.5,50.0,76.8,80.3,76.5,79.3,78.3,76.8,77.5,71.8,70.9,69.7,64.2,62.5,63.5,61.7,60.5,55.5,50.6,45.7,40.9,38.3,37.9,38.3,37.8,39.4,39.8,40.7,41.9,42.9,44.1,45.2,46.0,47.6,49.1,49.5,50.7,51.8,53.5
22:38:38.980,87.7,49.1,77.3,76.4,76.8,74.2,75.1,78.4,74.6,70.6,68.8,71.8,67.5,60.7,62.0,60.8,58.0,52.7,51.8,46.9,40.0,39.3,38.7,37.6,38.4,39.9,40.3,41.0,41.7,43.1,43.9,45.2,45.9,47.3,49.1,49.7,50.6,51.8,53.4
22:38:39.980,89.1,48.2,76.1,79.1,79.5,77.2,77.6,76.0,74.6,74.4,68.2,70.1,66.2,64.7,61.8,57.3,57.0,52.6,51.3,46.8,41.5,38.9,37.5,38.7,38.5,38.8,40.2,41.0,42.0,43.0,44.2,45.2,46.1,47.4,49.0,49.7,50.7,51.8,53.5
22:38:40.980,85.7,46.9,76.0,78.2,80.0,77.4,76.1,76.3,76.4,71.1,70.0,70.2,64.9,66.1,61.0,56.9,54.0,52.8,47.9,43.6,39.3,37.3,37.6,38.6,38.6,38.4,40.2,40.6,42.0,42.8,44.3,44.9,46.1,47.6,49.2,49.7,50.7,51.9,53.5
22:38:41.980,88.3,46.4,75.6,80.1,78.7,75.8,76.7,76.1,70.4,69.9,69.2,69.4,65.7,64.3,60.0,56.6,55.7,50.6,47.7,43.9,40.0,37.9,36.9,38.1,38.6,39.0,39.9,40.9,41.5,42.7,44.0,44.9,46.3,47.8,49.0,49.6,50.8,51.9,53.4
22:38:42.980,87.3,48.6,76.6,80.0,81.5,77.4,80.5,75.9,74.1,69.6,69.4,69.0,66.2,64.5,59.9,58.7,54.8,52.3,48.7,44.9,41.0,36.7,38.3,37.7,38.6,38.9,40.0,40.6,41.9,43.1,44.3,45.0,46.2,47.4,49.0,49.6,50.6,51.8,53.3
22:38:43.980,87.5,50.7,76.8,74.7,82.8,76.3,78.6,76.1,72.6,69.4,69.7,71.0,66.2,66.0,63.2,63.2,60.4,55.7,51.5,46.4,40.9,38.0,38.4,38.5,38.3,38.9,39.6,41.3,41.7,42.7,43.7,45.0,46.3,47.4,49.0,49.6,50.7,51.8,53.3
22:38:44.980,85.1,49.8,75.6,76.1,79.9,80.5,75.0,72.1,72.4,72.8,66.9,71.2,66.7,65.6,62.0,62.2,59.2,53.7,50.3,46.8,42.4,37.7,37.4,37.7,38.1,39.3,40.1,41.0,41.9,42.9,43.9,45.2,46.0,47.4,49.1,49.7,50.6,51.7,53.5
22:38:45.980,85.9,51.4,77.0,74.6,76.7,79.1,79.7,75.7,75.7,70.2,68.2,68.1,67.8,64.8,61.6,61.7,61.3,56.8,53.0,49.4,45.3,40.4,38.6,38.2,38.7,39.7,39.6,40.7,41.8,43.0,44.0,45.0,46.1,47.5,49.1,49.4,50.8,51.8,53.4
22:38:46.980,86.2,49.5,75.9,74.8,79.6,74.8,73.5,68.9,75.9,73.6,69.9,69.3,67.7,64.5,64.4,59.5,57.2,55.3,50.4,45.5,41.1,37.3,38.1,38.1,38.4,39.5,40.6,41.3,42.1,42.8,44.1,45.0,46.0,47.4,49.2,49.7,50.6,51.7,53.4
22:38:47.980,87.9,50.0,76.8,64.6,75.8,75.9,67.9,77.6,71.9,73.3,69.0,69.3,68.8,64.3,64.1,61.3,60.6,56.5,51.6,46.4,42.4,37.4,37.8,37.8,38.4,38.8,39.8,40.9,41.8,42.8,44.0,44.9,46.2,47.6,49.0,49.6,50.8,51.8,53.4
22:38:48.980,86.8,49.8,76.4,79.7,80.9,76.4,76.3,76.0,73.5,73.5,71.1,70.3,68.9,63.3,62.0,59.8,59.8,55.7,49.9,45.2,38.7,37.8,37.7,38.1,39.0,39.3,39.8,40.7,42.0,42.6,44.4,44.9,45.9,47.4,49.2,49.8,50.7,52.0,53.4
22:38:49.980,86.9,47.2,74.7,74.9,75.8,71.3,77.9,75.8,71.5,71.2,70.1,69.8,66.5,63.5,62.7,58.1,57.4,53.6,46.9,43.4,39.7,38.1,37.1,37.9,38.0,38.9,39.5,40.7,41.7,43.0,44.3,45.1,46.2,47.6,49.1,49.7,50.7,51.8,53.4
22:38:50.980,88.7,48.4,76.9,76.8,70.3,79.4,77.1,75.2,71.0,72.2,69.0,65.9,64.1,63.8,61.0,58.7,57.8,55.2,49.2,43.5,40.9,37.7,37.0,37.7,38.3,39.2,39.3,40.9,41.7,42.9,44.2,45.2,46.2,47.4,49.2,49.5,50.8,51.8,53.5
22:38:51.980,86.9,46.7,74.4,79.4,79.0,78.5,75.8,71.4,75.1,73.0,69.5,68.6,64.9,62.7,60.5,58.5,54.8,53.2,49.7,44.7,40.3,38.0,37.4,37.2,38.6,39.5,40.4,40.9,41.6,43.1,44.1,45.0,46.1,47.5,49.0,49.6,50.7,51.8,53.6
22:38:52.980,85.8,48.6,75.9,79.0,77.4,79.2,74.5,77.8,75.0,69.9,69.6,65.8,66.5,62.2,59.8,58.1,55.4,54.3,50.4,47.3,41.8,38.8,37.6,38.1,38.8,39.3,39.6,40.9,41.6,43.0,44.2,45.1,46.1,47.5,49.1,49.6,50.8,51.9,53.5
22:38:53.980,88.3,49.0,77.0,76.2,72.6,78.0,76.3,76.9,68.1,74.0,67.6,66.4,63.8,63.8,58.7,58.4,54.4,52.9,51.0,47.4,41.9,38.7,37.4,37.7,38.3,39.2,40.2,40.9,41.7,42.8,44.1,45.2,46.1,47.5,49.0,49.6,50.8,51.9,53.6
22:38:54.980,89.5,47.9,75.8,73.2,76.2,73.5,77.3,72.5,76.1,71.5,69.1,68.6,66.1,63.1,60.0,60.8,57.9,54.5,51.2,48.0,41.3,37.6,38.0,37.9,38.5,39.3,39.8,41.2,41.7,42.9,43.9,45.2,46.3,47.5,49.1,49.6,50.8,51.8,53.6
22:38:55.980,89.3,49.3,76.8,79.2,78.1,69.4,74.3,77.8,75.9,71.1,70.5,68.5,66.2,62.4,61.2,57.6,56.7,54.1,53.4,49.9,41.4,38.8,37.8,37.4,37.9,39.2,39.4,40.9,42.2,43.1,44.2,45.4,46.1,47.6,49.3,49.7,50.8,51.8,53.5
22:38:56.980,87.7,50.0,76.5,75.2,76.5,79.6,73.5,78.0,72.4,76.0,70.6,69.2,66.7,61.4,61.9,58.8,55.3,54.7,52.8,50.7,44.8,38.8,38.7,38.3,38.7,39.1,40.0,40.7,42.0,42.8,44.1,44.9,45.8,47.6,49.3,49.7,50.6,51.8,53.4
22:38:57.980,88.9,48.5,76.4,77.1,74.3,81.5,77.1,74.0,76.0,72.0,71.8,66.6,65.2,63.5,63.1,59.0,55.6,54.6,51.6,46.7,40.6,38.4,37.1,38.2,38.6,39.3,40.2,40.9,41.8,43.0,44.0,45.1,46.0,47.7,49.0,49.6,50.7,51.9,53.5
22:38:58.980,84.8,46.8,73.8,80.6,78.7,79.9,72.6,73.7,75.5,71.3,71.5,67.9,63.6,62.7,60.3,58.3,53.7,53.0,47.0,44.0,39.2,36.2,36.9,37.3,37.9,39.2,40.0,40.5,41.8,42.6,43.9,45.0,46.1,47.7,49.0,49.7,50.6,51.7,53.3
22:38:59.980,87.7,47.9,76.3,77.9,79.6,78.9,74.2,73.1,69.9,71.8,69.0,68.1,67.0,63.3,59.7,57.2,57.0,53.7,47.9,45.6,40.3,37.7,37.4,37.9,38.6,39.2,40.3,40.8,41.7,43.0,43.8,45.1,46.2,47.6,49.2,49.6,50.6,51.8,53.4
22:39:00.980,86.4,45.3,74.6,75.8,78.8,77.2,77.5,74.6,72.8,67.9,71.7,69.7,66.0,61.2,59.5,56.0,53.8,52.2,44.2,41.6,38.9,37.2,36.8,37.6,38.4,39.3,39.6,41.0,42.0,43.2,44.1,45.2,46.0,47.5,49.2,49.7,50.7,51.7,53.6
22:39:01.980,86.5,46.8,74.8,75.8,76.4,75.6,73.8,75.9,74.9,68.6,69.6,70.5,67.0,65.1,60.5,56.5,53.5,52.7,46.1,42.3,39.3,37.5,37.2,37.4,38.1,39.2,39.9,40.5,41.9,43.0,44.1,45.1,46.0,47.5,49.0,49.6,50.6,51.9,53.4
22:39:02.980,85.3,46.7,74.9,78.2,71.2,76.7,76.7,72.2,72.5,70.9,69.6,65.8,66.8,62.5,60.4,59.2,54.9,49.6,45.1,42.1,39.5,36.0,37.0,37.5,38.4,38.8,40.2,40.9,41.5,42.9,44.0,45.2,45.8,47.8,49.1,49.7,50.8,51.8,53.5
22:39:03.980,88.3,49.8,76.8,80.5,76.5,74.5,71.3,72.1,70.9,69.8,69.7,68.0,64.2,63.3,60.1,58.0,57.5,50.9,49.3,48.0,42.2,38.3,37.7,37.4,38.5,39.3,39.9,40.9,41.7,42.7,43.9,45.2,46.1,47.4,49.2,49.6,50.8,51.9,53.3
22:39:04.980,89.1,46.9,75.4,80.3,76.0,73.2,73.8,74.5,72.8,72.8,71.4,71.4,67.5,65.6,63.3,60.2,56.7,52.1,46.3,46.2,43.6,40.3,40.0,37.6,38.2,39.2,39.5,40.6,41.9,43.1,43.9,45.0,46.3,47.6,48.9,49.6,50.7,51.8,53.4
22:39:05.980,86.4,46.8,75.3,79.9,78.3,77.8,69.1,74.6,72.9,71.9,67.7,69.0,66.7,63.7,61.5,59.4,53.4,51.8,46.4,42.0,40.0,38.2,37.4,38.0,38.2,38.8,40.0,40.8,41.9,42.8,44.5,45.5,46.0,47.6,49.0,49.6,50.8,51.8,53.3
22:39:06.980,85.7,48.6,75.1,81.9,76.3,78.1,76.9,73.4,71.3,70.1,70.1,67.5,65.0,62.0,61.4,60.9,57.5,53.9,49.1,42.8,39.3,37.5,38.6,38.0,38.7,39.1,39.7,40.6,41.9,42.8,43.9,44.8,46.1,47.6,49.2,49.6,50.8,52.0,53.3
22:39:07.980,86.7,48.1,74.9,71.9,74.3,77.7,74.3,76.8,73.5,70.5,67.3,69.7,64.5,64.3,61.4,60.9,57.4,52.1,49.3,44.7,40.0,38.1,37.1,37.8,38.0,39.1,40.1,40.4,41.8,43.1,44.1,45.3,46.3,47.3,49.0,49.6,50.6,51.9,53.5
22:39:08.980,86.2,47.6,74.9,75.4,75.0,75.5,74.7,71.4,71.9,70.6,66.7,67.6,64.1,63.7,58.6,60.2,57.1,52.7,48.5,44.9,40.4,37.5,36.8,37.6,38.3,38.6,39.9,40.8,41.8,42.6,43.9,45.0,45.9,47.7,49.2,49.5,50.6,51.9,53.4
22:39:09.980,86.2,46.9,74.8,78.8,77.4,75.5,78.7,73.4,72.2,71.1,69.4,68.8,64.9,62.7,60.9,57.8,56.3,54.0,47.4,44.2,40.9,37.3,37.2,37.6,37.8,38.8,40.0,40.6,41.8,43.2,44.0,45.1,45.9,47.6,49.2,49.6,50.8,51.9,53.5
22:39:10.980,84.9,45.4,73.9,79.9,71.2,72.6,78.5,75.0,72.7,70.1,67.8,67.2,64.3,61.8,61.2,53.4,51.6,50.7,48.9,42.4,39.2,37.5,36.6,37.7,38.4,39.4,40.3,40.8,41.6,42.9,43.8,44.9,46.1,47.3,49.2,49.5,50.8,51.9,53.4
22:39:11.980,86.1,45.6,75.8,78.5,80.8,74.4,73.7,76.3,70.9,68.9,66.7,67.0,63.1,61.8,57.9,55.9,50.7,47.1,46.4,41.5,37.7,38.1,37.2,37.6,38.4,39.0,39.9,40.8,42.1,42.9,44.2,45.0,46.2,47.7,49.0,49.7,50.8,51.8,53.3
22:39:12.980,85.1,45.5,75.1,77.1,74.4,75.9,75.3,75.0,76.2,70.1,67.7,67.2,63.3,60.5,59.6,57.3,53.6,49.0,45.3,38.8,38.0,36.5,37.8,37.5,38.5,39.1,40.1,40.8,42.1,42.7,43.9,44.7,46.0,47.4,48.9,49.7,50.8,51.8,53.3
22:39:13.980,87.7,44.8,74.2,77.7,78.1,67.6,75.1,76.0,73.7,70.6,68.2,68.3,65.1,61.4,58.9,55.4,54.4,50.2,43.6,40.5,38.3,37.4,36.8,37.2,38.2,38.8,40.1,40.7,42.1,42.8,44.1,45.0,46.1,47.3,49.1,49.4,50.6,51.8,53.4
22:39:14.980,86.3,46.1,75.6,77.6,73.6,74.5,76.1,77.0,74.3,68.4,67.4,66.1,65.8,63.1,57.5,57.2,56.2,50.2,46.1,41.6,38.8,36.9,37.6,37.3,37.9,39.7,40.6,40.9,41.6,43.0,43.9,44.8,46.1,47.4,49.1,49.5,50.7,51.8,53.4
22:39:15.980,88.1,46.4,74.9,74.2,73.7,76.8,76.4,75.4,74.9,73.0,68.2,67.7,61.6,60.5,56.8,59.9,53.8,50.4,46.7,42.5,38.6,37.8,37.3,37.9,38.4,39.0,39.7,40.6,41.5,42.9,43.8,45.1,46.1,47.5,49.1,49.7,50.8,51.8,53.4
22:39:16.980,83.5,42.7,72.3,78.2,73.2,77.1,75.6,77.1,71.7,72.4,68.3,65.1,63.6,61.8,59.8,54.7,50.9,45.1,42.1,40.3,38.0,36.7,37.0,38.1,38.4,38.6,40.0,40.8,42.0,43.0,44.4,45.1,46.0,47.3,49.2,49.6,50.8,51.8,53.4
22:39:17.980,86.2,44.7,73.5,67.9,73.4,76.4,74.3,74.8,73.0,69.7,64.9,62.6,64.0,61.0,58.6,54.1,51.8,48.3,46.3,42.2,38.0,36.8,36.8,37.6,37.9,38.9,39.3,40.7,41.7,42.9,44.2,44.9,46.2,47.5,48.9,49.6,50.9,51.8,53.4
22:39:18.980,83.6,43.8,72.4,73.1,77.9,77.0,76.0,71.1,70.7,71.7,67.6,62.8,60.1,60.0,59.1,54.7,50.7,47.1,44.5,40.3,38.2,36.7,38.2,37.9,38.2,39.4,40.3,40.4,41.7,42.9,44.2,45.2,46.2,47.4,49.2,49.4,50.8,51.8,53.4
22:39:19.980,85.0,46.2,74.6,79.6,77.8,69.2,72.3,68.6,70.9,70.0,65.9,65.0,62.5,64.1,59.9,56.4,53.5,50.7,45.7,42.9,38.4,37.7,37.0,38.1,38.1,38.9,40.3,40.7,41.9,43.1,44.0,45.0,46.2,47.4,49.2,49.7,50.6,51.7,53.4
22:39:20.980,86.7,48.3,75.1,75.7,69.0,71.8,68.6,72.8,73.4,70.4,64.1,65.6,62.7,62.4,60.2,57.6,55.7,51.2,49.0,47.4,40.7,37.0,37.7,37.7,38.5,39.0,39.9,40.8,41.9,42.8,43.9,45.1,46.4,47.7,48.9,49.6,50.8,51.9,53.4
22:39:21.980,85.3,48.0,74.5,74.8,74.4,75.3,73.9,74.2,71.3,70.0,68.9,66.8,66.2,60.7,62.7,59.3,56.7,51.9,50.1,45.9,39.5,37.1,37.1,37.8,38.6,38.8,40.2,40.8,41.3,43.1,44.0,45.1,46.1,47.4,49.2,49.7,50.7,51.8,53.4
22:39:22.980,84.1,47.2,74.6,80.7,74.5,75.8,77.5,74.7,71.4,72.1,66.1,66.9,66.3,63.4,61.0,60.0,56.2,50.2,46.8,40.1,38.0,37.6,36.5,37.2,38.0,39.0,39.9,40.9,41.9,42.8,43.8,45.5,46.1,47.3,49.0,49.6,50.8,51.8,53.3
22:39:23.980,85.9,47.5,75.0,67.5,74.1,74.5,76.0,73.4,73.2,72.0,66.7,67.0,65.4,61.8,62.1,60.5,56.2,51.6,44.1,42.0,40.4,36.7,37.2,38.1,38.2,39.0,39.9,40.9,41.8,42.8,44.0,45.1,46.2,47.5,49.2,49.5,50.8,51.9,53.4
22:39:24.980,86.7,45.3,73.5,76.7,74.2,70.3,74.4,72.3,71.3,70.4,67.8,67.5,67.0,62.8,61.3,58.4,51.8,47.6,46.3,45.0,39.3,36.4,36.9,37.9,38.0,38.9,40.4,40.3,42.1,43.0,44.3,45.0,46.2,47.4,49.1,49.6,50.7,51.9,53.5
22:39:25.980,86.1,47.6,75.6,80.8,73.8,74.6,74.6,70.2,72.1,69.0,68.8,66.5,67.9,67.1,60.9,59.1,51.3,50.9,50.1,46.0,38.7,36.9,37.3,38.3,38.0,38.8,39.7,41.1,41.8,43.1,44.1,45.1,46.2,47.6,49.0,49.8,50.9,51.9,53.4
22:39:26.980,85.3,45.9,74.1,80.0,78.0,79.8,77.7,69.4,72.0,73.6,67.8,66.3,66.1,63.9,58.9,57.5,49.3,51.4,46.4,41.9,37.8,37.0,37.7,37.8,38.3,38.9,39.5,40.2,42.0,42.7,44.0,45.0,46.3,47.6,49.2,49.7,50.7,51.8,53.5
22:39:27.980,84.8,46.8,75.3,70.4,69.4,77.7,73.5,72.6,71.4,70.5,66.7,66.0,65.8,64.2,61.8,56.5,53.1,52.0,49.5,43.2,37.1,37.6,37.6,37.9,38.6,39.1,39.7,40.4,41.8,42.7,44.1,44.8,46.1,47.6,49.0,49.6,50.7,51.7,53.4
22:39:28.980,87.3,46.3,73.4,72.0,75.0,77.1,73.1,76.0,72.7,72.4,68.8,68.9,63.0,61.6,61.1,53.0,52.8,48.8,46.2,45.6,39.7,37.2,36.7,37.1,38.3,39.5,40.2,40.8,42.1,42.8,44.1,45.0,46.2,47.5,49.0,49.5,50.8,51.7,53.5
22:39:29.980,83.5,44.9,73.3,74.5,78.0,71.9,70.5,76.1,71.8,65.6,68.1,65.8,65.5,63.7,61.5,57.7,51.5,49.2,45.1,40.6,38.4,37.0,37.2,37.5,38.1,38.6,40.0,40.0,41.7,43.0,43.7,45.1,45.8,47.6,49.1,49.5,50.8,51.8,53.4
22:39:30.980,83.9,44.6,73.2,73.6,74.8,73.3,71.1,71.4,68.3,71.0,67.1,66.5,64.7,60.9,59.4,55.7,50.9,49.4,47.0,42.4,37.8,37.3,37.5,37.8,38.1,39.0,40.3,40.9,41.8,43.1,43.8,44.9,46.2,47.6,49.1,49.5,50.7,51.8,53.4
22:39:31.980,83.3,42.8,70.8,77.5,76.0,76.2,71.0,75.0,70.0,70.6,67.8,65.4,63.6,59.5,57.7,54.1,49.9,48.3,43.6,42.1,38.5,37.0,37.3,37.7,38.7,39.2,39.9,40.7,41.4,42.9,43.9,45.0,46.0,47.5,49.1,49.6,50.8,51.8,53.4
22:39:32.980,83.8,43.8,72.4,73.1,76.0,69.8,71.3,75.9,68.6,65.9,64.3,65.9,60.5,55.0,56.8,54.7,50.3,48.2,43.4,40.5,37.6,36.5,36.9,37.3,38.3,39.6,40.0,40.9,41.8,42.8,44.2,45.1,46.1,47.4,49.1,49.6,50.7,51.9,53.3
22:39:33.980,81.8,45.0,71.8,76.5,72.8,73.2,70.6,72.2,68.6,68.9,65.8,64.4,60.4,58.3,56.7,54.1,48.9,47.3,43.8,39.0,37.4,37.2,38.1,37.8,38.2,39.4,39.7,41.1,41.7,42.9,44.3,45.7,46.5,47.4,49.0,49.5,50.7,51.9,53.4
22:39:34.980,82.8,42.2,70.7,74.1,75.8,72.1,72.5,71.3,68.5,66.9,66.4,65.2,59.7,59.2,57.2,52.4,50.6,46.5,42.1,38.4,37.6,36.6,37.3,38.0,38.0,39.0,39.6,40.9,41.9,43.2,44.4,45.1,46.1,47.4,49.3,49.6,50.8,51.9,53.4
22:39:35.980,83.3,39.7,69.1,70.9,69.1,76.3,67.7,73.2,70.0,66.7,64.3,62.3,58.3,55.2,52.4,50.5,48.9,44.6,42.3,38.5,36.7,37.1,37.1,37.5,37.9,38.6,40.1,40.9,42.0,42.5,44.3,45.2,46.1,47.1,48.9,49.5,50.7,51.9,53.4
22:39:36.980,83.6,40.3,69.7,71.8,71.4,76.9,73.0,71.6,67.6,65.9,62.9,60.7,58.8,55.9,52.9,49.8,46.3,44.5,43.8,41.9,38.0,37.0,37.2,37.1,38.4,38.8,39.9,40.9,41.7,43.2,43.9,45.3,46.4,47.5,49.1,49.7,50.7,51.9,53.6
22:39:37.980,85.0,38.8,68.3,73.8,76.0,76.1,72.6,67.2,68.7,66.2,64.7,61.2,58.6,53.6,51.6,47.6,43.9,43.4,41.5,37.9,36.4,37.2,37.5,37.5,38.4,39.3,39.9,41.0,41.7,42.9,43.9,45.1,46.0,47.5,49.1,49.6,50.7,51.8,53.4
22:39:38.980,83.6,39.9,68.7,73.2,72.9,70.3,69.6,70.5,65.3,63.1,61.9,58.9,59.1,54.1,52.8,48.6,44.0,42.8,39.8,37.1,36.4,36.9,36.7,37.9,38.5,39.0,40.3,40.9,41.8,42.8,44.0,45.1,45.9,47.5,49.3,49.6,50.6,51.9,53.5
22:39:39.980,83.2,39.2,69.1,70.4,72.1,71.5,67.0,66.5,68.0,66.0,61.9,60.4,58.8,52.3,52.7,47.1,44.2,44.8,39.8,39.1,36.1,36.0,36.7,37.1,37.7,39.3,40.0,40.3,41.7,42.8,44.2,44.9,46.1,47.5,49.1,49.8,50.7,51.9,53.4
22:39:40.980,83.1,39.7,69.8,73.3,77.9,71.3,68.0,65.4,68.9,65.0,62.3,58.3,57.4,52.9,49.5,49.8,45.7,41.7,37.8,37.2,36.7,36.3,36.5,37.9,38.2,39.1,39.9,40.6,41.8,43.0,44.2,44.9,45.9,47.5,49.1,49.5,50.7,51.7,53.3
22:39:41.980,81.2,40.6,70.8,74.4,75.6,73.5,70.4,66.9,68.8,61.7,60.9,61.9,57.7,54.9,52.1,51.5,50.7,45.6,40.9,39.5,37.3,36.1,36.2,37.9,39.1,38.8,39.6,40.6,41.9,42.9,44.3,45.2,46.2,47.6,49.5,49.6,50.7,51.8,53.4
22:39:42.980,82.8,40.1,69.9,73.9,72.8,74.7,70.3,68.6,69.5,68.6,64.4,62.2,58.7,53.3,54.7,48.5,46.5,46.0,39.9,39.8,36.3,36.4,36.7,36.6,38.3,39.2,40.0,40.9,42.0,42.8,44.3,45.2,46.0,47.5,49.1,49.7,50.9,51.8,53.4
22:39:43.980,82.4,38.7,69.1,68.0,71.1,71.0,73.4,67.7,69.3,68.3,64.1,61.0,60.0,55.0,52.2,48.7,43.7,44.4,39.1,38.1,36.6,36.4,37.6,37.2,38.6,39.1,40.0,40.8,42.2,43.0,43.9,45.0,46.3,47.5,49.1,49.6,50.6,51.9,53.4
22:39:44.980,79.7,39.7,69.4,68.2,67.8,72.3,75.2,68.9,69.9,62.9,60.3,60.0,57.1,52.8,50.1,48.2,44.9,43.4,42.8,38.9,37.1,36.4,36.6,37.7,38.9,39.3,39.8,40.8,41.9,42.9,44.1,45.0,45.9,47.5,49.1,49.7,50.7,51.9,53.4
22:39:45.980,79.0,39.3,68.2,73.5,75.3,73.1,73.1,65.7,65.1,67.4,64.3,60.9,59.4,56.1,52.1,47.9,47.4,44.5,41.0,38.7,37.1,36.2,36.7,37.4,38.4,38.9,39.9,41.1,41.8,42.8,44.1,45.1,46.2,47.3,49.3,49.6,50.7,51.9,53.4
22:39:46.980,80.6,41.3,69.5,78.1,71.3,72.3,70.5,67.4,65.7,65.2,63.4,62.1,58.4,55.5,53.6,52.9,46.9,46.2,43.0,37.1,36.8,35.3,36.5,37.6,38.3,39.0,39.7,40.7,42.0,42.8,44.2,44.8,46.2,47.3,49.2,49.6,50.7,51.9,53.3
22:39:47.980,81.4,40.9,68.9,73.1,74.6,70.5,72.0,65.1,64.5,65.4,64.3,59.3,62.3,57.9,55.1,52.5,46.6,44.5,40.3,39.5,36.6,37.6,36.9,37.8,38.8,39.5,39.4,40.5,42.0,43.0,44.3,45.1,46.1,47.5,49.1,49.6,50.8,51.9,53.4
22:39:48.980,84.3,45.1,71.6,66.7,69.5,68.9,68.6,68.7,64.3,64.1,63.4,60.4,61.4,60.7,59.2,57.9,53.3,50.3,43.9,38.7,37.7,36.3,37.5,37.5,38.3,38.7,39.9,41.1,41.9,42.9,44.0,45.2,46.2,47.3,49.0,49.5,50.7,51.9,53.4
22:39:49.980,79.6,42.4,68.5,62.3,65.0,77.7,69.5,68.5,68.1,66.8,65.7,64.7,64.6,59.1,58.4,55.0,49.8,47.8,41.9,38.1,36.5,36.6,36.7,37.1,38.6,39.9,39.9,41.0,41.5,42.8,44.1,44.8,46.2,47.5,49.1,49.6,50.6,51.9,53.4
22:39:50.980,80.1,40.7,66.8,71.9,70.9,68.6,69.3,67.8,64.3,64.4,63.5,60.4,57.5,57.4,55.3,50.7,49.4,45.7,41.5,37.3,36.7,36.9,36.6,38.2,38.5,39.5,40.0,40.6,41.3,42.6,44.1,45.2,46.4,47.5,49.2,49.5,50.6,51.7,53.5
22:39:51.980,81.6,40.6,67.5,73.1,69.4,69.6,71.6,67.0,60.9,59.7,59.4,62.9,59.4,56.2,55.9,51.9,48.6,44.9,41.6,36.9,35.7,36.5,37.5,37.5,37.3,38.8,39.8,41.0,41.7,42.9,44.2,44.9,46.0,47.6,49.2,49.7,50.7,51.8,53.3
22:39:52.980,83.7,41.0,69.4,69.5,70.7,71.5,66.1,66.1,62.4,58.5,61.5,59.4,58.8,55.8,55.9,51.3,47.7,44.3,41.8,37.6,36.1,36.3,36.6,37.5,38.4,39.1,40.2,40.7,41.7,42.9,43.9,45.2,46.4,47.5,49.1,49.7,50.8,51.8,53.4
22:39:53.980,80.6,38.6,66.4,70.4,74.6,71.2,66.9,65.1,65.9,65.1,60.1,58.4,60.0,58.8,56.9,52.3,48.8,41.4,39.4,37.8,36.0,36.3,37.3,37.4,38.1,39.1,40.0,40.6,41.6,43.2,44.0,44.8,46.0,47.3,49.2,49.6,50.7,51.9,53.4
22:39:54.980,81.1,38.3,68.1,67.8,67.9,71.2,69.4,63.4,61.1,62.8,62.2,59.7,58.5,54.7,53.6,49.8,45.3,40.5,38.8,36.1,37.0,36.3,37.1,37.8,38.4,39.1,40.2,41.3,41.8,43.1,43.9,45.0,46.1,47.4,49.1,49.6,50.6,51.9,53.4
22:39:55.980,81.4,39.7,69.0,66.9,73.4,73.3,70.4,66.5,62.3,64.5,60.3,59.8,60.0,58.1,54.4,51.7,45.4,42.7,39.2,38.1,36.2,36.6,36.3,37.8,38.6,39.6,39.9,40.7,41.5,43.5,44.0,45.2,46.1,47.2,49.1,49.6,50.7,51.8,53.3
22:39:56.980,81.2,38.7,68.3,73.9,72.2,69.3,63.7,67.5,64.4,66.6,64.1,60.0,57.7,54.5,51.1,49.3,44.9,42.5,39.2,36.4,35.6,35.9,37.3,38.2,37.8,38.7,39.7,40.8,41.7,42.6,43.9,45.0,46.1,47.4,49.1,49.6,50.7,51.7,53.3
22:39:57.980,79.6,37.7,66.6,75.8,75.6,73.6,70.6,67.1,65.4,62.1,64.5,57.8,59.6,52.2,51.2,47.4,43.1,41.4,38.1,36.5,35.9,36.6,37.4,37.0,38.0,39.1,40.0,40.7,42.0,43.1,43.9,45.0,46.1,47.5,49.3,49.6,50.9,51.8,53.4
22:39:58.980,77.8,36.3,65.1,74.1,75.1,74.6,69.5,68.9,65.5,62.3,57.9,59.6,57.5,52.6,50.1,49.3,44.2,39.6,37.4,36.7,36.1,36.8,36.7,38.1,38.9,39.4,39.7,40.5,41.5,42.6,44.2,44.9,46.2,47.2,49.1,49.5,50.7,51.8,53.4
22:39:59.980,80.7,40.2,70.0,63.9,72.8,71.6,67.3,65.2,65.8,60.9,56.3,57.6,56.0,52.1,50.5,51.8,47.5,43.4,41.2,37.1,37.5,36.8,37.3,37.6,38.1,39.6,40.2,41.0,41.9,42.7,44.0,45.2,46.1,47.4,49.1,49.4,50.8,51.9,53.4
22:40:00.980,80.0,39.0,68.7,68.4,70.7,69.6,64.5,63.9,65.5,65.6,63.4,60.4,59.6,55.5,51.4,48.1,46.8,41.3,40.5,36.5,36.6,36.1,37.9,38.0,38.0,39.2,40.1,40.5,41.4,42.7,44.2,45.3,46.3,47.4,49.1,49.7,50.7,51.8,53.5
22:40:01.980,81.4,40.5,69.9,67.9,69.8,68.0,68.2,71.0,69.0,63.3,63.5,60.0,60.0,56.3,52.8,47.6,48.6,44.5,40.2,38.3,37.6,37.9,37.8,37.2,38.7,38.8,39.7,41.1,41.5,42.8,44.1,45.1,46.2,47.6,49.1,49.6,50.6,51.8,53.4
22:40:02.980,82.6,41.2,71.4,70.5,70.8,73.9,73.2,65.1,67.0,64.7,64.1,61.0,60.5,58.9,52.2,48.9,45.8,46.4,43.2,39.2,38.1,36.4,37.1,37.9,37.8,39.4,39.8,41.0,41.9,42.9,44.2,45.0,45.8,47.7,49.2,49.6,50.7,51.7,53.2
22:40:03.980,83.2,41.0,69.4,72.4,69.3,69.6,70.0,68.8,70.4,67.7,64.0,62.5,60.8,58.1,52.5,48.6,46.6,42.4,40.3,39.6,37.5,36.1,37.2,37.5,38.5,39.0,40.0,40.7,41.9,43.1,44.0,45.0,46.0,47.5,49.1,49.5,50.9,52.0,53.5
22:40:04.980,82.4,43.1,71.8,71.1,70.4,71.1,72.3,68.6,69.6,66.6,61.5,63.8,61.1,57.8,53.1,54.4,51.9,47.4,42.4,39.7,37.6,36.4,37.1,37.4,38.6,39.6,39.8,41.0,42.2,43.2,44.1,45.1,46.0,47.4,49.3,49.6,50.7,51.8,53.4
