AMBIENT,80.3,62.0,61.2,52.8,48.1,43.4,39.5,37.7,38.2,39.1,40.4,41.7,41.6,41.3,39.3,38.5,39.6,41.0,43.4,44.9,45.7,45.5,44.9,45.0,45.2,45.6,46.1,46.9,47.8,48.5,49.5,50.4,51.4,52.3,53.3,54.3,55.4,56.5,56.8
22:35:15.429,77.7,61.4,62.8,58.8,55.1,49.3,43.9,39.7,36.6,41.0,42.7,39.2,42.3,37.1,36.0,39.6,38.4,39.5,43.1,46.3,45.4,45.9,44.3,44.5,45.0,45.5,45.7,47.3,47.9,48.4,49.6,50.5,51.4,52.4,53.3,54.4,55.6,56.5,56.7
22:35:16.429,70.2,61.2,60.6,53.7,50.5,48.5,43.6,34.5,35.3,38.9,36.3,40.3,41.0,43.3,37.3,38.5,39.7,41.5,42.8,45.7,47.1,46.0,44.8,45.2,45.0,45.2,45.8,47.4,47.5,48.5,49.1,50.4,51.2,52.4,53.2,54.2,55.4,56.4,56.8
22:35:17.429,73.6,61.2,60.7,44.6,41.3,40.0,36.6,37.8,38.6,39.8,42.5,45.0,43.8,40.6,37.8,38.1,38.6,41.4,43.3,45.8,46.5,45.1,44.9,45.1,44.7,45.8,46.4,46.8,47.7,48.3,49.5,50.6,51.5,52.3,53.3,54.3,55.4,56.5,56.7
22:35:18.429,76.9,61.3,60.5,49.1,41.0,37.7,36.7,34.8,35.9,38.0,36.8,40.8,39.2,39.3,35.3,36.5,39.1,39.3,42.0,45.6,45.2,45.3,45.6,45.2,45.4,45.5,45.9,46.9,47.7,48.2,49.3,50.5,51.4,52.4,53.3,54.5,55.5,56.5,56.6
22:35:19.429,83.4,61.3,60.5,50.5,46.4,36.7,33.0,34.3,38.4,37.1,37.5,37.7,39.6,41.7,37.5,36.5,37.0,39.4,43.7,44.4,45.7,45.3,44.6,44.7,45.7,44.9,46.2,46.7,47.7,48.2,49.1,50.3,51.4,52.4,53.3,54.3,55.4,56.5,56.8
22:35:20.429,82.6,61.3,60.7,53.8,50.9,42.5,35.5,34.4,34.6,36.5,39.9,40.1,42.0,42.3,39.3,38.6,39.7,40.5,41.9,45.2,45.3,45.2,45.2,44.7,45.2,45.3,45.7,46.9,47.9,48.7,49.5,50.5,51.5,52.4,53.2,54.3,55.5,56.5,56.8
22:35:21.429,76.9,61.2,60.4,55.2,53.0,46.6,42.2,41.6,41.3,36.5,36.9,37.0,38.0,38.5,40.2,36.7,37.6,40.0,41.8,43.3,44.2,44.9,44.8,45.2,44.7,45.7,46.2,46.9,47.6,48.4,49.1,50.2,51.3,52.1,53.2,54.4,55.3,56.5,56.8
22:35:22.429,76.8,61.3,60.5,50.2,47.4,41.5,37.4,39.3,35.6,36.4,36.0,42.9,39.1,40.7,39.9,38.7,39.9,40.9,43.3,44.3,45.2,45.0,44.2,44.7,44.4,45.8,46.1,47.0,47.9,48.6,49.7,50.4,51.6,52.4,53.3,54.2,55.4,56.5,56.9
22:35:23.429,67.9,61.2,60.6,47.5,43.4,40.5,37.5,34.5,36.5,39.6,41.9,42.4,38.2,40.9,39.4,39.0,41.4,41.1,45.1,43.6,45.4,45.8,44.8,44.3,44.9,45.4,46.1,46.6,48.0,48.2,49.6,50.2,51.5,52.2,53.3,54.3,55.6,56.6,56.7
22:35:24.429,86.7,61.2,60.5,53.6,46.1,38.6,34.1,36.8,36.6,36.3,36.7,38.6,41.2,42.9,40.0,37.0,38.8,38.9,42.6,43.6,45.7,44.8,43.8,44.9,44.7,44.9,45.5,46.6,47.7,48.6,49.6,50.8,51.5,52.5,53.3,54.3,55.3,56.4,56.8
22:35:25.429,86.4,61.2,60.6,59.3,53.7,45.5,42.3,37.8,40.5,39.2,42.2,44.3,39.8,41.4,39.1,38.8,39.8,40.2,42.8,43.0,45.7,44.5,44.7,45.4,44.9,45.0,45.2,46.8,47.6,48.3,49.2,50.4,51.3,52.2,53.3,54.3,55.5,56.6,56.8
22:35:26.429,83.6,61.3,60.9,43.8,42.4,39.7,37.4,42.6,46.7,44.5,46.6,43.1,45.1,42.7,40.4,40.2,41.3,42.2,44.9,45.6,46.2,45.7,45.2,45.6,46.1,46.6,46.4,47.3,47.9,48.7,49.3,50.4,51.3,52.3,53.6,54.4,55.4,56.5,56.6
22:35:27.429,84.0,61.3,60.8,43.3,35.5,31.4,34.1,34.7,39.7,42.1,42.1,42.3,41.8,41.9,39.4,38.3,40.5,41.8,44.3,45.8,45.8,45.7,45.4,44.8,44.7,45.8,46.4,47.1,48.1,48.5,49.6,50.3,51.2,52.5,53.5,54.3,55.3,56.4,56.8
22:35:28.429,86.7,61.3,60.9,54.8,51.0,44.8,42.7,42.6,38.7,39.1,41.1,42.7,42.3,38.5,40.3,39.4,39.8,43.2,45.1,46.3,47.0,47.3,45.2,45.2,45.4,45.5,46.3,46.7,47.7,48.3,49.5,50.4,51.4,52.4,53.4,54.3,55.4,56.5,56.7
22:35:29.429,81.3,61.3,60.6,56.0,53.8,47.2,41.1,32.4,36.5,34.4,37.7,37.8,40.0,40.5,39.0,38.2,36.8,39.3,43.3,44.7,45.4,44.3,45.1,44.8,45.6,45.9,46.0,46.5,47.7,48.6,49.8,50.5,51.4,52.4,53.4,54.3,55.4,56.5,56.7
22:35:30.429,85.1,61.2,60.5,60.3,52.2,48.3,46.7,35.7,39.1,39.5,37.9,37.8,38.6,40.7,37.5,38.2,38.3,39.1,41.8,42.9,43.8,44.3,43.6,45.4,45.4,45.7,46.0,46.5,47.5,48.5,49.3,50.5,51.4,52.6,53.3,54.2,55.5,56.6,56.8
22:35:31.429,78.1,61.2,60.4,56.4,50.5,46.3,43.2,38.4,40.9,35.9,38.6,40.0,38.3,42.8,38.4,37.3,38.5,40.3,41.4,44.5,45.0,44.2,43.3,43.9,44.8,45.1,45.8,47.0,48.0,48.5,49.8,50.3,51.4,52.2,53.5,54.5,55.4,56.4,56.8
22:35:32.429,74.6,61.2,60.5,56.4,55.4,50.3,44.9,38.8,39.4,41.0,41.5,41.4,42.6,41.4,35.8,38.9,39.1,39.4,41.9,42.9,44.2,45.1,43.7,44.2,45.0,45.7,45.6,46.7,47.3,48.5,49.6,50.3,51.3,52.6,53.3,54.3,55.3,56.4,56.5
22:35:33.429,78.3,61.3,61.3,63.3,56.9,56.3,52.4,47.8,48.2,48.9,44.6,46.9,47.9,45.3,40.0,38.6,39.5,40.8,44.1,45.3,45.0,44.9,44.7,44.6,44.9,45.5,46.0,47.2,47.9,48.5,49.5,50.4,51.2,52.3,53.2,54.1,55.3,56.4,56.7
22:35:34.429,83.0,61.2,61.4,63.6,61.3,58.3,54.7,50.5,52.7,49.7,44.9,44.8,49.0,44.4,42.5,39.6,39.5,40.4,41.8,44.5,46.1,44.9,44.8,44.8,45.5,45.5,46.3,46.9,47.4,48.3,49.4,50.4,51.1,52.4,53.3,54.3,55.5,56.6,56.7
22:35:35.429,86.6,61.2,61.9,68.2,64.5,59.7,54.4,51.6,52.5,50.0,48.3,46.3,46.3,46.7,42.3,41.9,42.4,43.0,44.2,45.0,46.1,46.0,45.1,45.1,44.9,45.1,46.1,46.7,47.5,48.6,49.4,50.8,51.4,52.4,53.4,54.3,55.5,56.5,56.9
22:35:36.429,84.5,61.2,62.7,67.7,64.8,58.3,57.5,50.0,54.5,53.2,49.3,49.2,52.4,47.2,46.9,48.0,46.5,46.4,45.4,44.8,45.9,44.6,44.4,43.8,44.8,45.0,45.9,47.1,47.6,48.4,49.5,50.5,51.1,52.4,53.4,54.4,55.4,56.5,56.8
22:35:37.429,86.4,61.2,66.7,73.2,70.8,65.9,65.8,60.0,60.8,57.3,55.5,58.2,55.8,53.2,52.7,53.3,50.0,49.6,47.9,46.0,46.9,45.1,44.3,44.6,45.0,45.0,45.4,46.5,47.5,48.7,49.5,50.7,51.3,52.4,53.2,54.3,55.5,56.6,56.9
22:35:38.429,86.2,61.4,70.4,75.8,69.6,68.1,66.6,59.6,60.7,65.8,63.9,62.7,60.8,58.4,57.3,57.3,55.1,53.2,51.3,49.1,47.5,46.2,44.1,44.6,44.2,45.1,45.8,46.9,47.6,48.3,49.8,50.4,51.5,52.5,53.3,54.3,55.3,56.5,56.8
22:35:39.429,89.2,61.5,73.0,82.6,79.5,73.3,68.9,64.9,65.0,65.7,68.6,62.4,66.7,61.3,61.4,58.3,58.7,54.2,53.6,51.0,49.1,45.7,45.4,44.4,45.0,45.1,45.9,46.9,47.5,48.3,49.7,50.2,51.4,52.5,53.3,54.4,55.4,56.4,56.8
22:35:40.429,90.5,61.7,74.5,78.9,72.0,76.4,77.1,70.0,69.5,74.0,67.8,67.4,65.5,62.9,60.9,61.6,58.7,57.4,55.0,52.9,50.4,47.2,45.8,45.0,45.0,45.0,45.9,46.1,47.8,48.6,49.1,50.4,51.3,52.4,53.4,54.3,55.4,56.3,56.7
22:35:41.429,89.7,61.7,75.9,76.8,76.9,76.4,75.5,72.6,71.2,71.7,70.3,65.2,66.5,64.3,63.4,62.4,61.3,58.8,55.5,53.4,50.1,48.1,47.0,45.6,44.5,45.6,45.1,46.8,47.7,48.5,49.2,50.2,51.2,52.0,53.4,54.1,55.3,56.5,56.7
22:35:42.429,91.6,61.8,76.2,78.3,75.0,77.6,74.2,69.5,72.0,71.4,71.6,65.7,66.1,62.0,62.2,63.0,61.7,56.8,56.6,53.9,51.5,48.3,46.1,45.4,45.0,45.0,46.1,46.9,47.9,48.2,49.3,50.4,51.5,52.1,53.3,54.3,55.4,56.5,56.8
22:35:43.429,90.9,62.0,75.8,79.7,81.7,79.8,71.5,72.6,70.1,71.3,67.7,68.9,69.2,66.7,65.8,62.4,59.1,58.7,56.5,53.4,51.8,49.0,46.8,45.9,46.2,45.6,45.8,47.3,48.5,48.6,49.5,50.6,51.3,52.1,53.3,54.4,55.4,56.5,56.8
22:35:44.429,90.0,62.1,77.4,81.9,81.5,81.6,77.0,76.3,76.2,69.4,70.6,71.4,66.7,66.4,62.6,64.9,59.7,58.2,56.2,56.1,52.4,49.5,47.5,45.9,45.8,45.9,46.5,46.7,47.5,48.1,49.1,50.4,51.5,52.3,53.5,54.5,55.5,56.5,56.8
22:35:45.429,90.5,62.2,78.8,80.9,82.5,79.6,74.7,79.8,79.3,74.5,69.5,69.9,68.4,63.0,63.8,63.5,61.4,61.4,59.6,56.7,52.3,50.2,47.6,46.3,45.8,45.5,46.6,46.8,47.7,48.6,49.4,50.4,51.4,52.2,53.2,54.4,55.4,56.6,56.6
22:35:46.429,92.2,62.7,81.5,82.5,83.0,83.1,82.3,85.6,77.9,77.8,74.7,69.6,72.9,67.3,64.1,63.6,61.2,61.8,60.2,58.9,55.6,52.3,49.4,46.9,46.0,45.9,46.2,46.6,47.3,48.3,49.5,50.1,51.3,52.3,53.3,54.4,55.4,56.6,56.7
22:35:47.429,94.8,63.0,84.1,82.9,84.6,86.1,86.2,86.8,82.2,82.1,74.3,72.7,69.7,67.0,65.2,65.6,65.6,62.6,59.5,59.4,57.1,53.1,48.9,47.4,46.8,45.6,46.2,46.5,47.9,48.7,49.6,50.4,51.5,52.4,53.5,54.5,55.5,56.5,56.7
22:35:48.429,95.4,63.5,87.6,83.4,85.5,85.3,83.3,81.8,85.8,85.4,80.3,75.1,73.1,68.2,69.7,67.5,65.2,64.5,63.2,61.3,57.2,54.4,51.2,48.8,46.2,45.6,46.1,46.8,47.5,48.5,49.1,50.4,51.1,52.4,53.4,54.2,55.4,56.5,56.7
22:35:49.429,98.1,63.7,90.1,82.9,80.4,82.1,84.3,89.9,93.3,86.4,81.6,80.0,71.9,69.0,70.5,66.8,65.6,62.8,61.6,59.5,57.8,53.2,51.7,49.3,47.8,46.9,46.4,47.2,47.6,48.7,49.2,50.3,51.5,52.3,53.4,54.3,55.5,56.7,56.9
22:35:50.429,100.0,65.3,93.2,84.1,88.4,88.9,89.7,91.1,95.7,91.5,85.1,80.2,76.6,72.9,70.7,74.4,67.3,63.9,62.7,63.0,61.6,56.6,56.0,53.8,51.1,49.3,47.7,47.9,47.9,48.6,49.6,50.6,51.3,52.2,53.2,54.4,55.3,56.5,56.7
22:35:51.429,101.1,67.5,95.5,79.3,83.8,87.3,91.3,91.4,93.6,93.8,92.8,87.6,83.9,75.7,75.2,70.1,66.7,66.9,65.7,65.8,63.8,61.4,60.0,56.8,54.5,51.7,50.2,50.1,49.6,48.8,49.7,50.5,51.3,52.1,53.2,54.4,55.3,56.6,56.8
22:35:52.429,101.6,67.4,96.6,85.0,81.1,85.0,94.3,92.8,91.0,95.7,95.7,89.6,85.6,77.9,72.5,72.8,69.0,65.6,64.3,64.6,63.5,57.9,57.2,54.0,51.6,48.7,47.9,48.0,48.6,48.9,49.3,50.6,51.2,52.3,53.4,54.4,55.4,56.3,56.7
22:35:53.429,101.6,69.8,96.5,85.6,88.4,90.0,90.4,92.2,92.7,90.7,95.0,91.3,87.5,82.9,79.6,75.1,70.4,70.2,68.0,66.0,66.1,63.3,61.2,57.5,58.1,54.3,49.8,50.5,49.2,49.1,49.5,50.2,51.2,52.2,53.4,54.3,55.4,56.6,56.7
22:35:54.429,104.9,71.8,100.5,85.8,89.0,94.3,93.5,90.9,96.0,97.5,98.4,97.9,89.4,85.4,81.3,77.5,74.3,72.8,69.1,69.0,69.4,64.3,61.2,59.6,58.5,54.5,52.7,51.8,50.3,49.2,49.7,50.3,51.2,52.5,53.2,54.3,55.5,56.6,56.8
22:35:55.429,107.8,76.8,104.1,88.3,88.3,95.0,97.6,91.8,95.8,101.9,99.3,101.2,95.7,90.1,89.6,86.5,79.6,73.7,71.8,71.7,72.3,69.2,66.9,65.9,62.5,58.0,58.0,55.4,55.1,52.4,50.8,51.1,51.6,52.4,53.2,54.2,55.3,56.6,56.8
22:35:56.429,111.5,82.5,108.5,93.5,94.9,96.3,97.1,92.8,98.1,101.8,105.4,104.4,101.1,92.0,91.9,88.0,84.7,82.6,78.4,79.1,79.2,77.0,74.3,70.6,67.3,66.2,64.4,63.4,60.8,57.6,54.6,52.5,52.2,52.6,53.3,54.4,55.3,56.5,56.8
22:35:57.429,110.5,84.1,106.7,80.3,86.8,94.3,100.3,100.8,96.9,101.1,104.5,101.3,97.4,93.7,93.7,90.4,86.1,84.5,86.7,85.6,82.7,78.6,74.2,68.4,69.0,67.2,62.1,60.8,57.6,54.6,52.5,51.4,51.4,52.3,53.4,54.3,55.4,56.4,56.6
22:35:58.429,110.7,86.5,106.7,86.7,91.5,99.6,100.0,99.7,101.9,104.3,102.5,101.7,99.5,92.3,93.8,90.8,91.9,87.7,86.7,85.3,83.4,81.8,79.9,75.5,73.8,73.5,70.2,65.6,62.0,59.9,56.9,54.5,52.4,53.1,53.7,54.4,55.3,56.5,56.8
22:35:59.429,109.9,90.3,106.1,88.6,94.1,100.0,100.9,99.0,99.7,99.4,100.5,98.1,98.6,95.0,95.3,93.4,94.0,91.3,90.2,89.5,88.9,86.8,85.7,82.3,80.5,73.5,67.8,66.5,63.3,58.7,55.4,52.8,51.8,52.8,53.4,54.4,55.5,56.6,56.7
22:36:00.429,109.7,93.7,106.6,92.8,93.4,91.6,98.5,100.5,99.8,99.2,101.9,100.8,98.3,93.7,93.6,93.3,92.6,92.9,92.1,92.7,92.9,89.7,88.7,85.5,83.7,81.1,79.0,76.4,73.8,67.3,63.9,59.9,56.1,54.5,53.9,54.4,55.3,56.4,56.6
22:36:01.429,112.9,94.8,109.8,90.9,96.3,98.3,100.6,104.6,102.9,104.0,103.3,103.4,102.0,99.5,101.7,100.0,96.8,93.9,94.6,94.9,93.3,90.6,88.5,84.8,83.2,77.1,70.4,69.6,68.4,63.1,61.3,59.2,54.3,53.3,53.4,54.3,55.5,56.4,56.6
22:36:02.429,110.9,89.2,107.1,98.0,95.1,93.4,99.3,95.3,96.8,100.1,100.3,98.0,97.2,98.9,98.9,95.5,92.9,91.3,90.7,89.2,84.6,79.1,78.7,74.7,71.2,65.9,62.1,59.7,56.0,52.6,50.9,50.8,51.3,52.4,53.3,54.4,55.5,56.5,56.7
22:36:03.429,111.3,89.9,107.3,99.3,98.3,99.7,98.9,100.4,100.6,98.9,99.3,100.0,100.1,99.7,96.5,95.5,95.1,93.6,92.5,90.4,86.9,83.1,81.5,77.1,75.3,71.1,65.8,59.7,56.1,53.5,51.5,50.9,51.2,52.3,53.5,54.3,55.3,56.5,56.7
22:36:04.429,111.6,93.0,107.9,96.6,95.7,100.4,104.1,101.7,102.3,103.6,100.0,94.6,98.8,100.0,98.6,94.9,95.2,95.3,94.5,94.0,90.8,88.1,86.8,82.4,82.3,78.3,74.4,75.4,73.7,70.9,68.6,63.7,57.5,55.0,53.7,54.4,55.4,56.5,56.8
22:36:05.429,110.6,86.3,106.0,96.4,95.6,95.9,103.1,103.6,100.1,99.4,100.1,98.2,99.1,98.1,92.4,90.2,91.5,90.9,87.2,85.5,81.3,77.1,76.1,71.9,67.4,61.5,60.5,59.2,54.7,52.2,50.4,50.5,51.5,52.6,53.3,54.3,55.4,56.6,56.7
22:36:06.429,110.1,87.5,106.0,97.9,97.8,97.8,98.6,99.5,103.8,99.4,98.0,100.4,98.0,95.7,92.9,93.6,94.9,92.0,89.6,88.4,85.5,81.9,78.0,70.4,67.4,62.7,57.7,54.6,52.7,50.6,50.3,50.4,51.2,52.5,53.2,54.2,55.5,56.5,56.8
22:36:07.429,111.5,90.5,107.3,97.7,99.9,100.7,98.9,103.9,101.6,99.6,101.0,103.3,99.7,96.4,94.8,95.1,95.2,94.0,91.7,90.4,88.3,84.8,83.5,77.5,76.9,75.9,74.2,73.7,71.3,68.3,65.8,62.6,59.8,58.2,54.8,54.5,55.6,56.8,56.7
22:36:08.429,111.3,87.1,106.3,97.4,96.6,98.1,101.7,103.9,101.3,98.8,99.1,99.4,96.8,96.5,94.8,95.3,93.5,90.7,88.7,86.9,82.7,77.3,74.6,69.4,66.7,63.5,62.8,61.5,58.0,54.5,52.9,51.2,51.8,52.7,53.4,54.2,55.4,56.6,56.7
22:36:09.429,112.1,92.9,107.9,100.1,101.0,96.1,99.7,100.4,104.1,102.4,101.8,102.1,98.0,95.4,95.6,96.9,97.0,93.9,92.8,91.9,90.5,88.4,86.4,82.7,81.0,79.5,77.3,76.7,74.3,70.9,65.2,57.2,55.6,54.6,53.6,54.4,55.5,56.4,56.7
22:36:10.429,114.6,93.1,109.3,99.2,103.1,105.8,106.0,105.4,105.5,101.3,101.6,105.0,101.4,99.5,98.7,99.4,98.2,96.7,95.5,95.4,92.0,88.6,87.3,84.0,83.4,80.2,77.5,75.6,73.4,70.9,67.9,61.9,60.6,59.4,54.5,54.6,55.2,56.5,56.7
22:36:11.429,113.0,88.2,108.1,96.3,99.7,100.7,102.2,102.6,101.5,102.7,104.0,101.1,96.1,96.7,98.0,96.0,93.7,91.4,88.0,85.4,82.1,76.1,73.3,70.4,67.8,63.7,61.2,58.8,54.1,51.8,50.6,50.7,51.7,52.4,53.4,54.3,55.3,56.6,56.9
22:36:12.429,112.8,92.0,108.8,95.7,98.8,102.5,103.7,102.5,101.7,101.0,103.3,102.8,98.6,99.7,101.6,98.2,98.2,95.3,94.2,93.5,91.0,87.8,87.0,83.1,80.0,78.9,75.9,73.8,72.7,71.0,66.0,61.8,58.8,56.0,54.7,54.8,55.5,56.6,56.8
22:36:13.429,112.5,89.1,107.7,98.4,95.8,99.8,98.5,103.8,102.7,103.2,103.6,100.5,97.1,100.1,97.4,96.5,96.3,93.8,91.7,89.9,86.5,81.8,79.4,75.8,75.2,72.7,70.1,67.3,67.2,65.4,62.3,56.6,54.3,53.3,53.4,54.3,55.3,56.6,56.9
22:36:14.429,112.0,89.0,107.2,102.3,103.3,99.2,97.1,100.1,99.7,101.6,100.3,98.8,96.1,97.9,98.5,96.7,94.8,91.5,90.9,88.0,85.3,81.6,79.8,74.6,72.5,67.7,65.7,64.1,59.9,55.5,51.7,51.0,51.4,52.2,53.4,54.4,55.3,56.6,56.8
22:36:15.429,111.2,86.3,106.1,96.7,102.3,101.0,103.2,102.3,102.1,99.4,100.1,98.9,98.9,98.5,97.1,94.3,92.1,91.3,88.7,87.5,84.4,81.5,78.5,73.8,69.7,67.4,63.4,60.0,55.1,51.1,49.9,50.7,51.3,52.3,53.4,54.2,55.3,56.5,56.8
22:36:16.429,111.5,87.7,105.3,92.7,97.9,101.6,102.2,101.2,102.7,96.6,96.4,96.9,95.6,98.7,94.5,96.9,92.1,91.9,90.1,89.8,87.3,84.7,81.7,77.1,74.6,71.1,66.5,63.7,59.7,55.0,52.1,50.5,51.4,52.2,53.3,54.3,55.5,56.6,56.8
22:36:17.429,112.5,86.6,105.9,101.2,100.0,105.1,106.0,98.6,99.2,98.2,103.5,98.3,99.0,95.6,95.2,92.6,91.2,89.9,87.5,87.3,84.6,81.7,79.5,74.3,70.2,63.0,58.6,58.9,57.1,54.0,52.1,50.6,51.3,52.4,53.1,54.4,55.3,56.4,56.8
22:36:18.429,112.2,86.1,106.5,103.7,103.6,100.7,98.7,99.9,103.4,102.2,100.2,97.8,100.2,99.7,97.8,94.4,91.4,90.2,88.8,87.0,84.3,79.9,77.9,74.4,71.6,68.6,64.3,63.8,60.2,56.8,53.8,51.3,51.9,52.4,53.2,54.4,55.4,56.6,56.8
22:36:19.429,111.6,88.2,106.5,95.5,98.6,102.0,103.2,103.1,98.0,100.3,102.2,98.9,97.6,98.7,96.3,92.1,90.3,88.9,85.4,85.5,83.3,82.6,81.4,78.9,77.5,74.8,71.9,70.3,64.9,62.8,57.3,54.8,53.8,52.7,53.5,54.3,55.6,56.5,56.7
22:36:20.429,109.9,81.2,103.4,100.4,101.1,98.2,97.8,100.1,98.2,99.6,95.9,96.9,94.2,96.2,92.7,90.4,87.3,84.8,79.9,80.7,77.8,73.8,71.1,67.1,64.1,60.2,56.7,52.9,50.3,49.3,49.5,50.5,51.3,52.3,53.3,54.2,55.4,56.6,56.9
22:36:21.429,110.3,81.1,102.8,100.0,100.6,100.7,102.7,99.1,99.2,95.5,94.8,97.7,93.8,90.8,90.0,85.7,86.5,85.8,84.2,81.5,77.8,75.2,71.2,66.8,61.5,55.9,52.4,50.5,49.8,49.1,49.6,50.0,51.1,52.3,53.4,54.3,55.5,56.6,56.9
22:36:22.429,111.1,84.0,103.7,101.8,104.2,101.5,100.0,99.6,99.1,98.2,98.6,97.2,94.3,93.6,90.3,88.7,88.1,85.5,84.3,83.5,81.5,78.6,76.0,73.0,70.8,68.3,63.8,59.0,55.8,53.3,50.4,50.7,51.4,52.3,53.3,54.5,55.3,56.6,56.8
22:36:23.429,109.9,82.6,104.0,97.8,99.5,100.3,101.1,100.2,97.3,101.3,99.7,97.0,96.5,93.4,90.5,89.9,85.6,84.4,82.9,80.7,78.0,74.9,73.1,69.4,64.4,57.3,53.2,51.7,49.1,49.0,49.4,50.4,51.5,52.5,53.4,54.4,55.5,56.7,56.7
22:36:24.429,109.5,83.5,103.6,97.5,100.5,98.9,97.1,97.6,93.7,96.8,95.8,97.4,96.4,93.8,90.8,89.5,88.4,86.1,84.0,82.3,78.6,72.9,67.8,65.2,61.0,57.7,52.4,50.1,49.0,49.0,49.8,50.5,51.4,52.2,53.4,54.2,55.4,56.6,56.8
22:36:25.429,110.3,80.0,103.3,97.5,98.2,99.5,101.9,100.7,98.8,100.0,97.1,96.1,96.4,91.9,91.3,87.5,86.6,83.6,82.0,78.5,77.1,75.9,73.5,69.5,65.3,59.9,54.8,50.8,49.0,49.4,49.7,50.4,51.4,52.4,53.6,54.4,55.5,56.5,56.7
22:36:26.429,109.0,82.3,102.6,98.2,96.6,98.4,103.0,99.1,96.0,98.4,97.2,94.4,96.7,94.4,90.7,91.6,89.8,87.5,84.7,84.3,82.3,78.4,74.2,68.9,62.3,57.3,56.3,56.0,51.7,50.2,49.8,50.3,51.2,52.3,53.1,54.1,55.5,56.7,56.8
22:36:27.429,108.6,80.0,102.0,98.4,99.1,99.8,98.3,93.4,94.8,97.8,96.7,96.2,97.7,89.8,91.2,87.9,86.5,84.7,81.7,78.6,74.9,72.3,67.9,64.3,62.0,56.9,53.8,51.9,48.9,48.8,49.7,50.2,51.5,52.2,53.2,54.4,55.5,56.7,56.7
22:36:28.429,108.3,75.3,101.1,99.1,97.2,97.1,99.2,98.4,95.4,97.9,92.2,94.7,93.1,88.1,87.9,85.0,82.1,78.9,76.6,73.7,70.2,64.4,57.2,52.8,49.6,47.1,46.1,46.4,47.7,48.5,49.6,50.5,51.0,52.1,53.3,54.2,55.3,56.6,56.6
22:36:29.429,107.3,78.4,101.4,97.6,95.1,93.8,94.9,93.8,95.4,99.0,98.5,95.8,92.9,91.3,87.2,87.2,82.9,81.1,81.0,80.6,77.2,74.3,69.6,66.0,61.2,54.9,50.9,49.2,48.6,48.7,49.2,50.3,51.2,52.4,53.2,54.3,55.4,56.7,56.7
22:36:30.429,109.8,80.6,103.7,101.7,100.9,96.9,98.0,101.4,99.4,101.5,98.5,99.6,93.3,93.6,90.4,88.7,86.7,85.6,83.9,81.1,78.7,75.1,70.9,68.8,66.1,60.5,57.9,54.0,51.4,50.4,49.9,50.5,51.5,52.2,53.3,54.4,55.5,56.7,56.7
22:36:31.429,110.1,79.9,103.2,99.3,98.9,101.6,97.2,95.1,98.6,98.6,100.8,96.8,93.2,94.2,89.6,88.3,84.7,80.8,76.8,75.8,74.4,73.3,70.9,67.8,64.1,60.3,55.1,49.2,47.9,48.6,49.4,50.3,51.0,52.2,53.2,54.4,55.3,56.7,56.7
22:36:32.429,107.9,75.6,99.7,95.1,96.9,95.7,96.7,95.6,96.5,95.3,94.3,91.9,91.0,89.5,86.7,85.9,80.8,80.9,78.0,75.6,73.0,70.5,66.0,62.4,58.1,54.1,50.9,47.6,47.8,48.6,49.2,50.2,51.2,52.4,53.4,54.3,55.4,56.6,56.8
22:36:33.429,108.6,76.3,100.0,95.0,101.3,99.6,95.1,99.9,98.1,95.1,94.5,89.9,92.5,88.7,86.4,85.2,82.6,81.5,78.7,76.3,72.5,70.4,66.7,64.7,60.1,54.5,52.1,49.5,47.8,47.7,49.6,50.6,51.5,52.2,53.5,54.4,55.4,56.7,56.8
22:36:34.429,107.2,75.3,99.7,97.6,96.6,93.5,94.9,93.7,92.0,97.0,95.6,91.3,90.0,87.3,87.7,84.8,80.5,78.6,75.1,72.5,70.8,64.3,59.3,56.0,51.1,48.6,46.1,46.5,47.9,48.6,49.6,50.3,51.1,52.5,53.3,54.4,55.6,56.7,56.8
22:36:35.429,108.4,78.3,100.9,92.0,91.4,100.0,99.6,97.9,101.0,97.6,97.4,94.5,90.7,91.4,90.1,87.3,86.2,84.6,81.9,79.9,77.0,73.4,68.3,63.7,59.4,57.8,53.7,48.8,47.9,48.5,49.1,50.5,51.4,52.4,53.3,54.3,55.4,56.6,56.8
22:36:36.429,108.2,74.6,99.7,100.2,96.5,93.8,97.9,97.0,97.8,96.2,95.9,90.0,91.5,87.0,88.0,85.7,82.1,78.9,76.0,72.0,68.4,63.9,61.5,56.6,48.6,47.1,46.2,47.0,47.6,48.4,49.4,50.6,51.0,52.4,53.4,54.3,55.5,56.4,56.6
22:36:37.429,108.1,75.1,100.6,94.4,96.9,101.4,98.9,94.3,99.6,98.5,95.9,92.5,90.1,89.3,86.5,84.8,82.3,79.8,77.1,72.9,68.3,66.8,64.6,59.0,53.3,51.7,47.5,47.1,47.8,48.5,49.4,50.1,51.4,52.2,53.3,54.4,55.4,56.7,56.7
22:36:38.429,107.4,73.8,98.4,94.2,96.8,96.0,90.3,97.1,95.0,97.0,92.8,87.6,89.8,88.0,86.3,84.5,81.6,78.9,75.5,72.8,69.6,64.1,61.0,57.6,52.2,49.0,46.7,46.7,47.9,48.5,49.4,50.2,51.2,52.2,53.2,54.3,55.4,56.5,56.7
22:36:39.429,107.7,76.0,99.9,95.8,94.2,94.8,93.1,97.9,96.6,92.9,96.2,89.7,91.7,88.7,86.3,83.4,82.3,80.0,76.7,74.0,69.2,62.3,58.1,55.5,50.2,46.4,46.3,46.7,47.2,48.5,49.8,50.2,51.4,52.4,53.3,54.3,55.4,56.5,56.8
22:36:40.429,107.5,74.1,98.8,96.2,95.7,96.9,94.3,94.0,93.9,96.4,92.6,93.6,88.6,87.4,86.5,83.6,80.1,77.2,74.9,72.7,69.2,65.6,60.6,55.2,50.2,46.9,46.0,46.6,47.4,48.5,49.4,50.6,51.4,52.5,53.4,54.3,55.4,56.5,56.9
22:36:41.429,106.4,72.5,97.8,96.4,95.6,95.0,95.8,94.8,96.4,94.6,91.6,87.3,87.8,87.4,86.7,82.0,78.3,77.6,74.4,71.2,66.8,62.1,55.6,49.6,47.1,45.8,46.3,47.2,47.4,48.6,49.6,50.0,51.3,52.3,53.2,54.5,55.5,56.5,56.8
22:36:42.429,106.6,73.7,98.8,94.2,93.9,94.9,97.6,97.2,96.4,94.2,92.0,88.7,86.4,86.2,83.2,80.6,78.4,75.0,72.0,69.2,66.2,62.2,58.5,54.7,49.8,46.7,46.6,47.1,47.6,48.3,49.5,50.4,51.3,52.4,53.3,54.4,55.5,56.7,56.7
22:36:43.429,106.9,72.0,97.4,98.1,96.3,98.7,98.9,96.4,97.1,95.3,89.8,88.4,86.5,85.4,83.5,80.7,78.4,74.4,72.2,72.5,69.4,66.2,63.2,58.6,53.3,49.0,46.8,47.5,47.6,48.9,49.5,50.5,51.5,52.4,53.2,54.4,55.3,56.7,56.7
22:36:44.429,105.7,71.9,97.5,95.0,96.8,91.1,97.8,98.1,99.4,93.6,91.9,89.3,86.7,83.9,82.9,82.3,79.0,76.8,74.6,71.3,68.1,62.6,58.3,53.7,48.9,47.0,46.9,46.7,47.6,48.2,49.3,50.2,51.4,52.1,53.3,54.4,55.4,56.5,56.7
22:36:45.429,107.5,72.9,98.4,96.1,98.2,94.1,95.1,96.3,96.6,93.7,90.7,88.3,87.7,87.5,85.4,81.0,78.9,76.3,73.6,71.9,68.0,62.9,56.7,50.9,49.3,46.7,46.5,46.9,47.6,48.5,49.3,50.2,51.3,52.3,53.6,54.6,55.3,56.6,56.8
22:36:46.429,108.2,76.8,99.9,99.5,100.1,99.9,98.5,98.5,98.2,96.2,93.8,93.1,91.0,88.9,86.9,86.1,83.2,80.9,78.8,77.9,74.4,71.1,66.9,63.5,61.3,58.6,54.7,50.1,48.4,48.8,49.4,50.4,51.4,52.4,53.3,54.3,55.6,56.5,56.7
22:36:47.429,108.1,76.4,99.5,92.4,96.7,101.1,96.2,92.2,97.8,96.3,94.4,91.3,89.6,88.7,88.1,85.1,83.5,81.3,78.4,76.5,72.6,68.0,65.6,62.2,57.4,51.9,48.2,47.5,47.4,48.7,49.4,50.5,51.1,52.3,53.3,54.4,55.4,56.6,56.9
22:36:48.429,106.2,74.7,98.3,94.7,97.2,98.5,96.5,98.2,95.7,94.1,93.0,90.6,90.7,87.7,87.4,85.2,83.3,80.7,77.8,74.3,68.5,64.9,59.3,52.9,49.4,47.1,46.4,47.0,47.5,48.7,49.2,50.7,51.4,52.4,53.2,54.2,55.5,56.4,56.6
22:36:49.429,106.8,73.3,97.7,101.4,99.0,93.8,94.8,97.7,98.9,93.4,91.3,90.5,86.2,86.4,83.6,81.3,79.6,77.9,75.8,74.6,70.7,68.7,65.1,60.1,53.1,48.0,46.8,47.2,47.7,48.2,49.5,50.3,51.2,52.1,53.2,54.4,55.3,56.6,56.9
22:36:50.429,106.6,70.9,96.5,99.0,97.2,96.2,99.2,94.7,94.7,92.6,93.3,86.9,88.4,85.4,82.7,80.3,78.0,73.8,72.0,71.7,66.2,62.4,57.1,51.8,46.5,45.2,45.9,46.8,47.9,48.6,49.6,50.4,51.3,52.1,53.4,54.2,55.3,56.5,56.5
22:36:51.429,106.9,69.3,96.4,96.8,97.2,98.3,95.7,94.3,95.4,94.5,91.7,88.2,87.7,84.5,83.5,78.9,76.3,74.2,69.0,66.0,57.6,57.5,55.6,48.7,46.9,46.1,45.6,46.8,47.5,48.3,49.1,50.1,51.4,52.2,53.5,54.3,55.3,56.4,56.8
22:36:52.429,105.6,71.8,95.3,89.3,94.6,95.0,93.5,97.1,93.5,92.5,88.0,89.4,85.5,84.3,83.3,80.6,77.6,75.1,73.5,70.9,68.6,66.2,62.8,57.8,52.3,47.6,46.8,46.5,47.5,48.4,49.6,50.5,51.4,52.2,53.3,54.3,55.4,56.5,56.8
22:36:53.429,105.5,71.8,97.6,94.4,93.3,93.8,94.5,99.0,97.4,92.6,89.8,88.9,88.4,85.8,83.3,81.3,78.1,74.9,72.7,68.0,62.3,59.9,56.5,53.5,50.0,47.1,46.4,46.7,47.6,48.5,49.5,50.4,51.2,52.3,53.3,54.3,55.5,56.6,56.8
22:36:54.429,105.1,70.7,96.0,89.4,95.4,98.9,96.1,97.1,92.3,94.1,87.7,89.6,89.4,85.0,84.1,79.9,76.1,76.3,74.3,69.0,67.4,63.9,59.9,54.8,48.7,46.8,46.2,46.6,47.8,48.4,49.1,50.4,51.6,52.4,53.0,54.5,55.3,56.6,56.8
22:36:55.429,105.2,70.0,96.1,89.9,89.6,93.2,95.2,95.8,95.3,90.0,89.7,88.7,87.2,84.4,82.7,79.0,76.4,75.1,71.2,67.9,64.2,59.8,58.9,56.4,51.1,46.4,46.7,46.2,48.0,48.5,49.5,50.4,51.4,52.1,53.3,54.3,55.4,56.5,56.8
22:36:56.429,105.5,70.1,94.9,91.7,92.2,93.9,95.1,96.2,94.4,87.1,88.8,86.0,84.1,82.4,78.0,76.1,76.1,73.1,69.9,68.4,65.0,61.5,58.3,52.9,49.4,45.7,45.9,46.6,47.7,48.3,49.0,50.4,51.5,52.2,53.5,54.4,55.4,56.4,56.6
22:36:57.429,108.5,71.3,95.7,93.7,95.7,98.6,96.5,93.8,90.9,87.8,88.9,89.3,87.4,81.9,81.2,80.3,74.8,74.5,73.1,70.1,67.1,64.9,60.1,56.9,53.8,48.6,46.6,46.7,48.0,48.1,49.2,50.7,51.0,52.2,53.3,54.4,55.4,56.5,56.7
22:36:58.429,104.8,70.9,95.3,96.6,93.1,92.1,92.9,93.2,93.9,91.5,89.3,87.0,85.7,85.8,84.5,80.9,79.0,76.4,70.7,66.9,64.7,62.7,58.9,53.5,47.4,46.4,46.5,47.0,47.3,48.3,49.6,50.3,51.0,52.2,53.2,54.4,55.3,56.6,56.8
22:36:59.429,106.4,72.0,94.6,96.4,96.4,98.8,96.1,92.9,90.2,89.9,90.4,84.3,83.9,82.1,83.7,79.6,78.2,76.3,75.3,71.8,69.6,65.8,60.2,56.3,50.6,46.8,46.2,46.4,47.8,48.3,49.7,50.7,51.3,52.4,53.2,54.2,55.3,56.4,56.7
22:37:00.429,106.8,70.6,95.5,99.1,94.9,94.0,94.6,91.2,92.1,92.6,91.1,84.1,87.3,86.0,82.8,81.1,78.1,74.7,71.5,67.4,64.8,62.3,58.7,55.5,49.8,46.1,45.6,46.7,47.5,48.5,49.7,50.4,51.3,52.2,53.4,54.5,55.5,56.5,56.8
22:37:01.429,104.6,68.4,94.1,93.8,94.0,95.7,92.5,91.4,94.1,88.5,89.2,86.5,84.9,81.3,81.0,77.6,76.1,73.4,70.1,65.8,59.5,56.3,52.9,49.4,46.5,45.2,45.7,46.7,47.8,48.4,49.6,50.4,51.3,52.4,53.4,54.3,55.4,56.6,56.8
22:37:02.429,106.7,70.5,96.0,97.3,94.9,93.1,94.1,98.3,95.1,89.7,90.5,86.7,86.4,83.9,81.0,78.4,75.2,73.2,71.8,70.8,66.9,61.2,58.2,53.4,50.0,46.7,46.0,47.2,47.8,48.8,49.3,50.2,51.3,52.3,53.3,54.5,55.3,56.4,56.8
22:37:03.429,105.7,71.7,96.2,94.7,93.5,96.8,97.6,96.8,94.2,91.9,90.4,87.1,86.7,83.3,83.4,81.4,79.0,77.6,73.7,70.8,64.9,61.6,57.9,54.7,49.8,47.6,46.6,46.9,47.4,48.3,49.5,50.5,51.2,52.2,53.4,54.3,55.4,56.5,56.7
22:37:04.429,106.9,68.7,93.2,96.1,96.5,90.5,90.4,92.7,90.1,87.6,88.3,84.3,83.3,82.3,79.2,78.4,75.1,72.2,69.3,67.2,62.7,59.5,54.1,50.5,47.6,46.4,46.2,47.3,47.6,48.2,49.2,50.3,51.1,52.1,53.1,54.3,55.3,56.6,56.6
22:37:05.429,105.3,69.3,93.9,96.2,97.8,97.1,95.4,92.5,89.8,87.0,87.4,88.4,86.5,81.7,81.5,78.6,75.2,74.5,69.5,68.0,65.1,63.9,59.3,53.5,48.6,46.4,46.1,46.9,48.0,48.5,49.0,50.3,51.6,52.3,53.4,54.4,55.5,56.5,56.7
22:37:06.429,103.1,69.4,93.2,91.9,90.0,91.9,96.6,92.9,87.8,87.0,87.5,84.5,85.3,82.0,79.6,77.4,75.8,74.8,71.5,67.9,64.3,61.3,57.6,54.3,48.1,46.8,46.5,46.7,48.0,48.4,49.5,50.3,51.3,52.4,53.2,54.1,55.4,56.5,56.7
22:37:07.429,104.8,69.3,92.7,95.8,99.0,94.8,90.6,87.6,87.3,86.3,84.8,84.7,83.7,81.5,77.7,78.2,74.2,72.6,70.9,66.8,64.8,62.3,57.8,54.6,49.9,47.5,46.2,46.8,47.6,48.5,49.5,50.6,51.2,52.2,53.4,54.3,55.5,56.5,56.6
22:37:08.429,103.7,68.2,92.6,94.5,93.7,94.1,90.8,93.1,88.7,88.4,86.2,84.2,83.8,81.1,78.3,76.7,73.4,71.4,69.7,67.2,62.2,59.1,53.9,50.6,46.2,45.4,46.1,46.9,46.9,48.4,49.3,50.4,51.3,52.4,53.4,54.4,55.4,56.4,56.8
22:37:09.429,104.1,68.2,92.3,93.1,92.4,89.8,91.6,92.8,91.8,89.0,84.8,84.8,81.6,80.2,78.2,75.6,73.3,71.2,69.6,66.9,63.7,59.3,55.9,53.4,48.3,46.1,46.1,46.5,47.5,48.4,49.3,50.6,51.2,52.4,53.2,54.3,55.4,56.5,56.8
22:37:10.429,104.7,66.6,91.6,93.0,92.6,92.7,93.0,91.9,91.5,84.4,88.7,84.3,82.0,78.5,78.2,74.1,72.3,70.6,66.9,63.6,61.4,59.3,54.7,50.1,46.3,46.0,46.7,46.9,47.9,48.6,49.4,50.5,51.4,52.2,53.4,54.2,55.3,56.5,56.5
22:37:11.429,103.1,67.5,93.2,89.0,94.7,95.1,93.1,90.1,93.7,90.2,87.0,88.1,83.7,78.8,77.6,77.9,75.5,72.4,69.8,65.5,62.8,56.9,51.1,47.4,46.3,45.8,45.9,47.1,47.9,48.6,49.6,50.3,51.4,52.5,53.2,54.3,55.4,56.4,56.7
22:37:12.429,102.9,67.8,93.1,93.5,93.3,91.7,94.8,93.4,93.8,86.8,88.6,85.4,85.6,82.5,79.1,75.9,73.4,70.4,69.0,67.8,65.6,61.6,55.5,53.6,47.8,46.0,45.9,46.8,47.7,48.2,49.1,50.5,51.3,52.2,53.3,54.4,55.4,56.4,56.7
22:37:13.429,104.8,67.7,92.3,95.3,93.5,93.6,93.8,91.5,89.0,87.9,87.5,85.6,83.2,81.7,77.4,76.0,74.3,72.2,67.8,64.5,61.0,59.3,54.8,52.3,47.3,45.7,45.9,46.4,47.6,48.6,49.7,50.7,51.4,52.4,53.3,54.2,55.4,56.5,56.8
22:37:14.429,101.9,66.2,90.4,85.2,89.1,88.2,92.3,91.1,85.5,84.2,83.6,83.3,80.0,77.0,76.6,73.3,70.6,67.9,64.8,63.8,61.9,58.3,54.3,50.0,47.0,45.9,46.0,47.0,47.4,48.6,49.3,50.3,51.4,52.3,53.3,54.2,55.3,56.4,56.8
22:37:15.429,101.0,65.3,89.8,85.4,90.2,91.6,91.2,91.2,89.2,84.9,79.0,83.6,79.0,79.0,76.4,72.3,67.4,66.4,65.3,62.6,59.5,56.6,53.0,49.4,46.0,46.0,45.8,46.7,47.4,48.4,49.4,50.4,51.2,52.2,53.3,54.5,55.6,56.5,56.7
22:37:16.429,101.2,64.6,90.1,89.0,87.4,86.9,87.8,90.8,90.5,86.5,82.2,84.8,79.5,78.7,76.6,71.5,68.2,67.6,63.5,59.9,56.3,50.6,49.2,46.9,45.2,45.3,46.1,47.2,47.7,48.5,49.3,50.4,51.5,52.5,53.4,54.3,55.4,56.4,56.7
22:37:17.429,102.4,66.0,90.9,93.2,89.7,85.2,91.1,92.1,90.7,86.9,85.6,84.2,81.8,78.5,77.1,75.3,73.8,69.6,66.8,63.7,61.2,57.6,49.3,47.1,45.5,45.0,45.9,46.3,47.6,48.2,49.2,50.3,51.4,52.3,53.3,54.3,55.2,56.5,56.7
22:37:18.429,102.2,65.6,90.6,84.4,83.4,84.2,87.9,92.1,92.4,85.5,85.7,85.4,80.1,80.9,75.9,74.9,72.8,67.9,65.7,64.0,60.4,57.0,51.7,50.2,46.5,45.5,46.2,46.7,47.8,48.3,49.3,50.4,51.4,52.3,53.4,54.3,55.4,56.5,56.7
22:37:19.429,100.2,64.9,88.1,94.4,93.3,90.2,88.4,86.6,82.0,81.7,81.8,78.4,78.3,76.3,75.3,71.6,69.6,66.8,63.9,60.9,56.7,51.8,49.9,47.3,45.1,46.0,45.8,47.1,47.8,48.3,49.4,50.7,51.4,52.3,53.4,54.3,55.5,56.5,56.7
22:37:20.429,102.4,64.6,88.4,93.4,92.7,93.4,91.1,82.6,87.7,83.0,82.4,82.8,77.5,75.0,71.5,72.5,69.7,67.0,63.6,61.0,56.9,51.5,50.2,49.2,46.0,46.0,45.9,46.8,47.3,48.2,49.2,50.4,51.6,52.1,53.3,54.1,55.3,56.4,56.7
22:37:21.429,101.4,66.4,91.1,90.2,94.9,92.2,89.6,89.2,91.5,87.5,87.0,82.8,79.5,79.0,76.2,75.7,73.7,72.1,67.6,63.2,60.2,56.0,49.3,46.6,45.2,45.3,46.0,46.7,47.2,48.2,49.3,50.4,51.0,52.2,53.3,54.1,55.2,56.5,56.6
22:37:22.429,101.6,65.6,88.5,88.1,89.3,92.6,88.2,85.8,89.6,86.1,77.4,78.2,79.0,76.3,74.5,72.7,69.9,69.3,63.6,62.1,61.0,59.2,55.4,52.0,47.5,46.2,46.5,46.7,47.1,48.5,49.4,50.7,51.1,52.3,53.3,54.5,55.5,56.5,56.6
22:37:23.429,102.7,64.7,89.5,92.1,94.0,97.0,93.5,88.5,86.1,85.3,83.2,82.1,77.0,76.5,74.5,71.7,68.6,67.2,63.7,63.9,60.0,55.0,49.9,46.6,45.3,45.6,46.3,46.7,47.3,48.5,49.5,50.2,51.3,52.4,53.4,54.4,55.4,56.4,56.7
22:37:24.429,101.2,64.6,88.2,85.4,88.4,89.2,90.5,87.8,84.9,85.4,80.3,78.6,77.6,74.5,74.9,70.6,67.7,64.9,64.0,61.5,58.9,54.1,49.8,46.9,45.6,45.6,46.4,46.9,48.0,48.2,49.6,50.2,51.4,52.2,53.3,54.3,55.4,56.4,56.7
22:37:25.429,97.8,64.5,88.6,88.1,88.4,86.8,85.2,86.3,87.8,86.0,82.2,82.6,80.7,75.8,75.1,73.7,68.5,66.0,62.3,60.5,58.8,54.1,49.8,47.6,45.7,45.4,46.2,46.8,47.5,48.7,49.2,50.3,51.2,52.3,53.4,54.2,55.5,56.5,56.8
22:37:26.429,100.6,65.3,88.6,87.0,86.4,89.1,91.2,84.9,80.5,82.4,79.9,82.5,78.5,74.8,72.2,71.0,67.9,66.0,64.3,61.0,58.8,53.6,46.7,44.9,45.2,45.8,46.1,46.4,47.7,48.6,49.6,50.3,51.4,52.2,53.3,54.4,55.5,56.6,56.8
22:37:27.429,102.4,66.3,89.3,95.1,93.7,90.9,88.8,87.2,83.2,81.4,83.2,83.2,79.1,78.2,75.6,73.9,72.5,69.8,65.5,63.8,59.4,55.8,51.8,46.4,44.5,45.0,46.1,47.0,47.3,48.0,49.4,50.7,51.4,52.6,53.3,54.4,55.5,56.5,56.8
22:37:28.429,99.9,64.4,86.9,83.6,84.3,90.6,89.8,85.4,82.0,84.0,81.2,82.2,78.1,75.4,75.7,71.8,69.6,67.0,63.8,61.1,56.7,53.5,48.9,45.3,44.4,45.2,46.1,46.5,47.9,48.2,49.5,50.5,51.5,52.4,53.3,54.4,55.3,56.6,56.8
22:37:29.429,100.6,65.4,88.6,90.0,89.8,87.8,84.5,87.5,83.7,85.2,81.3,81.0,78.3,76.7,75.3,72.7,72.5,66.9,64.8,63.5,59.1,53.5,49.4,46.5,45.0,45.3,45.8,46.4,47.8,48.6,49.4,50.3,51.6,52.3,53.6,54.4,55.5,56.6,56.7
22:37:30.429,100.8,66.2,90.3,86.9,86.1,88.9,92.0,88.3,87.5,84.6,83.7,83.1,80.7,78.8,76.1,73.6,70.6,67.6,65.7,65.3,62.3,58.7,52.5,49.5,46.0,45.2,45.4,46.6,47.5,48.4,49.6,50.5,51.3,52.4,53.3,54.2,55.5,56.6,56.9
22:37:31.429,100.8,64.6,88.1,94.2,89.1,88.8,88.2,84.4,83.5,82.4,81.7,80.4,78.5,76.0,72.6,70.4,66.1,65.7,62.3,58.5,56.3,52.9,48.1,45.9,45.6,44.8,46.0,46.8,47.6,48.2,49.3,50.6,51.5,52.2,53.4,54.1,55.5,56.6,56.6
22:37:32.429,100.9,65.5,88.8,84.0,91.8,93.2,92.6,87.0,87.2,83.8,82.9,83.7,78.5,77.1,75.9,73.1,70.5,67.7,65.8,63.6,61.7,59.3,53.6,50.2,45.9,45.5,45.7,46.5,47.4,48.4,49.6,50.6,51.0,52.3,53.2,54.2,55.4,56.6,56.9
22:37:33.429,101.0,66.1,88.3,90.0,86.4,87.5,87.7,88.0,87.7,83.4,79.8,80.7,79.2,77.6,74.7,71.6,71.4,68.9,65.9,63.5,60.1,56.4,53.3,49.2,46.7,45.8,45.6,46.6,47.1,48.3,49.4,50.3,51.5,52.2,53.4,54.5,55.5,56.6,56.9
22:37:34.429,100.7,65.6,89.0,89.7,88.1,87.6,86.1,85.5,82.2,86.0,81.5,83.5,77.2,76.1,73.6,71.6,70.3,68.3,65.4,62.3,59.3,56.0,51.5,47.6,45.4,45.2,46.2,46.8,47.5,48.4,49.5,50.2,51.1,52.5,53.4,54.6,55.3,56.5,56.8
22:37:35.429,101.2,65.0,87.8,86.8,80.7,87.6,89.6,86.5,85.3,84.2,81.8,78.9,78.6,74.8,72.7,71.4,69.9,66.9,62.9,62.4,57.8,53.4,48.1,46.1,45.3,45.4,46.0,47.0,47.8,48.5,49.2,50.4,51.4,52.3,53.5,54.4,55.4,56.3,56.8
22:37:36.429,98.4,65.8,88.1,88.8,90.2,88.7,89.6,87.8,86.0,82.5,82.9,80.6,79.8,76.4,73.7,71.5,70.4,68.2,67.4,62.1,60.7,57.5,52.5,46.7,45.6,45.7,46.1,46.9,47.7,48.3,49.2,50.7,51.3,52.4,53.2,54.3,55.5,56.6,56.8
22:37:37.429,101.2,65.8,87.8,82.2,85.7,87.4,84.2,82.8,84.8,83.1,81.2,79.6,77.3,80.4,75.5,72.9,70.6,67.5,64.5,63.0,59.8,55.9,51.4,46.5,45.9,45.3,46.1,47.0,47.6,48.7,49.3,50.3,51.3,52.6,53.3,54.5,55.6,56.5,56.8
22:37:38.429,100.0,65.7,89.0,91.1,90.6,91.5,89.2,85.9,84.9,85.9,81.7,81.2,79.3,79.1,78.8,74.4,72.7,69.5,66.2,61.3,55.8,50.7,49.0,46.8,45.9,45.8,45.9,46.6,47.9,48.7,49.5,50.1,51.2,52.2,53.3,54.4,55.3,56.3,56.8
22:37:39.429,99.2,64.3,87.5,88.5,88.6,86.6,83.9,86.0,88.1,83.9,82.6,80.6,78.6,76.4,74.5,72.5,70.1,66.9,64.3,58.5,53.8,52.4,49.8,45.3,45.0,46.2,46.1,46.8,47.5,48.2,49.6,50.4,51.5,52.3,53.4,54.6,55.4,56.5,56.8
22:37:40.429,100.6,64.6,88.4,85.7,87.9,92.7,89.1,86.6,87.8,86.5,82.3,82.8,77.2,77.7,75.0,72.1,69.9,67.6,63.5,61.7,58.4,53.5,51.3,49.2,46.2,46.0,45.7,46.7,47.4,48.3,49.4,50.6,51.4,52.2,53.3,54.4,55.3,56.4,56.6
22:37:41.429,99.9,65.0,88.8,90.7,88.1,82.5,87.4,85.9,87.7,84.5,83.0,80.4,79.6,76.9,74.6,70.9,71.0,66.4,64.1,60.1,57.3,56.4,51.4,47.2,45.4,45.3,46.1,46.6,48.0,48.6,49.4,50.5,51.3,52.4,53.5,54.3,55.5,56.4,56.7
22:37:42.429,101.2,65.5,88.8,86.2,89.6,91.3,89.8,85.3,88.6,82.3,84.1,81.9,78.8,78.0,76.1,73.7,72.4,69.7,64.4,60.9,57.3,52.4,49.5,48.5,46.1,46.3,46.1,47.4,47.4,48.3,49.3,50.5,51.3,52.3,53.3,54.5,55.3,56.5,56.6
22:37:43.429,98.6,66.6,87.2,87.2,89.9,90.5,85.2,86.2,83.8,82.3,81.3,79.6,79.0,78.4,75.3,73.2,73.5,70.6,68.5,66.6,63.5,59.1,53.9,51.0,47.3,46.6,46.0,46.5,47.4,48.1,49.5,50.4,51.1,52.3,53.3,54.1,55.4,56.5,56.8
22:37:44.429,99.2,65.1,87.9,92.0,91.3,88.1,83.6,86.2,85.1,82.4,82.0,79.7,78.2,73.6,74.7,73.0,69.8,66.9,65.3,61.4,58.1,54.8,50.6,46.9,44.8,45.9,45.8,46.2,48.0,48.3,49.4,50.3,51.3,52.4,53.2,54.5,55.6,56.5,56.6
22:37:45.429,100.7,63.9,88.2,91.6,90.0,88.2,89.0,83.7,86.6,85.3,80.4,78.1,78.3,75.0,74.4,71.0,66.3,64.9,62.8,57.0,55.0,50.7,46.4,45.9,45.5,45.5,45.9,46.4,47.8,48.2,49.4,50.6,51.4,52.4,53.4,54.4,55.6,56.5,56.8
22:37:46.429,99.4,62.8,84.3,85.5,84.4,86.0,85.8,83.8,78.3,76.7,79.6,79.0,75.9,72.5,73.5,69.4,65.0,61.8,60.1,54.7,52.8,50.0,47.7,45.1,45.2,45.1,45.8,46.7,47.3,48.4,49.3,50.4,51.3,52.4,53.4,54.2,55.2,56.4,56.7
22:37:47.429,99.3,63.9,86.0,90.6,85.5,83.5,84.9,84.3,84.0,82.2,81.4,78.3,77.2,73.9,71.4,69.3,67.0,63.1,63.2,61.8,58.2,52.3,48.4,47.8,45.7,45.4,45.7,46.9,47.3,48.5,49.6,50.5,51.6,52.4,53.4,54.2,55.4,56.5,56.7
22:37:48.429,99.7,63.6,86.9,89.7,88.1,90.7,86.4,80.9,82.8,82.5,80.1,76.3,75.0,73.0,69.7,67.4,67.5,64.0,57.6,54.9,51.9,50.7,45.6,44.9,45.3,44.8,45.8,46.9,47.4,48.2,49.5,50.6,51.3,52.2,53.4,54.2,55.4,56.4,56.7
22:37:49.429,98.1,63.3,85.2,90.2,89.3,84.6,86.1,85.3,80.4,78.8,77.5,76.5,74.7,74.8,73.2,69.8,65.6,63.7,57.9,57.3,55.8,49.7,47.5,45.9,45.0,45.5,45.7,47.0,47.1,48.3,49.6,50.5,51.4,52.6,53.2,54.2,55.3,56.5,56.8
22:37:50.429,97.8,64.1,85.1,82.4,81.4,88.7,86.2,81.5,78.7,81.3,80.1,76.6,75.9,75.6,72.3,68.9,69.5,67.4,63.6,59.9,56.9,53.7,47.7,46.1,44.8,45.4,46.3,46.9,47.9,48.6,49.3,50.4,51.4,52.5,53.2,54.4,55.4,56.5,56.7
22:37:51.429,99.4,64.4,86.7,91.4,91.2,86.1,85.1,84.8,84.5,82.5,79.5,82.0,77.0,75.9,73.6,71.0,68.0,63.9,60.4,61.2,60.0,56.3,51.2,49.6,45.4,46.2,46.3,46.6,47.5,48.3,49.4,50.5,51.5,52.2,53.4,54.5,55.3,56.5,56.8
22:37:52.429,96.5,63.4,85.4,88.0,87.6,84.2,79.1,79.5,82.0,81.7,79.8,79.3,75.5,74.3,73.1,69.0,65.9,63.5,60.5,57.6,52.8,52.8,48.3,47.0,45.9,46.2,47.0,47.4,47.8,48.7,49.5,50.4,51.4,52.3,53.2,54.4,55.4,56.5,56.7
22:37:53.429,97.0,64.0,86.3,86.7,89.2,83.3,80.5,84.7,85.3,80.6,81.3,81.8,76.3,74.8,74.8,70.7,66.8,64.9,62.7,61.7,58.6,52.0,47.6,46.2,45.3,45.4,45.8,46.8,47.6,49.0,49.3,50.4,51.1,52.1,53.2,54.5,55.5,56.6,56.8
22:37:54.429,97.5,63.8,86.0,88.5,86.8,86.7,83.9,81.1,82.0,85.0,80.6,77.5,73.6,73.2,70.1,67.2,66.4,62.7,62.0,58.6,56.4,51.6,48.1,45.9,45.3,46.0,46.1,46.7,47.9,48.2,49.1,50.4,51.4,52.5,53.5,54.5,55.4,56.5,56.9
22:37:55.429,97.3,63.5,85.9,84.6,88.1,82.9,82.5,84.3,81.1,81.5,80.0,75.6,73.9,71.5,70.1,68.9,65.5,63.3,60.6,58.6,54.4,50.1,46.8,45.2,45.6,45.6,46.0,46.9,47.9,48.6,49.4,50.5,51.5,52.2,53.2,54.3,55.4,56.5,56.8
22:37:56.429,98.1,63.3,85.7,87.2,86.3,87.2,85.7,83.4,85.2,82.0,81.1,78.3,76.2,72.7,70.3,68.7,69.1,65.2,61.8,57.3,54.5,50.7,46.7,45.5,44.9,45.8,45.8,46.6,47.4,48.1,49.3,50.6,51.5,52.2,53.4,54.4,55.4,56.4,56.7
22:37:57.429,100.2,62.7,84.7,85.2,87.9,84.6,83.6,81.5,81.1,79.2,81.2,77.8,76.8,73.6,72.0,68.6,66.2,59.3,54.4,55.0,54.8,50.1,46.9,45.2,45.0,45.5,45.7,46.6,47.8,48.4,49.5,50.3,51.2,52.3,53.4,54.5,55.4,56.5,56.7
22:37:58.429,97.1,62.8,84.9,85.8,89.9,87.2,80.7,84.2,84.4,80.8,79.9,75.8,76.9,75.3,70.8,67.8,64.4,60.9,57.4,53.5,52.4,47.5,45.8,44.6,45.4,45.2,45.7,46.5,47.7,48.6,49.4,50.5,51.4,52.4,53.3,54.5,55.5,56.6,56.7
22:37:59.429,97.9,64.5,86.5,86.5,89.3,87.0,86.1,83.7,81.9,84.0,80.1,78.4,78.1,73.6,72.5,68.9,68.6,65.9,63.9,59.8,57.2,53.8,49.5,47.5,46.0,45.6,46.1,46.6,47.7,48.3,49.3,50.3,51.2,52.4,53.3,54.3,55.4,56.5,56.8
22:38:00.429,97.7,65.1,86.4,87.6,86.6,86.8,85.1,86.8,84.6,81.6,79.7,79.0,77.0,72.6,71.9,71.9,70.6,68.7,65.6,62.4,59.3,56.7,52.7,47.7,45.1,45.3,45.7,46.6,47.4,48.1,49.4,50.2,51.2,52.3,53.3,54.2,55.5,56.5,56.9
22:38:01.429,96.7,63.4,84.8,86.0,83.7,84.5,82.4,81.1,84.3,76.7,79.0,77.6,74.7,72.5,70.1,67.6,65.9,64.4,62.4,58.6,55.8,51.6,48.1,46.0,44.8,44.8,45.3,46.9,48.0,48.0,49.6,50.3,51.4,52.3,53.1,54.3,55.3,56.6,56.6
22:38:02.429,98.4,63.3,84.0,86.5,86.2,85.7,82.4,79.6,79.5,81.5,76.4,72.4,73.0,72.8,70.8,67.8,67.3,64.2,60.7,58.4,54.6,50.1,45.6,44.8,44.4,45.3,45.7,46.9,47.5,48.3,49.0,50.2,51.3,52.4,53.3,54.1,55.3,56.5,56.8
22:38:03.429,95.8,62.9,82.9,77.2,79.6,81.6,82.9,82.8,78.6,76.3,75.1,74.8,72.8,72.7,68.5,68.0,64.2,62.6,60.2,56.2,53.2,50.7,46.2,45.1,45.1,45.4,46.2,46.7,47.5,48.3,49.7,50.3,51.3,52.6,53.4,54.3,55.5,56.6,56.8
22:38:04.429,97.6,63.3,84.2,85.0,84.9,87.1,82.6,77.6,79.1,77.6,78.9,79.0,76.1,74.2,71.6,69.8,66.6,62.9,61.2,57.9,56.8,53.6,48.4,46.1,45.0,45.2,45.6,46.7,47.3,48.6,49.6,50.4,51.3,52.5,53.3,54.4,55.5,56.5,56.8
22:38:05.429,97.7,64.0,85.4,81.1,86.4,89.6,86.1,82.1,83.8,81.7,81.3,77.9,76.5,74.9,71.6,68.5,67.8,67.8,65.4,62.3,58.5,51.6,46.5,45.8,45.4,45.3,45.9,46.2,47.9,48.5,49.4,50.4,51.0,52.2,53.2,54.4,55.5,56.6,56.6
22:38:06.429,93.9,62.4,82.1,83.4,86.4,83.7,79.8,84.0,82.0,77.0,73.7,75.4,72.0,69.0,66.4,66.0,64.3,59.2,59.4,55.3,50.4,48.5,46.8,46.0,45.6,45.4,46.2,47.1,47.8,48.5,49.5,50.5,51.3,52.3,53.1,54.2,55.4,56.5,56.8
22:38:07.429,96.0,62.2,82.5,89.3,86.4,79.3,82.3,82.0,76.6,76.0,76.6,77.2,73.7,69.8,69.1,65.0,65.0,59.5,53.8,50.5,49.6,46.8,46.0,45.7,44.9,45.4,46.7,46.6,47.6,48.6,49.3,50.7,51.4,52.3,53.3,54.3,55.4,56.6,56.8
22:38:08.429,98.0,61.9,82.0,85.9,85.6,82.3,82.5,81.5,76.6,78.2,74.6,74.1,72.4,68.2,66.4,66.4,60.9,54.6,52.2,50.2,49.7,47.9,47.2,44.5,45.0,45.5,46.1,46.9,47.4,48.2,49.4,50.4,51.5,52.3,53.4,54.2,55.5,56.5,56.7
22:38:09.429,96.9,61.9,83.9,86.6,86.9,82.6,80.8,82.7,82.8,80.0,78.0,74.9,71.8,69.9,67.5,64.9,60.7,55.8,52.9,51.5,49.6,47.4,46.2,45.5,45.2,45.1,45.9,46.6,47.5,48.6,49.5,50.5,51.3,52.3,53.2,54.4,55.3,56.6,56.7
22:38:10.429,96.1,62.9,84.3,83.6,86.5,82.3,83.8,82.2,80.1,79.7,78.7,73.8,73.5,71.5,70.0,67.5,65.6,62.4,58.3,55.5,52.0,48.5,46.5,45.0,45.2,45.1,46.2,46.9,47.5,48.4,49.6,50.5,51.3,52.2,53.3,54.4,55.3,56.6,56.7
22:38:11.429,98.2,62.9,83.3,85.5,88.1,84.3,79.3,81.3,77.6,78.3,78.4,75.3,72.2,72.7,70.1,66.9,64.9,61.6,59.3,56.0,54.1,50.9,47.7,46.0,45.5,45.0,45.9,46.9,47.2,48.6,49.5,50.3,51.3,52.2,53.4,54.5,55.3,56.6,56.8
22:38:12.429,95.0,62.5,82.9,84.7,84.8,84.2,84.3,81.1,78.8,78.6,74.1,72.7,72.5,69.1,69.1,65.1,64.3,59.0,56.2,55.5,51.1,46.3,45.2,44.9,44.7,44.9,45.3,47.0,47.8,48.3,49.5,50.3,51.6,52.4,53.1,54.2,55.5,56.5,56.6
22:38:13.429,97.8,62.8,85.2,84.9,87.7,90.0,85.3,80.3,85.0,80.6,80.7,78.9,74.9,69.5,67.3,67.2,65.8,62.0,60.0,58.5,55.2,50.0,46.1,44.9,44.3,44.9,45.9,47.0,47.9,48.5,49.4,50.5,51.5,52.3,53.3,54.4,55.3,56.4,56.8
22:38:14.429,97.5,63.0,84.5,86.8,86.9,83.9,86.6,85.5,81.5,83.2,76.4,79.1,74.8,71.6,71.5,68.8,67.3,62.7,58.6,57.6,55.6,52.5,48.7,46.1,44.9,45.5,46.1,46.8,47.8,48.3,49.7,50.5,51.2,52.3,53.4,54.2,55.4,56.6,56.7
22:38:15.429,95.7,63.0,82.8,82.9,82.0,85.0,82.1,79.0,80.4,77.9,77.0,76.8,73.8,71.0,70.8,69.3,66.1,62.8,60.7,58.2,53.7,51.5,48.8,46.5,45.0,46.0,46.2,47.2,47.7,48.2,49.5,50.2,51.1,52.2,53.1,54.4,55.5,56.5,56.8
22:38:16.429,99.2,63.2,84.6,83.6,81.9,84.5,83.3,78.8,80.6,79.1,77.0,73.9,74.9,71.3,69.2,67.9,66.6,63.2,60.8,56.2,53.8,50.2,47.5,45.9,45.5,45.5,46.3,46.7,47.8,48.5,49.4,50.6,51.2,52.3,53.3,54.4,55.4,56.5,56.9
22:38:17.429,98.0,62.3,84.0,83.6,83.1,84.8,85.6,83.8,82.7,78.8,76.1,77.2,71.1,73.6,68.2,65.1,63.9,60.3,57.1,54.4,50.6,49.0,46.5,44.5,44.8,45.5,45.9,47.0,47.8,48.7,49.5,50.4,51.4,52.3,53.3,54.4,55.2,56.6,56.8
22:38:18.429,97.8,62.6,84.3,89.6,87.5,83.5,82.7,83.9,82.4,79.0,76.2,74.7,73.7,70.8,69.9,68.2,62.6,59.0,58.2,56.4,53.3,49.9,47.3,45.3,45.7,44.9,46.1,47.3,47.7,48.5,49.4,50.4,51.4,52.5,53.2,54.2,55.3,56.4,56.8
22:38:19.429,97.7,63.0,84.3,86.8,84.0,86.7,84.2,84.1,80.4,81.5,78.3,77.5,71.5,71.3,70.6,69.8,65.7,64.6,60.2,57.5,56.5,51.3,46.8,44.9,45.2,45.3,45.7,46.5,47.9,48.6,49.4,50.2,51.4,52.3,53.3,54.2,55.4,56.6,56.8
22:38:20.429,94.8,62.4,82.7,85.9,87.5,86.1,82.6,80.8,79.1,77.3,77.2,73.6,74.3,70.7,68.0,67.5,65.3,61.7,55.5,51.6,50.5,46.8,45.6,45.4,44.4,45.4,46.5,46.9,47.9,48.5,49.5,50.2,51.3,52.2,53.3,54.3,55.3,56.5,56.7
22:38:21.429,96.0,62.3,82.9,88.2,88.1,85.4,82.3,78.9,78.9,78.4,75.8,72.6,72.3,69.6,69.6,66.9,63.3,57.9,55.7,52.4,50.0,46.3,44.8,44.2,45.0,45.2,46.2,46.7,47.3,48.4,49.4,50.7,51.5,52.7,53.4,54.3,55.4,56.5,56.7
22:38:22.429,98.8,62.0,82.8,86.4,86.3,82.2,85.3,85.8,80.4,77.0,77.6,71.8,71.5,69.5,66.9,67.0,61.6,56.5,55.7,54.4,50.5,47.6,45.1,44.6,44.1,44.7,45.8,47.2,47.5,48.3,49.9,50.5,51.3,52.3,53.3,54.3,55.3,56.6,56.7
22:38:23.429,96.8,62.5,83.9,84.7,85.1,83.7,81.1,78.1,79.6,81.1,79.1,78.7,72.4,71.0,68.2,65.5,64.4,61.8,60.0,54.6,49.0,49.3,47.4,45.6,45.2,45.5,45.6,46.7,47.9,48.4,49.1,50.2,51.4,52.1,53.3,54.3,55.3,56.4,56.8
22:38:24.429,96.4,62.6,82.6,86.3,83.4,84.2,85.1,81.5,76.2,77.1,80.1,75.0,72.4,70.1,67.7,67.5,65.4,64.0,60.1,57.6,52.2,48.1,45.8,45.1,45.1,45.6,45.9,46.7,47.3,48.8,49.0,50.4,51.4,52.2,53.3,54.3,55.4,56.3,56.8
22:38:25.429,96.0,63.2,84.1,84.8,83.6,87.1,84.2,83.4,79.8,78.8,79.1,75.1,73.7,73.4,70.1,66.8,65.5,63.9,59.5,58.8,55.6,51.8,47.4,46.6,45.9,45.3,46.1,46.6,47.5,48.7,49.4,50.6,51.3,52.2,53.3,54.4,55.4,56.5,56.7
22:38:26.429,94.1,62.6,82.4,83.0,81.0,81.0,79.4,78.6,81.9,76.8,75.8,72.4,73.2,71.2,69.6,67.4,63.8,61.6,58.9,56.1,52.5,51.1,48.2,46.1,45.4,45.1,45.7,46.3,47.2,48.5,49.4,50.4,51.5,52.3,53.3,54.5,55.4,56.4,56.7
22:38:27.429,95.7,62.6,84.1,84.7,86.3,88.5,83.5,81.3,80.1,80.6,79.8,76.0,74.6,73.6,70.0,66.7,62.0,60.8,57.8,54.6,52.0,51.4,48.2,46.0,45.2,45.4,46.0,46.8,47.7,48.8,49.7,50.4,51.0,52.1,53.3,54.4,55.4,56.4,56.8
22:38:28.429,95.8,62.0,82.0,84.3,86.1,87.1,83.6,77.8,76.0,77.3,77.7,75.7,75.9,72.5,67.3,61.3,59.1,56.2,56.0,52.3,52.2,47.8,45.9,45.5,45.4,45.7,46.1,47.2,48.1,48.1,49.5,50.3,51.3,52.3,53.3,54.3,55.3,56.6,56.5
22:38:29.429,96.1,62.0,82.8,86.5,87.4,82.5,81.5,84.7,78.8,76.9,77.7,73.4,74.4,70.7,62.3,59.4,61.7,59.3,58.9,52.4,52.4,49.0,46.4,45.4,44.2,45.3,46.5,46.5,47.8,48.1,49.3,50.3,51.3,52.1,53.5,54.6,55.4,56.5,56.8
22:38:30.429,96.2,62.9,83.4,81.3,88.9,86.6,82.2,80.8,77.5,79.9,76.0,74.3,73.0,69.9,66.8,63.0,61.4,58.6,58.9,57.9,54.5,50.4,46.2,45.6,45.0,46.3,45.9,47.2,47.8,48.6,49.5,50.1,51.2,52.3,53.1,54.3,55.3,56.4,56.8
22:38:31.429,95.9,62.6,83.1,86.4,84.8,81.8,81.3,80.9,80.0,77.3,77.8,75.7,71.4,70.4,68.8,65.0,63.5,62.1,58.0,57.5,53.8,52.1,48.6,46.4,45.1,45.6,45.8,46.9,47.8,48.8,49.2,50.4,51.2,52.2,53.3,54.4,55.4,56.5,56.8
22:38:32.429,93.5,62.6,81.5,82.0,86.4,84.0,80.8,77.2,77.0,74.4,75.0,72.2,70.6,68.8,66.4,63.1,63.1,62.0,59.5,56.2,52.2,49.1,46.4,46.4,45.6,45.2,45.9,46.8,47.8,48.5,49.4,50.3,51.4,52.5,53.4,54.3,55.5,56.6,56.7
22:38:33.429,97.0,62.4,81.2,81.0,84.6,86.4,84.4,77.3,75.6,76.9,70.7,70.7,70.4,70.6,67.0,64.0,64.2,62.6,60.2,57.5,53.7,50.9,47.0,46.9,45.9,45.7,45.8,46.9,47.6,48.3,48.9,50.2,51.4,52.4,53.3,54.3,55.4,56.4,56.7
22:38:34.429,97.7,62.4,82.7,89.0,89.3,88.1,83.1,82.4,81.1,79.4,78.7,76.4,70.2,68.8,67.2,66.4,63.3,62.1,61.2,57.3,52.0,48.4,47.3,45.0,45.2,45.8,46.4,46.7,47.7,48.6,49.7,50.2,50.9,52.2,53.4,54.4,55.4,56.7,56.8
22:38:35.429,95.4,61.9,81.9,86.2,84.0,83.8,79.1,78.9,72.1,77.4,79.1,76.8,73.6,71.0,67.0,62.4,61.8,58.8,55.4,52.5,50.6,49.3,47.2,45.4,44.7,45.2,46.1,46.5,47.4,48.6,49.1,50.5,51.5,52.2,53.3,54.3,55.3,56.5,56.7
22:38:36.429,97.4,62.3,83.4,87.1,86.9,83.8,80.5,82.8,81.6,76.7,80.4,79.1,75.2,73.0,69.8,66.4,61.6,58.2,58.2,56.2,51.9,50.8,48.8,47.7,45.5,44.8,45.5,46.3,47.7,48.7,49.5,50.5,51.2,52.4,53.2,54.4,55.5,56.5,56.8
22:38:37.429,96.0,61.9,82.2,84.9,85.2,84.6,84.4,76.4,80.7,76.7,74.8,75.3,71.8,67.0,66.0,64.4,60.5,56.4,55.1,54.3,50.8,47.6,45.9,45.1,45.0,45.2,45.9,46.5,47.7,48.5,49.2,50.5,51.5,52.3,53.3,54.2,55.4,56.6,56.8
22:38:38.429,96.3,62.3,83.3,85.2,84.6,84.9,80.9,82.9,82.1,78.5,79.2,76.4,74.9,73.3,68.4,67.0,65.1,57.6,56.4,51.7,52.7,48.3,45.8,45.2,45.5,45.3,46.1,46.4,47.8,47.9,49.2,50.6,51.4,52.4,53.3,54.5,55.3,56.5,56.7
22:38:39.429,94.1,61.9,81.9,82.4,83.0,83.6,82.7,81.9,79.2,80.6,75.6,73.9,70.5,71.2,67.3,65.7,63.3,58.9,52.8,51.4,49.8,46.4,45.9,45.2,45.5,45.9,46.3,47.0,47.6,48.2,49.3,50.4,51.3,52.3,53.3,54.4,55.2,56.5,56.7
22:38:40.429,95.0,61.8,80.7,78.2,81.7,83.5,79.6,77.6,80.9,76.7,74.6,71.9,70.8,69.4,64.8,63.8,59.7,55.3,51.0,50.4,47.7,47.1,45.1,45.7,45.2,46.3,46.5,47.2,47.7,48.8,49.5,50.4,51.3,52.5,53.4,54.3,55.5,56.5,56.8
22:38:41.429,93.3,61.9,81.1,81.0,79.8,80.8,80.9,78.6,79.2,77.4,78.1,72.3,70.6,67.0,67.4,63.7,58.5,57.0,55.6,52.9,49.1,48.3,45.3,45.4,45.3,45.7,46.1,46.8,47.8,48.5,49.1,50.5,51.5,52.3,53.2,54.4,55.3,56.6,56.6
22:38:42.429,94.2,61.9,80.1,86.7,83.0,76.6,81.4,80.4,79.4,75.7,75.2,71.9,73.0,69.7,65.9,62.5,59.8,57.4,59.7,56.0,51.7,48.6,46.5,45.3,45.1,45.5,46.1,46.6,47.6,48.2,49.5,50.1,51.3,52.4,53.4,54.4,55.6,56.4,56.7
22:38:43.429,93.5,61.7,80.5,84.7,85.9,81.0,80.9,81.4,80.5,77.8,71.4,71.3,70.3,67.3,65.8,64.4,59.9,56.5,53.7,50.5,48.8,47.4,46.0,44.8,45.6,45.4,46.0,46.6,47.7,48.4,49.3,50.3,51.2,52.4,53.3,54.3,55.4,56.5,56.8
22:38:44.429,95.1,61.6,79.5,85.0,79.8,75.6,78.9,82.0,79.2,75.3,74.9,71.7,70.2,65.4,65.3,63.9,59.7,57.0,52.9,49.4,47.9,46.7,45.5,44.9,45.2,45.5,45.4,46.5,47.4,48.6,49.5,50.4,51.1,52.3,53.3,54.3,55.5,56.6,56.8
22:38:45.429,92.2,61.7,79.5,85.7,84.7,82.5,80.0,79.1,77.8,77.1,73.2,71.5,69.1,66.3,63.6,62.4,58.0,56.0,55.0,51.0,49.1,46.2,44.8,44.8,45.1,45.9,46.5,46.7,47.6,48.2,49.3,50.6,51.2,52.3,53.6,54.1,55.2,56.3,56.8
22:38:46.429,95.8,61.7,80.6,82.2,82.0,82.5,80.9,79.4,76.6,74.5,73.9,71.9,70.1,63.8,63.3,60.5,58.4,59.1,52.9,50.8,48.0,45.5,45.2,45.2,45.4,45.2,46.1,46.5,47.5,48.7,49.7,50.1,51.3,52.4,53.5,54.5,55.4,56.6,56.8
22:38:47.429,96.7,61.7,79.9,83.2,86.1,85.6,84.2,80.7,76.3,75.6,73.6,72.3,70.0,64.4,65.2,63.0,58.2,56.8,56.4,51.0,47.6,47.9,45.4,43.9,45.0,45.3,46.1,46.8,47.7,48.6,49.5,50.5,51.4,52.3,53.4,54.3,55.5,56.6,56.7
22:38:48.429,98.1,62.0,81.0,85.8,83.2,82.2,81.4,81.2,73.4,79.7,77.6,72.9,71.5,70.6,66.4,64.9,61.1,56.9,59.0,54.2,52.0,47.7,45.9,46.1,45.8,46.0,46.2,46.9,47.5,48.6,49.2,50.2,51.5,52.1,53.4,54.3,55.5,56.5,56.9
22:38:49.429,96.8,62.5,81.5,84.6,81.4,77.6,82.5,81.5,77.7,77.8,76.4,74.4,72.8,71.0,68.1,67.7,64.7,60.5,58.6,56.3,54.9,53.0,48.3,46.7,45.7,45.4,45.5,46.7,47.7,48.3,49.4,50.4,51.3,52.3,53.5,54.4,55.4,56.5,56.7
22:38:50.429,94.2,63.0,80.3,86.8,82.2,80.3,81.8,78.8,73.2,75.2,71.9,75.3,70.5,71.5,68.8,67.9,65.4,62.9,62.0,57.8,55.2,52.4,49.6,46.0,45.7,45.5,45.7,46.9,47.5,48.4,49.0,50.4,51.3,52.5,53.1,54.2,55.3,56.4,56.6
22:38:51.429,91.7,62.8,80.1,86.3,84.7,80.2,78.1,77.1,77.4,72.5,74.7,73.8,71.3,67.9,67.7,67.5,65.3,64.2,61.6,57.7,56.4,53.0,46.9,45.1,45.1,45.8,46.6,46.8,47.8,48.5,49.4,50.4,51.2,52.1,53.2,54.3,55.3,56.4,56.7
22:38:52.429,94.6,62.5,81.1,84.3,81.5,81.2,80.4,79.9,77.8,75.0,74.4,74.7,72.9,68.2,68.1,68.1,63.6,60.2,57.2,53.6,52.3,50.2,46.1,45.6,45.5,45.7,46.1,47.3,47.7,48.9,49.6,50.4,51.6,52.2,53.1,54.3,55.5,56.5,56.8
22:38:53.429,94.2,61.8,79.8,80.5,77.2,79.5,77.9,78.4,78.6,75.9,75.6,71.5,69.2,67.2,66.5,62.5,59.4,55.3,53.1,53.1,50.6,47.6,45.8,45.2,46.1,45.7,46.4,47.5,47.8,48.5,49.4,49.9,51.3,52.3,53.1,54.2,55.3,56.5,56.9
22:38:54.429,96.1,62.0,81.5,81.2,81.6,84.0,81.7,76.4,76.7,76.7,74.8,70.7,67.5,65.5,65.2,59.5,56.5,54.7,55.6,51.7,50.3,47.6,45.8,45.7,45.3,45.8,45.7,46.7,47.8,48.9,49.6,50.2,51.3,52.3,53.3,54.3,55.5,56.5,56.8
22:38:55.429,93.9,61.6,77.4,81.9,83.7,80.3,76.0,71.3,73.7,74.5,75.3,70.6,66.0,65.1,63.4,59.1,58.3,55.9,52.6,49.0,47.1,47.1,45.1,44.9,45.5,45.5,46.7,46.9,47.0,48.3,49.3,50.5,51.3,52.4,53.4,54.4,55.3,56.6,56.7
22:38:56.429,93.0,61.7,79.3,83.6,81.1,77.9,80.6,81.2,76.1,76.5,73.4,70.8,68.2,66.0,63.7,63.4,61.2,57.2,54.6,51.4,47.7,46.2,44.3,44.0,45.4,45.0,45.9,46.8,47.1,48.4,49.3,50.4,51.2,52.5,53.2,54.3,55.3,56.4,56.8
22:38:57.429,95.1,61.9,77.3,88.5,84.1,79.5,78.3,72.2,69.8,74.8,69.3,69.9,69.0,66.6,64.2,62.2,59.7,58.8,56.7,54.7,51.8,48.2,44.9,45.5,44.9,45.1,45.3,46.7,47.6,48.9,49.5,50.5,51.3,52.5,53.3,54.5,55.5,56.5,56.8
22:38:58.429,93.3,61.7,77.8,83.7,79.2,81.2,78.7,78.3,76.9,72.3,73.8,68.7,68.1,64.9,62.0,61.3,59.0,58.6,58.5,54.8,50.5,47.8,46.2,45.5,44.6,45.5,46.1,46.9,47.8,48.5,49.3,50.1,51.5,52.4,53.2,54.2,55.2,56.4,56.6
22:38:59.429,94.6,62.1,80.3,85.9,85.6,82.6,82.0,79.5,78.2,76.3,72.9,71.0,71.0,69.2,66.9,65.6,62.8,61.0,56.7,52.6,49.9,50.1,47.6,45.9,44.5,44.7,45.8,46.5,47.7,48.6,49.5,50.3,51.3,52.3,53.4,54.5,55.5,56.7,56.8
22:39:00.429,94.7,62.1,79.7,80.6,84.0,81.6,77.7,78.7,72.8,73.0,72.8,70.6,69.0,68.5,64.7,64.0,62.0,57.1,56.4,55.0,51.4,47.7,45.4,44.4,44.2,45.2,45.6,46.6,47.3,48.1,49.5,50.6,51.5,52.3,53.2,54.2,55.3,56.5,56.8
22:39:01.429,93.8,61.5,76.1,76.8,77.3,74.1,76.3,75.3,70.8,69.7,66.6,68.6,66.5,67.4,63.4,59.7,58.1,56.2,54.4,51.3,49.4,46.1,44.3,44.6,44.2,45.0,45.6,46.8,47.7,48.7,49.4,50.0,51.3,52.2,53.3,54.3,55.4,56.4,56.7
22:39:02.429,93.4,61.6,79.3,84.1,79.1,80.5,81.0,81.9,78.2,75.5,74.7,71.5,69.1,67.6,64.5,60.4,59.6,58.7,54.5,50.9,49.3,47.0,44.3,43.9,44.6,45.2,46.0,47.0,47.6,48.6,49.2,50.6,51.3,52.2,53.3,54.4,55.2,56.5,56.7
22:39:03.429,91.0,61.4,78.1,77.4,76.5,78.5,76.5,77.8,71.3,72.9,71.6,69.0,65.6,63.4,61.5,56.9,55.3,50.0,48.2,48.3,47.0,45.9,44.6,43.7,44.8,45.1,45.6,46.7,47.8,48.4,49.2,50.3,51.2,52.1,53.2,54.3,55.4,56.5,56.9
22:39:04.429,95.2,61.3,78.7,88.2,85.8,77.7,82.5,79.6,78.7,76.4,76.3,70.8,68.6,62.0,63.4,58.9,54.0,50.9,51.4,49.2,47.3,44.4,44.5,44.7,44.6,44.9,45.6,46.9,47.5,48.3,49.2,50.3,51.7,52.5,53.2,54.3,55.4,56.5,56.7
22:39:05.429,93.4,61.3,76.7,80.1,80.5,77.9,77.9,75.0,74.3,71.5,72.3,69.1,68.7,63.7,58.8,56.1,51.1,46.2,46.4,45.9,46.0,43.6,44.3,44.6,44.4,45.1,45.3,46.7,47.7,48.3,49.1,50.4,51.3,52.4,53.0,54.3,55.5,56.5,56.7
22:39:06.429,94.3,61.4,78.3,80.1,82.7,78.6,79.3,78.7,75.1,71.5,72.7,70.2,68.5,66.0,61.7,58.1,52.8,51.2,48.4,46.7,46.8,45.4,43.9,44.4,44.9,44.5,45.6,46.4,47.8,48.7,49.5,50.6,51.3,52.4,53.5,54.3,55.3,56.7,56.7
22:39:07.429,91.7,61.3,77.5,77.4,79.8,77.3,76.0,73.8,73.3,73.6,72.6,68.2,68.9,65.0,62.3,59.2,54.1,53.3,51.1,46.5,45.3,44.8,43.6,44.6,44.3,45.2,45.8,46.8,47.8,48.4,49.4,50.5,51.3,52.2,53.2,54.2,55.2,56.5,56.8
22:39:08.429,95.1,61.7,79.7,85.4,82.5,82.5,79.6,77.7,77.8,77.0,74.9,71.5,71.1,69.0,66.1,61.4,58.5,59.0,55.9,48.9,47.7,46.0,45.4,44.6,45.7,45.0,45.5,46.5,47.7,48.4,49.2,50.2,51.3,52.3,53.2,54.4,55.4,56.6,56.7
22:39:09.429,93.2,61.9,78.9,80.7,78.7,76.3,77.3,77.0,77.0,74.4,73.8,72.8,66.6,68.2,65.9,62.3,60.5,57.7,55.8,53.5,51.9,48.2,45.7,44.8,44.9,45.2,45.9,46.4,47.4,48.3,49.3,50.3,51.7,52.3,53.3,54.3,55.5,56.4,56.7
22:39:10.429,93.1,62.1,78.6,81.8,79.3,78.5,75.3,75.4,72.8,74.3,71.9,68.1,63.9,65.1,65.3,63.9,62.1,58.9,56.4,52.7,50.7,47.9,45.5,45.9,45.2,45.1,46.0,46.5,46.9,48.3,49.4,50.4,51.2,52.3,53.3,54.4,55.4,56.5,56.6
22:39:11.429,92.4,61.6,77.7,80.0,75.7,78.0,75.6,72.7,76.6,72.4,73.8,70.2,65.6,66.7,65.1,62.4,60.6,57.9,53.1,48.7,46.0,45.7,44.4,44.3,45.3,45.7,45.3,46.8,47.9,48.4,49.1,50.5,51.3,52.5,53.3,54.3,55.4,56.5,56.8
22:39:12.429,93.5,61.7,79.5,84.5,84.1,79.4,76.6,77.9,76.0,76.0,74.0,72.4,68.5,67.8,65.5,63.9,60.4,52.7,51.1,50.9,49.1,47.2,44.9,44.8,44.8,45.5,46.3,46.5,47.8,48.6,49.2,50.5,51.4,52.4,53.3,54.3,55.5,56.4,56.7
22:39:13.429,91.2,61.5,77.8,79.6,80.4,77.9,77.2,72.6,75.6,73.2,71.2,67.5,64.6,64.6,62.4,58.9,50.4,48.7,49.4,49.8,46.8,46.0,45.0,44.9,44.5,45.9,46.1,46.7,47.7,48.3,49.2,50.3,51.2,52.5,53.1,54.2,55.4,56.7,56.7
22:39:14.429,91.9,61.5,77.3,77.3,72.4,75.2,77.1,71.3,71.1,70.9,72.5,69.1,67.9,61.6,61.6,56.8,53.2,52.6,51.9,49.2,46.8,46.9,45.0,43.8,45.1,45.0,46.1,46.6,47.7,48.2,49.3,50.5,51.3,52.3,53.2,54.3,55.4,56.5,56.8
22:39:15.429,91.9,61.2,76.0,81.0,81.0,78.4,74.6,73.1,73.2,72.3,71.6,65.1,67.6,60.8,57.9,54.1,52.4,51.2,47.8,45.3,45.3,44.6,43.7,44.7,45.4,44.7,45.4,46.7,47.5,48.5,48.9,50.4,51.3,52.3,53.2,54.3,55.3,56.5,56.8
22:39:16.429,91.8,61.3,75.5,77.5,70.9,74.4,75.5,75.6,75.0,66.2,70.3,67.6,65.7,63.3,57.4,56.9,54.6,53.6,49.0,47.0,45.2,45.3,44.0,45.0,44.9,44.9,45.5,46.1,47.4,48.3,49.6,50.3,51.4,52.3,53.3,54.5,55.4,56.5,56.7
22:39:17.429,91.0,61.5,77.2,81.0,82.2,80.3,77.8,74.9,75.4,72.3,72.2,70.0,67.4,65.2,61.5,60.0,57.8,55.8,55.1,50.1,49.1,45.1,45.0,44.4,43.9,44.7,45.4,46.5,47.6,48.3,49.5,50.2,51.6,52.2,53.4,54.5,55.5,56.6,56.7
22:39:18.429,91.6,61.3,75.6,79.6,82.0,78.3,75.6,74.6,74.0,67.2,67.6,67.6,65.1,61.4,58.9,56.5,53.4,51.9,50.1,47.7,46.4,46.3,43.8,44.7,44.6,45.0,45.9,46.6,47.3,48.3,49.1,50.4,51.2,52.1,53.5,54.2,55.3,56.5,56.9
22:39:19.429,91.9,61.5,77.0,77.8,81.7,79.6,77.0,74.9,73.4,71.1,71.3,67.4,66.5,63.7,62.0,59.1,56.8,54.7,51.5,46.5,47.4,46.5,45.0,45.4,45.2,45.4,46.1,46.3,47.5,48.7,49.5,50.4,51.5,52.6,53.3,54.4,55.2,56.5,56.8
22:39:20.429,94.0,61.4,75.8,82.7,79.6,76.7,79.1,74.9,73.3,70.6,65.6,65.7,62.9,62.9,59.1,58.1,57.1,51.8,49.8,46.1,46.8,45.6,45.4,44.9,44.8,45.3,45.9,47.0,47.4,48.5,49.6,50.4,51.2,52.3,53.3,54.3,55.3,56.6,56.8
22:39:21.429,90.1,61.3,74.5,73.2,76.6,77.8,77.3,73.8,66.0,68.1,65.0,64.6,60.3,58.8,55.7,56.0,52.1,50.9,46.7,44.3,43.7,43.7,43.8,43.9,44.4,45.4,45.8,47.1,47.7,48.3,49.9,50.7,51.1,52.3,53.3,54.3,55.5,56.7,56.6
22:39:22.429,90.0,61.3,74.3,84.4,79.9,77.6,78.3,74.0,73.0,70.5,69.0,64.5,65.2,60.1,55.6,53.5,53.8,50.5,48.6,44.6,44.8,43.5,43.8,44.9,44.6,45.4,46.1,46.7,47.5,48.7,49.4,50.7,51.5,52.3,53.4,54.5,55.4,56.5,56.7
22:39:23.429,93.4,61.3,77.6,84.4,83.3,79.6,82.2,78.5,77.8,74.4,72.6,71.0,69.6,64.5,61.3,57.5,58.2,55.8,53.0,49.5,45.1,44.6,45.5,44.2,44.7,45.4,45.4,46.4,47.2,48.4,49.4,50.5,51.4,52.4,53.2,54.4,55.5,56.4,56.7
22:39:24.429,90.2,61.3,75.0,79.8,78.5,79.9,76.7,75.3,74.0,70.1,70.7,66.6,65.2,59.7,57.3,53.6,53.1,49.4,48.5,45.4,44.6,45.1,44.5,44.5,44.5,45.9,46.0,46.5,47.8,48.5,49.5,50.4,51.4,52.5,53.3,54.2,55.2,56.4,56.8
22:39:25.429,90.6,61.3,75.7,78.2,73.8,71.1,72.1,72.4,72.1,69.8,67.5,66.4,60.2,56.6,56.5,54.7,52.5,48.1,47.6,45.2,45.3,45.0,44.5,44.5,45.1,45.3,46.1,47.0,47.5,48.5,49.4,50.4,51.4,52.0,53.2,54.3,55.5,56.5,56.7
22:39:26.429,90.4,61.3,76.1,81.9,80.0,76.7,74.5,73.4,75.8,74.4,70.7,65.5,64.8,59.8,60.9,60.6,59.3,55.2,51.1,46.9,45.1,45.9,45.0,44.7,44.3,45.3,45.7,46.7,47.7,48.6,49.4,50.3,51.2,52.3,53.3,54.4,55.2,56.5,56.7
22:39:27.429,91.7,61.5,75.1,78.6,80.9,76.6,75.1,72.9,69.4,71.7,68.3,66.5,63.7,62.5,60.2,61.4,60.4,57.8,53.2,48.3,46.2,46.0,44.7,44.3,44.2,45.2,46.1,46.6,47.5,48.6,49.2,50.4,51.1,52.4,53.1,54.3,55.5,56.7,56.8
22:39:28.429,90.9,61.3,74.0,78.0,78.5,78.2,74.5,72.7,71.5,68.0,68.7,68.7,65.0,61.4,61.6,58.3,59.8,56.3,53.1,48.7,46.5,44.5,44.1,44.3,45.0,45.0,45.3,46.8,47.4,48.2,49.2,50.3,51.3,52.2,53.6,54.2,55.5,56.4,56.6
22:39:29.429,91.6,61.4,75.0,76.4,75.4,76.9,75.9,72.0,71.3,69.5,69.6,70.5,65.2,63.5,61.7,59.1,58.3,55.9,52.3,48.2,46.6,45.6,44.6,44.4,44.5,45.5,45.9,46.6,48.0,48.3,49.5,50.6,51.2,52.4,53.2,54.3,55.5,56.5,56.7
22:39:30.429,90.4,61.3,74.9,78.6,75.4,73.9,77.0,74.2,74.1,68.6,70.0,68.6,64.0,61.2,59.1,57.6,54.6,51.2,49.2,46.9,46.0,45.5,43.3,44.1,44.8,44.9,46.3,46.7,47.6,48.5,49.2,50.5,51.3,52.3,53.4,54.5,55.5,56.5,56.7
22:39:31.429,91.3,61.2,74.3,74.4,74.5,74.9,71.8,70.5,68.3,69.1,68.3,65.3,61.2,59.9,54.5,52.2,48.7,47.8,45.9,43.5,45.0,43.8,44.0,43.7,44.4,45.1,45.7,46.7,47.6,48.0,49.4,50.5,51.2,52.4,53.3,54.3,55.4,56.4,56.6
22:39:32.429,85.6,61.2,73.1,72.1,74.6,75.8,75.4,73.8,69.6,69.1,67.3,65.4,62.4,58.0,55.7,52.0,48.9,48.1,47.0,43.6,44.3,43.4,43.1,43.5,44.1,45.4,45.9,46.5,47.5,48.4,49.5,50.4,51.3,52.2,53.3,54.4,55.5,56.5,56.8
22:39:33.429,87.6,61.2,72.6,75.5,74.7,75.5,73.2,70.5,70.1,70.1,70.3,63.6,62.0,58.6,54.6,50.8,48.3,47.9,44.7,42.5,42.3,43.0,43.8,43.7,44.4,45.3,46.2,46.7,47.8,48.4,49.5,50.5,51.4,52.2,53.2,54.3,55.5,56.6,56.8
22:39:34.429,91.3,61.2,74.3,71.4,67.4,76.2,78.5,75.7,67.8,70.7,69.1,67.4,63.6,62.6,57.9,55.5,53.5,50.4,48.0,45.4,44.7,44.4,44.0,43.9,44.1,44.8,45.4,46.3,47.5,48.3,49.4,50.3,51.2,52.2,53.3,54.2,55.4,56.5,56.7
22:39:35.429,87.4,61.1,72.5,66.3,68.9,74.6,75.3,72.1,68.7,70.1,66.7,64.0,62.1,59.1,54.3,53.0,49.5,48.4,46.4,45.2,43.8,43.2,43.8,43.6,44.4,44.8,45.5,46.8,47.5,48.3,49.4,50.3,51.3,52.3,53.3,54.2,55.4,56.4,56.6
22:39:36.429,89.0,61.2,72.8,75.6,74.2,74.3,72.6,72.1,68.4,67.8,68.2,66.2,59.7,58.3,56.5,52.4,49.2,46.6,48.1,45.3,44.6,44.2,44.2,43.6,43.9,44.9,45.7,46.7,47.7,48.7,49.4,50.3,51.2,52.3,53.3,54.2,55.3,56.4,56.6
22:39:37.429,88.3,61.2,71.7,73.5,75.3,73.2,70.1,70.2,65.0,64.1,63.7,61.1,58.7,58.1,53.3,50.5,46.1,45.0,44.0,43.2,43.2,43.6,43.4,43.4,43.9,44.8,46.1,46.2,47.2,48.6,49.6,50.2,51.2,52.1,53.0,54.2,55.4,56.6,56.6
22:39:38.429,85.2,61.1,72.2,75.0,73.4,70.9,70.0,68.8,68.5,70.7,62.3,64.0,62.7,58.8,56.1,52.4,50.5,48.1,45.3,43.4,44.0,42.9,44.0,43.5,44.2,45.2,45.1,46.5,47.5,48.3,49.2,50.1,51.3,52.6,53.2,54.2,55.4,56.4,56.7
22:39:39.429,87.5,61.1,71.8,74.9,73.5,74.0,72.8,71.0,66.1,68.1,67.7,65.4,60.9,61.3,56.3,51.5,49.8,48.1,45.7,42.7,43.9,43.0,44.3,44.2,44.4,44.4,45.0,46.3,47.4,48.8,49.1,50.5,51.4,52.3,53.4,54.4,55.4,56.3,56.8
22:39:40.429,88.1,61.2,73.8,75.7,72.0,72.3,71.6,70.3,69.6,68.5,66.0,64.3,61.5,59.7,57.5,55.8,52.7,50.4,46.3,44.0,42.6,43.1,42.4,43.4,44.1,44.6,46.0,46.8,47.4,48.7,49.3,50.6,51.3,52.3,53.4,54.4,55.4,56.5,56.6
22:39:41.429,87.4,61.2,72.1,75.7,72.1,74.1,73.4,71.5,70.5,66.0,68.5,63.1,62.5,59.1,59.0,56.7,54.0,51.6,47.2,46.0,45.5,44.5,44.2,45.2,44.4,45.0,45.5,46.5,47.3,48.2,49.1,50.3,51.4,52.1,53.2,54.4,55.4,56.6,56.8
22:39:42.429,88.1,61.3,70.6,69.7,69.9,70.9,69.5,70.5,67.1,64.1,64.0,61.6,59.1,56.9,55.1,54.3,51.0,47.9,45.8,45.1,45.2,45.0,43.9,44.9,45.0,45.3,46.0,47.0,47.5,48.1,49.4,50.3,51.2,52.2,53.1,54.3,55.5,56.5,56.7
22:39:43.429,87.7,61.2,70.4,77.7,77.7,74.1,69.5,69.1,67.4,65.4,60.4,61.9,61.8,56.3,54.2,53.0,49.6,44.2,46.0,45.0,44.1,45.0,44.6,44.1,44.8,45.4,45.9,47.1,47.5,48.5,49.6,50.4,51.2,52.4,53.4,54.3,55.4,56.6,56.9
22:39:44.429,88.4,61.2,71.8,77.1,74.9,68.6,72.6,70.7,72.9,68.2,65.8,64.1,60.2,58.7,56.2,55.4,51.0,49.1,46.8,45.8,45.1,44.8,44.3,44.7,44.0,45.0,46.0,46.6,47.5,48.3,49.4,50.5,51.4,52.3,53.2,54.4,55.5,56.5,56.8
22:39:45.429,87.6,61.2,71.2,70.6,70.0,69.7,71.8,72.0,68.6,61.1,67.3,61.7,61.6,57.8,56.3,53.7,51.7,47.5,47.0,46.2,44.7,44.3,44.9,44.9,45.1,45.4,46.1,46.7,47.3,48.4,49.9,50.4,51.3,52.3,53.4,54.4,55.5,56.5,56.8
22:39:46.429,88.5,61.2,72.5,74.3,77.3,75.3,73.4,71.7,70.4,67.6,66.0,66.6,62.6,59.8,57.1,56.2,53.5,52.4,51.0,47.4,45.4,45.2,44.0,44.4,44.6,45.0,45.8,46.5,48.0,48.0,49.4,50.3,51.1,52.3,53.4,54.2,55.3,56.6,56.7
22:39:47.429,85.7,61.3,70.6,71.8,77.0,76.0,66.5,65.9,68.9,62.4,63.7,65.5,61.3,58.1,57.4,54.9,51.3,50.2,47.3,45.7,46.4,44.7,44.3,45.3,45.1,45.7,46.2,46.6,47.7,48.4,49.7,50.4,51.6,52.5,53.4,54.4,55.4,56.3,56.9
22:39:48.429,85.3,61.3,72.5,77.4,76.4,72.5,70.0,68.9,69.8,68.6,67.7,65.4,61.7,59.7,57.6,57.1,54.4,51.4,48.8,44.9,43.8,44.6,43.8,43.9,44.6,45.3,46.0,46.8,47.3,48.5,49.5,50.5,51.4,52.2,53.2,54.4,55.4,56.4,56.7
22:39:49.429,88.3,61.2,69.9,77.6,74.8,70.8,70.3,69.1,65.0,66.5,64.9,61.9,60.5,58.8,58.1,56.1,51.9,49.0,45.6,44.4,44.8,44.4,44.4,44.2,44.4,45.0,45.4,47.2,47.9,48.5,48.8,50.3,51.4,52.5,53.0,54.4,55.3,56.5,56.7
22:39:50.429,88.8,61.3,73.1,74.6,74.8,73.8,71.2,70.5,70.7,66.6,68.3,67.2,62.6,62.3,60.6,57.1,54.8,52.6,46.6,45.8,44.5,45.3,44.3,44.3,44.9,45.5,45.8,46.8,47.8,48.7,49.6,50.1,51.2,52.2,53.5,54.3,55.5,56.5,56.8
22:39:51.429,90.7,61.3,72.5,79.8,80.6,75.9,68.9,66.8,65.7,68.3,70.2,69.2,62.1,61.4,63.2,55.2,54.0,51.6,48.9,45.7,44.3,44.3,44.2,43.4,45.2,45.9,46.6,46.8,47.4,48.8,49.4,50.6,51.3,52.3,53.3,54.4,55.4,56.4,56.6
22:39:52.429,89.0,61.2,70.9,75.1,77.3,76.9,72.1,68.4,67.8,66.3,65.0,61.8,61.3,59.0,55.6,52.5,51.5,47.6,45.4,44.5,43.8,44.3,44.3,44.5,44.8,45.6,45.9,46.6,47.6,48.2,49.3,50.4,51.4,52.4,53.4,54.4,55.4,56.4,56.8
22:39:53.429,90.0,61.2,71.6,75.1,75.0,74.5,70.4,70.9,69.0,68.6,65.0,65.7,62.8,59.2,58.2,55.6,52.2,48.7,45.7,42.8,43.5,42.7,43.6,45.0,44.8,45.2,45.8,47.0,47.5,47.9,49.8,50.5,51.2,52.3,53.3,54.3,55.4,56.5,56.7
22:39:54.429,87.5,61.2,73.2,76.1,75.7,75.4,72.8,71.8,66.6,69.6,66.1,63.2,59.2,57.7,54.4,53.9,49.1,47.9,45.0,43.2,44.0,43.7,44.0,45.0,45.0,45.5,45.2,46.2,47.5,48.1,49.5,50.1,51.4,52.2,53.5,54.3,55.5,56.5,56.7
22:39:55.429,85.8,61.2,71.4,71.0,72.8,73.8,71.6,68.7,67.5,66.0,64.1,62.0,59.6,55.5,52.4,51.2,47.0,44.9,43.6,44.6,44.4,44.7,44.8,44.7,45.7,45.9,45.8,46.3,47.3,48.3,49.3,50.3,51.3,52.4,53.4,54.4,55.3,56.5,56.8
22:39:56.429,86.5,61.2,70.9,68.5,71.9,71.7,69.5,67.6,70.0,65.1,64.2,60.1,59.7,58.5,55.0,51.3,48.1,45.9,44.2,44.1,44.1,44.3,44.1,44.5,44.9,45.2,45.7,47.0,48.0,48.6,49.0,50.3,50.9,52.2,53.2,54.3,55.5,56.5,56.6
22:39:57.429,86.7,61.3,71.0,78.9,74.6,70.8,71.9,70.3,67.0,70.1,67.4,63.7,61.0,59.3,58.5,54.1,49.8,48.0,46.8,45.4,44.8,43.8,44.0,44.9,45.3,45.5,46.1,46.7,47.3,48.6,49.4,50.6,51.3,52.4,53.3,54.3,55.4,56.4,56.9
22:39:58.429,87.1,61.2,70.6,75.1,72.5,66.8,68.7,68.3,72.4,67.9,64.1,62.5,60.4,57.2,55.9,52.9,47.7,43.5,44.8,44.3,44.5,44.9,44.2,44.7,45.1,45.4,45.3,46.4,47.5,48.2,49.5,50.5,51.8,52.4,53.5,54.4,55.2,56.5,56.7
22:39:59.429,86.9,61.2,70.1,73.8,70.2,69.6,69.1,67.9,67.5,67.3,65.3,64.1,60.4,59.2,54.4,52.8,48.4,43.8,44.1,43.6,44.9,43.9,43.4,44.4,44.7,45.3,46.2,46.6,47.5,48.5,49.3,50.3,51.5,52.4,53.4,54.5,55.2,56.6,56.8
22:40:00.429,88.2,61.2,72.4,74.7,75.0,70.5,71.4,70.3,69.1,67.5,67.1,64.9,62.7,59.4,56.2,53.3,49.4,45.9,44.3,46.4,44.5,44.6,43.9,43.3,44.4,44.9,46.4,46.6,47.4,48.3,49.1,50.6,51.4,52.2,53.4,54.5,55.4,56.5,56.7
22:40:01.429,89.3,61.2,73.3,75.7,74.7,72.9,71.4,69.3,68.7,65.9,66.8,63.8,63.4,62.0,57.1,55.1,52.3,49.3,46.3,46.3,45.3,45.5,44.1,44.1,44.7,45.2,45.5,46.9,47.4,48.2,49.3,50.2,51.5,52.3,53.2,54.3,55.3,56.3,56.6
22:40:02.429,91.4,61.2,72.6,72.7,77.5,74.5,69.9,71.1,64.6,67.2,69.1,64.9,63.9,61.6,59.5,55.8,52.4,48.3,46.0,45.4,44.9,44.9,44.1,44.1,44.2,45.0,46.1,47.0,48.0,48.4,49.3,50.3,51.2,52.4,53.2,54.3,55.4,56.3,56.5
22:40:03.429,89.2,61.3,72.2,75.0,71.5,68.4,67.1,63.9,64.9,68.7,64.7,66.5,61.1,60.0,59.6,55.3,52.6,49.3,44.7,44.4,44.4,43.9,43.3,43.5,44.8,45.3,45.6,46.7,47.8,48.2,49.7,50.3,51.5,52.4,53.5,54.3,55.5,56.5,56.7
22:40:04.429,89.7,61.4,74.1,78.8,79.3,73.6,72.5,70.2,69.2,66.9,67.4,66.6,65.5,64.7,61.6,58.7,56.6,53.1,50.0,47.6,46.2,44.7,44.0,43.7,44.3,45.1,45.5,46.2,47.3,48.6,49.5,50.5,51.3,52.3,53.4,54.2,55.4,56.5,56.8
22:40:05.429,87.4,61.2,71.3,75.7,74.6,67.9,66.9,67.3,68.6,68.2,66.8,64.6,60.7,61.2,58.2,56.4,52.5,49.6,48.3,46.0,46.1,44.4,44.6,44.4,45.0,45.0,46.0,46.9,47.5,48.3,49.3,50.2,51.4,52.4,53.4,54.0,55.3,56.6,56.8
22:40:06.429,89.5,61.3,71.2,72.8,72.8,69.4,69.6,65.5,64.2,66.3,66.4,64.1,59.9,58.1,55.6,53.3,48.8,45.7,44.9,44.0,44.5,46.1,44.3,44.2,45.2,46.1,46.5,47.2,47.9,48.2,49.4,50.5,51.4,52.3,53.2,54.2,55.4,56.5,56.8
22:40:07.429,88.5,61.3,72.6,78.2,76.1,76.2,71.9,73.1,69.5,69.8,68.3,66.4,63.0,61.7,59.3,57.5,54.9,50.7,49.6,47.4,45.8,45.8,44.4,45.0,44.3,44.9,46.2,47.0,48.0,48.2,49.4,50.6,51.2,52.4,53.3,54.1,55.2,56.6,56.8
22:40:08.429,86.2,61.2,72.8,72.3,70.7,67.2,70.4,69.9,68.7,66.7,68.2,62.7,62.9,60.7,57.4,53.9,50.8,49.6,47.4,46.8,45.1,44.2,43.8,43.7,44.6,44.7,46.2,46.3,47.3,47.9,49.3,50.2,51.5,52.4,53.4,54.4,55.4,56.4,56.8
22:40:09.429,91.0,61.3,72.6,75.7,74.0,72.3,69.7,68.6,64.6,63.3,63.4,63.5,60.6,58.7,57.6,53.9,51.0,47.7,47.1,44.0,43.5,43.9,43.8,44.1,45.1,45.3,45.7,46.9,47.5,48.5,49.4,50.5,51.3,52.3,53.3,54.4,55.4,56.4,56.8
22:40:10.429,88.1,61.2,71.0,76.2,73.1,71.7,73.4,69.2,68.7,67.8,66.3,63.8,63.1,59.3,57.3,55.0,49.1,47.1,45.8,44.0,43.0,43.8,43.6,44.5,45.0,45.3,45.5,46.4,47.9,48.5,49.3,50.6,51.2,52.4,53.2,54.4,55.3,56.5,56.7
22:40:11.429,87.0,61.3,74.0,75.2,73.0,73.8,70.2,67.5,69.0,66.3,67.5,62.8,63.6,58.9,55.5,53.3,49.6,44.2,43.0,43.4,43.2,44.0,44.5,43.8,44.7,45.1,46.0,46.5,47.6,48.6,49.8,50.3,51.6,52.2,53.3,54.4,55.4,56.4,56.8
22:40:12.429,94.2,61.2,71.0,72.3,72.9,68.4,69.3,72.3,67.5,66.9,65.8,63.9,60.7,55.8,51.7,49.3,46.4,43.0,42.4,43.5,44.8,44.0,44.1,43.8,44.8,45.8,45.7,46.7,47.6,48.4,49.4,50.2,51.6,52.5,53.3,54.3,55.5,56.4,56.8
22:40:13.429,85.9,61.2,71.4,76.7,74.5,69.5,67.8,64.2,67.2,68.6,68.8,64.6,61.4,59.2,55.2,52.8,50.8,44.4,42.5,44.5,43.8,43.4,44.1,43.7,44.8,44.9,45.7,46.6,48.0,48.6,49.5,50.5,51.3,52.6,53.2,54.2,55.4,56.4,56.8
22:40:14.429,88.8,61.1,71.6,72.8,72.7,71.0,73.8,71.2,67.3,65.3,65.9,62.1,61.8,57.7,53.3,51.2,48.1,45.7,43.1,42.7,43.9,45.1,44.2,43.7,44.8,45.2,45.7,46.0,47.8,48.5,49.5,50.3,51.3,52.5,53.3,54.3,55.4,56.4,56.7
22:40:15.429,86.4,61.2,71.3,75.4,78.1,72.6,70.4,72.2,66.6,66.3,66.8,66.0,62.6,58.7,54.7,52.3,48.6,45.0,43.3,44.2,43.6,43.7,43.4,44.1,44.3,45.8,45.8,46.5,47.5,48.7,49.4,50.6,51.3,52.2,53.4,54.3,55.4,56.6,56.8
22:40:16.429,86.8,61.2,71.0,72.2,72.0,74.1,71.8,70.3,67.0,69.5,65.8,65.1,63.7,61.5,55.9,51.1,50.0,46.8,42.4,43.0,44.3,44.8,44.8,43.9,44.6,45.0,45.4,46.7,47.6,48.1,49.4,50.3,51.2,52.1,53.4,54.3,55.3,56.5,56.7
22:40:17.429,89.2,61.2,73.0,78.1,75.9,74.3,74.4,75.0,69.3,71.0,66.8,65.8,62.8,60.7,55.5,52.4,49.0,47.1,46.4,47.0,45.6,44.6,44.3,44.4,44.9,45.1,45.7,46.2,47.7,47.9,49.2,50.1,51.4,52.5,53.3,54.3,55.5,56.7,56.7
22:40:18.429,87.5,61.2,72.5,70.6,69.1,67.1,66.0,70.6,69.1,70.4,63.9,64.5,63.9,61.2,56.2,51.9,47.2,42.6,44.0,43.5,44.8,44.4,43.9,44.9,44.0,45.4,45.7,46.6,47.2,48.5,49.3,50.5,51.3,52.1,53.3,54.3,55.4,56.4,56.8
22:40:19.429,85.8,61.1,70.5,74.9,75.6,71.3,72.1,71.8,66.2,66.3,65.8,62.0,59.8,57.8,52.1,49.9,42.3,40.2,42.0,42.1,44.0,43.9,43.7,43.6,44.7,45.2,45.8,46.3,47.4,48.5,49.4,50.2,51.3,52.3,53.5,54.3,55.4,56.5,56.8
22:40:20.429,86.5,61.1,68.9,71.2,70.8,69.7,68.4,66.3,65.5,66.5,63.6,61.2,60.6,55.9,53.3,48.8,43.1,41.9,42.0,42.4,43.4,43.1,43.8,43.4,44.7,44.9,45.5,46.4,47.7,48.4,49.4,50.4,51.4,52.4,53.2,54.1,55.4,56.5,56.8
22:40:21.429,87.2,61.2,71.3,73.9,74.9,72.8,68.7,67.8,65.7,66.3,63.8,59.0,56.8,57.0,54.7,51.5,43.0,41.7,43.2,43.8,44.0,43.1,43.8,44.2,44.6,45.0,46.1,46.3,47.7,48.3,49.3,50.4,51.4,52.4,53.3,54.4,55.4,56.6,56.8
22:40:22.429,89.1,61.2,68.2,71.7,73.5,73.6,70.3,65.5,63.7,64.1,60.8,59.2,61.8,59.8,54.2,48.2,41.1,39.8,41.3,42.3,42.7,44.4,43.8,43.4,44.8,45.0,46.2,46.6,47.5,48.2,49.3,50.5,51.2,52.3,53.2,54.3,55.5,56.5,56.8
22:40:23.429,87.9,61.2,71.7,75.4,76.3,72.5,73.0,71.8,68.9,68.9,68.2,66.0,63.8,61.1,57.2,52.4,47.9,45.9,44.5,43.9,43.1,44.4,43.9,44.5,44.0,45.0,45.6,46.5,47.6,48.6,49.4,50.3,51.4,52.3,53.2,54.4,55.5,56.5,56.8
22:40:24.429,89.0,61.1,71.4,75.1,70.0,70.7,69.1,67.7,65.1,68.3,62.8,62.0,61.5,55.8,55.0,48.6,43.2,42.6,41.9,43.2,42.5,44.6,43.8,44.6,44.5,44.6,45.7,46.6,47.4,48.5,49.6,50.5,51.4,52.2,53.2,54.3,55.4,56.5,56.7
22:40:25.429,90.4,61.2,71.2,75.6,73.4,72.9,73.1,72.2,66.9,67.1,61.1,62.3,60.1,58.2,54.3,50.8,46.5,46.4,44.2,43.7,43.6,44.4,43.0,43.7,43.7,44.6,45.8,47.0,47.5,48.6,49.6,50.6,51.5,52.3,53.5,54.4,55.3,56.4,56.8
22:40:26.429,90.0,61.1,70.0,77.2,75.0,72.7,73.5,72.7,66.1,63.6,63.7,60.1,60.2,59.3,56.6,51.0,48.0,48.7,44.9,43.8,43.6,43.3,43.2,43.2,45.2,45.4,45.6,46.4,47.5,48.3,49.3,50.2,51.5,52.4,53.4,54.5,55.3,56.5,56.8
22:40:27.429,87.7,61.2,69.7,72.2,73.5,71.9,70.2,68.9,65.7,64.0,62.9,62.5,61.0,57.8,53.2,47.4,47.1,44.5,42.6,43.0,43.7,44.0,44.2,43.8,44.8,45.7,46.1,46.5,47.3,48.2,49.2,50.4,51.4,52.3,53.2,54.4,55.5,56.4,56.7
22:40:28.429,84.6,61.2,69.9,74.2,77.2,72.3,72.0,69.9,67.8,65.0,62.5,61.4,59.4,56.6,50.9,47.6,46.7,42.4,43.4,44.4,43.8,44.8,44.2,44.0,45.3,45.6,45.8,46.7,47.6,48.0,49.1,50.5,51.4,52.2,53.3,54.5,55.5,56.3,56.6
22:40:29.429,84.6,61.2,69.0,71.1,72.8,71.8,71.8,69.7,62.5,63.3,62.4,61.7,58.1,57.5,51.9,45.2,43.5,43.4,42.9,42.8,44.3,44.7,44.1,44.1,44.8,45.2,46.2,47.1,47.8,48.1,49.3,50.2,51.3,52.2,53.4,54.1,55.3,56.4,56.7
