AMBIENT,69.9,53.7,60.4,43.7,39.6,39.2,38.1,41.1,44.1,44.7,45.9,46.8,48.5,49.0,49.7,50.3,50.7,50.7,50.4,49.4,48.0,47.2,47.2,46.1,43.0,40.2,38.8,37.8,37.9,37.8,37.5,37.9,38.5,39.3,40.2,41.2,42.2,43.2,44.2
22:34:49.718,67.9,53.5,60.5,45.0,39.8,34.7,37.4,41.9,41.7,43.8,46.6,46.2,48.6,49.7,47.8,51.1,50.7,52.2,50.1,49.5,48.2,46.8,47.8,46.9,43.7,40.0,38.5,37.2,37.0,37.6,37.5,37.9,38.4,39.2,40.0,41.2,42.2,43.2,44.2
22:34:50.718,72.8,52.2,57.4,42.6,39.0,37.3,33.6,34.3,38.3,38.7,42.8,41.6,41.3,44.0,42.9,45.2,47.5,47.8,48.4,46.6,45.5,44.9,45.0,44.0,41.8,39.2,37.8,36.9,36.6,37.2,37.1,37.5,38.5,39.4,40.2,41.0,42.3,43.2,44.2
22:34:51.718,71.5,52.2,57.9,43.5,41.2,35.4,34.5,33.2,33.9,40.6,40.3,41.8,43.5,45.3,46.4,46.2,50.0,47.1,48.0,48.0,46.2,45.3,45.4,43.9,41.3,38.6,38.2,36.6,36.8,36.9,37.1,37.5,38.3,39.1,40.3,41.2,42.2,43.2,44.2
22:34:52.718,72.0,52.1,57.5,46.8,41.9,35.5,37.2,37.6,36.6,36.3,39.6,43.4,43.2,43.2,45.0,47.8,47.5,47.1,47.4,46.9,46.2,45.0,45.0,43.9,41.6,39.1,37.9,37.4,37.6,37.4,37.5,38.0,38.3,39.4,40.4,41.2,42.4,43.2,44.3
22:34:53.718,70.7,53.0,59.3,39.4,38.7,42.8,38.4,35.9,37.1,38.1,43.5,43.8,47.2,46.6,49.4,48.9,47.3,49.1,49.1,46.0,45.7,45.5,45.7,45.3,42.5,39.6,38.5,38.2,38.9,38.7,38.3,38.9,38.8,39.4,40.4,41.0,42.1,43.2,44.2
22:34:54.718,72.1,54.0,61.9,45.4,39.5,45.4,45.1,49.5,51.8,52.0,52.3,50.9,53.2,52.6,49.6,52.9,52.8,50.1,50.5,50.9,48.8,48.1,48.1,46.5,42.9,40.7,39.4,38.6,39.1,38.6,38.2,38.7,38.8,39.3,40.3,41.2,42.2,43.2,44.4
22:34:55.718,67.1,54.0,61.2,41.6,40.3,44.4,42.0,40.0,43.1,43.4,46.1,46.9,50.7,50.4,50.9,49.2,51.0,51.5,50.5,49.3,48.3,47.8,48.2,46.7,42.9,41.5,40.6,39.2,39.0,38.3,37.7,37.9,38.4,39.4,40.2,41.2,42.1,43.3,44.3
22:34:56.718,72.4,54.1,61.9,42.3,39.7,41.2,38.5,39.8,37.5,42.5,47.2,49.1,50.4,52.2,51.1,52.6,52.7,52.4,51.5,50.3,48.8,47.8,47.9,46.5,43.7,40.3,39.6,38.7,38.4,38.2,37.7,38.2,38.7,39.2,40.2,41.3,42.1,43.3,44.2
22:34:57.718,70.7,53.8,60.1,44.3,44.7,44.2,38.6,41.3,40.2,39.5,41.4,43.8,45.1,47.6,48.1,49.2,49.3,50.3,50.4,50.8,48.0,47.4,47.7,46.9,44.2,41.3,38.6,37.7,37.8,38.2,37.4,38.1,38.4,39.3,40.2,41.1,42.2,43.2,44.3
22:34:58.718,71.2,53.3,59.8,50.8,43.9,43.0,41.6,41.2,39.7,36.2,39.1,40.9,45.5,46.8,50.3,49.7,50.5,48.0,49.2,49.4,48.3,46.6,47.2,45.9,43.2,40.8,37.9,37.6,37.5,37.6,37.3,38.0,38.4,39.3,40.2,41.2,42.2,43.0,44.2
22:34:59.718,71.7,53.4,59.5,52.9,46.4,44.5,41.1,39.4,39.3,36.6,38.3,47.2,48.4,47.6,48.5,48.0,49.8,49.3,49.7,48.7,48.5,47.5,48.0,46.0,43.5,40.9,38.8,37.3,37.4,37.5,37.2,37.7,38.4,39.2,40.3,41.2,42.3,43.1,44.1
22:35:00.718,76.3,53.0,58.9,42.5,40.7,38.9,33.9,38.3,37.3,42.0,41.1,41.1,45.3,45.8,46.2,47.1,49.1,49.2,49.7,48.2,47.3,46.2,46.3,45.4,43.2,40.7,38.4,37.7,37.5,37.5,37.5,37.8,38.5,39.0,40.2,41.3,42.1,43.2,44.3
22:35:01.718,74.3,52.8,59.0,47.8,42.9,37.1,38.9,42.3,45.1,41.2,46.8,45.4,43.5,48.0,48.6,48.5,47.8,49.5,48.7,48.9,46.9,46.2,45.4,44.9,42.2,40.5,38.5,37.6,37.7,37.7,37.7,37.9,38.5,39.2,40.4,41.1,42.2,43.4,44.3
22:35:02.718,73.0,52.9,59.6,59.0,53.7,50.2,45.3,45.2,46.9,44.7,44.7,45.0,49.0,48.4,47.3,48.1,50.3,50.2,49.9,48.8,46.6,45.4,46.0,44.5,42.5,40.0,39.2,38.1,38.1,37.8,37.8,38.0,38.3,39.4,40.3,41.3,42.0,43.2,44.3
22:35:03.718,93.0,54.4,79.1,78.6,79.7,80.0,79.0,75.1,68.2,61.0,53.4,53.0,50.0,52.1,52.0,51.7,52.3,53.0,51.9,51.1,49.0,48.0,48.2,46.4,43.8,40.8,40.5,39.3,39.8,39.0,38.1,38.3,38.6,39.3,40.2,41.2,42.3,43.3,44.3
22:35:04.718,105.2,55.5,81.6,93.2,90.4,89.5,83.4,80.2,81.5,73.3,68.4,63.2,58.8,55.7,55.1,53.3,54.0,52.0,53.4,52.4,51.2,50.1,49.8,48.4,45.1,41.7,40.6,40.4,40.3,39.7,38.6,38.2,38.9,39.4,40.2,41.2,42.2,43.1,44.2
22:35:05.718,101.5,54.5,81.1,85.9,84.0,85.5,82.8,82.6,81.8,77.1,70.0,69.3,61.2,55.7,52.6,50.9,51.5,53.2,51.1,49.5,49.2,49.1,48.5,47.2,43.7,41.1,39.6,38.7,38.6,38.3,37.7,38.1,38.6,39.4,40.3,41.4,42.3,43.1,44.2
22:35:06.718,101.7,54.3,87.6,88.6,94.4,98.2,92.3,89.4,84.8,84.5,77.2,70.9,62.6,60.3,53.9,51.4,52.0,50.6,50.7,49.4,48.3,47.3,47.3,47.6,43.6,40.7,38.8,38.4,38.2,37.5,37.3,37.4,38.3,39.2,40.0,41.0,42.0,43.2,44.3
22:35:07.718,105.9,57.2,92.4,97.1,95.1,93.5,93.3,93.7,94.2,88.4,82.5,75.7,70.8,63.4,59.9,56.4,53.1,54.3,52.3,53.3,51.7,50.2,49.9,49.4,47.1,43.7,42.0,41.0,40.4,39.4,37.9,37.8,38.5,39.4,40.4,41.3,42.3,43.2,44.3
22:35:08.718,106.9,62.9,95.2,98.3,97.7,97.0,98.2,98.3,97.2,90.7,88.6,81.6,76.1,71.7,66.0,63.1,58.4,59.1,60.7,58.8,58.5,57.9,57.2,55.4,53.2,50.1,47.7,47.0,45.3,43.6,40.8,39.4,39.1,39.6,40.3,41.1,42.3,43.2,44.2
22:35:09.718,109.1,68.1,97.7,100.2,100.3,104.1,99.2,94.2,96.7,94.9,91.9,85.8,80.5,75.8,69.0,67.4,67.7,69.4,66.9,65.6,64.4,63.1,62.0,60.8,57.3,53.5,51.6,51.1,49.8,48.9,45.0,42.5,40.3,39.8,40.4,41.1,42.2,43.1,44.2
22:35:10.718,111.4,72.3,101.5,102.8,101.1,97.7,99.4,103.6,103.9,97.7,93.9,91.6,83.2,84.4,76.8,76.0,73.8,74.0,70.7,70.7,69.0,66.1,65.6,64.6,61.3,58.4,56.3,55.6,54.5,53.2,49.5,46.9,43.6,41.3,40.4,41.2,42.2,43.3,44.1
22:35:11.718,114.8,76.6,106.3,102.9,106.6,104.1,108.3,105.1,104.0,101.9,101.2,96.7,89.8,87.3,82.9,81.2,78.0,77.3,74.3,75.1,72.9,69.3,69.5,67.9,65.1,61.8,59.2,59.4,58.7,56.8,54.2,51.4,48.0,44.4,41.3,41.3,42.3,43.3,44.3
22:35:12.718,120.9,82.8,112.1,111.4,111.9,111.1,108.7,111.1,108.8,106.1,104.8,103.4,100.5,97.3,90.6,88.4,87.9,83.8,81.6,80.6,78.1,75.3,74.1,72.4,70.5,67.0,64.4,64.3,63.6,62.5,59.7,58.0,54.8,51.1,45.2,42.1,42.2,43.3,44.2
22:35:13.718,124.0,91.1,118.2,113.4,111.1,113.5,112.7,114.3,117.2,112.0,113.2,111.9,113.2,107.0,103.4,98.3,94.5,93.6,90.0,86.7,84.9,81.2,79.9,78.9,75.6,72.5,70.2,70.4,69.7,68.1,65.8,63.8,61.0,57.7,52.5,47.1,43.0,43.4,44.3
22:35:14.718,127.4,101.9,123.7,107.0,110.0,111.7,114.5,117.6,118.7,117.4,120.5,117.8,117.7,114.9,113.5,111.4,106.4,103.9,100.5,98.9,96.8,93.3,90.5,89.9,86.9,84.8,82.4,83.7,82.7,80.9,77.9,76.7,73.5,71.7,70.3,65.2,58.2,51.3,47.2
22:35:15.718,130.4,111.0,127.7,105.4,108.8,113.8,117.0,119.4,119.3,121.0,119.3,120.4,119.5,118.0,118.0,114.6,113.7,112.6,109.8,108.2,106.6,102.4,103.1,102.7,99.6,96.4,94.5,95.0,94.8,94.3,94.2,93.8,92.8,92.5,92.5,88.4,83.7,79.2,73.1
22:35:16.718,131.3,115.2,128.9,109.6,113.8,119.7,119.4,117.2,118.9,120.0,122.8,121.4,123.2,118.5,120.0,119.3,117.5,116.1,113.8,113.0,111.5,108.9,109.7,109.1,105.4,102.0,99.7,100.5,100.4,99.8,98.3,97.0,95.4,95.0,93.8,90.3,87.5,82.7,77.4
22:35:17.718,132.4,115.3,129.7,106.7,112.5,119.2,117.6,117.5,121.2,123.9,121.6,121.8,123.0,120.8,120.3,118.5,117.0,115.9,115.2,113.5,111.4,108.7,109.5,108.2,104.1,101.5,100.1,100.6,100.1,100.0,98.3,97.9,97.0,96.2,94.0,91.3,88.0,83.4,77.6
22:35:18.718,132.7,114.3,129.7,110.0,113.4,119.2,118.8,123.5,124.2,123.2,123.7,122.7,122.4,121.2,120.5,118.1,114.9,114.3,113.1,110.8,110.1,107.2,106.8,105.9,103.5,100.9,99.1,99.7,99.0,99.0,96.9,95.8,95.4,94.5,91.3,90.5,86.9,81.8,76.5
22:35:19.718,131.4,114.0,128.2,110.2,114.0,120.1,118.2,117.9,122.6,123.0,122.4,120.0,120.5,120.4,116.8,115.3,114.6,114.0,111.2,111.9,110.3,106.4,106.8,106.6,103.7,101.2,99.1,99.7,99.8,99.7,97.5,97.3,97.1,95.9,92.4,91.6,87.6,82.8,77.5
22:35:20.718,132.3,114.2,128.4,119.6,119.2,117.9,122.1,121.8,125.0,121.4,119.9,123.0,120.7,117.7,118.6,116.7,115.7,113.8,113.3,113.3,108.1,105.9,107.0,106.8,103.8,101.5,98.9,99.7,100.2,100.6,97.5,96.7,97.2,96.3,92.3,90.9,87.2,81.9,77.3
22:35:21.718,133.4,115.3,128.6,121.0,123.9,123.3,122.1,123.2,124.5,122.2,122.1,120.4,119.3,120.0,115.2,118.3,115.4,114.8,115.7,113.2,109.5,107.8,107.9,108.0,105.0,102.5,100.2,101.8,101.4,101.6,98.5,97.6,97.7,97.1,93.2,91.9,87.8,83.2,77.9
22:35:22.718,131.6,113.0,127.1,120.9,124.5,124.0,119.5,119.4,118.8,120.9,122.7,121.7,120.2,117.1,117.8,115.4,113.0,115.1,113.0,110.6,108.5,105.7,106.2,105.4,103.3,99.1,98.0,99.7,98.7,99.6,97.2,95.9,96.2,95.1,90.1,89.0,85.0,81.3,76.0
22:35:23.718,130.0,112.9,126.2,109.3,117.6,117.2,116.4,119.9,120.4,119.2,120.4,117.6,114.9,114.3,115.1,113.8,115.1,113.1,109.9,109.6,107.8,106.1,106.1,105.8,102.9,99.4,98.8,99.8,98.6,99.5,96.6,95.1,95.7,94.4,88.7,87.5,83.8,79.8,73.4
22:35:24.718,130.1,110.9,125.7,115.4,118.8,120.8,119.1,118.3,122.9,122.5,118.6,117.5,118.2,115.3,114.0,114.5,113.1,109.6,108.1,108.1,105.7,103.2,103.3,102.3,98.3,96.5,96.1,96.7,94.6,96.0,92.8,90.9,91.7,89.2,84.1,83.5,78.9,74.8,67.9
22:35:25.718,130.6,111.4,125.4,117.9,120.5,121.8,120.7,122.1,120.0,117.3,118.5,118.3,116.1,115.4,116.2,114.5,113.0,110.9,110.1,109.3,106.4,104.1,105.6,103.5,100.3,97.8,97.5,97.4,96.0,97.6,94.1,91.8,93.4,90.2,86.0,85.0,80.4,76.9,71.0
22:35:26.718,129.0,111.6,124.7,112.0,115.6,119.0,117.2,119.3,118.5,117.3,119.1,118.3,115.0,114.5,114.1,112.7,110.6,109.6,109.6,108.1,105.7,104.2,104.5,102.8,101.0,99.1,99.1,99.0,97.0,98.7,95.9,93.7,95.2,90.0,88.7,86.7,81.7,77.5,70.7
22:35:27.718,127.5,110.0,123.2,113.9,115.4,114.6,115.5,118.2,120.4,113.5,117.0,117.8,115.6,112.7,113.5,111.6,111.3,109.8,108.1,107.6,105.7,102.8,103.5,100.9,100.1,98.0,97.2,97.4,95.0,96.4,94.0,91.9,93.1,87.7,88.1,85.0,80.7,75.9,69.3
22:35:28.718,128.0,110.0,123.3,112.0,117.5,116.0,114.2,115.4,117.1,116.0,118.2,116.1,116.4,113.8,111.5,112.6,111.7,109.9,108.6,107.9,105.5,103.3,103.2,101.6,99.9,98.5,97.7,97.2,95.0,96.0,94.1,91.5,91.6,86.8,89.3,84.5,80.4,75.0,69.1
22:35:29.718,127.2,109.4,123.3,110.8,111.1,113.4,117.1,117.9,118.5,115.3,114.6,117.1,114.0,114.4,114.3,112.1,111.6,106.8,107.7,106.1,105.1,102.6,101.0,99.7,98.5,98.0,97.8,96.7,93.6,94.3,92.8,91.3,90.9,87.1,88.9,83.5,81.1,73.8,68.5
22:35:30.718,127.7,108.5,122.6,119.3,118.7,116.7,114.9,114.7,119.6,116.8,115.8,115.5,112.6,114.5,111.1,110.7,110.4,108.8,108.8,106.5,104.7,101.7,101.1,100.5,99.6,98.8,97.4,96.1,93.2,93.3,90.9,89.9,89.3,85.9,87.2,81.9,79.4,71.9,66.0
22:35:31.718,127.5,109.2,122.7,106.8,113.5,114.9,116.8,119.5,119.3,117.1,115.5,113.3,111.6,114.4,112.8,111.0,109.9,109.9,108.8,107.0,105.0,102.4,101.4,101.2,99.9,99.5,98.2,96.6,93.9,93.2,90.8,90.5,89.2,86.3,87.5,82.9,80.6,74.3,66.6
22:35:32.718,126.1,106.8,121.0,113.9,113.4,112.9,115.0,113.2,115.3,115.0,114.2,112.7,114.2,111.6,110.6,107.5,107.5,107.3,105.9,104.3,102.6,99.2,98.9,98.8,98.0,97.0,95.9,94.0,91.4,90.0,87.9,88.3,86.3,83.5,84.1,79.2,76.0,70.3,61.8
22:35:33.718,126.0,106.8,121.0,106.9,110.1,113.5,110.5,115.5,119.5,115.5,116.1,111.3,113.8,112.0,109.0,107.9,108.3,105.8,105.3,104.3,102.9,98.6,98.4,98.9,97.7,96.7,95.5,93.5,90.9,89.0,87.0,89.2,87.3,84.0,84.7,79.8,75.9,70.5,62.6
22:35:34.718,125.2,104.8,118.9,110.1,110.9,112.4,109.2,112.0,115.8,115.4,110.9,110.7,109.7,106.8,107.9,108.0,105.8,105.0,103.2,102.8,100.6,96.5,96.6,95.7,95.7,93.9,92.5,89.8,87.2,83.6,81.3,83.7,81.4,77.3,78.4,72.1,67.9,61.5,53.7
22:35:35.718,125.0,106.2,119.3,109.0,110.3,112.6,114.5,112.3,113.5,116.8,112.3,111.1,109.5,110.7,108.3,106.7,106.5,106.6,103.1,102.6,101.0,97.8,98.5,97.6,97.8,96.9,95.3,93.0,90.9,87.0,85.3,88.4,86.3,81.9,84.2,78.2,74.3,69.9,63.2
22:35:36.718,123.6,104.0,118.5,109.6,113.5,114.1,112.0,117.8,114.1,109.5,110.3,112.2,111.6,108.7,108.7,105.9,106.4,103.7,102.7,102.2,100.0,95.9,96.8,95.4,96.3,95.2,93.5,90.4,88.5,84.0,81.7,85.3,83.5,77.6,80.4,74.2,70.3,65.4,58.6
22:35:37.718,123.3,103.1,118.1,112.2,111.0,107.1,109.8,111.4,114.8,112.4,110.4,112.3,110.0,106.6,106.0,107.0,102.2,101.6,101.6,101.1,97.1,93.3,94.9,94.1,94.7,93.4,92.0,89.0,87.3,82.7,79.9,83.1,81.0,74.9,76.8,71.4,67.7,62.6,55.9
22:35:38.718,123.0,103.1,117.6,112.4,114.7,113.1,113.9,114.6,114.2,112.1,112.3,110.3,108.8,106.3,105.3,105.5,105.1,102.8,101.5,100.0,97.1,93.9,95.6,94.6,94.8,93.0,92.0,88.7,87.0,81.8,78.9,81.5,79.6,73.6,75.0,70.0,65.9,61.2,55.3
22:35:39.718,121.2,101.5,116.2,105.8,105.8,109.8,110.9,107.7,107.2,111.3,108.9,108.8,108.5,108.0,106.1,104.2,103.8,102.2,101.2,99.7,97.4,93.1,94.5,93.0,92.6,91.2,89.2,86.5,85.2,80.0,77.9,80.3,78.1,72.3,72.3,67.3,62.3,56.8,50.9
22:35:40.718,121.7,102.9,116.7,105.5,108.5,110.4,108.4,112.5,112.2,112.9,112.7,110.5,107.5,107.3,106.1,105.3,104.8,102.7,101.9,100.7,98.5,94.6,96.2,95.7,96.1,94.5,93.5,90.6,89.4,83.7,82.1,84.1,81.6,77.6,77.4,73.6,69.5,64.6,59.3
22:35:41.718,122.1,101.6,116.6,111.3,107.4,111.4,113.1,113.3,112.1,108.9,108.6,108.6,107.9,108.6,106.1,105.1,103.8,102.1,100.3,99.5,95.4,91.8,93.7,93.0,93.6,92.2,90.6,87.8,86.6,80.1,78.3,79.3,76.4,73.1,72.1,67.3,62.9,56.4,50.4
22:35:42.718,120.6,99.2,114.4,101.5,106.5,109.9,114.5,109.3,107.8,109.7,107.9,108.1,106.9,104.4,104.2,102.7,102.5,100.3,98.8,97.9,95.2,91.6,93.0,92.8,92.3,90.2,88.5,85.6,84.9,78.8,77.3,77.1,74.0,70.8,69.9,64.7,60.6,54.7,50.7
22:35:43.718,121.7,98.4,114.7,104.1,105.6,113.5,113.3,113.9,111.9,106.9,108.4,107.2,105.8,106.6,105.9,102.2,99.8,99.4,98.2,97.3,93.6,89.4,90.7,89.4,89.6,86.5,84.9,81.1,79.2,72.6,71.1,69.9,66.2,64.2,62.1,55.7,50.7,45.7,44.7
22:35:44.718,118.9,96.8,113.3,100.1,108.1,109.4,110.0,109.3,108.4,104.1,109.3,104.9,103.2,102.7,103.8,102.4,100.4,97.6,96.6,93.8,91.5,88.1,88.9,88.6,88.2,85.0,84.3,81.2,80.5,72.8,71.4,69.6,64.8,62.6,60.4,53.7,48.6,44.9,44.3
22:35:45.718,118.9,97.4,113.3,99.6,103.2,102.0,102.7,113.2,108.2,104.1,106.9,105.9,104.5,103.7,101.8,99.7,100.2,98.2,96.8,92.9,91.6,88.3,89.4,88.6,89.4,87.3,85.9,81.7,79.8,72.4,71.2,69.4,64.7,61.6,57.0,49.1,44.3,43.6,44.3
22:35:46.718,118.4,98.5,113.4,107.0,106.8,108.8,105.1,107.3,105.4,109.4,108.4,106.7,105.3,103.5,101.4,101.0,100.6,98.6,97.3,95.8,92.5,89.4,90.5,90.5,90.8,88.5,87.5,84.0,83.3,76.8,76.2,73.5,68.0,65.7,63.8,57.2,52.0,47.8,45.0
22:35:47.718,117.3,98.0,112.6,103.2,104.2,104.9,108.4,110.7,107.9,108.3,105.6,106.6,105.1,104.2,101.4,101.0,98.9,98.8,97.8,96.1,92.7,89.9,91.6,89.8,90.3,88.2,87.7,84.5,83.6,77.3,76.2,73.6,68.1,66.1,64.5,58.4,53.8,50.5,46.1
22:35:48.718,116.6,95.1,111.8,99.7,100.1,103.8,106.3,105.6,107.8,106.9,101.9,106.5,106.5,101.2,101.7,98.2,97.9,96.3,96.2,93.3,90.5,86.5,87.9,86.7,87.0,84.2,83.6,80.1,78.7,72.8,71.7,68.7,62.5,58.1,54.7,47.8,43.4,43.4,44.2
22:35:49.718,116.4,95.6,110.5,100.0,101.7,106.7,108.3,106.2,103.9,103.2,105.9,102.2,103.8,100.6,98.0,98.3,96.4,95.5,95.7,94.1,91.0,87.5,88.6,87.2,87.8,85.5,84.3,80.2,78.9,72.3,71.1,69.6,63.9,59.4,57.4,51.1,45.1,43.5,44.1
22:35:50.718,116.2,94.0,110.4,105.9,105.1,102.8,106.8,106.1,107.2,107.3,101.4,104.4,101.3,102.1,100.5,99.4,98.6,97.1,95.8,92.3,89.3,87.1,87.1,84.4,84.3,83.4,82.7,79.1,78.9,73.3,72.6,70.4,64.1,57.7,55.2,48.8,43.8,43.2,44.2
22:35:51.718,115.9,93.8,109.9,101.5,101.2,104.7,108.7,109.0,107.2,101.3,101.8,103.1,101.3,97.3,100.4,99.1,97.2,95.3,92.7,91.3,87.9,84.4,85.7,84.6,85.3,83.5,82.7,78.7,78.6,72.3,70.7,68.7,62.3,54.9,52.0,46.4,43.2,43.4,44.3
22:35:52.718,117.1,92.2,109.7,107.4,105.8,108.2,109.5,102.9,103.2,102.5,102.2,104.1,104.2,99.5,99.0,95.3,95.0,93.9,93.2,90.8,85.6,84.2,86.9,84.1,82.8,79.8,78.6,73.9,72.2,66.1,62.6,58.6,51.8,42.5,41.0,41.1,42.3,43.2,44.2
22:35:53.718,114.3,91.9,108.8,97.1,104.1,104.0,105.0,104.9,105.8,104.6,103.8,103.1,101.0,98.8,96.6,96.1,94.8,93.0,91.9,90.5,85.9,83.3,83.7,83.0,83.0,80.2,80.1,75.4,73.7,67.5,64.5,60.6,54.0,45.5,42.6,41.4,42.3,43.2,44.2
22:35:54.718,114.0,91.1,108.0,97.2,102.0,104.3,104.1,101.7,106.0,105.3,99.5,99.9,98.7,99.8,97.0,93.9,93.6,92.0,90.6,89.0,85.9,83.3,84.1,81.8,81.6,79.4,78.8,75.2,75.0,69.2,66.9,65.3,59.7,49.8,45.6,42.3,42.3,43.3,44.3
22:35:55.718,114.1,90.4,107.7,98.6,102.5,102.9,105.3,108.5,103.3,102.3,101.2,100.9,99.4,98.1,97.2,95.5,94.9,92.8,90.0,87.6,84.7,81.5,83.2,81.0,81.8,80.5,80.7,77.0,76.8,72.0,70.2,69.1,63.6,52.9,50.1,45.9,43.1,43.2,44.2
22:35:56.718,112.4,87.8,106.3,101.2,101.5,102.2,105.4,97.9,101.4,98.9,101.8,102.2,96.5,96.1,95.4,93.2,92.8,90.7,88.1,85.9,83.3,79.4,81.0,78.2,77.7,73.1,70.2,64.6,63.4,57.5,52.6,52.5,44.9,39.8,40.3,41.2,42.2,43.2,44.2
22:35:57.718,113.7,90.1,106.6,99.8,107.3,107.3,103.5,104.6,100.6,99.3,97.8,100.2,95.7,97.2,98.3,95.7,92.9,91.5,90.8,88.4,85.7,81.9,82.8,81.4,81.2,78.3,77.6,73.2,73.2,68.2,66.0,64.7,60.0,48.5,45.4,42.6,42.4,43.2,44.4
22:35:58.718,113.4,88.2,105.7,96.2,103.0,102.5,101.6,99.8,100.4,101.3,97.8,98.8,97.7,94.6,96.2,92.9,92.2,91.2,88.4,85.9,82.8,78.9,79.6,77.6,75.9,72.3,69.4,63.0,60.7,53.6,51.6,49.8,43.8,39.6,40.2,41.4,42.3,43.3,44.1
22:35:59.718,111.2,89.7,105.5,97.3,100.9,102.9,100.4,99.3,99.9,103.5,100.4,98.2,94.4,92.8,94.5,94.7,92.9,90.4,90.2,87.5,86.0,82.5,84.8,82.7,82.6,80.3,79.8,75.8,75.9,70.9,67.2,65.2,59.7,46.3,42.8,41.4,42.3,43.2,44.2
22:36:00.718,111.4,85.6,104.4,102.2,101.5,99.5,101.4,100.9,99.3,99.7,98.4,94.8,95.8,94.8,91.2,92.4,91.7,89.3,88.2,85.2,82.6,76.7,77.4,75.6,74.5,72.3,69.1,63.1,57.6,49.9,46.3,43.9,39.9,39.3,40.4,41.1,42.2,43.1,44.3
22:36:01.718,110.3,82.0,103.1,94.6,96.0,98.4,105.6,104.2,101.6,97.8,95.3,94.6,91.1,95.0,92.8,89.7,87.5,84.3,83.8,81.7,79.7,74.9,74.4,70.4,67.1,61.5,58.0,53.9,49.7,44.5,39.3,38.0,38.6,39.2,40.2,41.3,42.2,43.1,44.3
22:36:02.718,109.8,82.4,102.9,97.3,98.7,100.5,101.1,102.3,94.7,98.9,95.8,95.1,97.0,94.9,91.4,89.7,88.0,87.1,84.7,81.7,76.9,72.2,73.3,72.5,72.1,68.0,66.6,61.6,58.7,52.3,46.9,44.2,40.1,39.2,40.4,41.3,42.3,43.3,44.3
22:36:03.718,109.5,80.7,101.7,93.1,92.7,96.5,98.5,101.4,98.6,95.1,95.2,92.4,92.0,91.3,91.0,87.2,85.7,83.3,83.2,81.2,76.3,72.6,72.4,70.2,68.7,64.2,59.5,52.2,46.0,40.5,37.9,38.0,38.1,39.2,40.3,41.3,42.3,43.2,44.3
22:36:04.718,108.7,80.5,101.0,95.4,95.6,97.4,97.2,96.3,96.5,93.6,97.1,93.5,93.3,90.9,87.1,88.3,86.7,84.2,81.1,78.0,74.7,72.1,74.1,71.3,68.6,63.9,61.5,54.8,49.8,43.7,39.4,38.3,38.7,39.3,40.2,41.2,42.3,43.1,44.2
22:36:05.718,108.0,77.9,100.1,95.6,99.9,103.1,96.2,99.6,94.7,97.3,93.9,94.2,91.8,87.9,90.2,87.2,84.6,83.8,81.2,77.8,74.2,68.9,69.3,64.7,61.2,57.3,52.6,45.2,40.8,38.7,38.1,38.5,38.6,39.3,40.2,41.1,42.1,43.1,44.2
22:36:06.718,107.4,78.3,100.6,91.5,91.7,91.6,92.0,93.7,98.8,96.5,95.4,88.5,89.9,90.1,90.4,87.1,85.2,82.1,80.1,78.0,72.4,68.8,69.5,66.9,63.0,55.9,47.7,40.8,39.4,38.9,38.1,38.4,38.9,39.4,40.1,41.1,42.0,43.2,44.3
22:36:07.718,109.5,79.0,100.9,94.8,96.8,100.5,98.6,95.7,98.4,94.1,95.5,90.7,92.0,89.3,89.1,85.7,85.2,81.0,78.9,78.2,75.0,72.3,72.1,69.1,65.2,61.7,56.6,48.5,42.6,38.9,38.2,38.0,38.6,39.5,40.4,41.0,42.2,43.2,44.3
22:36:08.718,107.8,79.7,100.1,91.7,93.9,98.8,101.9,99.1,92.4,91.8,93.7,94.6,91.2,89.0,89.5,87.7,85.4,82.8,81.3,78.7,75.0,72.5,74.6,72.2,69.8,67.0,64.1,56.4,49.6,42.4,38.4,38.4,38.4,39.2,40.3,41.1,42.1,43.2,44.3
22:36:09.718,108.5,79.0,100.4,94.7,93.8,97.6,101.5,98.2,97.1,96.3,92.6,92.6,90.3,90.5,89.1,85.9,84.2,82.5,79.5,77.3,74.6,71.7,70.8,68.3,65.0,59.5,55.1,47.4,40.0,37.8,37.0,37.5,38.4,39.3,40.0,41.2,42.2,43.3,44.3
22:36:10.718,106.9,78.1,99.5,93.3,96.0,99.3,94.9,95.4,94.6,96.4,94.2,93.2,91.8,90.4,89.2,87.5,84.2,83.9,80.8,77.9,74.0,70.0,70.7,68.8,67.9,64.5,62.3,54.9,48.2,42.9,40.0,39.0,38.6,39.2,40.3,41.2,42.2,43.2,44.2
22:36:11.718,107.0,78.3,100.1,91.9,92.2,95.8,99.4,101.1,95.0,93.4,94.1,94.0,94.3,91.4,89.2,85.6,85.1,83.5,80.2,78.0,74.4,69.9,70.5,65.7,63.1,59.1,54.4,47.1,42.5,38.9,37.9,38.1,38.6,39.1,40.3,41.4,42.2,43.0,44.2
22:36:12.718,106.8,76.2,98.8,93.6,90.3,96.3,98.3,96.5,93.2,92.4,92.0,91.9,91.2,86.9,86.8,86.2,84.0,79.6,76.8,74.2,71.3,69.5,68.7,65.3,61.3,55.2,48.2,40.6,38.5,37.7,37.3,37.6,38.4,39.2,40.3,41.1,42.1,43.2,44.4
22:36:13.718,107.3,75.7,99.0,94.1,95.7,94.1,91.1,96.0,95.7,94.1,92.8,88.8,89.8,90.7,86.0,84.5,82.3,80.4,79.3,75.0,70.9,65.3,64.6,62.2,59.8,54.2,45.6,39.6,38.3,37.6,37.4,37.6,38.3,39.3,40.2,41.2,42.2,43.2,44.1
22:36:14.718,106.7,75.5,97.8,95.4,98.4,95.7,99.0,98.4,91.8,94.3,92.7,89.3,89.4,85.5,85.6,83.7,80.8,80.2,78.2,75.0,69.9,66.1,66.2,62.2,58.3,51.6,46.8,39.7,38.4,37.8,37.4,37.8,38.6,39.2,40.2,41.3,42.2,43.3,44.4
22:36:15.718,106.0,75.1,97.5,96.8,97.1,94.8,92.7,97.7,92.8,90.7,90.0,90.3,89.0,87.9,87.4,83.5,80.8,80.1,78.1,74.0,70.5,65.5,64.7,60.0,55.7,48.4,43.4,39.2,38.0,37.8,37.2,37.7,38.2,39.2,40.2,41.1,42.2,43.2,44.2
22:36:16.718,106.3,74.0,97.2,95.5,98.3,98.1,94.6,93.4,93.6,92.7,91.3,92.2,91.2,87.9,84.9,83.5,81.6,78.0,76.6,73.7,68.8,65.8,65.0,62.1,60.5,54.1,46.1,40.0,38.8,38.9,37.7,38.1,38.6,39.1,40.3,41.2,42.1,43.2,44.1
22:36:17.718,105.5,73.5,96.6,96.2,93.8,90.8,92.6,94.1,95.1,92.0,90.6,88.6,88.5,85.1,82.5,79.7,79.8,77.1,74.2,70.7,68.2,65.3,65.8,62.8,59.4,54.6,48.7,41.8,40.1,39.1,38.6,38.8,38.8,39.3,40.2,41.1,42.0,43.2,44.3
22:36:18.718,106.5,73.6,96.7,92.0,91.1,91.8,95.6,93.7,91.4,91.8,90.7,90.1,86.1,86.1,85.4,81.7,80.0,78.9,76.0,72.5,69.5,65.6,65.6,61.6,56.5,51.2,45.4,40.5,40.2,39.2,38.4,38.6,39.0,39.4,40.2,41.2,42.2,43.1,44.2
22:36:19.718,106.0,73.7,96.5,97.9,96.0,97.2,96.7,93.2,91.8,87.6,89.5,89.3,89.9,86.4,84.9,81.8,80.0,77.3,76.1,74.0,70.3,64.3,65.0,62.7,61.2,55.9,48.8,42.2,39.5,38.7,38.0,38.1,38.4,39.4,40.2,41.1,42.0,43.2,44.2
22:36:20.718,105.2,72.9,96.8,94.4,98.9,99.6,91.8,90.7,96.3,91.7,93.6,91.2,88.6,89.4,85.4,80.8,78.8,78.5,75.4,71.8,67.4,63.7,63.9,58.6,55.4,52.0,45.1,39.3,38.0,37.8,37.5,37.6,38.2,39.3,40.1,41.0,42.2,43.3,44.2
22:36:21.718,103.9,72.0,96.1,89.9,91.4,92.7,91.5,93.1,91.3,92.6,90.7,90.6,86.4,85.6,83.6,81.0,79.0,75.6,72.8,70.8,66.6,63.0,60.3,57.4,51.8,44.6,40.6,38.2,37.9,37.6,37.7,37.7,38.2,39.2,40.2,41.2,42.2,43.2,44.2
22:36:22.718,104.9,72.1,95.9,90.9,97.4,97.2,94.6,92.0,91.8,93.1,90.1,89.6,86.5,82.8,83.1,81.6,77.0,77.5,75.8,71.1,65.8,63.0,63.1,58.5,56.5,51.2,46.9,40.6,38.1,38.4,37.6,38.0,38.3,39.2,40.3,41.1,42.3,43.2,44.3
22:36:23.718,103.4,72.4,95.7,89.6,92.1,92.2,93.5,92.0,90.4,91.9,89.1,87.9,83.5,85.5,82.2,80.5,78.3,75.8,75.4,71.9,69.1,63.8,61.6,57.8,53.1,47.8,41.2,37.6,37.5,37.6,37.2,37.7,38.3,38.9,40.1,41.1,42.3,43.0,44.1
22:36:24.718,104.6,71.2,94.6,95.6,97.1,95.0,95.3,89.9,92.2,90.2,88.2,87.1,87.2,85.3,82.7,83.0,80.6,77.3,73.9,69.3,67.2,61.1,60.7,58.0,54.2,50.0,43.3,39.2,38.1,38.9,37.6,38.3,38.7,39.0,40.0,41.3,42.1,43.1,44.3
22:36:25.718,104.0,70.7,94.6,90.6,90.3,88.8,90.2,91.8,90.9,93.4,90.3,86.6,84.1,85.8,82.2,79.3,78.7,75.6,72.3,67.3,63.9,60.8,59.6,54.0,52.8,47.2,42.0,38.5,37.1,37.9,37.5,37.9,38.6,39.1,40.3,41.2,42.3,43.1,44.2
22:36:26.718,101.8,70.2,93.9,88.7,89.8,89.9,91.7,89.2,86.7,87.9,90.9,88.4,87.6,85.6,82.0,79.4,76.2,74.4,73.9,70.4,65.7,61.0,59.9,57.1,51.7,44.6,40.9,39.0,37.8,37.9,37.5,37.8,38.4,39.1,40.2,41.2,42.2,43.2,44.2
22:36:27.718,104.4,70.6,94.0,88.7,94.8,94.0,92.0,92.5,89.9,89.3,86.7,84.1,87.3,82.5,80.8,79.1,75.6,73.6,71.6,68.0,65.2,60.9,62.2,56.0,52.2,46.5,41.1,38.5,38.1,37.5,37.3,37.5,38.7,39.2,40.2,41.1,42.3,43.2,44.2
22:36:28.718,103.1,69.6,93.9,92.1,93.4,94.4,94.8,96.4,89.7,91.2,86.6,87.3,86.6,84.0,82.7,78.1,76.3,75.5,71.1,68.2,64.2,61.6,60.5,55.9,53.3,47.5,41.1,38.4,37.9,37.8,37.4,37.6,38.4,39.4,40.4,41.2,42.2,43.4,44.3
22:36:29.718,103.6,69.3,94.7,93.0,98.5,96.5,91.0,89.6,95.0,93.3,92.1,85.4,83.3,85.3,80.1,78.2,75.3,74.1,71.3,69.0,63.4,59.7,59.1,54.5,51.1,48.1,43.1,39.9,39.2,39.1,38.0,38.5,38.8,39.2,40.3,41.2,42.2,43.3,44.2
22:36:30.718,103.2,68.9,93.9,96.5,94.6,91.3,96.4,93.7,93.4,89.3,87.3,85.0,85.8,82.7,81.0,78.1,75.4,72.3,70.6,68.8,64.5,61.0,60.4,56.7,53.9,46.5,42.4,40.5,39.6,38.6,38.2,38.4,38.8,39.5,40.3,41.1,42.1,43.3,44.3
22:36:31.718,102.1,68.8,92.9,94.6,92.7,93.3,91.3,91.4,87.9,85.2,88.1,86.8,82.0,84.6,80.2,77.6,75.5,73.6,70.3,66.3,62.7,59.2,58.7,57.6,53.8,47.8,41.4,39.2,38.8,38.1,37.5,38.1,38.5,39.3,40.3,41.1,42.1,43.1,44.4
22:36:32.718,103.2,69.7,93.4,93.9,96.6,93.1,92.0,91.6,90.4,88.1,87.4,88.2,87.7,80.5,80.8,76.9,75.5,74.8,72.7,69.1,66.0,63.0,61.9,55.4,49.9,43.9,39.8,38.6,38.4,38.3,37.6,38.0,38.5,39.2,40.2,41.2,42.3,43.4,44.2
22:36:33.718,101.9,70.2,92.9,87.8,86.8,87.9,90.8,92.1,88.9,86.5,87.8,85.6,83.9,82.9,82.5,78.8,77.2,74.3,71.9,70.1,66.1,63.0,61.0,56.9,53.6,50.9,44.9,39.9,38.4,38.2,38.0,39.4,39.0,39.4,40.0,41.3,42.2,43.3,44.4
22:36:34.718,101.8,69.0,91.5,91.2,89.3,90.3,89.1,88.8,84.1,85.3,83.6,83.7,82.7,84.1,79.4,77.9,76.4,74.3,70.9,66.7,64.2,61.1,60.1,55.4,51.4,47.1,41.7,38.1,38.2,38.2,38.5,38.1,38.7,39.5,40.3,41.4,42.1,43.3,44.2
22:36:35.718,103.4,69.0,92.8,87.9,85.3,88.8,93.1,93.3,92.3,87.3,85.7,86.1,85.0,82.0,80.6,78.3,76.9,73.9,70.5,68.4,64.3,60.9,58.4,55.4,53.1,46.6,40.9,37.9,38.1,38.8,37.3,37.7,38.3,39.2,40.2,41.1,42.1,43.1,44.2
22:36:36.718,102.2,68.8,93.3,93.4,95.5,91.1,90.2,90.0,92.0,90.9,85.2,85.4,84.4,84.0,81.3,78.6,75.6,71.5,71.2,68.5,64.1,62.0,61.6,57.7,52.2,46.3,41.8,38.3,37.1,37.3,38.1,37.9,38.4,39.4,40.4,41.2,42.1,43.1,44.2
22:36:37.718,100.9,67.5,92.0,89.0,86.6,88.1,90.3,91.3,89.7,87.6,86.3,85.3,82.9,82.5,80.9,76.3,72.4,71.9,71.2,66.6,62.1,58.3,58.4,54.9,51.5,44.7,38.6,37.0,37.4,37.5,37.8,37.7,38.3,39.0,40.1,41.2,42.2,43.1,44.1
22:36:38.718,101.3,67.2,92.5,90.7,95.5,93.8,86.5,90.9,87.0,89.2,89.4,84.7,82.1,82.6,80.8,76.1,73.4,72.8,68.2,63.2,60.8,59.0,57.8,53.0,49.2,44.3,39.8,36.7,36.8,39.2,37.4,38.0,38.4,39.4,40.3,40.9,42.1,43.2,44.3
22:36:39.718,105.0,69.3,94.1,94.9,93.9,88.4,87.9,90.4,91.1,87.5,89.0,85.7,86.1,83.1,80.3,78.0,76.2,71.7,70.2,67.0,60.6,59.9,60.5,56.1,53.7,49.5,45.1,39.3,37.4,37.5,37.9,38.1,38.5,39.2,40.1,41.3,42.3,43.2,44.2
22:36:40.718,102.8,69.3,92.8,93.2,95.9,89.8,94.5,92.2,91.0,88.3,88.6,84.0,84.9,81.3,80.3,77.1,77.0,75.2,70.5,69.2,65.2,62.0,61.0,57.3,52.1,45.7,41.6,38.5,37.5,37.9,37.9,37.8,38.5,39.3,40.0,41.4,42.3,43.2,44.2
22:36:41.718,100.7,69.4,92.0,85.0,85.3,86.7,88.6,88.0,88.0,87.5,85.3,85.6,83.7,83.1,81.0,77.7,76.3,74.0,73.9,69.7,65.7,62.2,60.0,54.6,49.2,43.6,39.1,38.3,37.9,37.8,37.5,38.2,38.4,39.2,40.1,41.2,42.1,43.1,44.4
22:36:42.718,100.1,68.2,91.3,90.0,91.8,92.9,89.4,90.0,86.7,83.3,83.6,85.7,82.9,80.9,79.1,76.9,74.6,71.9,70.5,67.3,63.6,60.5,59.9,56.2,52.0,44.9,39.9,37.5,37.8,38.4,38.3,37.9,38.6,39.2,40.1,41.1,42.1,43.2,44.3
22:36:43.718,101.8,67.8,92.0,95.0,93.2,92.6,92.0,90.0,90.9,87.8,83.6,84.8,84.0,81.9,80.5,76.4,75.5,72.0,70.4,67.6,64.9,60.6,58.1,56.1,52.9,47.0,41.8,37.9,37.0,38.0,37.4,37.7,38.3,39.2,40.1,41.2,42.2,43.2,44.3
22:36:44.718,103.0,67.7,92.4,87.5,93.4,94.0,94.8,93.4,89.5,87.2,84.3,87.2,83.2,80.1,80.3,77.2,76.1,70.9,69.9,65.3,60.9,60.7,59.5,54.7,50.1,45.4,39.1,37.2,37.7,37.6,37.0,37.3,38.5,39.4,40.1,41.1,42.2,43.1,44.3
22:36:45.718,101.4,67.1,91.8,87.7,93.0,92.2,86.6,86.0,90.8,87.4,86.3,85.4,83.8,81.4,80.1,77.6,73.1,72.0,68.7,65.6,60.8,57.9,56.7,52.0,46.4,42.4,38.6,36.2,36.8,37.7,37.2,37.5,38.2,39.1,40.1,41.2,42.3,43.2,44.3
22:36:46.718,106.1,68.7,92.6,93.5,95.8,95.4,92.5,90.6,89.3,88.3,88.0,88.6,85.4,83.4,80.5,79.9,77.8,74.7,72.2,68.0,63.8,61.0,59.0,55.7,51.8,48.7,40.9,37.0,37.2,39.1,37.8,37.5,38.1,39.0,40.1,41.3,42.2,43.2,44.3
22:36:47.718,102.6,68.1,91.4,86.9,90.2,89.1,92.4,91.6,83.9,80.3,85.9,84.5,82.0,81.4,78.2,77.2,75.1,73.5,69.5,66.9,62.4,58.2,57.8,53.9,47.4,42.9,39.1,37.3,37.9,37.9,37.5,37.8,38.5,39.3,40.2,41.1,42.2,43.3,44.2
22:36:48.718,101.7,67.5,91.4,92.9,91.3,91.2,92.9,92.0,85.4,86.7,84.7,83.8,82.4,80.6,80.4,78.3,75.8,72.0,69.4,65.3,61.8,58.5,58.0,54.8,50.8,45.1,40.8,37.8,37.8,38.1,37.9,38.1,38.3,39.3,40.1,41.2,42.1,43.2,44.2
22:36:49.718,100.9,67.3,90.9,88.5,88.9,88.4,88.8,90.5,88.8,85.6,83.9,82.1,82.5,80.1,79.2,77.1,74.1,72.8,69.0,65.8,59.0,56.0,54.7,52.0,47.2,43.2,38.6,36.8,37.1,37.8,37.4,37.7,38.6,39.4,40.3,41.2,42.2,43.3,44.3
22:36:50.718,100.8,66.4,88.5,87.6,87.5,85.7,84.9,87.4,81.5,81.6,75.5,78.8,80.0,79.6,77.6,76.1,73.8,71.7,68.9,64.4,60.0,55.9,55.1,49.4,43.6,39.9,38.2,37.0,37.6,38.0,37.8,38.0,38.4,39.2,40.1,41.1,42.2,43.3,44.3
22:36:51.718,99.3,65.5,89.0,86.9,89.3,86.1,86.7,84.4,82.4,79.2,80.1,82.9,81.6,80.8,78.2,75.8,74.2,69.3,66.2,64.0,59.6,56.6,54.4,49.7,45.9,40.7,38.6,37.9,37.6,37.6,37.7,37.9,38.7,39.2,40.2,41.2,42.2,43.2,44.3
22:36:52.718,100.2,64.9,88.8,88.6,88.9,91.7,91.7,84.9,83.6,85.5,84.1,80.4,81.6,80.8,77.3,77.0,71.1,70.6,66.9,64.6,60.9,57.6,55.0,50.2,46.2,42.6,39.4,38.9,39.1,38.6,37.8,38.1,38.5,39.3,40.2,41.1,42.3,43.2,44.3
22:36:53.718,101.6,65.8,89.1,95.2,93.6,88.2,88.0,85.5,86.9,82.6,82.5,82.2,82.7,75.9,79.1,75.3,72.6,71.7,68.0,63.2,59.7,57.2,57.6,54.1,48.2,42.8,40.6,40.0,40.4,39.3,38.3,38.2,38.7,39.5,40.1,41.3,42.1,43.1,44.3
22:36:54.718,101.2,65.0,88.4,84.6,90.3,88.7,86.1,84.7,85.6,86.0,80.9,83.0,79.5,77.6,77.4,72.5,71.9,68.7,67.2,63.4,58.2,55.4,53.3,49.6,46.5,42.7,40.3,39.5,39.2,38.4,37.7,38.0,38.6,39.5,40.2,41.3,42.0,43.2,44.4
22:36:55.718,101.7,63.3,87.8,86.5,81.8,87.9,90.1,87.1,81.7,82.6,80.8,81.1,79.8,78.4,75.1,71.7,70.8,67.6,66.3,61.8,58.9,53.8,50.8,47.7,45.4,41.3,39.8,38.6,38.9,38.6,38.3,38.4,38.5,39.1,40.2,41.1,42.3,43.3,44.2
22:36:56.718,99.1,64.1,88.6,84.7,88.1,88.9,86.1,86.8,82.1,79.8,81.3,79.8,82.2,80.0,75.8,72.7,71.1,68.1,66.0,62.0,58.5,54.7,52.3,49.5,46.3,42.4,39.8,38.7,38.1,38.6,37.7,37.8,38.5,39.3,40.3,41.1,42.1,43.2,44.2
22:36:57.718,98.1,62.3,87.0,84.2,87.5,86.6,86.5,84.4,81.5,83.4,80.1,81.1,77.6,77.9,76.0,70.4,69.3,68.2,63.8,59.7,56.2,53.2,51.5,49.2,45.3,41.9,40.2,38.9,38.7,39.2,38.2,38.4,38.7,39.2,40.2,41.3,42.2,43.5,44.3
22:36:58.718,98.8,62.5,87.1,89.3,89.7,89.0,86.5,84.4,83.3,84.4,81.9,81.0,79.8,75.6,74.9,73.1,68.3,65.3,65.3,61.6,57.2,55.0,54.1,50.3,47.1,43.6,41.0,39.8,39.7,39.4,38.2,38.4,38.8,39.5,40.3,41.2,42.4,43.3,44.3
22:36:59.718,97.6,63.2,87.9,84.9,83.8,86.4,86.1,84.4,81.8,80.7,82.8,82.0,78.5,78.7,75.7,71.1,69.9,66.1,61.9,59.4,55.8,53.2,52.9,50.4,46.7,42.5,40.7,39.4,39.6,39.3,38.1,38.8,38.8,39.3,40.2,41.1,42.1,43.1,44.2
22:37:00.718,99.9,62.8,86.9,87.2,86.1,86.6,87.8,85.9,85.7,82.4,81.3,75.9,78.0,76.0,74.8,73.4,71.5,67.8,64.0,61.0,55.7,53.7,51.7,49.1,45.1,42.3,40.5,39.6,39.2,38.5,37.7,38.5,38.6,39.5,40.0,41.3,42.2,43.2,44.2
22:37:01.718,99.4,63.2,87.3,90.8,89.4,88.0,90.0,84.7,81.0,81.2,80.3,81.5,79.6,78.8,76.6,73.1,70.7,69.9,64.3,61.1,57.2,54.6,52.8,49.8,45.7,41.9,39.5,38.7,38.5,37.9,37.4,37.8,38.2,39.3,40.3,41.0,42.2,43.3,44.2
22:37:02.718,100.3,63.7,88.6,89.6,89.1,91.1,86.7,81.2,82.0,82.6,84.5,81.8,80.2,78.8,75.2,74.2,70.3,67.8,63.6,60.5,55.4,54.3,52.2,49.1,45.7,41.8,39.4,37.6,37.9,37.9,37.1,37.6,38.4,39.3,40.2,41.1,42.3,43.2,44.3
22:37:03.718,99.2,62.1,87.3,87.6,84.8,90.6,87.8,86.8,81.9,80.5,81.4,82.5,80.3,78.1,76.6,70.8,69.4,67.5,64.2,61.5,55.1,51.9,48.9,46.6,43.4,39.7,38.6,37.1,37.2,37.2,37.1,37.7,38.2,39.1,40.0,41.2,42.3,43.2,44.3
22:37:04.718,99.3,61.6,87.7,84.4,85.9,89.2,86.3,82.7,83.1,83.9,82.5,81.2,77.6,74.2,75.0,71.6,69.1,65.1,62.0,59.2,54.5,49.6,47.0,45.1,42.7,39.4,39.0,38.0,37.7,37.4,37.7,38.3,38.4,39.3,40.2,41.3,42.4,43.2,44.1
22:37:05.718,100.3,61.1,86.0,87.5,88.2,82.6,80.1,83.4,83.5,81.4,81.3,76.3,77.6,75.5,72.3,68.9,67.1,64.2,63.4,59.8,56.6,52.1,50.9,46.8,43.5,40.6,39.0,38.4,38.7,38.7,38.2,37.9,38.6,39.4,40.4,41.3,42.3,43.1,44.2
22:37:06.718,97.9,62.7,86.9,86.6,87.6,89.7,89.6,86.0,82.5,81.9,80.0,79.7,75.9,77.2,74.8,72.5,68.7,66.5,63.9,59.9,57.1,55.1,53.0,48.8,45.7,42.7,39.2,38.6,38.9,38.5,38.1,37.9,38.7,39.5,40.4,40.9,42.1,43.1,44.1
22:37:07.718,97.3,62.4,85.9,87.5,87.0,89.2,85.8,83.4,84.1,80.9,78.4,81.2,78.5,77.0,73.2,72.2,69.3,66.8,64.6,61.0,58.1,55.6,53.8,49.6,44.9,42.1,40.2,39.3,39.4,38.6,38.2,38.0,38.7,39.3,40.3,41.0,42.3,43.1,44.2
22:37:08.718,98.4,62.7,86.7,85.9,82.9,85.3,84.2,82.5,80.5,83.1,78.7,79.9,78.9,76.6,74.3,68.5,70.9,68.9,65.1,62.2,57.6,55.7,52.3,49.5,45.2,41.9,40.2,39.3,39.4,39.0,38.3,38.5,38.7,39.5,40.1,41.4,42.4,43.2,44.2
22:37:09.718,98.5,62.0,86.3,87.5,87.6,86.0,85.9,86.1,81.8,81.4,78.1,82.5,77.5,74.8,73.0,70.4,69.1,64.4,62.0,59.8,55.5,54.1,51.2,47.6,44.8,41.3,39.7,38.8,38.7,38.4,37.7,38.2,38.5,39.4,40.2,41.3,42.2,43.1,44.1
22:37:10.718,98.1,61.2,84.8,88.6,86.8,84.8,85.2,85.2,80.2,77.6,78.2,79.7,77.6,76.1,72.0,69.6,67.3,64.0,62.2,59.2,55.6,53.4,51.2,48.8,45.1,40.9,39.0,39.1,39.2,38.4,38.0,38.1,38.8,39.2,40.2,41.2,42.1,43.3,44.2
22:37:11.718,96.6,61.7,86.2,85.5,83.1,80.9,80.7,85.6,83.1,80.8,81.2,73.8,78.1,74.9,73.0,71.2,67.2,65.1,64.4,59.9,54.8,51.7,49.6,48.3,44.2,40.9,39.2,38.4,37.9,37.9,37.6,37.5,38.2,39.3,40.4,41.4,42.1,43.2,44.2
22:37:12.718,95.4,61.5,85.6,86.3,83.9,85.4,84.6,81.5,82.0,81.6,80.2,77.7,72.9,76.8,73.2,71.5,68.4,66.4,62.4,59.5,53.8,50.5,48.8,47.3,43.7,40.6,38.9,38.1,38.3,38.3,37.2,37.9,38.5,39.5,40.3,41.3,42.1,43.2,44.3
22:37:13.718,97.8,60.7,85.0,87.2,86.8,88.0,85.5,82.7,78.8,80.4,81.0,79.2,73.8,72.2,71.3,68.3,67.9,65.2,60.6,58.7,56.1,52.1,50.5,48.8,43.9,40.5,39.1,38.4,38.5,38.1,37.8,37.8,38.5,39.4,40.2,41.1,42.1,43.2,44.2
22:37:14.718,96.5,62.3,86.5,78.7,76.2,80.2,86.7,87.8,86.3,82.3,80.6,79.5,76.3,76.5,73.7,71.2,69.1,65.9,62.7,61.6,59.2,56.3,53.8,50.2,46.2,41.3,39.3,38.0,37.8,37.6,37.2,37.4,38.1,39.3,40.1,41.3,42.3,43.2,44.2
22:37:15.718,97.2,61.6,85.8,82.4,87.5,87.4,87.2,83.0,79.9,78.9,78.6,79.2,78.9,72.9,71.4,70.2,67.1,64.2,63.0,59.7,56.8,53.3,52.1,49.3,45.4,41.5,38.6,37.6,37.8,38.1,37.4,38.0,38.3,39.2,40.3,41.1,42.3,43.2,44.2
22:37:16.718,97.3,61.9,85.7,80.0,83.8,87.1,82.4,81.9,81.5,79.6,78.7,75.9,77.6,76.2,72.9,70.1,69.0,65.5,61.8,59.9,55.7,52.4,49.4,47.0,43.2,41.2,39.8,38.9,38.1,38.1,38.1,38.0,38.4,39.2,40.1,41.2,42.1,43.2,44.1
22:37:17.718,96.8,61.2,84.7,85.7,82.4,82.7,84.1,78.9,78.2,80.6,77.3,76.7,75.6,73.4,71.9,68.8,65.8,66.9,62.7,60.2,56.4,51.8,50.0,46.5,42.5,40.2,39.8,38.3,38.3,38.3,37.6,38.4,38.6,39.4,40.1,41.1,42.1,43.1,44.2
22:37:18.718,94.0,60.1,83.5,81.0,83.7,84.3,81.2,81.2,78.8,78.2,77.4,73.5,75.8,71.8,73.4,68.7,65.3,65.3,60.8,59.0,54.2,50.3,48.9,46.6,42.8,39.6,39.6,39.1,38.8,38.4,38.0,38.3,38.8,39.4,40.2,41.2,42.1,43.3,44.4
22:37:19.718,96.8,61.1,84.1,85.4,84.7,81.7,76.8,73.8,78.5,82.8,76.6,77.7,73.3,73.8,71.6,70.4,66.7,65.2,62.8,60.7,56.2,53.6,52.2,49.1,45.0,41.7,40.0,38.5,38.5,38.1,37.5,38.1,38.5,39.6,40.2,41.3,42.2,43.4,44.2
22:37:20.718,96.5,62.3,85.1,88.3,90.8,87.7,83.2,84.6,82.6,79.8,78.6,75.5,76.3,76.8,72.3,71.4,70.3,66.8,65.6,62.3,57.7,55.0,53.4,50.5,46.0,41.1,38.4,38.2,37.9,37.7,37.2,37.6,38.3,39.3,40.0,41.2,42.2,43.2,44.2
22:37:21.718,94.9,61.0,84.2,83.7,83.5,84.3,81.7,82.4,83.8,79.3,75.6,78.1,75.5,73.7,69.5,69.3,66.3,64.7,62.5,59.7,56.3,51.2,50.5,48.3,44.5,40.4,39.0,38.4,37.9,37.3,37.2,37.8,38.4,39.3,40.2,41.3,42.1,43.0,44.4
22:37:22.718,97.8,59.7,85.9,86.0,85.8,83.1,82.3,86.9,80.9,82.2,81.2,80.1,78.8,73.0,70.8,67.9,64.3,64.5,61.5,58.1,53.7,52.2,49.8,46.8,43.5,40.0,39.3,38.9,38.7,38.2,37.7,38.2,38.4,39.5,40.3,41.1,42.2,43.2,44.3
22:37:23.718,96.7,59.2,84.6,83.5,83.3,84.9,85.9,83.4,81.0,81.0,77.5,77.6,76.2,72.3,72.3,68.4,67.3,63.7,59.3,55.7,53.6,49.6,48.9,47.0,42.9,40.1,39.1,38.1,38.1,38.1,36.9,37.4,38.3,39.3,40.2,41.1,42.2,43.2,44.3
22:37:24.718,93.7,60.4,84.4,86.9,84.9,79.7,82.3,84.6,81.3,79.4,79.6,78.0,77.8,76.4,72.7,70.3,65.7,66.4,62.2,59.3,54.2,51.9,50.4,47.5,44.1,41.1,38.8,38.0,38.2,37.8,37.4,37.7,38.3,39.5,40.4,41.2,42.2,43.3,44.2
22:37:25.718,95.7,61.6,84.8,91.2,85.8,80.8,78.6,76.7,79.5,82.6,76.8,78.7,77.0,75.7,70.8,72.6,69.4,66.8,63.5,59.2,54.7,52.1,52.4,49.2,44.4,41.3,40.5,39.4,39.5,38.8,38.3,38.6,39.1,39.4,40.3,41.1,42.2,43.3,44.3
22:37:26.718,97.3,61.6,85.3,79.0,73.5,79.5,81.3,84.2,81.2,80.4,78.5,78.5,76.5,72.9,70.3,69.1,66.6,66.4,64.3,60.8,57.6,54.6,50.4,48.2,43.9,41.0,39.0,37.6,38.5,38.0,37.6,37.8,38.7,39.4,40.2,41.1,42.2,43.2,44.2
22:37:27.718,94.6,60.7,84.1,85.3,85.8,84.0,85.4,80.0,79.7,79.7,77.4,77.3,76.3,73.8,73.1,68.4,66.5,64.1,62.3,59.5,55.5,51.1,50.0,47.2,43.6,41.2,39.8,38.1,38.0,37.6,37.5,37.8,38.2,39.4,40.2,41.2,42.1,43.2,44.2
22:37:28.718,94.6,59.2,83.8,80.4,81.9,84.5,81.2,85.7,80.3,82.5,77.7,75.2,72.4,70.4,68.8,66.9,64.2,60.6,59.8,58.3,54.3,52.3,49.5,46.3,43.1,40.3,39.7,38.4,37.9,37.6,37.4,37.8,38.5,39.2,40.3,41.3,42.2,43.2,44.4
22:37:29.718,96.3,60.5,84.8,80.8,78.6,82.7,86.5,81.6,82.5,77.8,80.4,78.7,77.6,75.6,73.7,69.4,67.4,65.5,62.6,59.4,53.1,50.5,48.7,46.8,43.3,40.2,38.7,38.4,38.1,38.0,37.5,37.9,38.1,39.2,40.2,41.2,42.2,43.3,44.2
22:37:30.718,94.5,60.3,83.2,83.3,82.4,84.2,82.7,77.5,80.4,78.1,77.7,74.9,75.0,73.7,72.5,70.3,65.6,66.3,62.1,59.3,55.0,51.5,49.9,47.7,43.3,40.2,39.1,38.4,37.8,37.8,37.1,37.7,38.2,39.4,40.3,41.1,42.3,43.1,44.1
22:37:31.718,97.9,59.7,83.9,86.5,83.2,85.4,87.8,82.4,80.6,78.9,73.3,78.2,73.6,70.6,71.3,66.2,66.0,64.5,61.9,58.9,55.9,52.4,51.5,47.1,43.9,39.8,38.3,37.6,37.5,37.3,37.3,37.6,38.3,39.3,40.1,41.2,42.2,43.2,44.2
22:37:32.718,94.9,60.4,85.0,84.2,85.5,85.6,83.9,78.9,79.9,79.2,77.4,79.0,75.5,73.4,72.1,68.7,66.7,63.6,60.7,56.8,53.3,51.0,49.8,46.8,43.0,39.1,37.7,37.0,36.7,37.3,37.2,37.8,38.3,39.1,40.3,40.9,42.2,43.2,44.2
22:37:33.718,96.5,60.7,85.3,82.8,83.7,82.2,84.9,87.7,84.5,80.8,80.3,78.1,77.4,74.1,72.1,70.4,69.5,65.9,62.8,60.7,54.9,50.4,48.5,47.2,43.9,40.0,38.8,36.9,37.5,37.7,37.2,37.7,38.8,39.3,40.3,41.3,42.1,43.2,44.3
22:37:34.718,94.7,59.7,82.4,80.4,79.4,81.3,83.7,76.6,80.5,74.7,74.7,76.1,73.4,74.1,68.1,68.6,65.4,64.2,62.5,58.8,55.4,50.6,49.8,46.1,43.5,40.3,39.2,38.0,37.8,37.7,37.8,38.0,38.5,39.4,40.1,41.1,42.1,43.2,44.3
22:37:35.718,95.6,59.3,83.4,81.5,81.1,85.5,84.0,78.9,79.8,82.8,78.8,75.1,75.4,73.1,74.1,69.8,65.5,65.4,59.0,57.1,54.0,51.2,49.6,47.8,44.2,39.8,39.1,37.5,38.1,37.7,37.8,37.7,38.5,39.4,40.1,40.9,42.2,43.2,44.3
22:37:36.718,96.1,58.2,84.3,82.8,82.4,81.4,81.3,81.7,80.0,82.5,78.5,75.2,75.4,74.4,71.1,68.4,64.4,61.0,58.2,55.9,51.2,49.4,48.8,47.1,42.9,40.1,38.5,37.9,38.1,37.9,37.7,38.0,38.0,39.3,40.3,41.1,42.2,43.3,44.2
22:37:37.718,95.5,58.4,82.6,85.3,84.8,81.8,81.2,79.9,80.6,79.0,75.0,74.8,74.1,72.8,69.5,68.3,62.9,60.4,58.5,55.0,52.5,49.8,47.4,46.5,43.3,40.0,39.2,37.9,37.8,37.3,37.1,37.6,38.3,39.2,40.1,41.3,42.3,43.2,44.3
22:37:38.718,94.4,61.4,84.6,76.9,77.7,84.8,81.9,80.5,83.3,81.8,79.5,76.1,76.6,72.4,74.0,71.3,67.7,66.6,64.1,62.0,56.8,54.5,53.1,50.2,45.0,40.4,38.2,37.5,38.0,38.1,37.4,37.8,38.3,39.1,40.3,41.3,42.2,43.2,44.3
22:37:39.718,92.9,60.0,82.5,80.1,78.6,82.6,82.4,79.0,77.1,77.8,79.5,75.5,72.9,69.8,70.4,67.5,67.4,64.6,60.4,58.6,55.8,53.2,51.9,48.4,45.0,40.9,38.8,37.8,38.1,38.1,37.3,37.7,38.3,39.2,40.1,41.3,42.3,43.3,44.1
22:37:40.718,95.8,57.9,82.7,84.1,83.6,83.3,85.0,81.0,79.8,76.6,76.3,76.3,74.3,72.7,69.4,66.6,63.5,59.2,57.7,55.6,52.4,50.3,50.0,47.0,43.2,39.2,38.6,37.4,37.7,37.6,37.2,37.4,38.2,39.1,40.2,41.2,42.3,43.2,44.4
22:37:41.718,95.9,56.9,82.5,84.1,82.0,84.1,84.7,82.1,81.6,79.7,75.8,78.1,68.7,69.3,68.8,67.1,62.3,61.8,56.7,53.7,51.4,48.6,47.6,45.9,41.8,39.3,37.7,37.2,36.7,37.1,37.3,37.8,38.4,39.1,40.0,41.1,42.1,43.1,44.2
22:37:42.718,95.6,57.2,82.8,80.0,83.1,83.0,79.4,79.8,79.6,76.6,74.9,72.8,74.5,70.2,66.6,66.8,62.9,58.0,56.6,54.5,49.8,46.6,46.5,43.9,41.3,38.6,37.9,36.9,37.0,37.1,37.0,37.6,38.1,39.2,40.2,41.3,42.3,43.2,44.3
22:37:43.718,93.9,57.8,82.2,81.1,86.9,86.5,81.6,84.4,76.5,76.3,75.8,74.8,73.7,69.6,67.3,63.9,64.9,63.3,59.0,54.4,52.0,50.8,47.9,45.9,42.5,39.5,38.8,37.7,37.3,37.2,36.9,37.5,38.3,39.2,40.2,41.3,42.1,43.3,44.3
22:37:44.718,94.6,58.0,82.6,84.5,85.8,86.4,82.3,75.9,79.6,79.6,76.1,75.6,73.7,71.1,69.8,66.0,63.8,59.7,57.1,54.9,51.8,49.0,48.0,47.0,43.7,39.7,38.8,38.6,38.7,38.1,38.0,38.0,38.6,39.4,40.3,41.1,42.2,43.2,44.2
22:37:45.718,94.0,58.2,81.7,85.1,85.3,83.5,78.9,76.4,75.5,79.8,76.0,75.8,75.0,71.5,71.8,67.4,66.3,60.3,58.8,54.5,51.5,49.7,49.1,47.3,42.9,39.8,38.4,37.9,38.3,38.2,37.3,37.8,38.2,39.3,40.3,41.3,42.2,43.4,44.2
22:37:46.718,95.2,61.5,84.1,85.6,85.3,82.1,80.7,78.9,78.5,79.8,77.2,76.9,75.3,74.1,69.6,69.4,66.9,65.9,62.7,60.9,56.7,52.3,51.5,48.8,45.0,41.1,39.1,38.0,38.1,37.5,37.6,37.9,38.4,39.1,40.1,41.3,42.3,43.0,44.1
22:37:47.718,92.9,61.2,83.7,77.0,76.9,82.5,82.0,80.2,77.2,79.7,77.5,75.7,74.3,72.4,69.8,68.8,66.9,65.7,62.9,60.0,56.2,53.2,51.7,47.6,42.9,40.5,37.9,37.6,37.5,37.0,37.0,37.3,38.1,39.3,40.3,41.3,42.3,43.2,44.2
22:37:48.718,93.1,60.3,84.1,80.5,79.0,83.0,84.3,84.9,78.7,78.4,75.9,77.3,77.0,75.2,70.0,70.4,66.6,64.4,61.6,55.8,53.0,51.4,49.4,46.7,42.5,38.8,38.2,36.7,37.5,37.2,37.2,38.0,38.2,39.1,40.3,41.0,42.1,43.2,44.3
22:37:49.718,95.0,58.6,83.9,86.9,83.4,84.2,83.2,81.6,83.9,78.7,79.9,77.7,75.2,72.5,69.9,69.5,65.3,61.5,58.5,59.7,53.5,49.8,48.4,46.9,43.6,40.0,39.0,37.2,37.4,37.9,37.2,37.9,38.2,39.4,40.2,41.3,42.1,43.2,44.3
22:37:50.718,94.1,60.0,84.4,84.3,86.7,83.6,82.2,81.8,81.6,78.7,76.8,78.3,74.1,73.9,68.3,65.6,65.4,62.9,61.2,58.7,54.0,51.6,48.0,45.3,42.5,39.2,38.3,37.5,37.6,37.1,37.4,37.8,38.4,39.2,40.1,41.1,42.3,43.2,44.3
22:37:51.718,91.6,58.3,82.9,79.0,77.4,79.8,81.2,82.4,78.7,80.2,77.9,73.7,75.4,71.9,69.1,65.9,66.3,62.6,60.1,57.3,54.3,49.4,46.7,44.8,42.4,39.1,38.2,38.1,37.8,37.6,37.5,37.7,38.3,39.2,40.1,41.1,42.0,43.1,44.2
22:37:52.718,96.9,60.5,84.6,83.0,86.5,85.7,84.4,77.3,81.1,82.1,76.6,77.2,75.4,70.2,70.0,68.1,67.0,62.8,60.5,58.7,53.6,51.3,49.9,47.3,43.1,39.6,38.9,38.4,38.3,38.0,37.5,38.2,38.5,39.3,40.2,41.3,42.2,43.2,44.3
22:37:53.718,94.5,59.3,83.2,80.8,83.4,78.8,77.7,80.4,82.2,76.5,73.9,75.2,73.3,76.1,69.4,67.1,64.2,62.6,60.1,58.5,55.0,50.9,49.7,47.7,42.4,39.8,38.5,37.2,37.6,37.5,36.9,37.7,38.1,39.1,40.1,41.2,42.1,43.1,44.2
22:37:54.718,91.8,56.9,81.8,83.0,80.6,79.6,78.0,79.5,80.4,80.3,75.5,74.9,73.1,70.0,66.6,64.6,62.7,59.6,56.4,54.2,51.7,47.8,46.9,46.3,42.5,39.7,38.4,37.7,38.1,37.7,37.2,37.6,38.3,39.5,40.2,41.1,42.1,43.2,44.3
22:37:55.718,94.5,58.7,83.7,81.4,86.5,84.0,78.8,87.6,80.9,79.6,76.8,78.3,77.0,71.5,71.6,68.0,65.8,63.1,61.7,57.6,52.1,49.1,49.2,45.7,41.8,38.7,37.7,37.3,37.3,37.8,37.4,37.6,38.6,39.3,40.3,41.1,42.3,43.3,44.2
22:37:56.718,93.9,59.2,82.9,80.3,76.8,77.7,79.0,80.9,80.0,80.1,72.1,72.4,75.2,72.3,69.7,66.5,63.9,60.5,58.5,54.3,50.3,47.2,47.4,45.0,42.6,39.6,38.7,38.0,37.3,37.6,37.3,37.5,38.3,39.4,40.2,41.3,42.2,43.0,44.2
22:37:57.718,91.4,58.8,81.6,79.8,81.3,80.2,78.6,77.8,78.6,79.3,75.9,76.4,72.5,73.8,68.0,67.7,65.2,62.3,60.7,58.0,53.8,49.6,47.6,46.6,42.2,39.9,39.2,38.9,38.3,38.2,37.8,38.0,38.5,39.2,40.3,41.1,42.2,43.3,44.3
22:37:58.718,94.8,59.2,83.1,82.4,81.9,78.6,79.0,80.9,77.1,77.7,77.9,74.5,76.3,70.1,68.7,68.2,64.0,62.3,59.2,56.9,54.5,50.9,49.7,47.6,44.3,41.0,39.4,37.6,37.8,37.8,37.5,37.8,38.5,39.4,40.2,41.4,42.1,43.3,44.3
22:37:59.718,93.6,57.5,83.2,81.6,76.3,76.7,79.1,80.4,79.8,78.1,74.3,76.2,73.4,70.2,66.7,65.2,62.3,57.3,55.6,54.2,50.0,47.6,47.7,46.0,43.3,40.0,39.2,37.4,37.4,37.6,37.3,37.7,38.2,39.1,40.2,41.1,42.2,43.1,44.2
22:38:00.718,93.2,56.5,81.5,78.9,82.0,81.6,80.1,82.4,77.4,74.9,76.6,72.8,74.3,71.8,66.4,61.6,60.6,57.6,57.5,54.2,50.7,47.6,47.7,45.5,42.7,39.7,38.0,36.9,36.9,37.3,37.3,38.0,38.4,39.4,40.3,41.2,42.3,43.3,44.4
22:38:01.718,93.3,56.8,81.0,83.0,82.8,81.3,76.2,81.7,78.8,73.7,73.7,73.2,69.9,69.8,63.0,60.7,61.6,60.0,57.6,55.4,53.3,49.8,47.6,46.2,43.0,39.4,37.6,37.6,37.1,37.4,37.4,37.8,38.5,39.3,40.4,41.0,42.0,43.2,44.3
22:38:02.718,92.1,58.4,80.7,81.3,83.0,81.8,78.8,77.5,76.4,77.2,76.4,74.9,71.6,69.5,66.4,64.8,65.8,61.4,60.4,57.7,54.7,51.2,49.6,47.9,44.4,40.5,38.5,38.2,38.0,38.3,37.5,37.8,38.2,39.1,40.1,41.2,42.2,43.2,44.2
22:38:03.718,92.4,58.2,80.8,81.8,82.1,83.9,83.0,75.4,77.4,75.5,72.8,73.0,72.0,68.3,66.4,65.6,62.6,62.4,57.1,55.0,53.8,49.8,49.0,48.0,43.5,41.4,40.1,37.9,38.0,37.9,37.5,37.8,38.6,39.5,40.3,41.0,42.2,43.3,44.3
22:38:04.718,92.2,57.0,80.1,82.7,77.4,78.1,75.7,75.5,75.7,74.2,73.3,70.4,73.1,68.7,65.4,62.6,59.6,56.9,57.2,53.8,52.9,50.2,49.1,47.8,44.3,41.3,39.7,38.8,38.5,38.1,38.0,38.4,38.4,39.3,40.2,41.4,42.3,43.3,44.2
22:38:05.718,94.3,55.9,80.2,78.0,80.2,81.5,79.5,80.1,80.3,77.5,71.4,74.3,68.6,68.9,68.3,61.8,59.2,54.9,53.5,54.1,50.3,48.2,48.2,47.2,43.5,40.9,38.9,38.4,37.7,37.7,37.5,37.9,38.6,39.2,40.3,41.3,42.1,43.2,44.2
22:38:06.718,93.6,57.2,82.2,80.4,78.6,81.6,86.2,82.2,76.0,77.4,77.1,75.2,73.5,70.6,70.0,64.8,63.3,60.5,57.1,54.2,49.8,48.0,47.4,45.5,42.9,39.2,38.2,37.7,37.9,38.2,37.3,37.7,38.4,39.2,40.2,41.1,42.2,43.2,44.2
22:38:07.718,93.9,56.5,79.9,76.6,77.6,76.4,79.4,79.4,74.6,74.1,69.9,69.1,71.1,69.8,67.1,62.9,60.9,56.3,55.3,53.3,50.1,46.8,47.7,46.4,43.6,39.9,38.6,38.3,38.8,38.2,37.7,38.2,38.7,39.6,40.4,41.1,42.4,43.2,44.3
22:38:08.718,92.8,56.7,79.6,80.3,81.5,80.1,75.3,83.0,75.1,73.6,70.1,71.3,70.1,68.0,66.7,63.5,63.3,59.2,55.5,55.0,49.7,47.0,46.9,46.1,42.6,39.6,39.1,38.5,38.4,38.4,37.8,38.6,38.7,39.1,40.2,41.3,42.2,43.3,44.1
22:38:09.718,91.6,56.7,80.1,74.7,77.7,82.9,81.6,78.5,77.6,77.1,71.9,72.7,70.3,70.2,67.7,63.8,61.6,61.3,56.7,54.3,50.4,47.1,46.8,45.9,41.7,39.4,38.2,37.2,38.4,37.8,37.7,38.0,38.5,39.6,40.3,41.2,42.2,43.2,44.3
22:38:10.718,93.6,56.6,80.9,81.3,82.8,82.1,81.1,77.1,75.7,77.2,73.5,73.0,71.2,68.2,63.2,63.1,61.8,57.6,53.9,52.4,50.9,49.4,48.1,47.9,43.5,39.8,38.7,39.0,38.8,38.5,37.7,38.3,38.4,39.4,40.1,41.1,42.2,43.3,44.3
22:38:11.718,92.7,57.0,80.6,84.0,83.7,81.5,81.3,80.4,78.0,77.4,75.0,69.1,73.3,70.6,66.8,62.8,61.8,60.6,55.0,54.8,53.4,50.8,49.0,47.5,43.6,40.2,39.4,38.0,38.2,38.0,37.4,38.1,38.3,39.2,40.3,41.2,42.2,43.1,44.1
22:38:12.718,91.5,55.8,79.9,79.5,80.2,80.0,78.0,78.1,78.8,79.0,75.3,72.5,67.0,67.2,64.6,61.6,58.5,56.0,55.6,53.3,51.2,49.9,48.9,47.3,43.4,40.5,39.4,38.4,38.0,38.0,37.5,38.0,38.4,39.2,40.2,41.2,42.2,43.2,44.1
22:38:13.718,95.3,57.2,80.8,83.8,82.8,82.8,76.9,76.4,74.9,75.2,75.0,74.5,72.6,66.9,65.0,63.9,60.7,58.5,55.1,55.8,54.4,49.9,49.4,47.2,43.8,40.4,38.7,38.0,37.8,37.7,37.3,37.6,38.5,39.2,40.1,41.0,42.1,43.1,44.3
22:38:14.718,94.1,56.8,80.8,81.4,82.1,81.9,82.5,79.9,78.2,76.8,77.9,73.5,72.3,68.2,66.4,65.4,61.8,58.4,58.2,55.0,50.6,48.4,49.2,47.8,43.7,40.6,39.4,38.4,38.1,37.3,37.0,38.0,38.4,39.5,40.2,41.3,42.2,43.2,44.2
22:38:15.718,93.0,57.1,80.2,87.4,85.7,82.9,79.2,78.4,74.7,76.4,73.2,72.2,73.8,70.8,69.1,65.3,63.0,59.4,57.3,53.5,51.4,48.7,48.5,47.7,44.5,41.5,39.8,38.7,38.4,37.8,37.8,38.0,38.3,39.2,40.2,41.5,42.2,43.2,44.1
22:38:16.718,93.0,57.5,79.9,83.3,81.3,77.7,74.6,76.9,76.7,74.4,73.4,69.3,70.8,71.4,69.9,66.5,61.7,60.1,56.4,54.7,50.0,48.9,48.4,47.7,43.9,40.7,38.8,38.5,38.6,38.3,37.4,38.1,38.3,39.2,40.0,41.2,42.2,43.3,44.1
22:38:17.718,91.3,58.5,80.5,83.2,80.6,76.8,76.3,76.7,77.0,75.8,73.3,76.0,72.7,71.1,68.3,67.1,64.0,61.6,59.1,57.4,54.9,51.8,49.7,47.8,44.4,41.2,39.9,38.5,38.5,38.1,37.4,38.0,38.4,39.1,40.1,41.2,42.2,43.3,44.4
22:38:18.718,92.1,58.4,80.2,81.8,80.6,76.2,76.8,76.4,78.2,75.4,71.0,72.8,72.0,70.3,69.2,66.5,63.1,62.1,61.0,57.7,53.4,49.8,48.4,46.8,43.6,41.5,39.5,38.5,38.4,38.3,37.4,37.6,38.8,39.4,40.2,41.2,42.3,43.2,44.3
22:38:19.718,94.5,57.2,81.2,82.6,83.4,83.2,81.2,77.0,78.3,78.0,75.6,72.7,72.6,72.5,70.5,66.0,63.4,62.0,57.2,53.1,50.4,47.0,47.4,45.8,42.7,40.6,38.8,37.6,37.8,37.8,37.3,37.7,38.5,39.3,40.3,41.1,42.3,43.2,44.4
22:38:20.718,94.2,55.3,78.4,82.2,76.0,72.9,76.4,78.3,75.9,71.5,72.9,70.4,68.9,69.2,68.0,63.4,59.1,56.2,51.4,49.4,48.6,46.8,46.6,44.9,42.8,40.3,38.6,37.8,37.9,37.6,37.2,37.9,38.4,39.2,40.2,41.2,42.1,43.1,44.4
22:38:21.718,91.1,55.8,78.9,83.9,82.2,77.4,78.1,76.2,76.4,71.3,70.8,72.1,70.5,70.6,65.7,61.4,59.2,55.2,53.0,52.7,50.8,47.7,47.2,46.6,42.3,40.1,38.9,38.1,38.5,38.0,37.6,37.9,38.4,39.3,40.3,41.0,42.3,43.2,44.2
22:38:22.718,93.6,55.9,78.5,82.8,81.6,80.2,74.1,74.3,70.4,73.8,72.0,71.0,69.9,69.4,66.3,60.5,58.4,56.7,54.0,55.4,50.3,48.6,48.7,46.5,43.1,39.9,38.9,38.1,38.0,37.5,37.5,37.7,38.3,39.0,39.9,41.1,42.3,43.3,44.3
22:38:23.718,90.0,55.2,78.0,77.9,81.9,81.0,80.5,78.4,75.7,73.1,70.1,69.3,69.2,63.9,63.3,58.6,56.7,57.1,55.4,52.2,50.5,49.1,48.0,46.6,43.5,40.3,38.1,37.2,37.4,37.8,37.7,37.7,38.4,39.0,40.1,41.0,42.3,43.3,44.2
22:38:24.718,90.8,55.0,77.7,82.2,84.8,83.4,76.4,79.5,77.1,69.4,70.6,70.4,67.6,65.9,64.0,61.8,58.9,55.2,55.6,51.6,49.7,47.8,48.5,45.5,43.1,40.2,38.6,37.7,38.1,38.0,37.6,38.0,38.7,39.1,40.2,41.1,42.1,43.2,44.2
22:38:25.718,91.7,54.9,79.3,80.6,80.6,81.2,79.7,80.5,74.9,75.4,71.1,68.3,67.4,66.6,64.7,58.8,57.1,53.8,53.6,51.8,48.0,47.3,46.9,45.9,43.0,40.1,38.0,37.7,37.7,37.9,37.4,37.7,38.3,39.2,40.1,41.1,42.2,43.3,44.3
22:38:26.718,92.7,54.1,77.3,79.2,79.4,77.6,75.8,75.6,76.3,71.1,72.8,70.0,65.8,63.5,64.1,59.7,55.0,55.0,52.0,49.9,48.2,46.9,46.4,44.9,42.3,39.8,38.1,37.4,37.8,37.7,37.3,37.6,38.4,39.1,40.1,41.1,42.1,43.2,44.1
22:38:27.718,90.9,53.7,78.7,81.7,82.3,82.2,82.2,78.5,77.7,74.6,74.3,69.7,67.2,64.0,63.7,59.0,54.3,53.2,50.9,51.8,46.8,44.9,44.7,44.2,42.2,39.0,38.4,37.9,37.6,37.4,37.1,37.8,38.2,39.2,40.3,41.2,42.1,43.2,44.2
22:38:28.718,91.7,53.7,77.9,81.1,81.3,78.0,73.2,76.1,77.0,76.6,74.4,70.7,71.2,65.7,61.3,58.7,55.8,53.7,51.4,50.4,48.8,45.0,45.7,44.4,42.2,39.9,38.0,37.4,37.4,37.1,36.8,37.8,38.7,39.4,40.1,41.1,42.2,43.1,44.1
22:38:29.718,92.4,53.6,78.2,81.6,79.6,81.0,80.0,76.4,76.7,74.6,70.8,71.5,69.4,63.7,60.6,55.6,52.1,50.8,50.7,48.8,47.4,46.0,45.8,44.4,42.6,39.4,38.4,37.4,37.6,37.9,37.3,38.0,38.9,39.3,40.1,41.2,42.3,43.3,44.3
22:38:30.718,89.9,54.6,78.2,78.0,81.8,77.0,72.5,76.9,75.8,75.9,71.2,72.3,66.7,64.3,59.7,59.7,55.1,53.6,52.4,51.7,49.2,48.0,47.2,45.8,42.6,40.1,39.6,38.9,38.6,37.9,37.8,38.4,38.4,39.4,40.3,41.2,42.3,43.1,44.1
22:38:31.718,92.4,55.2,79.3,76.1,79.6,78.9,78.8,76.1,78.5,78.2,73.1,72.8,70.3,67.5,64.9,60.7,58.5,54.9,53.0,52.4,49.0,49.1,47.6,46.7,43.0,39.6,38.3,38.5,38.5,38.1,37.9,38.1,38.6,39.5,40.4,41.2,42.2,43.3,44.2
22:38:32.718,93.5,56.5,81.1,83.0,81.6,80.7,85.4,79.9,77.0,80.5,76.7,74.7,72.1,68.3,64.9,60.6,61.9,60.1,56.5,52.6,51.5,49.5,48.6,46.1,44.3,40.9,39.3,38.8,39.1,38.3,37.9,38.1,38.5,39.3,40.2,41.2,42.2,43.1,44.2
22:38:33.718,90.6,56.4,80.3,78.4,76.7,77.3,75.5,79.8,77.3,73.8,74.3,69.5,69.2,67.3,64.0,61.6,58.9,58.3,54.2,52.8,48.7,47.5,47.5,46.7,43.6,40.7,38.6,38.3,38.6,38.2,37.9,38.0,38.6,39.2,40.2,40.9,42.2,43.1,44.2
22:38:34.718,92.7,55.9,79.1,82.4,82.4,80.8,79.1,77.8,73.9,74.9,71.7,73.3,71.8,69.8,64.4,64.7,61.1,58.6,56.2,50.5,48.7,46.8,46.8,46.2,43.6,40.6,38.4,37.8,38.5,38.4,37.9,38.2,38.3,39.3,40.3,41.2,42.2,43.1,44.2
22:38:35.718,92.1,56.9,79.7,75.9,79.1,82.4,82.2,79.9,75.9,77.4,71.5,72.1,70.0,68.8,66.0,64.2,62.9,62.7,58.6,52.9,48.3,47.6,47.0,45.7,43.5,41.2,39.7,38.3,38.9,38.6,38.3,38.5,38.8,39.4,40.2,41.2,42.1,43.2,44.3
22:38:36.718,92.6,57.3,80.5,81.0,83.8,81.4,78.8,75.8,78.0,75.9,74.7,72.9,71.4,67.8,66.2,64.7,63.2,60.7,57.7,54.2,48.7,47.6,47.0,46.6,43.9,40.6,39.5,39.1,38.9,38.8,38.2,38.4,39.0,39.4,40.4,41.3,42.2,43.1,44.1
22:38:37.718,89.9,56.5,78.3,72.2,77.8,78.7,74.2,78.2,78.2,73.9,70.9,71.4,69.5,69.3,66.1,60.8,62.1,58.8,57.2,53.3,50.4,48.8,47.2,46.1,43.0,41.3,40.7,39.4,39.5,39.1,38.3,38.9,39.1,39.5,40.2,41.0,42.3,43.4,44.3
22:38:38.718,91.6,56.9,78.1,74.0,76.5,79.0,81.5,79.3,75.2,73.3,72.3,70.5,71.0,68.1,65.9,63.1,61.7,60.5,59.0,55.8,52.7,50.0,50.1,46.9,43.8,41.4,40.7,39.7,39.8,39.3,38.4,38.8,38.8,39.4,40.3,41.2,42.3,43.1,44.4
22:38:39.718,90.6,56.7,78.8,79.0,75.2,73.3,78.1,77.4,74.7,70.3,73.0,72.0,67.3,67.3,64.8,60.8,58.3,56.9,56.8,54.9,51.0,49.6,48.4,47.2,43.9,40.7,40.1,39.2,39.2,38.9,38.1,38.3,38.8,39.5,40.2,41.2,42.1,43.2,44.3
22:38:40.718,89.5,56.0,77.9,75.8,77.3,78.0,77.1,75.3,75.4,73.5,74.5,68.4,68.0,68.4,65.3,61.8,60.5,56.3,56.6,53.6,51.3,48.3,47.5,47.7,43.8,40.8,38.5,38.2,38.4,38.0,37.0,38.0,38.6,39.2,40.2,41.4,42.3,43.2,44.2
22:38:41.718,91.1,55.5,79.0,81.0,73.6,74.0,76.1,77.1,76.9,74.1,70.5,71.9,70.9,66.5,65.5,61.6,59.7,57.9,52.5,51.7,49.3,46.7,46.4,45.5,43.1,39.9,37.3,37.2,37.8,37.8,37.2,37.6,38.3,39.1,40.3,41.2,42.2,43.3,44.3
22:38:42.718,93.3,54.7,77.5,77.2,75.5,78.5,72.8,72.7,74.7,72.7,72.8,73.1,69.7,66.6,65.4,60.5,59.3,55.1,51.9,49.9,47.5,47.2,46.1,46.0,42.9,39.6,37.6,37.3,37.7,37.4,37.1,37.9,38.0,39.2,40.2,41.1,42.3,43.2,44.3
22:38:43.718,91.8,54.7,79.0,79.1,73.6,76.3,79.5,75.5,77.0,73.5,70.0,69.3,70.1,65.3,64.4,60.7,56.9,58.0,54.8,52.2,48.6,46.2,45.1,43.9,41.4,39.0,38.3,37.5,37.5,37.4,37.2,37.8,38.6,39.1,40.2,41.2,42.2,43.1,44.3
22:38:44.718,91.2,55.1,78.0,79.6,80.4,79.4,76.3,74.6,71.1,74.2,72.0,69.5,67.4,67.5,63.8,60.5,57.8,57.0,54.8,53.2,47.4,45.2,45.1,44.3,41.6,38.9,37.3,36.9,37.2,37.7,37.5,37.6,38.5,39.2,40.1,41.2,42.3,43.1,44.2
22:38:45.718,88.6,54.0,76.6,82.0,80.5,75.5,75.3,76.5,74.7,73.9,72.4,66.2,64.8,62.3,58.6,59.0,57.7,55.5,54.4,52.0,49.5,45.7,45.6,43.8,41.0,38.9,38.0,36.5,36.9,37.5,37.0,37.5,38.2,39.0,40.2,41.3,41.9,43.1,44.1
22:38:46.718,93.7,57.0,79.8,82.0,80.2,82.4,78.8,77.7,77.3,77.5,72.9,72.0,67.6,66.6,64.7,65.3,61.4,62.2,57.3,56.3,52.7,49.4,48.0,45.2,41.5,39.2,37.9,37.2,37.8,37.7,37.3,37.5,38.4,39.0,40.4,41.4,42.4,43.2,44.2
22:38:47.718,93.7,56.1,77.7,80.5,82.9,81.9,74.6,73.7,70.8,72.5,67.7,68.7,66.3,64.2,62.5,63.7,58.5,57.0,54.7,51.8,49.6,47.4,47.6,45.0,41.3,39.3,39.6,38.4,38.2,38.1,38.0,38.3,38.7,39.6,40.5,41.0,42.3,43.0,44.1
22:38:48.718,90.3,56.6,77.7,79.2,80.7,76.8,74.3,76.0,77.1,72.5,71.9,70.6,68.2,66.2,66.1,62.9,62.1,59.5,56.5,54.0,50.5,50.0,47.7,47.2,45.0,41.6,40.1,39.7,40.3,39.7,38.9,39.2,39.0,39.4,40.3,41.2,42.1,43.2,44.3
22:38:49.718,90.3,56.5,77.0,83.1,80.5,76.2,76.6,77.1,73.9,70.0,71.4,71.2,68.9,65.1,65.0,62.5,59.5,58.9,55.2,53.1,51.2,49.8,49.5,47.9,44.8,41.3,39.9,39.7,40.1,39.5,38.2,38.2,38.8,39.2,40.2,41.1,42.0,43.1,44.2
22:38:50.718,87.1,55.7,76.7,77.7,76.0,79.4,79.9,76.8,73.7,69.9,69.7,65.9,64.5,65.4,63.3,61.6,57.8,55.0,51.9,51.8,50.3,48.4,49.1,47.8,44.4,40.9,39.8,38.9,39.1,38.5,38.2,38.5,39.0,39.4,40.2,41.4,42.4,43.2,44.3
22:38:51.718,90.1,55.2,76.4,73.4,79.2,76.2,73.6,75.0,76.7,68.8,66.1,69.5,67.5,66.3,62.5,58.0,57.6,54.2,51.6,50.2,49.0,48.8,48.6,46.2,44.4,41.2,39.6,39.1,40.0,39.5,38.6,39.2,39.3,39.6,40.1,41.2,42.1,43.2,44.2
22:38:52.718,89.9,55.1,76.2,78.5,78.1,74.2,77.7,74.7,70.9,69.9,68.6,67.4,64.8,65.4,62.9,60.1,56.2,55.7,53.2,51.2,49.2,48.2,48.0,47.2,43.2,40.8,40.4,38.8,38.9,38.3,37.8,38.4,39.0,39.5,40.5,41.2,42.1,43.3,44.2
22:38:53.718,91.7,54.5,75.7,81.9,78.9,76.0,74.4,75.6,73.8,72.8,71.1,68.8,68.3,67.6,63.0,57.7,54.9,55.2,53.4,50.3,47.2,47.9,47.5,46.1,43.4,40.8,39.5,38.6,38.8,38.0,37.5,38.1,38.7,39.3,40.3,41.1,42.3,43.3,44.2
22:38:54.718,89.9,53.8,75.6,73.8,75.0,77.9,73.2,74.8,72.7,73.0,71.2,68.3,65.2,64.5,60.7,55.3,55.6,50.4,50.5,48.5,46.9,46.5,46.2,45.4,42.7,40.8,38.9,38.3,38.0,38.1,37.9,37.9,38.3,39.2,40.3,41.2,42.2,43.2,44.2
22:38:55.718,87.8,54.1,76.6,78.2,75.4,76.7,73.5,72.2,74.8,75.4,69.1,68.6,69.1,63.8,60.0,56.8,58.1,55.2,49.4,48.5,48.3,45.8,45.7,44.5,42.7,39.6,37.8,37.5,37.5,37.7,37.4,37.7,38.5,39.3,40.1,41.1,42.2,43.2,44.3
22:38:56.718,90.9,53.8,75.9,79.5,77.8,80.1,76.7,73.0,74.3,70.6,71.3,67.9,67.1,65.8,62.9,58.9,56.0,55.9,51.0,49.7,47.6,46.7,45.8,44.4,41.4,39.2,38.3,37.8,37.6,37.0,36.7,37.3,38.4,39.3,40.2,41.2,42.2,43.3,44.2
22:38:57.718,90.2,53.8,76.5,77.6,78.3,77.0,76.3,74.9,76.5,74.1,69.0,69.1,67.2,64.0,62.7,58.6,56.6,55.5,53.4,50.6,46.7,45.9,45.4,44.4,41.3,38.6,38.5,37.3,37.3,37.5,37.0,37.8,38.3,39.2,40.1,41.2,42.2,43.3,44.2
22:38:58.718,89.1,54.6,75.6,81.0,78.1,76.1,77.3,73.4,71.3,71.7,68.1,67.4,66.8,63.8,64.1,60.6,55.6,56.1,54.7,53.2,49.5,47.5,47.1,45.6,42.7,40.0,37.9,37.3,36.6,36.9,37.1,37.5,38.4,39.4,40.0,41.0,42.1,43.2,44.3
22:38:59.718,88.6,53.9,74.9,76.4,75.6,71.4,75.8,74.9,74.5,69.6,68.8,67.2,63.7,65.3,63.6,58.9,55.5,54.0,54.0,50.2,48.6,46.9,45.9,45.7,42.5,39.7,38.3,37.7,37.3,37.5,37.3,37.5,38.2,39.3,40.1,41.4,42.3,43.2,44.2
22:39:00.718,89.7,53.6,74.8,76.6,73.2,70.5,74.0,75.1,72.5,69.1,70.0,68.1,64.0,62.2,59.9,56.5,53.9,50.8,50.1,48.4,47.6,46.7,46.4,46.0,42.2,39.7,38.5,37.4,37.5,37.4,37.3,37.6,38.2,39.3,40.2,41.2,42.2,43.2,44.1
22:39:01.718,88.3,53.4,75.2,75.7,77.5,74.9,72.0,73.0,76.7,68.8,71.3,67.7,65.1,63.4,59.5,54.7,54.5,51.1,50.7,49.6,47.7,45.1,46.5,44.8,42.1,40.4,38.0,37.3,36.9,37.2,36.7,37.5,38.6,39.3,40.3,41.5,42.3,43.4,44.2
22:39:02.718,86.2,53.5,74.5,74.2,71.0,71.1,75.4,75.4,71.7,70.5,70.5,68.3,64.9,62.1,59.7,57.8,55.0,53.4,51.1,48.5,45.9,45.9,46.3,45.0,41.8,40.0,38.8,37.5,37.4,37.6,37.5,37.8,38.5,39.1,40.3,41.1,42.3,43.2,44.3
22:39:03.718,90.6,54.3,74.7,81.2,79.1,73.8,76.3,75.8,74.4,71.3,67.1,65.1,65.7,63.3,58.3,56.3,55.2,54.4,50.1,49.6,47.8,46.8,47.7,47.4,43.7,40.9,40.1,39.3,39.2,38.9,38.0,38.2,38.6,39.3,40.2,41.4,42.2,43.2,44.4
22:39:04.718,89.3,54.8,74.7,71.5,74.3,77.6,73.1,73.4,71.7,72.4,67.4,65.3,61.3,63.8,60.0,57.0,54.8,53.9,53.7,51.6,49.8,48.7,47.2,47.1,43.1,40.3,39.0,38.8,38.6,38.4,37.5,37.9,38.7,39.3,40.0,41.3,42.3,43.1,44.2
22:39:05.718,88.6,54.6,75.9,76.1,74.1,76.2,76.0,73.4,74.6,75.1,69.7,68.3,62.7,62.9,61.4,58.0,54.6,53.4,52.1,49.8,49.6,49.0,48.2,46.9,43.7,40.1,38.7,38.2,38.1,37.5,37.4,37.6,38.4,39.3,40.4,41.0,42.2,43.2,44.4
22:39:06.718,90.1,54.2,76.5,77.2,77.8,79.7,74.7,77.5,79.0,75.5,72.8,68.9,67.2,65.4,64.5,59.8,55.7,55.7,52.7,50.5,48.7,47.7,47.0,45.6,43.1,40.3,38.4,37.7,37.7,37.5,37.3,37.7,38.3,39.3,40.1,41.1,42.1,43.2,44.3
22:39:07.718,91.0,54.4,76.6,79.7,78.0,76.1,69.5,71.2,71.1,69.9,70.0,67.9,64.9,63.7,63.6,60.5,55.4,53.0,50.8,50.0,47.9,47.6,46.8,45.5,42.3,40.0,38.1,37.9,37.2,37.5,37.5,37.7,38.4,39.2,40.3,41.1,42.3,43.3,44.2
22:39:08.718,88.8,53.7,75.0,73.5,71.2,72.3,72.0,72.2,73.6,70.2,69.9,67.0,65.2,63.1,61.4,58.5,56.5,52.8,49.7,48.6,48.2,46.1,46.0,45.4,42.7,38.8,37.9,37.2,37.2,37.3,37.1,37.6,38.3,39.2,40.4,41.2,42.1,43.3,44.3
22:39:09.718,89.7,53.5,74.4,77.9,77.3,78.0,77.8,75.2,73.1,69.2,69.0,65.4,59.0,64.3,60.1,56.8,55.1,52.4,49.0,49.3,48.3,46.3,46.2,45.8,42.3,39.4,38.0,36.9,37.0,37.5,37.3,37.6,38.2,39.1,40.2,41.2,42.2,43.2,44.3
22:39:10.718,86.5,53.4,74.5,73.4,69.8,71.0,72.7,71.0,72.0,70.4,72.4,67.0,67.0,63.0,61.1,57.9,53.2,51.8,49.6,47.3,46.6,45.7,46.4,44.8,42.2,40.3,37.7,37.6,37.4,37.2,37.2,37.6,38.3,39.2,40.0,41.1,42.1,43.2,44.3
22:39:11.718,89.8,54.3,77.9,77.2,71.8,72.6,75.2,77.8,75.2,70.5,74.2,71.9,70.5,66.4,64.5,59.5,56.0,51.9,50.6,49.3,48.5,47.0,45.4,44.7,42.2,39.8,38.7,38.0,37.7,37.4,36.8,37.7,38.5,39.3,40.1,41.4,42.2,43.3,44.4
22:39:12.718,88.7,54.8,77.9,78.3,78.1,75.5,75.0,77.3,75.3,71.6,74.4,69.8,69.9,69.8,66.0,64.4,59.8,55.2,52.1,51.1,49.7,46.3,46.4,44.5,41.5,39.5,38.7,37.5,37.5,37.1,36.8,37.3,38.4,39.4,40.0,41.1,42.2,43.4,44.4
22:39:13.718,89.8,54.2,76.0,69.8,69.7,75.3,76.6,71.1,71.0,70.1,69.5,68.1,67.1,66.4,62.4,59.2,56.0,52.6,51.7,49.7,47.4,45.4,45.8,44.8,42.2,39.5,39.2,38.3,37.9,37.2,37.0,37.8,38.3,39.2,40.0,41.0,42.0,43.3,44.3
22:39:14.718,87.9,54.0,75.2,74.9,69.2,72.8,72.9,69.2,69.1,70.3,68.4,67.1,65.3,64.6,61.6,58.2,54.4,53.8,52.2,49.7,47.5,46.6,46.1,44.7,41.7,39.7,38.0,37.7,37.6,37.5,37.0,37.7,38.3,39.3,40.1,41.4,42.2,43.2,44.3
22:39:15.718,86.6,54.4,75.6,67.5,71.7,78.5,79.3,72.0,71.7,70.8,68.6,70.7,67.9,65.7,62.9,59.8,57.7,56.4,54.6,52.5,50.7,47.1,45.9,45.1,42.1,39.0,38.3,38.1,38.0,38.1,37.8,38.2,38.8,39.3,40.4,41.0,42.2,43.0,44.3
22:39:16.718,88.1,53.5,72.9,72.1,73.3,70.7,71.3,72.3,69.1,68.7,65.9,65.0,62.0,60.7,58.7,54.4,51.8,50.9,49.8,48.6,47.2,46.2,46.2,44.5,41.0,38.4,38.7,38.0,38.8,38.1,38.3,38.4,38.8,39.2,40.2,41.3,42.1,43.2,44.3
22:39:17.718,88.0,54.6,75.0,75.1,73.0,75.0,76.0,74.7,72.6,70.1,70.0,69.7,65.8,62.5,60.8,60.8,56.7,55.1,52.2,52.3,49.0,46.9,47.4,46.2,42.7,40.1,38.7,38.8,39.4,38.4,38.0,38.3,38.6,39.5,40.3,41.2,42.2,43.2,44.4
22:39:18.718,88.7,55.5,72.6,79.1,74.7,71.0,72.9,73.3,69.9,63.7,66.1,63.7,62.5,62.9,59.6,58.7,57.0,54.8,54.9,52.2,49.9,49.2,49.4,48.1,44.7,41.0,39.6,38.9,39.4,38.6,38.2,38.6,38.3,39.4,40.2,41.2,42.1,43.2,44.3
22:39:19.718,89.1,55.2,74.5,75.6,79.6,76.7,70.3,71.9,73.8,69.5,66.8,67.2,67.0,62.8,60.7,58.9,56.7,54.8,55.5,52.0,50.3,50.1,48.0,47.6,43.9,41.2,38.9,38.8,38.5,38.3,37.7,37.8,38.4,39.2,40.3,41.1,42.1,43.1,44.3
22:39:20.718,91.9,55.0,72.8,77.6,74.5,72.1,75.1,72.6,66.7,62.2,65.8,65.0,65.7,62.3,56.0,56.4,55.3,55.4,52.8,51.4,49.9,47.6,48.4,47.2,44.2,40.9,39.3,38.8,38.9,38.5,37.9,38.2,38.4,39.4,40.2,41.1,42.2,43.4,44.3
22:39:21.718,85.0,54.9,72.5,69.6,72.5,74.7,69.0,71.6,71.2,66.0,66.0,65.8,62.6,62.4,61.1,55.1,55.1,53.5,52.6,53.4,49.5,48.4,48.6,46.6,44.3,41.3,39.5,38.7,38.9,38.5,38.2,38.5,38.7,39.4,40.5,41.4,42.0,43.3,44.3
22:39:22.718,86.6,54.3,72.6,74.7,73.4,72.4,71.5,73.2,71.5,70.4,66.5,63.8,62.9,61.9,58.8,53.5,56.3,53.6,50.6,51.3,49.2,48.6,47.4,46.7,43.7,40.5,40.0,38.6,38.7,38.6,37.9,38.2,38.4,39.4,40.0,41.0,42.1,43.1,44.3
22:39:23.718,88.5,54.2,72.2,73.7,72.1,75.3,73.3,73.1,67.0,66.6,63.6,65.4,61.1,60.4,59.1,56.5,51.8,53.3,51.4,50.3,49.1,47.2,47.2,46.6,43.5,41.0,39.9,38.4,38.2,38.0,37.8,37.8,38.5,39.1,40.2,41.2,42.2,43.2,44.3
22:39:24.718,87.3,53.6,70.9,78.7,76.8,74.2,72.8,69.9,69.4,66.9,64.4,63.3,62.7,60.6,55.1,54.9,53.7,52.5,50.1,49.6,46.9,46.2,46.5,45.6,42.6,41.3,39.1,38.6,38.1,38.0,37.8,37.9,38.3,39.2,40.2,41.3,42.2,43.3,44.3
22:39:25.718,87.5,53.5,72.5,70.6,71.0,72.4,73.9,72.8,70.0,63.8,66.8,64.2,62.8,60.6,55.1,55.5,53.9,52.3,50.3,48.3,46.8,46.1,46.8,45.1,42.4,40.7,39.1,37.9,37.8,37.7,37.3,37.9,38.5,39.1,40.3,41.3,42.0,43.1,44.3
22:39:26.718,85.2,53.1,72.5,71.4,69.4,73.7,74.6,69.2,68.8,67.6,68.5,64.7,63.3,60.5,54.8,51.5,52.0,50.6,49.1,48.0,46.2,45.9,45.9,45.4,42.4,40.0,38.9,38.7,38.3,38.1,37.6,37.7,38.3,39.5,40.2,41.1,42.3,43.3,44.3
22:39:27.718,87.4,53.3,72.8,72.6,77.3,72.9,71.5,72.4,71.0,69.1,67.1,66.1,61.7,61.6,55.1,53.0,50.9,49.3,51.6,49.1,46.8,45.7,46.0,45.3,42.1,39.8,39.5,38.5,38.5,38.4,37.7,37.9,38.5,39.2,40.3,41.0,42.1,43.0,44.2
22:39:28.718,87.9,53.7,72.2,73.6,74.1,74.4,73.0,72.8,71.9,67.5,69.3,66.9,62.0,59.6,60.7,54.8,53.3,51.4,51.1,49.0,47.6,47.7,47.5,46.5,43.1,40.8,39.6,39.0,38.9,38.8,38.1,38.0,38.6,39.3,40.2,41.1,42.1,43.4,44.3
22:39:29.718,89.9,53.4,73.3,76.2,77.7,78.0,72.9,70.7,72.6,69.5,67.4,67.5,61.0,61.4,61.0,55.9,51.0,52.4,49.5,48.2,46.6,46.2,45.5,44.9,42.2,40.7,39.7,38.4,39.0,38.8,37.8,38.2,38.8,39.6,40.2,41.1,42.3,43.4,44.2
22:39:30.718,86.7,54.3,72.9,73.6,73.6,74.4,69.4,70.8,70.5,64.7,65.5,64.9,63.2,62.7,58.6,55.5,54.0,52.6,51.9,48.7,48.8,47.0,47.3,45.9,43.2,41.2,40.4,39.3,38.8,38.6,38.2,38.4,39.0,39.6,40.4,41.3,42.3,43.2,44.3
22:39:31.718,88.4,55.2,73.8,66.5,72.5,76.7,73.8,68.8,67.8,69.8,67.2,66.0,63.6,63.2,57.9,56.4,56.1,55.0,52.8,51.9,49.5,48.3,48.8,48.0,44.3,41.3,40.8,39.2,39.5,38.9,38.1,38.2,39.0,39.6,40.4,41.3,42.3,43.3,44.3
22:39:32.718,84.2,55.3,71.7,73.2,74.6,71.8,66.7,66.1,64.5,63.9,64.3,65.4,63.2,60.5,59.0,55.7,54.6,55.0,53.5,51.8,51.0,49.1,48.9,48.2,45.2,41.7,39.8,40.1,39.9,38.9,38.2,38.4,38.5,39.1,40.3,41.1,42.2,43.3,44.3
22:39:33.718,85.1,55.1,73.9,74.3,73.3,72.9,72.7,71.1,68.6,68.7,64.2,64.8,62.7,62.0,60.6,59.0,56.4,52.9,52.6,51.8,50.0,49.6,48.1,46.3,43.9,40.5,39.1,38.1,38.4,38.2,37.4,38.0,38.4,39.2,40.1,41.2,42.2,43.3,44.2
22:39:34.718,89.6,54.2,72.1,73.9,76.5,77.1,75.8,71.1,69.6,66.2,67.3,64.7,65.2,63.6,61.4,58.7,55.2,53.1,51.7,50.1,48.7,48.3,48.1,46.5,44.0,40.5,38.7,38.4,38.5,37.8,37.3,37.7,38.4,39.0,40.1,41.2,42.2,43.2,44.2
22:39:35.718,83.6,53.4,70.4,73.1,69.2,74.3,71.7,71.8,67.9,63.5,63.3,64.4,63.1,57.8,58.4,55.5,52.2,49.1,50.5,49.3,46.6,47.6,45.4,45.9,43.2,39.8,38.5,37.8,37.5,38.1,37.3,37.8,38.5,39.6,40.0,41.2,42.3,43.2,44.3
22:39:36.718,84.3,53.2,70.0,68.7,65.8,68.2,70.1,69.7,70.1,65.4,63.9,62.3,60.8,57.8,57.0,51.7,50.8,51.1,49.3,49.7,48.2,46.8,46.3,45.4,42.6,40.7,38.7,37.8,38.2,38.3,37.5,37.9,38.4,39.1,40.2,41.4,42.3,43.3,44.2
22:39:37.718,83.9,53.2,68.8,69.9,73.4,72.8,70.7,65.8,69.1,65.5,62.2,61.4,57.1,55.1,53.2,53.0,51.0,49.3,49.9,48.9,48.3,47.5,46.2,45.9,43.0,40.2,38.2,37.7,38.1,38.0,37.8,37.9,38.6,39.3,40.2,41.2,42.2,43.1,44.2
22:39:38.718,85.4,52.4,70.0,71.5,72.4,72.1,70.0,69.0,72.2,64.9,66.9,63.2,58.3,55.2,51.6,50.6,51.3,48.4,47.4,47.0,46.2,44.8,45.2,44.3,41.7,39.3,37.5,37.0,37.4,37.3,37.1,37.6,38.3,39.4,40.3,41.2,42.2,43.1,44.4
22:39:39.718,88.0,52.9,72.0,69.6,68.9,68.6,69.9,74.1,69.7,66.6,64.9,59.2,59.7,55.3,53.4,53.2,50.4,50.8,48.7,47.9,47.3,46.0,46.0,45.2,41.9,38.9,37.9,37.1,37.5,37.8,37.5,38.2,38.5,39.2,40.3,41.2,42.2,43.2,44.3
22:39:40.718,86.0,53.2,72.5,72.5,74.6,73.1,70.5,69.9,73.3,71.8,66.7,62.5,59.5,56.3,55.1,53.8,50.8,51.0,49.9,48.4,47.2,45.9,46.6,45.3,42.5,40.1,39.1,38.2,37.7,38.2,37.8,37.9,38.4,39.4,40.2,41.2,42.0,43.1,44.3
22:39:41.718,83.8,53.6,70.9,70.4,68.1,71.1,71.3,69.5,68.2,66.6,64.3,62.3,56.0,55.5,52.3,52.4,52.8,50.4,48.9,48.8,47.3,47.9,46.3,45.6,43.4,40.9,39.6,38.4,38.3,38.1,37.9,38.2,38.5,39.2,40.1,41.1,42.3,43.1,44.1
22:39:42.718,86.7,53.9,69.9,71.2,73.3,72.3,73.0,72.5,68.1,65.8,62.9,61.8,56.8,54.6,54.6,52.8,52.7,51.1,50.0,50.4,48.7,47.3,48.4,46.7,43.4,40.7,39.8,39.0,38.8,38.4,37.8,38.2,38.6,39.4,40.1,41.1,42.1,43.1,44.3
22:39:43.718,84.4,53.5,70.2,76.2,72.2,71.5,69.5,64.5,63.1,65.9,65.7,66.9,59.9,56.5,53.2,53.2,51.8,50.6,48.8,49.2,48.2,47.6,46.7,44.9,42.8,40.9,38.3,38.4,38.3,38.1,37.6,38.2,38.6,39.3,40.3,41.1,42.2,43.2,44.3
22:39:44.718,85.8,54.0,72.6,76.0,75.1,71.2,71.8,70.9,66.1,68.7,67.2,63.3,60.3,54.3,54.2,52.4,52.7,51.5,50.7,51.0,47.6,47.9,48.1,46.4,43.3,40.3,38.7,38.7,39.0,38.7,38.0,38.2,38.5,39.4,40.2,41.1,42.2,43.2,44.3
22:39:45.718,84.4,53.5,68.6,70.7,71.8,69.2,67.7,66.0,67.4,67.0,61.4,58.8,58.6,57.2,53.6,52.5,49.5,49.0,49.1,48.5,47.4,47.5,47.7,46.2,44.2,40.5,38.2,37.7,38.8,38.1,37.5,37.8,38.4,39.3,40.1,41.2,42.1,43.2,44.2
22:39:46.718,83.5,53.4,70.3,72.8,72.5,72.2,69.9,70.7,69.7,64.6,63.4,62.2,62.7,59.9,56.4,55.8,54.1,49.8,48.3,48.4,46.3,45.8,46.9,46.4,43.3,40.5,39.1,37.9,38.4,37.7,37.6,37.3,38.5,39.1,40.2,41.1,42.2,43.2,44.3
22:39:47.718,84.1,53.4,71.2,66.5,62.5,67.7,69.2,70.6,69.8,68.2,64.5,62.4,61.7,59.3,55.3,54.8,52.4,50.5,49.2,47.4,46.3,45.9,46.1,45.5,43.0,40.6,38.6,38.0,38.4,38.3,37.5,37.8,38.4,39.2,40.1,41.1,42.3,43.0,44.1
22:39:48.718,84.0,54.0,71.0,67.9,63.5,69.3,72.5,71.1,70.1,62.4,64.3,63.7,61.0,60.7,57.1,55.9,53.4,52.1,50.5,50.7,48.1,46.3,47.4,46.6,43.3,40.9,39.3,38.0,38.2,38.1,37.3,37.8,38.2,39.4,40.1,41.1,42.2,43.3,44.3
22:39:49.718,81.9,53.6,69.8,63.9,66.2,65.3,67.7,71.2,66.8,65.0,63.4,61.1,58.0,56.9,57.5,54.5,50.8,51.0,50.8,49.0,47.0,47.2,47.2,46.1,42.5,40.3,38.6,37.7,37.6,37.4,37.3,37.8,38.5,39.1,40.2,41.3,42.1,43.2,44.3
22:39:50.718,80.5,53.5,70.5,67.9,63.4,66.6,66.5,69.7,65.6,65.9,64.6,63.7,62.1,58.2,57.8,56.4,54.5,51.5,49.8,47.3,47.1,47.3,46.0,45.3,42.5,39.6,39.2,38.1,37.9,38.1,37.5,37.8,38.3,39.2,40.3,41.1,42.0,43.2,44.1
22:39:51.718,87.1,54.3,73.3,66.9,71.9,74.6,73.7,72.1,74.5,68.1,68.7,65.7,64.9,63.0,62.8,61.8,59.6,53.8,52.0,51.4,49.7,47.2,47.6,46.2,42.3,39.8,39.0,38.3,38.0,37.7,37.6,37.7,38.6,39.3,40.3,40.8,42.1,43.2,44.2
22:39:52.718,83.8,53.9,71.7,71.6,70.0,70.4,70.4,67.2,67.8,65.4,63.7,65.1,60.6,61.2,59.3,56.1,52.5,51.9,50.4,49.6,48.6,47.1,46.9,46.3,44.1,40.6,39.1,38.4,38.4,37.6,37.1,37.8,38.6,39.2,40.2,41.1,42.1,43.1,44.1
22:39:53.718,86.0,53.8,71.4,69.9,70.4,70.5,71.3,70.2,68.4,67.1,64.3,64.1,61.0,59.8,57.8,55.9,53.8,53.0,50.3,49.0,47.7,46.3,47.6,45.0,43.4,40.3,38.4,37.7,38.5,38.4,37.3,37.9,38.3,39.3,40.1,41.2,42.2,43.3,44.3
22:39:54.718,85.3,52.8,70.9,73.9,74.1,72.5,70.0,70.5,68.1,67.3,67.3,66.3,62.1,61.2,55.5,57.0,50.7,48.1,47.2,47.3,45.6,45.9,45.4,44.8,42.4,39.9,37.7,37.2,37.5,37.9,37.7,37.6,38.7,39.1,40.2,41.2,42.2,43.3,44.2
22:39:55.718,82.3,52.9,71.1,75.4,70.6,70.1,69.5,69.3,68.7,68.4,65.1,64.4,62.4,58.6,56.8,54.4,49.9,46.6,46.9,47.0,47.1,45.5,46.0,45.8,42.1,39.7,38.4,37.1,38.0,37.9,37.3,37.8,38.2,39.2,40.1,41.2,42.0,43.3,44.3
22:39:56.718,82.5,53.5,70.5,72.9,70.4,71.6,70.4,71.0,69.1,67.0,66.1,65.2,62.2,60.8,58.4,57.3,51.4,49.4,48.9,47.2,48.0,47.4,47.6,46.2,43.0,40.1,38.7,38.3,37.9,37.7,37.6,37.8,38.2,39.3,40.2,41.1,42.2,43.2,44.3
22:39:57.718,84.5,54.3,70.8,72.4,74.2,68.1,68.9,68.6,64.3,64.7,64.6,62.9,59.9,58.1,53.3,52.2,52.9,50.7,51.1,50.4,48.8,48.6,48.1,46.9,43.8,40.8,40.2,39.1,38.5,38.4,37.6,38.0,38.5,39.4,40.2,41.2,42.2,43.2,44.2
22:39:58.718,81.1,54.6,70.2,69.5,71.6,72.3,67.8,67.8,65.4,67.4,65.4,64.6,60.7,58.6,57.3,52.6,56.5,55.6,52.0,50.9,49.7,48.7,47.6,46.5,44.0,41.4,39.8,38.8,38.2,38.2,37.9,38.2,38.4,39.2,40.2,41.2,42.2,43.2,44.2
22:39:59.718,82.8,53.9,67.9,69.0,69.5,63.5,62.7,65.9,61.4,58.7,62.9,58.5,57.8,56.7,52.5,52.6,51.3,50.9,50.1,48.7,47.0,47.7,47.3,46.0,43.4,41.0,40.3,38.8,39.1,38.4,38.0,38.5,38.9,39.5,40.3,41.3,42.3,43.1,44.3
22:40:00.718,85.0,54.1,68.9,65.6,66.7,67.6,66.3,67.0,65.3,64.5,62.7,60.5,60.1,57.5,55.1,54.1,51.2,50.2,50.9,49.9,48.3,47.9,48.1,47.4,44.0,40.6,39.3,39.5,39.0,38.6,38.1,38.0,38.5,39.0,40.3,41.1,42.2,43.1,44.2
22:40:01.718,85.3,54.7,70.4,73.5,74.2,73.1,67.6,72.1,68.4,68.1,62.9,64.2,62.4,58.5,59.9,55.4,52.8,52.8,51.0,50.3,49.5,48.5,47.9,47.2,44.3,40.9,41.1,40.5,40.0,39.6,38.7,38.6,38.8,39.3,40.3,41.3,42.2,43.2,44.3
22:40:02.718,84.8,55.0,68.7,75.1,72.4,69.8,69.0,66.5,65.3,64.6,61.9,63.3,61.9,59.3,57.0,54.8,55.0,51.7,52.2,51.4,51.2,49.3,48.6,47.9,44.9,40.8,40.0,39.6,40.0,39.3,38.2,38.4,38.7,39.4,40.2,41.2,42.2,43.2,44.3
22:40:03.718,83.6,55.0,69.0,68.3,67.8,68.3,67.9,64.2,64.5,63.8,60.1,61.1,59.5,56.8,54.4,54.5,53.2,52.7,52.5,52.0,49.4,48.7,48.4,48.5,44.3,41.3,40.7,39.2,39.6,39.1,38.4,38.6,38.6,39.5,40.3,41.3,42.2,43.1,44.2
