AMBIENT,68.9,49.4,52.1,37.6,34.1,32.8,34.2,34.5,34.9,37.4,39.8,39.4,41.6,47.2,41.4,40.8,35.8,31.6,32.1,33.3,34.0,34.2,33.2,32.4,32.0,32.3,33.2,33.9,34.9,35.8,36.8,37.8,38.8,39.7,40.7,41.7,42.7,43.7,44.7
22:35:39.459,69.4,48.6,52.1,44.5,40.0,37.7,33.6,31.1,36.6,35.4,39.4,36.3,42.4,46.1,41.2,39.1,35.5,30.3,32.6,33.1,33.2,32.7,33.0,31.6,32.0,32.0,33.3,34.0,35.0,35.5,36.6,37.8,38.8,39.8,40.8,41.7,42.7,43.7,44.6
22:35:40.459,75.9,48.6,52.0,46.9,41.6,38.2,38.2,35.7,34.4,35.9,42.3,39.0,42.8,47.6,40.9,39.9,35.8,31.8,31.9,33.8,33.2,33.4,32.7,32.3,32.4,31.7,33.0,33.9,35.0,35.8,36.9,37.9,38.8,39.4,40.7,41.8,42.9,43.8,44.7
22:35:41.459,75.5,48.7,52.5,36.3,33.1,33.2,36.8,35.7,35.2,39.0,42.4,44.3,43.5,47.2,43.1,41.4,37.2,31.3,33.4,33.8,35.0,34.7,32.6,34.3,32.4,32.1,33.2,34.0,34.9,35.6,36.7,37.9,38.8,39.7,40.7,41.8,42.9,43.7,44.8
22:35:42.459,72.4,48.6,51.9,37.5,30.4,28.2,35.7,37.1,37.0,39.1,43.1,40.4,42.9,46.7,42.3,41.4,36.8,33.3,32.6,34.2,33.4,34.6,33.0,32.3,31.6,32.1,33.1,34.0,34.8,36.0,36.6,37.4,38.6,39.5,40.5,41.8,42.8,43.7,44.7
22:35:43.459,69.5,48.6,50.7,29.1,26.7,30.5,35.4,35.5,27.0,30.3,38.8,36.7,40.4,44.0,41.6,37.8,35.5,31.6,33.0,32.6,34.3,33.7,32.1,32.6,32.0,32.5,33.3,33.8,34.9,35.5,36.8,37.6,38.6,39.6,40.7,41.7,42.7,43.8,44.8
22:35:44.459,67.6,48.6,51.0,38.3,34.5,29.6,33.3,33.0,28.4,33.2,36.5,38.7,41.6,45.4,36.9,37.7,35.7,30.0,31.2,33.0,33.0,34.5,33.0,32.2,31.9,32.4,33.1,33.6,35.2,35.8,36.5,37.8,38.8,40.0,40.8,41.6,42.8,43.7,44.8
22:35:45.459,70.7,48.5,51.5,29.6,25.8,30.3,30.4,30.8,31.0,29.8,35.3,39.2,39.5,47.3,40.2,37.3,34.1,31.0,32.4,33.2,33.9,34.1,32.9,32.2,31.9,32.4,33.2,33.9,34.9,35.7,36.5,37.6,38.5,39.4,40.6,41.6,42.6,43.8,44.8
22:35:46.459,64.9,48.7,51.8,33.5,30.3,27.6,37.1,35.4,32.5,29.9,39.0,37.7,41.8,46.7,41.9,42.3,37.0,31.8,32.7,32.6,34.5,35.8,33.5,31.9,32.3,32.4,33.1,33.9,34.9,35.9,36.9,37.7,38.9,39.9,40.7,41.7,42.8,43.8,44.7
22:35:47.459,66.2,48.6,51.4,28.7,30.1,30.3,35.7,34.9,29.1,32.7,40.2,36.5,38.8,48.6,39.4,40.6,36.4,30.0,30.5,34.0,34.5,33.3,33.2,32.1,31.3,32.1,33.3,34.4,34.3,36.0,37.1,37.8,38.7,39.7,40.7,41.5,42.7,43.8,44.7
22:35:48.459,55.9,48.6,51.9,26.6,26.1,27.9,35.7,36.4,35.3,37.0,37.7,34.7,41.6,49.0,38.8,39.9,34.1,31.4,31.5,31.4,33.1,33.8,33.1,32.2,31.9,32.4,33.7,33.7,34.8,36.0,37.0,37.8,38.8,39.9,40.8,41.8,42.7,43.7,44.7
22:35:49.459,60.6,48.6,51.7,36.6,30.2,28.6,28.0,33.4,30.4,36.7,41.6,39.2,41.4,48.5,40.8,40.3,35.2,30.4,31.2,32.1,33.9,34.3,33.0,33.2,32.0,32.3,33.2,34.3,35.3,35.5,36.8,37.8,38.8,39.6,40.7,41.6,42.6,43.7,44.6
22:35:50.459,68.1,48.7,51.1,28.5,29.8,27.5,32.4,34.8,30.0,32.1,38.9,36.5,42.0,47.3,37.5,38.7,33.7,30.0,29.8,31.6,32.1,34.2,33.4,32.2,32.6,32.6,33.8,34.4,34.7,35.9,36.6,38.1,39.1,39.5,40.8,41.7,42.7,43.7,44.7
22:35:51.459,60.7,48.7,52.8,32.9,32.7,30.3,33.3,34.5,36.5,37.2,42.0,41.1,43.3,48.9,44.3,44.2,37.6,32.2,30.9,34.2,35.4,33.9,33.1,32.3,31.4,32.0,33.4,34.6,34.8,35.5,36.8,37.8,38.7,39.6,40.7,41.8,42.8,43.7,44.6
22:35:52.459,63.4,48.8,53.2,39.8,38.6,34.8,32.8,35.3,35.6,35.9,41.6,42.7,39.4,48.1,44.4,44.4,37.2,31.7,32.9,34.6,35.9,35.0,34.1,32.8,33.0,32.3,32.8,33.9,34.8,36.0,37.0,37.9,38.9,39.6,40.8,41.8,42.6,43.8,44.8
22:35:53.459,62.4,48.7,52.9,43.7,35.9,30.8,29.6,31.1,31.0,35.5,43.2,40.6,40.5,48.0,43.7,46.1,35.6,32.9,32.2,32.6,34.4,34.9,34.1,31.5,31.5,32.2,33.3,34.2,35.0,35.8,36.8,37.7,38.7,39.7,40.6,41.6,42.8,43.8,44.8
22:35:54.459,70.1,48.7,52.9,54.6,48.2,45.0,41.4,37.5,38.5,40.8,45.3,39.5,41.2,47.9,42.8,46.0,36.6,32.0,31.3,33.2,33.6,33.4,33.5,32.1,32.4,32.9,33.4,33.7,34.8,36.0,37.0,37.6,38.7,39.5,40.7,41.7,42.7,43.9,44.8
22:35:55.459,75.1,48.7,52.5,56.1,47.6,37.7,41.4,38.8,35.3,38.0,40.4,35.5,39.9,48.3,41.2,45.6,35.1,32.1,31.0,34.5,35.2,34.3,33.5,32.2,31.7,32.6,32.8,34.0,34.9,36.0,36.9,38.0,38.6,39.8,40.7,41.6,42.7,43.8,44.9
22:35:56.459,75.7,48.6,53.3,45.8,41.8,40.5,41.5,39.8,39.3,41.5,41.5,38.8,40.2,50.1,39.6,46.2,35.9,31.8,33.0,33.8,34.6,33.3,32.7,32.3,32.8,32.4,33.2,34.0,34.8,35.9,36.5,37.9,38.7,39.7,40.7,41.8,42.5,43.8,44.8
22:35:57.459,70.3,48.6,54.1,48.0,48.8,50.7,46.2,46.3,44.8,45.5,40.4,37.3,40.7,49.8,41.2,45.7,35.6,32.2,33.7,32.8,32.8,33.7,32.4,32.5,31.0,31.9,33.1,34.0,35.0,35.9,36.6,37.4,39.0,39.6,40.8,41.8,42.6,43.7,44.7
22:35:58.459,73.5,48.6,54.6,58.3,51.3,50.1,47.0,44.2,46.0,49.1,44.0,40.5,42.1,49.8,39.5,46.8,36.5,30.7,32.5,33.1,33.0,32.4,32.6,32.2,31.8,32.5,32.9,34.0,35.0,35.8,37.1,37.7,38.7,39.8,40.7,41.9,42.8,43.8,44.7
22:35:59.459,68.3,48.6,55.4,56.5,53.6,53.4,48.3,48.2,49.9,51.6,46.9,42.1,42.9,49.4,41.5,45.8,35.4,33.7,32.0,32.6,34.0,32.6,32.9,31.9,32.3,32.8,32.9,34.4,34.6,35.8,36.8,37.6,38.5,39.5,40.8,41.6,42.8,43.8,44.9
22:36:00.459,70.7,48.6,56.5,61.0,58.2,53.6,52.1,50.4,56.1,51.9,47.4,46.2,45.2,48.7,39.1,44.9,37.8,34.4,33.8,32.6,33.2,33.2,32.4,31.8,31.8,31.9,32.7,34.2,34.3,36.0,36.8,38.0,38.9,39.7,40.7,41.6,42.7,43.8,44.9
22:36:01.459,75.5,48.7,60.5,59.0,63.5,63.5,63.0,59.0,54.7,55.1,53.8,47.5,51.2,53.2,48.5,47.6,41.3,39.4,35.2,34.6,34.5,33.1,32.5,32.4,31.8,32.1,33.3,33.7,34.5,35.8,36.5,37.8,38.8,39.7,40.7,41.9,42.7,43.8,44.8
22:36:02.459,78.0,48.9,66.5,63.8,67.7,69.7,61.1,59.2,57.9,65.2,66.0,57.3,57.1,55.9,50.6,51.6,45.3,40.7,37.7,34.7,33.9,33.7,33.0,32.3,31.7,32.7,33.3,34.6,34.9,35.4,36.4,37.6,38.8,39.7,40.5,41.7,42.7,43.7,44.7
22:36:03.459,80.8,49.0,69.2,70.6,67.5,70.9,69.7,67.6,66.0,66.4,61.3,61.9,60.6,58.0,55.1,52.4,47.7,45.1,38.8,34.4,34.2,34.4,33.0,31.7,31.9,32.6,32.8,33.6,35.0,35.9,36.6,37.8,38.5,39.5,40.5,41.8,42.7,43.8,44.7
22:36:04.459,81.5,49.6,71.9,70.8,73.5,73.1,67.7,67.8,70.1,71.6,65.7,65.9,61.8,58.5,57.4,54.7,49.7,47.4,43.0,38.3,34.9,33.7,32.8,32.5,32.3,32.5,33.3,33.8,34.3,35.8,36.7,38.1,38.7,39.5,40.7,41.8,42.7,43.6,44.7
22:36:05.459,85.2,49.8,72.1,66.4,71.6,74.1,73.3,70.9,67.0,68.6,69.5,64.1,61.4,61.2,58.2,55.2,52.3,48.3,44.6,40.0,35.1,33.4,31.9,31.9,32.7,32.4,32.8,33.8,34.9,36.2,36.8,37.7,38.7,39.7,40.6,41.6,42.8,43.7,44.7
22:36:06.459,82.9,50.2,71.9,73.1,74.6,71.8,67.7,66.8,65.1,67.5,69.0,64.5,62.4,61.1,60.1,56.9,54.2,49.9,44.1,41.2,36.8,35.3,33.6,32.9,32.4,32.5,33.1,34.1,34.9,35.8,36.8,37.8,38.8,39.5,40.7,41.5,42.6,43.5,44.8
22:36:07.459,84.7,50.3,72.1,72.8,72.5,73.2,71.5,72.6,69.9,67.0,65.5,62.6,63.1,62.0,58.5,59.6,54.1,48.9,46.1,42.0,37.0,34.4,33.1,32.7,31.9,32.6,32.8,34.3,34.8,35.8,36.6,37.7,38.7,39.6,40.5,41.6,42.8,43.8,44.7
22:36:08.459,81.5,50.8,73.0,72.0,70.1,68.8,70.1,71.6,67.3,68.1,69.4,64.2,64.6,63.9,61.2,59.2,56.4,51.0,46.7,42.5,37.7,35.2,32.1,31.9,32.1,32.1,33.5,33.8,35.3,35.8,36.6,37.8,38.6,39.5,40.7,41.7,42.7,43.7,44.8
22:36:09.459,81.6,52.2,74.7,66.6,70.2,72.9,72.4,67.3,67.3,66.8,70.4,69.6,68.8,67.4,64.5,63.8,58.2,54.7,48.8,44.6,38.8,34.3,33.6,31.9,32.2,32.8,33.4,34.2,35.1,35.6,37.0,38.2,39.0,39.8,40.5,41.6,42.8,43.7,44.7
22:36:10.459,83.8,55.1,78.2,67.9,70.0,72.0,70.6,65.0,67.6,66.3,71.8,72.7,73.6,69.0,65.4,65.4,61.9,60.1,53.4,47.4,43.0,38.3,34.9,31.5,31.9,32.0,33.1,34.1,34.6,35.3,36.8,37.8,38.7,39.6,40.8,41.6,42.6,43.7,44.7
22:36:11.459,84.3,57.0,80.1,71.1,69.7,67.9,68.4,67.3,74.6,72.0,75.8,75.1,72.4,73.6,71.6,68.9,65.0,63.2,58.0,51.6,48.5,42.0,38.5,34.2,32.5,32.2,33.0,34.1,34.8,35.9,36.7,37.5,38.5,39.7,40.5,41.6,42.7,43.7,44.9
22:36:12.459,85.6,58.3,82.1,70.9,69.0,70.8,70.3,66.7,72.4,73.8,78.5,79.4,74.8,75.0,72.9,70.3,67.0,62.9,57.7,54.1,48.9,44.3,38.9,35.6,33.3,32.5,33.5,34.2,35.2,35.8,36.6,37.6,38.8,39.8,40.7,41.8,42.6,43.9,44.8
22:36:13.459,86.3,58.0,82.4,67.4,69.7,75.4,75.8,73.2,78.6,75.9,77.2,77.0,78.1,74.6,71.2,70.4,66.9,62.2,57.3,54.7,49.2,44.5,39.8,35.5,33.6,33.0,33.1,34.0,34.7,35.9,36.9,37.5,39.0,39.6,40.8,41.8,42.7,43.7,44.7
22:36:14.459,85.7,56.2,81.5,64.4,64.5,71.5,72.3,75.6,77.7,74.0,77.2,80.1,71.8,72.1,67.8,67.6,63.7,59.5,54.2,50.5,45.1,41.2,37.0,35.2,32.9,32.7,33.6,34.2,35.4,36.0,36.6,37.6,38.6,39.6,40.6,41.7,42.8,43.7,44.8
22:36:15.459,83.1,54.0,77.7,67.5,71.4,70.4,72.3,72.7,71.7,74.3,72.8,70.3,71.5,69.5,67.3,64.2,60.9,56.1,53.0,49.0,43.9,39.7,36.4,33.4,32.6,33.0,32.7,34.0,34.9,36.1,36.8,37.7,38.7,39.4,40.6,41.6,42.8,43.7,44.8
22:36:16.459,81.7,52.3,74.8,63.4,71.9,76.0,73.5,70.4,69.2,68.6,69.4,67.5,67.4,63.9,60.8,60.5,56.9,55.1,50.3,45.7,42.2,37.4,35.1,33.7,33.0,32.6,33.3,34.5,35.1,35.8,36.7,37.7,38.5,39.9,40.7,41.6,42.7,43.6,44.7
22:36:17.459,81.7,51.3,73.9,69.1,69.1,68.9,73.9,73.9,68.8,64.9,69.3,68.7,66.0,66.0,59.9,59.7,55.5,52.7,47.9,45.2,40.4,38.0,34.7,32.7,31.9,32.6,33.1,33.8,34.7,35.7,36.6,37.8,38.8,39.7,40.5,41.5,42.5,43.8,44.7
22:36:18.459,82.1,51.1,73.7,64.1,70.4,75.7,73.8,70.8,71.1,68.9,68.0,66.5,60.2,60.8,62.4,59.6,54.8,52.7,47.4,44.7,40.7,36.7,34.7,32.9,32.0,32.3,33.1,33.7,34.8,36.1,36.7,37.8,38.8,39.6,40.7,41.7,42.8,43.8,44.7
22:36:19.459,84.9,51.2,74.8,72.0,71.2,69.2,71.9,72.6,69.1,68.6,67.6,68.5,64.7,62.8,61.2,59.5,54.7,52.7,49.1,45.0,40.8,36.5,33.2,31.8,31.6,31.9,33.2,34.0,35.0,36.0,36.6,37.8,38.9,39.5,40.8,41.8,42.6,43.7,44.7
22:36:20.459,85.1,51.6,76.2,73.2,67.9,75.6,77.2,77.5,72.0,70.8,69.8,70.1,67.0,64.8,65.0,61.7,58.6,52.1,48.6,43.1,37.5,36.4,33.5,32.5,32.1,32.8,32.9,34.3,35.0,35.8,36.7,37.5,38.6,39.6,40.8,41.7,42.7,43.8,44.7
22:36:21.459,84.7,51.1,75.4,74.6,75.2,76.4,76.2,72.1,67.2,74.7,70.4,63.0,64.2,63.8,62.2,59.5,54.9,53.1,47.1,44.3,38.4,35.7,33.5,32.5,31.9,32.2,32.8,34.0,34.7,35.6,37.0,37.7,38.6,39.7,40.6,41.6,42.5,43.7,44.6
22:36:22.459,86.3,51.4,77.4,77.8,78.5,78.8,77.0,77.9,77.2,73.6,72.9,67.5,65.8,65.6,63.7,59.6,57.6,51.3,47.3,42.8,38.7,35.4,34.1,32.7,31.8,31.9,33.4,34.3,35.0,35.9,36.6,37.8,38.5,39.7,40.9,41.8,42.8,43.7,44.8
22:36:23.459,86.4,52.7,77.4,70.6,73.4,75.1,78.9,76.8,73.3,71.7,72.6,71.3,68.0,64.6,64.5,62.3,60.8,54.7,49.9,44.7,38.7,35.7,33.1,32.6,31.7,32.2,33.2,33.9,35.0,36.1,36.6,37.9,38.8,39.8,40.6,41.6,42.6,43.6,44.7
22:36:24.459,88.3,52.9,80.3,72.6,72.8,76.7,81.3,84.3,75.0,75.9,71.0,68.5,70.2,73.6,64.3,62.0,58.7,55.2,49.6,44.5,39.8,36.0,33.8,32.4,32.4,32.4,32.8,33.8,34.6,36.1,36.4,37.7,38.7,39.7,40.7,41.7,42.7,43.9,44.7
22:36:25.459,89.8,53.3,80.9,75.4,80.2,84.5,85.6,79.4,74.3,76.7,76.9,77.5,73.0,68.7,64.8,61.6,59.9,57.3,50.7,45.3,39.2,35.8,33.8,32.6,32.4,32.1,33.1,34.0,35.0,35.2,37.0,38.1,38.7,39.6,40.8,41.6,42.7,43.7,44.6
22:36:26.459,92.2,53.8,83.5,80.9,79.5,83.9,83.7,85.2,85.5,77.1,78.2,74.6,72.7,69.6,66.3,62.7,60.0,56.0,50.4,47.9,41.6,37.6,34.0,32.9,32.4,32.3,32.7,34.1,34.9,35.9,37.1,37.8,38.7,39.7,40.9,41.9,42.6,43.6,44.7
22:36:27.459,92.4,54.2,85.1,72.9,77.7,79.5,82.9,83.3,86.0,84.2,73.9,75.5,73.7,69.0,66.8,62.1,60.2,57.3,50.2,46.7,42.3,36.9,35.4,33.8,32.4,32.9,33.5,33.7,35.1,35.6,36.8,38.0,38.7,39.9,40.7,41.8,42.7,43.7,44.8
22:36:28.459,93.8,56.0,86.3,76.1,76.7,82.4,84.7,86.5,81.2,81.5,81.3,79.1,73.5,71.0,70.7,67.1,64.2,58.6,54.2,49.4,44.6,38.6,36.1,34.0,32.4,32.5,33.3,34.1,35.0,35.6,36.7,37.6,38.7,39.6,40.5,41.7,42.6,43.7,44.7
22:36:29.459,93.9,56.9,88.2,78.7,76.4,77.5,82.0,84.2,86.0,83.3,85.2,81.9,76.9,72.0,67.1,65.5,64.2,57.5,52.9,47.5,43.9,38.9,35.9,33.5,33.1,32.5,33.6,33.6,35.1,36.1,36.8,37.8,38.9,39.5,40.6,41.6,42.6,43.6,44.9
22:36:30.459,96.8,58.5,89.6,86.2,86.5,84.1,86.5,89.4,91.5,84.4,80.8,84.0,83.7,78.4,72.0,65.5,62.8,60.9,56.6,50.5,45.5,40.7,37.2,33.9,33.5,32.1,33.4,33.8,35.3,35.8,36.8,37.8,38.9,39.6,40.8,41.8,42.7,43.6,44.7
22:36:31.459,95.6,58.4,89.5,84.2,84.9,81.3,81.2,86.7,88.4,89.2,88.2,80.1,77.5,78.2,71.8,66.2,64.5,62.0,54.0,53.1,47.4,42.4,38.2,35.3,32.6,32.7,33.4,34.5,35.3,35.8,37.0,37.8,38.6,39.6,40.7,41.6,42.7,43.7,44.7
22:36:32.459,97.9,62.3,90.9,85.8,85.9,86.0,86.3,88.4,85.2,87.8,88.8,83.5,80.8,77.7,78.5,75.5,70.6,65.6,60.3,54.6,50.8,45.6,41.1,36.4,34.0,33.1,33.6,34.2,35.1,35.7,37.0,38.2,38.7,39.5,40.9,41.8,42.7,43.8,44.9
22:36:33.459,102.2,64.5,94.2,89.2,96.1,97.2,96.3,92.8,88.8,86.4,85.4,90.1,86.4,81.9,77.2,75.5,72.2,66.1,61.6,56.5,52.3,47.4,42.3,36.9,33.7,32.3,33.5,34.1,35.1,36.0,36.5,37.7,38.7,39.7,40.7,41.9,42.7,43.7,44.8
22:36:34.459,102.3,67.2,96.1,87.5,87.5,90.8,96.4,92.1,91.4,91.6,92.8,87.6,89.7,87.6,80.1,77.8,73.3,67.0,66.1,61.5,58.6,51.4,47.9,42.2,38.5,36.0,34.4,34.6,34.7,35.6,36.7,37.8,38.8,39.6,40.6,41.5,42.7,43.6,44.6
22:36:35.459,106.6,73.9,101.6,85.2,89.7,95.8,97.1,99.4,99.6,100.6,95.5,94.4,92.4,91.1,86.1,85.6,80.7,73.2,69.0,63.5,57.3,54.6,50.2,45.0,39.1,36.5,33.6,34.5,35.0,35.7,36.5,37.7,38.6,39.8,40.7,41.8,42.8,43.8,44.7
22:36:36.459,106.9,76.1,101.6,96.2,95.5,94.0,95.8,99.7,95.3,98.2,97.7,95.1,91.0,92.3,92.3,85.8,84.9,82.0,77.0,71.0,65.9,59.8,57.3,52.6,48.2,43.2,40.0,36.6,35.0,35.8,36.7,37.6,38.5,39.5,40.7,41.9,42.8,43.7,44.6
22:36:37.459,104.2,71.8,98.9,89.9,92.7,92.1,96.7,98.4,95.5,92.1,91.5,90.9,93.7,89.9,86.0,85.2,80.1,75.7,70.5,63.6,59.7,56.7,51.3,45.4,37.8,33.9,33.8,33.9,34.7,36.1,36.9,37.9,38.8,39.6,40.8,41.5,42.6,43.9,44.7
22:36:38.459,105.2,71.8,100.1,84.4,91.8,92.8,96.9,96.1,95.6,95.3,94.7,93.1,91.7,89.2,87.2,83.4,73.7,73.5,69.8,63.5,58.1,51.5,49.8,43.9,39.1,34.9,34.6,34.7,35.1,36.1,36.6,37.8,38.8,39.6,40.7,41.7,42.8,43.6,44.7
22:36:39.459,105.9,77.9,102.0,87.1,89.4,91.1,92.5,91.9,96.1,96.1,98.1,97.4,93.3,93.8,91.2,90.3,87.1,84.6,80.9,76.6,73.1,69.1,64.5,60.3,53.8,43.5,36.0,35.8,35.1,35.8,36.9,37.7,38.8,39.3,40.6,41.7,42.7,43.8,44.8
22:36:40.459,106.5,72.2,101.3,95.5,93.0,92.3,93.9,95.2,98.4,101.3,94.6,95.8,92.4,90.7,85.2,81.4,74.4,71.7,72.3,69.9,63.6,56.1,49.2,45.8,37.5,34.2,33.6,34.0,34.5,35.6,36.8,37.7,38.6,39.7,40.7,41.9,42.8,43.8,44.7
22:36:41.459,105.5,72.7,98.9,92.2,97.2,95.1,95.0,97.7,98.0,96.8,94.0,87.7,87.9,84.7,82.1,84.4,83.6,80.0,74.3,66.4,60.5,54.3,51.2,46.1,39.8,35.5,33.8,34.2,34.7,35.6,36.6,37.7,38.6,39.5,40.7,41.5,42.7,43.7,44.8
22:36:42.459,106.0,69.8,98.3,86.6,84.7,95.8,100.7,99.6,96.8,94.7,91.8,90.0,86.7,85.6,84.8,83.6,75.4,70.4,70.9,66.2,59.3,54.1,51.6,45.8,43.2,35.4,33.9,33.9,35.1,35.7,36.6,37.9,38.8,39.7,40.8,41.8,42.6,43.8,44.7
22:36:43.459,104.7,66.3,97.5,93.9,97.1,95.3,96.7,95.4,93.5,95.3,92.3,90.3,86.7,83.0,78.5,78.1,71.9,71.9,64.5,60.1,53.8,47.2,42.4,36.5,31.8,32.5,33.0,34.2,35.0,35.5,37.2,37.7,38.8,39.7,40.5,41.8,42.7,43.8,44.6
22:36:44.459,107.9,80.1,102.4,93.7,98.1,98.7,97.2,96.6,96.5,94.1,98.1,97.2,95.1,93.2,90.8,90.4,88.8,84.7,80.7,78.6,75.8,72.0,71.2,69.6,68.1,64.3,61.0,58.9,50.7,44.2,43.3,43.0,39.9,40.3,40.6,41.6,42.7,43.6,44.6
22:36:45.459,109.4,75.1,103.1,92.5,95.3,95.1,102.8,103.7,103.9,99.0,96.2,96.6,95.1,92.8,90.8,86.0,81.2,74.4,70.8,67.9,64.0,58.4,52.5,45.7,43.4,38.8,35.4,34.8,35.1,35.9,37.0,38.0,38.7,39.7,40.8,41.7,42.6,43.4,44.7
22:36:46.459,107.4,77.0,103.2,90.0,90.9,94.8,97.4,93.1,98.9,99.2,99.4,99.6,95.0,94.4,91.5,89.5,83.5,79.8,75.1,72.5,68.8,61.9,56.8,52.2,47.3,43.0,37.0,34.3,35.4,35.6,37.1,37.9,38.9,39.6,40.8,41.7,42.6,43.7,44.9
22:36:47.459,107.1,76.4,101.7,89.9,94.1,92.5,97.2,101.5,97.2,96.8,97.7,95.0,94.6,91.8,89.6,88.3,85.6,83.5,80.7,74.6,69.4,63.2,61.0,54.5,49.5,43.8,39.9,36.9,36.1,36.0,36.9,37.9,38.8,39.8,40.7,41.6,42.9,43.7,44.8
22:36:48.459,104.5,68.9,96.9,92.8,94.3,97.3,98.8,95.6,90.7,93.2,93.8,86.8,90.4,84.5,82.3,78.4,74.6,69.4,68.9,66.7,61.2,55.1,48.0,44.3,38.4,35.4,34.1,34.3,35.0,35.9,37.1,38.0,38.7,39.7,40.6,41.7,42.7,43.7,44.8
22:36:49.459,102.0,64.8,94.0,90.8,90.4,92.7,95.8,93.9,90.4,90.8,89.1,88.5,84.6,80.3,78.3,73.8,71.3,72.3,68.0,59.9,57.6,49.3,41.3,36.1,33.7,32.4,33.0,33.8,35.2,35.7,37.1,37.9,38.5,39.8,40.8,41.8,42.4,43.8,44.8
22:36:50.459,102.5,65.5,94.3,91.5,92.0,92.4,94.1,92.3,91.4,89.4,87.8,91.1,82.4,80.1,80.8,75.7,73.6,71.8,65.2,60.8,56.1,49.6,42.0,39.2,34.8,32.5,33.4,34.2,34.8,36.0,36.8,37.7,38.6,39.6,40.7,41.6,42.7,43.6,44.7
22:36:51.459,104.5,69.1,96.7,91.8,98.4,97.5,93.5,96.6,94.5,92.1,86.8,89.1,86.0,84.7,82.0,82.6,75.8,71.8,68.3,62.9,58.9,50.0,42.4,36.3,33.7,33.4,33.5,34.0,35.3,35.6,36.5,37.6,38.8,39.6,40.8,41.7,42.8,43.7,44.7
22:36:52.459,105.4,61.9,94.5,97.8,98.4,97.9,99.2,91.5,87.8,88.0,91.3,84.7,82.4,82.0,75.8,71.5,66.6,63.8,58.0,56.8,50.2,44.5,39.3,35.2,32.7,32.7,33.4,33.8,35.0,35.9,36.8,37.7,38.6,39.7,40.6,41.7,42.7,43.7,44.7
22:36:53.459,104.4,64.2,95.1,91.9,96.6,95.4,95.2,93.9,92.0,90.4,89.3,88.3,82.9,81.2,78.3,71.5,65.7,62.0,61.6,59.3,51.5,46.3,39.5,34.3,33.1,32.5,33.1,34.1,35.1,35.7,36.4,37.6,38.7,39.6,40.7,41.8,42.6,43.6,44.8
22:36:54.459,104.8,69.9,97.7,92.9,90.3,95.1,97.5,95.9,92.4,89.3,92.3,91.5,88.0,86.7,82.8,80.0,78.3,74.8,70.8,64.1,57.7,50.9,46.5,42.7,37.0,33.7,33.9,34.3,34.8,36.1,36.9,37.6,38.8,39.6,40.8,41.5,42.6,43.7,44.8
22:36:55.459,105.4,70.4,97.4,94.6,100.7,100.0,95.4,91.2,91.6,93.8,93.3,90.2,88.5,86.6,84.4,80.3,78.3,75.3,70.7,65.6,58.0,50.3,42.9,40.1,34.6,32.8,33.5,33.8,34.9,35.6,36.8,37.8,38.8,39.7,40.7,41.6,42.8,43.7,44.8
22:36:56.459,104.4,68.9,96.5,89.0,90.8,95.0,94.8,97.6,95.4,93.0,92.1,88.0,86.8,87.0,83.7,81.0,76.0,73.0,70.4,68.6,64.8,58.6,53.5,45.9,45.8,39.3,33.4,34.4,35.6,35.5,36.7,37.8,38.7,39.8,40.6,41.8,42.6,43.6,44.8
22:36:57.459,104.8,68.5,96.1,97.0,97.6,92.6,92.1,92.0,92.9,94.4,89.6,87.4,88.1,87.0,81.0,79.3,76.3,73.9,67.0,61.1,52.2,42.7,40.4,36.1,35.3,32.8,33.3,34.2,34.9,35.7,36.8,37.7,38.8,39.6,40.5,41.7,42.8,43.9,44.8
22:36:58.459,106.2,68.5,96.2,99.1,98.7,99.7,92.8,91.7,92.0,95.2,91.7,84.7,88.6,84.9,81.4,79.3,78.1,74.4,69.6,64.5,57.9,50.7,43.7,36.5,32.9,32.9,33.1,33.5,34.8,35.8,36.8,37.4,38.6,39.7,40.6,41.6,42.8,43.7,44.8
22:36:59.459,106.4,66.0,96.8,96.7,97.1,96.0,95.6,95.2,96.2,93.7,92.4,87.3,88.1,83.8,78.7,75.1,70.0,69.3,61.7,57.0,51.6,44.7,38.8,36.3,33.3,32.4,33.8,33.9,34.6,35.8,37.0,37.8,38.9,39.8,40.6,41.7,42.7,43.7,44.8
22:37:00.459,104.0,64.7,95.2,89.7,91.1,93.5,92.4,93.0,90.3,86.1,91.6,87.0,86.4,81.9,74.8,70.9,71.5,67.7,63.3,58.6,52.5,44.4,38.4,35.1,32.5,32.5,32.9,34.1,35.4,36.0,36.7,37.8,39.0,39.6,40.7,41.7,42.6,43.9,44.8
22:37:01.459,104.1,65.6,96.1,94.3,95.2,95.7,94.4,93.4,92.3,95.6,91.7,88.2,83.6,79.6,79.9,75.8,72.9,71.2,68.2,64.9,58.6,51.4,45.6,40.9,34.4,32.4,33.6,34.3,35.2,36.1,36.6,38.0,38.9,39.7,40.7,41.7,42.5,43.8,44.7
22:37:02.459,106.0,68.1,96.3,91.1,96.1,100.5,98.4,90.4,91.4,92.5,90.5,87.1,87.1,84.9,79.6,77.2,74.6,71.6,67.3,62.3,56.6,49.8,44.9,40.3,33.4,33.3,33.2,33.6,34.6,35.8,36.8,37.4,38.6,39.6,40.7,41.7,42.8,43.7,44.7
22:37:03.459,104.7,68.4,95.9,93.8,95.4,97.7,99.0,93.6,88.3,89.1,91.1,90.7,87.7,83.4,83.2,79.5,78.9,73.1,66.0,61.4,55.1,50.1,45.2,40.8,33.4,32.5,33.2,34.2,35.0,35.8,36.6,38.0,38.7,39.5,40.6,41.6,42.7,43.7,44.8
22:37:04.459,101.6,67.9,93.9,90.6,91.6,92.4,90.8,91.6,93.2,91.0,87.3,85.4,85.2,83.9,81.6,78.6,76.1,73.7,71.2,68.0,62.2,55.9,49.9,43.3,35.3,32.6,33.3,33.9,34.8,35.5,37.1,37.8,39.0,39.6,40.6,41.6,42.7,43.7,44.7
22:37:05.459,104.2,63.6,93.9,91.8,92.4,96.9,91.5,89.7,87.5,88.2,89.2,85.4,81.9,82.2,76.7,73.7,68.3,62.2,56.9,54.4,48.6,43.6,38.3,35.3,32.6,32.7,33.7,33.4,34.5,35.6,36.5,37.8,38.9,39.7,40.5,41.6,42.7,43.8,44.9
22:37:06.459,105.0,64.0,94.8,96.1,98.3,96.4,94.0,91.5,95.2,94.1,90.7,85.3,86.0,79.9,78.3,75.2,72.2,70.7,65.7,60.4,54.4,50.4,45.5,38.8,33.5,33.0,33.0,34.5,34.5,36.4,36.9,37.8,38.7,39.6,40.6,41.6,42.8,43.8,44.7
22:37:07.459,106.5,69.1,96.5,99.1,99.0,97.6,95.1,95.2,95.1,94.9,94.0,90.4,83.9,85.4,81.6,78.9,75.9,75.9,72.5,69.6,65.7,60.1,56.1,50.1,45.5,39.6,35.0,34.0,35.1,35.6,37.1,37.8,38.8,39.5,40.7,41.7,42.6,43.7,44.8
22:37:08.459,105.2,67.9,94.6,100.7,99.3,92.9,92.7,94.0,93.8,91.9,88.3,87.0,82.7,82.7,80.4,79.6,75.7,73.2,70.1,66.0,62.4,55.5,47.4,38.4,34.9,32.4,33.2,33.6,34.9,35.8,37.0,37.3,38.7,39.7,40.6,41.6,42.6,43.7,44.8
22:37:09.459,105.0,68.1,94.7,96.2,94.2,96.7,93.2,92.5,89.7,89.8,88.2,86.9,87.8,81.2,80.0,79.9,73.0,71.6,69.2,65.6,60.0,53.3,49.3,44.1,38.1,32.2,33.0,34.0,34.9,35.6,36.7,37.6,38.7,39.8,40.6,41.5,42.7,43.5,44.6
22:37:10.459,104.7,68.6,95.4,91.4,95.9,97.9,97.0,95.3,92.7,89.7,89.6,86.1,86.5,84.9,82.6,79.7,76.5,73.8,69.3,65.3,57.4,50.6,46.0,44.3,40.1,33.3,33.4,33.8,35.5,35.8,37.2,37.9,38.8,39.5,40.6,41.6,42.8,43.9,44.8
22:37:11.459,105.8,70.1,96.3,97.6,92.4,94.0,96.8,97.9,91.8,90.3,90.5,88.6,87.7,86.2,83.0,80.9,77.2,74.4,72.4,69.5,65.7,60.1,54.6,51.8,46.4,37.1,33.8,33.9,34.6,36.1,36.7,37.8,38.6,39.7,40.6,41.7,42.8,43.6,44.7
22:37:12.459,103.5,64.2,93.6,88.8,93.4,93.4,94.7,94.9,90.6,88.3,89.5,86.0,84.3,81.7,77.0,74.5,69.8,70.4,66.7,59.4,49.6,44.6,44.1,40.6,34.8,32.8,33.1,34.0,35.1,35.8,37.1,38.0,38.8,39.7,40.4,41.5,42.7,43.7,44.7
22:37:13.459,103.9,67.7,95.5,94.8,92.5,94.9,93.6,94.7,93.9,93.7,91.1,88.5,87.1,83.3,80.7,78.6,75.9,74.8,70.1,64.4,57.1,53.8,49.5,43.3,37.8,34.1,33.3,33.7,34.5,35.5,36.8,37.7,38.8,39.8,40.7,41.6,42.6,43.7,44.7
22:37:14.459,105.4,67.1,95.1,90.0,92.6,97.5,97.2,98.0,93.7,90.5,91.0,88.5,83.6,82.3,80.3,77.5,74.7,73.0,70.9,65.7,62.9,59.5,55.2,50.8,42.8,34.3,33.3,34.2,34.9,35.5,36.9,37.5,38.8,39.8,40.5,41.5,42.6,43.8,44.8
22:37:15.459,107.8,66.1,94.2,101.0,96.5,95.7,96.6,94.9,90.9,89.1,86.6,86.2,84.8,80.8,78.1,75.3,73.4,71.7,67.2,62.3,57.4,50.3,44.3,40.5,36.9,33.4,33.3,34.1,35.2,35.5,36.6,37.8,38.7,39.7,40.7,41.8,42.7,43.8,44.9
22:37:16.459,105.2,62.0,93.0,96.0,92.6,93.7,98.1,92.3,86.6,88.9,89.6,84.5,80.9,78.9,77.5,72.7,68.4,63.6,61.9,58.9,54.2,48.2,45.4,41.9,36.9,32.7,33.4,34.1,34.7,36.0,36.8,37.5,38.6,39.8,40.5,41.5,42.7,43.8,44.8
22:37:17.459,104.8,64.3,92.8,96.2,94.4,94.4,95.5,94.1,93.0,85.9,85.1,82.2,80.9,77.4,74.1,71.3,70.9,68.9,66.0,61.3,54.8,47.3,39.9,35.7,34.2,32.6,33.2,33.7,34.6,36.3,36.8,37.8,38.5,39.6,40.7,41.8,42.5,43.7,44.9
22:37:18.459,104.6,67.1,93.2,95.7,99.5,98.3,93.7,91.5,87.6,90.2,88.9,86.3,82.5,81.1,79.7,76.6,75.8,73.8,70.7,67.8,63.4,59.6,54.4,49.0,41.1,34.0,33.0,34.3,34.9,35.8,36.5,37.6,38.6,39.7,40.6,41.6,42.8,43.6,44.8
22:37:19.459,103.1,61.5,91.7,92.8,94.6,93.4,92.0,88.2,88.6,89.3,88.2,85.3,79.9,78.7,78.8,73.1,67.8,67.3,59.1,53.4,49.0,44.2,41.0,39.6,34.0,32.2,33.1,34.1,34.9,35.8,36.9,37.7,38.8,39.6,40.6,41.6,42.8,43.7,44.8
22:37:20.459,104.2,62.5,92.6,95.5,98.0,97.1,92.3,91.0,89.3,88.8,88.6,85.6,82.7,78.9,76.0,73.1,67.9,65.5,62.3,57.9,53.4,47.5,43.8,39.3,33.9,32.2,33.2,33.7,35.0,36.2,36.6,37.3,38.7,39.7,40.5,41.6,42.7,43.7,44.8
22:37:21.459,106.4,64.7,93.8,99.7,96.3,96.8,95.9,90.4,88.1,90.9,87.7,88.4,84.5,81.0,76.1,73.2,72.6,69.6,66.1,60.8,55.0,53.6,49.1,44.4,38.5,32.8,33.0,34.4,34.6,35.7,36.6,37.8,38.9,39.7,40.7,41.6,42.6,43.6,44.9
22:37:22.459,105.4,63.6,93.0,92.6,95.8,96.7,94.6,89.8,87.7,86.1,87.6,85.4,82.4,80.6,77.8,74.4,71.5,66.9,60.2,55.7,48.8,42.6,39.2,37.0,32.9,33.1,33.2,33.8,35.1,35.6,36.7,37.6,38.8,39.7,40.6,41.6,42.6,43.6,44.7
22:37:23.459,103.4,65.1,93.0,97.5,96.9,90.9,89.6,92.8,91.0,90.7,88.0,82.5,81.2,80.9,77.3,76.3,74.0,70.3,68.2,60.4,54.5,50.1,44.6,40.0,37.0,32.7,33.5,33.8,34.9,35.9,36.7,38.1,38.8,39.6,40.6,41.7,42.7,43.8,44.7
22:37:24.459,106.6,65.3,94.3,93.0,97.2,94.7,94.6,93.1,91.5,91.0,86.6,84.9,82.1,79.7,74.5,74.7,71.9,69.9,67.2,63.6,58.9,54.4,46.7,39.7,35.5,32.7,32.8,33.9,35.0,35.6,36.5,37.7,38.6,39.7,40.9,41.6,42.8,43.8,44.8
22:37:25.459,104.3,61.6,92.1,90.5,90.3,95.0,94.7,88.4,89.5,89.3,88.0,85.3,80.3,77.7,73.5,68.9,68.7,66.7,63.6,58.1,55.3,47.8,43.9,39.1,32.6,32.2,33.1,34.3,34.8,35.7,37.0,37.6,38.8,40.0,40.7,41.7,42.7,43.6,44.6
22:37:26.459,103.5,60.3,91.3,93.9,94.7,94.8,89.9,90.6,90.0,90.2,86.1,83.3,78.9,76.7,74.5,71.8,70.3,63.0,58.6,54.8,50.4,46.1,43.6,38.3,33.4,32.7,33.3,34.3,34.9,35.7,36.7,37.6,38.7,39.7,40.6,41.8,42.7,43.8,44.7
22:37:27.459,104.6,64.6,93.1,97.7,95.1,93.2,92.8,91.4,88.9,86.7,89.9,85.6,81.0,79.9,77.1,72.7,72.3,71.0,65.6,60.9,58.5,53.8,46.7,40.9,38.8,34.1,33.2,33.8,34.9,36.0,36.9,37.5,38.5,39.8,40.9,41.7,42.9,43.8,44.6
22:37:28.459,103.3,62.6,91.7,90.4,94.2,91.0,85.7,89.0,90.2,88.5,83.3,84.4,79.8,79.3,74.9,72.1,70.0,67.8,63.6,60.3,53.7,45.6,40.0,36.4,33.6,32.9,33.1,34.1,35.0,36.1,37.2,37.9,38.9,39.6,40.6,41.7,42.6,43.8,44.9
22:37:29.459,104.0,63.3,91.6,96.7,95.3,94.2,89.6,90.0,88.8,88.8,87.4,80.8,80.8,80.4,78.0,74.0,69.9,66.8,62.6,58.9,52.5,45.8,42.2,37.2,33.6,32.0,33.3,34.0,34.7,35.6,36.9,37.4,38.8,39.6,40.8,41.7,42.8,43.7,44.6
22:37:30.459,103.1,64.3,90.7,94.4,93.3,91.0,88.6,91.8,90.7,87.7,82.5,85.2,81.6,80.3,78.1,75.8,74.3,70.6,66.7,62.0,55.5,49.6,44.7,42.4,36.0,32.3,33.3,33.9,34.5,36.2,36.8,37.8,38.6,39.8,40.7,41.6,42.8,43.7,44.8
22:37:31.459,101.6,58.7,87.5,95.4,93.5,94.6,92.1,86.3,84.7,83.9,82.0,79.8,76.9,74.8,73.2,67.8,64.8,61.2,58.9,56.2,54.7,50.1,45.7,41.6,35.6,33.1,33.2,34.4,35.0,35.9,36.9,37.6,38.7,39.7,40.6,41.7,42.6,43.8,44.8
22:37:32.459,101.4,61.1,88.6,91.4,92.5,87.3,86.6,87.7,82.4,84.8,82.2,80.8,78.9,77.3,74.0,71.9,68.5,67.5,63.3,57.2,54.4,49.6,45.3,38.1,34.5,32.5,33.3,34.1,34.9,36.0,37.0,37.8,38.8,39.7,40.6,41.3,42.6,43.6,44.5
22:37:33.459,103.3,57.7,88.9,92.2,93.9,94.1,91.4,90.3,85.8,84.6,81.2,81.6,79.8,74.0,70.4,69.5,60.8,60.5,54.7,49.9,45.3,40.0,38.5,35.1,33.3,32.6,33.1,34.1,34.8,35.6,36.7,37.5,38.6,39.5,40.7,41.6,42.5,43.7,44.6
22:37:34.459,102.2,59.1,90.3,91.6,92.6,90.2,89.2,89.2,91.7,87.0,82.6,81.8,80.4,77.1,73.3,69.2,65.6,60.8,54.9,51.5,51.5,46.1,39.1,37.4,34.1,33.0,33.2,33.7,35.3,36.1,37.1,37.6,38.9,39.7,40.6,41.5,42.6,43.7,44.7
22:37:35.459,103.1,61.5,91.2,89.0,87.2,85.7,88.4,91.3,92.6,85.3,86.6,85.5,81.9,78.9,75.9,71.8,68.1,66.3,58.7,56.8,53.1,48.6,44.6,38.6,33.7,32.4,32.9,34.0,34.8,35.8,36.9,38.1,38.6,39.6,40.6,41.8,42.7,43.6,44.8
22:37:36.459,102.4,61.2,91.1,83.7,90.4,94.1,92.8,90.7,85.4,88.9,85.5,86.3,81.7,77.0,72.4,69.4,68.5,65.4,61.0,57.5,54.3,50.9,48.4,43.8,36.8,33.2,33.4,34.3,34.9,35.9,37.1,37.8,38.5,40.0,40.7,41.6,42.6,43.7,44.8
22:37:37.459,102.3,59.4,89.7,88.8,87.4,89.8,93.0,89.3,89.2,87.6,84.6,82.2,78.1,73.3,71.5,69.7,64.0,65.0,62.3,57.6,52.2,45.1,40.1,37.3,35.2,33.0,33.3,33.9,34.7,35.8,37.0,37.6,38.6,39.8,40.6,42.0,42.7,43.7,44.9
22:37:38.459,102.9,60.3,89.9,95.9,91.0,82.5,86.3,85.4,85.3,86.9,85.0,83.5,80.0,75.2,74.7,70.1,66.8,64.4,59.7,53.3,48.6,45.0,39.2,37.0,34.2,32.5,33.9,33.5,34.8,35.9,36.7,37.8,38.7,39.7,40.7,41.6,42.7,43.7,44.8
22:37:39.459,101.6,63.1,89.3,95.9,89.2,85.3,88.3,85.4,87.4,86.0,84.8,83.0,80.6,78.9,75.7,74.5,71.5,68.8,64.9,62.0,57.7,53.0,48.8,46.1,39.9,35.3,33.3,34.5,34.9,35.7,36.6,37.7,38.8,39.6,40.7,41.6,42.7,43.7,44.8
22:37:40.459,100.8,59.1,89.4,83.8,85.6,92.2,91.4,88.1,88.6,89.3,84.0,79.8,75.8,73.8,72.6,69.1,63.7,63.8,58.6,55.0,52.5,47.3,42.4,37.7,34.0,32.2,33.0,33.5,34.8,36.1,37.0,37.7,38.8,39.6,40.5,41.8,42.6,43.6,44.8
22:37:41.459,101.8,60.1,89.4,95.8,93.5,86.2,88.5,87.5,88.3,85.9,83.2,82.8,78.6,77.7,73.4,70.6,66.3,62.5,60.3,57.7,53.0,48.4,42.5,37.3,33.8,32.7,33.0,33.7,34.8,35.7,36.8,37.8,38.7,39.6,40.7,41.6,42.7,43.7,44.8
22:37:42.459,102.5,63.3,90.4,93.2,93.6,95.5,91.9,86.7,86.0,84.3,84.1,85.2,83.7,80.1,77.2,74.8,70.5,68.4,65.3,61.0,54.2,50.2,46.7,44.1,39.7,35.9,34.4,34.4,35.2,35.8,36.7,37.8,38.3,39.5,40.8,41.8,42.8,43.7,44.8
22:37:43.459,101.9,61.2,89.1,89.0,95.9,94.1,88.5,89.6,86.7,87.4,81.8,80.0,77.8,78.2,76.0,72.7,70.2,65.7,60.0,56.9,55.4,50.5,44.7,41.4,34.3,33.3,33.1,34.3,34.7,35.9,37.2,38.1,38.8,39.7,40.7,41.6,42.8,43.8,44.7
22:37:44.459,101.7,58.1,87.4,96.5,94.3,91.6,86.7,88.5,85.9,85.2,80.3,79.8,78.2,75.3,71.3,70.4,67.0,62.5,57.4,54.5,48.0,44.8,41.6,39.6,35.1,32.4,33.2,33.6,35.1,35.8,36.6,37.6,38.7,39.7,40.6,41.6,42.7,43.8,44.8
22:37:45.459,101.1,63.4,88.6,87.3,86.4,89.6,89.8,87.9,83.7,84.3,79.1,78.3,77.7,76.9,74.3,72.5,70.4,66.4,64.7,61.0,54.4,49.2,46.1,41.4,34.5,32.7,33.2,34.1,34.9,35.8,36.9,37.8,38.6,39.5,40.4,41.9,42.7,43.8,44.8
22:37:46.459,101.7,61.2,87.0,85.2,87.5,90.8,86.9,80.6,85.5,83.9,78.9,80.8,75.6,74.3,73.8,70.0,67.9,67.5,63.2,60.6,53.1,45.9,41.3,38.5,33.6,33.0,33.1,34.1,34.7,35.8,36.5,38.1,38.7,39.6,40.6,41.7,42.7,43.7,44.8
22:37:47.459,100.6,58.0,86.0,91.1,85.5,87.9,86.4,85.2,84.9,81.1,80.1,80.0,73.6,71.3,68.4,66.6,64.3,61.2,58.4,56.4,50.6,45.5,41.6,35.7,33.6,32.6,32.8,34.4,34.7,35.4,36.6,38.1,38.6,39.7,40.5,41.9,42.8,43.7,44.8
22:37:48.459,100.3,61.2,87.0,89.7,88.6,89.0,84.6,82.7,84.5,84.5,79.8,78.5,76.5,72.8,73.1,71.0,70.3,66.1,60.5,56.9,51.9,47.5,43.8,39.3,35.5,32.4,33.4,34.2,34.9,35.8,36.6,37.8,38.7,39.6,40.8,41.7,42.6,43.7,44.7
22:37:49.459,100.2,60.4,85.8,88.8,85.0,85.4,84.8,87.0,82.4,80.1,80.2,78.1,75.9,73.4,72.5,70.8,68.8,67.1,62.8,58.0,52.7,48.4,45.0,40.8,36.5,33.0,32.8,34.0,35.0,36.0,36.7,37.6,38.5,39.7,40.8,41.8,42.7,43.9,44.8
22:37:50.459,101.5,59.1,85.4,92.5,93.9,92.3,87.9,84.7,81.5,79.3,76.8,79.5,73.7,73.3,71.8,70.2,67.1,63.8,58.7,55.4,52.9,49.0,43.6,36.9,33.8,32.2,33.0,34.4,34.8,35.8,36.7,37.7,38.8,39.7,40.7,41.9,42.6,43.8,44.8
22:37:51.459,100.0,62.1,87.0,93.4,90.7,82.9,86.9,88.0,84.3,82.4,82.5,77.6,76.8,72.6,72.6,71.7,71.9,68.6,64.4,61.4,54.0,50.0,44.3,38.7,34.6,33.1,33.2,33.8,34.8,35.9,36.5,37.6,38.8,39.4,40.6,41.8,42.6,43.6,44.8
22:37:52.459,100.2,58.1,86.8,88.5,87.5,85.9,87.5,86.8,84.1,82.8,79.9,79.5,74.8,73.5,71.6,69.1,65.1,58.8,53.2,52.4,47.4,42.7,39.0,35.5,34.1,32.7,33.1,33.8,35.0,35.9,37.1,37.6,38.7,39.5,40.8,41.7,42.6,43.8,44.8
22:37:53.459,101.0,59.9,88.5,93.1,95.0,88.9,89.3,88.4,86.1,86.3,81.6,79.1,75.8,76.0,74.1,71.1,68.3,63.3,59.3,55.1,50.1,46.5,42.1,36.9,34.0,33.1,33.4,34.4,34.8,35.7,36.4,37.8,39.0,39.6,40.7,41.8,42.7,43.7,44.7
22:37:54.459,102.8,62.4,90.6,93.9,92.7,88.0,90.0,87.7,87.9,85.3,85.7,82.6,79.6,77.0,75.8,72.1,70.5,68.8,64.2,59.6,53.9,48.7,44.4,38.6,34.8,33.3,33.5,34.1,35.1,36.0,36.8,37.8,38.7,39.6,40.6,41.7,42.8,43.7,44.7
22:37:55.459,101.9,60.8,90.3,88.4,89.3,92.3,89.1,88.2,84.3,89.8,87.0,84.6,78.9,78.1,75.0,73.0,67.7,64.1,62.5,59.4,53.1,47.5,44.3,41.1,36.6,33.2,33.3,34.0,35.4,35.9,36.9,37.7,39.0,39.8,40.7,41.7,42.6,43.8,44.7
22:37:56.459,100.0,59.3,87.0,94.1,93.6,89.7,88.6,84.8,88.2,80.6,81.0,79.9,76.8,73.8,73.1,68.1,64.8,65.0,60.6,58.6,54.5,48.0,41.1,36.4,35.0,33.8,33.7,33.8,34.8,36.0,36.7,37.6,38.7,39.7,40.6,41.6,42.9,43.7,44.7
22:37:57.459,99.1,58.5,87.4,88.8,84.1,86.4,88.9,87.0,85.3,82.5,79.6,79.8,76.6,73.4,69.3,68.0,65.6,62.7,60.1,56.8,48.9,45.5,41.2,37.5,34.1,33.1,33.5,33.9,35.2,35.9,36.9,37.8,38.7,39.6,40.7,41.5,42.8,43.7,44.6
22:37:58.459,100.3,59.0,86.6,90.4,85.2,83.9,85.6,87.5,85.1,80.9,81.3,78.1,77.5,73.5,71.2,69.5,66.3,63.9,60.7,56.5,49.6,42.8,40.5,39.7,35.0,32.7,32.4,34.0,35.2,35.7,37.2,37.8,38.5,39.6,40.6,41.8,42.7,43.9,44.8
22:37:59.459,99.0,57.2,86.0,93.8,87.4,86.8,85.9,86.3,84.2,84.9,77.2,79.9,76.6,75.1,70.5,67.6,66.1,62.1,57.6,53.9,49.3,45.3,39.9,36.4,35.7,33.8,33.1,34.2,35.1,36.0,36.9,38.0,39.1,39.5,40.7,41.6,42.8,43.7,44.8
22:38:00.459,99.8,62.3,89.2,91.3,91.5,90.7,87.9,87.6,85.8,87.9,82.9,83.2,81.3,78.5,75.8,72.7,69.6,64.1,62.0,52.5,49.2,45.0,40.1,37.7,34.7,32.7,33.0,34.1,34.7,35.8,36.8,37.8,38.5,39.4,40.8,42.1,42.7,43.8,44.7
22:38:01.459,98.6,62.5,86.6,92.1,86.5,81.7,83.8,85.6,81.5,80.8,81.8,80.7,78.6,76.9,76.0,73.6,72.5,68.1,63.9,60.8,56.6,52.7,47.4,42.7,38.4,35.1,33.7,33.8,35.1,35.5,36.7,38.0,38.7,39.6,40.6,41.7,42.8,43.8,44.8
22:38:02.459,100.6,58.5,86.6,92.6,87.8,87.2,87.9,86.6,85.1,83.4,78.3,77.1,74.8,71.9,69.8,68.2,64.1,60.0,56.1,53.8,48.7,44.4,40.4,36.1,33.1,32.6,34.0,34.0,34.9,35.7,36.6,37.8,38.6,39.6,40.7,41.7,42.7,43.6,44.7
22:38:03.459,98.4,57.8,86.5,88.5,91.4,89.4,88.4,88.0,82.7,82.7,79.9,77.0,72.8,72.0,71.6,68.0,65.2,60.4,57.2,54.5,51.5,47.1,42.1,38.2,34.3,33.4,33.1,34.1,35.0,35.7,36.9,37.8,38.7,39.6,40.7,41.6,42.8,43.7,44.9
22:38:04.459,97.6,59.5,85.6,85.5,83.8,82.4,82.5,84.2,83.3,80.4,79.4,75.9,75.1,72.1,69.4,65.8,64.3,63.1,61.4,58.1,54.0,48.8,44.5,39.8,36.8,33.5,33.1,34.2,35.1,36.2,36.9,37.9,38.7,39.6,40.5,41.8,42.7,43.8,44.9
22:38:05.459,97.6,57.6,85.1,90.9,90.0,88.7,88.4,82.8,81.8,80.3,76.7,77.0,72.2,73.9,71.9,67.4,63.5,62.1,59.6,55.4,47.8,43.1,41.2,37.6,33.7,33.4,33.0,34.2,35.2,35.9,36.9,37.8,38.5,39.8,40.6,41.8,42.7,43.6,44.7
22:38:06.459,98.4,60.8,88.2,89.6,86.7,85.9,86.5,87.0,85.0,85.5,81.1,80.7,77.7,75.8,72.2,70.5,67.9,62.8,61.1,58.2,52.7,46.5,41.8,36.4,34.2,33.1,33.3,34.1,35.1,35.6,36.8,37.9,38.9,39.7,40.7,41.5,42.6,43.7,44.8
22:38:07.459,98.8,60.4,87.1,89.1,88.6,91.1,86.6,85.0,82.7,83.2,82.6,81.7,78.8,75.1,73.7,72.1,69.8,66.4,63.4,57.9,50.1,45.3,38.3,40.5,38.1,33.0,33.2,34.3,34.9,35.7,37.0,37.7,38.7,39.7,40.7,41.8,42.7,43.7,44.7
22:38:08.459,100.6,58.7,87.3,90.3,86.7,85.6,86.8,87.8,83.8,80.4,82.2,80.1,77.1,75.0,70.5,69.1,65.5,59.8,57.4,54.5,47.1,43.6,40.4,35.9,33.6,32.7,33.3,33.7,34.9,35.6,36.9,37.7,38.7,39.6,40.8,41.7,42.7,43.7,44.7
22:38:09.459,98.2,58.2,85.7,82.3,81.1,85.7,84.2,82.9,80.6,81.6,80.7,75.0,77.0,72.5,70.8,66.6,63.3,58.2,58.6,55.9,47.4,45.0,42.1,40.3,36.0,32.9,33.0,34.1,34.7,35.7,36.7,37.6,38.7,39.8,40.6,41.6,42.6,43.7,44.7
22:38:10.459,98.9,61.5,86.5,93.2,88.7,85.3,85.8,83.3,85.6,83.6,77.5,78.2,76.0,77.0,73.6,73.1,69.6,67.5,66.5,60.0,51.4,45.1,45.7,43.6,37.7,33.5,33.6,33.6,34.7,35.6,36.8,37.6,39.0,39.6,40.4,41.6,42.7,43.8,44.7
22:38:11.459,99.4,61.6,88.3,93.0,86.3,87.4,89.2,87.6,86.7,83.6,83.6,82.6,81.3,77.4,76.6,74.2,71.0,66.4,58.8,57.8,54.9,50.1,44.5,38.5,36.3,34.7,34.2,34.1,34.9,35.9,36.6,37.8,38.7,39.8,40.8,41.8,42.7,43.6,44.9
22:38:12.459,98.1,60.0,87.0,89.4,87.3,81.9,83.6,84.0,82.7,84.5,80.8,78.5,77.4,74.5,71.9,69.2,65.2,62.6,59.1,57.1,54.4,49.6,43.4,41.1,36.9,34.0,33.5,34.2,34.9,35.8,36.8,37.5,38.8,39.5,40.7,41.6,42.6,43.6,44.7
22:38:13.459,98.7,60.2,87.2,91.0,89.2,89.0,89.7,84.6,84.2,84.3,82.6,80.0,78.3,73.8,73.3,71.2,68.4,64.5,62.3,57.8,53.9,49.6,44.5,40.6,34.8,32.8,33.3,34.0,35.1,36.0,37.0,37.8,38.9,39.9,40.7,41.7,42.7,43.7,44.8
22:38:14.459,97.9,60.2,86.5,86.0,85.0,86.8,86.7,81.6,84.5,84.0,81.8,79.2,76.7,73.4,71.4,70.7,68.0,64.5,62.4,58.8,53.8,49.2,45.6,43.2,38.3,33.5,33.4,34.3,35.2,35.7,37.0,37.6,38.8,39.6,40.8,41.6,42.7,43.6,44.8
22:38:15.459,97.8,57.8,86.4,80.7,88.0,91.1,88.8,84.8,85.9,83.1,80.4,76.5,75.3,73.0,70.0,68.8,67.6,63.0,58.8,52.4,48.5,42.7,38.0,35.5,33.7,33.1,33.4,34.1,34.5,35.8,36.6,37.6,38.7,39.7,40.6,41.8,42.7,43.8,44.7
22:38:16.459,97.8,60.8,87.5,89.2,88.9,90.0,85.6,87.2,83.7,84.5,80.9,80.0,78.2,76.2,73.4,70.9,66.9,65.5,63.6,59.7,56.0,51.3,47.7,43.5,38.5,34.5,34.1,33.8,34.7,35.9,36.9,37.8,38.8,39.6,40.6,41.7,42.8,43.7,44.6
22:38:17.459,99.0,57.5,85.6,93.4,89.7,79.0,82.8,81.4,85.0,81.5,78.5,77.0,76.8,71.3,69.6,66.4,63.8,58.5,56.8,52.3,48.8,44.1,40.8,37.9,34.6,32.5,33.2,34.2,35.2,36.0,37.2,38.0,39.0,39.7,40.9,41.7,42.8,43.6,44.6
22:38:18.459,99.6,57.3,85.3,84.3,87.0,87.7,89.0,84.8,84.4,81.0,80.0,76.9,76.9,72.7,70.2,68.4,65.6,62.4,57.9,50.2,47.4,44.2,38.7,36.4,34.0,32.6,32.7,33.9,34.6,36.0,36.5,37.7,38.7,39.6,40.8,41.4,42.8,43.8,44.7
22:38:19.459,96.7,57.0,83.7,89.6,88.2,85.6,81.6,83.4,78.5,77.8,78.6,75.6,74.8,69.6,70.2,68.4,65.5,59.9,57.0,52.4,45.9,41.9,39.3,36.2,33.4,32.2,33.4,33.3,35.0,35.9,36.6,37.8,38.6,39.7,40.6,41.6,42.6,43.8,44.7
22:38:20.459,100.3,55.8,85.4,80.7,86.2,85.4,86.9,84.8,84.1,80.5,78.3,76.7,71.4,70.7,68.6,64.2,61.9,59.6,56.7,54.9,48.7,45.2,40.8,37.2,34.1,33.1,33.6,34.1,35.0,35.7,36.8,37.4,38.5,39.5,40.6,41.7,42.7,43.7,44.8
22:38:21.459,95.1,58.8,83.7,84.7,86.0,86.8,85.6,80.2,77.1,81.3,76.1,74.7,75.5,72.3,69.4,67.4,64.0,63.2,61.7,57.8,51.6,48.1,43.0,39.5,35.9,33.0,33.3,34.2,34.6,35.8,37.0,37.7,38.7,39.5,40.8,41.6,42.8,43.7,44.8
22:38:22.459,99.2,61.0,87.3,88.5,91.2,89.8,87.7,88.3,84.1,82.5,81.2,78.6,77.1,74.6,72.3,71.4,68.9,66.8,63.6,59.8,52.9,46.3,42.8,38.3,36.4,32.7,33.1,34.1,35.1,35.8,36.9,38.2,38.7,39.7,40.7,41.6,42.5,43.8,44.9
22:38:23.459,99.8,56.9,84.6,86.6,87.2,84.5,84.0,82.8,81.4,78.6,77.6,77.3,75.8,72.6,67.0,67.5,62.9,60.9,57.5,52.0,47.9,45.0,41.8,36.7,33.5,32.9,33.3,34.1,35.0,35.8,36.5,38.0,38.5,39.6,40.5,41.6,42.5,43.7,44.7
22:38:24.459,96.4,56.8,84.8,85.5,81.6,82.6,86.3,86.7,80.0,81.2,78.2,76.8,75.8,74.3,70.8,67.6,64.3,60.0,56.6,52.9,47.2,43.7,40.2,37.3,33.7,32.4,34.0,33.9,35.0,35.7,37.1,37.5,38.8,39.6,40.5,41.6,42.7,43.6,44.8
22:38:25.459,98.9,58.6,84.3,85.2,85.7,80.9,85.8,82.5,79.4,77.9,77.6,77.2,73.4,69.7,70.7,70.1,65.6,62.3,60.7,54.4,49.7,44.7,40.9,37.9,33.4,32.2,33.3,33.9,34.9,35.8,36.9,37.8,38.8,39.8,40.9,41.7,42.9,43.6,44.7
22:38:26.459,99.5,61.0,85.6,90.4,87.1,87.3,84.3,81.7,83.7,79.6,78.7,77.2,76.4,73.4,69.7,71.4,68.0,67.0,63.3,59.0,55.1,50.5,46.7,42.9,37.2,33.6,33.1,34.3,35.0,36.0,36.9,37.9,38.7,39.7,40.8,41.8,42.8,43.8,44.7
22:38:27.459,97.9,57.7,84.6,84.9,84.7,87.0,83.6,80.0,82.7,80.6,80.3,78.0,74.2,72.2,70.2,67.7,64.5,61.9,58.0,53.8,50.5,44.8,41.5,37.4,34.0,32.6,32.8,34.0,34.9,36.1,36.8,37.6,38.7,39.8,40.6,41.7,42.8,43.8,44.7
22:38:28.459,96.4,57.8,83.9,86.9,85.2,86.0,84.6,84.3,80.8,76.3,78.1,77.6,73.0,71.0,69.5,68.6,64.8,61.5,59.4,56.7,51.3,47.0,40.3,37.4,33.9,32.5,33.9,33.9,35.5,35.8,36.9,37.9,38.8,39.8,40.6,41.5,42.8,43.6,44.9
22:38:29.459,98.2,58.9,85.9,91.4,90.3,89.9,84.6,85.3,83.7,83.0,80.3,77.4,75.8,71.2,70.5,69.2,65.4,63.2,61.2,57.1,54.8,49.2,44.1,38.7,35.9,33.4,33.1,34.0,35.4,35.8,36.6,37.7,38.8,39.6,40.5,41.7,42.8,43.6,44.8
22:38:30.459,98.6,55.7,84.2,83.7,87.4,86.2,82.7,80.3,80.2,80.1,79.2,78.0,72.8,70.6,67.5,66.1,61.3,57.9,53.4,49.2,44.6,42.3,40.1,36.7,33.9,32.7,33.7,34.2,34.8,35.7,36.6,37.5,38.6,39.8,40.8,41.7,42.5,43.8,44.7
22:38:31.459,97.4,57.7,83.9,90.1,91.2,85.7,83.3,85.2,80.7,80.5,76.4,78.2,76.4,73.6,70.0,68.7,66.1,64.6,60.5,54.9,48.2,46.3,44.1,39.9,35.6,32.9,33.8,34.2,35.0,35.5,36.7,37.7,38.6,39.5,40.5,41.6,42.6,43.7,44.7
22:38:32.459,96.5,58.0,85.4,86.2,83.5,83.1,82.5,79.6,84.1,78.3,78.5,76.5,74.0,71.1,68.0,67.4,64.0,60.9,55.5,51.6,46.7,43.1,39.4,36.2,33.3,32.2,33.3,34.6,35.0,36.0,36.6,37.8,38.6,39.7,40.6,41.6,42.6,43.6,44.8
22:38:33.459,98.0,56.7,84.4,88.5,89.0,88.3,86.4,84.7,83.0,81.6,77.3,74.5,73.0,73.7,71.4,67.0,61.7,59.6,59.0,56.3,51.1,46.5,42.3,37.8,34.7,33.0,33.3,33.0,34.4,35.4,36.7,37.8,38.6,39.7,40.7,41.7,42.7,43.7,44.7
22:38:34.459,96.6,58.6,84.8,84.0,87.7,87.0,86.6,82.4,83.7,80.2,79.0,76.3,75.8,73.0,70.1,68.2,66.0,64.2,59.9,57.2,53.7,49.6,46.2,42.1,36.0,34.0,33.0,33.9,35.5,35.9,36.9,38.0,38.7,40.0,40.8,41.8,42.7,43.7,44.7
22:38:35.459,96.8,57.5,84.1,89.3,88.4,83.3,83.5,83.0,82.7,80.3,77.4,76.4,73.8,71.7,69.0,67.7,65.0,61.8,58.7,54.4,48.3,45.3,42.1,38.1,33.9,33.1,33.0,34.2,34.9,35.9,37.2,37.9,38.8,39.7,40.6,41.9,42.9,43.8,44.8
22:38:36.459,95.7,56.2,82.4,86.9,87.2,82.8,81.9,81.0,76.3,76.3,75.0,73.9,71.3,71.5,69.7,66.6,61.4,58.4,54.8,52.4,46.2,40.0,37.4,35.4,33.2,32.8,33.4,34.0,35.0,35.7,37.1,38.1,38.8,39.5,40.7,41.8,42.8,43.6,44.7
22:38:37.459,97.9,59.1,84.7,85.8,81.4,79.1,78.7,80.7,81.2,76.4,76.7,74.9,73.9,69.7,69.3,67.5,63.5,60.1,58.2,54.5,50.1,43.5,40.4,36.8,34.2,32.6,33.3,33.9,34.8,35.9,36.5,37.9,38.7,39.7,40.7,41.6,42.7,43.7,44.8
22:38:38.459,96.9,60.0,83.3,85.5,85.5,84.3,85.2,82.3,79.3,78.6,77.4,76.6,75.7,74.8,70.4,68.3,66.5,65.2,63.0,61.8,56.8,51.1,47.3,41.6,37.4,34.4,32.7,33.9,34.9,35.6,36.8,37.8,38.8,39.7,40.7,42.0,42.8,43.7,44.6
22:38:39.459,94.4,55.9,81.0,80.3,80.3,81.7,80.6,77.7,78.0,77.9,72.4,73.3,70.3,67.8,64.6,63.2,63.0,60.2,56.8,53.5,48.4,43.3,38.7,36.1,34.9,32.9,33.0,33.7,35.0,35.9,36.6,37.5,38.7,39.5,40.7,41.7,42.6,43.8,44.8
22:38:40.459,97.2,56.6,82.6,86.2,86.2,85.0,83.3,80.2,78.3,76.9,77.1,73.7,69.9,71.0,66.3,66.4,63.9,59.2,57.9,51.7,48.6,44.4,42.0,36.4,34.0,33.2,33.3,34.1,35.2,35.9,36.7,37.7,38.5,39.7,40.8,41.7,42.6,43.7,44.8
22:38:41.459,97.8,56.9,84.3,81.3,83.8,85.7,81.9,78.1,82.3,80.3,78.1,76.2,73.2,72.7,69.3,65.7,63.0,60.3,57.0,52.8,48.9,41.6,37.1,35.3,33.8,32.6,33.4,33.9,35.2,35.8,36.7,37.6,38.7,39.8,40.7,41.8,42.8,43.8,44.8
22:38:42.459,97.0,57.1,83.1,86.9,86.4,84.6,84.6,82.1,82.0,79.5,79.3,75.6,74.3,72.9,70.9,68.7,64.6,62.1,59.2,54.8,52.7,47.1,44.0,38.2,35.2,34.7,34.2,33.9,35.2,35.8,37.0,37.5,38.7,39.7,40.7,41.7,42.6,43.6,44.7
22:38:43.459,97.8,56.3,83.5,85.7,86.5,86.5,80.3,82.2,80.2,79.0,78.6,74.2,69.5,70.0,63.4,62.9,62.2,60.0,54.9,49.6,45.7,39.8,37.7,34.3,32.1,31.9,33.4,33.8,34.7,35.9,36.4,37.6,38.9,39.7,40.6,41.7,42.6,43.7,44.7
22:38:44.459,96.0,53.1,80.7,88.4,84.9,81.7,79.4,77.9,76.6,75.9,74.5,72.1,68.8,69.4,64.7,62.0,58.6,55.1,51.1,48.3,44.6,40.3,36.1,34.3,32.3,32.3,32.9,33.7,35.0,35.7,36.7,37.7,38.3,39.8,40.7,41.6,42.6,43.6,44.7
22:38:45.459,94.5,54.8,80.9,83.0,82.6,86.1,83.2,76.5,78.6,75.2,73.6,71.5,69.6,69.6,67.2,64.9,62.6,58.2,52.8,49.2,46.1,41.9,38.5,37.4,35.5,32.4,32.9,34.5,34.8,36.0,36.9,37.8,38.6,39.5,40.6,41.8,42.7,43.8,44.8
22:38:46.459,95.8,56.1,81.4,86.1,81.2,76.9,78.0,77.6,78.5,78.2,76.0,71.3,73.0,70.7,68.9,66.1,64.0,61.1,56.3,52.0,47.2,41.1,40.5,36.7,34.4,32.9,33.3,34.3,34.8,35.8,36.7,37.5,38.7,39.9,40.6,41.6,42.7,43.7,44.8
22:38:47.459,95.3,55.4,82.0,86.1,84.7,82.6,84.5,82.2,82.5,77.3,78.0,77.1,73.8,71.1,68.4,66.4,64.7,60.7,57.5,52.4,49.8,44.0,38.5,34.0,31.9,32.2,33.8,34.1,34.5,35.9,36.8,37.9,38.5,39.9,40.9,41.8,42.7,43.8,44.7
22:38:48.459,96.2,55.6,82.9,78.0,83.0,86.3,81.6,80.4,80.9,77.7,78.7,77.0,73.7,68.9,67.9,64.1,62.3,59.9,55.9,52.3,47.8,40.9,38.6,36.2,33.4,32.4,33.0,34.2,35.1,36.0,36.7,38.1,38.6,39.7,40.7,41.7,42.8,43.6,44.8
22:38:49.459,96.7,56.8,84.6,84.8,82.5,87.2,85.6,82.8,83.8,78.9,79.3,76.2,74.4,72.7,68.9,66.3,62.9,58.9,57.4,53.7,50.7,47.1,43.4,40.4,37.3,33.5,33.4,34.3,34.9,35.6,37.0,37.7,38.5,39.5,40.5,41.8,42.7,43.7,44.8
22:38:50.459,98.0,57.2,84.3,89.2,89.2,88.3,84.3,84.3,82.0,77.9,78.0,78.6,76.1,74.2,69.9,65.7,65.2,62.3,58.5,54.8,48.6,44.3,42.8,38.6,34.4,32.7,33.2,34.2,34.9,35.9,36.7,37.3,38.8,39.7,40.9,41.7,42.7,43.7,44.7
22:38:51.459,93.9,56.5,83.3,81.0,81.4,82.7,78.6,80.9,80.7,75.9,73.7,74.2,70.6,71.0,65.9,63.9,60.7,59.5,56.1,51.4,45.3,39.7,36.4,34.0,32.7,32.5,32.9,33.5,34.8,35.6,36.9,37.9,38.8,39.8,40.6,41.6,42.7,43.6,44.7
22:38:52.459,98.0,57.8,84.4,85.5,88.5,85.6,85.7,79.9,81.1,77.5,76.1,72.2,71.9,71.7,67.8,65.7,64.3,60.4,57.2,51.4,43.4,40.8,38.9,35.0,32.6,32.5,32.7,34.1,34.5,36.1,36.6,37.4,38.5,39.9,40.7,41.6,42.7,43.8,44.7
22:38:53.459,98.4,56.1,83.1,84.6,88.2,84.7,82.8,81.6,80.8,80.4,77.1,76.1,72.9,72.0,67.9,65.4,63.3,60.2,57.0,55.0,48.2,40.3,38.1,35.2,32.7,32.4,33.0,34.3,34.6,36.0,36.9,37.7,38.7,39.8,40.7,41.7,42.7,43.7,44.7
22:38:54.459,98.0,55.1,83.2,81.4,81.3,85.6,85.9,81.2,81.8,76.5,78.8,74.7,72.4,69.8,67.7,64.1,61.6,58.5,54.0,50.1,44.4,39.7,37.3,33.9,31.8,31.6,32.6,34.0,34.9,35.7,36.8,37.8,38.5,39.7,40.8,41.7,42.9,43.7,44.7
22:38:55.459,98.4,55.2,82.8,86.8,86.1,86.1,81.9,83.4,82.9,80.0,78.5,77.1,72.4,71.8,69.8,66.7,62.7,58.4,57.9,51.3,46.6,42.0,36.5,34.9,33.5,32.6,33.8,34.5,35.0,35.7,36.9,37.6,38.8,39.6,40.7,41.7,42.6,43.8,44.8
22:38:56.459,94.9,54.3,81.9,87.5,82.2,81.4,80.5,78.9,80.9,77.8,76.3,74.1,72.5,67.5,66.1,62.4,60.9,56.5,52.4,48.4,46.8,41.4,38.6,34.1,34.3,32.5,33.1,34.2,35.0,35.6,36.9,38.0,38.9,40.1,40.5,41.7,42.6,43.7,44.8
22:38:57.459,93.0,53.4,79.9,82.6,80.8,81.8,80.1,76.9,76.7,76.2,74.0,73.4,72.2,69.2,66.5,63.7,60.1,55.2,52.2,48.7,43.1,38.3,36.1,33.2,32.8,33.1,33.3,33.9,34.9,35.9,36.8,37.5,38.6,39.6,40.4,41.7,42.5,43.7,44.8
22:38:58.459,93.2,56.4,81.5,84.6,83.6,80.8,82.2,80.5,80.1,76.0,76.3,75.2,71.1,71.8,68.2,65.8,64.8,60.5,56.7,50.6,43.0,40.4,38.0,34.7,33.8,32.8,33.4,34.3,34.9,35.5,36.8,37.6,38.4,39.8,40.7,41.7,42.8,43.7,44.7
22:38:59.459,96.8,58.5,81.8,83.3,83.0,84.2,82.7,80.5,77.4,77.2,74.6,74.7,73.1,73.2,70.4,68.8,67.6,65.0,60.8,58.1,51.5,46.2,42.6,37.0,35.1,32.5,33.5,34.2,34.8,35.8,37.0,37.7,38.7,39.6,40.7,41.7,42.5,43.7,44.8
22:39:00.459,95.3,55.7,81.4,86.4,81.7,84.7,83.5,78.5,80.2,76.5,76.8,72.9,72.5,69.4,68.0,63.5,63.1,59.4,55.5,53.2,47.4,45.2,42.8,39.6,36.2,32.4,33.2,34.0,35.0,35.6,36.7,37.6,38.7,39.5,40.6,41.6,42.8,43.8,45.0
22:39:01.459,96.5,55.8,81.3,86.2,85.4,85.8,83.1,80.0,76.5,79.4,75.5,73.8,73.0,70.6,66.7,63.7,61.0,60.6,59.3,55.9,50.4,45.5,41.1,37.1,34.9,33.1,33.5,34.0,34.5,35.8,36.7,37.7,38.3,39.8,40.7,41.7,42.7,43.9,44.7
22:39:02.459,97.5,57.3,84.3,88.8,86.2,82.7,85.6,83.0,82.1,78.6,79.1,76.9,74.4,73.4,69.6,64.9,63.0,62.2,59.8,54.0,46.3,44.3,41.3,36.2,33.9,33.8,33.5,34.1,34.9,35.8,36.7,37.8,38.9,39.6,40.8,41.7,42.9,43.8,44.7
22:39:03.459,94.8,54.9,81.1,85.3,84.5,82.6,81.8,78.6,79.1,76.0,75.1,72.8,71.3,72.1,66.5,62.3,62.2,58.1,55.8,52.5,46.7,41.6,36.8,34.9,33.0,33.0,33.8,34.5,34.9,35.9,36.9,37.9,39.0,39.7,40.7,41.8,42.6,43.8,44.7
22:39:04.459,95.9,56.6,83.3,85.9,87.3,86.9,86.9,82.9,80.2,81.2,77.6,77.1,73.4,71.1,69.7,67.5,66.5,61.6,58.9,56.1,51.9,45.2,42.0,36.3,34.3,33.0,33.6,34.3,35.0,35.9,37.0,37.7,38.5,39.7,40.7,41.8,42.9,43.7,44.8
22:39:05.459,95.9,57.2,83.5,82.1,83.7,83.9,86.1,81.7,80.0,79.3,78.4,74.9,73.6,71.0,69.8,67.4,65.4,61.3,57.6,51.6,45.5,45.8,41.5,38.6,34.4,32.6,33.6,34.6,35.1,36.3,36.7,37.8,38.9,39.7,40.8,41.8,42.6,43.8,44.8
22:39:06.459,95.2,54.3,80.4,81.0,79.7,78.1,81.9,79.9,78.2,74.3,72.8,71.7,69.8,67.9,63.9,63.0,61.2,58.2,53.7,47.3,43.8,41.2,37.6,34.5,32.5,32.7,33.3,33.4,35.2,35.7,36.7,37.6,38.8,39.6,40.6,41.8,42.7,43.7,44.6
22:39:07.459,96.4,56.0,82.0,88.6,80.4,86.0,85.7,82.3,80.3,79.2,76.7,75.4,72.3,70.2,68.1,66.0,63.5,62.0,59.3,56.3,51.4,45.0,41.0,37.3,35.0,34.5,33.7,33.8,34.9,36.0,36.7,37.7,38.7,39.9,40.8,41.7,42.6,43.6,44.7
22:39:08.459,93.7,57.1,82.0,81.9,84.4,81.5,81.4,82.2,80.2,78.4,75.3,73.4,73.1,70.7,67.6,66.4,63.4,60.2,58.8,56.4,53.1,48.8,44.0,41.2,37.9,34.4,33.5,34.3,35.3,35.8,36.9,37.8,38.9,39.7,40.6,41.6,42.7,43.7,44.9
22:39:09.459,96.2,57.3,82.4,86.5,86.3,82.9,82.4,81.0,77.8,80.1,78.2,75.8,72.6,73.5,70.3,67.7,66.8,62.8,59.9,55.9,50.3,46.0,42.7,39.6,33.6,32.7,33.6,33.8,34.8,35.8,36.8,37.7,38.5,39.8,40.5,41.7,42.6,43.7,44.7
22:39:10.459,94.8,55.7,81.0,83.1,82.6,85.3,82.1,80.2,72.5,77.2,72.5,73.3,71.3,69.4,67.9,63.1,61.4,59.8,56.6,51.3,46.3,42.4,37.1,34.6,33.7,32.0,33.2,33.7,34.7,36.1,37.1,37.7,38.7,39.7,40.5,41.6,42.7,43.6,44.7
22:39:11.459,95.5,56.9,81.7,84.9,78.7,77.7,77.7,78.8,79.3,77.6,78.5,74.0,74.5,72.9,70.1,66.6,65.2,61.8,59.0,53.8,47.0,41.9,37.8,35.5,33.4,32.5,32.9,33.7,35.1,35.9,36.7,38.1,38.8,39.7,40.8,41.6,42.6,43.8,44.8
22:39:12.459,94.4,56.3,82.1,85.0,81.6,82.4,82.1,81.1,78.9,77.2,77.6,75.9,73.5,70.4,68.8,65.6,63.2,58.9,57.3,55.3,51.5,44.5,39.9,37.5,33.8,32.7,33.5,33.6,34.8,35.7,36.6,37.8,38.6,39.7,40.6,41.9,42.8,43.6,44.8
22:39:13.459,96.3,56.6,82.2,83.4,84.0,84.2,84.9,80.9,78.2,78.6,73.5,75.6,72.5,72.6,69.3,65.6,65.1,59.9,57.2,53.9,49.9,46.2,43.2,37.4,34.2,32.8,33.0,34.0,34.4,35.6,37.0,37.8,38.9,39.8,40.7,41.6,42.7,43.6,44.7
22:39:14.459,95.8,55.6,82.7,87.1,84.2,85.4,82.7,83.0,81.2,79.2,76.4,76.0,71.6,70.5,66.0,64.9,61.9,59.9,56.9,54.3,48.9,44.2,38.7,36.5,35.0,34.0,34.0,34.3,35.2,35.6,36.6,37.7,38.7,39.6,40.6,41.5,42.6,43.6,44.8
22:39:15.459,93.3,51.9,78.7,81.4,80.6,80.5,79.3,75.7,76.4,77.5,73.4,70.1,67.3,65.9,63.5,59.6,56.6,55.0,50.4,43.6,41.1,38.1,35.2,32.0,32.3,31.7,33.3,34.0,34.9,35.7,36.9,37.8,39.0,39.9,40.6,41.6,42.7,43.8,44.7
22:39:16.459,92.9,51.0,78.3,85.3,83.6,77.5,81.3,81.3,79.1,76.0,73.6,71.2,68.7,65.9,62.0,61.2,57.9,51.6,47.5,44.6,41.7,38.3,33.9,32.9,33.3,32.9,33.3,34.0,35.2,36.0,36.9,37.6,38.6,39.6,40.6,41.6,42.8,43.8,44.8
22:39:17.459,91.3,50.6,76.7,81.9,80.7,75.5,76.5,77.9,75.6,71.7,69.2,68.2,65.4,61.2,59.4,56.5,53.9,50.1,45.3,41.7,37.5,34.4,34.0,31.8,31.9,32.1,33.0,34.0,34.7,35.8,36.8,37.8,38.5,39.6,40.6,41.9,42.7,43.7,44.9
22:39:18.459,92.6,53.1,78.6,85.7,84.5,81.9,81.4,77.7,76.2,72.7,70.8,68.1,66.5,64.1,63.8,59.1,55.2,55.5,55.4,52.4,46.5,41.4,35.0,33.5,32.6,32.0,33.5,33.6,34.7,36.2,36.9,37.7,38.9,39.8,40.7,41.8,42.8,43.6,44.8
22:39:19.459,94.4,53.2,77.4,84.7,82.2,78.5,77.7,75.9,73.5,74.3,74.1,68.8,66.0,67.2,63.8,60.5,57.3,55.6,55.8,53.2,50.5,44.6,41.9,36.5,34.0,32.9,33.4,33.7,35.1,36.1,37.2,37.9,38.7,39.8,40.6,41.7,42.7,43.6,44.8
22:39:20.459,90.5,52.0,76.2,79.4,81.8,82.1,75.5,75.4,72.4,72.2,74.1,69.8,67.5,66.3,63.9,61.2,59.2,54.8,52.8,49.3,42.4,38.1,34.0,32.8,32.7,32.1,32.9,34.6,35.2,35.6,36.6,37.6,38.7,39.4,40.5,41.9,42.9,43.8,44.8
22:39:21.459,91.4,52.6,77.2,78.6,80.8,79.3,78.5,76.7,74.2,73.6,70.1,67.7,69.0,65.7,64.8,62.3,59.8,55.0,51.5,46.0,41.9,38.4,35.1,33.0,32.7,31.6,33.2,34.0,34.8,35.7,36.6,37.6,38.6,39.6,40.7,41.5,42.6,43.7,44.7
22:39:22.459,91.4,53.4,78.0,80.2,79.2,77.1,77.2,73.8,75.5,72.7,70.4,71.0,69.5,67.3,64.8,62.5,60.2,57.3,54.3,48.0,45.4,40.6,37.7,34.5,32.4,32.7,33.3,33.7,34.9,35.6,36.7,37.6,38.8,40.0,40.5,41.9,42.7,43.6,44.8
22:39:23.459,91.6,54.4,79.1,82.4,78.7,79.1,77.5,75.5,73.2,74.1,72.3,70.7,69.3,69.6,66.4,61.6,60.5,58.4,54.2,50.6,48.2,42.4,38.7,36.0,33.0,32.6,33.3,34.5,35.0,35.5,36.6,37.8,38.4,39.6,40.7,41.9,42.7,43.7,44.7
22:39:24.459,94.5,53.9,79.0,80.1,84.1,80.7,73.7,76.4,75.1,72.4,71.3,72.3,71.5,67.4,65.6,61.2,58.7,54.9,54.2,50.4,44.4,41.2,38.1,35.4,33.8,32.5,32.6,34.1,35.1,35.6,37.0,37.8,38.6,39.7,40.7,41.7,42.7,43.8,44.7
22:39:25.459,90.7,51.7,76.8,73.3,78.8,77.0,69.3,71.7,74.4,74.6,70.2,67.9,69.6,61.1,63.3,58.4,54.2,52.1,49.9,46.7,42.0,36.1,33.9,32.9,31.7,32.3,33.4,33.8,35.0,35.9,36.7,37.6,38.8,39.6,40.7,41.8,42.7,43.6,44.7
22:39:26.459,90.7,52.3,77.0,82.6,81.8,78.0,74.7,75.1,74.1,73.6,69.2,70.0,68.5,67.6,64.0,57.7,58.4,55.0,51.4,47.1,42.2,36.6,35.1,33.5,33.0,32.7,33.2,34.1,34.6,36.0,36.8,37.9,38.8,39.8,40.6,41.5,42.6,43.6,44.7
22:39:27.459,93.2,53.5,79.8,80.7,81.4,79.9,76.4,78.3,73.7,74.2,74.2,69.9,67.5,65.6,62.3,59.4,57.2,52.4,50.2,45.8,39.1,36.6,35.3,33.3,31.6,32.3,33.6,33.9,35.0,35.7,36.7,37.8,38.6,39.7,40.6,41.9,42.7,43.7,44.8
22:39:28.459,90.7,51.1,75.8,82.5,79.2,79.3,75.6,75.5,73.5,73.4,69.0,67.3,66.9,65.1,62.6,59.2,55.5,51.0,48.3,44.0,39.1,35.1,35.6,33.6,32.3,32.0,32.8,33.8,35.1,35.9,37.0,37.8,38.8,39.6,40.6,41.8,42.7,43.8,44.7
22:39:29.459,92.5,51.3,76.2,81.4,78.4,76.0,79.5,76.9,74.2,72.8,69.9,67.4,65.5,65.6,64.4,59.2,55.1,54.8,48.0,44.6,39.4,37.1,35.4,33.5,31.8,32.4,33.1,34.0,34.7,35.3,37.0,37.8,38.7,39.5,40.8,41.5,42.7,43.6,44.8
22:39:30.459,90.6,50.6,75.4,79.9,81.6,78.9,79.1,76.4,68.5,73.7,68.7,66.4,63.8,61.5,60.3,56.7,53.8,51.3,49.1,45.4,40.5,37.0,35.2,33.3,32.8,32.3,33.2,34.2,35.1,35.8,36.7,37.9,38.9,39.6,40.6,41.7,42.7,43.6,44.8
22:39:31.459,92.5,50.6,74.2,82.6,76.9,76.0,72.0,72.4,73.3,70.2,68.5,63.6,64.3,58.9,56.9,56.9,53.4,49.7,45.8,43.0,37.6,36.0,33.6,32.9,32.2,32.8,33.1,34.0,35.0,36.0,36.7,37.7,38.9,39.9,40.9,41.6,42.7,43.7,44.7
22:39:32.459,90.4,51.3,75.6,82.1,80.6,78.6,76.5,77.3,72.9,72.0,69.9,70.2,64.4,62.0,61.1,58.4,57.3,54.6,51.0,47.6,41.8,36.4,33.9,33.5,32.0,32.1,32.9,34.6,35.3,35.6,37.1,37.8,38.6,39.7,40.7,41.8,42.7,43.8,44.7
22:39:33.459,91.0,50.0,72.8,81.1,78.9,75.3,75.5,76.7,72.1,68.0,65.9,64.6,63.5,59.5,56.6,55.4,55.0,52.0,49.3,43.0,37.5,36.2,33.7,32.9,31.7,32.1,33.1,34.1,34.7,35.9,36.7,37.9,38.6,39.8,40.8,41.9,42.7,43.5,44.7
22:39:34.459,91.4,50.5,74.3,80.4,80.1,78.6,75.1,72.1,70.8,69.4,67.4,67.1,65.2,62.5,59.7,54.7,51.8,50.7,47.6,44.2,39.9,35.7,34.2,32.9,31.7,32.4,33.5,34.5,35.0,35.8,36.8,37.9,38.7,39.7,40.6,41.5,42.7,43.7,44.8
22:39:35.459,88.2,50.7,75.3,74.5,75.7,74.9,74.3,75.8,69.4,68.5,66.7,66.9,66.0,62.7,61.4,55.7,48.3,45.0,45.0,42.1,37.0,34.4,33.4,32.6,31.7,31.9,33.2,34.1,34.7,35.8,36.8,37.5,38.6,39.7,40.7,41.6,42.8,43.7,44.7
22:39:36.459,90.8,50.4,74.7,76.4,72.6,71.7,73.7,69.8,71.9,61.3,64.3,66.9,62.7,59.5,58.4,54.3,49.9,47.2,42.5,39.1,35.9,33.9,32.0,32.2,32.7,32.1,33.2,33.8,34.6,35.8,37.3,37.7,38.8,39.7,40.7,41.7,42.8,43.8,44.9
22:39:37.459,92.5,53.1,76.5,79.4,72.5,71.4,75.7,75.4,72.3,66.8,70.5,66.0,68.6,64.6,63.3,60.0,58.8,55.6,52.8,48.5,45.1,39.5,36.9,33.7,32.4,32.0,33.5,34.0,34.8,36.2,36.5,37.5,38.7,39.7,40.8,41.6,42.8,43.8,44.7
22:39:38.459,89.0,51.3,74.7,78.3,78.4,77.3,73.1,74.2,70.8,70.8,69.6,65.1,66.3,64.1,62.3,59.1,55.6,53.9,50.1,46.6,41.2,37.0,35.5,33.4,32.0,32.3,33.2,33.6,34.8,35.8,36.9,37.8,38.5,39.6,40.7,41.7,42.7,43.6,44.8
22:39:39.459,90.6,52.4,77.5,82.9,80.1,79.2,77.0,77.6,75.0,74.6,73.0,72.2,68.4,66.1,64.1,61.3,59.3,55.7,52.6,48.0,41.6,37.2,36.5,33.3,32.1,31.9,33.2,33.8,34.5,35.9,36.3,37.6,38.5,39.7,40.8,41.7,42.7,43.8,44.8
22:39:40.459,88.9,50.6,75.8,78.8,77.7,80.1,77.5,75.9,75.6,73.4,71.2,70.6,66.1,63.6,61.6,58.8,54.1,51.2,45.5,42.6,43.4,38.0,36.2,32.2,31.5,32.8,33.6,33.7,34.8,36.2,36.8,37.7,38.8,39.5,40.8,41.5,42.7,43.6,44.7
22:39:41.459,89.1,50.2,75.2,80.5,77.4,73.4,75.6,76.8,74.7,69.6,70.1,68.1,63.9,62.8,58.9,54.5,49.6,46.9,47.0,46.0,41.1,35.7,35.3,34.1,32.1,32.7,33.3,34.1,35.2,35.6,36.8,37.9,38.7,39.7,40.7,41.5,42.7,43.7,44.8
22:39:42.459,86.5,49.2,72.3,76.1,75.1,71.9,72.1,69.1,69.2,68.6,68.2,64.6,62.8,58.7,54.7,51.5,48.0,44.9,41.5,39.2,35.8,34.1,34.0,33.3,32.3,32.1,32.9,34.2,34.9,35.5,36.8,37.7,38.7,39.8,40.7,41.7,42.5,43.7,44.7
22:39:43.459,88.1,49.4,72.9,74.0,70.6,74.9,73.1,70.8,67.4,67.1,65.8,65.4,61.3,58.7,56.2,51.9,48.5,43.9,42.0,40.1,34.6,34.2,33.2,33.1,32.1,32.6,33.3,33.8,34.9,35.4,37.1,37.9,38.6,39.4,40.6,41.6,42.7,43.7,44.7
22:39:44.459,88.3,49.9,74.3,79.9,81.4,77.4,76.8,74.9,74.1,69.2,68.9,66.3,62.7,61.2,59.0,55.1,50.7,49.6,44.8,40.1,37.0,34.9,34.9,32.9,31.8,32.8,32.7,33.8,35.2,35.9,37.0,37.9,38.8,39.6,40.8,41.6,42.7,43.8,44.7
22:39:45.459,87.5,49.4,72.1,76.3,76.9,72.0,74.4,70.4,69.3,69.4,65.6,64.3,60.0,60.5,56.9,52.9,48.6,46.4,41.0,38.7,36.0,34.4,33.1,32.5,31.7,33.1,33.8,34.4,34.0,35.9,37.0,37.9,38.8,39.6,40.8,41.7,42.7,43.7,44.7
22:39:46.459,88.2,49.4,73.8,75.1,77.0,76.2,70.6,71.9,72.2,72.3,67.8,63.5,61.0,59.9,55.9,52.4,47.4,47.2,41.9,39.3,36.0,33.5,33.0,32.5,32.2,32.7,33.1,33.9,35.1,35.6,36.8,37.6,38.7,39.5,40.7,41.7,42.6,43.7,44.8
22:39:47.459,89.1,49.2,72.7,76.0,73.6,75.6,75.1,73.5,70.3,69.0,66.2,65.0,61.7,58.8,52.6,49.3,48.0,45.4,41.2,38.4,36.2,34.2,33.1,31.6,31.4,32.0,32.9,33.8,34.5,35.9,36.9,37.8,38.8,39.6,40.7,41.7,42.8,43.7,44.8
22:39:48.459,90.1,49.3,72.1,77.7,77.1,72.4,73.1,73.4,69.3,68.1,67.4,65.2,62.9,59.4,54.4,51.5,47.9,45.7,40.5,38.9,37.6,35.4,33.7,32.7,32.1,32.2,33.2,34.0,35.0,35.6,36.6,37.5,38.5,39.7,40.8,41.6,42.8,43.7,44.7
22:39:49.459,86.6,49.4,71.3,74.1,74.6,72.3,71.6,70.4,68.4,67.6,64.3,63.7,62.8,60.4,56.6,52.7,46.8,45.1,40.2,35.8,34.8,34.5,34.2,33.0,31.6,32.2,32.8,34.0,34.8,36.1,36.9,37.4,38.6,39.8,40.5,41.7,42.8,43.7,44.8
22:39:50.459,85.5,50.6,73.1,77.4,74.3,70.8,68.4,72.2,73.0,70.4,66.6,64.4,66.2,64.0,62.2,57.4,53.9,51.7,47.1,45.8,41.6,37.9,35.3,32.9,32.4,32.7,33.3,33.8,35.1,35.7,36.4,37.8,38.6,39.6,40.6,41.7,42.6,43.7,44.7
22:39:51.459,88.4,52.0,75.5,76.8,77.6,76.6,74.9,72.0,73.0,68.8,67.0,68.0,67.1,65.1,63.5,60.9,57.9,54.2,49.9,47.5,43.3,39.2,34.2,33.8,33.0,32.4,33.5,34.0,35.1,35.5,36.7,37.4,38.8,39.6,40.7,41.7,42.6,44.0,44.8
22:39:52.459,89.6,51.0,74.5,76.0,74.6,74.2,73.0,73.9,70.9,68.8,68.3,67.4,63.8,63.0,60.7,58.1,55.6,51.3,46.5,45.0,39.7,34.7,33.7,32.0,32.2,32.4,33.3,34.0,34.3,35.6,36.6,37.8,38.6,39.4,40.7,41.9,42.6,43.6,44.8
22:39:53.459,90.1,50.1,72.8,77.2,76.3,71.9,68.4,70.0,72.4,71.3,66.3,64.9,62.0,60.7,58.8,56.1,52.1,49.7,46.1,41.2,36.6,33.7,33.0,31.6,32.1,32.5,32.9,33.8,34.7,35.4,37.0,37.5,38.9,39.5,40.6,41.5,42.7,43.9,44.8
22:39:54.459,89.5,49.6,71.0,73.2,72.0,71.6,73.0,72.0,65.7,64.8,66.4,64.5,62.6,58.1,57.3,53.3,50.9,48.6,43.7,39.7,34.1,32.5,32.3,32.4,31.5,31.7,33.6,33.5,34.8,35.8,37.0,37.9,38.7,39.7,40.7,41.8,42.6,43.7,44.8
22:39:55.459,87.4,49.7,72.1,79.8,75.8,76.4,73.9,70.8,71.3,68.1,66.5,66.4,62.8,58.0,55.7,54.5,52.4,49.8,44.5,43.6,41.9,37.8,34.3,32.9,32.0,32.6,33.3,33.6,35.0,35.9,37.0,37.6,38.4,39.8,40.6,41.6,42.6,43.7,44.7
22:39:56.459,88.3,49.8,72.4,71.0,73.9,75.1,72.9,72.0,71.5,67.3,65.6,65.5,61.1,58.2,57.1,53.9,48.9,47.1,43.3,40.6,37.3,35.0,33.9,33.4,32.5,32.4,33.1,34.1,35.0,35.8,37.1,37.6,38.5,39.6,40.7,41.7,42.7,43.6,44.8
22:39:57.459,86.3,49.7,72.2,71.5,73.6,75.4,73.4,73.5,70.8,66.7,63.5,60.9,62.2,60.3,56.1,53.3,50.3,48.0,44.0,42.9,37.4,37.1,33.8,32.5,32.1,32.4,33.6,34.2,34.8,35.8,36.9,37.6,38.5,39.5,40.7,41.6,42.8,43.8,44.6
22:39:58.459,88.6,49.7,71.2,78.6,76.7,76.2,72.6,73.7,69.5,69.3,66.2,62.4,62.6,61.8,57.3,55.1,53.2,49.0,44.9,42.2,38.3,35.5,34.7,32.9,33.1,32.7,33.4,34.1,34.9,35.8,36.9,37.9,38.7,39.7,40.4,41.6,42.7,43.7,44.8
22:39:59.459,87.5,49.3,70.4,75.4,72.8,72.9,75.4,70.4,66.3,65.0,62.8,60.4,60.6,58.2,55.7,51.7,49.7,47.5,41.0,38.7,35.4,34.2,34.2,32.9,32.2,32.4,33.2,33.7,35.1,36.1,36.9,37.6,38.5,39.6,40.7,41.8,42.7,43.8,44.7
22:40:00.459,87.6,50.5,73.6,76.6,74.3,75.7,71.2,71.7,73.2,70.1,65.8,64.2,64.3,60.3,59.9,58.3,55.2,52.6,46.9,41.5,36.6,35.2,35.4,33.1,32.5,32.3,33.0,34.1,35.2,35.7,36.8,37.8,38.5,39.6,40.6,41.6,42.7,43.7,44.8
22:40:01.459,87.3,49.9,72.6,75.8,74.0,69.0,72.6,74.4,71.9,66.0,66.7,64.3,61.4,59.8,58.7,55.1,53.2,49.5,45.6,41.7,35.9,34.1,33.6,32.9,32.4,32.2,33.7,33.8,34.4,35.9,36.6,37.7,38.7,39.8,40.7,41.7,42.7,43.6,44.7
22:40:02.459,88.5,49.6,71.5,75.4,76.4,76.2,75.2,69.9,66.6,66.5,63.8,65.4,63.7,59.2,56.8,54.5,51.9,49.6,44.8,39.2,35.5,33.9,33.1,32.5,32.3,32.0,33.9,34.0,34.9,35.5,37.0,37.6,38.7,39.6,40.7,41.6,42.7,43.7,44.6
22:40:03.459,88.0,50.8,74.8,77.0,75.7,72.1,74.8,74.3,73.0,71.2,67.9,67.0,65.6,63.6,59.4,57.1,55.2,51.9,48.8,42.3,37.7,35.2,34.5,32.4,32.3,32.7,33.3,34.3,34.9,35.6,37.1,37.7,38.8,39.7,40.7,41.6,42.8,43.9,44.7
22:40:04.459,89.3,51.0,74.4,78.9,75.5,76.9,75.3,74.8,71.1,69.9,66.9,66.6,65.5,63.7,60.7,58.9,55.9,53.2,47.8,44.9,41.8,37.2,35.2,32.9,31.9,32.2,32.8,33.7,35.3,35.9,37.0,37.8,38.7,39.9,40.5,41.7,42.6,43.8,44.8
22:40:05.459,88.2,50.4,72.8,73.4,78.7,77.5,73.7,71.4,69.0,68.8,65.4,65.8,63.3,63.0,60.0,57.2,52.2,51.8,44.4,42.5,38.1,36.1,35.0,33.4,32.1,31.9,33.0,33.9,34.4,35.9,36.6,37.8,38.8,39.7,40.6,41.8,43.0,43.8,44.8
22:40:06.459,91.7,50.8,75.6,79.2,77.5,77.0,77.6,74.3,74.3,74.2,68.0,66.3,67.1,63.1,62.1,56.2,53.3,51.7,46.2,40.9,39.1,38.5,36.1,33.2,32.4,32.2,33.1,33.3,34.8,36.1,36.8,37.7,38.9,39.6,40.7,41.5,42.6,43.6,44.8
22:40:07.459,89.7,50.1,74.9,78.3,77.7,73.7,74.1,74.1,73.1,70.7,69.5,66.6,65.2,63.5,60.7,57.9,53.3,48.4,41.5,40.2,37.0,35.7,35.2,32.9,31.8,32.1,33.2,34.2,35.2,35.4,36.7,37.7,38.7,39.8,40.8,41.5,42.7,43.7,44.8
22:40:08.459,89.2,49.6,73.8,81.6,78.5,73.6,75.1,72.3,70.8,69.7,66.3,64.7,63.3,59.0,55.9,52.9,49.8,42.7,39.5,36.7,36.0,33.8,33.3,32.4,32.1,33.0,33.6,34.5,35.0,35.9,36.9,37.8,38.7,39.7,40.7,41.6,42.5,43.7,44.7
22:40:09.459,87.2,49.6,73.8,77.0,76.3,74.5,72.3,74.4,74.7,70.0,70.0,67.3,64.6,60.2,57.9,55.8,52.0,45.6,42.2,39.6,36.5,34.2,32.7,31.4,32.2,32.3,33.5,34.2,35.1,35.8,36.7,37.8,38.6,39.8,40.8,41.7,42.6,43.7,44.7
22:40:10.459,89.9,50.2,74.2,76.4,75.0,74.6,73.5,72.8,71.3,68.9,67.3,65.2,63.0,59.8,56.3,54.1,49.7,47.4,46.2,44.1,40.3,36.3,34.4,32.3,32.0,32.8,33.1,34.3,35.0,36.5,36.8,37.8,38.6,39.9,40.6,41.7,42.5,43.7,44.7
22:40:11.459,92.1,51.5,75.9,79.9,77.9,77.8,75.8,74.5,71.7,70.5,68.9,67.1,64.8,62.8,59.3,58.4,54.3,51.2,49.4,45.7,42.3,38.2,34.7,32.8,32.6,32.2,33.2,34.2,35.1,36.0,36.3,37.5,38.5,39.7,40.8,41.8,42.6,43.6,44.7
22:40:12.459,88.2,50.4,73.9,79.9,77.4,76.3,74.5,74.1,73.0,68.6,68.0,67.3,64.1,61.9,59.1,58.2,56.7,53.6,47.1,42.6,38.5,35.7,35.3,32.6,31.7,32.7,33.3,34.0,35.1,35.7,36.9,37.8,38.7,39.5,40.8,41.7,42.6,43.7,44.6
22:40:13.459,92.9,49.7,71.7,69.9,68.1,69.9,67.9,74.4,72.1,63.0,66.8,65.3,62.0,60.6,59.0,56.8,52.7,49.6,45.9,41.7,35.4,34.6,32.4,32.4,32.0,32.2,33.4,33.4,34.5,35.8,36.6,37.7,38.9,39.7,40.6,41.9,42.6,43.7,44.7
22:40:14.459,88.9,50.1,73.2,77.9,77.7,76.6,73.3,72.1,71.0,68.6,63.4,64.9,64.8,62.4,59.2,56.8,53.1,49.2,44.6,40.7,37.2,34.0,33.5,32.9,32.1,32.3,33.4,33.7,34.8,35.8,36.6,37.7,38.6,39.7,40.5,41.6,42.6,43.8,44.8
22:40:15.459,88.6,49.8,72.3,74.6,75.3,75.4,69.5,72.2,69.5,68.0,64.2,64.8,64.5,61.4,59.0,55.1,51.2,49.8,45.2,38.8,35.2,33.0,32.8,32.3,32.2,32.6,32.5,33.9,35.0,35.7,36.6,37.5,38.6,39.7,40.7,41.6,42.7,43.8,44.8
22:40:16.459,88.3,49.5,71.2,75.2,77.7,73.9,72.3,67.3,69.9,66.9,63.9,62.6,61.1,59.9,55.4,53.9,50.7,46.2,42.0,38.1,34.9,32.8,33.0,31.7,32.3,32.8,33.3,33.6,35.0,36.1,36.8,37.9,39.0,39.6,40.9,41.5,42.7,43.8,44.7
22:40:17.459,88.0,49.4,71.4,75.8,79.8,76.2,73.1,69.8,71.4,66.6,67.2,61.9,62.5,59.9,57.1,54.2,52.0,45.9,43.1,39.8,36.1,34.6,32.5,32.4,32.3,32.6,33.6,34.0,35.0,35.5,37.0,37.5,38.5,39.8,40.8,41.6,42.7,43.8,44.8
22:40:18.459,89.4,49.5,72.1,81.9,77.6,77.3,74.9,73.8,72.1,69.3,65.6,63.6,63.2,60.0,58.6,56.5,51.9,48.7,44.1,42.0,38.2,36.4,33.4,33.0,33.3,32.8,33.3,34.0,35.0,35.7,36.8,37.7,38.6,39.6,40.5,41.6,42.7,43.8,44.8
22:40:19.459,88.5,49.1,71.8,77.8,74.3,75.9,75.2,71.9,70.7,68.6,65.1,63.1,59.5,57.0,51.5,50.3,47.7,44.6,39.8,35.7,32.9,33.2,32.7,31.7,31.9,32.7,33.3,34.2,34.5,35.8,37.1,37.6,38.9,39.5,40.5,41.7,42.6,43.5,44.8
22:40:20.459,88.1,49.2,71.1,77.7,75.7,73.2,71.8,67.7,70.0,68.2,66.8,63.3,61.6,59.3,56.0,53.6,49.1,44.6,41.1,36.8,34.9,33.7,31.9,32.2,32.1,32.5,33.0,34.3,35.0,35.7,36.8,37.4,38.8,39.5,40.7,41.7,42.7,43.7,44.7
22:40:21.459,88.3,49.4,72.2,73.7,75.5,73.4,73.9,73.6,69.5,65.1,68.1,62.1,64.6,60.8,56.1,54.1,47.7,43.9,39.6,39.0,34.4,33.4,32.5,32.0,31.7,32.2,33.4,34.2,35.1,35.8,37.0,38.0,38.4,39.6,40.8,41.7,42.7,43.7,44.8
22:40:22.459,88.7,49.8,74.6,77.5,78.8,76.2,75.3,74.2,72.6,69.7,69.5,66.9,65.9,62.8,59.8,54.4,50.4,45.9,43.0,38.7,34.7,35.0,32.6,31.8,31.9,32.1,33.5,34.0,34.9,36.2,36.6,37.7,38.6,39.6,40.6,41.8,42.8,43.6,44.7
22:40:23.459,89.8,50.2,73.4,75.4,73.6,72.2,72.9,74.7,73.0,69.9,69.6,69.5,66.3,65.7,62.5,57.7,52.4,49.8,48.2,44.1,37.5,34.8,33.1,32.6,32.0,32.8,33.4,34.1,35.2,35.7,36.6,37.5,38.8,39.8,40.7,41.6,42.6,43.7,44.7
22:40:24.459,90.9,51.1,75.0,76.0,71.3,70.3,73.9,69.1,67.3,68.3,68.3,66.2,65.9,63.1,60.5,56.3,53.3,50.3,47.9,44.2,38.3,35.4,32.7,32.1,31.5,33.0,33.6,34.2,34.9,36.2,36.7,37.6,38.8,39.8,40.8,41.7,42.6,43.7,44.7
22:40:25.459,88.7,50.7,73.9,79.4,77.2,75.6,74.1,73.1,69.1,68.7,66.5,66.8,67.1,63.2,60.8,58.7,53.6,51.4,49.1,44.1,39.5,35.4,33.4,32.2,31.8,31.8,33.0,33.9,35.5,36.0,36.9,37.7,38.4,39.8,40.6,41.8,42.6,43.7,44.9
22:40:26.459,90.9,50.2,72.9,76.3,73.0,70.4,69.5,67.3,66.5,65.8,65.4,65.1,62.7,59.2,58.2,53.3,48.7,44.7,42.2,39.7,37.6,34.7,32.3,32.2,32.4,32.8,33.2,33.9,34.5,35.5,36.7,37.9,38.7,39.7,40.6,41.7,42.7,43.7,44.8
22:40:27.459,87.8,49.5,71.5,72.2,69.7,70.1,72.1,71.2,66.4,67.3,65.9,63.9,61.9,61.3,58.0,54.0,49.7,45.1,41.8,40.4,37.7,34.4,32.6,32.1,32.0,32.3,33.3,33.8,34.8,35.5,36.5,37.7,38.8,39.7,40.7,41.8,42.8,43.8,44.9
22:40:28.459,85.5,49.3,70.4,75.0,72.2,71.4,71.9,68.8,65.4,68.3,64.8,65.1,62.0,58.9,54.4,53.2,48.7,44.7,43.2,38.4,35.6,34.2,33.2,31.5,32.3,32.2,33.3,33.8,34.9,35.6,36.8,37.9,38.6,39.8,40.7,41.7,42.8,43.8,44.8
22:40:29.459,85.4,49.2,71.5,72.6,73.3,75.0,74.1,69.7,70.2,64.9,66.8,63.4,59.5,56.3,53.1,51.5,48.3,44.5,41.4,37.3,34.1,33.2,32.7,32.3,32.0,32.1,32.9,34.4,34.8,35.9,36.6,37.6,38.9,39.9,40.9,41.8,42.8,43.6,44.7
22:40:30.459,86.1,49.0,71.0,78.9,77.3,75.0,74.5,73.0,70.5,67.4,66.1,64.2,60.4,57.4,54.0,52.3,47.2,45.1,41.8,38.1,34.1,33.2,32.1,32.1,32.2,32.6,33.3,34.0,34.9,35.6,37.2,37.6,38.6,39.8,40.5,41.7,42.7,43.7,44.8
22:40:31.459,86.6,49.0,70.0,71.9,70.9,70.1,69.1,73.4,66.7,65.4,65.6,64.3,60.8,55.8,52.0,51.4,47.1,44.6,40.8,37.0,35.0,33.5,32.8,31.3,32.0,32.2,33.2,33.7,34.5,35.4,36.9,37.8,39.0,39.4,40.6,41.6,42.6,43.8,44.7
22:40:32.459,88.6,49.3,73.9,71.6,65.9,65.8,64.3,68.5,68.0,66.6,59.5,62.4,56.9,54.4,50.4,46.2,42.7,40.7,36.7,34.5,33.3,32.4,32.3,31.3,32.1,32.2,32.6,33.7,34.3,36.2,36.6,38.0,38.6,39.6,40.7,41.6,42.5,43.7,44.7
22:40:33.459,85.9,49.0,70.3,75.8,74.1,74.4,72.5,71.1,68.5,69.1,66.5,65.7,61.1,58.4,54.4,51.3,48.5,45.4,39.8,39.5,34.4,32.4,32.5,32.0,32.0,32.5,33.7,34.1,34.9,36.0,36.8,37.6,38.8,39.7,40.6,41.6,42.6,43.7,44.7
22:40:34.459,90.4,49.6,73.5,79.0,78.3,77.6,76.3,74.6,73.5,71.7,69.5,66.7,64.8,61.8,58.3,56.7,50.5,47.5,48.3,39.7,37.4,35.7,33.1,31.7,32.4,32.0,32.9,33.8,34.8,36.1,37.2,38.0,38.8,39.6,40.8,41.6,42.7,43.7,44.8
22:40:35.459,88.8,48.8,70.2,68.5,69.1,71.8,72.6,67.3,64.5,63.7,61.9,60.2,57.4,53.7,52.8,48.1,46.1,39.4,35.9,34.7,33.8,33.4,32.9,31.2,30.9,31.7,32.3,33.9,34.6,35.9,37.0,37.8,38.7,39.7,40.5,41.7,42.7,43.6,44.7
22:40:36.459,85.6,48.8,68.3,77.8,74.9,67.3,70.8,66.9,67.0,66.0,64.9,59.9,58.7,54.7,52.0,49.0,45.2,40.5,38.8,34.0,33.1,32.4,32.9,31.4,31.7,32.0,33.1,34.4,35.0,35.8,36.9,37.8,38.7,39.5,40.5,41.6,42.6,43.8,44.8
22:40:37.459,84.6,48.8,68.8,72.8,70.7,72.4,73.8,67.0,68.1,64.3,62.8,61.2,57.4,55.0,50.2,47.5,43.2,37.4,36.4,34.7,32.8,33.8,32.9,32.6,32.9,32.4,33.1,34.0,34.5,36.0,36.8,37.5,38.6,40.0,40.8,41.9,42.8,43.9,44.7
22:40:38.459,89.1,48.9,69.6,73.9,72.1,72.3,71.4,69.3,67.4,65.2,63.6,60.7,56.7,55.7,53.7,49.2,43.0,40.2,38.7,35.7,33.6,33.4,32.4,32.0,32.1,33.2,33.4,33.5,34.8,35.8,36.5,37.6,38.5,39.5,40.7,41.8,42.9,43.8,44.8
22:40:39.459,88.0,48.7,65.5,75.9,72.5,71.1,71.3,67.9,65.3,58.8,58.7,57.3,52.5,51.6,48.7,46.2,43.3,37.8,36.7,34.5,33.1,33.5,32.1,31.8,31.4,32.2,33.5,34.1,34.8,35.8,36.7,37.7,38.7,39.8,40.6,41.9,42.8,43.7,44.8
22:40:40.459,87.4,48.9,69.7,76.3,77.0,74.7,71.5,70.3,68.7,67.4,63.0,61.0,57.9,54.7,53.4,49.9,47.6,43.7,39.5,36.4,33.3,33.4,32.4,31.2,31.3,32.0,32.8,34.2,34.7,35.8,36.7,37.8,38.6,39.8,40.8,41.8,42.8,43.6,44.8
22:40:41.459,86.5,48.7,66.9,69.3,69.4,74.1,72.0,67.3,63.5,62.8,58.3,55.9,56.7,54.9,51.6,49.3,44.0,39.0,33.7,33.2,33.3,32.8,32.0,32.0,32.3,32.3,32.8,33.5,34.4,35.5,36.6,37.6,38.6,39.6,40.5,41.8,42.6,43.8,44.6
22:40:42.459,86.4,49.0,69.9,73.5,74.9,74.2,73.8,71.0,67.1,69.0,64.6,59.7,60.5,59.8,55.9,51.9,49.0,44.9,39.6,36.7,33.1,33.3,32.7,31.6,32.5,32.7,33.6,33.8,34.6,35.6,36.8,37.5,38.6,39.7,40.7,41.7,42.7,43.7,44.6
22:40:43.459,89.4,49.7,72.4,73.7,72.5,70.2,68.4,66.4,67.5,65.8,61.5,57.2,55.7,55.4,52.7,51.2,46.7,41.9,38.2,35.8,33.5,33.4,32.7,32.2,31.8,32.6,32.9,34.0,35.1,35.9,36.8,37.9,38.8,39.6,40.6,41.8,42.8,43.9,44.8
22:40:44.459,88.8,49.0,68.6,73.3,72.5,68.4,65.0,66.8,63.2,62.4,58.9,55.7,51.9,51.6,49.6,50.2,43.8,38.9,36.5,34.8,32.9,32.0,32.9,32.2,32.3,31.9,32.7,34.4,35.2,35.9,36.8,37.7,38.4,39.8,40.7,41.7,42.7,43.8,44.7
22:40:45.459,85.2,48.8,68.4,74.5,72.9,73.0,69.0,66.2,66.6,63.7,63.0,60.3,55.8,53.4,50.2,49.4,43.4,41.7,37.8,35.7,32.4,32.7,32.2,31.9,31.8,32.1,32.9,33.3,35.1,35.9,36.8,37.9,38.9,39.7,40.6,41.7,42.8,43.7,44.7
22:40:46.459,85.8,49.1,69.0,72.8,73.3,70.1,70.3,67.9,66.1,63.2,61.2,61.8,56.2,56.1,52.5,50.2,44.5,44.5,40.6,36.6,34.2,34.0,33.1,32.6,32.3,32.4,33.0,34.1,34.8,35.9,36.7,38.2,38.6,39.7,40.6,41.6,42.8,43.7,44.7
22:40:47.459,87.0,49.3,70.2,76.5,73.7,72.5,69.7,67.7,67.9,63.0,61.8,61.6,58.7,58.1,53.4,50.7,49.0,45.4,40.9,38.6,36.3,35.4,34.2,33.2,31.3,32.5,33.3,33.3,34.8,35.7,37.0,37.8,38.4,39.6,40.8,41.7,42.7,43.7,44.7
22:40:48.459,85.8,49.4,70.0,73.4,77.4,73.8,71.0,67.0,66.5,64.3,63.8,61.0,58.6,59.5,54.2,50.1,51.0,46.9,44.1,38.8,36.9,33.8,33.2,33.3,31.9,32.0,33.7,34.0,35.2,36.2,37.0,37.6,38.8,39.7,40.6,41.7,42.7,43.7,44.7
22:40:49.459,84.2,48.8,67.2,69.5,67.6,71.4,68.5,62.7,59.7,63.3,61.6,58.9,56.0,56.8,51.0,48.5,43.3,40.0,34.8,32.2,33.4,33.2,32.7,32.4,31.2,32.3,33.1,33.6,34.6,35.3,36.9,37.7,38.7,39.7,40.5,41.6,42.5,43.7,44.8
22:40:50.459,85.1,49.1,68.7,75.8,72.0,69.9,65.3,67.6,63.5,64.5,61.1,59.1,57.2,57.4,52.2,49.5,43.9,39.3,36.5,34.9,32.7,33.3,33.2,31.8,32.5,32.8,33.5,33.7,35.0,35.8,36.9,37.7,39.0,39.9,40.8,41.7,42.9,43.7,44.7
22:40:51.459,86.4,48.8,67.3,71.6,73.1,70.7,69.4,68.5,62.3,63.0,59.9,57.1,57.8,55.5,52.9,49.8,45.2,38.0,36.1,33.4,32.6,33.2,32.9,31.2,32.2,31.8,32.7,33.6,35.2,36.1,36.6,37.6,38.8,39.7,40.8,41.6,42.6,43.8,44.7
22:40:52.459,89.8,49.5,71.8,76.7,76.8,73.3,71.3,71.4,67.8,66.8,64.7,63.3,61.7,59.9,58.4,53.7,50.3,46.5,40.6,36.2,34.7,33.1,32.3,32.2,31.4,32.4,32.7,34.3,34.9,35.8,36.8,37.9,38.6,39.7,40.6,41.8,42.7,43.8,44.8
22:40:53.459,86.1,48.8,67.1,70.1,70.6,68.8,65.9,64.0,63.1,63.3,60.1,57.9,55.7,54.7,51.2,46.8,42.7,40.7,36.0,32.7,32.9,32.7,31.0,31.5,31.5,32.7,32.6,34.0,34.7,35.5,36.9,37.7,38.8,39.6,40.5,41.6,42.7,43.7,44.7
