AMBIENT,60.0,43.1,50.6,39.8,35.9,34.1,33.9,36.0,37.8,38.2,39.3,44.7,48.2,33.4,30.8,31.5,32.8,33.4,35.3,34.9,33.8,33.3,32.1,32.1,32.6,29.9,28.7,29.0,29.3,29.0,29.2,29.8,30.6,31.6,32.5,33.5,34.4,35.4,36.5
22:35:26.575,60.0,43.0,49.3,44.2,37.0,33.2,33.7,35.7,40.0,40.6,40.9,42.6,42.2,33.8,30.3,30.3,34.0,34.6,36.4,36.4,35.4,34.5,33.6,32.9,32.3,30.6,29.0,29.2,29.4,28.8,29.1,29.8,30.8,31.6,32.4,33.3,34.5,35.4,36.5
22:35:27.575,60.7,42.7,51.8,38.2,34.1,30.6,31.2,32.2,41.4,41.1,39.4,45.9,48.7,34.3,30.6,33.0,33.4,33.9,35.8,34.6,34.7,33.5,33.1,32.0,33.0,30.4,28.6,29.0,29.1,29.2,29.1,29.6,30.6,31.6,32.2,33.4,34.3,35.5,36.5
22:35:28.575,58.0,42.7,51.6,36.0,34.8,29.5,33.5,38.7,40.6,36.2,36.3,45.3,50.0,32.4,31.6,30.9,33.7,34.4,35.3,34.4,33.9,34.2,32.2,32.4,32.5,29.7,28.9,29.2,29.5,28.7,28.7,29.5,30.5,31.4,32.5,33.4,34.5,35.4,36.5
22:35:29.575,62.8,42.3,51.7,36.9,36.7,39.7,39.2,35.9,30.0,35.6,37.6,48.1,51.7,33.1,29.8,31.7,31.1,31.5,33.1,32.4,31.7,32.7,31.4,31.9,32.2,30.1,28.2,28.6,28.8,28.6,29.3,29.6,30.6,31.5,32.4,33.2,34.4,35.4,36.5
22:35:30.575,57.3,42.7,49.1,48.9,42.0,31.0,31.2,34.8,39.4,38.2,35.7,40.5,44.4,33.5,31.2,31.7,33.1,33.4,34.7,35.1,33.7,34.2,33.4,33.6,33.3,29.4,28.0,28.8,28.6,28.7,29.3,30.0,30.4,31.3,32.4,33.6,34.5,35.5,36.4
22:35:31.575,57.7,42.7,50.0,39.8,36.1,31.0,30.4,33.3,34.5,36.1,38.0,44.8,45.4,30.4,31.3,33.1,31.2,32.4,35.6,34.4,34.8,33.8,32.4,33.0,33.0,29.7,28.3,28.7,28.6,28.6,29.0,29.8,30.8,31.4,32.6,33.4,34.4,35.5,36.5
22:35:32.575,64.9,42.8,49.9,44.5,36.9,35.1,34.9,32.7,35.6,39.4,39.2,42.3,44.8,34.1,32.2,32.0,33.7,34.2,36.1,35.2,36.1,33.5,32.4,33.1,32.8,29.9,29.0,28.9,28.8,28.7,29.1,29.4,30.5,31.6,32.4,33.5,34.6,35.6,36.5
22:35:33.575,60.4,42.8,51.7,32.2,27.8,32.7,34.4,35.7,37.2,38.5,39.8,44.4,48.5,35.2,30.3,31.8,32.1,33.7,34.9,35.9,35.3,34.5,32.4,32.8,33.2,30.1,28.7,28.8,29.3,29.4,29.0,29.8,30.5,31.5,32.5,33.6,34.5,35.4,36.4
22:35:34.575,56.0,42.7,51.6,31.9,34.2,30.5,32.5,34.7,38.6,35.4,42.0,45.3,49.5,32.8,26.2,28.1,31.3,32.6,35.0,34.8,33.5,34.1,32.9,32.2,32.8,29.7,28.6,28.5,29.4,28.8,29.1,29.7,30.4,31.5,32.7,33.4,34.4,35.3,36.3
22:35:35.575,51.3,42.4,47.2,27.2,30.0,31.6,30.5,35.2,31.8,31.5,37.4,40.7,41.1,29.5,30.5,31.1,31.1,32.6,33.8,34.6,33.2,32.8,31.4,31.9,32.5,29.3,28.2,28.5,28.9,28.5,28.9,29.8,30.4,31.3,32.3,33.3,34.3,35.4,36.4
22:35:36.575,55.1,42.5,50.4,31.8,28.8,28.3,30.8,29.6,34.0,36.6,40.9,44.0,47.6,33.7,29.4,30.6,33.7,34.4,36.7,34.4,33.8,34.4,32.2,31.9,32.7,30.5,27.4,28.2,28.9,28.2,28.6,29.7,30.4,31.3,32.5,33.4,34.4,35.3,36.5
22:35:37.575,54.8,42.5,51.9,30.2,29.8,31.5,37.7,37.4,38.0,35.8,43.1,46.7,50.7,33.9,30.0,33.6,33.0,35.8,38.0,36.2,32.6,33.9,31.8,31.7,32.6,29.9,28.0,28.1,28.1,28.4,28.9,29.9,30.7,31.4,32.3,33.5,34.4,35.5,36.5
22:35:38.575,56.0,42.3,49.7,31.5,24.4,29.3,33.6,34.7,38.9,37.9,39.5,44.4,46.9,34.0,31.1,31.1,32.4,34.7,36.4,35.6,34.2,32.5,30.9,31.4,32.2,29.4,27.9,28.0,28.3,28.3,29.0,29.4,30.4,31.5,32.3,33.4,34.3,35.6,36.6
22:35:39.575,54.7,42.2,48.5,33.2,28.6,30.0,31.4,34.7,36.4,39.5,34.2,43.4,41.6,32.3,29.5,30.7,32.3,33.8,35.5,34.8,32.8,33.1,31.4,31.0,31.7,29.6,27.7,28.7,28.7,28.2,28.9,29.5,30.6,31.3,32.2,33.4,34.6,35.5,36.5
22:35:40.575,56.1,42.4,51.1,43.7,40.6,35.8,30.3,36.4,36.2,39.2,41.7,47.4,50.5,33.8,31.6,31.1,33.6,33.9,35.7,35.0,33.4,32.1,31.7,31.6,32.9,30.0,28.2,28.4,29.3,28.8,28.8,29.5,30.3,31.4,32.5,33.5,34.5,35.3,36.5
22:35:41.575,67.8,42.1,51.6,49.2,44.3,44.1,42.6,37.6,37.9,37.6,40.4,45.7,49.4,35.7,33.2,31.8,32.9,33.7,35.3,32.0,32.1,31.9,30.7,30.2,31.8,28.8,28.1,27.8,28.4,28.2,28.8,29.4,30.4,31.7,32.5,33.5,34.3,35.3,36.4
22:35:42.575,65.3,42.0,49.5,53.2,46.6,37.7,33.9,38.3,41.4,40.6,41.6,45.0,46.0,33.7,31.7,31.2,33.1,32.4,34.3,33.6,32.2,31.9,30.3,30.9,31.7,29.2,27.8,28.1,28.0,28.0,28.8,29.5,30.4,31.2,32.4,33.5,34.4,35.5,36.5
22:35:43.575,63.5,42.2,50.6,41.4,43.5,43.4,35.9,35.8,37.0,40.1,40.7,46.1,47.6,31.4,32.5,30.4,34.1,33.6,34.1,33.4,33.3,33.2,31.4,32.4,31.4,29.0,27.6,28.5,28.7,28.6,28.9,29.4,30.5,31.2,32.2,33.5,34.4,35.4,36.4
22:35:44.575,67.0,42.7,52.4,51.7,47.0,51.4,45.6,40.9,38.1,39.8,42.3,47.0,50.9,33.5,32.6,32.2,34.0,34.3,34.2,34.2,34.1,34.2,33.2,32.9,33.2,30.3,28.7,28.6,29.1,28.5,28.7,29.7,30.6,31.4,32.3,33.4,34.4,35.6,36.4
22:35:45.575,64.3,43.0,52.8,51.3,46.1,49.8,49.7,49.5,44.8,44.5,44.2,48.5,49.5,36.7,30.1,30.3,34.9,34.6,35.7,35.6,34.5,34.8,33.2,33.8,33.4,29.8,28.1,28.5,29.3,28.8,29.3,29.6,30.5,31.4,32.4,33.2,34.5,35.5,36.5
22:35:46.575,67.2,42.8,52.7,58.6,56.6,54.4,49.1,43.5,47.4,46.0,44.7,44.9,44.8,36.9,34.6,32.6,33.9,35.6,36.3,34.8,34.2,34.6,31.1,33.2,33.6,30.3,28.4,28.6,29.3,28.4,29.0,29.6,30.5,31.5,32.5,33.5,34.6,35.3,36.5
22:35:47.575,70.6,42.8,55.2,61.0,55.5,52.3,48.9,43.8,50.3,47.6,45.4,48.7,51.6,39.6,39.0,39.3,37.5,36.7,37.5,35.4,34.1,34.0,32.1,33.6,32.5,29.7,29.0,29.1,29.2,28.6,28.7,29.7,30.7,31.7,32.5,33.6,34.5,35.3,36.4
22:35:48.575,72.8,42.8,59.7,66.4,64.7,60.2,59.7,53.8,57.0,55.9,50.5,51.5,51.8,47.0,46.5,45.1,44.3,41.3,37.9,36.3,33.6,32.8,32.1,30.7,32.2,28.9,28.0,27.7,28.5,28.6,29.1,29.6,30.6,31.5,32.4,33.4,34.4,35.4,36.4
22:35:49.575,78.3,43.9,64.7,66.8,64.4,67.8,62.4,57.6,62.4,60.8,60.7,55.3,58.3,51.8,53.1,49.8,48.4,46.1,41.7,38.2,35.1,33.3,31.3,31.0,31.6,28.3,28.0,27.9,28.0,28.4,28.9,29.5,30.4,31.4,32.6,33.3,34.5,35.5,36.5
22:35:50.575,80.1,45.8,67.5,66.5,65.7,64.8,64.6,62.5,64.7,63.3,60.3,58.6,58.7,57.1,55.1,54.1,50.7,49.1,44.5,41.4,37.9,35.6,33.8,32.6,32.2,29.9,29.0,28.8,28.9,29.1,29.4,29.5,30.5,31.3,32.6,33.6,34.4,35.4,36.4
22:35:51.575,81.5,46.9,70.1,73.0,74.3,73.8,71.8,68.9,63.9,63.3,64.8,64.3,63.7,57.0,56.5,53.9,51.5,51.2,47.7,45.5,40.9,36.3,34.4,32.7,32.5,30.5,28.3,28.8,28.4,28.0,29.1,29.6,30.6,31.3,32.1,33.3,34.4,35.4,36.5
22:35:52.575,82.8,47.7,71.5,64.9,72.1,75.8,74.7,68.4,66.2,66.9,64.2,62.8,60.6,59.8,59.5,55.7,53.7,49.8,47.2,45.0,43.0,38.0,35.2,33.3,33.2,30.5,28.7,29.4,29.6,28.9,29.2,29.8,30.7,31.3,32.5,33.2,34.5,35.5,36.5
22:35:53.575,83.1,48.6,72.4,66.3,67.5,73.1,71.6,69.9,66.0,70.1,64.9,64.4,61.1,62.3,59.3,56.6,54.6,53.8,49.7,45.7,42.0,39.3,34.7,34.4,32.8,31.0,28.8,29.5,30.3,29.4,29.1,29.7,30.7,31.5,32.4,33.4,34.5,35.4,36.5
22:35:54.575,82.4,49.2,72.2,72.2,77.1,75.3,69.6,72.6,67.6,66.5,65.6,65.5,63.9,60.1,58.4,57.1,56.0,52.9,51.2,47.5,43.6,40.8,36.7,34.9,33.6,31.0,29.2,29.7,29.8,29.4,28.9,29.5,30.6,31.5,32.3,33.6,34.4,35.4,36.3
22:35:55.575,80.7,50.0,72.9,67.9,71.0,73.3,74.1,75.6,70.2,67.4,62.1,66.3,62.7,62.9,59.9,58.8,58.5,54.0,52.3,48.8,44.7,41.6,37.6,33.1,32.5,29.9,29.0,28.8,28.3,28.2,28.8,29.8,30.8,31.0,32.4,33.5,34.5,35.5,36.5
22:35:56.575,81.2,50.7,73.1,69.5,73.2,73.9,71.5,69.1,71.0,69.0,67.3,64.6,61.9,63.8,60.3,58.7,57.5,55.0,52.7,50.2,46.8,43.1,38.5,34.8,32.8,29.7,27.2,28.5,28.9,28.1,28.9,29.8,30.6,31.6,32.2,33.6,34.5,35.5,36.5
22:35:57.575,83.1,54.0,76.0,66.7,71.6,73.7,75.0,76.9,71.9,69.8,68.6,63.0,69.5,67.7,63.4,61.2,62.0,59.5,56.0,53.6,50.7,47.0,42.5,38.2,34.5,31.1,28.4,28.7,28.3,28.3,28.9,29.9,30.4,31.5,32.5,33.5,34.5,35.3,36.6
22:35:58.575,86.4,56.3,78.3,76.1,74.2,76.5,79.4,80.3,71.1,74.2,70.8,70.5,71.8,67.8,65.3,64.8,64.6,61.4,58.6,55.9,52.5,49.0,45.2,40.8,37.3,32.8,30.4,30.0,29.1,28.6,29.0,29.1,30.5,31.4,32.4,33.7,34.4,35.4,36.4
22:35:59.575,84.2,56.4,78.1,72.4,74.8,74.3,73.2,76.1,73.6,77.2,71.8,67.3,69.7,68.2,67.7,64.6,62.3,61.0,59.1,56.5,51.9,50.4,45.4,42.3,38.7,34.8,31.6,30.4,28.9,28.6,29.1,29.7,30.6,31.5,32.3,33.2,34.4,35.4,36.5
22:36:00.575,86.3,54.6,77.5,72.4,72.7,71.3,72.3,74.6,74.3,68.1,68.0,71.0,69.5,67.9,64.9,62.6,60.8,59.0,56.9,54.6,50.5,46.1,43.3,39.6,36.6,32.3,30.1,29.4,28.5,28.7,29.0,29.7,30.5,31.5,32.4,33.4,34.3,35.5,36.5
22:36:01.575,86.9,53.7,78.0,74.6,80.3,81.2,80.2,79.0,75.4,71.7,71.7,68.7,65.2,64.1,63.1,62.9,62.0,59.1,55.1,53.2,49.6,46.3,42.1,39.0,36.0,31.9,29.6,29.7,29.3,28.5,28.6,29.8,30.4,31.4,32.2,33.4,34.3,35.4,36.5
22:36:02.575,86.4,52.9,77.9,71.7,75.3,79.5,78.7,78.8,77.1,73.2,69.2,69.0,67.2,66.3,63.1,61.7,59.3,58.1,55.8,52.4,48.6,44.7,41.9,37.9,34.8,31.2,29.3,29.2,29.0,28.5,28.8,29.8,30.4,31.5,32.2,33.5,34.3,35.5,36.5
22:36:03.575,87.2,52.3,78.3,77.7,75.6,75.0,83.1,81.0,75.7,74.5,73.8,66.8,66.5,65.3,62.5,62.1,59.9,55.6,53.7,51.5,49.1,44.6,40.8,37.9,35.0,31.5,29.3,28.9,29.0,28.5,29.0,29.6,30.6,31.4,32.5,33.2,34.4,35.4,36.5
22:36:04.575,88.2,52.5,80.0,74.4,76.3,81.0,81.7,80.7,80.6,77.6,74.4,66.8,65.1,65.9,63.6,59.9,59.5,57.5,53.1,52.3,48.2,45.1,41.1,38.0,35.0,31.9,29.8,29.5,29.6,29.0,29.0,29.6,30.5,31.4,32.4,33.5,34.5,35.5,36.5
22:36:05.575,90.8,54.0,82.5,77.5,80.3,85.3,84.4,81.8,81.8,81.5,73.3,65.9,67.3,63.3,64.8,61.7,59.1,57.5,54.5,54.3,50.2,47.8,45.1,42.2,38.9,34.1,31.6,30.2,29.7,28.7,28.8,29.6,30.6,31.5,32.3,33.2,34.2,35.5,36.5
22:36:06.575,93.6,56.6,85.9,79.5,79.0,86.5,88.4,82.3,84.4,86.9,80.5,73.0,68.5,69.3,65.2,61.0,63.7,60.5,56.9,54.1,52.7,50.3,47.6,45.8,43.3,39.3,37.3,35.6,33.3,31.0,29.8,29.8,30.5,31.4,32.5,33.4,34.4,35.3,36.6
22:36:07.575,96.1,58.5,88.0,85.7,87.8,89.1,89.4,82.9,85.8,86.3,84.6,80.9,74.5,68.7,68.9,65.0,63.9,60.5,60.0,57.6,55.7,50.5,48.4,46.3,44.3,40.7,37.0,36.0,34.6,31.8,30.2,30.1,30.8,31.4,32.6,33.4,34.4,35.5,36.5
22:36:08.575,97.7,57.7,90.1,75.7,81.6,87.4,91.8,91.8,84.5,86.4,87.2,78.3,76.1,71.1,66.5,66.0,62.5,61.6,59.2,55.2,53.2,49.1,45.8,42.7,38.9,34.5,31.7,30.2,29.5,28.9,28.7,29.4,30.6,31.5,32.4,33.7,34.4,35.4,36.4
22:36:09.575,98.6,60.8,91.7,81.5,84.2,92.5,92.3,90.1,88.1,89.6,87.5,84.2,81.4,71.7,68.8,67.5,67.2,62.7,60.8,58.1,56.1,53.2,51.9,48.7,44.5,41.4,37.6,35.6,34.0,30.8,29.5,29.7,30.5,31.4,32.5,33.3,34.5,35.4,36.5
22:36:10.575,100.7,63.7,94.3,80.6,87.6,93.1,94.3,91.8,92.0,93.2,92.3,83.8,85.0,78.2,74.4,70.1,64.7,64.8,62.1,58.2,59.8,58.7,57.5,55.3,49.2,47.4,45.3,44.6,42.9,36.6,32.7,31.0,31.0,31.6,32.6,33.5,34.5,35.4,36.5
22:36:11.575,99.8,63.5,94.7,84.7,85.9,85.6,90.4,91.4,91.1,92.4,92.4,90.5,86.6,79.6,71.1,71.7,69.1,63.1,62.2,59.0,58.7,54.0,50.5,47.2,43.1,38.7,35.7,33.1,31.0,29.3,29.2,29.7,30.7,31.6,32.7,33.5,34.4,35.5,36.6
22:36:12.575,102.5,65.4,95.5,85.1,90.7,91.8,92.4,97.1,93.3,93.4,92.9,86.2,86.7,83.3,75.9,74.0,70.2,68.3,65.0,63.1,59.3,54.5,50.5,48.0,44.4,39.4,35.5,33.3,30.9,29.5,29.2,29.6,30.5,31.6,32.5,33.7,34.3,35.3,36.5
22:36:13.575,102.0,68.8,95.7,91.8,89.3,85.5,92.3,88.2,88.7,91.6,92.8,87.4,84.7,82.9,81.6,80.2,78.2,72.1,69.9,64.3,63.1,57.2,53.8,50.7,46.8,42.4,38.1,35.7,33.7,30.5,29.3,29.8,30.4,31.3,32.5,33.4,34.6,35.5,36.5
22:36:14.575,104.7,71.5,98.8,92.5,91.8,94.5,94.5,94.2,96.7,96.7,93.7,93.3,91.4,89.6,82.4,82.2,77.2,75.5,71.1,68.8,67.0,65.0,59.1,59.4,55.6,50.2,44.6,43.0,39.8,34.9,31.5,30.3,30.5,31.5,32.3,33.3,34.4,35.4,36.5
22:36:15.575,105.0,72.4,99.5,90.6,90.0,94.1,97.4,96.3,97.4,97.8,96.6,89.3,89.0,87.4,84.2,78.2,77.1,74.0,73.7,71.0,64.6,61.9,58.2,55.4,52.3,47.0,44.8,41.8,37.6,33.1,30.5,29.6,30.7,31.6,32.5,33.4,34.4,35.4,36.4
22:36:16.575,104.3,75.0,98.9,91.1,89.7,88.2,96.2,97.8,96.1,93.7,97.2,90.2,88.7,84.8,86.5,83.1,82.1,81.9,77.8,75.0,69.5,64.0,59.0,55.8,49.2,47.3,41.1,36.8,35.0,32.0,30.1,30.1,30.7,31.3,32.4,33.3,34.4,35.4,36.5
22:36:17.575,104.6,73.9,98.7,91.0,91.9,95.7,96.8,95.0,98.8,93.3,92.7,91.9,91.5,88.2,85.4,81.8,79.4,77.1,76.7,73.0,67.6,66.9,62.3,57.4,52.8,48.5,43.9,41.1,37.1,33.7,30.0,30.2,30.7,31.6,32.3,33.5,34.6,35.5,36.6
22:36:18.575,106.3,83.5,101.3,90.7,92.4,94.8,92.2,100.3,96.8,97.0,94.9,95.5,93.5,91.7,88.3,87.0,85.9,86.6,85.4,84.8,80.5,80.1,79.6,76.6,74.6,69.8,64.4,58.0,56.8,49.4,42.9,38.6,36.2,32.0,32.4,33.4,34.5,35.6,36.4
22:36:19.575,104.1,75.8,98.1,91.1,91.4,91.7,94.1,97.1,97.4,92.6,87.0,87.1,90.0,86.8,86.1,83.6,79.2,76.5,77.2,74.3,67.3,64.4,63.3,59.0,57.5,50.9,47.4,43.6,38.1,31.5,29.1,30.0,30.4,31.6,32.6,33.6,34.6,35.4,36.3
22:36:20.575,107.5,74.9,100.9,93.9,97.0,93.9,95.6,96.7,101.2,99.6,99.9,92.6,89.7,85.8,83.9,83.0,81.5,79.9,75.2,73.2,71.6,67.8,63.6,60.7,56.3,50.1,47.2,44.4,39.8,35.2,31.0,30.1,30.6,31.5,32.3,33.3,34.4,35.4,36.4
22:36:21.575,110.6,83.8,105.3,87.4,92.9,98.8,102.1,102.9,99.3,100.1,100.6,99.6,98.3,96.9,89.9,90.6,88.6,87.4,85.5,83.0,83.1,80.5,76.8,76.3,74.6,69.7,65.6,62.2,62.0,55.3,50.6,46.5,44.1,39.3,34.8,33.9,34.4,35.5,36.5
22:36:22.575,108.9,83.3,104.8,89.9,93.5,96.9,96.5,100.7,100.7,100.1,99.3,97.9,98.9,93.6,92.7,90.9,89.5,87.1,84.6,82.9,77.7,73.1,73.6,72.3,69.1,63.6,61.5,63.5,61.9,55.3,48.0,44.6,38.1,32.1,32.5,33.5,34.5,35.5,36.3
22:36:23.575,110.2,86.4,104.8,87.8,92.8,100.6,102.3,98.9,98.9,101.5,96.5,97.9,94.8,91.0,91.5,90.5,87.7,88.6,86.3,84.1,81.9,80.8,79.2,75.7,74.5,71.2,69.3,66.8,65.5,61.4,54.1,47.9,39.2,33.7,33.4,33.6,34.4,35.5,36.4
22:36:24.575,108.6,86.2,104.0,91.8,90.0,93.5,96.3,99.7,98.9,99.1,99.8,96.4,93.1,93.5,93.1,91.9,89.5,89.7,87.8,86.6,84.5,82.6,79.9,77.5,75.5,72.4,67.8,66.4,63.7,58.5,53.9,49.3,47.0,38.1,34.0,33.6,34.3,35.4,36.5
22:36:25.575,108.4,80.5,102.6,90.1,94.6,98.0,97.2,101.4,101.3,100.6,96.1,93.9,96.5,93.8,91.0,87.1,85.8,85.5,79.9,75.6,77.0,74.7,71.3,66.5,57.3,53.2,47.5,46.1,41.7,38.2,32.7,30.9,30.9,31.5,32.5,33.4,34.5,35.5,36.4
22:36:26.575,108.2,83.1,102.9,89.8,96.1,96.1,101.4,99.7,100.2,98.9,96.1,95.8,93.9,93.4,89.9,90.1,89.8,88.2,86.2,83.2,81.2,79.6,75.1,70.8,68.9,64.6,61.5,60.2,57.9,52.6,47.2,40.0,34.5,31.9,32.5,33.4,34.5,35.4,36.5
22:36:27.575,108.6,83.5,103.2,90.2,98.3,99.4,100.0,99.3,99.8,96.2,100.0,93.5,93.2,92.7,91.8,90.4,90.2,87.4,85.9,84.4,81.5,78.1,75.3,70.0,64.6,58.8,54.3,50.8,47.2,41.5,36.8,34.5,32.1,31.8,32.5,33.4,34.6,35.5,36.6
22:36:28.575,109.0,80.3,103.5,98.5,98.7,96.6,96.4,97.9,99.1,99.1,97.1,95.2,95.6,94.0,91.0,89.7,86.6,79.9,80.1,77.7,74.0,71.8,68.1,62.8,58.1,52.5,48.7,45.6,43.6,39.3,32.9,30.7,30.8,31.7,32.4,33.4,34.4,35.5,36.4
22:36:29.575,107.0,78.2,100.2,94.9,100.1,98.1,99.6,97.4,96.9,96.0,92.9,93.9,94.6,89.2,87.5,85.9,86.6,83.1,82.3,80.5,74.5,71.3,68.0,63.4,60.1,55.6,51.7,49.3,43.1,39.4,32.0,29.9,30.6,31.5,32.5,33.4,34.4,35.5,36.4
22:36:30.575,107.5,81.1,101.7,93.8,95.3,97.8,99.2,98.8,95.9,100.0,96.2,94.0,93.1,91.2,88.7,89.6,87.3,85.4,84.1,81.4,77.9,75.1,70.9,63.7,56.2,49.9,50.1,50.0,45.8,36.4,30.8,29.5,30.5,31.7,32.4,33.5,34.5,35.4,36.4
22:36:31.575,106.1,81.0,100.7,95.4,97.7,92.9,96.8,96.1,93.7,94.6,98.3,95.2,94.0,90.7,87.9,89.7,87.0,86.2,84.6,83.0,78.9,75.2,73.0,69.0,64.8,60.0,53.8,44.4,40.9,38.2,31.0,30.1,30.7,31.4,32.2,33.4,34.6,35.5,36.5
22:36:32.575,106.6,79.1,98.5,97.0,101.1,100.9,97.0,93.9,94.9,91.6,90.1,89.6,90.2,88.2,86.8,85.8,82.3,85.7,82.5,81.8,78.1,74.3,69.2,60.6,56.7,53.8,48.0,40.2,34.2,31.8,29.3,29.8,30.5,31.8,32.7,33.3,34.4,35.3,36.4
22:36:33.575,105.8,77.7,99.8,94.2,96.3,93.5,92.9,96.5,93.7,94.2,93.0,95.1,90.0,86.0,85.4,85.7,82.7,82.7,80.9,76.8,73.4,69.3,64.0,55.6,50.1,47.3,43.8,37.5,32.5,30.9,29.4,29.5,30.3,31.6,32.3,33.4,34.4,35.6,36.5
22:36:34.575,106.9,78.9,101.7,90.2,93.0,98.1,97.5,92.1,94.8,97.9,98.9,94.0,93.7,89.8,89.4,86.5,83.3,82.4,80.2,77.7,74.4,70.3,66.2,60.5,56.4,53.5,50.7,43.6,36.9,31.6,29.3,29.6,30.7,31.5,32.5,33.4,34.5,35.4,36.4
22:36:35.575,107.7,75.7,100.7,92.5,95.9,95.6,102.6,103.9,95.2,95.3,95.8,92.2,93.0,90.2,89.9,83.6,80.3,79.7,76.5,73.6,70.3,67.2,63.8,59.0,56.5,48.2,39.7,34.1,29.3,28.5,28.6,29.3,30.5,31.4,32.3,33.4,34.4,35.5,36.4
22:36:36.575,106.9,75.6,99.8,95.8,95.9,98.7,99.3,95.4,93.6,95.7,96.4,90.9,88.9,85.3,86.8,83.7,81.6,78.6,75.0,70.4,63.8,57.2,54.1,48.5,42.5,37.1,33.1,29.7,28.2,28.3,28.5,29.4,30.4,31.5,32.3,33.4,34.5,35.4,36.6
22:36:37.575,105.3,76.1,98.8,92.7,93.4,96.1,97.1,96.3,95.6,97.0,93.7,90.7,87.6,87.4,86.9,82.0,81.0,80.8,78.4,76.1,73.5,69.2,65.6,59.7,52.4,42.2,34.2,30.1,28.7,28.5,28.9,29.5,30.4,31.4,32.4,33.4,34.4,35.5,36.4
22:36:38.575,105.4,77.3,98.4,95.8,96.2,94.0,97.6,96.1,94.6,95.6,94.9,90.1,89.7,89.5,87.6,83.9,82.4,83.2,81.4,78.0,74.8,71.6,69.7,65.1,62.1,55.1,49.5,41.1,31.5,28.5,28.6,29.5,30.5,31.5,32.2,33.5,34.5,35.4,36.3
22:36:39.575,107.8,78.6,101.8,96.0,100.3,99.1,95.6,98.7,98.2,101.8,94.9,91.1,93.6,90.9,88.9,88.7,85.7,82.5,81.7,79.7,76.3,70.7,64.2,59.4,54.1,50.8,45.5,40.4,32.9,30.3,29.3,29.7,30.6,31.4,32.5,33.4,34.5,35.5,36.4
22:36:40.575,108.7,78.6,102.2,99.9,99.6,97.8,99.6,98.2,99.4,99.4,96.9,94.4,92.4,93.3,88.5,87.6,84.0,78.8,77.3,77.5,75.4,71.7,69.8,67.9,63.9,57.6,53.4,48.5,38.2,34.2,29.1,29.7,30.7,31.5,32.5,33.5,34.6,35.4,36.5
22:36:41.575,106.5,77.3,99.8,97.5,95.2,92.9,96.2,98.6,98.5,94.2,94.4,91.8,92.9,90.0,85.8,83.7,83.7,81.0,81.0,79.0,74.0,69.9,66.6,61.5,56.8,44.4,46.2,41.2,32.2,31.4,29.2,29.9,30.8,31.6,32.2,33.3,34.5,35.5,36.5
22:36:42.575,105.2,73.2,98.1,93.6,92.6,92.7,96.4,96.7,94.2,95.4,94.7,89.5,91.2,87.0,87.4,83.0,82.5,79.5,75.4,71.3,66.6,62.3,58.1,52.4,45.0,36.7,30.8,28.4,28.4,28.7,28.8,29.2,30.6,31.3,32.5,33.2,34.5,35.4,36.5
22:36:43.575,104.9,74.0,97.3,94.9,97.8,95.1,88.8,90.9,90.6,91.6,91.9,90.8,88.9,85.7,84.5,82.3,82.0,79.7,77.2,73.6,69.5,65.2,59.7,53.7,49.8,40.3,33.4,30.5,28.6,28.3,28.9,29.9,30.6,31.6,32.5,33.6,34.3,35.4,36.6
22:36:44.575,105.5,73.5,98.6,94.6,94.0,93.9,94.8,95.6,95.0,95.5,92.6,92.7,92.0,85.2,86.2,82.7,81.2,79.0,76.4,72.6,66.6,61.8,57.8,56.6,51.6,43.4,36.8,31.6,28.8,28.7,28.9,29.8,30.3,31.6,32.7,33.5,34.4,35.5,36.6
22:36:45.575,105.7,72.2,98.3,95.4,97.5,95.6,91.2,94.3,92.6,93.7,92.8,92.7,91.4,87.5,87.1,82.9,80.1,75.8,72.0,68.5,66.1,64.7,60.2,55.6,52.5,45.4,39.4,33.3,29.1,28.5,29.2,29.4,30.7,31.5,32.4,33.3,34.4,35.5,36.5
22:36:46.575,104.8,70.6,96.9,88.4,92.8,95.9,99.2,95.4,91.5,94.5,91.0,89.3,86.5,83.8,80.3,78.6,75.7,73.6,72.9,68.0,62.5,55.4,50.2,44.5,37.6,31.3,28.5,28.1,28.8,28.7,29.0,29.4,30.8,31.5,32.6,33.5,34.4,35.4,36.5
22:36:47.575,106.1,69.1,97.6,94.1,96.0,96.5,95.5,93.2,94.3,93.5,91.6,88.1,86.4,83.0,80.1,77.8,74.2,71.0,66.1,62.2,57.3,51.2,45.7,43.1,38.4,31.5,28.1,28.1,28.9,27.8,29.0,29.7,30.2,31.5,32.6,33.5,34.4,35.6,36.5
22:36:48.575,106.2,70.5,96.8,95.9,96.4,96.7,95.8,95.6,95.2,90.8,92.1,91.6,85.7,87.5,85.5,82.5,79.7,74.7,70.9,65.1,62.0,58.8,53.2,46.4,38.6,32.3,28.1,28.2,28.3,28.4,28.3,29.3,30.6,31.5,32.5,33.6,34.2,35.4,36.5
22:36:49.575,104.3,69.5,96.6,92.0,91.9,93.1,93.5,95.7,94.7,89.0,90.4,89.9,85.6,85.7,81.9,80.9,76.6,73.0,68.9,65.8,59.3,58.3,57.2,47.4,40.4,33.2,28.3,27.8,28.3,28.1,29.1,29.6,30.4,31.5,32.4,33.5,34.4,35.5,36.5
22:36:50.575,106.0,68.3,97.2,90.3,96.9,95.9,96.1,93.6,92.5,96.5,90.2,89.6,88.0,88.8,84.5,79.4,71.4,63.8,67.7,65.2,59.7,54.1,51.6,44.4,37.5,31.6,28.9,28.6,28.4,28.4,28.7,29.7,30.8,31.6,32.5,33.3,34.4,35.4,36.5
22:36:51.575,105.9,70.8,98.0,95.9,98.4,97.5,92.5,92.3,95.7,94.0,91.6,94.2,88.3,89.0,84.4,81.0,79.1,75.4,72.9,69.0,62.7,57.4,52.4,49.1,43.2,33.7,28.8,27.8,27.9,28.2,29.0,29.6,30.5,31.6,32.4,33.4,34.4,35.5,36.4
22:36:52.575,105.5,71.8,97.5,95.7,95.2,98.6,98.5,97.7,92.4,93.9,90.1,90.5,88.0,88.6,88.1,84.1,81.2,78.0,71.7,65.0,60.9,54.4,51.5,48.2,47.0,35.9,31.4,28.8,28.1,28.3,28.9,29.5,30.9,31.6,32.7,33.6,34.4,35.4,36.5
22:36:53.575,105.8,74.3,98.5,91.8,91.9,91.0,97.8,98.0,97.6,89.8,91.3,92.6,88.7,85.9,85.2,82.7,80.2,77.8,76.0,72.6,67.0,59.1,53.9,51.6,44.7,37.6,33.0,29.7,28.3,28.3,28.7,29.4,30.5,31.5,32.3,33.4,34.3,35.3,36.4
22:36:54.575,104.7,68.7,95.6,93.1,95.2,95.5,88.6,93.9,95.1,92.3,88.8,84.4,87.9,83.8,82.9,78.3,77.0,72.0,71.8,66.2,62.5,56.9,53.4,50.1,44.2,36.0,29.4,28.1,28.6,28.0,28.7,29.6,30.3,31.7,32.5,33.3,34.3,35.4,36.5
22:36:55.575,105.8,69.1,96.6,96.1,97.8,97.1,94.2,95.7,96.3,93.5,90.5,91.1,85.7,85.5,84.4,80.5,76.5,74.4,70.2,65.8,62.3,56.3,52.8,47.6,39.5,32.1,28.9,27.5,28.5,28.5,28.9,29.6,30.4,31.3,32.5,33.4,34.5,35.4,36.4
22:36:56.575,105.7,69.2,96.1,96.8,96.8,95.8,96.9,95.3,96.6,92.2,89.1,87.0,85.5,83.6,81.0,79.2,75.8,73.4,71.9,67.3,62.1,55.7,53.8,51.1,47.4,39.7,31.9,29.8,28.8,28.4,28.6,29.6,30.2,31.5,32.5,33.4,34.5,35.4,36.5
22:36:57.575,103.5,66.5,94.3,96.3,92.7,92.1,94.4,94.3,90.4,89.6,89.7,85.6,85.6,83.3,79.8,78.7,72.6,69.1,64.6,63.3,61.0,55.9,51.0,43.7,39.4,31.6,28.4,28.6,27.9,28.2,28.8,29.4,30.4,31.2,32.3,33.5,34.6,35.5,36.5
22:36:58.575,106.4,68.4,96.2,98.5,99.6,99.7,96.1,92.2,92.3,89.4,90.8,89.3,85.6,84.7,83.5,80.5,74.5,73.2,69.2,63.4,60.4,54.1,51.3,48.0,42.1,32.8,28.7,28.7,28.7,28.5,28.4,29.7,30.5,31.3,32.3,33.5,34.3,35.4,36.4
22:36:59.575,104.8,70.0,95.2,96.1,95.2,97.9,93.1,88.6,93.1,87.8,89.1,88.8,86.6,81.2,80.6,79.9,78.0,75.1,70.0,66.7,63.9,60.0,54.7,47.8,43.3,36.1,30.5,28.0,28.2,28.4,29.1,29.7,30.5,31.2,32.3,33.3,34.4,35.4,36.6
22:37:00.575,103.8,73.0,95.6,92.9,93.7,94.0,94.8,93.0,92.3,91.2,90.0,87.1,88.6,84.9,82.5,80.7,80.0,78.4,77.1,74.6,70.5,65.1,60.6,55.1,49.1,40.7,36.1,32.0,28.9,28.4,28.8,29.5,30.7,31.4,32.5,33.4,34.4,35.5,36.5
22:37:01.575,104.5,70.2,95.5,95.2,94.8,95.4,96.4,93.4,91.9,93.2,90.5,86.0,85.9,83.6,82.1,79.6,77.5,75.5,71.5,68.3,61.6,54.4,53.1,48.3,44.8,37.0,31.4,29.3,28.4,28.6,29.0,29.9,30.4,31.4,32.5,33.4,34.5,35.5,36.5
22:37:02.575,103.9,68.2,95.0,90.1,94.7,97.6,95.1,92.7,91.6,92.4,91.7,85.0,84.7,82.8,79.9,78.1,74.8,72.9,70.0,67.4,62.3,58.2,55.4,51.2,44.3,38.3,32.0,29.0,28.6,28.3,28.9,29.5,30.5,31.6,32.6,33.4,34.6,35.5,36.5
22:37:03.575,104.0,69.2,95.1,87.5,93.4,95.1,94.0,93.5,94.5,90.2,89.1,88.2,83.5,82.2,80.7,77.4,76.1,72.7,70.4,63.8,56.6,58.2,55.1,48.3,42.6,34.5,30.0,29.1,28.7,28.8,28.9,29.6,30.6,31.5,32.4,33.5,34.4,35.6,36.5
22:37:04.575,102.9,66.9,93.2,90.2,92.2,93.5,92.6,92.6,91.8,89.9,87.0,85.7,82.2,83.9,80.7,77.6,75.0,68.5,65.5,63.4,62.1,59.7,55.1,49.9,43.6,34.8,29.6,29.4,29.0,28.6,29.1,29.6,30.5,31.5,32.3,33.5,34.5,35.3,36.4
22:37:05.575,106.8,69.1,95.6,94.5,95.8,95.9,96.7,91.2,89.2,94.8,90.6,90.8,87.1,84.4,84.4,80.6,77.5,74.2,72.6,67.0,61.9,58.2,48.2,42.3,42.1,36.9,32.2,30.3,29.6,28.9,29.5,29.5,30.4,31.4,32.4,33.2,34.3,35.4,36.6
22:37:06.575,103.7,69.3,95.4,93.9,86.6,94.3,95.4,93.9,95.3,92.4,86.0,90.8,85.5,84.6,82.5,80.4,78.4,76.2,71.2,65.0,57.4,55.3,53.3,45.9,39.5,32.4,29.2,28.0,29.3,28.9,28.8,29.3,30.4,31.6,32.5,33.4,34.6,35.5,36.4
22:37:07.575,105.3,67.4,95.8,96.6,90.5,95.6,97.2,94.2,94.6,88.9,91.5,90.1,86.9,82.9,82.5,77.5,75.0,71.4,64.7,66.8,63.6,54.5,49.7,45.4,39.6,36.6,31.3,27.8,28.3,28.4,29.1,29.5,30.6,31.4,32.4,33.4,34.5,35.5,36.6
22:37:08.575,105.1,65.8,94.9,96.8,97.9,93.7,94.4,91.2,91.6,91.5,89.4,88.6,83.6,81.1,79.0,72.1,68.8,70.1,68.5,64.3,56.0,54.6,52.4,47.7,40.4,33.4,29.0,28.6,28.6,28.6,29.3,29.9,30.8,31.3,32.6,33.6,34.3,35.5,36.5
22:37:09.575,103.6,63.0,92.1,92.5,94.9,91.8,93.6,93.5,87.1,87.8,88.7,80.9,80.6,79.1,75.1,71.7,68.8,65.7,63.8,62.8,57.8,51.8,45.0,40.7,36.1,30.4,28.2,28.6,29.1,28.9,29.2,29.8,30.4,31.6,32.4,33.6,34.4,35.4,36.5
22:37:10.575,104.5,65.3,93.4,96.9,96.8,95.9,93.9,91.2,88.5,88.9,86.3,83.6,83.6,79.3,77.1,74.5,69.1,65.9,65.5,60.5,57.7,54.2,51.1,45.7,40.6,31.7,29.1,29.2,29.3,29.1,29.7,30.0,30.7,31.6,32.5,33.5,34.6,35.6,36.5
22:37:11.575,105.2,66.0,94.2,98.1,96.1,95.8,95.1,92.1,93.7,90.2,87.0,86.4,84.5,83.2,79.5,76.3,75.8,70.8,67.3,65.2,59.9,55.0,50.6,43.4,38.2,31.1,28.8,28.5,28.5,28.6,28.9,29.7,30.5,31.5,32.6,33.4,34.5,35.6,36.5
22:37:12.575,104.9,65.5,93.0,95.3,99.2,96.7,92.4,91.6,91.7,88.4,87.2,84.9,82.6,79.9,79.4,74.8,70.0,69.1,67.2,62.3,60.2,57.7,53.3,48.7,44.0,35.5,30.1,28.4,28.2,28.5,29.0,29.7,30.5,31.7,32.4,33.5,34.3,35.4,36.5
22:37:13.575,102.9,66.9,94.3,95.0,92.8,91.7,92.9,93.1,94.5,91.2,89.7,88.1,86.6,84.7,82.4,79.8,75.2,72.1,66.8,65.7,61.7,54.0,54.3,50.7,44.5,32.6,29.9,28.9,28.4,28.6,29.2,29.9,30.5,31.4,32.4,33.3,34.4,35.5,36.5
22:37:14.575,103.3,66.2,92.7,92.8,94.6,94.8,95.6,92.1,89.9,86.0,88.5,85.1,83.1,82.1,80.8,78.3,74.1,72.3,68.3,63.2,60.0,56.3,49.9,44.5,40.3,32.9,29.1,28.7,28.7,28.3,28.9,29.8,30.6,31.6,32.6,33.4,34.4,35.4,36.5
22:37:15.575,105.4,66.6,93.1,99.1,97.8,94.7,91.6,94.1,87.8,86.7,86.0,87.8,83.8,81.9,79.9,77.3,74.4,70.5,66.6,62.7,57.4,51.9,50.8,47.3,41.3,34.2,29.6,28.6,28.6,28.5,28.9,29.8,30.6,31.5,32.5,33.4,34.3,35.5,36.4
22:37:16.575,102.1,65.9,92.4,91.5,90.3,93.0,94.6,92.3,87.9,86.5,89.2,86.3,82.5,83.9,78.8,74.4,72.0,70.6,70.5,67.9,61.6,56.4,50.7,46.2,41.2,34.9,29.1,28.5,28.2,28.4,28.8,29.7,30.5,31.4,32.4,33.4,34.5,35.4,36.5
22:37:17.575,104.5,65.9,92.1,94.1,88.0,90.8,94.4,91.6,90.0,85.9,88.2,84.8,83.6,80.1,78.3,76.5,73.8,69.5,68.5,65.5,62.1,58.6,54.9,51.2,46.1,37.0,31.8,29.2,28.6,28.4,28.7,29.8,30.4,31.4,32.7,33.5,34.5,35.4,36.4
22:37:18.575,102.3,65.7,90.5,91.4,96.0,93.5,87.8,85.8,87.2,84.3,82.7,84.2,80.8,79.1,77.2,73.3,73.5,69.8,66.9,65.0,61.4,57.5,53.2,42.2,38.0,33.6,28.3,27.7,28.1,28.1,28.9,29.8,30.7,31.6,32.5,33.5,34.3,35.5,36.6
22:37:19.575,101.3,65.6,92.9,88.9,87.2,90.1,92.7,94.7,88.0,88.7,83.5,84.0,82.8,79.2,75.1,74.0,72.7,71.4,65.7,61.8,57.6,55.0,51.3,44.8,40.3,33.6,29.7,28.4,28.5,28.7,28.9,29.4,30.5,31.5,32.5,33.4,34.4,35.5,36.2
22:37:20.575,104.0,66.5,92.3,98.5,96.3,88.3,89.6,91.0,91.3,87.5,86.5,85.9,81.7,78.7,78.5,75.8,75.4,72.0,68.4,66.8,60.9,57.0,53.3,48.9,45.5,36.9,29.9,28.7,29.3,29.1,28.8,29.8,30.7,31.5,32.3,33.5,34.4,35.4,36.5
22:37:21.575,101.6,64.8,90.5,92.5,91.2,91.9,93.0,89.4,84.7,85.6,84.5,82.9,79.9,79.1,76.1,73.3,72.4,71.2,67.1,63.2,58.8,52.6,47.2,42.1,37.5,31.6,28.4,28.4,28.4,28.3,29.0,29.7,30.5,31.4,32.6,33.5,34.5,35.4,36.5
22:37:22.575,101.3,62.1,89.8,93.2,92.1,94.2,88.5,87.3,87.7,83.4,85.5,78.5,73.2,75.5,73.1,70.5,68.3,65.9,64.8,60.4,57.7,52.2,47.0,40.9,35.7,29.6,27.9,27.7,27.6,28.2,29.0,29.9,30.6,31.5,32.3,33.4,34.4,35.4,36.5
22:37:23.575,100.9,64.5,90.6,83.7,85.8,87.3,91.6,90.0,91.1,87.4,85.4,82.5,80.3,77.5,76.1,73.9,71.2,69.3,67.6,65.6,60.9,56.6,53.2,48.3,42.7,34.7,29.0,28.8,28.9,28.4,28.6,29.7,30.3,31.6,32.4,33.5,34.5,35.3,36.5
22:37:24.575,103.0,66.5,91.0,95.2,93.5,90.8,91.1,88.7,87.8,86.8,82.5,81.6,81.1,78.8,77.8,76.0,74.8,71.8,68.6,63.8,60.5,54.2,49.9,43.5,38.8,34.1,28.6,28.6,29.0,28.3,28.8,30.0,30.5,31.6,32.3,33.5,34.4,35.4,36.6
22:37:25.575,101.4,64.1,90.2,91.4,88.4,82.7,87.6,87.4,89.3,81.5,85.6,83.3,82.2,78.0,74.6,73.0,69.7,67.1,64.8,62.8,59.7,52.8,48.8,43.9,36.0,30.3,28.0,28.1,28.1,28.6,28.9,29.6,30.4,31.5,32.4,33.4,34.2,35.4,36.5
22:37:26.575,100.4,60.3,89.0,92.9,89.3,90.3,91.9,89.6,84.1,84.5,84.3,84.3,81.6,77.2,75.8,69.1,65.9,63.6,61.6,57.3,52.2,50.5,46.5,41.6,36.1,30.0,27.6,27.3,27.9,28.3,28.5,29.5,30.4,31.5,32.4,33.4,34.3,35.4,36.4
22:37:27.575,100.5,65.1,89.7,82.5,89.1,90.2,91.0,88.8,87.2,83.8,83.4,83.7,81.6,77.2,75.3,72.0,70.8,70.8,68.7,65.8,61.4,56.4,53.2,47.8,42.4,35.1,29.5,28.2,28.1,28.2,28.7,29.6,30.7,31.6,32.3,33.4,34.5,35.5,36.5
22:37:28.575,99.9,66.5,90.8,80.4,86.9,90.2,89.7,90.7,88.3,85.6,85.2,83.9,79.5,78.3,76.2,73.7,72.5,71.7,69.0,66.4,62.6,57.7,51.7,46.0,40.1,32.6,28.1,27.9,28.0,28.0,28.7,29.6,30.6,31.3,32.5,33.5,34.4,35.3,36.5
22:37:29.575,101.5,63.7,89.6,93.3,89.8,92.4,90.1,89.7,88.6,85.7,82.8,82.3,79.9,78.7,75.9,74.2,71.6,71.5,68.0,65.5,59.3,52.9,47.4,41.6,37.6,31.6,28.4,28.3,28.5,28.6,28.7,29.6,30.6,31.2,32.5,33.4,34.3,35.5,36.4
22:37:30.575,99.2,63.8,88.5,86.6,84.4,84.2,83.2,85.4,86.2,87.7,84.2,80.8,75.6,77.4,74.3,72.0,69.2,67.6,64.5,62.5,59.9,56.8,51.3,47.3,42.2,33.5,29.1,29.4,29.3,29.0,28.8,29.4,30.2,31.6,32.5,33.6,34.4,35.5,36.5
22:37:31.575,99.6,63.0,88.8,89.8,93.0,91.4,88.4,85.3,89.2,85.0,82.5,81.5,79.0,78.3,74.2,74.2,72.1,68.0,64.4,62.0,58.6,55.1,50.5,45.1,38.8,33.2,28.9,28.3,27.9,28.5,28.9,29.4,30.3,31.4,32.4,33.3,34.5,35.5,36.6
22:37:32.575,99.6,62.4,89.5,89.9,90.2,90.2,89.2,86.4,83.6,84.8,84.9,83.3,81.1,78.0,77.3,74.5,70.6,65.7,60.7,60.5,55.6,49.4,44.2,40.3,36.9,31.4,27.5,27.8,27.3,28.1,28.5,29.7,30.5,31.2,32.4,33.6,34.4,35.4,36.4
22:37:33.575,102.6,63.4,90.8,98.3,93.3,90.9,91.2,88.2,87.4,84.9,86.8,81.0,80.6,78.3,76.8,75.0,71.9,66.7,64.6,60.3,51.2,48.0,44.2,42.1,38.4,32.4,27.8,27.8,27.7,28.1,28.8,29.7,30.5,31.5,32.5,33.4,34.4,35.5,36.4
22:37:34.575,99.8,63.5,90.6,86.8,86.9,87.5,90.0,87.9,90.3,86.9,84.9,83.5,79.0,78.3,74.9,73.0,70.8,67.9,66.4,62.3,57.3,50.2,45.1,40.1,35.6,30.6,27.5,27.8,28.1,27.9,28.5,29.3,30.4,31.3,32.6,33.3,34.5,35.4,36.4
22:37:35.575,100.2,62.8,89.7,88.9,90.9,87.9,88.4,89.4,88.3,86.4,82.2,84.2,79.5,78.4,75.9,72.9,70.2,67.9,64.5,61.5,56.7,52.8,50.1,47.6,40.8,33.9,28.7,27.5,27.7,27.9,28.7,29.6,30.6,31.3,32.4,33.3,34.3,35.3,36.4
22:37:36.575,100.4,64.0,89.6,91.3,90.8,90.5,93.2,86.7,87.3,85.0,84.8,80.9,80.8,77.5,75.6,73.7,71.6,68.0,67.1,63.3,59.5,53.6,50.0,44.1,37.3,31.4,28.0,28.4,28.0,27.9,28.7,29.5,30.5,31.4,32.3,33.4,34.4,35.4,36.6
22:37:37.575,100.6,60.5,89.0,92.8,91.2,87.1,90.8,88.6,88.5,85.0,79.8,82.9,79.7,76.7,75.1,72.1,68.2,63.3,57.2,56.8,55.9,51.2,48.4,41.0,36.1,31.0,27.9,28.1,28.2,28.0,28.8,29.5,30.6,31.4,32.5,33.4,34.4,35.4,36.5
22:37:38.575,100.0,61.2,88.2,84.1,87.7,91.6,88.8,85.4,87.3,86.0,80.4,77.4,77.5,74.9,74.5,70.6,67.0,64.6,62.2,59.2,56.4,50.6,46.1,41.9,35.9,31.2,28.3,27.9,28.1,28.0,28.9,29.6,30.4,31.5,32.3,33.4,34.5,35.4,36.4
22:37:39.575,99.5,61.7,87.7,90.3,86.8,87.1,85.2,86.9,86.1,79.7,81.9,80.1,77.6,73.1,73.9,71.1,67.9,66.4,63.9,61.6,54.7,50.9,45.3,40.6,35.3,31.6,28.9,28.8,28.9,28.7,28.9,29.5,30.4,31.3,32.6,33.4,34.5,35.4,36.4
22:37:40.575,98.8,64.0,88.0,90.3,89.1,86.3,86.0,87.9,86.8,83.8,82.8,78.9,80.6,77.9,77.2,73.5,73.3,70.1,67.0,63.8,59.7,52.3,48.6,42.1,36.5,31.2,29.3,29.2,29.3,29.0,29.3,29.9,30.6,31.8,32.5,33.5,34.4,35.4,36.6
22:37:41.575,98.1,64.9,88.2,85.8,86.2,87.2,83.8,84.2,86.2,87.0,81.1,78.7,79.4,78.7,76.0,75.1,72.7,69.9,68.7,66.5,63.0,55.8,50.8,46.5,40.2,34.5,31.1,29.0,29.5,28.6,28.8,29.7,30.6,31.4,32.3,33.4,34.6,35.4,36.4
22:37:42.575,99.3,60.3,87.8,91.5,87.6,85.6,85.6,85.0,88.4,82.9,81.4,79.5,76.7,76.8,73.6,69.4,67.3,63.2,58.9,53.4,52.2,47.3,40.3,35.9,33.6,29.2,28.0,28.1,28.0,28.1,28.8,29.8,30.6,31.8,32.3,33.4,34.5,35.4,36.4
22:37:43.575,98.3,57.8,85.9,88.2,81.1,84.3,85.8,85.6,86.7,84.6,81.0,77.9,77.0,74.7,71.3,69.5,65.6,60.8,59.1,58.9,51.6,48.8,44.2,39.2,33.3,29.9,28.0,27.7,27.8,27.9,28.6,29.8,30.8,31.5,32.4,33.5,34.4,35.5,36.5
22:37:44.575,98.4,59.2,87.1,89.3,88.0,90.2,90.8,84.4,83.3,82.3,80.1,78.4,76.4,75.6,74.7,68.1,64.3,64.6,60.2,55.0,51.7,47.3,43.4,39.7,36.1,30.3,28.0,27.9,28.3,28.3,28.9,29.5,30.6,31.5,32.4,33.5,34.3,35.4,36.6
22:37:45.575,98.1,61.4,87.1,85.1,87.2,86.8,85.6,83.9,84.7,80.2,80.2,76.1,75.1,71.4,69.9,70.8,64.8,61.8,62.2,59.1,55.5,50.5,46.5,41.4,37.0,31.5,28.4,28.3,28.6,28.3,29.2,29.6,30.6,31.3,32.4,33.5,34.5,35.5,36.5
22:37:46.575,98.9,63.0,87.0,91.0,88.4,90.1,89.1,87.6,82.7,81.8,78.9,76.5,75.5,74.1,74.6,75.0,72.0,64.8,63.9,62.4,59.7,54.9,52.0,49.0,45.4,38.0,32.6,29.2,28.8,28.4,28.8,29.8,30.6,31.6,32.5,33.4,34.5,35.6,36.4
22:37:47.575,99.8,61.6,87.6,91.4,86.4,85.0,82.3,83.6,89.4,86.1,82.9,79.5,77.6,75.3,75.9,72.9,68.8,66.1,63.0,62.7,57.6,51.0,45.1,41.9,36.6,31.5,28.2,29.0,29.1,28.5,29.2,29.9,30.5,31.3,32.3,33.4,34.3,35.4,36.3
22:37:48.575,99.1,58.8,87.1,90.4,90.7,91.4,88.2,85.3,84.8,84.0,81.9,78.4,77.1,72.9,70.3,66.4,61.9,62.3,60.8,58.0,56.5,50.4,45.3,42.8,36.3,31.8,30.0,29.9,30.5,29.7,29.5,30.1,30.6,31.2,32.7,33.5,34.6,35.4,36.5
22:37:49.575,98.5,60.5,87.7,90.2,87.3,84.9,87.5,87.0,86.5,84.0,81.5,80.6,77.8,76.1,69.5,67.7,68.7,65.0,61.8,59.3,54.2,49.6,44.1,40.6,36.0,30.8,28.4,29.0,29.1,29.2,29.3,29.7,30.7,31.6,32.6,33.3,34.3,35.5,36.4
22:37:50.575,98.7,61.6,86.8,91.2,90.1,86.6,84.1,85.3,85.2,84.2,81.6,79.9,75.3,73.1,73.1,70.5,69.3,69.0,64.5,61.3,56.0,49.3,45.5,41.1,37.4,31.6,28.4,28.5,28.3,27.8,29.3,29.9,30.6,31.4,32.6,33.2,34.5,35.4,36.5
22:37:51.575,97.7,59.8,86.4,83.2,81.8,81.3,84.6,85.4,88.2,83.9,80.8,78.6,74.1,74.4,71.2,68.8,67.3,65.0,62.9,60.9,56.5,51.7,48.4,46.5,42.4,34.5,28.9,28.5,28.1,28.1,28.6,29.6,30.5,31.4,32.4,33.5,34.5,35.6,36.4
22:37:52.575,97.2,58.6,85.6,90.1,81.7,84.0,82.4,80.0,82.8,84.7,81.9,78.0,76.2,73.7,68.4,66.8,66.9,64.8,62.7,55.7,51.3,46.8,41.0,37.3,32.9,29.7,28.1,27.9,28.0,28.1,29.0,29.7,30.5,31.4,32.3,33.6,34.5,35.5,36.5
22:37:53.575,97.5,62.8,87.9,88.9,84.3,85.2,86.5,85.8,86.2,83.1,83.0,79.9,77.1,76.3,74.4,72.7,71.4,68.8,64.1,60.7,58.6,54.2,48.9,44.2,40.5,33.4,29.3,28.7,29.2,28.8,29.3,29.7,30.7,31.6,32.5,33.4,34.5,35.4,36.5
22:37:54.575,97.3,60.1,86.3,87.7,83.2,84.8,85.6,83.6,86.2,84.3,80.0,79.4,74.4,74.3,72.8,71.2,67.8,64.5,61.2,59.1,55.2,52.5,49.0,47.7,42.9,36.0,30.0,29.2,28.8,28.9,29.2,29.6,30.2,31.6,32.4,33.5,34.3,35.4,36.4
22:37:55.575,97.9,57.8,85.1,89.7,85.3,86.5,84.4,84.5,83.5,82.7,78.0,77.0,74.0,72.8,69.7,65.4,64.4,59.8,60.5,56.9,51.9,49.8,44.5,40.9,35.7,32.3,28.9,29.4,29.0,28.8,28.8,29.7,30.4,31.3,32.5,33.5,34.5,35.5,36.4
22:37:56.575,97.9,58.5,85.4,91.6,84.4,85.5,85.5,86.0,83.2,80.4,78.9,78.5,74.8,71.9,71.4,69.9,67.5,63.6,59.3,57.1,52.0,46.1,40.4,38.5,35.1,31.5,29.7,29.7,29.6,29.1,29.0,29.6,30.5,31.6,32.6,33.4,34.4,35.3,36.5
22:37:57.575,95.7,57.2,84.6,88.1,91.3,86.9,83.9,79.9,81.4,79.4,77.5,75.8,73.6,74.6,70.0,69.0,63.8,61.0,56.6,54.7,52.5,47.2,41.8,36.6,33.3,28.9,28.0,28.1,28.3,28.3,28.7,29.5,30.6,31.4,32.3,33.4,34.4,35.5,36.3
22:37:58.575,96.2,56.7,84.6,85.7,88.3,83.1,78.4,82.4,82.2,81.2,78.7,76.1,72.6,69.9,65.5,64.4,63.3,61.6,55.6,51.7,48.0,42.8,37.9,34.3,31.8,27.9,27.3,28.0,27.9,28.1,28.1,29.4,30.4,31.4,32.4,33.3,34.4,35.3,36.5
22:37:59.575,96.3,57.1,84.6,90.5,87.7,85.5,85.7,85.7,82.9,79.8,79.8,75.2,75.4,72.6,67.8,68.9,66.3,61.6,59.8,54.9,49.9,44.4,39.1,36.3,33.4,29.0,28.5,27.9,27.8,28.2,28.7,29.8,30.4,31.4,32.3,33.4,34.4,35.5,36.5
22:38:00.575,96.0,58.7,85.5,87.9,88.5,88.4,87.1,83.1,86.6,81.6,80.3,78.2,74.5,72.7,70.9,69.5,67.9,65.5,61.6,57.2,53.4,49.3,43.8,41.3,35.9,31.1,28.3,28.2,28.2,28.3,28.8,29.8,30.6,31.5,32.2,33.4,34.5,35.5,36.4
22:38:01.575,98.8,60.7,85.5,87.8,86.5,87.0,83.9,83.3,85.2,82.2,79.0,77.1,70.7,70.5,67.5,67.8,65.9,64.1,63.5,60.0,58.3,52.4,48.7,44.7,37.8,31.6,28.5,27.8,28.9,28.4,28.8,29.6,30.5,31.3,32.4,33.3,34.4,35.4,36.5
22:38:02.575,97.8,59.1,84.6,86.5,85.0,87.2,85.0,84.2,81.0,80.7,79.4,78.3,74.8,73.5,72.3,69.9,66.4,65.6,62.3,59.0,53.6,50.0,44.0,37.6,35.0,30.2,28.5,28.8,28.6,28.4,28.9,29.4,30.8,31.5,32.4,33.4,34.4,35.4,36.4
22:38:03.575,95.3,59.5,85.5,83.6,80.1,85.1,87.0,86.3,83.7,78.7,76.8,78.2,76.4,76.7,72.2,70.5,68.8,65.2,62.8,57.5,51.2,47.6,43.6,38.9,35.0,30.1,28.1,28.1,28.1,28.0,28.9,29.5,30.4,31.5,32.7,33.5,34.5,35.3,36.4
22:38:04.575,98.3,61.2,87.4,89.7,86.4,89.4,87.9,86.2,86.1,83.0,81.0,81.2,79.5,76.4,74.0,72.7,70.5,67.2,62.8,59.3,51.7,45.8,43.4,40.1,36.6,32.3,28.5,28.3,28.1,27.9,28.7,29.5,30.4,31.2,32.4,33.4,34.3,35.4,36.5
22:38:05.575,97.8,57.5,85.2,90.3,88.1,89.3,87.7,85.9,82.4,80.2,79.2,76.5,75.0,73.2,69.4,67.0,64.9,59.6,56.6,53.8,48.2,43.6,43.4,38.4,34.7,30.2,27.9,27.9,27.9,28.5,29.2,29.6,30.6,31.6,32.6,33.6,34.4,35.5,36.5
22:38:06.575,96.7,62.9,86.5,89.1,88.0,86.7,83.5,84.6,82.5,83.3,75.5,77.4,74.9,75.3,73.4,72.6,68.4,67.6,66.3,60.3,54.4,48.2,43.7,43.7,39.8,33.3,29.1,28.6,28.0,27.9,28.6,29.8,30.7,31.3,32.4,33.4,34.4,35.3,36.5
22:38:07.575,95.7,60.1,83.4,85.8,83.5,81.7,80.9,79.2,83.5,79.2,75.8,74.7,73.1,73.5,71.7,69.8,69.5,66.1,62.2,59.8,56.3,51.7,44.6,39.1,37.3,32.3,28.9,27.9,28.5,28.1,29.1,29.5,30.5,31.8,32.5,33.3,34.3,35.4,36.5
22:38:08.575,95.8,57.3,83.7,87.8,84.0,85.1,82.3,78.9,74.3,78.9,79.0,79.8,71.5,69.7,68.3,65.9,62.9,60.1,58.9,57.1,52.8,48.9,45.0,39.8,35.5,31.0,28.6,29.3,29.3,28.8,28.8,29.4,30.6,31.5,32.3,33.3,34.5,35.6,36.5
22:38:09.575,96.4,58.1,84.4,83.1,89.3,90.9,86.9,82.0,80.4,77.6,81.5,78.4,75.5,74.0,72.4,68.8,66.9,62.3,62.2,58.9,53.1,47.9,42.7,39.5,35.2,31.2,29.9,29.2,29.3,28.9,29.0,29.7,30.8,31.4,32.5,33.5,34.4,35.4,36.4
22:38:10.575,95.0,59.8,85.8,83.7,86.1,85.6,81.9,84.7,82.5,80.3,80.4,78.1,76.5,75.1,72.9,69.8,66.7,62.1,59.9,58.4,55.1,49.3,43.0,40.3,35.6,31.6,29.4,28.9,28.9,28.7,29.0,29.7,30.5,31.7,32.4,33.5,34.4,35.4,36.5
22:38:11.575,95.3,56.6,84.1,88.6,87.0,84.3,83.7,83.6,80.9,76.2,80.7,80.2,75.9,72.0,71.2,67.6,63.2,60.1,56.9,52.3,49.8,45.5,41.5,38.0,35.4,31.1,29.4,29.4,29.0,28.8,29.3,29.5,30.9,31.4,32.3,33.5,34.5,35.6,36.4
22:38:12.575,98.6,57.6,84.4,86.2,84.9,83.2,86.5,84.1,82.2,80.2,75.1,74.9,72.3,73.7,72.2,69.0,63.7,63.1,59.6,57.0,52.3,47.7,40.2,38.8,35.0,30.4,27.8,28.9,29.1,29.0,29.0,29.8,30.5,31.3,32.5,33.5,34.4,35.4,36.4
22:38:13.575,94.7,58.2,84.2,86.0,87.3,84.5,81.1,80.4,82.4,83.1,78.6,74.5,74.9,72.6,72.3,68.2,65.4,63.2,60.5,58.2,53.4,48.4,43.9,40.6,35.9,31.3,29.8,30.2,30.3,30.0,30.0,30.3,31.0,31.7,32.6,33.6,34.4,35.5,36.4
22:38:14.575,93.0,58.5,82.8,84.9,84.1,80.3,82.2,81.4,78.9,78.2,77.9,76.5,73.8,72.8,70.8,69.3,66.9,63.5,60.6,57.4,51.4,45.4,41.0,39.1,34.8,30.4,29.3,29.5,29.9,29.2,29.4,29.6,30.8,31.7,32.4,33.3,34.3,35.4,36.5
22:38:15.575,97.1,59.7,85.0,85.6,86.1,85.4,82.5,81.4,79.8,80.8,79.2,80.0,73.1,73.5,71.8,70.6,65.8,63.4,61.7,58.0,53.4,48.9,43.5,41.0,35.0,31.2,28.9,28.9,29.3,28.9,29.0,29.8,30.6,31.6,32.4,33.3,34.5,35.7,36.4
22:38:16.575,94.8,59.3,84.8,86.0,87.7,83.3,83.9,83.2,83.4,81.5,76.6,77.1,75.5,74.1,73.9,71.0,67.0,63.4,60.3,57.9,52.1,48.2,42.8,39.9,36.1,31.9,29.0,28.9,29.0,29.3,29.5,29.9,30.6,31.7,32.5,33.5,34.2,35.4,36.5
22:38:17.575,98.2,60.9,85.2,87.9,88.2,85.3,86.6,80.9,80.8,80.4,76.8,76.2,75.3,73.5,71.4,67.6,67.2,65.1,61.3,59.0,55.7,51.7,47.8,43.1,37.2,30.4,28.6,28.1,29.2,29.0,28.9,29.6,30.4,31.3,32.6,33.4,34.3,35.3,36.6
22:38:18.575,96.2,58.8,84.4,81.9,86.4,88.0,84.7,83.5,84.0,79.8,80.5,77.0,75.3,74.9,72.7,71.7,67.1,63.4,61.8,57.8,53.4,47.5,43.1,40.0,35.1,30.5,29.7,28.8,29.1,28.9,29.0,29.7,30.7,31.5,32.2,33.4,34.4,35.6,36.5
22:38:19.575,95.7,57.8,83.4,88.5,87.9,84.7,86.9,81.4,81.5,82.2,76.3,72.3,70.5,70.0,69.2,67.3,66.1,64.1,60.5,56.6,50.3,45.1,40.7,37.6,33.8,29.3,27.8,28.8,29.1,28.3,28.8,29.6,30.5,31.3,32.5,33.5,34.4,35.6,36.5
22:38:20.575,97.7,58.3,84.1,88.4,84.4,83.1,85.9,86.2,84.0,80.7,77.7,77.3,74.2,72.7,72.0,70.1,66.9,66.2,62.1,58.0,53.4,49.3,46.8,45.9,39.3,33.9,29.7,29.1,28.7,28.9,29.3,29.1,30.5,31.4,32.6,33.5,34.5,35.4,36.4
22:38:21.575,96.6,53.8,82.2,89.0,84.2,82.6,82.9,82.8,80.0,79.7,75.5,76.1,74.0,71.2,68.1,65.0,59.9,55.5,51.5,49.7,46.5,43.3,39.3,36.0,33.8,30.1,28.4,28.8,28.6,28.7,28.6,29.6,30.3,31.3,32.4,33.5,34.4,35.4,36.4
22:38:22.575,96.7,53.0,82.5,83.6,84.4,83.7,83.1,80.9,82.7,76.1,75.9,73.1,71.9,69.8,67.5,63.3,57.0,55.7,54.7,49.7,45.1,41.9,37.5,35.2,32.7,29.6,27.5,27.8,28.6,28.9,29.4,29.6,30.7,31.6,32.5,33.6,34.6,35.5,36.5
22:38:23.575,94.7,56.4,83.9,86.1,83.6,86.4,83.9,82.4,80.6,79.9,75.4,74.1,72.0,70.6,67.7,66.3,61.8,60.4,58.1,53.1,49.5,45.8,41.4,36.0,34.4,30.5,28.7,29.0,28.6,28.7,29.2,29.6,30.6,31.6,32.4,33.5,34.6,35.6,36.4
22:38:24.575,95.4,55.6,81.8,85.4,87.3,87.8,82.1,81.7,77.5,78.4,73.8,73.7,71.0,69.6,68.8,65.5,64.0,62.7,59.2,53.4,49.3,44.1,39.7,36.0,33.2,29.9,27.5,27.7,28.1,28.2,28.5,29.4,30.7,31.7,32.5,33.5,34.4,35.5,36.6
22:38:25.575,95.9,59.7,84.2,86.6,89.0,86.6,80.0,82.2,81.0,80.2,76.4,76.8,73.9,72.7,70.8,70.5,67.9,65.1,61.5,60.6,55.3,50.5,47.1,40.8,35.8,30.6,28.1,28.1,28.2,28.5,29.1,29.6,30.7,31.5,32.4,33.5,34.4,35.5,36.5
22:38:26.575,95.2,59.9,84.4,87.9,87.6,85.1,86.1,81.1,82.2,81.3,80.6,79.0,77.5,75.6,73.8,72.3,68.3,65.2,62.6,61.3,59.6,54.7,49.1,47.0,40.0,33.5,30.3,28.4,28.3,28.7,29.1,29.4,30.5,31.4,32.4,33.5,34.4,35.6,36.5
22:38:27.575,93.9,56.2,82.5,82.3,76.1,81.3,81.8,81.4,80.2,78.1,79.1,74.3,72.0,72.8,69.8,66.0,65.7,61.2,55.9,50.8,48.3,44.2,38.0,33.9,33.2,29.2,28.0,28.1,28.1,28.3,28.9,29.5,30.5,31.5,32.6,33.5,34.4,35.5,36.4
22:38:28.575,95.8,59.1,83.7,86.3,80.5,84.5,82.9,84.8,81.1,80.2,79.4,78.5,74.4,72.7,71.5,69.1,69.2,66.8,62.9,57.6,51.3,47.5,43.0,38.3,35.3,30.8,27.7,27.9,28.5,28.4,28.8,30.0,30.3,31.4,32.6,33.5,34.4,35.5,36.4
22:38:29.575,92.9,58.1,82.5,80.3,83.5,84.2,81.0,80.9,79.8,77.0,74.9,74.8,70.8,70.9,69.4,65.4,64.4,63.8,59.9,58.2,54.7,51.4,47.6,44.1,38.8,31.9,28.3,28.3,28.7,28.5,28.9,29.6,30.2,31.4,32.3,33.5,34.4,35.5,36.5
22:38:30.575,93.6,59.8,83.5,83.6,83.6,82.4,81.7,82.2,80.6,78.0,75.6,74.1,71.3,73.0,69.0,66.2,64.8,63.0,61.8,60.2,56.1,51.8,47.6,42.6,36.0,30.3,28.1,27.5,28.7,28.8,29.6,29.8,30.7,31.4,32.3,33.4,34.5,35.4,36.6
22:38:31.575,94.9,58.8,83.8,83.4,83.5,87.8,83.6,78.6,82.9,80.2,79.9,75.4,71.8,72.1,69.5,69.1,66.4,65.0,61.6,57.8,52.2,47.5,41.3,37.3,34.3,30.4,28.1,28.4,29.2,28.8,29.1,29.8,30.7,31.4,32.5,33.3,34.4,35.5,36.5
22:38:32.575,94.7,56.4,82.7,86.7,86.7,82.4,83.5,83.7,81.7,78.2,77.5,74.3,72.4,69.5,68.9,68.7,66.5,60.8,58.3,56.4,49.6,47.2,43.0,38.4,33.7,29.6,27.4,27.5,28.3,28.3,29.1,29.6,30.4,31.8,32.6,33.4,34.5,35.5,36.5
22:38:33.575,95.0,60.8,84.4,79.7,84.8,85.3,83.2,81.7,78.5,73.8,76.3,73.5,75.0,71.0,70.0,67.7,64.3,63.4,60.3,58.0,52.2,47.3,41.3,36.5,33.5,29.8,27.9,28.1,28.4,28.3,28.6,29.4,30.4,31.3,32.2,33.4,34.4,35.5,36.6
22:38:34.575,95.3,60.3,83.7,86.5,86.7,83.3,81.5,79.1,81.7,75.8,79.8,78.4,74.6,73.0,71.8,69.1,66.7,65.8,64.7,62.9,59.5,55.6,49.8,45.7,38.6,31.6,28.4,27.9,28.4,28.4,29.3,29.5,30.5,31.6,32.5,33.4,34.5,35.5,36.3
22:38:35.575,93.3,57.2,82.4,82.0,85.2,85.5,82.7,79.5,78.5,79.3,74.6,76.1,73.5,68.1,65.8,64.1,63.2,61.3,59.5,57.3,53.5,47.2,40.1,35.1,33.0,29.9,28.7,28.7,28.7,28.3,29.1,29.6,30.7,31.4,32.3,33.4,34.5,35.5,36.7
22:38:36.575,95.0,56.7,83.3,83.3,81.8,83.3,82.7,79.1,82.3,79.4,78.5,76.2,75.5,69.7,67.0,64.6,63.0,63.1,58.8,55.1,51.3,48.0,41.7,38.6,36.1,30.9,28.0,28.8,29.2,28.4,29.0,29.7,30.8,31.4,32.4,33.5,34.4,35.5,36.5
22:38:37.575,96.0,57.2,84.2,87.8,88.2,89.1,81.9,84.1,84.5,80.8,79.8,79.1,76.2,72.0,70.4,68.7,65.4,64.6,60.5,56.2,53.4,46.1,43.6,39.2,35.3,30.9,28.4,28.6,28.1,28.0,29.0,29.5,30.4,31.4,32.5,33.5,34.4,35.5,36.5
22:38:38.575,96.9,56.7,82.9,85.9,81.6,80.5,79.6,78.8,77.6,74.0,73.7,73.3,71.6,68.6,66.9,64.8,64.0,60.4,57.4,49.6,46.5,45.5,39.5,35.4,32.9,28.9,27.2,27.9,28.5,28.0,28.5,29.5,30.4,31.4,32.3,33.4,34.5,35.6,36.5
22:38:39.575,94.7,56.6,82.4,85.6,86.3,87.1,79.6,80.2,79.7,77.5,76.1,76.2,74.3,69.4,67.3,64.8,62.3,60.2,57.8,56.2,53.5,47.8,43.0,39.7,36.6,31.0,27.9,28.4,28.5,28.0,28.6,29.6,30.5,31.5,32.4,33.4,34.4,35.4,36.5
22:38:40.575,94.9,55.0,81.5,85.3,80.1,83.0,83.0,80.8,80.5,74.6,73.4,71.2,70.5,70.8,67.3,62.7,63.1,57.1,56.2,55.0,52.5,45.3,39.3,35.2,34.0,30.8,28.5,27.9,28.3,28.3,28.9,29.7,30.5,31.2,32.4,33.5,34.5,35.4,36.5
22:38:41.575,93.7,54.8,82.2,84.0,84.6,87.5,83.6,82.3,79.2,77.3,78.7,73.5,73.5,72.6,69.2,66.3,63.2,55.3,53.7,51.7,48.2,42.4,37.8,34.7,32.9,29.8,27.7,27.8,28.1,27.8,28.6,29.7,30.7,31.4,32.6,33.4,34.4,35.4,36.5
22:38:42.575,92.7,53.3,81.1,79.7,76.3,81.5,79.4,81.2,78.5,77.4,75.5,71.1,71.3,70.5,67.4,63.8,59.4,54.0,51.3,48.1,49.2,43.0,39.5,34.9,32.7,29.0,27.8,27.9,27.9,28.0,28.6,29.5,30.4,31.2,32.3,33.5,34.3,35.5,36.5
22:38:43.575,92.5,53.3,79.9,83.2,84.1,83.7,79.9,78.5,75.2,77.9,75.9,69.5,68.7,66.4,65.9,63.8,62.0,58.2,55.9,51.1,45.9,43.4,38.8,35.3,32.7,29.5,27.7,28.2,28.4,28.2,28.4,29.6,30.5,31.5,32.5,33.8,34.4,35.4,36.4
22:38:44.575,92.3,54.3,79.9,84.0,78.5,74.4,80.3,81.8,75.5,70.2,72.9,72.5,70.0,68.6,66.7,63.6,61.8,58.2,55.2,52.5,47.6,45.1,42.3,37.6,33.3,30.0,28.2,28.6,29.0,28.9,29.4,29.6,30.5,31.3,32.4,33.5,34.3,35.5,36.4
22:38:45.575,92.8,54.7,80.6,86.1,82.9,83.2,83.6,79.3,75.3,77.1,73.4,72.4,70.9,70.6,68.9,65.9,61.7,59.0,54.8,52.0,48.7,46.0,41.1,36.6,33.4,29.9,27.9,28.6,29.1,28.6,29.0,29.7,30.6,31.5,32.6,33.6,34.5,35.5,36.4
22:38:46.575,94.5,53.5,80.4,82.6,82.6,85.4,82.1,79.9,70.8,76.1,72.8,73.2,70.4,69.9,67.1,65.3,61.4,57.0,50.7,46.9,42.7,40.0,36.7,33.1,34.1,30.0,28.3,28.5,28.8,28.9,29.1,29.9,30.9,31.5,32.4,33.4,34.6,35.4,36.4
22:38:47.575,90.3,51.6,78.3,77.9,77.3,81.3,79.3,75.6,73.8,75.1,72.5,72.6,67.6,66.7,66.7,64.6,60.2,56.4,52.4,45.9,41.9,39.3,35.6,32.5,32.8,29.8,28.7,28.8,28.9,28.8,29.1,29.8,30.9,31.4,32.4,33.4,34.3,35.5,36.4
22:38:48.575,93.9,56.0,82.8,86.5,87.1,84.8,83.7,82.2,82.4,79.3,76.6,76.0,73.7,71.7,70.6,67.7,65.2,62.7,56.9,52.4,47.7,43.1,38.0,35.0,34.2,30.1,28.1,28.3,28.3,28.6,28.9,29.9,30.7,31.4,32.4,33.4,34.5,35.3,36.6
22:38:49.575,95.8,57.9,83.5,80.4,83.2,82.9,80.6,80.4,77.9,78.4,76.1,74.5,71.4,68.8,67.3,66.5,62.8,57.6,57.2,57.0,54.8,48.9,43.9,39.1,32.7,29.6,28.0,27.7,28.3,28.3,28.6,29.6,30.6,31.6,32.6,33.5,34.4,35.5,36.4
22:38:50.575,96.5,57.3,84.0,86.7,83.1,86.5,83.8,81.8,81.3,77.7,77.9,77.3,73.8,68.1,67.6,66.6,64.2,61.0,58.1,54.1,50.4,48.3,43.6,39.0,33.8,29.5,27.7,28.1,28.1,28.4,28.8,29.6,30.5,31.5,32.6,33.5,34.4,35.4,36.4
22:38:51.575,95.6,55.8,81.1,85.0,85.1,79.1,76.3,80.1,81.0,79.3,76.1,78.3,73.7,70.4,69.3,68.1,63.9,61.9,60.7,57.0,53.6,49.3,41.8,37.8,34.2,30.1,27.7,28.7,27.9,28.2,28.8,29.6,30.5,31.3,32.3,33.5,34.4,35.5,36.5
22:38:52.575,94.6,56.4,81.3,83.4,77.3,79.0,80.5,78.8,76.0,76.2,76.1,75.2,70.6,66.7,66.2,62.3,62.1,59.1,58.1,56.3,52.0,48.1,42.6,38.0,33.9,30.3,27.6,28.0,28.4,28.5,28.8,29.5,30.6,31.3,32.3,33.3,34.4,35.4,36.5
22:38:53.575,91.9,56.5,81.3,84.1,83.4,79.4,78.1,81.3,74.0,76.7,77.5,74.7,70.7,69.2,65.2,65.3,64.5,61.1,57.6,54.1,51.4,48.9,42.8,40.8,36.1,30.3,28.4,28.7,29.0,28.7,29.1,29.2,30.3,31.2,32.5,33.3,34.4,35.5,36.4
22:38:54.575,91.5,53.2,79.3,85.6,79.8,75.1,71.5,73.2,76.5,78.5,74.9,69.6,71.9,64.9,64.8,64.9,62.4,58.6,53.0,48.9,45.2,42.7,38.2,33.0,32.4,29.7,28.3,28.3,28.8,28.8,28.8,29.6,30.4,31.4,32.5,33.4,34.4,35.3,36.5
22:38:55.575,92.4,51.0,79.6,81.9,81.8,80.6,78.0,76.9,76.2,74.7,73.5,70.9,68.2,66.8,62.1,62.0,57.1,51.5,49.9,47.9,41.9,38.8,34.6,32.2,31.5,28.9,28.3,28.2,28.2,28.4,28.9,29.7,30.6,31.6,32.3,33.5,34.5,35.4,36.5
22:38:56.575,93.1,51.6,80.5,81.9,84.4,86.4,84.8,79.4,75.1,78.3,72.3,71.7,69.4,69.0,66.4,61.5,59.8,53.6,54.0,49.8,43.2,39.1,35.8,33.1,32.2,28.7,28.0,28.6,28.7,29.0,29.1,29.9,30.4,31.6,32.5,33.6,34.4,35.5,36.6
22:38:57.575,93.8,52.5,80.1,78.1,80.7,81.9,78.5,78.6,74.4,77.2,70.5,70.6,68.6,66.1,62.9,61.5,59.0,56.0,50.4,47.3,42.7,40.2,37.2,33.1,32.1,28.9,27.8,28.3,28.4,28.5,28.9,29.8,30.6,31.3,32.4,33.4,34.5,35.4,36.5
22:38:58.575,92.8,53.7,79.8,82.5,81.9,82.3,78.8,82.3,76.8,74.0,75.5,71.7,71.6,68.1,66.0,63.6,61.7,58.7,55.6,50.3,46.5,42.7,40.5,38.3,36.5,30.6,29.0,29.4,29.3,29.0,29.0,29.7,30.5,31.7,32.6,33.3,34.5,35.5,36.5
22:38:59.575,94.7,54.2,81.0,88.9,84.9,83.3,84.6,80.3,79.4,75.6,74.5,73.7,70.8,70.0,69.2,63.7,60.6,59.3,56.1,52.6,45.7,43.5,39.6,39.1,35.7,30.9,28.6,29.0,29.0,29.0,29.0,29.7,30.6,31.5,32.4,33.4,34.4,35.5,36.3
22:39:00.575,92.5,51.9,79.6,84.3,80.4,83.5,82.4,83.0,78.2,75.3,73.8,70.7,68.9,66.4,67.3,65.8,60.5,55.2,52.7,48.3,44.1,39.3,37.6,33.6,33.4,30.3,28.7,28.5,28.5,28.5,29.1,29.7,30.8,31.6,32.4,33.5,34.4,35.5,36.4
22:39:01.575,94.1,56.3,82.5,84.5,86.1,83.4,83.1,81.1,80.4,76.2,76.4,73.5,73.0,69.5,70.2,68.0,63.8,60.2,59.7,52.4,45.6,42.4,39.9,35.0,32.8,29.9,27.9,28.3,28.6,28.2,29.0,29.3,30.7,31.5,32.5,33.4,34.5,35.5,36.4
22:39:02.575,93.3,57.6,82.2,78.3,81.7,83.5,84.0,78.9,76.6,77.3,74.6,74.4,71.3,69.2,70.0,67.8,64.1,61.4,58.6,56.4,52.5,48.4,42.7,38.4,35.0,31.4,28.7,29.4,29.1,29.0,29.1,29.5,30.6,31.5,32.4,33.4,34.4,35.6,36.5
22:39:03.575,91.6,54.8,79.2,78.5,78.8,73.4,77.8,78.2,71.7,75.6,73.2,72.5,71.0,66.5,66.1,64.9,61.7,59.3,55.4,53.4,51.6,47.3,40.5,37.9,34.2,30.9,29.1,28.8,29.0,28.6,29.0,29.6,30.5,31.6,32.6,33.5,34.5,35.5,36.4
22:39:04.575,93.1,54.7,81.0,84.6,79.5,83.9,80.1,81.4,77.4,76.3,78.3,73.5,71.0,69.6,67.1,63.4,62.8,59.5,57.4,54.2,52.1,46.3,39.3,36.6,35.1,31.0,29.2,29.3,29.5,29.3,29.2,29.8,30.7,31.6,32.4,33.4,34.4,35.3,36.5
22:39:05.575,90.3,52.2,79.2,77.6,77.0,78.7,78.2,80.3,75.0,75.1,70.6,73.0,68.2,66.3,62.3,59.7,57.6,55.9,53.0,49.8,44.2,38.1,34.5,32.3,33.2,29.8,28.3,28.2,28.9,29.1,29.5,29.9,30.7,31.6,32.3,33.3,34.6,35.4,36.5
22:39:06.575,92.7,54.1,80.6,86.0,85.4,78.5,81.0,78.8,80.0,78.0,74.8,75.2,71.9,69.6,66.8,63.7,60.9,58.5,57.2,55.2,49.8,44.8,40.2,32.9,32.8,29.5,28.3,28.2,28.1,28.6,28.9,29.5,30.8,31.4,32.5,33.5,34.3,35.4,36.5
22:39:07.575,90.7,52.8,79.8,78.6,76.1,77.6,77.7,78.9,73.7,71.6,72.1,66.8,68.1,67.4,64.3,60.4,57.5,54.0,50.2,46.1,43.8,39.0,34.5,32.6,31.6,28.3,27.3,28.6,28.6,28.3,28.6,29.6,30.2,31.5,32.2,33.5,34.3,35.4,36.4
22:39:08.575,91.9,50.8,78.5,81.0,80.6,77.2,74.9,78.9,77.5,73.6,72.0,69.7,66.7,67.0,65.0,61.1,55.3,54.5,48.8,46.2,43.1,39.1,33.6,31.9,32.5,29.2,28.2,28.5,28.5,28.8,29.2,29.9,30.8,31.6,32.6,33.2,34.4,35.4,36.5
22:39:09.575,91.0,50.6,78.0,74.6,78.6,78.5,75.4,75.2,74.7,71.7,71.8,70.5,67.9,62.0,62.4,58.1,54.5,51.5,48.6,45.7,41.1,38.9,34.4,32.7,33.1,31.0,29.3,29.3,29.2,28.8,29.1,29.6,30.5,31.3,32.3,33.6,34.4,35.4,36.4
22:39:10.575,92.6,52.1,79.6,82.4,83.3,81.7,83.0,77.0,79.1,76.4,75.8,73.3,71.3,65.2,64.6,63.5,60.2,57.1,54.6,49.9,45.4,43.0,36.4,33.4,33.6,30.2,28.9,29.3,29.1,28.9,29.4,29.6,30.4,31.4,32.5,33.6,34.4,35.5,36.5
22:39:11.575,92.5,54.0,80.3,84.6,82.1,83.6,80.0,80.0,75.5,76.2,74.7,73.1,70.2,65.5,63.4,63.1,60.9,58.0,53.9,55.0,51.3,47.7,42.7,38.3,34.1,30.5,29.3,29.8,30.0,29.6,29.7,29.9,30.8,31.4,32.1,33.6,34.5,35.4,36.5
22:39:12.575,89.6,49.2,76.2,82.0,78.7,78.2,78.4,73.8,75.8,71.7,72.2,66.3,66.3,61.7,58.2,56.6,54.0,51.2,50.2,46.5,43.3,40.5,35.0,33.1,32.9,30.4,29.2,30.4,30.1,29.5,29.2,30.1,30.7,31.6,32.5,33.6,34.2,35.6,36.5
22:39:13.575,90.2,49.4,76.7,76.7,77.2,77.4,73.4,70.1,72.5,72.9,70.6,67.4,66.9,61.0,60.2,58.7,54.2,49.4,46.8,44.7,41.4,38.0,35.6,32.9,33.2,30.8,29.1,29.2,29.5,29.2,29.4,29.9,30.8,31.6,32.6,33.5,34.4,35.5,36.5
22:39:14.575,90.8,48.9,76.9,82.0,82.8,78.6,77.3,72.8,71.5,73.5,71.8,68.7,67.3,63.7,61.7,59.5,55.5,49.5,47.3,44.3,40.8,36.8,33.0,32.5,32.9,29.8,28.8,29.4,29.3,29.1,29.5,30.0,30.8,31.5,32.5,33.5,34.6,35.3,36.5
22:39:15.575,89.3,48.0,77.0,79.0,80.7,80.3,79.2,72.9,74.8,74.1,72.5,69.8,67.1,64.3,61.6,59.0,55.2,49.5,49.5,43.1,39.3,37.1,35.3,31.2,32.1,29.8,29.2,29.2,29.7,29.6,29.7,30.0,30.6,31.6,32.6,33.5,34.6,35.6,36.4
22:39:16.575,91.9,49.1,77.1,83.9,82.3,79.7,77.2,74.5,75.9,74.2,73.9,70.1,67.3,65.3,62.4,60.8,56.4,50.4,48.7,48.0,45.4,40.6,35.5,31.9,32.0,29.7,27.6,28.9,30.3,29.6,29.4,30.0,30.7,31.8,32.7,33.8,34.6,35.3,36.4
22:39:17.575,88.9,49.1,76.7,80.2,78.7,79.3,77.9,77.9,74.4,72.4,71.5,68.6,67.3,63.2,61.5,60.0,55.9,50.2,47.9,46.5,43.2,38.4,35.9,32.3,32.1,29.4,28.0,28.7,29.0,28.6,29.1,29.8,30.5,31.3,32.4,33.6,34.6,35.6,36.5
22:39:18.575,89.1,50.6,77.3,79.1,79.3,75.2,73.4,71.3,75.1,72.6,72.3,66.6,65.8,62.2,62.4,59.4,55.7,54.0,52.8,47.1,46.6,42.7,36.8,32.7,32.4,29.1,28.1,28.1,28.6,28.9,29.1,29.8,30.7,31.6,32.5,33.4,34.2,35.4,36.5
22:39:19.575,88.0,48.9,76.0,77.7,80.1,81.4,77.6,74.3,76.7,72.5,68.7,66.7,64.1,61.3,61.3,58.8,55.5,54.8,53.2,49.6,46.4,42.3,35.6,32.3,32.1,28.9,27.8,28.3,28.5,28.5,29.1,29.7,30.3,31.4,32.5,33.3,34.4,35.5,36.4
22:39:20.575,88.4,48.5,75.1,82.2,83.6,76.1,73.5,76.0,74.2,70.9,69.0,67.7,63.7,62.0,58.0,57.6,55.0,54.6,50.7,47.3,44.4,39.5,34.8,32.8,31.0,28.7,27.3,28.4,28.4,28.3,28.7,29.9,30.5,31.4,32.7,33.5,34.4,35.4,36.5
22:39:21.575,90.3,48.9,77.0,83.1,80.5,78.9,78.6,77.7,75.4,72.9,73.4,69.5,67.6,62.5,60.4,55.9,54.9,54.4,50.9,48.9,45.8,43.1,37.6,34.5,32.5,29.7,27.6,28.2,28.9,28.6,29.1,29.9,30.5,31.7,32.6,33.5,34.5,35.5,36.5
22:39:22.575,90.5,46.5,75.2,77.4,80.3,81.1,78.5,77.5,75.5,72.2,71.7,68.8,66.0,61.5,59.3,55.8,51.9,48.5,46.1,45.4,42.9,40.8,35.0,32.0,31.8,29.2,28.0,27.8,28.6,28.2,29.0,29.5,30.6,31.8,32.4,33.3,34.5,35.5,36.4
22:39:23.575,87.8,47.2,75.0,79.5,77.9,77.4,77.4,71.0,73.4,71.5,70.4,65.9,64.4,62.3,61.1,55.9,53.5,49.9,46.2,42.1,37.8,34.2,32.9,31.8,32.1,28.7,27.3,28.3,27.7,28.3,28.9,29.6,30.5,31.6,32.4,33.7,34.6,35.5,36.5
22:39:24.575,90.6,49.4,77.8,83.4,80.8,77.5,80.2,75.7,74.3,72.6,69.7,65.6,64.4,64.4,62.5,58.3,54.8,51.3,46.5,40.7,37.5,34.4,33.5,32.3,31.9,29.4,27.4,28.3,28.8,28.2,29.0,29.8,30.7,31.5,32.5,33.3,34.4,35.5,36.5
22:39:25.575,87.7,47.5,74.3,77.7,75.3,76.5,74.9,70.4,70.2,70.5,67.1,68.0,65.6,63.2,60.3,54.4,54.3,49.1,45.0,40.8,36.9,33.8,31.9,31.4,31.2,27.9,27.4,28.3,29.2,28.8,28.8,29.7,30.6,31.6,32.4,33.6,34.3,35.5,36.4
22:39:26.575,89.5,47.5,75.4,82.3,76.8,74.0,71.3,71.1,71.6,70.4,68.7,65.2,65.5,61.5,62.3,55.9,50.7,49.2,45.2,43.3,39.6,35.7,33.2,30.8,31.1,28.8,28.4,28.3,28.6,28.6,29.0,29.8,30.8,31.7,32.4,33.4,34.4,35.6,36.5
22:39:27.575,90.1,48.7,76.4,81.2,77.4,79.0,80.9,74.2,74.9,72.0,71.5,69.2,69.0,64.1,63.1,58.3,55.7,50.5,50.7,46.4,45.9,38.9,36.8,34.4,33.3,30.9,28.8,28.9,28.6,28.3,29.6,29.7,30.3,31.6,32.4,33.3,34.4,35.5,36.5
22:39:28.575,88.6,46.8,74.3,77.6,79.7,78.4,76.3,68.4,72.8,71.3,70.3,67.9,67.3,62.8,60.7,57.3,52.2,48.6,42.6,41.8,39.1,37.4,33.9,32.3,31.4,30.1,28.6,28.3,28.7,28.5,28.9,29.6,30.4,31.4,32.4,33.7,34.6,35.4,36.5
22:39:29.575,89.6,47.5,76.3,79.8,76.8,78.8,76.8,73.9,73.2,71.1,69.4,70.2,68.4,63.0,57.5,54.4,52.4,49.7,45.4,41.6,38.8,35.5,33.5,32.0,32.0,28.8,28.2,28.8,29.0,28.8,29.2,29.8,30.7,31.3,32.4,33.5,34.4,35.4,36.4
22:39:30.575,88.4,46.4,75.5,79.5,77.8,75.2,77.8,78.2,74.9,71.1,70.2,69.2,66.7,62.2,55.2,53.0,53.7,47.3,44.3,43.3,37.3,35.7,32.4,31.3,31.6,29.2,28.0,28.5,28.8,28.7,29.1,29.8,30.7,31.5,32.5,33.6,34.5,35.5,36.5
22:39:31.575,88.7,45.6,74.5,78.3,76.4,76.4,73.8,72.6,73.9,73.7,70.7,64.1,66.0,60.2,55.7,54.3,49.9,47.1,46.5,41.7,38.7,34.3,33.7,31.5,32.6,29.1,27.3,28.0,28.2,28.4,28.9,29.5,30.5,31.4,32.4,33.5,34.5,35.4,36.4
22:39:32.575,87.7,45.0,74.3,75.4,77.6,80.0,75.5,73.9,70.8,73.6,69.6,65.3,63.7,57.3,54.6,52.2,48.7,46.1,41.9,40.6,36.0,33.7,31.9,31.4,31.8,28.5,27.7,27.8,28.5,28.4,28.8,29.6,30.6,31.5,32.3,33.5,34.4,35.5,36.5
22:39:33.575,85.7,44.9,73.4,73.3,74.7,75.9,74.8,75.4,71.6,68.7,65.1,62.9,60.8,60.0,57.8,51.2,49.7,44.7,43.3,40.3,35.9,32.6,30.7,31.1,31.2,28.4,27.1,28.0,28.5,28.0,28.7,29.3,30.3,31.3,32.5,33.4,34.4,35.4,36.5
22:39:34.575,87.1,47.1,73.9,73.2,75.4,74.7,72.8,72.6,73.7,71.3,67.2,64.9,65.4,62.1,57.7,54.7,53.5,49.3,46.2,43.6,41.2,33.9,33.0,30.4,30.6,28.3,26.5,27.3,28.2,27.9,28.9,29.5,30.6,31.6,32.3,33.5,34.4,35.4,36.5
22:39:35.575,89.6,49.5,74.8,73.7,72.9,75.8,77.1,77.3,73.3,70.1,70.3,66.8,68.4,64.3,61.2,60.6,60.2,55.3,52.8,49.1,40.9,37.1,33.1,31.3,32.4,29.2,27.6,28.4,28.8,28.6,28.7,29.4,30.8,31.6,32.5,33.3,34.4,35.5,36.5
22:39:36.575,85.3,47.8,73.1,72.8,75.0,74.6,75.8,71.2,71.2,69.3,63.9,65.3,63.1,61.0,56.7,55.2,53.0,50.7,46.6,43.2,39.2,35.5,32.9,31.7,31.8,29.1,28.4,28.4,28.6,28.7,28.8,29.4,30.4,31.5,32.4,33.3,34.5,35.4,36.6
22:39:37.575,86.5,47.4,73.0,77.5,78.7,79.6,73.9,73.0,70.0,69.5,67.7,67.1,63.0,62.5,60.2,57.3,53.6,53.0,49.8,43.6,41.4,36.6,33.5,31.9,32.4,29.0,27.3,28.5,28.4,28.1,28.7,29.4,30.3,31.5,32.5,33.4,34.3,35.4,36.5
22:39:38.575,85.5,48.8,74.7,74.2,74.5,71.9,72.5,72.4,70.0,69.0,64.7,65.2,64.1,61.0,56.7,54.9,52.9,48.9,45.7,43.9,37.7,34.4,33.1,33.2,32.1,29.3,27.9,28.2,28.4,28.2,28.8,29.6,30.5,31.4,32.5,33.5,34.5,35.5,36.4
22:39:39.575,87.1,47.6,74.3,76.4,75.1,74.2,72.9,71.2,72.4,67.8,68.4,66.6,64.8,62.1,61.0,56.2,54.1,50.5,45.7,43.6,40.5,35.6,33.7,32.5,31.7,29.2,28.4,28.3,28.6,28.4,28.8,29.6,30.7,31.5,32.4,33.5,34.4,35.5,36.5
22:39:40.575,85.5,47.6,74.1,74.2,76.0,78.0,76.0,72.3,67.9,70.4,68.8,67.1,66.1,61.5,61.8,56.3,53.6,51.2,46.2,40.5,38.0,35.4,32.7,31.3,31.2,29.4,28.5,28.3,28.8,28.3,28.9,29.6,30.7,31.5,32.5,33.5,34.3,35.4,36.5
22:39:41.575,86.4,46.9,73.3,77.1,75.6,75.1,72.2,70.0,68.9,66.4,66.6,63.9,61.4,61.6,59.0,54.3,51.7,48.7,45.4,41.6,37.7,33.5,30.6,29.7,31.2,28.2,27.3,28.5,28.5,28.3,28.9,29.6,30.6,31.6,32.4,33.4,34.5,35.6,36.5
22:39:42.575,85.2,47.8,73.7,77.7,74.9,75.5,75.8,72.4,71.0,67.6,70.7,68.2,65.1,62.1,59.3,56.6,54.2,51.0,49.8,48.3,43.7,35.4,33.6,29.7,30.4,28.9,26.7,27.5,28.3,28.6,28.6,29.5,30.6,31.4,32.3,33.4,34.5,35.4,36.4
22:39:43.575,84.3,46.8,73.2,65.0,75.3,75.7,73.1,71.2,67.1,69.0,68.4,63.7,62.7,60.0,56.4,54.5,49.0,47.3,45.0,41.2,37.0,33.2,31.5,30.0,31.1,29.3,27.3,27.7,28.1,28.2,28.8,29.5,30.5,31.6,32.4,33.3,34.3,35.6,36.4
22:39:44.575,85.1,46.0,72.5,74.0,75.8,77.3,72.9,68.4,70.8,66.3,65.1,64.1,63.5,60.6,56.5,52.9,51.8,49.0,44.8,38.2,36.2,32.4,31.3,30.9,31.9,29.3,27.8,27.7,28.0,28.1,28.7,29.6,30.6,31.3,32.3,33.3,34.5,35.6,36.5
22:39:45.575,86.3,47.0,72.9,77.3,76.4,73.9,74.1,73.7,72.4,67.6,67.6,66.5,60.9,60.6,58.0,55.4,53.0,52.2,48.6,45.0,40.7,35.4,33.3,32.0,32.2,29.3,27.6,28.0,27.9,28.5,28.9,29.6,30.6,31.2,32.4,33.4,34.3,35.5,36.5
22:39:46.575,86.8,48.2,73.4,71.3,73.8,72.3,71.4,72.2,69.5,67.1,65.6,64.0,61.9,59.7,55.8,54.5,50.0,48.5,47.3,45.5,40.9,38.4,33.5,33.7,33.3,31.3,28.7,29.2,28.8,28.5,29.0,29.4,30.5,31.5,32.4,33.4,34.4,35.4,36.6
22:39:47.575,86.3,46.4,73.3,76.0,76.5,74.6,73.4,71.6,72.9,69.7,69.2,67.2,64.3,60.1,56.3,54.4,54.3,50.7,47.1,45.0,41.0,35.9,32.6,33.5,33.3,30.5,28.5,29.0,29.1,28.6,28.7,29.5,30.5,31.4,32.4,33.4,34.4,35.4,36.5
22:39:48.575,83.9,47.1,73.6,65.9,72.9,73.6,71.8,73.3,66.1,69.9,66.2,65.5,59.7,56.9,55.8,53.5,49.9,48.2,43.7,40.7,36.0,33.3,33.5,32.2,33.3,30.8,29.3,29.5,29.0,29.1,28.9,29.8,30.5,31.5,32.2,33.4,34.5,35.5,36.5
22:39:49.575,84.8,47.8,73.9,75.1,75.2,74.5,72.3,71.8,71.0,70.1,68.5,68.7,65.1,64.4,60.0,58.2,55.5,50.1,47.5,41.9,38.4,34.7,32.6,31.2,32.4,29.2,28.9,29.0,28.8,28.7,29.1,30.0,30.5,31.2,32.3,33.5,34.4,35.5,36.3
22:39:50.575,86.3,47.7,73.8,77.3,77.8,76.4,74.7,72.6,69.8,70.6,69.7,67.5,63.5,64.2,60.4,57.9,52.9,49.1,47.2,44.8,42.0,37.4,33.2,30.3,30.7,28.5,27.2,27.9,28.3,28.7,28.8,29.3,30.4,31.4,32.4,33.4,34.4,35.4,36.4
22:39:51.575,86.4,49.1,73.9,75.3,73.4,72.5,74.5,73.4,72.1,70.7,68.2,68.6,65.7,63.2,60.4,57.4,55.0,54.0,53.0,49.4,44.7,37.6,33.0,31.0,32.0,29.4,27.2,28.8,28.2,28.5,28.7,29.4,30.3,31.6,32.5,33.3,34.5,35.6,36.4
22:39:52.575,86.9,46.5,71.6,74.7,75.5,72.6,71.5,68.0,63.6,66.3,67.4,63.9,60.4,60.7,56.4,51.7,50.2,48.1,45.9,41.3,36.5,34.7,32.1,32.9,32.2,29.3,28.3,28.7,29.2,28.9,29.0,29.7,30.6,31.6,32.5,33.6,34.4,35.4,36.4
22:39:53.575,83.9,44.7,70.3,72.5,75.8,75.5,68.9,71.6,67.6,64.8,61.6,61.3,58.9,59.2,53.5,49.1,47.5,45.2,43.2,38.3,35.4,34.3,32.3,32.8,33.2,30.2,28.0,28.7,28.5,28.6,28.8,29.5,30.7,31.7,32.5,33.4,34.4,35.4,36.6
22:39:54.575,85.6,46.5,73.3,78.0,74.6,74.4,69.6,72.3,68.4,65.0,68.5,66.0,60.5,59.4,57.9,53.0,50.6,46.6,43.4,37.6,35.1,32.6,31.4,31.2,32.1,29.8,28.1,28.1,28.4,28.2,28.9,29.6,30.2,31.5,32.6,33.5,34.4,35.5,36.4
22:39:55.575,85.4,45.6,72.7,71.4,71.2,72.6,69.3,74.4,70.4,62.5,67.3,63.5,61.0,59.8,59.9,55.0,49.2,45.9,39.5,37.2,34.9,33.1,30.7,29.9,31.4,29.1,27.7,27.9,28.2,28.4,29.2,29.5,30.2,31.4,32.7,33.3,34.4,35.4,36.5
22:39:56.575,82.2,44.0,69.5,68.7,71.3,75.6,73.4,70.3,66.8,66.5,63.3,61.6,60.4,58.0,56.4,52.2,46.8,43.7,40.0,38.4,34.1,32.9,31.9,31.1,31.9,29.5,27.6,28.4,28.2,28.5,28.8,29.8,30.6,31.6,32.5,33.6,34.6,35.5,36.4
22:39:57.575,84.3,44.2,69.8,73.0,72.5,72.5,69.4,70.2,63.5,67.2,65.4,64.5,57.7,59.1,54.2,52.5,48.0,44.4,40.0,36.0,34.0,32.2,31.6,30.8,31.4,29.2,27.9,28.1,28.5,28.7,29.0,29.6,30.4,31.6,32.5,33.4,34.4,35.4,36.5
22:39:58.575,83.9,43.9,69.6,75.9,74.9,71.3,69.4,69.7,64.3,61.9,63.0,62.6,60.4,56.8,52.2,48.5,47.5,43.7,40.0,36.3,33.6,32.0,31.3,30.5,32.1,29.0,27.1,28.5,28.6,28.2,29.1,29.6,30.6,31.5,32.3,33.6,34.5,35.4,36.7
22:39:59.575,85.0,44.6,71.4,73.5,73.5,75.2,70.9,71.5,69.4,65.8,66.2,60.9,61.9,56.2,52.5,49.6,48.7,43.7,42.2,38.4,35.6,32.4,31.7,30.4,32.0,29.1,28.1,28.3,28.4,28.8,28.8,29.8,30.6,31.7,32.3,33.5,34.5,35.5,36.4
22:40:00.575,84.0,43.8,70.2,72.6,72.8,70.4,71.6,70.6,67.9,63.5,66.0,61.9,60.4,55.2,53.3,51.5,47.1,41.4,39.8,38.3,34.2,31.8,30.2,29.1,31.6,28.2,27.1,27.7,28.7,28.4,28.4,29.6,30.6,31.3,32.6,33.5,34.4,35.6,36.4
22:40:01.575,84.0,43.9,70.1,71.4,73.1,75.8,71.4,70.3,69.0,67.2,67.6,63.2,60.6,54.5,54.4,50.7,46.5,41.2,40.9,37.9,36.5,33.7,31.2,32.1,32.4,29.2,27.7,27.8,28.5,28.6,28.7,29.5,30.6,31.5,32.7,33.5,34.4,35.5,36.5
22:40:02.575,85.0,45.4,71.9,74.9,75.0,74.3,74.8,73.9,69.6,65.5,65.5,63.8,60.3,59.4,57.0,54.9,48.0,45.1,43.4,40.4,38.0,35.4,32.7,32.2,33.1,30.1,27.9,28.4,28.2,28.5,28.9,29.9,30.6,31.6,32.3,33.5,34.5,35.4,36.6
22:40:03.575,84.5,44.8,70.5,76.2,73.5,73.7,70.6,70.4,68.3,66.1,65.1,62.4,61.8,58.6,55.5,52.9,47.1,42.2,41.3,41.2,37.1,35.1,32.5,31.6,32.7,30.2,27.9,28.1,28.9,28.6,28.9,29.6,30.5,31.6,32.3,33.5,34.5,35.4,36.5
22:40:04.575,85.2,43.5,68.4,71.4,74.7,69.7,69.0,69.1,66.4,61.6,61.6,60.4,58.3,56.7,54.2,49.7,43.9,40.5,37.3,37.1,34.0,32.9,30.8,30.0,31.9,29.5,28.3,28.4,28.7,28.2,28.7,29.4,30.7,31.3,32.3,33.4,34.4,35.5,36.3
22:40:05.575,86.0,45.2,71.8,75.4,74.9,76.6,75.7,70.7,71.7,68.2,67.6,64.7,62.9,63.3,59.6,53.9,51.1,45.9,40.4,40.9,37.1,34.7,32.3,32.0,32.0,29.6,28.4,28.8,29.0,28.8,29.3,29.7,30.5,31.7,32.4,33.3,34.4,35.4,36.4
22:40:06.575,84.6,44.9,70.4,74.7,74.9,74.0,70.4,68.9,69.2,65.7,62.3,61.3,60.9,59.7,55.6,51.1,46.1,40.5,38.5,37.3,36.5,35.2,33.3,31.9,32.6,31.3,29.9,30.8,29.7,29.1,29.2,29.8,30.6,31.5,32.3,33.5,34.7,35.4,36.5
22:40:07.575,84.3,44.4,70.8,73.8,69.8,67.7,65.4,69.2,67.5,62.6,61.7,60.8,56.7,54.1,51.4,49.1,43.8,38.8,39.2,35.3,32.7,32.9,30.7,30.8,31.6,29.4,28.2,29.4,29.3,28.4,28.8,29.6,30.6,31.4,32.3,33.4,34.4,35.4,36.4
22:40:08.575,81.9,44.6,70.6,73.4,70.5,71.2,72.7,70.4,71.0,67.2,63.1,63.8,62.8,60.2,56.9,53.3,49.4,44.6,40.6,39.4,35.2,33.2,31.2,30.3,31.4,28.3,27.8,28.1,28.2,27.8,28.7,29.5,30.7,31.7,32.4,33.4,34.3,35.6,36.5
22:40:09.575,83.7,44.2,70.0,68.9,70.6,69.5,67.9,65.8,69.3,64.2,63.6,59.5,59.1,59.4,53.6,50.6,47.0,44.1,40.2,35.4,32.3,30.3,30.6,30.1,31.4,28.5,27.9,27.8,28.5,28.0,28.6,29.7,30.7,31.3,32.4,33.4,34.5,35.4,36.5
22:40:10.575,87.6,46.1,72.8,78.3,76.2,75.0,73.2,72.9,71.0,69.4,67.3,65.6,63.3,61.2,57.8,55.9,52.0,49.2,46.6,40.0,37.8,33.1,32.2,30.7,31.9,29.5,27.9,28.1,28.7,28.2,28.9,29.3,30.0,31.3,32.3,33.5,34.4,35.5,36.4
22:40:11.575,83.2,44.1,69.2,75.8,73.4,72.8,69.7,69.9,67.5,66.8,65.5,63.4,59.7,57.3,54.6,54.3,49.4,44.2,39.9,37.6,35.7,33.3,32.8,31.7,32.5,29.4,28.0,28.8,28.9,28.4,28.8,29.5,30.5,31.3,32.3,33.3,34.3,35.6,36.5
22:40:12.575,86.4,44.6,70.7,68.0,72.4,73.2,69.0,67.5,67.4,64.6,62.5,61.6,58.6,54.3,54.1,50.1,46.1,38.7,39.5,37.4,36.0,35.6,33.8,31.8,32.1,30.0,28.3,28.5,28.2,28.2,28.8,29.4,30.7,31.4,32.5,33.4,34.2,35.5,36.5
22:40:13.575,84.7,44.3,70.3,72.9,70.5,74.4,74.7,70.4,69.3,67.3,64.6,61.2,59.9,57.3,54.4,50.5,48.0,42.0,41.6,38.7,38.5,35.0,33.5,32.0,31.9,29.5,28.0,28.4,28.6,28.8,29.0,29.6,30.3,31.3,32.3,33.6,34.4,35.4,36.4
22:40:14.575,82.7,43.7,69.7,72.2,73.0,73.6,71.9,74.9,67.0,67.9,62.9,62.2,60.9,58.6,54.8,50.7,45.7,41.5,38.4,40.8,37.4,33.4,32.3,31.9,31.8,29.0,27.4,28.1,28.4,28.3,28.6,29.6,30.3,31.2,32.4,33.2,34.5,35.4,36.3
22:40:15.575,82.3,43.0,69.1,73.2,74.2,68.6,67.0,71.1,68.1,65.2,61.6,56.5,57.8,55.9,50.2,46.0,39.9,38.7,36.8,36.5,33.5,32.1,32.4,31.2,31.4,28.1,27.5,28.0,27.7,27.8,28.7,29.5,30.5,31.3,32.4,33.3,34.4,35.4,36.5
22:40:16.575,83.8,42.8,67.6,69.3,68.8,68.5,68.2,67.3,61.9,61.1,58.0,55.8,52.8,52.2,51.0,41.5,38.5,38.8,36.0,35.9,33.2,31.5,32.7,31.4,31.1,28.3,27.5,27.8,28.1,28.1,29.1,29.4,30.4,31.6,32.3,33.3,34.5,35.4,36.5
22:40:17.575,84.6,43.2,69.2,77.9,74.9,71.4,73.2,70.9,68.5,64.6,62.2,59.0,55.6,55.6,53.7,48.3,42.2,43.9,39.6,36.1,34.4,32.5,31.9,30.8,31.4,28.4,27.6,27.7,27.5,27.9,28.6,29.5,30.6,31.4,32.5,33.4,34.4,35.5,36.4
22:40:18.575,84.7,43.0,68.5,71.4,69.9,68.9,67.5,66.0,67.4,65.4,58.5,58.5,54.3,53.7,51.6,45.8,42.4,38.7,36.8,35.5,32.4,31.2,31.8,30.2,31.8,28.9,27.0,27.7,28.0,28.2,28.9,29.8,30.4,31.5,32.3,33.4,34.4,35.4,36.5
22:40:19.575,81.2,43.1,67.0,67.1,73.4,71.1,68.4,70.5,66.4,60.9,57.7,54.8,52.4,50.0,47.7,44.3,40.9,40.4,38.8,36.0,34.2,32.3,32.6,32.8,33.7,29.9,27.7,28.6,28.6,28.5,29.0,29.7,30.5,31.4,32.6,33.5,34.4,35.5,36.5
22:40:20.575,82.4,43.2,65.7,70.4,68.4,66.5,67.8,69.5,62.4,59.9,58.8,56.1,53.2,47.9,47.6,44.9,41.5,41.2,39.2,37.3,34.3,34.5,32.5,33.2,32.7,30.4,28.6,28.9,28.5,28.3,28.9,29.8,30.6,31.5,32.4,33.4,34.3,35.5,36.5
22:40:21.575,84.6,44.6,69.2,74.0,74.8,72.9,70.0,68.4,68.0,66.7,63.5,58.4,52.3,52.3,51.1,52.7,49.0,47.9,47.9,43.2,39.0,35.3,31.8,31.6,31.2,29.0,27.5,28.6,29.1,28.6,29.1,29.6,30.3,31.2,32.6,33.5,34.5,35.5,36.5
22:40:22.575,83.7,45.2,69.0,66.8,69.8,68.1,66.2,67.8,64.9,63.8,60.8,54.9,53.5,47.2,49.0,48.6,47.3,45.4,43.5,40.0,36.6,33.7,32.0,31.8,32.1,29.4,27.8,28.8,28.9,28.6,28.8,29.5,30.6,31.5,32.4,33.4,34.3,35.4,36.5
22:40:23.575,83.7,46.3,70.2,67.6,71.2,73.3,72.8,70.3,67.6,64.9,64.2,61.4,59.5,54.5,53.6,52.1,51.8,48.6,49.2,46.9,42.6,38.7,34.1,31.8,32.3,29.6,27.9,27.8,28.1,28.5,28.3,29.5,30.5,31.6,32.5,33.5,34.5,35.4,36.5
22:40:24.575,84.5,43.4,66.4,74.3,68.0,67.0,65.2,63.3,67.1,63.1,65.4,58.7,56.4,51.5,51.1,48.3,46.1,43.1,42.6,37.6,34.9,33.2,31.8,31.8,32.0,30.1,27.9,27.9,28.6,28.3,29.0,29.7,30.4,31.5,32.5,33.5,34.4,35.5,36.5
22:40:25.575,86.4,45.0,70.7,74.4,72.4,71.4,71.2,70.9,68.9,69.1,67.2,62.4,61.6,59.1,54.9,53.8,50.9,48.5,43.8,38.2,34.5,31.7,31.1,31.4,32.0,29.4,28.4,28.1,28.4,28.7,28.9,29.7,30.6,31.4,32.6,33.3,34.5,35.4,36.4
22:40:26.575,84.5,44.1,70.1,74.3,73.4,71.9,71.8,68.8,68.0,65.3,64.7,61.0,58.6,56.7,52.7,49.5,45.6,40.2,36.5,35.7,33.2,32.9,31.6,32.1,32.2,29.4,27.7,28.8,29.0,29.2,29.1,29.9,30.7,31.3,32.5,33.4,34.3,35.4,36.5
22:40:27.575,80.3,44.5,68.9,66.2,69.7,72.8,70.0,66.3,66.8,63.6,64.1,60.6,58.6,57.7,54.9,50.0,45.2,41.7,36.8,35.5,35.2,34.9,34.0,33.1,32.5,29.7,28.0,28.9,29.0,28.8,28.9,29.7,30.5,31.5,32.7,33.5,34.5,35.3,36.5
22:40:28.575,83.1,44.3,69.1,72.8,74.6,72.4,72.6,67.8,66.9,65.3,64.0,62.2,59.3,58.2,55.1,48.5,44.6,39.8,39.0,37.8,36.4,35.0,34.3,33.8,33.3,30.0,28.3,28.7,29.3,29.0,29.0,29.7,30.4,31.6,32.5,33.4,34.3,35.5,36.4
22:40:29.575,81.5,44.0,67.9,71.5,70.6,70.5,71.2,68.2,65.2,62.0,64.0,62.4,59.5,57.3,55.9,48.8,43.6,38.7,38.7,36.6,35.6,35.9,34.2,32.9,33.2,31.0,29.3,29.0,29.2,28.6,29.4,29.8,30.8,31.6,32.5,33.3,34.5,35.5,36.4
22:40:30.575,82.6,44.3,69.6,70.4,73.3,72.9,71.9,66.4,66.0,63.7,63.3,61.7,59.4,57.0,54.7,49.0,41.4,41.0,40.8,37.8,35.0,34.2,33.3,32.8,33.0,30.0,28.3,29.7,29.3,29.2,29.2,29.9,30.6,31.6,32.2,33.3,34.4,35.3,36.4
22:40:31.575,83.4,43.9,69.5,72.2,73.1,71.5,70.2,70.4,67.2,62.5,65.2,64.1,60.7,56.8,54.6,50.9,44.6,40.6,39.6,37.7,35.3,32.4,31.5,31.0,31.8,29.0,27.8,28.8,28.8,28.9,29.2,29.6,30.5,31.4,32.5,33.4,34.4,35.4,36.5
22:40:32.575,84.6,44.2,70.5,76.0,74.3,74.3,73.1,72.5,69.7,66.4,65.7,66.3,63.2,58.3,55.2,54.2,47.7,40.7,38.3,41.1,35.3,33.2,31.6,31.4,31.6,29.2,28.4,28.7,28.8,29.0,29.4,30.0,30.7,31.6,32.4,33.4,34.4,35.4,36.5
22:40:33.575,80.5,43.2,67.1,67.6,69.2,69.8,70.3,70.6,62.7,62.3,61.5,60.2,58.5,54.6,51.9,49.8,45.4,39.0,35.7,38.0,35.3,33.8,32.4,30.6,31.5,28.8,27.7,28.3,28.2,28.6,29.2,29.6,30.8,31.5,32.6,33.3,34.4,35.4,36.4
22:40:34.575,86.9,44.3,70.5,74.3,73.1,71.5,71.0,69.4,68.4,66.2,65.4,63.1,60.7,57.6,54.4,52.7,46.8,41.3,39.3,38.3,36.8,35.3,33.2,32.0,32.8,29.5,27.9,27.7,28.7,28.7,28.8,29.7,30.7,31.5,32.6,33.4,34.4,35.4,36.5
22:40:35.575,81.9,43.3,67.8,70.2,70.5,72.8,70.5,68.0,67.1,63.5,62.3,61.0,57.3,53.7,50.1,47.7,43.2,40.9,38.0,36.3,35.2,35.2,33.3,31.5,31.5,29.5,28.6,28.2,28.7,28.1,29.1,29.6,30.4,31.6,32.3,33.6,34.4,35.4,36.4
22:40:36.575,81.9,43.1,66.9,70.5,66.2,66.2,69.1,66.2,64.8,62.8,58.7,60.1,54.1,51.3,46.3,46.0,42.6,39.2,36.5,35.1,33.2,33.0,32.2,31.2,32.7,29.9,28.0,28.3,28.8,28.1,29.0,29.6,30.6,31.3,32.3,33.4,34.5,35.5,36.4
22:40:37.575,79.3,43.1,66.5,70.2,69.3,69.0,68.5,67.3,66.3,62.1,59.8,57.3,55.7,52.3,46.9,45.8,44.6,39.3,36.2,35.7,33.7,33.3,31.7,32.3,32.7,30.2,28.2,27.9,28.6,28.7,28.8,29.8,30.6,31.5,32.5,33.4,34.5,35.5,36.3
22:40:38.575,85.2,44.4,68.2,70.0,66.8,66.3,65.6,68.0,62.5,59.5,59.9,61.5,55.8,50.3,49.8,48.5,46.2,43.8,39.9,37.4,36.7,34.6,33.0,32.3,32.9,30.9,28.5,28.6,28.7,28.5,29.1,29.7,30.5,31.3,32.4,33.5,34.4,35.4,36.4
22:40:39.575,83.6,43.2,64.7,72.6,73.3,70.5,67.0,63.0,61.9,62.7,59.8,57.8,55.8,49.4,46.7,48.5,44.3,41.5,37.2,37.7,34.6,33.5,31.1,32.0,32.3,30.1,29.3,29.5,29.1,29.0,29.0,29.5,30.5,31.3,32.3,33.5,34.5,35.4,36.5
22:40:40.575,82.5,42.7,65.8,72.6,73.1,72.0,68.8,67.5,64.6,62.1,60.7,59.0,56.6,52.6,50.3,48.2,43.6,40.3,38.3,36.8,33.2,31.5,30.8,30.5,32.2,28.6,27.7,28.2,28.8,28.3,28.5,29.4,30.6,31.6,32.3,33.5,34.3,35.4,36.6
