AMBIENT,67.9,50.2,52.6,43.0,39.1,36.9,35.0,37.0,38.2,38.6,39.7,45.0,48.5,33.9,31.7,32.3,33.6,34.1,36.0,35.6,34.9,34.8,34.1,34.3,35.0,34.0,34.4,35.1,35.8,36.6,37.5,38.4,39.4,40.4,41.4,42.4,43.4,44.4,45.5
22:35:26.575,67.2,49.6,51.3,46.9,38.7,34.8,34.8,37.0,40.4,40.5,41.1,42.7,42.2,34.2,30.9,31.9,34.7,35.0,36.8,36.8,35.8,35.1,34.8,34.2,35.8,34.2,34.5,35.7,35.9,36.4,37.3,38.5,39.5,40.3,41.5,42.5,43.5,44.4,45.4
22:35:27.575,69.7,49.4,53.3,42.3,36.8,30.4,32.6,34.0,41.8,42.0,39.9,46.3,49.2,35.2,31.7,33.7,34.8,34.5,36.1,35.4,35.6,35.1,34.9,34.4,34.5,33.6,34.1,35.9,35.9,36.5,37.8,38.1,39.1,40.1,41.4,42.3,43.3,44.4,45.4
22:35:28.575,63.4,49.4,53.1,39.8,40.8,36.6,37.5,40.6,41.7,37.4,35.8,45.5,50.3,32.1,32.3,31.7,34.7,35.0,36.1,35.4,34.8,34.6,34.0,34.2,34.6,34.2,34.3,35.4,36.0,36.5,37.6,38.3,39.3,40.3,41.2,42.4,43.5,44.4,45.5
22:35:29.575,67.3,49.4,53.2,45.1,41.0,41.7,41.3,38.1,31.6,36.2,38.5,48.3,52.0,32.5,30.3,32.0,31.9,32.5,34.1,33.6,33.4,34.6,33.7,34.1,35.0,33.5,34.2,35.1,35.7,36.6,37.5,38.3,39.3,40.0,41.4,42.3,43.3,44.4,45.4
22:35:30.575,70.9,49.4,51.4,52.1,46.3,37.5,32.9,34.9,40.0,38.8,35.3,40.9,44.9,34.4,32.0,32.4,33.2,34.3,35.2,35.4,34.9,35.9,34.7,34.8,35.7,34.0,34.5,35.1,35.4,36.3,37.1,38.3,39.4,40.2,41.2,42.3,43.4,44.5,45.5
22:35:31.575,66.7,49.4,52.0,43.7,38.8,30.7,29.9,32.4,34.1,36.2,38.0,45.2,45.8,31.2,32.3,33.4,32.3,33.7,36.3,35.1,36.0,35.3,34.5,35.1,35.4,33.8,34.2,35.0,35.8,36.6,37.2,38.4,39.3,40.2,41.3,42.5,43.4,44.4,45.5
22:35:32.575,72.9,49.6,52.0,45.5,40.0,40.6,39.4,37.7,36.6,39.9,39.8,42.8,45.1,34.1,33.5,34.1,34.6,34.3,36.9,35.7,36.7,35.3,34.8,35.3,35.4,34.0,33.7,35.6,36.1,36.6,37.6,38.8,39.7,40.6,41.4,42.4,43.4,44.4,45.3
22:35:33.575,66.2,49.5,53.2,31.2,29.4,33.2,35.0,35.6,37.6,38.8,39.7,44.6,48.7,36.7,31.7,32.1,33.0,33.9,35.8,36.2,35.9,35.8,34.2,34.9,34.7,33.7,34.6,34.8,35.8,36.7,37.5,38.4,39.5,40.3,41.3,42.4,43.6,44.6,45.6
22:35:34.575,60.1,49.5,53.3,31.1,33.5,31.6,31.5,34.5,39.1,34.3,42.7,45.9,49.9,33.7,28.5,29.5,32.5,32.3,35.7,35.7,34.5,35.0,33.4,34.2,35.4,34.2,34.9,35.4,35.8,36.6,37.4,38.2,39.3,40.5,41.3,42.5,43.5,44.3,45.4
22:35:35.575,66.2,49.4,50.3,32.6,32.2,32.5,32.2,35.9,32.2,30.9,37.6,41.0,41.7,30.1,30.5,32.3,32.6,33.8,35.0,35.2,34.8,34.9,34.0,34.3,34.9,33.4,34.3,35.1,35.8,36.5,37.1,38.4,39.3,40.4,41.4,42.4,43.5,44.4,45.4
22:35:36.575,63.1,49.4,52.4,35.1,31.1,29.8,32.2,29.9,33.8,36.3,41.2,44.5,48.1,34.6,30.9,32.7,35.2,35.4,36.8,35.3,35.3,36.2,34.4,33.6,34.8,34.1,34.2,35.2,36.0,35.8,37.2,38.2,39.3,40.4,41.5,42.4,43.6,44.5,45.6
22:35:37.575,62.2,49.4,53.4,31.7,29.8,31.2,37.6,37.6,38.1,36.3,43.7,47.1,51.0,34.3,31.2,34.6,34.1,36.1,39.0,37.1,34.2,34.9,33.6,34.2,35.5,34.3,34.6,35.1,35.5,36.5,37.2,38.2,39.3,40.2,41.3,42.4,43.5,44.3,45.5
22:35:38.575,64.7,49.4,51.9,35.4,28.9,32.4,35.6,36.1,39.1,37.5,39.8,45.1,47.6,34.6,31.8,31.6,33.3,35.3,36.9,36.4,35.2,34.0,33.7,33.8,34.8,34.0,34.4,34.9,35.8,36.4,37.4,38.6,39.2,40.5,41.4,42.3,43.3,44.4,45.4
22:35:39.575,65.7,49.4,51.1,34.4,32.8,33.5,33.0,35.3,36.6,40.6,34.5,43.7,41.6,33.6,31.4,31.7,33.1,34.6,36.6,35.8,33.9,34.1,33.2,33.8,34.7,34.0,34.1,35.1,36.3,36.7,37.2,38.4,39.5,40.6,41.2,42.4,43.4,44.4,45.4
22:35:40.575,61.5,49.4,52.8,46.4,42.3,36.1,30.1,36.7,36.7,40.1,42.3,47.7,50.8,34.5,32.3,32.6,34.6,35.1,36.4,35.5,33.8,34.0,33.9,34.3,35.2,33.6,33.7,35.0,35.8,36.6,37.3,38.4,39.2,40.3,41.5,42.4,43.4,44.5,45.5
22:35:41.575,71.1,49.4,53.2,49.9,45.3,44.1,42.8,37.6,38.0,38.0,40.7,46.0,49.8,35.2,34.1,33.4,33.1,34.1,35.8,32.9,32.7,33.1,33.4,33.2,34.8,33.9,34.2,35.1,36.1,36.4,37.4,38.6,39.4,40.4,41.2,42.3,43.5,44.5,45.5
22:35:42.575,71.5,49.3,51.8,54.0,47.5,38.9,35.7,38.7,42.1,41.0,41.8,45.7,46.6,34.4,33.6,33.3,34.6,33.6,34.6,34.5,33.5,34.1,33.3,33.8,33.9,33.2,34.1,34.7,35.8,36.7,37.8,38.5,39.3,40.4,41.4,42.5,43.3,44.3,45.4
22:35:43.575,66.6,49.4,52.4,43.3,44.1,44.1,36.8,35.5,37.7,40.4,40.7,46.5,48.0,31.0,32.6,31.2,35.1,34.6,35.2,34.4,34.3,34.6,33.7,34.6,33.8,33.5,34.1,35.1,35.3,36.4,37.9,38.6,39.5,40.3,41.6,42.4,43.4,44.4,45.4
22:35:44.575,70.6,49.5,53.8,53.1,48.4,52.1,46.1,41.7,38.4,40.1,42.7,47.1,51.2,33.9,33.5,33.6,34.3,34.4,35.1,35.2,35.3,35.2,34.9,34.1,35.1,34.3,34.4,35.3,35.9,36.3,37.7,38.0,39.5,40.3,41.5,42.4,43.3,44.5,45.5
22:35:45.575,68.4,49.6,54.2,52.6,46.9,50.6,50.2,50.0,45.2,44.9,44.5,48.7,49.7,37.5,31.4,31.7,36.1,35.4,36.6,35.7,35.9,35.8,35.5,34.9,35.9,34.5,34.2,34.8,36.1,36.4,37.5,38.5,39.6,40.6,41.4,42.5,43.5,44.3,45.5
22:35:46.575,69.8,49.5,54.1,59.5,57.5,55.2,49.9,44.5,48.0,46.5,45.2,45.4,45.0,36.8,34.5,33.5,35.0,36.2,36.8,35.3,34.7,35.6,33.9,34.8,35.7,34.0,34.8,35.6,35.6,36.6,37.0,38.4,39.5,40.6,41.3,42.4,43.6,44.4,45.4
22:35:47.575,73.1,49.5,56.2,61.9,56.4,53.0,49.5,44.5,50.7,47.8,45.7,49.0,51.9,40.0,38.9,39.7,38.0,36.7,37.7,35.9,35.0,34.1,34.3,35.4,34.7,34.2,34.4,35.0,35.6,36.7,37.2,38.5,39.4,40.4,41.4,42.3,43.3,44.6,45.4
22:35:48.575,74.7,49.5,60.4,67.4,65.7,61.1,60.3,54.4,57.4,56.3,50.9,52.0,52.2,47.2,46.8,45.5,44.5,41.7,38.3,37.0,34.6,33.9,33.9,33.7,34.7,33.1,34.2,34.8,35.4,36.2,37.4,38.3,39.4,40.4,41.4,42.4,43.5,44.5,45.5
22:35:49.575,79.9,49.8,65.2,68.1,65.5,68.6,63.1,58.2,62.9,61.3,61.1,55.7,58.7,52.1,53.5,50.1,48.7,46.6,41.9,39.1,35.9,34.9,33.6,33.2,34.2,33.8,34.3,34.6,35.8,36.7,37.6,38.3,39.6,40.4,41.4,42.3,43.5,44.5,45.4
22:35:50.575,82.0,50.4,68.0,67.5,66.5,65.4,65.2,63.0,65.1,63.7,60.7,59.0,59.1,57.5,55.5,54.5,51.0,49.4,44.7,41.6,38.3,36.3,35.0,34.1,34.4,34.4,34.3,35.2,35.8,36.4,37.7,38.7,39.5,40.3,41.4,42.5,43.4,44.5,45.5
22:35:51.575,83.5,50.9,70.6,73.9,75.2,74.5,72.4,69.4,64.4,63.8,65.2,64.7,64.1,57.4,56.9,54.2,51.8,51.6,48.2,45.8,41.5,37.2,35.5,35.3,36.0,34.7,35.1,34.9,35.9,36.4,37.2,38.8,39.7,40.4,41.4,42.5,43.4,44.3,45.5
22:35:52.575,84.2,51.2,72.0,66.2,72.8,76.5,75.2,69.0,66.7,67.4,64.6,63.2,61.0,60.1,59.9,56.0,54.1,50.1,47.5,45.1,43.0,38.9,36.3,35.5,35.3,34.5,34.0,34.6,35.5,36.5,37.5,38.5,39.4,40.1,41.5,42.4,43.3,44.3,45.4
22:35:53.575,84.5,51.7,72.9,67.1,68.1,73.6,72.1,70.4,66.5,70.6,65.3,64.8,61.5,62.7,59.7,57.0,54.9,54.2,50.1,45.8,42.3,39.7,35.4,35.8,35.4,34.6,34.4,35.5,35.7,36.8,37.7,38.5,39.5,40.4,41.4,42.4,43.5,44.5,45.3
22:35:54.575,83.6,52.0,72.7,72.9,77.8,75.9,70.2,73.1,68.1,66.9,66.0,65.9,64.2,60.5,58.9,57.4,56.4,53.1,51.5,47.8,43.6,41.0,37.3,36.3,35.9,34.4,34.9,35.3,35.8,36.8,37.4,38.6,39.4,40.2,41.6,42.4,43.3,44.4,45.4
22:35:55.575,81.7,52.4,73.4,69.0,71.7,73.9,74.6,76.1,70.7,67.9,62.6,66.7,63.1,63.3,60.2,59.2,58.8,54.3,52.5,49.1,45.0,41.7,38.1,34.6,34.4,33.6,34.4,35.3,35.9,36.0,37.3,38.4,39.6,40.3,41.4,42.4,43.5,44.5,45.5
22:35:56.575,82.2,52.8,73.6,70.4,74.0,74.6,72.2,69.6,71.5,69.5,67.7,65.0,62.3,64.2,60.7,59.0,57.7,55.2,53.0,50.6,46.9,43.4,39.3,36.4,34.6,34.2,34.1,34.9,35.4,36.3,37.5,38.2,39.2,40.3,41.6,42.3,43.3,44.5,45.4
22:35:57.575,84.1,55.2,76.4,67.8,72.4,74.4,75.6,77.4,72.3,70.2,69.1,63.3,69.8,68.1,63.7,61.6,62.3,59.7,56.1,53.8,50.7,47.0,42.5,39.0,36.8,34.9,34.0,34.5,35.7,36.6,37.5,38.5,39.4,40.2,41.4,42.3,43.4,44.4,45.4
22:35:58.575,87.2,57.2,78.7,77.1,75.0,77.1,79.9,80.8,71.6,74.7,71.1,70.9,72.2,68.1,65.7,65.1,64.9,61.6,58.8,56.1,52.5,48.9,45.1,41.4,38.5,35.8,35.4,35.9,35.8,36.5,37.3,38.5,39.4,40.7,41.3,42.3,43.5,44.5,45.4
22:35:59.575,84.9,57.2,78.6,73.3,75.5,75.1,73.8,76.6,74.1,77.6,72.3,67.6,70.1,68.6,68.1,64.9,62.7,61.2,59.4,56.6,51.9,50.3,45.4,42.6,39.4,36.7,35.2,35.2,36.2,36.7,37.5,38.6,39.4,40.3,41.5,42.6,43.3,44.3,45.5
22:36:00.575,87.2,55.8,78.0,73.6,73.4,72.1,72.9,75.1,74.8,68.6,68.4,71.4,69.8,68.3,65.3,63.0,61.1,59.4,57.2,54.8,50.5,45.9,43.5,40.5,38.5,35.2,34.6,35.2,36.2,36.4,37.3,38.0,39.3,40.5,41.4,42.5,43.6,44.4,45.5
22:36:01.575,87.6,55.1,78.4,75.4,81.0,81.8,80.8,79.5,75.9,72.1,72.1,69.1,65.6,64.5,63.4,63.2,62.3,59.4,55.4,53.5,49.8,46.5,42.4,40.0,37.6,35.6,34.3,35.2,35.7,36.5,37.3,38.4,39.3,40.5,41.4,42.5,43.4,44.5,45.3
22:36:02.575,87.1,54.4,78.4,72.6,76.1,80.1,79.3,79.4,77.6,73.6,69.6,69.4,67.5,66.6,63.5,62.1,59.6,58.3,56.0,52.6,48.6,44.8,41.6,38.3,36.5,35.0,34.6,35.2,35.8,36.5,37.6,38.4,39.4,40.3,41.4,42.3,43.3,44.4,45.4
22:36:03.575,88.0,54.0,78.8,78.5,76.4,75.6,83.7,81.5,76.2,74.9,74.3,67.2,66.9,65.7,62.8,62.5,60.2,55.9,53.9,51.8,49.2,44.8,40.6,38.8,36.6,34.9,33.9,35.6,35.4,36.3,37.6,38.3,39.3,40.3,41.5,42.6,43.5,44.4,45.4
22:36:04.575,89.0,54.1,80.5,75.4,77.0,81.7,82.3,81.2,81.0,78.0,74.8,67.2,65.5,66.3,63.9,60.2,59.8,57.7,53.3,52.4,48.3,45.1,41.1,38.9,37.0,34.9,34.9,35.0,35.9,36.4,37.4,38.3,39.3,40.4,41.5,42.4,43.4,44.5,45.3
22:36:05.575,91.6,55.2,82.9,78.4,81.0,85.9,85.0,82.4,82.2,81.9,73.7,66.2,67.6,63.6,65.2,62.0,59.4,57.8,54.7,54.6,50.3,47.9,45.0,42.6,39.8,36.5,35.7,35.4,35.6,36.8,37.4,38.3,39.6,40.4,41.5,42.4,43.5,44.4,45.5
22:36:06.575,94.3,57.4,86.3,80.6,79.7,87.1,89.0,82.8,84.8,87.3,80.9,73.3,68.9,69.7,65.5,61.4,64.0,60.7,57.2,54.4,52.8,50.3,47.2,46.0,44.1,40.5,38.4,37.9,37.0,37.3,37.4,38.2,39.4,40.4,41.3,42.3,43.5,44.5,45.4
22:36:07.575,96.7,59.1,88.5,86.7,88.5,89.8,90.0,83.4,86.2,86.7,85.0,81.3,74.9,69.1,69.3,65.4,64.2,60.8,60.3,57.8,55.8,50.4,48.3,46.5,44.8,41.3,38.3,37.8,37.1,37.0,37.8,38.5,39.5,40.6,41.4,42.3,43.5,44.5,45.4
22:36:08.575,98.3,58.4,90.5,76.4,82.3,88.0,92.4,92.3,85.0,86.8,87.6,78.6,76.5,71.5,66.8,66.4,62.8,61.9,59.5,55.4,53.3,49.1,45.8,42.9,39.9,36.4,35.1,35.2,36.1,36.6,37.6,38.3,39.5,40.4,41.4,42.3,43.4,44.5,45.5
22:36:09.575,99.2,61.3,92.1,82.6,85.0,93.2,92.9,90.6,88.6,90.0,87.9,84.6,81.8,72.1,69.1,67.9,67.5,63.1,61.1,58.2,56.2,53.1,51.7,48.8,45.3,42.0,38.8,37.9,36.9,37.2,37.7,38.6,39.3,40.4,41.2,42.4,43.2,44.6,45.5
22:36:10.575,101.3,64.0,94.7,81.6,88.3,93.8,94.9,92.3,92.5,93.6,92.7,84.1,85.3,78.5,74.7,70.4,65.0,65.2,62.4,58.3,59.8,58.7,57.4,55.4,49.9,47.9,45.3,45.0,42.3,39.0,37.9,38.4,39.3,40.3,41.5,42.3,43.4,44.6,45.7
22:36:11.575,100.4,64.0,95.1,85.6,86.6,86.3,91.0,91.9,91.5,92.8,92.8,90.9,86.9,80.0,71.4,72.0,69.5,63.5,62.4,59.2,58.8,54.0,50.4,47.5,43.9,39.5,37.5,36.8,36.2,36.6,37.1,38.5,39.4,40.3,41.2,42.3,43.6,44.3,45.4
22:36:12.575,103.1,65.8,96.0,86.0,91.5,92.5,93.0,97.5,93.7,93.9,93.3,86.6,87.1,83.7,76.3,74.3,70.6,68.6,65.2,63.4,59.4,54.5,50.6,48.1,44.7,40.2,37.1,36.7,36.2,36.5,37.6,38.6,39.5,40.4,41.3,42.4,43.4,44.4,45.4
22:36:13.575,102.5,69.2,96.1,92.8,90.2,86.0,92.9,88.7,89.2,92.0,93.2,87.8,85.1,83.3,81.9,80.5,78.6,72.5,70.2,64.5,63.2,57.1,53.6,50.9,47.6,42.9,38.9,37.6,36.7,37.3,37.5,38.3,39.6,40.3,41.2,42.3,43.3,44.6,45.4
22:36:14.575,105.2,71.8,99.2,93.3,92.6,95.1,95.1,94.7,97.2,97.1,94.1,93.7,91.8,89.9,82.8,82.5,77.5,75.8,71.3,69.2,67.0,64.9,59.0,59.5,56.3,50.8,44.6,43.4,40.0,38.2,37.7,38.4,39.3,40.5,41.4,42.4,43.4,44.6,45.5
22:36:15.575,105.5,72.7,99.9,91.4,90.7,94.7,98.0,96.8,97.8,98.2,97.0,89.7,89.3,87.8,84.6,78.5,77.4,74.3,73.9,71.2,64.8,61.9,58.2,55.4,52.8,47.4,44.8,42.3,38.7,37.9,37.6,38.5,39.3,40.4,41.3,42.5,43.4,44.4,45.5
22:36:16.575,104.8,75.2,99.3,92.0,90.5,88.9,96.7,98.3,96.6,94.1,97.6,90.6,89.1,85.2,86.8,83.4,82.4,82.3,78.1,75.2,69.6,64.0,58.8,55.8,50.1,48.4,41.9,39.4,38.1,36.8,37.1,38.3,39.4,40.4,41.4,42.4,43.6,44.4,45.4
22:36:17.575,105.2,74.2,99.1,91.9,92.7,96.4,97.4,95.6,99.2,93.8,93.1,92.3,91.8,88.6,85.8,82.2,79.7,77.4,76.9,73.2,67.7,66.8,62.2,57.5,53.5,49.0,44.1,42.2,38.6,38.1,37.7,38.8,39.5,40.6,41.5,42.2,43.5,44.5,45.4
22:36:18.575,106.8,83.7,101.6,91.4,92.9,95.4,92.8,100.8,97.3,97.4,95.3,95.9,93.9,92.1,88.7,87.4,86.2,86.9,85.6,85.0,80.6,80.0,79.4,76.7,75.2,70.2,64.0,58.1,55.4,49.4,43.9,40.3,39.9,40.3,41.2,42.4,43.7,44.5,45.4
22:36:19.575,104.7,76.0,98.5,92.2,92.2,92.4,94.7,97.6,97.9,93.0,87.4,87.5,90.4,87.2,86.5,83.9,79.5,76.8,77.4,74.4,67.4,64.4,63.3,59.2,58.4,51.2,47.3,44.3,39.0,37.3,37.6,38.3,39.5,40.4,41.2,42.3,43.3,44.4,45.4
22:36:20.575,108.1,75.2,101.4,94.8,97.8,94.7,96.2,97.2,101.7,100.1,100.3,93.0,90.1,86.1,84.3,83.4,81.8,80.2,75.5,73.4,71.7,67.6,63.4,60.7,56.8,50.7,47.2,44.8,39.7,38.2,37.7,38.2,39.3,40.3,41.4,42.3,43.4,44.5,45.4
22:36:21.575,111.1,84.0,105.7,88.0,93.5,99.4,102.7,103.4,99.7,100.5,101.0,100.0,98.6,97.3,90.2,91.0,88.9,87.7,85.7,83.2,83.1,80.4,76.7,76.4,75.4,70.0,65.0,61.8,60.1,54.9,50.2,45.9,43.4,42.0,41.5,42.5,43.4,44.3,45.4
22:36:22.575,109.4,83.6,105.2,90.8,94.2,97.6,97.0,101.2,101.2,100.6,99.7,98.3,99.3,94.0,93.1,91.2,89.9,87.4,84.8,83.0,77.9,72.9,73.4,72.2,69.9,63.9,61.3,63.3,60.3,55.0,47.8,43.4,40.2,40.6,41.7,42.4,43.4,44.5,45.4
22:36:23.575,110.7,86.5,105.2,88.8,93.6,101.2,102.9,99.4,99.4,102.0,96.9,98.2,95.2,91.4,91.8,90.8,88.0,88.8,86.5,84.3,82.0,80.6,79.2,75.8,75.3,71.3,69.0,66.7,64.1,61.4,53.6,46.0,40.5,40.5,41.4,42.3,43.4,44.5,45.3
22:36:24.575,109.1,86.3,104.4,92.5,90.6,94.1,96.9,100.3,99.3,99.6,100.2,96.8,93.5,93.8,93.5,92.2,89.8,89.9,88.1,86.8,84.7,82.4,79.8,77.5,76.4,72.7,67.3,66.3,62.5,57.2,55.2,47.3,44.2,41.2,41.6,42.3,43.2,44.4,45.4
22:36:25.575,109.0,80.7,103.0,91.1,95.3,98.7,97.8,102.0,101.8,101.0,96.5,94.3,96.9,94.2,91.4,87.5,86.2,85.8,80.1,75.9,77.0,74.5,71.1,66.5,57.7,53.3,47.3,46.9,41.9,40.5,38.2,38.5,39.4,40.4,41.6,42.5,43.5,44.4,45.4
22:36:26.575,108.7,83.3,103.3,90.8,96.9,96.8,102.0,100.2,100.7,99.4,96.5,96.2,94.3,93.7,90.3,90.5,90.2,88.6,86.4,83.4,81.3,79.5,74.9,70.8,69.7,64.7,61.0,60.0,56.8,51.7,47.7,40.9,39.8,40.5,41.6,42.3,43.4,44.5,45.5
22:36:27.575,109.1,83.7,103.6,90.9,99.1,100.1,100.6,99.9,100.2,96.6,100.4,93.9,93.5,93.1,92.2,90.7,90.5,87.6,86.1,84.6,81.6,78.0,75.2,70.1,65.2,59.0,54.1,51.3,46.5,41.6,39.9,39.1,39.4,40.3,41.2,42.2,43.4,44.5,45.5
22:36:28.575,109.6,80.5,103.9,99.4,99.5,97.3,97.0,98.4,99.6,99.5,97.5,95.6,96.0,94.3,91.4,90.0,86.9,80.2,80.3,77.9,74.1,71.6,68.0,62.9,58.8,52.6,48.3,46.1,43.3,40.3,38.0,38.3,39.5,40.5,41.6,42.3,43.2,44.4,45.4
22:36:29.575,107.6,78.4,100.6,95.7,100.9,98.8,100.2,97.9,97.4,96.4,93.3,94.3,95.0,89.6,87.8,86.2,87.0,83.4,82.6,80.8,74.6,71.2,67.8,63.4,60.9,56.1,51.4,49.5,43.1,39.7,38.0,38.4,39.6,40.5,41.3,42.5,43.4,44.3,45.5
22:36:30.575,108.1,81.3,102.1,94.9,96.2,98.4,99.7,99.4,96.4,100.4,96.6,94.4,93.5,91.6,89.1,90.0,87.6,85.8,84.4,81.6,78.0,74.9,70.8,63.7,56.8,50.1,49.4,50.0,45.4,38.3,37.6,38.6,39.3,40.3,41.3,42.4,43.4,44.5,45.5
22:36:31.575,106.7,81.2,101.1,96.3,98.5,93.6,97.4,96.6,94.1,95.0,98.7,95.6,94.4,91.1,88.2,90.0,87.4,86.5,84.9,83.2,79.0,75.0,72.7,69.1,65.6,60.6,53.1,44.9,41.6,38.9,37.8,38.0,39.4,40.4,41.5,42.5,43.4,44.3,45.4
22:36:32.575,107.3,79.3,99.0,97.8,101.8,101.6,97.6,94.4,95.4,92.0,90.5,90.0,90.5,88.5,87.1,86.2,82.6,86.0,82.8,82.1,78.2,74.2,69.0,60.6,57.4,54.2,47.3,41.0,37.6,37.1,37.6,38.5,39.3,40.3,41.5,42.4,43.3,44.3,45.5
22:36:33.575,106.3,77.9,100.3,95.0,97.0,94.2,93.4,97.0,94.1,94.6,93.4,95.4,90.3,86.3,85.7,86.0,83.0,82.9,81.1,76.9,73.4,69.2,63.7,55.5,51.0,47.9,43.4,39.1,37.2,36.5,37.5,38.3,39.4,40.6,41.4,42.4,43.5,44.4,45.5
22:36:34.575,107.5,79.1,102.1,90.9,93.8,98.6,98.1,92.6,95.2,98.3,99.3,94.4,94.0,90.2,89.7,86.8,83.6,82.7,80.4,77.9,74.5,70.2,66.0,60.5,57.3,53.9,50.0,43.9,39.0,36.7,37.5,38.5,39.4,40.2,41.3,42.4,43.5,44.5,45.4
22:36:35.575,108.3,76.0,101.2,93.6,96.7,96.3,103.1,104.4,95.7,95.7,96.2,92.7,93.3,90.5,90.3,83.9,80.7,80.0,76.7,73.8,70.4,67.0,63.6,59.1,57.3,49.3,40.3,37.3,36.1,36.8,37.4,38.5,39.6,40.4,41.3,42.4,43.5,44.4,45.5
22:36:36.575,107.5,75.9,100.2,96.8,96.7,99.4,99.8,95.9,94.1,96.1,96.8,91.3,89.3,85.7,87.1,84.0,81.9,78.9,75.3,70.6,63.9,57.2,54.0,48.5,43.5,38.4,35.8,35.4,35.6,36.3,37.7,38.4,39.3,40.2,41.6,42.5,43.5,44.3,45.4
22:36:37.575,106.0,76.3,99.3,93.7,94.1,96.8,97.7,96.8,96.1,97.4,94.1,91.1,88.0,87.8,87.3,82.4,81.3,81.1,78.6,76.3,73.6,69.0,65.4,59.8,53.2,43.4,36.5,35.8,35.7,36.7,37.6,38.4,39.3,40.4,41.5,42.5,43.5,44.5,45.4
22:36:38.575,106.2,77.5,98.8,96.6,96.9,94.8,98.2,96.6,95.1,96.0,95.3,90.4,90.1,89.8,87.9,84.2,82.7,83.6,81.6,78.2,74.9,71.4,69.5,65.2,62.9,55.7,48.7,41.4,36.2,36.7,37.7,38.4,39.6,40.5,41.3,42.3,43.3,44.2,45.4
22:36:39.575,108.4,78.8,102.2,96.7,101.1,99.8,96.1,99.2,98.7,102.3,95.3,91.5,93.9,91.3,89.3,89.0,86.0,82.7,81.9,79.9,76.4,70.5,64.0,59.4,54.9,51.5,44.5,41.6,37.1,36.7,37.4,38.6,39.3,40.3,41.7,42.3,43.4,44.3,45.5
22:36:40.575,109.4,78.8,102.6,100.8,100.4,98.5,100.2,98.8,99.8,99.8,97.3,94.8,92.8,93.7,88.9,88.0,84.3,79.1,77.5,77.7,75.5,71.6,69.5,67.8,64.7,58.3,51.9,48.8,40.0,37.3,37.7,38.4,39.4,40.2,41.6,42.6,43.5,44.5,45.3
22:36:41.575,107.4,77.5,100.2,98.3,96.0,93.6,96.7,99.1,99.0,94.7,94.8,92.2,93.3,90.4,86.2,84.0,84.0,81.3,81.2,79.1,74.0,69.7,66.3,61.4,57.5,45.4,45.1,42.2,36.3,36.9,37.8,38.6,39.3,40.4,41.5,42.3,43.4,44.4,45.5
22:36:42.575,105.8,73.5,98.5,94.5,93.2,93.3,97.0,97.2,94.6,95.8,95.1,89.9,91.5,87.4,87.8,83.3,82.8,79.8,75.7,71.4,66.7,62.1,57.9,52.3,46.0,38.3,34.7,35.1,35.9,36.8,37.4,38.3,39.3,40.3,41.4,42.2,43.4,44.4,45.3
22:36:43.575,105.7,74.2,97.7,95.9,98.6,95.8,89.3,91.4,91.1,92.0,92.3,91.1,89.3,86.0,84.9,82.6,82.3,80.0,77.5,73.8,69.6,65.1,59.5,53.6,50.4,41.8,35.5,35.7,36.3,36.7,37.2,38.3,39.3,40.5,41.5,42.5,43.2,44.4,45.4
22:36:44.575,106.2,73.8,99.0,95.5,94.7,94.5,95.4,96.2,95.5,96.0,93.0,93.1,92.4,85.5,86.6,83.1,81.5,79.3,76.6,72.8,66.7,61.6,57.7,56.6,52.3,44.3,37.7,35.9,35.6,36.4,37.2,38.3,39.3,40.3,41.4,42.4,43.3,44.4,45.6
22:36:45.575,106.6,72.5,98.7,96.7,98.3,96.3,91.7,94.8,93.0,94.1,93.1,93.1,91.7,87.8,87.4,83.2,80.4,76.1,72.2,68.7,66.2,64.6,59.9,55.6,53.4,46.0,39.1,36.2,35.8,36.5,37.4,38.3,39.3,40.5,41.2,42.4,43.5,44.6,45.4
22:36:46.575,105.5,70.9,97.3,89.2,93.5,96.6,99.7,96.0,92.0,95.0,91.4,89.7,86.9,84.1,80.7,79.0,76.0,73.9,73.1,68.1,62.6,55.4,50.1,44.8,39.0,35.5,34.2,34.5,35.8,36.5,37.4,38.5,39.4,40.6,41.4,42.4,43.4,44.4,45.3
22:36:47.575,107.0,69.5,98.1,95.0,96.8,97.2,96.0,93.7,94.7,94.0,92.1,88.5,86.8,83.4,80.4,78.1,74.5,71.3,66.2,62.4,57.5,51.1,45.6,43.5,40.0,34.7,34.2,35.2,35.8,36.6,37.6,38.5,39.5,40.4,41.3,42.3,43.5,44.6,45.5
22:36:48.575,107.1,70.8,97.2,96.8,97.2,97.4,96.4,96.1,95.7,91.2,92.5,92.0,86.1,87.8,85.8,82.8,80.0,75.0,71.1,65.3,62.1,58.7,53.0,46.3,39.9,36.0,33.7,34.9,35.5,36.3,37.6,38.7,39.5,40.5,41.5,42.4,43.5,44.5,45.4
22:36:49.575,105.2,69.8,97.0,93.0,92.6,93.8,94.1,96.2,95.1,89.4,90.8,90.3,86.0,86.0,82.2,81.3,76.9,73.3,69.1,66.0,59.4,58.1,56.9,47.4,41.6,36.1,34.2,35.4,35.2,36.6,37.6,38.5,39.4,40.3,41.3,42.4,43.5,44.6,45.5
22:36:50.575,106.9,68.7,97.7,91.3,97.6,96.7,96.7,94.1,93.0,96.9,90.6,90.0,88.4,89.2,84.9,79.8,71.7,64.0,67.9,65.4,59.8,54.0,51.3,44.7,38.6,34.4,34.5,35.2,35.8,36.7,37.6,38.7,39.4,40.5,41.2,42.3,43.5,44.3,45.4
22:36:51.575,106.4,71.1,98.4,96.7,99.1,98.3,93.1,92.8,96.2,94.4,92.0,94.6,88.7,89.4,84.8,81.3,79.4,75.7,73.1,69.1,62.8,57.3,52.2,49.1,43.9,36.3,34.9,34.9,35.4,36.5,37.3,38.4,39.4,40.4,41.2,42.4,43.4,44.3,45.4
22:36:52.575,106.4,72.1,97.9,96.7,96.0,99.2,99.0,98.2,92.8,94.3,90.5,90.9,88.4,88.9,88.5,84.5,81.6,78.3,71.9,65.1,61.0,54.3,51.2,48.2,47.5,38.2,34.8,35.3,35.4,36.2,37.2,38.5,39.3,40.5,41.5,42.4,43.5,44.4,45.5
22:36:53.575,106.5,74.5,98.9,92.9,92.5,91.6,98.4,98.5,98.0,90.2,91.7,93.0,89.1,86.3,85.5,83.0,80.4,78.1,76.2,72.8,67.1,59.1,53.8,51.6,45.6,39.0,35.4,35.6,35.8,36.3,37.4,38.4,39.2,40.2,41.5,42.5,43.5,44.3,45.5
22:36:54.575,105.7,69.0,96.0,94.0,96.0,96.2,89.1,94.4,95.6,92.7,89.2,84.8,88.3,84.2,83.2,78.6,77.4,72.2,72.0,66.4,62.6,56.8,53.1,50.0,44.8,38.1,34.2,34.7,35.9,36.2,37.3,38.5,39.6,40.6,41.3,42.3,43.5,44.6,45.4
22:36:55.575,106.5,69.5,97.1,96.8,98.4,97.7,94.8,96.1,96.8,94.0,90.9,91.5,86.1,85.8,84.7,80.8,76.8,74.8,70.4,65.9,62.4,56.3,52.6,47.6,40.4,35.3,34.7,35.2,35.7,36.5,37.5,38.5,39.4,40.5,41.6,42.5,43.4,44.3,45.5
22:36:56.575,106.8,69.5,96.6,97.7,97.7,96.4,97.5,95.8,97.0,92.7,89.5,87.4,85.9,84.0,81.3,79.5,76.1,73.7,72.1,67.5,62.2,55.6,53.5,51.2,48.1,41.2,34.9,35.1,35.7,36.1,37.5,38.4,39.2,40.2,41.6,42.4,43.4,44.5,45.5
22:36:57.575,104.3,66.9,94.8,97.3,93.5,92.7,95.0,94.8,90.8,90.1,90.1,85.9,86.0,83.7,80.1,79.1,73.0,69.4,64.9,63.5,61.1,55.8,50.9,43.6,40.6,35.1,33.8,35.2,35.5,36.4,37.1,38.3,39.3,40.4,41.3,42.4,43.2,44.4,45.6
22:36:58.575,107.3,68.7,96.7,99.3,100.3,100.4,96.7,92.8,92.8,89.9,91.2,89.7,85.9,85.1,83.8,80.8,74.8,73.5,69.5,63.7,60.5,54.0,51.1,48.1,42.7,35.8,34.1,35.0,35.7,36.4,37.7,38.2,39.3,40.4,41.4,42.4,43.5,44.4,45.5
22:36:59.575,105.9,70.3,95.7,97.1,96.0,98.6,93.8,89.2,93.6,88.2,89.5,89.2,86.9,81.6,80.9,80.2,78.3,75.4,70.3,66.9,64.0,59.9,54.5,47.8,44.2,38.6,34.9,35.2,35.4,36.6,37.7,38.4,39.2,40.3,41.3,42.3,43.4,44.4,45.5
22:37:00.575,104.6,73.2,96.1,94.1,94.5,94.7,95.4,93.5,92.8,91.6,90.4,87.4,88.9,85.2,82.9,81.0,80.3,78.7,77.3,74.8,70.7,65.0,60.3,55.0,49.8,41.7,37.4,36.8,35.7,36.6,37.6,38.6,39.1,40.5,41.5,42.3,43.2,44.3,45.4
22:37:01.575,105.3,70.5,95.9,96.1,95.4,95.9,97.0,93.9,92.4,93.7,90.9,86.3,86.2,84.0,82.4,80.0,77.9,75.8,71.8,68.5,61.8,54.4,53.1,48.3,45.5,38.8,35.1,34.5,35.8,36.5,37.8,38.7,39.2,40.2,41.5,42.5,43.5,44.4,45.4
22:37:02.575,104.8,68.5,95.5,91.0,95.5,98.2,95.7,93.2,92.1,92.8,92.1,85.4,85.0,83.1,80.2,78.4,75.1,73.3,70.3,67.6,62.4,58.1,55.1,51.2,44.9,40.0,35.3,35.4,35.9,36.2,37.6,38.6,39.6,40.4,41.3,42.3,43.3,44.5,45.4
22:37:03.575,105.1,69.5,95.5,88.8,94.1,95.8,94.6,94.0,94.9,90.7,89.5,88.6,83.9,82.6,81.0,77.7,76.4,73.0,70.7,63.9,56.8,58.2,54.9,48.2,43.4,37.5,35.1,35.3,35.8,36.5,37.5,38.5,39.6,40.2,41.5,42.5,43.4,44.4,45.5
22:37:04.575,104.3,67.2,93.7,91.4,93.0,94.1,93.2,93.1,92.3,90.4,87.5,86.1,82.6,84.3,81.0,78.0,75.3,68.8,65.8,63.7,62.2,59.7,54.8,49.9,44.3,37.4,34.6,35.2,35.9,36.2,37.1,38.5,39.4,40.4,41.4,42.5,43.2,44.3,45.5
22:37:05.575,108.3,69.5,96.0,95.5,96.6,96.6,97.3,91.7,89.6,95.3,91.0,91.2,87.5,84.7,84.8,81.0,77.8,74.5,72.9,67.2,62.1,58.2,48.0,42.6,43.3,39.0,34.8,35.2,35.8,36.6,37.5,38.3,39.5,40.7,41.3,42.4,43.2,44.5,45.4
22:37:06.575,104.7,69.7,95.9,95.1,87.6,94.9,96.0,94.5,95.8,92.9,86.4,91.2,85.9,84.9,82.9,80.7,78.7,76.5,71.5,65.1,57.6,55.3,53.1,45.9,40.4,35.2,34.5,35.3,36.2,36.8,37.4,38.3,39.4,40.6,41.3,42.5,43.5,44.7,45.4
22:37:07.575,106.3,67.7,96.3,97.6,91.3,96.2,97.8,94.7,95.0,89.3,91.9,90.5,87.2,83.3,82.8,77.8,75.3,71.7,65.1,67.0,63.7,54.5,49.4,45.5,40.7,38.6,34.9,34.8,35.6,37.0,37.5,38.3,39.7,40.5,41.3,42.3,43.4,44.5,45.5
22:37:08.575,106.1,66.2,95.4,97.7,98.8,94.4,94.9,91.7,92.1,91.9,89.8,89.1,84.0,81.4,79.3,72.4,69.1,70.4,68.7,64.5,56.2,54.6,52.1,47.7,41.5,36.7,34.4,34.8,35.9,36.3,37.9,38.5,39.4,40.6,41.3,42.3,43.4,44.4,45.5
22:37:09.575,104.7,63.4,92.6,93.6,95.7,92.5,94.2,94.0,87.6,88.3,89.1,81.3,81.0,79.5,75.4,72.1,69.1,66.0,64.0,63.0,58.0,51.9,45.2,41.2,37.3,34.8,34.0,35.1,36.2,36.6,37.2,38.4,39.3,40.5,41.4,42.3,43.3,44.3,45.4
22:37:10.575,105.5,65.6,93.9,97.9,97.6,96.6,94.5,91.7,88.9,89.4,86.6,84.0,83.9,79.6,77.5,74.8,69.4,66.2,65.7,60.7,57.9,54.3,50.9,45.7,41.4,35.2,34.7,35.2,35.7,36.3,37.7,38.5,39.3,40.5,41.0,42.4,43.5,44.4,45.5
22:37:11.575,106.4,66.3,94.7,99.1,96.9,96.4,95.7,92.6,94.2,90.7,87.4,86.8,84.9,83.6,79.9,76.6,76.1,71.1,67.6,65.4,60.1,55.0,50.2,43.3,39.3,35.3,34.6,35.6,35.8,36.5,37.5,38.5,39.3,40.6,41.6,42.5,43.4,44.5,45.6
22:37:12.575,106.7,65.8,93.4,96.1,100.0,97.4,93.0,92.1,92.2,88.8,87.7,85.3,83.0,80.2,79.8,75.2,70.4,69.4,67.5,62.5,60.3,57.7,53.0,48.8,44.7,38.0,35.0,35.0,35.5,36.7,37.3,38.3,39.6,40.3,41.3,42.4,43.5,44.3,45.4
22:37:13.575,103.9,67.3,94.7,96.0,93.6,92.4,93.5,93.7,95.0,91.6,90.1,88.5,87.0,85.1,82.8,80.2,75.5,72.3,67.0,65.9,61.8,54.0,53.9,50.5,45.0,35.4,34.1,35.0,35.9,36.2,37.6,38.5,39.5,40.4,41.3,42.3,43.3,44.4,45.5
22:37:14.575,104.7,66.5,93.2,93.8,95.4,95.4,96.2,92.7,90.4,86.5,88.9,85.5,83.5,82.5,81.2,78.6,74.4,72.6,68.6,63.3,60.1,56.3,49.7,44.5,41.4,36.2,34.7,35.2,35.8,36.9,37.8,38.5,39.1,40.0,41.5,42.3,43.2,44.3,45.6
22:37:15.575,106.5,67.0,93.6,100.0,98.6,95.4,92.2,94.6,88.3,87.1,86.5,88.2,84.2,82.3,80.2,77.6,74.8,70.8,66.9,63.0,57.6,52.0,50.6,47.0,42.1,37.0,34.0,35.1,35.3,36.5,37.5,38.6,39.6,40.5,41.5,42.2,43.4,44.4,45.4
22:37:16.575,103.7,66.3,92.8,92.5,91.1,93.6,95.2,92.9,88.4,86.9,89.6,86.7,82.9,84.3,79.2,74.7,72.3,70.9,70.8,68.1,61.7,56.5,50.4,46.2,42.4,37.5,34.0,35.1,35.6,36.6,37.4,38.4,39.4,40.5,41.4,42.4,43.5,44.3,45.3
22:37:17.575,105.7,66.3,92.5,95.1,88.8,91.4,95.0,92.1,90.5,86.3,88.6,85.2,84.0,80.5,78.7,76.8,74.2,69.8,68.8,65.6,62.3,58.7,54.6,51.2,46.7,38.8,34.9,35.2,35.3,36.6,37.4,38.5,39.3,40.4,41.5,42.3,43.3,44.6,45.6
22:37:18.575,103.6,66.1,91.0,92.1,96.7,94.2,88.4,86.3,87.7,84.8,83.1,84.6,81.2,79.4,77.6,73.6,73.8,70.1,67.2,65.3,61.6,57.5,53.0,42.1,39.7,36.5,33.9,34.8,35.8,36.7,37.4,38.6,39.2,40.3,41.3,42.3,43.4,44.3,45.4
22:37:19.575,102.7,66.0,93.4,89.8,88.3,90.8,93.3,95.2,88.5,89.2,83.9,84.4,83.2,79.6,75.5,74.3,73.0,71.7,65.9,62.0,57.7,55.0,51.1,44.7,41.2,36.4,34.8,34.9,36.0,36.6,37.4,38.6,39.2,40.4,41.2,42.3,43.5,44.5,45.4
22:37:20.575,105.3,66.8,92.8,99.4,97.2,89.0,90.1,91.6,91.8,87.9,86.9,86.3,82.1,79.1,78.9,76.2,75.8,72.3,68.6,67.0,61.1,57.1,53.1,48.8,46.0,39.0,34.5,34.9,35.7,36.5,37.6,38.5,39.3,40.3,41.4,42.4,43.4,44.4,45.4
22:37:21.575,102.7,65.1,91.0,93.6,92.0,92.6,93.6,89.9,85.2,86.0,85.0,83.3,80.3,79.5,76.5,73.7,72.7,71.5,67.4,63.4,59.0,52.7,47.1,42.2,38.9,35.2,34.4,34.5,35.5,36.3,37.6,38.3,39.4,40.5,41.3,42.5,43.4,44.4,45.5
22:37:22.575,102.3,62.5,90.3,94.3,92.8,94.8,89.1,87.8,88.2,83.9,86.0,78.9,73.6,75.9,73.4,70.8,68.7,66.2,65.0,60.6,57.9,52.2,46.8,41.3,37.4,34.2,34.1,35.1,35.8,36.2,37.3,38.5,39.6,40.4,41.5,42.5,43.4,44.5,45.4
22:37:23.575,102.3,64.9,91.1,84.8,86.6,88.0,92.2,90.5,91.5,87.8,85.8,82.9,80.7,77.9,76.5,74.3,71.5,69.6,67.8,65.7,61.1,56.6,53.0,48.3,43.4,37.2,33.9,35.1,35.7,36.2,37.4,38.6,39.2,40.5,41.5,42.6,43.3,44.5,45.4
22:37:24.575,104.3,66.8,91.5,96.0,94.2,91.4,91.7,89.2,88.3,87.2,82.9,82.0,81.5,79.2,78.1,76.3,75.1,72.1,68.9,64.0,60.6,54.3,49.9,43.6,40.3,36.9,34.7,35.7,35.4,36.6,37.5,38.0,39.4,40.5,41.4,42.4,43.4,44.3,45.5
22:37:25.575,102.9,64.4,90.7,92.4,89.2,83.3,88.1,87.9,89.8,82.0,86.0,83.7,82.6,78.3,75.0,73.4,70.0,67.4,65.0,63.0,59.8,52.8,48.5,44.0,37.6,33.9,34.2,35.5,36.1,36.9,37.6,38.4,39.4,40.2,41.5,42.5,43.5,44.4,45.6
22:37:26.575,101.7,60.8,89.5,93.8,90.1,90.9,92.5,90.1,84.5,84.9,84.7,84.7,81.9,77.5,76.2,69.4,66.3,63.8,61.8,57.5,52.5,50.6,46.5,42.0,37.1,34.3,33.3,34.6,35.4,36.2,37.7,38.4,39.4,40.4,41.4,42.3,43.3,44.5,45.4
22:37:27.575,102.2,65.5,90.2,83.4,90.0,90.9,91.6,89.4,87.7,84.2,83.8,84.1,81.9,77.6,75.6,72.3,71.1,71.1,69.0,66.0,61.6,56.6,52.9,47.7,43.0,37.3,33.3,34.6,35.9,36.6,37.2,38.4,39.5,40.2,41.6,42.5,43.3,44.4,45.5
22:37:28.575,101.7,66.8,91.3,81.4,87.6,90.9,90.4,91.2,88.8,86.0,85.6,84.3,79.9,78.6,76.6,74.1,72.8,72.0,69.3,66.6,62.8,57.7,51.5,46.2,41.1,35.7,34.4,35.0,35.6,36.7,37.8,38.5,39.6,40.4,41.2,42.3,43.3,44.4,45.4
22:37:29.575,103.1,64.1,90.1,94.5,90.7,93.0,90.7,90.2,89.1,86.1,83.2,82.7,80.3,79.0,76.3,74.5,71.9,71.8,68.3,65.7,59.5,53.0,47.1,41.9,39.2,35.0,34.2,35.4,35.8,36.6,37.4,38.5,39.4,40.4,41.3,42.3,43.4,44.5,45.5
22:37:30.575,100.7,64.2,89.0,87.6,85.2,84.9,83.7,85.9,86.6,88.2,84.6,81.2,76.0,77.8,74.7,72.4,69.5,67.9,64.8,62.7,60.0,56.8,51.0,47.4,42.8,36.0,34.5,35.2,35.7,36.7,37.4,38.4,39.5,40.4,41.4,42.3,43.3,44.5,45.4
22:37:31.575,100.4,63.4,89.2,90.4,93.8,92.1,89.0,85.8,89.7,85.4,82.9,81.9,79.3,78.7,74.6,74.6,72.5,68.3,64.7,62.2,58.7,55.2,50.2,45.0,39.7,36.8,34.5,35.1,35.4,36.5,37.6,38.3,39.3,40.4,41.4,42.7,43.3,44.3,45.4
22:37:32.575,101.3,62.9,90.0,90.9,91.0,90.8,89.8,86.9,84.1,85.2,85.3,83.7,81.5,78.3,77.6,74.9,70.9,66.0,60.9,60.8,55.8,49.5,44.2,40.5,38.0,34.5,34.2,34.9,35.7,36.7,37.5,38.5,39.2,40.5,41.6,42.3,43.3,44.5,45.4
22:37:33.575,104.0,63.8,91.3,99.3,94.2,91.5,91.8,88.7,87.8,85.3,87.2,81.4,81.0,78.6,77.2,75.4,72.2,67.0,64.9,60.5,51.5,48.1,44.3,42.4,39.6,35.3,34.1,35.0,35.8,36.4,37.6,38.7,39.3,40.3,41.4,42.4,43.4,44.4,45.5
22:37:34.575,101.1,64.0,91.1,87.8,87.6,88.1,90.5,88.4,90.8,87.4,85.3,83.9,79.4,78.6,75.3,73.4,71.2,68.2,66.7,62.6,57.5,50.4,45.2,40.5,37.0,34.5,33.8,35.2,35.9,36.7,37.2,38.3,39.5,40.6,41.4,42.3,43.4,44.5,45.5
22:37:35.575,101.4,63.3,90.2,89.9,91.7,88.6,88.9,89.9,88.8,86.8,82.6,84.6,79.8,78.8,76.3,73.2,70.6,68.2,64.7,61.7,56.8,52.9,49.9,47.7,41.6,36.8,34.9,35.0,35.6,36.4,37.7,38.3,39.2,40.5,41.6,42.4,43.6,44.5,45.5
22:37:36.575,101.6,64.3,90.1,92.1,91.5,91.1,93.7,87.2,87.8,85.4,85.2,81.3,81.2,77.9,76.0,74.0,71.9,68.3,67.4,63.5,59.6,53.7,49.8,44.2,38.9,34.8,33.9,34.5,35.7,36.3,37.6,38.2,39.5,40.3,41.2,42.4,43.6,44.4,45.5
22:37:37.575,101.7,61.0,89.4,93.8,92.1,87.8,91.3,89.1,89.0,85.4,80.2,83.3,80.1,77.0,75.5,72.5,68.5,63.6,57.6,57.0,56.1,51.4,48.3,41.1,38.0,34.4,33.7,34.6,35.8,36.4,37.3,38.2,39.6,40.5,41.4,42.5,43.4,44.5,45.4
22:37:38.575,101.8,61.7,88.7,85.2,88.4,92.2,89.4,85.9,87.7,86.5,80.8,77.8,77.9,75.2,74.9,70.9,67.4,64.9,62.5,59.3,56.5,50.7,46.1,41.7,37.6,34.7,34.3,35.0,35.4,36.6,37.5,38.1,39.1,40.4,41.6,42.3,43.4,44.3,45.6
22:37:39.575,101.0,62.2,88.2,91.3,87.6,87.8,85.7,87.4,86.6,80.2,82.3,80.4,78.0,73.5,74.2,71.5,68.2,66.7,64.1,61.7,54.8,50.8,45.2,41.2,36.7,35.5,35.0,34.7,35.7,36.5,37.6,38.2,39.2,40.3,41.4,42.4,43.4,44.4,45.4
22:37:40.575,99.9,64.3,88.5,91.3,89.9,86.9,86.5,88.3,87.3,84.2,83.2,79.3,81.0,78.2,77.5,73.8,73.7,70.4,67.3,64.0,59.9,52.5,48.5,42.0,37.4,35.0,34.5,35.0,35.9,36.5,37.6,38.4,39.4,40.4,41.1,42.3,43.4,44.6,45.6
22:37:41.575,100.0,65.3,88.6,86.9,86.9,87.8,84.3,84.7,86.6,87.4,81.5,79.1,79.8,79.0,76.3,75.5,73.0,70.2,68.9,66.7,63.1,55.9,50.6,46.4,41.0,37.2,35.0,35.6,35.7,36.8,37.7,38.6,39.6,40.5,41.3,42.1,43.1,44.4,45.5
22:37:42.575,102.0,60.9,88.3,92.4,88.5,86.3,86.2,85.5,88.9,83.3,81.7,79.8,77.1,77.1,73.9,69.7,67.6,63.5,59.2,53.5,52.4,47.7,40.2,36.6,35.6,33.9,34.2,34.9,35.6,36.6,37.6,38.3,39.4,40.5,41.6,42.4,43.4,44.2,45.4
22:37:43.575,99.3,58.5,86.3,89.2,82.0,85.0,86.4,86.1,87.1,85.0,81.4,78.3,77.3,75.0,71.6,69.8,65.9,61.1,59.4,59.1,51.8,49.0,44.3,39.9,35.5,34.5,34.7,34.6,35.3,36.5,37.2,38.2,39.3,40.4,41.1,42.1,43.4,44.3,45.4
22:37:44.575,99.8,59.9,87.6,90.2,88.9,90.8,91.4,84.9,83.7,82.8,80.5,78.8,76.8,76.0,75.0,68.5,64.6,64.9,60.5,55.3,51.8,47.4,43.4,40.3,37.0,33.7,34.4,35.0,35.7,36.3,37.6,38.1,39.6,40.2,41.4,42.4,43.4,44.5,45.4
22:37:45.575,100.0,61.9,87.5,86.4,87.9,87.5,86.2,84.4,85.1,80.7,80.6,76.5,75.4,71.8,70.2,71.2,65.1,62.1,62.4,59.3,55.6,50.7,46.5,41.6,37.9,35.1,34.5,35.1,36.0,36.9,37.5,38.3,39.6,40.2,41.5,42.4,43.4,44.5,45.4
22:37:46.575,100.1,63.4,87.4,92.2,89.3,90.7,89.6,88.1,83.2,82.2,79.3,76.9,75.9,74.5,75.0,75.3,72.3,65.1,64.2,62.6,59.9,55.0,52.0,49.0,45.7,40.1,36.4,35.1,35.8,36.7,38.0,38.6,39.3,40.1,41.3,42.3,43.4,44.5,45.5
22:37:47.575,101.4,62.1,88.1,92.3,87.2,85.6,82.9,84.1,89.8,86.5,83.3,79.9,78.0,75.7,76.2,73.2,69.1,66.4,63.3,62.8,57.7,51.2,45.3,42.0,37.7,35.7,34.3,35.2,36.1,36.7,37.6,38.6,39.6,40.3,41.3,42.3,43.4,44.3,45.5
22:37:48.575,100.4,59.4,87.6,91.3,91.6,92.1,88.8,85.8,85.3,84.4,82.3,78.8,77.5,73.2,70.6,66.7,62.3,62.6,61.0,58.2,56.7,50.6,45.4,42.8,37.9,35.3,34.9,35.4,36.4,36.6,37.6,38.5,39.4,40.5,41.3,42.3,43.4,44.5,45.5
22:37:49.575,99.5,61.0,88.1,91.3,88.4,85.6,88.0,87.5,86.9,84.4,81.9,80.9,78.1,76.4,69.8,68.0,69.1,65.3,62.0,59.5,54.4,49.8,44.2,41.0,37.6,35.0,34.6,34.8,35.8,36.6,37.5,38.2,39.4,40.3,41.4,42.6,43.3,44.5,45.4
22:37:50.575,100.0,62.0,87.3,92.2,91.0,87.3,84.6,85.7,85.7,84.7,82.0,80.3,75.7,73.4,73.4,70.8,69.6,69.3,64.8,61.5,56.1,49.5,45.5,41.4,38.5,34.7,34.2,34.9,36.0,36.8,37.3,38.4,39.4,40.3,41.4,42.4,43.6,44.4,45.5
22:37:51.575,99.3,60.3,86.8,83.9,82.3,81.9,85.1,85.9,88.7,84.3,81.2,79.0,74.5,74.7,71.5,69.2,67.6,65.3,63.2,61.2,56.7,51.8,48.4,46.3,42.9,37.1,34.5,35.2,35.6,36.3,37.1,38.8,39.1,40.3,41.3,42.5,43.2,44.5,45.4
22:37:52.575,98.8,59.2,86.0,91.2,82.7,84.6,83.0,80.5,83.3,85.1,82.3,78.4,76.6,74.0,68.7,67.2,67.2,65.1,63.0,56.0,51.5,47.0,41.4,38.0,35.0,34.5,34.2,34.7,35.4,36.5,37.5,38.3,39.4,40.1,41.3,42.3,43.4,44.6,45.5
22:37:53.575,98.6,63.2,88.4,90.0,85.2,85.8,87.0,86.3,86.6,83.6,83.4,80.2,77.5,76.7,74.7,73.1,71.7,69.1,64.4,60.9,58.8,54.3,48.9,44.1,41.2,36.6,34.9,35.2,36.6,36.5,37.7,38.8,39.3,40.3,41.5,42.3,43.3,44.4,45.4
22:37:54.575,98.8,60.6,86.7,88.6,83.8,85.4,86.2,84.1,86.7,84.8,80.4,79.8,74.7,74.7,73.1,71.5,68.2,64.8,61.5,59.3,55.4,52.6,49.0,47.6,43.4,37.8,34.7,35.0,35.7,36.7,37.3,38.8,39.5,40.5,41.4,42.3,43.4,44.4,45.5
22:37:55.575,98.9,58.5,85.6,90.8,86.2,87.1,85.0,85.0,83.9,83.2,78.4,77.3,74.3,73.2,70.0,65.7,64.8,60.1,60.8,57.1,52.2,50.1,44.7,41.1,37.7,35.3,34.7,35.1,35.7,36.8,37.3,38.3,39.4,40.4,41.5,42.4,43.5,44.5,45.4
22:37:56.575,99.3,59.2,85.8,92.7,85.4,86.1,86.1,86.5,83.6,80.8,79.3,78.9,75.2,72.2,71.8,70.3,67.8,63.8,59.5,57.3,52.2,46.3,40.6,39.2,36.3,35.6,35.4,35.1,36.0,36.5,37.6,38.5,39.5,40.1,41.3,42.4,43.3,44.4,45.4
22:37:57.575,96.7,58.0,85.1,88.8,92.0,87.5,84.5,80.4,81.8,79.8,77.9,76.2,74.0,75.0,70.4,69.3,64.2,61.3,56.8,55.0,52.8,47.4,42.0,37.6,35.5,33.3,34.4,35.0,35.8,36.7,37.7,38.1,39.2,40.5,41.2,42.3,43.4,44.6,45.5
22:37:58.575,97.6,57.6,85.0,86.7,89.1,83.8,79.0,82.9,82.6,81.7,79.1,76.5,72.9,70.2,65.8,64.7,63.6,61.9,55.9,52.0,48.4,43.0,38.4,35.6,34.6,33.1,34.1,35.1,35.9,36.5,37.3,38.1,39.2,40.4,41.5,42.3,43.2,44.3,45.4
22:37:59.575,97.5,57.9,85.1,91.5,88.6,86.1,86.2,86.2,83.4,80.2,80.2,75.6,75.8,73.0,68.1,69.2,66.7,61.8,60.0,55.1,50.0,44.5,39.7,37.7,36.1,34.3,34.3,35.5,36.1,36.7,37.4,38.3,39.4,40.3,41.3,42.4,43.5,44.4,45.5
22:38:00.575,97.0,59.4,85.9,88.8,89.3,89.1,87.7,83.6,87.1,82.1,80.7,78.5,74.9,73.1,71.3,69.9,68.3,65.8,61.9,57.4,53.6,49.4,44.1,41.3,36.9,34.5,33.6,34.9,35.9,36.4,37.2,38.4,39.6,40.4,41.4,42.7,43.4,44.4,45.6
22:38:01.575,100.4,61.2,85.9,88.8,87.3,87.7,84.5,83.8,85.7,82.7,79.4,77.5,71.1,70.8,67.8,68.2,66.2,64.4,63.8,60.2,58.6,52.6,48.7,44.8,38.7,35.3,34.6,34.9,35.9,36.4,37.3,38.5,39.5,40.2,41.4,42.4,43.3,44.5,45.4
22:38:02.575,99.6,59.7,85.0,87.4,85.9,87.9,85.6,84.7,81.4,81.1,79.8,78.7,75.2,73.9,72.6,70.3,66.7,65.8,62.6,59.2,53.6,50.1,44.1,37.7,36.3,33.7,34.3,35.1,36.0,36.3,37.6,38.2,39.5,40.3,41.4,42.4,43.5,44.4,45.6
22:38:03.575,97.0,60.1,85.9,84.7,81.0,85.8,87.5,86.9,84.2,79.2,77.2,78.6,76.7,77.0,72.6,70.8,69.1,65.5,63.0,57.7,51.4,48.0,44.0,39.8,36.7,34.5,34.2,35.1,35.7,36.8,37.4,38.3,39.5,40.3,41.6,42.5,43.3,44.4,45.4
22:38:04.575,99.3,61.7,87.8,90.7,87.2,90.0,88.4,86.7,86.6,83.4,81.4,81.6,79.9,76.8,74.4,73.0,70.8,67.5,63.1,59.5,51.8,46.0,43.8,40.4,37.7,35.8,34.5,34.6,35.5,36.7,37.2,38.3,39.4,40.4,41.2,42.2,43.5,44.5,45.3
22:38:05.575,99.0,58.3,85.7,91.3,89.0,90.0,88.3,86.4,82.9,80.7,79.6,76.9,75.4,73.5,69.8,67.4,65.2,59.9,56.9,54.1,48.3,43.8,43.7,39.4,36.5,34.5,34.5,35.2,35.4,36.2,37.5,38.6,39.3,40.2,41.4,42.5,43.4,44.4,45.5
22:38:06.575,98.4,63.4,86.9,90.0,88.8,87.4,84.0,85.1,83.0,83.7,76.0,77.7,75.3,75.7,73.8,72.9,68.8,67.9,66.5,60.5,54.6,48.4,44.1,44.0,40.5,36.4,34.6,35.5,35.5,36.6,37.5,38.3,39.4,40.4,41.5,42.4,43.4,44.5,45.3
22:38:07.575,96.9,60.7,83.9,86.6,84.3,82.3,81.5,79.7,84.0,79.6,76.2,75.1,73.5,73.8,72.0,70.1,69.8,66.4,62.5,60.1,56.5,51.8,44.7,39.6,38.9,35.5,35.2,35.3,35.8,36.6,37.2,38.5,39.3,40.5,41.4,42.5,43.2,44.5,45.4
22:38:08.575,97.8,58.0,84.2,88.7,84.9,85.7,82.9,79.5,74.7,79.3,79.4,80.1,71.9,70.1,68.6,66.3,63.2,60.4,59.2,57.3,53.0,49.2,45.1,40.5,37.0,34.8,34.6,34.9,35.8,36.6,37.5,38.5,39.7,40.5,41.5,42.5,43.4,44.5,45.4
22:38:09.575,97.8,58.8,84.9,84.1,90.0,91.6,87.5,82.5,80.9,78.0,81.9,78.8,75.9,74.4,72.7,69.1,67.2,62.5,62.4,59.1,53.2,48.1,42.9,39.9,37.0,34.8,35.0,35.2,36.0,36.6,37.5,38.4,39.5,40.3,41.5,42.2,43.3,44.5,45.5
22:38:10.575,96.1,60.3,86.2,84.6,87.1,86.4,82.5,85.2,82.9,80.7,80.8,78.5,76.9,75.5,73.3,70.2,67.0,62.4,60.2,58.6,55.3,49.4,43.2,40.7,37.0,35.4,34.8,35.1,35.8,36.8,37.4,38.6,39.6,40.3,41.5,42.3,43.4,44.3,45.5
22:38:11.575,96.7,57.5,84.6,89.7,87.9,85.0,84.3,84.2,81.3,76.6,81.1,80.6,76.3,72.4,71.5,67.9,63.5,60.4,57.3,52.7,50.1,45.6,41.9,39.1,36.9,34.7,34.7,35.4,36.2,36.6,37.3,38.3,39.4,40.2,41.3,42.4,43.3,44.4,45.5
22:38:12.575,100.2,58.3,84.9,87.1,85.6,83.9,87.1,84.6,82.7,80.6,75.5,75.3,72.7,74.1,72.6,69.4,64.0,63.4,59.8,57.2,52.6,48.0,40.5,39.1,36.7,34.6,34.2,34.9,36.1,36.9,37.7,38.3,39.5,40.7,41.3,42.4,43.5,44.4,45.3
22:38:13.575,96.3,58.9,84.7,86.8,88.1,85.1,81.7,80.8,82.8,83.5,79.0,74.9,75.2,73.0,72.7,68.6,65.7,63.5,60.8,58.4,53.6,48.7,44.1,41.3,37.2,34.5,34.9,35.8,36.1,36.7,37.8,38.5,39.4,40.1,41.5,42.3,43.4,44.3,45.6
22:38:14.575,94.7,59.2,83.3,85.7,84.9,81.1,82.7,82.0,79.4,78.7,78.3,76.9,74.2,73.2,71.2,69.7,67.2,63.9,60.9,57.6,51.6,46.0,41.3,39.8,36.5,33.9,34.7,35.0,35.9,37.2,37.7,38.4,39.5,40.3,41.4,42.3,43.3,44.3,45.5
22:38:15.575,99.1,60.3,85.4,86.5,86.8,86.0,83.1,81.9,80.2,81.3,79.6,80.4,73.5,73.9,72.1,70.9,66.2,63.8,62.0,58.2,53.6,49.0,43.8,41.3,36.7,34.8,34.9,35.1,35.6,36.6,37.2,38.5,39.4,40.4,41.5,42.4,43.3,44.5,45.5
22:38:16.575,96.1,60.0,85.3,86.8,88.6,84.1,84.5,83.7,83.8,81.9,77.0,77.4,75.9,74.4,74.2,71.4,67.4,63.7,60.6,58.0,52.3,48.6,43.2,39.9,37.6,35.6,34.6,35.3,36.1,36.4,37.6,38.7,39.2,40.3,41.3,42.4,43.5,44.5,45.4
22:38:17.575,99.8,61.5,85.6,88.8,89.0,85.9,87.2,81.4,81.3,80.8,77.2,76.6,75.6,73.9,71.8,68.0,67.5,65.4,61.6,59.2,56.0,52.0,47.9,43.1,38.0,34.5,34.3,35.4,35.7,36.6,37.5,38.7,39.4,40.3,41.3,42.4,43.4,44.4,45.5
22:38:18.575,97.9,59.5,84.9,82.9,87.2,88.6,85.2,84.0,84.4,80.2,80.9,77.4,75.7,75.2,73.1,72.0,67.4,63.7,62.1,58.0,53.6,47.9,43.5,40.8,36.5,34.6,34.9,35.4,35.8,36.6,37.6,38.2,39.1,40.5,41.4,42.4,43.5,44.4,45.4
22:38:19.575,96.8,58.6,83.8,89.5,88.8,85.3,87.5,81.9,82.0,82.6,76.7,72.7,70.9,70.3,69.5,67.6,66.5,64.4,60.8,56.8,50.6,45.6,41.0,38.3,35.5,34.5,34.7,34.8,36.1,36.8,37.3,38.4,39.2,40.6,41.4,42.4,43.3,44.5,45.5
22:38:20.575,100.0,59.0,84.6,89.5,85.2,83.8,86.4,86.7,84.5,81.2,78.1,77.7,74.6,73.1,72.4,70.4,67.2,66.4,62.3,58.2,53.6,49.5,47.0,45.9,39.8,36.5,35.0,35.2,35.8,36.7,37.4,38.2,39.3,40.4,41.5,42.3,43.4,44.4,45.4
22:38:21.575,98.4,55.1,82.6,90.1,85.0,83.2,83.4,83.3,80.5,80.1,75.9,76.5,74.3,71.6,68.4,65.4,60.3,55.9,51.8,49.9,46.7,43.8,39.6,37.3,35.6,34.2,34.7,35.5,35.8,37.0,37.8,38.4,39.3,40.3,41.1,42.1,43.4,44.3,45.6
22:38:22.575,98.2,54.5,82.9,84.7,85.1,84.4,83.7,81.4,83.2,76.5,76.3,73.5,72.3,70.2,67.8,63.6,57.4,56.1,55.0,49.9,45.3,42.2,38.0,36.2,35.3,34.5,34.2,35.2,35.5,36.5,37.4,38.0,39.2,40.0,41.4,42.3,43.4,44.2,45.4
22:38:23.575,96.0,57.3,84.4,87.2,84.4,86.9,84.4,82.9,81.0,80.3,75.8,74.5,72.4,70.9,68.0,66.6,62.1,60.7,58.4,53.3,50.0,46.1,42.0,37.3,36.1,35.1,34.8,34.8,36.0,36.6,37.5,38.2,39.4,40.4,41.0,42.3,43.4,44.4,45.5
22:38:24.575,96.8,56.6,82.3,86.3,88.0,88.5,82.7,82.2,78.0,78.8,74.2,74.1,71.3,70.0,69.1,65.9,64.3,63.0,59.5,53.5,49.5,44.3,40.3,36.9,35.6,33.8,33.7,34.5,35.8,36.7,37.5,38.2,39.4,40.2,41.5,42.4,43.5,44.6,45.5
22:38:25.575,98.0,60.3,84.6,87.5,89.8,87.3,80.6,82.8,81.5,80.7,76.8,77.2,74.2,73.1,71.1,70.8,68.2,65.4,61.8,60.8,55.5,50.6,47.3,41.4,37.4,34.8,34.1,35.2,35.8,36.5,37.7,38.2,39.5,40.3,41.2,42.3,43.3,44.5,45.4
22:38:26.575,97.2,60.5,84.8,88.9,88.4,85.8,86.7,81.7,82.6,81.7,81.0,79.4,77.9,76.0,74.1,72.7,68.6,65.6,62.9,61.5,59.8,54.9,49.2,46.9,40.8,36.3,34.8,34.9,35.1,36.2,37.7,38.5,39.6,40.5,41.5,42.4,43.5,44.4,45.5
22:38:27.575,95.7,57.1,83.0,83.6,76.8,81.9,82.3,81.9,80.7,78.5,79.5,74.7,72.4,73.2,70.2,66.3,66.0,61.5,56.2,51.1,48.4,44.9,38.7,35.5,35.7,33.6,33.7,35.0,36.2,36.3,37.8,38.4,39.5,40.5,41.5,42.3,43.3,44.5,45.5
22:38:28.575,97.2,59.7,84.2,87.4,81.3,85.1,83.4,85.3,81.5,80.6,79.8,78.9,74.8,73.0,71.8,69.5,69.5,67.1,63.2,57.8,51.5,48.0,43.4,39.0,37.1,34.7,34.6,35.3,35.7,36.5,37.6,38.3,39.4,40.3,41.3,42.3,43.3,44.5,45.5
22:38:29.575,94.8,58.8,82.9,81.4,84.2,84.8,81.6,81.4,80.3,77.4,75.3,75.2,71.1,71.3,69.7,65.7,64.8,64.1,60.2,58.4,55.0,51.6,47.8,44.2,39.3,35.3,34.6,34.6,35.7,36.9,37.4,38.4,39.5,40.6,41.4,42.5,43.4,44.4,45.4
22:38:30.575,95.1,60.4,83.9,84.4,84.5,83.1,82.3,82.8,81.0,78.5,76.0,74.5,71.6,73.4,69.4,66.6,65.1,63.3,62.1,60.4,56.3,52.0,47.9,42.7,36.8,34.1,34.2,34.7,35.4,36.5,37.4,38.8,39.5,40.4,41.5,42.3,43.4,44.5,45.3
22:38:31.575,95.9,59.4,84.2,84.5,84.3,88.5,84.2,79.1,83.4,80.7,80.3,75.8,72.1,72.5,69.9,69.5,66.7,65.3,61.9,58.1,52.4,47.8,42.0,38.3,36.3,34.0,34.5,35.5,35.7,36.3,37.6,38.6,39.5,40.3,41.4,42.4,43.5,44.2,45.4
22:38:32.575,96.3,57.3,83.2,87.7,87.6,83.1,84.0,84.2,82.1,78.6,77.9,74.7,72.8,69.8,69.3,69.1,66.9,61.1,58.6,56.7,49.8,47.5,43.3,39.2,36.0,34.1,33.8,34.8,36.0,36.4,37.5,38.5,39.6,40.5,41.4,42.5,43.3,44.3,45.4
22:38:33.575,96.2,61.3,85.0,80.5,85.6,86.0,83.8,82.2,78.9,74.3,76.7,73.9,75.3,71.4,70.4,68.0,64.6,63.7,60.6,58.2,52.5,47.4,41.7,37.3,35.8,34.5,34.2,34.5,35.3,36.4,37.7,38.5,39.5,40.4,41.5,42.3,43.5,44.5,45.3
22:38:34.575,96.6,60.8,84.0,87.5,87.4,84.0,82.1,79.6,82.2,76.2,80.2,78.8,75.0,73.4,72.1,69.4,67.0,66.1,65.0,63.1,59.7,55.8,50.1,45.7,39.8,35.2,34.5,35.2,35.8,36.5,37.6,38.2,39.4,40.5,41.5,42.3,43.2,44.4,45.5
22:38:35.575,95.7,57.9,82.9,83.1,85.9,86.2,83.3,80.0,78.9,79.7,75.0,76.5,73.8,68.5,66.2,64.4,63.5,61.7,59.8,57.5,53.8,47.4,40.3,36.5,35.0,34.2,34.6,34.5,35.9,36.7,37.8,38.1,39.1,40.4,41.4,42.4,43.4,44.4,45.5
22:38:36.575,96.3,57.5,83.8,84.6,82.6,83.9,83.3,79.6,82.7,79.8,78.9,76.5,75.8,70.1,67.3,64.9,63.3,63.4,59.1,55.3,51.5,48.2,42.2,39.6,36.9,34.3,34.3,35.5,35.9,36.5,37.4,38.6,39.5,40.3,41.4,42.3,43.4,44.4,45.5
22:38:37.575,97.9,58.0,84.6,88.7,89.0,89.8,82.6,84.6,85.0,81.2,80.1,79.4,76.6,72.4,70.7,69.0,65.7,64.9,60.7,56.4,53.7,46.4,44.0,39.7,37.0,35.2,34.2,35.3,36.1,36.2,37.3,38.3,39.4,40.2,41.4,42.4,43.4,44.5,45.5
22:38:38.575,98.4,57.6,83.4,87.1,82.6,81.3,80.2,79.3,78.1,74.4,74.1,73.7,71.9,69.0,67.2,65.1,64.3,60.7,57.7,49.8,46.8,45.7,40.0,36.6,34.8,33.9,34.3,35.4,35.7,36.7,37.2,38.5,39.4,40.3,41.2,42.5,43.4,44.3,45.3
22:38:39.575,96.2,57.5,82.8,86.6,87.1,87.7,80.2,80.7,80.1,77.9,76.5,76.6,74.6,69.7,67.6,65.2,62.6,60.5,58.1,56.4,53.8,48.0,43.4,40.4,37.6,34.1,34.0,35.0,35.4,36.5,37.5,38.4,39.3,40.3,41.3,42.4,43.3,44.5,45.4
22:38:40.575,96.9,56.1,82.0,86.3,80.8,83.6,83.5,81.3,80.9,75.0,73.8,71.6,70.8,71.2,67.7,63.1,63.5,57.5,56.4,55.2,52.7,45.8,39.9,36.5,36.2,34.3,33.9,35.1,35.7,36.5,37.7,38.3,39.5,40.6,41.6,42.3,43.2,44.5,45.5
22:38:41.575,95.1,56.0,82.7,85.0,85.4,88.1,84.2,82.8,79.7,77.7,79.1,73.9,73.8,73.0,69.5,66.7,63.5,55.6,54.1,52.1,48.6,43.0,38.3,36.2,35.9,34.1,33.9,34.4,35.6,36.6,37.0,38.2,39.5,40.3,41.2,42.5,43.3,44.4,45.4
22:38:42.575,94.6,54.8,81.5,80.8,77.0,82.1,79.9,81.7,78.9,77.9,75.9,71.4,71.7,70.8,67.7,64.1,59.7,54.4,51.6,48.3,49.4,43.6,40.1,36.6,34.7,34.5,33.8,35.1,35.4,36.8,37.9,38.5,39.3,40.3,41.0,42.3,43.4,44.4,45.4
22:38:43.575,94.2,54.8,80.4,84.2,84.9,84.3,80.5,79.0,75.7,78.3,76.3,69.9,69.1,66.8,66.2,64.1,62.3,58.4,56.2,51.3,46.2,43.8,39.8,36.8,34.8,34.0,34.1,35.1,35.2,36.5,37.6,38.2,39.3,40.4,41.7,42.4,43.5,44.4,45.6
22:38:44.575,94.4,55.6,80.4,84.9,79.3,75.1,80.8,82.4,76.0,70.6,73.3,72.9,70.4,68.9,67.1,63.9,62.1,58.5,55.5,52.8,48.0,45.3,42.8,38.6,35.9,33.9,33.7,35.4,35.9,36.7,37.4,38.2,39.5,40.4,41.4,42.5,43.4,44.5,45.5
22:38:45.575,94.5,55.8,81.1,86.9,83.6,83.8,84.2,79.8,75.7,77.5,73.8,72.8,71.3,71.0,69.3,66.2,62.0,59.3,55.1,52.2,48.9,46.2,41.7,37.5,35.7,33.7,34.6,35.0,35.6,36.8,37.6,38.5,39.2,40.5,41.4,42.5,43.4,44.3,45.5
22:38:46.575,96.5,54.9,80.9,84.0,83.4,86.1,82.7,80.4,71.3,76.5,73.2,73.6,70.8,70.2,67.4,65.6,61.7,57.4,51.1,47.1,43.1,40.6,37.6,34.5,36.0,34.2,33.9,35.3,36.3,36.7,37.8,38.6,39.6,40.5,41.3,42.4,43.4,44.4,45.4
22:38:47.575,92.0,53.5,78.7,79.2,78.1,81.8,79.8,76.1,74.2,75.5,72.8,72.9,67.9,67.1,67.0,64.9,60.5,56.7,52.7,46.0,42.1,40.1,36.8,34.5,35.5,34.4,34.6,34.9,35.5,36.7,37.2,38.2,39.6,40.6,41.4,42.3,43.4,44.4,45.5
22:38:48.575,95.5,56.9,83.2,87.4,87.8,85.5,84.2,82.6,82.8,79.7,77.0,76.4,74.1,72.1,70.9,68.1,65.5,63.0,57.2,52.6,48.0,43.5,39.1,36.3,35.9,34.6,34.3,35.0,35.4,36.3,37.2,38.4,39.2,40.4,41.5,42.3,43.5,44.4,45.6
22:38:49.575,97.2,58.6,84.0,81.5,83.9,83.6,81.2,80.8,78.3,78.8,76.4,74.8,71.7,69.2,67.6,66.8,63.1,57.9,57.5,57.2,55.0,49.3,44.5,39.8,34.9,34.0,34.0,35.0,35.4,36.6,37.6,38.2,39.5,40.4,41.6,42.5,43.3,44.5,45.5
22:38:50.575,98.9,58.1,84.4,87.7,83.8,87.1,84.4,82.3,81.7,78.1,78.3,77.6,74.1,68.4,67.9,67.0,64.5,61.2,58.4,54.4,50.7,48.6,44.0,39.3,36.1,34.3,33.9,34.3,35.7,36.5,37.3,37.9,39.6,40.2,41.3,42.5,43.5,44.4,45.5
22:38:51.575,97.2,56.8,81.6,86.0,85.9,79.9,76.8,80.6,81.4,79.6,76.4,78.7,74.1,70.7,69.6,68.4,64.2,62.2,61.0,57.3,53.9,49.5,42.2,38.3,36.3,34.2,34.3,34.9,35.6,36.7,37.4,38.3,39.7,40.3,41.3,42.5,43.4,44.5,45.5
22:38:52.575,96.5,57.2,81.7,84.6,78.3,79.6,81.1,79.3,76.5,76.6,76.5,75.6,70.9,67.0,66.5,62.7,62.3,59.4,58.3,56.5,52.3,48.5,42.8,38.8,35.8,35.0,34.3,34.8,35.8,36.3,37.3,38.6,39.4,40.2,41.1,42.3,43.3,44.4,45.4
22:38:53.575,92.2,57.3,81.7,85.1,84.3,80.1,78.6,81.8,74.5,77.1,77.9,75.0,71.0,69.5,65.6,65.6,64.8,61.3,57.9,54.3,51.6,49.0,43.2,41.3,37.5,34.9,34.1,34.9,35.9,36.5,37.4,38.2,39.4,40.4,41.5,42.5,43.5,44.4,45.5
22:38:54.575,93.7,54.7,79.8,86.6,80.8,75.7,72.1,73.8,76.9,78.9,75.2,69.9,72.3,65.2,65.2,65.2,62.7,58.9,53.2,49.2,45.6,42.9,38.7,34.7,35.3,33.9,34.4,35.5,35.4,36.5,37.4,38.6,39.6,40.6,41.4,42.3,43.4,44.5,45.3
22:38:55.575,94.4,53.1,80.0,82.7,82.5,81.2,78.6,77.4,76.7,75.1,73.9,71.2,68.5,67.2,62.4,62.4,57.4,51.8,50.3,48.2,42.4,39.4,35.3,33.9,34.5,33.8,34.1,34.9,36.0,36.4,37.3,38.4,39.3,40.4,41.4,42.4,43.4,44.5,45.5
22:38:56.575,95.3,53.6,80.9,82.9,85.1,87.0,85.4,79.9,75.6,78.7,72.7,72.1,69.8,69.3,66.7,61.9,60.1,53.9,54.3,50.1,43.5,39.6,37.0,35.1,35.1,33.6,34.4,35.4,35.7,36.4,37.5,38.6,39.5,40.6,41.3,42.3,43.3,44.5,45.5
22:38:57.575,95.9,54.1,80.6,78.9,81.6,82.5,79.1,79.1,74.9,77.6,70.9,71.0,69.0,66.4,63.2,61.9,59.3,56.3,50.7,47.5,42.9,40.7,37.9,34.9,34.6,33.4,34.4,35.2,35.6,36.5,37.4,38.5,39.5,40.4,41.2,42.3,43.4,44.3,45.5
22:38:58.575,94.1,55.0,80.3,83.4,82.7,83.0,79.4,82.8,77.2,74.4,75.8,72.1,71.9,68.5,66.3,63.9,62.0,58.9,55.9,50.7,46.8,43.1,40.9,39.3,38.2,34.3,34.7,35.1,35.7,36.6,37.5,38.4,39.5,40.4,41.4,42.4,43.3,44.3,45.5
22:38:59.575,96.0,55.5,81.5,89.9,85.8,84.0,85.2,80.8,79.9,76.0,74.8,74.1,71.1,70.4,69.5,64.0,60.9,59.6,56.4,52.8,46.1,43.6,40.2,40.0,37.1,35.0,34.1,35.0,35.4,36.6,37.5,38.5,39.5,40.5,41.4,42.4,43.4,44.5,45.4
22:39:00.575,94.0,53.8,80.0,85.2,81.2,84.1,82.9,83.4,78.6,75.7,74.1,71.0,69.3,66.7,67.7,66.1,60.8,55.5,53.0,48.5,44.5,40.0,38.4,35.6,35.9,34.0,34.5,34.9,35.9,36.3,37.4,38.5,39.6,40.4,41.5,42.5,43.4,44.4,45.4
22:39:01.575,95.5,57.2,83.0,85.6,86.8,84.0,83.6,81.6,80.8,76.6,76.7,73.9,73.4,69.9,70.6,68.3,64.1,60.5,60.0,52.6,45.9,42.9,40.6,36.1,35.2,33.9,34.3,35.1,35.8,36.2,37.3,38.5,39.4,40.3,41.2,42.5,43.4,44.4,45.3
22:39:02.575,95.1,58.3,82.7,79.0,82.3,84.0,84.5,79.4,77.0,77.7,75.0,74.8,71.6,69.5,70.3,68.1,64.3,61.7,58.9,56.6,52.8,48.7,43.2,38.9,36.7,35.4,34.2,35.2,35.6,36.8,37.7,38.3,39.8,40.6,41.3,42.4,43.5,44.5,45.5
22:39:03.575,93.9,55.9,79.6,79.4,79.5,74.0,78.3,78.7,72.1,76.0,73.6,72.9,71.4,66.8,66.5,65.2,62.0,59.5,55.8,53.6,51.8,47.6,40.9,38.4,35.9,34.8,34.5,34.9,35.8,36.8,37.4,38.0,39.6,40.6,41.4,42.4,43.6,44.5,45.4
22:39:04.575,94.7,55.8,81.4,85.5,80.3,84.5,80.7,81.8,77.8,76.7,78.7,73.9,71.4,69.9,67.4,63.6,63.1,59.8,57.6,54.5,52.3,46.5,40.3,37.1,36.6,34.8,34.7,35.3,36.0,36.9,37.8,38.5,39.3,40.5,41.4,42.3,43.3,44.5,45.5
22:39:05.575,91.7,53.9,79.6,78.6,77.8,79.3,78.8,80.8,75.5,75.5,71.0,73.3,68.6,66.7,62.6,60.0,57.8,56.2,53.3,49.9,44.3,38.4,35.7,35.1,35.3,34.0,34.4,34.6,35.5,36.4,37.7,38.3,39.6,40.5,41.3,42.5,43.4,44.3,45.4
22:39:06.575,95.6,55.4,81.0,86.9,86.2,79.2,81.5,79.3,80.4,78.3,75.2,75.6,72.2,69.9,67.1,64.0,61.2,58.7,57.4,55.5,50.2,45.2,40.8,34.4,34.8,34.2,34.4,35.2,36.1,36.6,37.3,38.6,39.4,40.4,41.4,42.3,43.4,44.3,45.5
22:39:07.575,92.6,54.4,80.3,79.6,76.7,78.2,78.1,79.3,74.1,71.9,72.4,67.2,68.4,67.7,64.6,60.7,57.8,54.3,50.5,46.4,44.0,39.7,36.1,34.8,34.8,33.5,33.9,34.3,35.6,36.8,37.5,38.5,39.4,40.4,41.4,42.4,43.5,44.4,45.3
22:39:08.575,94.1,53.0,78.9,81.9,81.5,77.8,75.6,79.4,78.0,74.0,72.4,70.0,67.0,67.4,65.3,61.4,55.6,54.8,49.1,46.6,43.6,39.8,35.0,33.6,34.7,34.1,34.1,35.2,35.7,36.2,37.4,38.5,39.5,40.2,41.4,42.1,43.4,44.4,45.5
22:39:09.575,93.5,52.8,78.5,76.1,79.3,79.2,75.9,75.7,75.1,72.1,72.1,70.9,68.2,62.4,62.7,58.4,54.8,51.7,48.9,46.0,41.2,39.4,35.7,34.6,35.2,35.1,35.1,35.2,35.9,36.7,37.6,38.3,39.2,40.2,41.4,42.6,43.4,44.3,45.5
22:39:10.575,94.9,53.8,80.0,83.4,84.1,82.3,83.6,77.5,79.5,76.7,76.2,73.6,71.6,65.5,64.9,63.8,60.5,57.4,54.9,50.2,45.8,43.3,36.9,35.6,35.4,34.4,34.1,35.7,35.7,36.2,37.5,38.0,39.4,40.5,41.3,42.3,43.3,44.5,45.5
22:39:11.575,94.5,55.3,80.7,85.7,82.8,84.2,80.6,80.5,76.0,76.6,75.1,73.5,70.5,65.9,63.7,63.4,61.2,58.2,54.2,55.3,51.6,48.1,43.6,38.8,35.8,34.7,34.5,35.8,36.2,36.8,37.8,38.4,39.5,40.3,41.5,42.3,43.4,44.5,45.4
22:39:12.575,90.4,52.0,76.7,82.8,79.5,78.8,79.0,74.3,76.3,72.1,72.6,66.6,66.6,62.0,58.5,56.8,54.3,51.6,50.4,46.8,43.6,40.9,36.4,35.5,35.6,33.6,34.5,35.4,36.2,36.7,37.3,38.5,39.6,40.3,41.2,42.4,43.5,44.4,45.5
22:39:13.575,93.5,52.1,77.1,78.0,78.1,78.0,73.9,70.6,72.9,73.3,71.0,67.8,67.2,61.3,60.5,59.0,54.5,49.8,47.2,45.0,41.6,38.5,37.1,34.5,35.6,34.4,34.9,35.4,35.8,36.4,37.6,38.5,39.5,40.4,41.2,42.4,43.3,44.4,45.5
22:39:14.575,91.9,51.8,77.4,82.8,83.5,79.2,77.8,73.3,71.9,73.9,72.2,69.1,67.7,64.0,62.0,59.9,55.8,49.8,47.7,44.5,41.2,37.5,35.0,34.3,35.2,34.0,34.3,34.9,35.7,36.5,37.5,38.7,39.4,40.4,41.5,42.4,43.4,44.6,45.7
22:39:15.575,90.9,51.4,77.5,79.9,81.4,81.0,79.7,73.5,75.3,74.6,72.9,70.2,67.5,64.6,61.9,59.3,55.5,49.8,49.8,43.6,39.6,38.0,36.9,34.5,34.5,34.4,34.4,35.4,35.7,36.8,37.3,38.5,39.5,40.6,41.3,42.4,43.4,44.4,45.4
22:39:16.575,93.6,52.0,77.6,84.9,83.2,80.3,77.8,75.0,76.3,74.6,74.2,70.4,67.6,65.6,62.8,61.2,56.7,50.6,49.0,48.5,45.4,41.4,36.9,34.3,35.2,34.3,34.1,35.3,36.4,36.6,37.7,38.8,39.5,40.6,41.3,42.4,43.4,44.3,45.6
22:39:17.575,90.2,51.9,77.2,81.2,79.3,79.9,78.4,78.4,74.8,72.8,71.9,69.0,67.7,63.6,61.8,60.3,56.3,50.6,48.2,46.9,43.5,39.4,37.3,34.7,35.1,34.1,34.5,34.7,36.0,36.8,37.3,38.1,39.2,40.3,41.3,42.5,43.5,44.5,45.6
22:39:18.575,91.0,52.9,77.7,80.1,80.1,76.0,73.9,71.8,75.5,73.0,72.7,66.9,66.1,62.5,62.7,59.8,56.0,54.3,53.1,47.4,46.9,42.8,37.7,34.9,34.9,34.3,34.3,35.1,35.8,36.4,37.4,38.7,39.4,40.5,41.4,42.4,43.3,44.4,45.5
22:39:19.575,89.6,51.8,76.5,78.5,80.9,82.1,78.2,74.8,77.1,72.9,69.1,67.0,64.4,61.6,61.6,59.1,55.8,55.1,53.5,49.9,46.7,42.7,36.8,34.4,34.5,33.5,33.6,35.0,36.1,36.6,37.5,38.3,39.2,40.2,41.4,42.4,43.4,44.4,45.4
22:39:20.575,90.6,51.6,75.6,83.0,84.4,76.8,74.1,76.6,74.6,71.3,69.4,68.0,64.0,62.4,58.4,58.0,55.4,54.8,51.0,47.6,44.8,39.9,36.3,34.9,34.2,33.4,33.9,35.1,35.4,35.9,37.3,38.3,39.5,40.3,41.4,42.5,43.4,44.4,45.4
22:39:21.575,92.5,51.8,77.5,84.1,81.3,79.5,79.2,78.1,75.8,73.3,73.8,69.9,68.0,62.8,60.7,56.2,55.2,54.6,51.1,49.1,46.0,43.5,38.2,36.0,34.9,34.1,34.5,35.0,35.6,36.8,37.5,38.4,39.3,40.5,41.2,42.2,43.4,44.5,45.5
22:39:22.575,93.8,50.7,75.7,78.0,81.0,81.8,79.1,77.9,76.0,72.6,72.0,69.2,66.3,61.9,59.7,56.1,52.2,48.7,46.4,46.0,43.3,41.4,36.9,35.0,35.2,34.0,34.4,35.1,36.0,36.6,37.4,38.4,39.3,40.2,41.3,42.5,43.5,44.4,45.4
22:39:23.575,89.4,50.9,75.5,80.7,78.8,77.9,78.0,71.6,73.9,71.9,70.8,66.3,64.8,62.6,61.4,56.3,53.9,50.2,46.4,42.3,38.3,35.5,34.4,34.2,34.7,33.5,34.4,34.8,35.4,36.5,37.3,37.9,39.2,40.3,41.3,42.4,43.5,44.5,45.4
22:39:24.575,93.0,52.2,78.3,84.4,81.7,78.2,80.8,76.3,74.8,73.0,70.1,66.0,64.7,64.8,62.8,58.6,55.1,51.6,46.9,41.4,37.9,35.7,35.1,34.8,35.4,33.6,34.1,35.0,35.5,36.4,37.5,38.3,39.8,40.4,41.2,42.3,43.4,44.6,45.5
22:39:25.575,89.8,51.1,74.7,78.3,76.1,77.2,75.4,70.9,70.7,70.9,67.5,68.3,65.9,63.5,60.6,54.7,54.5,49.3,45.3,41.2,37.6,35.5,33.6,33.7,34.6,34.4,34.1,35.1,35.6,36.6,37.8,38.4,39.4,40.4,41.4,42.3,43.4,44.6,45.4
22:39:26.575,90.6,51.1,75.8,83.4,77.8,74.7,71.8,71.6,72.1,70.8,69.1,65.6,65.9,61.8,62.7,56.2,51.1,49.5,45.6,43.5,40.0,36.6,34.4,34.4,34.2,33.8,34.4,35.0,36.1,36.4,37.6,38.4,39.4,40.4,41.4,42.3,43.3,44.4,45.5
22:39:27.575,92.4,51.8,76.9,82.1,78.3,79.6,81.4,74.7,75.3,72.4,71.9,69.6,69.4,64.5,63.4,58.7,56.0,50.8,50.9,46.8,46.3,39.5,37.5,36.3,35.7,34.8,34.4,35.2,35.7,36.4,37.4,38.4,39.4,40.3,41.5,42.3,43.3,44.3,45.5
22:39:28.575,90.2,50.8,74.8,78.6,80.5,79.1,76.9,68.9,73.2,71.7,70.7,68.3,67.7,63.1,61.1,57.6,52.4,49.0,43.0,42.1,39.5,37.8,35.7,34.6,34.4,34.1,34.3,35.2,36.1,36.7,37.4,38.3,39.4,40.4,41.5,42.3,43.4,44.4,45.4
22:39:29.575,91.8,51.1,76.8,80.8,77.5,79.5,77.3,74.4,73.7,71.5,69.8,70.6,68.7,63.3,57.8,54.6,52.8,49.9,45.8,41.7,39.5,36.2,35.1,34.6,34.8,33.8,34.2,34.5,35.8,36.4,37.8,38.3,39.4,40.2,41.2,42.5,43.5,44.4,45.5
22:39:30.575,90.7,50.6,75.9,80.5,78.5,76.0,78.4,78.7,75.3,71.5,70.6,69.5,67.1,62.5,55.6,53.3,53.9,47.6,44.6,43.4,38.3,36.6,34.6,34.3,34.9,34.0,33.9,34.7,35.6,36.8,37.4,38.4,39.3,40.4,41.5,42.6,43.4,44.4,45.4
22:39:31.575,90.3,50.4,74.9,79.4,77.3,77.0,74.4,73.1,74.3,74.1,71.1,64.5,66.4,60.6,56.0,54.7,50.1,47.4,46.8,42.4,39.2,35.5,35.5,34.4,35.0,33.8,33.7,34.9,35.9,36.6,37.2,38.1,39.5,40.4,41.4,42.4,43.4,44.3,45.5
22:39:32.575,91.2,50.1,74.9,76.4,78.3,80.6,76.1,74.4,71.2,74.0,70.0,65.7,64.0,57.7,55.0,52.5,49.1,46.4,42.5,41.0,37.1,34.6,34.5,33.8,34.8,33.4,33.5,35.0,35.6,36.3,37.5,38.4,39.3,40.3,41.3,42.3,43.4,44.4,45.4
22:39:33.575,86.6,50.1,73.8,74.3,75.5,76.6,75.4,75.9,72.1,69.1,65.5,63.3,61.2,60.3,58.1,51.5,50.0,45.0,43.8,40.7,36.7,34.7,32.3,33.6,33.8,33.8,33.6,34.6,35.1,35.9,37.4,38.4,39.4,40.2,41.4,42.3,43.4,44.5,45.4
22:39:34.575,88.9,51.0,74.4,74.5,76.1,75.3,73.4,73.1,74.2,71.8,67.6,65.4,65.8,62.5,58.0,55.1,53.8,49.6,46.6,44.2,41.8,35.3,34.5,33.9,34.1,32.8,33.7,34.6,35.5,36.9,37.7,38.3,39.4,40.3,41.4,42.4,43.3,44.4,45.4
22:39:35.575,92.2,52.2,75.3,74.9,73.4,76.4,77.6,77.8,73.8,70.5,70.7,67.2,68.7,64.7,61.5,61.0,60.5,55.7,53.1,49.4,41.2,38.4,35.4,34.2,34.6,33.6,34.3,35.4,35.7,36.5,37.5,38.4,39.3,40.4,41.5,42.4,43.4,44.5,45.5
22:39:36.575,87.8,51.3,73.6,73.7,75.8,75.2,76.3,71.7,71.6,69.7,64.3,65.7,63.4,61.3,57.0,55.6,53.3,51.0,46.8,43.5,39.7,36.4,34.5,33.8,34.4,34.1,33.7,35.1,36.0,36.9,37.7,38.3,39.2,40.3,41.5,42.4,43.3,44.3,45.4
22:39:37.575,88.1,51.1,73.4,78.5,79.5,80.3,74.5,73.5,70.4,69.9,68.0,67.5,63.4,62.9,60.5,57.6,53.9,53.3,50.1,44.0,41.8,38.0,35.4,34.4,34.7,33.6,34.5,35.3,36.0,36.5,37.4,38.2,39.6,40.3,41.1,42.5,43.2,44.4,45.5
22:39:38.575,88.0,51.7,75.2,75.2,75.4,72.7,73.0,72.9,70.5,69.5,65.1,65.5,64.5,61.4,57.1,55.2,53.2,49.2,45.9,44.4,38.3,35.4,34.2,35.4,34.3,34.2,34.5,35.2,35.5,36.5,37.3,37.9,39.2,40.6,41.3,42.4,43.5,44.4,45.3
22:39:39.575,88.7,51.2,74.6,77.6,76.0,74.9,73.5,71.7,72.8,68.2,68.8,67.0,65.2,62.5,61.4,56.5,54.4,50.8,46.2,43.8,41.1,36.7,34.8,34.8,34.2,34.3,34.5,35.2,35.5,36.7,37.5,38.2,39.4,40.2,41.4,42.3,43.3,44.4,45.4
22:39:40.575,88.0,51.2,74.6,75.0,76.7,78.7,76.6,72.8,68.4,70.8,69.2,67.5,66.5,61.8,62.1,56.6,54.0,51.4,46.6,40.9,38.7,36.5,34.8,33.8,34.3,33.8,33.7,35.0,35.7,36.3,37.6,38.3,39.5,40.4,41.5,42.6,43.4,44.6,45.5
22:39:41.575,88.2,50.8,73.8,78.1,76.4,75.7,72.7,70.5,69.3,66.8,67.0,64.3,61.7,62.0,59.4,54.6,52.2,49.0,45.7,42.2,38.0,35.0,33.4,32.8,34.8,33.0,34.3,35.1,35.4,36.3,37.3,38.6,39.5,40.4,41.5,42.4,43.3,44.3,45.4
22:39:42.575,86.7,51.3,74.2,78.7,75.8,76.1,76.4,72.9,71.5,68.1,71.1,68.5,65.5,62.5,59.7,56.9,54.5,51.4,50.0,48.5,44.0,36.1,35.6,33.3,34.2,33.7,34.0,35.2,35.7,36.4,37.2,38.2,39.5,40.3,41.4,42.4,43.7,44.4,45.4
22:39:43.575,86.3,50.8,73.7,65.2,75.8,76.3,73.7,71.7,67.6,69.4,68.8,64.1,63.1,60.4,56.7,54.9,49.4,47.7,45.4,41.5,37.9,34.6,33.9,33.3,34.2,33.8,33.8,34.8,35.4,36.4,37.7,38.5,39.5,40.2,41.3,42.5,43.4,44.4,45.5
22:39:44.575,87.2,50.5,73.0,74.7,76.4,78.0,73.5,69.0,71.2,66.7,65.5,64.5,63.9,60.9,56.9,53.2,52.0,49.3,45.2,38.7,36.8,33.7,33.6,34.1,34.6,33.8,34.0,35.0,35.6,36.5,37.4,38.1,39.4,40.4,41.2,42.2,43.4,44.4,45.4
22:39:45.575,88.3,50.9,73.4,78.2,77.2,74.6,74.7,74.2,72.9,68.0,68.0,66.9,61.3,61.0,58.3,55.8,53.3,52.5,49.0,45.3,41.2,36.1,34.7,34.7,35.0,34.0,33.7,34.8,35.9,36.7,37.3,38.5,39.4,40.3,41.5,42.5,43.3,44.4,45.4
22:39:46.575,89.5,51.5,73.9,72.1,74.5,72.9,72.0,72.6,69.9,67.5,66.0,64.4,62.3,60.0,56.2,54.8,50.2,48.7,47.6,45.7,41.5,39.3,35.3,36.1,35.3,34.4,34.5,35.4,35.7,36.4,37.2,38.4,39.4,40.3,41.3,42.4,43.4,44.4,45.6
22:39:47.575,87.6,50.7,73.8,77.0,77.2,75.3,74.0,72.1,73.4,70.1,69.6,67.6,64.6,60.4,56.7,54.7,54.5,51.0,47.4,45.0,41.3,37.1,34.5,35.3,35.2,34.6,34.7,35.6,35.6,36.3,37.6,38.7,39.3,40.5,41.4,42.4,43.4,44.3,45.4
22:39:48.575,85.7,51.0,74.1,67.1,73.5,74.2,72.3,73.8,66.5,70.3,66.6,65.9,60.1,57.3,56.2,53.7,50.2,48.5,44.0,41.2,36.6,35.2,34.9,34.6,35.7,33.8,34.7,35.2,35.9,36.4,37.4,38.4,39.3,40.4,41.5,42.6,43.5,44.4,45.5
22:39:49.575,86.2,51.3,74.3,76.0,76.1,75.2,72.8,72.3,71.5,70.5,68.9,69.1,65.4,64.8,60.3,58.5,55.8,50.5,47.9,42.2,39.2,36.0,34.1,34.4,35.4,33.8,34.5,34.7,35.4,36.3,37.4,38.6,39.4,40.4,41.5,42.2,43.3,44.3,45.5
22:39:50.575,88.2,51.2,74.3,78.1,78.6,77.1,75.2,73.1,70.3,71.0,70.1,67.9,63.9,64.6,60.7,58.2,53.2,49.5,47.6,45.3,42.4,37.9,35.7,33.9,34.0,34.7,34.8,34.5,35.6,36.9,37.4,38.4,39.2,40.3,41.3,42.4,43.3,44.3,45.4
22:39:51.575,89.0,51.9,74.3,76.4,74.1,73.1,75.0,73.8,72.5,71.1,68.5,69.0,66.0,63.5,60.7,57.7,55.2,54.2,53.2,49.7,45.0,38.6,34.4,33.4,34.8,33.6,33.5,34.5,35.5,36.7,37.3,38.6,39.5,40.5,41.4,42.3,43.3,44.4,45.5
22:39:52.575,90.0,50.7,72.0,75.6,76.1,73.1,72.0,68.5,64.1,66.7,67.8,64.3,60.8,61.1,56.8,52.1,50.5,48.5,46.5,41.8,37.3,35.5,34.4,35.0,35.4,34.1,33.9,34.8,36.1,36.5,37.3,38.2,39.3,40.2,41.3,42.4,43.7,44.4,45.5
22:39:53.575,87.6,50.0,70.7,73.4,76.5,76.2,69.4,72.0,68.0,65.2,62.0,61.7,59.3,59.6,53.8,49.5,47.6,45.5,43.7,38.8,36.0,35.1,34.4,34.7,35.2,34.0,34.8,34.9,36.0,36.5,37.2,38.4,39.6,40.4,41.5,42.4,43.5,44.4,45.5
22:39:54.575,87.3,50.7,73.8,79.0,75.6,75.0,70.2,72.8,68.8,65.4,68.9,66.4,60.8,59.8,58.2,53.3,50.8,47.0,43.9,38.1,36.5,34.1,33.4,33.6,34.3,33.6,33.8,34.2,35.4,36.5,37.6,38.7,39.7,40.2,41.4,42.2,43.7,44.6,45.5
22:39:55.575,87.9,50.4,73.2,72.4,72.0,73.2,69.8,74.9,70.8,63.0,67.7,63.9,61.3,60.1,60.2,55.3,49.5,46.3,40.0,37.5,35.3,34.0,33.2,32.7,34.4,33.0,33.7,35.5,36.0,36.4,37.2,38.5,39.6,40.6,41.4,42.5,43.5,44.3,45.3
22:39:56.575,83.2,49.8,70.0,69.8,71.9,76.3,74.0,70.7,67.3,66.9,63.7,62.0,60.8,58.4,56.8,52.5,47.2,44.1,40.7,39.0,35.9,34.5,33.9,33.4,34.5,33.5,34.3,35.0,35.6,36.4,37.6,38.5,39.3,40.3,41.4,42.3,43.4,44.4,45.4
22:39:57.575,86.7,49.9,70.3,74.0,73.3,73.2,70.0,70.7,63.9,67.6,65.8,64.9,58.0,59.5,54.5,52.9,48.4,44.7,40.9,36.8,35.1,33.9,33.4,33.7,34.6,33.8,33.6,34.9,35.7,36.1,37.6,38.3,39.3,40.5,41.5,42.3,43.4,44.4,45.5
22:39:58.575,86.3,49.8,70.1,76.8,75.7,72.0,69.9,70.2,64.7,62.3,63.3,63.0,60.8,57.1,52.4,48.9,47.9,44.1,40.2,36.6,34.5,33.8,34.4,33.1,34.7,33.8,34.3,34.9,35.6,36.5,37.5,38.7,39.2,40.3,41.5,42.4,43.4,44.6,45.5
22:39:59.575,86.5,50.0,71.9,74.5,74.4,75.8,71.5,72.0,69.8,66.2,66.6,61.2,62.2,56.6,52.8,50.0,49.0,43.9,42.4,38.8,36.1,34.2,34.1,33.7,34.2,34.0,34.3,35.3,35.9,36.7,37.5,38.2,39.6,40.4,41.4,42.3,43.6,44.6,45.4
22:40:00.575,86.4,49.8,70.6,73.4,73.7,71.0,72.1,71.1,68.3,63.9,66.4,62.2,60.7,55.5,53.6,52.0,47.5,41.9,40.3,39.1,35.3,33.6,33.1,32.7,34.2,33.8,34.0,35.1,35.8,36.8,37.3,38.3,39.4,40.2,41.3,42.4,43.3,44.5,45.5
22:40:01.575,86.3,49.8,70.6,72.4,73.8,76.4,72.0,70.8,69.5,67.6,67.9,63.5,61.0,54.8,54.8,51.0,46.7,41.9,41.1,38.4,37.4,34.6,33.1,34.6,35.2,34.0,34.4,34.5,35.4,36.4,37.3,38.4,39.4,40.3,41.4,42.5,43.4,44.4,45.5
22:40:02.575,86.7,50.3,72.4,75.6,75.8,74.9,75.3,74.3,70.0,65.9,65.9,64.2,60.7,59.7,57.4,55.1,48.4,45.1,43.7,40.7,38.7,36.3,34.6,35.1,35.3,33.8,34.1,35.0,35.6,36.4,37.4,38.5,39.3,40.4,41.6,42.3,43.3,44.3,45.4
22:40:03.575,87.8,50.1,70.9,77.2,74.3,74.4,71.2,70.9,68.8,66.5,65.5,62.8,62.1,59.0,55.7,53.1,47.3,42.6,41.7,41.4,38.1,36.9,34.5,34.3,34.8,34.2,34.1,35.0,35.8,36.4,37.4,38.4,39.5,40.3,41.3,42.3,43.3,44.3,45.4
22:40:04.575,86.8,49.7,68.9,72.5,75.5,70.5,69.6,69.6,66.8,62.0,62.0,60.8,58.6,57.0,54.4,50.0,44.4,40.9,37.7,37.5,34.8,34.4,32.5,33.6,34.8,34.1,34.5,34.6,35.8,36.6,37.6,38.5,39.5,40.3,41.4,42.4,43.4,44.5,45.4
22:40:05.575,88.9,50.2,72.3,76.3,75.6,77.2,76.3,71.2,72.1,68.6,68.0,65.0,63.2,63.6,59.9,54.2,51.4,46.4,41.0,41.2,37.1,36.2,35.3,35.0,34.4,34.4,34.2,34.9,35.5,36.3,37.7,38.3,39.3,40.3,41.6,42.5,43.5,44.5,45.4
22:40:06.575,88.4,50.2,70.8,75.7,75.6,74.7,71.0,69.4,69.6,66.1,62.7,61.6,61.2,60.0,55.9,51.5,46.4,41.0,38.9,38.0,37.0,36.5,35.2,34.2,35.2,34.8,34.7,35.8,36.3,36.7,37.4,38.4,39.3,40.4,41.5,42.4,43.5,44.4,45.4
22:40:07.575,86.7,50.0,71.2,74.9,70.7,68.4,66.0,69.7,67.9,63.0,62.1,61.1,57.0,54.4,51.7,49.3,44.1,39.0,39.6,36.3,33.7,34.0,33.1,34.1,34.4,33.8,34.2,35.7,36.1,36.3,37.5,38.5,39.5,40.1,41.3,42.3,43.5,44.4,45.4
22:40:08.575,84.2,50.0,71.1,74.2,71.2,71.8,73.2,70.9,71.4,67.6,63.4,64.1,63.1,60.5,57.3,53.6,49.6,44.8,41.3,39.6,35.7,33.9,33.3,33.4,34.5,33.2,34.0,34.7,35.9,36.7,37.2,38.5,39.4,40.4,41.3,42.3,43.4,44.4,45.4
22:40:09.575,86.3,49.9,70.5,70.3,71.5,70.3,68.5,66.4,69.7,64.6,64.0,59.9,59.4,59.7,53.9,50.9,47.3,44.4,40.6,36.4,34.0,32.6,33.4,33.0,34.2,33.5,33.8,34.6,36.0,36.2,37.6,38.4,39.4,40.4,41.3,42.1,43.3,44.3,45.3
22:40:10.575,90.4,50.5,73.3,79.2,76.9,75.5,73.8,73.3,71.4,69.8,67.7,66.0,63.6,61.6,58.0,56.2,52.2,49.5,46.8,40.9,38.2,35.1,33.8,33.1,34.8,33.7,34.3,35.1,35.3,36.6,37.4,38.6,39.3,40.3,41.4,42.4,43.3,44.5,45.5
22:40:11.575,85.1,49.9,69.7,76.8,74.2,73.5,70.2,70.4,67.9,67.2,65.9,63.8,60.0,57.6,54.8,54.6,49.7,44.7,40.2,38.2,36.4,34.9,34.7,34.1,35.1,34.2,34.5,35.5,36.1,36.7,37.9,38.3,39.2,40.5,41.3,42.4,43.5,44.4,45.4
22:40:12.575,90.9,50.0,71.2,69.3,73.0,73.8,69.5,68.0,67.8,65.0,62.8,61.9,59.0,54.6,54.4,50.5,46.5,39.0,39.7,37.9,36.9,36.9,35.0,33.9,34.6,34.2,34.3,34.8,36.0,36.8,37.3,38.4,39.3,40.3,41.3,42.4,43.5,44.4,45.4
22:40:13.575,86.8,49.9,70.8,74.0,71.3,75.0,75.2,70.9,69.7,67.7,64.9,61.6,60.3,57.6,54.7,50.8,48.4,42.1,42.0,39.4,39.0,35.9,35.5,34.6,35.0,33.9,34.3,35.1,35.8,36.4,37.2,38.3,39.2,40.4,41.4,42.2,43.4,44.4,45.4
22:40:14.575,86.4,49.8,70.2,73.1,73.7,74.3,72.4,75.3,67.4,68.2,63.2,62.5,61.3,59.0,55.1,50.9,46.1,41.9,38.8,41.1,38.0,35.0,34.8,34.8,34.8,33.2,34.5,34.9,35.5,36.4,37.6,38.4,39.6,40.3,41.6,42.4,43.2,44.5,45.4
22:40:15.575,85.0,49.5,69.6,74.2,75.0,69.3,67.6,71.6,68.5,65.6,62.0,56.8,58.2,56.3,50.4,46.4,40.5,39.1,37.6,37.0,34.6,33.6,34.4,33.8,33.2,33.9,34.3,35.0,35.7,36.6,37.3,38.4,39.2,40.3,41.3,42.4,43.4,44.4,45.4
22:40:16.575,85.7,49.5,68.1,70.2,69.6,69.2,68.8,67.7,62.3,61.5,58.4,56.1,53.0,52.5,51.5,41.9,38.7,39.1,36.6,36.5,34.5,33.7,34.6,34.1,34.0,33.4,33.9,35.0,35.7,36.4,37.5,38.5,39.5,40.5,41.5,42.3,43.4,44.4,45.4
22:40:17.575,86.7,49.6,69.7,79.0,75.8,72.1,73.7,71.4,69.0,65.0,62.5,59.3,55.9,55.9,54.1,48.6,42.5,44.1,40.2,36.6,35.4,34.3,34.2,33.4,34.4,33.4,33.9,35.1,35.2,36.6,37.4,38.3,39.4,40.4,41.4,42.4,43.4,44.4,45.4
22:40:18.575,87.1,49.6,69.0,72.2,70.7,69.6,68.0,66.5,67.9,65.8,58.9,58.8,54.7,54.0,51.9,46.3,43.1,39.2,37.5,36.0,33.8,33.0,34.2,33.2,34.2,33.7,34.2,35.1,35.7,36.6,37.4,38.3,39.2,40.2,41.2,42.2,43.4,44.4,45.5
22:40:19.575,84.2,49.6,67.5,68.1,74.2,71.8,69.0,71.0,66.8,61.2,58.1,55.2,52.7,50.3,48.1,44.8,40.9,41.1,39.7,37.0,35.2,34.1,33.7,35.0,35.6,34.2,34.3,35.3,35.9,36.7,37.3,38.6,39.6,40.2,41.5,42.4,43.5,44.5,45.4
22:40:20.575,84.9,49.6,66.2,71.3,69.2,67.0,68.2,70.0,62.9,60.3,59.1,56.5,53.4,48.3,48.0,45.3,42.0,42.1,39.9,38.2,35.4,35.4,34.5,34.3,34.9,34.1,34.4,35.1,35.8,36.3,37.6,38.2,39.6,40.4,41.6,42.3,43.3,44.4,45.5
22:40:21.575,86.4,50.0,69.6,74.9,75.6,73.6,70.5,68.9,68.4,67.1,63.9,58.8,52.7,52.6,51.5,53.1,49.3,48.2,48.2,43.6,39.2,36.4,34.1,33.3,33.7,34.2,34.6,34.8,35.7,36.6,37.5,38.0,39.4,40.1,41.1,42.4,43.6,44.4,45.5
22:40:22.575,86.1,50.2,69.5,67.8,70.4,68.8,66.8,68.3,65.4,64.3,61.2,55.3,53.9,47.4,49.3,48.8,47.6,45.7,43.8,40.2,37.1,34.3,34.3,34.8,34.9,34.1,34.3,34.8,35.8,36.5,38.0,38.3,39.4,40.3,41.5,42.3,43.5,44.6,45.4
22:40:23.575,86.8,50.6,70.6,69.0,71.8,73.7,73.3,70.8,67.9,65.2,64.5,61.8,59.8,54.9,53.9,52.4,52.1,48.9,49.7,47.2,42.9,39.2,36.1,34.4,34.8,33.9,34.2,34.8,35.3,36.3,37.7,38.0,39.2,40.5,41.4,42.2,43.3,44.3,45.5
22:40:24.575,87.7,49.6,66.9,75.5,69.2,67.6,65.7,63.7,67.4,63.5,65.8,59.1,56.8,51.9,51.4,48.7,46.3,43.5,43.0,38.4,35.9,34.6,33.8,34.2,34.8,34.2,34.3,34.7,36.1,36.3,37.1,38.4,39.3,40.4,41.3,42.4,43.4,44.4,45.5
22:40:25.575,88.4,50.1,71.2,75.5,73.2,72.1,71.7,71.4,69.3,69.5,67.6,62.7,62.0,59.5,55.2,54.1,51.2,48.7,44.3,38.8,35.4,34.1,33.5,33.8,34.8,33.9,34.2,35.0,35.8,36.8,37.7,38.4,39.6,40.4,41.3,42.5,43.4,44.4,45.4
22:40:26.575,87.4,49.8,70.6,75.2,74.1,72.5,72.3,69.3,68.5,65.7,65.1,61.3,58.9,57.0,53.0,49.9,46.1,40.8,37.2,36.8,33.6,35.0,33.9,34.1,34.7,33.4,33.6,34.8,35.7,36.5,37.3,38.4,39.3,40.1,41.4,42.4,43.5,44.4,45.4
22:40:27.575,85.3,50.0,69.5,67.3,70.3,73.4,70.6,66.8,67.3,64.0,64.5,61.0,58.9,58.0,55.2,50.3,45.5,42.2,38.0,36.0,36.1,36.1,35.3,34.7,34.9,33.8,34.5,35.2,35.9,36.3,37.4,38.5,39.5,40.3,41.4,42.5,43.3,44.4,45.5
22:40:28.575,84.4,49.9,69.5,73.8,75.4,73.0,73.1,68.3,67.3,65.7,64.3,62.5,59.6,58.5,55.4,48.9,45.0,39.9,39.1,38.2,36.9,36.3,35.5,35.3,35.4,33.7,34.5,35.1,35.4,36.7,37.5,38.4,39.3,40.2,41.4,42.5,43.4,44.4,45.6
22:40:29.575,83.2,49.8,68.4,72.5,71.3,71.2,71.7,68.6,65.7,62.4,64.4,62.7,59.9,57.7,56.2,49.1,44.0,39.2,39.3,37.9,36.2,36.7,36.0,35.0,35.5,34.6,34.4,35.0,35.7,36.4,37.4,38.5,39.6,40.4,41.4,42.4,43.3,44.3,45.5
22:40:30.575,84.0,49.9,70.0,71.3,73.8,73.4,72.4,66.8,66.4,64.1,63.6,62.0,59.7,57.3,55.0,49.3,41.7,41.3,41.1,38.4,35.9,35.7,34.9,34.6,35.0,34.1,34.4,34.9,36.1,36.5,37.1,38.4,39.5,40.4,41.4,42.3,43.5,44.5,45.4
22:40:31.575,86.6,49.7,70.0,73.1,74.1,72.3,70.8,70.9,67.6,62.8,65.6,64.4,61.1,57.1,54.9,51.2,44.9,40.9,39.9,38.5,35.7,34.0,33.3,34.2,34.3,33.6,34.0,35.0,35.5,36.3,37.5,38.7,39.4,40.2,41.3,42.4,43.5,44.3,45.6
22:40:32.575,86.7,49.9,70.9,77.1,75.2,74.9,73.7,73.0,70.1,66.7,66.0,66.7,63.5,58.7,55.6,54.4,48.0,41.3,38.8,41.3,36.4,34.9,33.6,34.0,34.5,33.8,34.5,35.3,35.8,36.6,37.0,38.3,39.2,40.4,41.2,42.5,43.4,44.3,45.5
22:40:33.575,82.2,49.6,67.6,68.7,70.0,70.5,70.8,71.0,63.2,62.6,61.9,60.6,58.8,55.0,52.2,50.3,45.9,39.7,36.3,38.1,36.0,34.8,33.3,33.7,35.3,34.1,33.7,34.6,35.6,36.6,37.5,38.5,39.4,40.5,41.4,42.4,43.4,44.3,45.4
22:40:34.575,89.3,49.9,71.0,75.2,73.8,72.1,71.5,69.9,68.8,66.5,65.7,63.4,61.0,57.9,54.7,53.1,47.2,41.3,40.0,38.8,37.4,36.3,34.8,33.8,34.8,33.4,34.1,35.3,35.5,36.5,37.2,38.4,39.2,40.4,41.5,42.4,43.6,44.4,45.5
22:40:35.575,84.3,49.6,68.3,71.4,71.1,73.4,71.0,68.5,67.6,63.9,62.7,61.4,57.6,54.1,50.3,48.1,43.6,41.2,38.5,37.4,35.9,36.2,34.8,34.0,34.0,34.0,34.8,34.7,35.4,36.5,37.5,38.5,39.4,40.4,41.2,42.6,43.6,44.4,45.5
22:40:36.575,84.7,49.5,67.4,71.3,67.0,66.7,69.6,66.7,65.2,63.2,59.0,60.5,54.5,51.7,46.7,46.3,42.9,39.6,37.0,35.8,33.7,34.2,34.2,34.6,35.2,34.4,34.5,34.8,35.5,36.5,37.2,38.3,39.4,40.4,41.2,42.4,43.3,44.4,45.5
22:40:37.575,80.7,49.6,67.0,71.2,70.2,69.7,69.0,67.8,66.7,62.5,60.2,57.7,56.0,52.7,47.2,45.8,44.9,39.8,36.8,35.3,34.6,34.6,33.7,34.5,35.0,34.2,34.2,35.6,36.0,36.2,37.5,38.5,39.6,40.5,41.4,42.4,43.4,44.5,45.4
22:40:38.575,87.8,50.0,68.7,70.9,67.5,66.9,66.2,68.5,63.0,59.8,60.2,61.8,56.1,50.6,50.1,48.9,46.5,44.0,40.3,38.4,37.5,35.8,34.5,34.8,35.0,34.6,34.3,35.3,35.6,37.0,37.7,38.5,39.1,40.5,41.5,42.6,43.5,44.4,45.4
22:40:39.575,86.7,49.6,65.2,73.4,74.1,71.2,67.5,63.4,62.3,63.1,60.2,58.2,56.0,49.7,47.2,48.8,44.3,42.0,37.8,38.4,35.2,35.0,32.9,33.7,34.9,34.1,33.9,34.6,36.2,36.5,37.6,38.5,39.4,40.3,41.6,42.6,43.3,44.3,45.4
22:40:40.575,84.6,49.5,66.4,73.6,74.0,72.7,69.4,68.0,65.0,62.5,61.1,59.3,57.0,53.0,50.6,48.5,43.9,40.8,38.9,37.4,34.1,33.1,32.9,33.5,34.9,33.4,34.2,34.8,36.0,36.3,37.1,38.4,39.5,40.7,41.2,42.5,43.5,44.5,45.5
