AMBIENT,NaN,36.7,NaN,32.8,34.8,35.4,37.6,42.7,42.2,35.8,35.6,32.6,29.9,31.9,33.9,28.6,28.6,27.7,27.3,27.0,27.0,27.0,27.3,27.6,27.9,28.3,28.9,29.5,30.3,31.3,32.2,34.3,34.3,36.4,37.7,37.4,38.5,39.5,41.2
22:35:09.000,NaN,35.5,NaN,39.8,36.6,37.1,35.6,44.1,43.9,36.5,37.0,35.4,31.0,30.2,34.4,31.3,32.0,29.5,28.8,28.2,26.9,26.5,27.6,27.2,27.3,28.4,28.8,29.3,29.7,30.7,31.9,34.1,34.1,35.5,37.9,37.3,38.2,39.4,41.2
22:35:10.000,NaN,35.3,NaN,34.9,36.7,31.4,38.2,41.3,45.9,39.1,37.3,35.5,31.3,31.5,35.5,32.4,32.0,28.3,29.2,28.2,26.6,26.1,26.5,26.9,27.7,28.1,28.4,29.1,30.2,31.1,31.8,33.8,33.9,35.5,37.5,37.4,38.5,39.5,41.1
22:35:11.000,NaN,33.2,NaN,42.7,36.3,32.4,36.5,41.4,44.1,36.8,37.2,34.5,28.8,31.5,36.3,31.2,32.1,29.4,28.0,26.6,26.1,26.7,26.6,27.5,28.1,28.6,28.8,29.2,30.0,30.7,32.2,34.1,34.1,35.3,36.8,37.3,38.4,39.4,41.2
22:35:12.000,NaN,32.7,NaN,37.4,37.0,35.3,41.8,40.2,48.6,40.3,36.8,36.4,31.7,31.3,34.8,31.5,30.8,28.9,29.0,27.3,26.3,26.1,26.5,27.6,27.7,28.1,28.3,29.2,30.0,31.2,32.3,33.6,34.0,35.0,36.4,37.4,38.4,39.5,41.2
22:35:13.000,NaN,33.2,NaN,35.2,37.9,30.4,38.0,41.3,45.6,40.1,38.6,33.3,31.7,33.2,36.8,31.7,31.6,31.2,29.8,27.4,27.6,26.6,26.9,27.7,28.3,27.8,28.5,29.0,29.9,30.9,31.8,33.8,34.1,35.0,36.6,37.3,38.4,39.4,41.0
22:35:14.000,NaN,32.6,NaN,38.8,35.9,30.4,36.9,43.1,47.4,38.3,36.2,30.5,32.2,26.9,33.7,31.5,32.6,30.4,28.2,28.5,26.4,25.9,26.4,27.0,27.7,27.9,28.2,29.2,30.3,31.0,32.1,33.9,34.2,35.1,36.5,37.5,38.3,39.3,41.0
22:35:15.000,NaN,32.7,NaN,39.7,39.5,37.7,35.4,40.6,45.6,36.1,36.5,36.7,31.6,30.3,34.8,29.3,30.4,29.6,29.1,27.7,26.2,26.7,26.8,27.3,26.8,27.4,28.5,28.8,29.5,31.0,31.8,34.0,34.3,35.3,36.6,37.3,38.4,39.4,41.2
22:35:16.000,NaN,33.5,NaN,39.4,34.0,37.1,41.3,42.4,46.1,40.5,38.2,34.1,30.2,32.2,32.6,31.8,32.0,28.6,28.5,28.1,27.2,27.3,27.0,26.9,27.1,28.8,28.7,29.3,30.2,30.8,31.8,33.9,34.0,35.6,36.5,37.3,38.3,39.3,41.0
22:35:17.000,NaN,34.3,NaN,37.5,33.7,35.5,39.0,41.2,44.2,41.0,36.6,34.5,31.3,28.9,31.1,33.8,32.6,30.9,30.6,28.8,26.7,27.1,27.2,27.3,27.1,28.4,29.0,29.2,29.8,30.8,31.9,34.0,33.7,35.4,37.0,37.3,38.5,39.4,41.1
22:35:18.000,NaN,35.0,NaN,41.4,34.5,35.6,39.2,37.9,45.9,38.2,35.1,32.7,32.1,30.0,35.3,32.5,32.9,29.1,29.2,28.4,27.0,27.2,28.8,26.7,27.5,28.2,28.8,29.4,29.9,31.2,32.2,33.7,34.0,35.5,36.7,37.2,38.5,39.4,41.0
22:35:19.000,NaN,34.4,NaN,38.1,37.3,35.8,40.3,33.8,46.0,35.1,38.4,34.4,31.7,31.9,38.6,31.3,32.0,28.3,28.0,26.3,26.4,27.2,26.6,27.1,27.3,28.0,28.5,29.2,30.0,31.0,31.7,34.1,33.9,35.6,36.9,37.3,38.5,39.5,41.1
22:35:20.000,NaN,36.0,NaN,37.7,36.5,34.5,39.7,37.1,47.3,40.5,35.0,33.8,32.6,31.1,38.0,29.7,33.1,32.2,31.9,30.1,28.0,27.6,28.4,27.7,27.6,28.2,28.6,29.3,30.1,31.2,31.9,33.6,34.0,35.4,37.2,37.3,38.4,39.4,41.1
22:35:21.000,NaN,35.4,NaN,35.0,37.3,32.0,35.1,36.8,45.9,36.9,44.4,40.9,41.9,38.4,39.6,39.3,38.1,38.2,33.4,30.3,29.6,27.1,26.5,27.0,27.7,27.3,28.7,29.4,30.3,30.8,32.4,33.3,34.3,35.5,37.3,37.2,38.6,39.4,41.1
22:35:22.000,NaN,35.6,NaN,37.7,35.9,42.1,49.0,57.6,59.7,45.8,44.4,40.3,36.5,35.3,39.2,33.6,35.8,33.5,31.2,29.4,28.2,27.0,27.1,27.8,27.6,28.0,28.7,29.1,30.2,31.3,32.2,33.3,34.3,35.5,37.6,37.4,38.5,39.3,41.1
22:35:23.000,NaN,36.9,NaN,34.1,38.0,70.8,69.4,67.9,61.1,48.3,46.0,42.7,39.9,40.1,39.2,39.6,37.7,37.5,33.7,31.6,30.6,29.1,28.0,27.2,27.5,28.2,29.0,29.5,30.4,31.4,32.0,33.2,34.3,35.3,37.0,37.5,38.4,39.4,41.2
22:35:24.000,NaN,42.6,NaN,46.0,52.5,73.2,72.2,69.4,62.0,50.6,49.5,46.7,47.1,48.3,44.6,43.7,45.2,47.8,41.1,42.5,39.2,34.8,32.0,28.7,27.4,27.9,28.6,29.6,30.2,31.6,32.3,33.1,34.4,35.4,36.5,37.6,38.5,39.4,41.1
22:35:25.000,NaN,48.7,NaN,64.1,73.3,74.3,76.6,78.2,66.1,51.7,52.7,52.8,51.1,51.3,49.6,51.0,54.4,54.5,50.6,47.7,45.3,40.9,37.3,31.9,28.5,28.8,28.6,29.3,30.5,31.3,32.3,33.8,34.6,35.8,36.4,37.3,38.5,39.4,41.1
22:35:26.000,NaN,55.1,NaN,77.0,67.9,82.2,77.8,77.1,71.4,57.2,57.0,52.8,53.6,53.7,55.0,58.0,58.3,62.6,57.9,55.3,49.4,46.5,41.5,36.5,31.2,29.7,29.0,29.4,30.2,31.2,32.2,33.1,34.2,35.6,36.2,37.3,38.5,39.3,41.0
22:35:27.000,NaN,58.6,NaN,69.4,71.9,80.0,85.5,77.8,68.2,58.2,61.1,58.8,63.5,59.6,64.0,65.0,65.4,66.4,61.6,58.0,53.3,49.1,44.9,40.4,35.8,31.2,30.0,29.3,30.1,31.4,32.1,33.0,34.1,36.0,36.9,37.6,38.4,39.5,41.1
22:35:28.000,NaN,62.9,NaN,71.8,81.8,87.8,88.1,81.0,72.5,61.6,64.9,65.4,70.3,66.0,69.8,70.4,68.5,68.8,64.3,62.2,57.6,53.5,50.6,45.9,41.5,35.8,32.4,31.4,30.8,31.2,32.2,33.1,34.0,35.5,37.3,37.4,38.3,39.4,41.0
22:35:29.000,NaN,65.9,NaN,80.0,83.2,88.7,84.2,81.4,80.1,65.8,68.2,69.2,74.8,72.2,74.4,75.0,70.5,72.8,68.5,65.3,60.9,57.0,54.6,49.1,45.5,40.4,36.0,33.5,32.3,32.0,32.3,33.1,33.8,35.5,37.4,37.4,38.6,39.6,41.2
22:35:30.000,NaN,68.6,NaN,82.2,88.0,84.5,85.9,89.5,85.4,73.1,75.1,75.7,76.2,74.6,79.4,77.9,71.2,74.4,71.3,67.7,64.3,59.7,56.3,52.5,48.0,43.1,39.4,36.5,34.4,33.5,32.7,33.3,34.0,35.5,37.5,37.5,38.5,39.5,41.3
22:35:31.000,NaN,70.7,NaN,79.7,83.8,96.4,96.9,95.8,87.0,75.5,76.4,76.5,80.5,80.2,81.3,80.7,78.1,77.7,72.3,69.1,64.6,60.0,56.2,53.1,48.5,44.4,41.0,38.1,35.5,34.6,33.0,33.3,34.3,35.4,37.0,37.4,38.4,39.4,41.1
22:35:32.000,NaN,72.3,NaN,81.1,90.7,102.8,97.5,98.3,86.4,76.4,74.2,76.3,81.7,81.0,79.8,80.0,81.2,79.2,75.1,71.8,66.0,63.3,59.3,56.6,52.8,47.6,44.1,41.1,37.2,35.2,32.8,33.0,34.0,35.0,36.2,37.3,38.6,39.4,41.1
22:35:33.000,NaN,73.3,NaN,93.4,90.7,99.0,103.1,97.1,85.0,77.8,79.3,77.9,84.8,84.9,82.1,78.4,79.8,80.1,74.9,71.1,69.0,65.8,59.6,59.3,56.4,51.9,47.4,43.8,39.9,37.4,33.9,33.5,34.2,35.2,36.4,37.3,38.5,39.5,41.3
22:35:34.000,NaN,73.9,NaN,94.6,87.5,97.2,100.2,93.2,81.0,83.1,82.5,83.1,85.0,88.1,87.1,81.2,80.6,79.9,75.5,72.4,70.8,66.4,62.1,61.2,55.1,50.4,46.5,43.4,37.8,35.0,33.0,33.1,34.1,35.2,36.2,37.4,38.5,39.3,41.2
22:35:35.000,NaN,73.3,NaN,100.3,96.0,93.9,100.6,88.0,80.5,81.0,86.7,84.7,87.9,86.3,85.3,81.9,82.3,78.1,73.6,72.7,69.1,65.2,61.5,58.1,52.5,47.9,42.9,39.9,36.8,35.0,33.0,33.2,34.0,35.0,36.3,37.4,38.4,39.3,41.1
22:35:36.000,NaN,78.7,NaN,95.8,99.9,95.7,91.3,90.0,83.4,86.3,89.8,87.3,89.0,87.2,81.5,87.0,86.7,84.5,78.3,77.0,70.8,69.8,65.8,63.3,58.8,54.5,50.7,48.6,46.0,43.6,38.4,35.3,34.4,35.1,36.0,37.2,38.5,39.5,41.2
22:35:37.000,NaN,82.6,NaN,88.1,98.1,93.7,90.4,90.5,83.4,87.3,94.3,93.7,95.2,87.6,92.7,90.6,87.3,85.3,84.8,80.5,77.8,74.2,70.2,67.2,64.3,63.0,60.5,58.8,55.4,54.9,50.4,46.7,43.7,39.9,37.8,37.6,38.6,39.6,41.2
22:35:38.000,NaN,85.1,NaN,92.6,94.1,91.6,92.2,86.7,92.1,93.0,97.9,96.6,93.9,94.7,96.6,93.8,92.5,90.8,88.0,81.5,79.0,76.4,74.7,73.6,69.4,67.6,64.6,63.7,60.1,60.5,56.3,53.6,48.7,44.0,39.9,38.3,38.5,39.7,41.2
22:35:39.000,NaN,83.8,NaN,95.7,93.9,91.8,94.1,92.6,91.1,99.0,99.4,99.8,95.0,94.1,93.7,94.3,94.2,91.3,86.1,82.0,79.0,76.3,72.7,71.7,68.3,64.7,62.7,60.3,58.4,55.7,52.0,48.0,44.9,41.5,38.6,38.3,38.5,39.7,41.2
22:35:40.000,NaN,81.9,NaN,94.1,94.2,94.6,93.1,93.9,99.3,100.2,100.8,95.2,92.7,94.3,91.0,90.6,87.1,84.7,85.5,82.3,77.5,74.1,72.5,72.0,69.5,65.8,61.6,59.1,56.3,54.7,51.0,47.6,42.5,38.5,36.9,37.4,38.5,39.5,41.1
22:35:41.000,NaN,80.0,NaN,90.2,90.3,93.4,95.9,95.0,96.6,96.6,96.4,93.2,92.3,89.3,89.7,88.1,84.8,87.0,82.9,78.9,74.7,71.3,69.7,68.9,66.2,63.4,57.9,56.0,53.8,50.5,45.4,41.1,36.1,35.4,36.2,37.3,38.5,39.6,41.2
22:35:42.000,NaN,76.9,NaN,89.8,93.0,91.2,95.2,98.5,96.8,100.1,94.3,93.1,92.0,84.7,88.4,87.5,85.9,82.8,80.2,75.2,72.7,69.3,67.0,64.9,60.7,56.2,52.9,50.2,48.1,45.9,40.7,36.8,34.9,35.4,36.3,37.4,38.5,39.6,41.3
22:35:43.000,NaN,78.9,NaN,88.0,95.0,94.4,95.8,99.0,96.8,96.0,97.3,91.9,87.7,86.9,86.8,83.9,84.3,81.8,80.3,79.2,76.6,71.7,70.5,67.9,64.6,60.1,57.9,54.7,52.6,51.1,45.6,40.9,37.3,35.7,36.3,37.5,38.5,39.5,41.1
22:35:44.000,NaN,81.0,NaN,84.3,95.9,99.7,100.6,94.1,98.1,94.8,99.5,95.4,89.6,88.4,87.8,85.2,86.8,85.5,80.7,81.5,78.2,75.4,72.8,71.5,66.2,64.0,60.4,57.3,55.1,53.3,49.7,46.2,42.4,38.1,36.8,37.4,38.6,39.4,41.2
22:35:45.000,NaN,83.3,NaN,93.8,92.1,95.8,102.0,98.5,96.0,96.7,99.8,93.3,91.7,86.5,90.9,90.9,87.0,86.1,83.2,81.8,79.8,77.2,75.5,74.5,69.7,66.9,64.1,60.7,58.4,56.8,52.4,48.5,44.7,40.0,37.7,37.8,38.6,39.6,41.4
22:35:46.000,NaN,91.1,NaN,92.8,92.2,97.9,102.3,100.9,102.8,100.3,103.6,96.8,93.8,93.8,94.4,90.3,94.2,91.0,90.3,88.5,87.6,84.8,84.5,81.9,78.3,71.7,72.8,70.4,69.6,67.4,65.0,62.8,61.3,57.8,53.6,48.3,42.9,40.4,41.5
22:35:47.000,NaN,94.0,NaN,92.2,98.1,101.4,101.5,105.1,106.2,104.7,102.8,100.9,97.4,100.0,100.1,99.6,97.3,96.8,95.1,93.0,92.0,89.6,87.0,86.3,82.5,76.5,76.9,76.3,76.1,74.2,73.2,71.5,70.7,69.9,66.8,60.9,56.1,47.7,42.6
22:35:48.000,NaN,88.8,NaN,93.8,96.3,104.2,103.6,106.8,107.4,103.4,101.9,100.8,100.3,99.2,101.9,98.1,92.0,90.7,88.5,86.9,85.6,83.6,81.7,83.0,78.8,72.0,72.9,67.1,66.8,63.7,66.0,62.1,57.0,51.5,46.9,42.8,39.6,39.8,41.4
22:35:49.000,NaN,84.7,NaN,94.5,92.4,101.2,105.3,103.6,101.7,102.7,101.5,99.0,96.9,97.4,99.4,91.5,93.3,89.1,84.4,79.6,77.7,76.9,74.0,74.5,69.5,63.7,60.4,58.1,55.0,54.6,48.8,43.1,38.8,36.2,36.4,37.3,38.6,39.6,41.3
22:35:50.000,NaN,90.5,NaN,98.7,101.6,104.4,106.2,102.0,101.0,99.3,102.3,97.9,94.5,98.6,96.9,97.0,97.0,94.4,89.6,87.6,86.6,86.4,83.2,80.1,77.0,75.2,68.7,69.8,71.5,69.7,63.7,65.2,62.7,60.1,55.1,50.8,44.8,40.6,41.4
22:35:51.000,NaN,87.7,NaN,99.5,101.7,100.2,105.4,100.7,96.8,97.0,100.3,97.7,97.2,101.6,98.1,91.5,91.3,89.2,88.2,87.4,87.8,85.0,82.2,77.1,75.0,72.6,66.9,66.2,67.3,65.2,60.8,62.9,59.6,55.6,52.1,46.3,41.3,40.0,41.3
22:35:52.000,NaN,83.9,NaN,100.8,100.2,99.2,105.1,103.5,101.5,101.2,97.1,95.9,99.4,97.9,90.2,90.5,91.1,88.5,82.7,80.5,82.3,79.8,74.9,71.6,70.7,64.8,63.3,60.2,58.3,57.9,53.4,50.2,46.8,41.5,38.1,37.8,38.6,39.6,41.3
22:35:53.000,NaN,81.4,NaN,99.5,101.0,105.3,102.7,103.6,101.3,102.0,99.9,94.4,97.0,95.9,92.8,92.5,91.0,86.4,81.5,79.2,77.7,77.2,71.4,69.1,67.2,63.2,60.4,57.5,56.4,54.6,51.6,47.5,43.7,40.2,37.7,37.7,38.6,39.7,41.4
22:35:54.000,NaN,79.5,NaN,96.5,99.3,101.1,101.7,100.6,102.8,98.7,98.4,94.2,93.3,91.7,92.1,89.7,85.9,84.8,78.9,79.0,75.9,73.6,71.3,67.7,63.0,60.4,56.8,54.7,53.3,52.4,47.5,41.7,38.0,36.0,36.2,37.4,38.3,39.6,41.4
22:35:55.000,NaN,83.0,NaN,95.8,99.9,105.9,105.1,103.3,102.2,101.3,95.3,92.7,94.3,93.0,91.8,90.3,84.8,82.9,78.4,80.6,77.1,75.0,75.6,73.1,71.3,69.4,64.5,64.0,61.3,60.3,56.7,52.9,50.8,47.2,42.8,39.5,38.8,39.7,41.4
22:35:56.000,NaN,84.4,NaN,101.5,100.3,107.1,103.2,104.4,99.1,101.0,99.3,95.9,98.3,95.7,88.7,92.1,89.2,87.2,85.4,81.4,81.8,79.2,78.0,76.0,74.4,71.6,68.3,66.7,62.2,62.2,58.2,54.4,51.8,47.7,42.4,39.2,38.9,39.5,41.3
22:35:57.000,NaN,84.5,NaN,99.8,102.5,103.9,103.8,103.7,102.7,98.1,98.2,98.7,96.3,94.8,91.5,92.2,88.2,85.1,85.0,84.3,80.5,78.9,75.8,74.7,72.3,68.9,65.9,64.8,61.6,60.0,56.3,49.8,46.2,40.9,37.6,37.7,38.4,39.6,41.4
22:35:58.000,NaN,85.9,NaN,104.8,103.8,99.4,102.8,103.2,102.2,102.3,100.9,99.5,99.4,98.1,96.8,93.5,88.7,88.7,84.7,83.1,83.7,83.6,78.7,76.0,71.6,69.3,68.0,65.8,65.1,62.7,57.7,53.9,51.1,47.9,44.3,41.0,39.2,39.7,41.5
22:35:59.000,NaN,92.2,NaN,100.7,96.2,101.8,103.2,104.9,100.2,103.3,102.0,99.6,97.9,97.9,95.7,96.6,95.0,90.3,90.0,88.8,87.8,86.1,83.3,79.5,76.9,75.9,74.8,75.5,75.4,74.8,71.3,68.4,67.1,63.6,59.5,55.3,48.0,43.3,42.0
22:36:00.000,NaN,95.0,NaN,101.2,97.1,104.9,104.2,102.8,105.6,104.3,97.9,101.5,99.1,100.0,100.0,100.3,100.7,96.9,94.3,94.4,93.0,90.9,87.5,84.9,82.4,78.9,79.4,79.5,77.8,75.9,72.5,69.4,64.1,60.4,55.1,50.3,44.4,40.8,41.6
22:36:01.000,NaN,91.8,NaN,106.1,99.3,96.7,101.4,102.6,100.3,105.4,105.2,103.7,99.8,102.9,101.7,100.5,97.1,93.8,90.6,89.5,90.3,89.3,86.7,84.4,82.3,77.3,75.1,75.0,71.9,71.4,67.9,62.7,62.9,58.2,53.6,49.7,44.3,40.8,41.5
22:36:02.000,NaN,91.1,NaN,100.9,101.3,104.4,103.6,105.6,102.5,104.6,103.5,103.8,98.8,100.7,99.0,96.4,94.7,92.5,91.5,90.1,89.0,85.9,84.4,79.5,76.0,74.4,72.8,71.8,67.3,68.4,65.1,62.1,61.2,57.6,54.1,48.6,42.7,40.3,41.5
22:36:03.000,NaN,90.8,NaN,107.9,100.7,102.5,100.1,109.2,104.1,102.9,102.4,103.2,103.0,101.5,99.4,98.1,94.4,93.3,91.9,91.7,88.6,85.5,82.5,79.1,78.1,73.5,70.8,68.3,67.9,68.0,67.4,65.8,64.0,58.0,54.2,50.5,42.7,40.3,41.6
22:36:04.000,NaN,84.7,NaN,99.3,99.9,102.2,101.5,101.7,105.7,101.4,102.8,100.6,99.2,101.0,97.6,96.3,94.1,89.3,87.3,83.9,81.0,78.6,77.7,74.0,70.3,66.0,62.4,62.2,60.8,62.3,55.6,50.1,46.7,41.4,37.4,37.7,38.6,39.7,41.5
22:36:05.000,NaN,82.5,NaN,105.2,104.0,103.2,107.1,106.8,103.8,102.8,102.3,98.7,98.7,97.3,97.5,91.9,87.4,85.2,82.2,80.6,78.6,76.4,71.3,69.5,66.2,64.3,59.1,59.7,57.4,57.5,55.0,48.4,42.4,39.0,36.6,37.8,38.7,39.6,41.5
22:36:06.000,NaN,86.1,NaN,100.6,103.6,104.9,106.3,106.6,104.7,100.7,102.7,95.7,98.3,97.3,94.0,92.1,91.7,90.1,89.0,85.6,84.9,80.4,74.5,71.2,69.7,67.3,64.7,62.8,63.0,62.6,61.2,55.7,52.5,48.7,46.1,41.3,39.2,39.7,41.4
22:36:07.000,NaN,90.0,NaN,105.2,98.8,106.9,102.3,102.6,104.2,102.8,103.0,100.1,95.4,97.5,94.7,91.4,90.1,90.9,89.4,89.5,88.4,86.1,80.7,78.5,73.0,69.7,70.0,70.8,70.8,72.3,70.2,62.6,65.6,62.0,60.0,54.7,47.6,43.3,41.6
22:36:08.000,NaN,89.4,NaN,101.7,101.8,98.4,103.6,102.6,105.7,101.6,101.4,102.2,101.3,97.6,97.8,94.6,93.8,93.6,91.2,90.2,88.1,86.4,78.7,76.7,73.0,71.5,69.5,71.6,69.1,72.7,69.8,67.4,68.2,65.0,60.2,54.1,45.7,41.9,41.6
22:36:09.000,NaN,85.3,NaN,98.8,103.3,102.5,102.1,104.5,102.7,99.0,101.1,99.8,98.6,98.2,95.4,91.5,91.2,89.8,87.2,85.0,84.8,79.8,73.8,71.9,69.8,68.0,62.2,66.9,65.0,62.0,56.4,50.2,45.6,38.2,36.3,37.3,38.7,39.5,41.3
22:36:10.000,NaN,86.4,NaN,104.0,102.0,102.0,100.2,105.6,106.0,97.8,101.0,98.0,96.2,94.8,91.4,90.4,90.4,90.4,89.3,87.3,84.2,80.6,74.2,73.3,72.2,70.5,69.3,69.7,64.1,62.2,57.9,56.2,57.6,52.8,42.1,38.1,38.7,39.6,41.3
22:36:11.000,NaN,83.6,NaN,97.8,100.8,103.0,100.8,103.3,99.5,100.2,97.1,95.3,94.6,94.1,92.0,89.5,89.1,89.9,86.6,86.3,83.6,76.2,67.0,65.8,65.7,63.8,65.3,59.6,59.7,61.2,58.8,51.7,49.0,43.8,39.1,37.5,38.4,39.6,41.2
22:36:12.000,NaN,79.8,NaN,105.4,102.9,96.9,99.2,100.7,96.1,97.0,97.2,93.2,91.8,93.1,90.5,88.2,86.4,85.0,81.0,77.1,77.1,71.3,67.9,66.2,62.3,60.3,63.5,56.8,58.0,52.1,51.2,46.0,45.2,38.8,36.8,37.4,38.4,39.6,41.3
22:36:13.000,NaN,77.4,NaN,100.2,103.2,99.5,98.5,99.2,101.5,94.9,97.5,92.3,93.1,92.2,88.5,85.7,83.5,80.7,77.7,79.2,79.2,72.8,71.4,68.6,65.8,62.7,59.4,56.5,52.1,52.0,45.6,42.3,40.7,36.4,36.6,37.6,38.5,39.5,41.1
22:36:14.000,NaN,73.4,NaN,93.6,100.2,97.5,100.8,101.1,98.1,95.3,98.1,93.7,93.1,88.9,86.8,78.9,75.8,77.2,74.1,74.0,71.2,64.6,62.7,60.6,60.9,54.4,50.7,49.2,49.5,47.1,39.6,33.8,34.1,35.2,36.4,37.5,38.5,39.5,41.2
22:36:15.000,NaN,68.5,NaN,97.2,105.9,100.6,100.0,98.2,99.9,95.2,95.0,89.5,88.2,86.8,80.5,74.8,76.7,76.8,71.3,68.7,66.2,58.1,57.8,54.1,50.5,42.7,38.7,37.9,34.6,32.9,32.3,33.2,33.9,35.2,36.5,37.5,38.3,39.6,41.2
22:36:16.000,NaN,71.4,NaN,95.7,99.7,99.8,98.3,97.9,97.8,96.7,93.9,88.4,85.9,84.7,78.9,77.9,77.4,75.2,72.3,69.8,70.2,63.4,60.0,55.6,53.0,47.6,45.8,44.8,40.4,40.7,36.8,33.6,34.3,35.1,36.3,37.6,38.6,39.5,41.1
22:36:17.000,NaN,70.8,NaN,98.5,98.9,101.7,99.1,98.1,95.4,92.3,92.4,90.9,89.7,86.4,78.0,79.3,78.8,75.3,70.8,72.2,67.2,60.4,57.6,52.1,50.0,46.0,42.9,43.1,38.7,37.4,33.4,33.1,33.8,35.0,36.4,37.3,38.5,39.6,41.1
22:36:18.000,NaN,71.1,NaN,91.3,100.3,99.2,99.1,101.4,95.8,95.2,92.7,90.2,91.5,85.3,81.6,79.0,79.4,77.2,71.1,70.0,64.6,61.7,58.0,54.9,52.3,47.1,45.6,43.9,37.8,36.1,33.0,33.4,34.0,35.2,36.4,37.5,38.4,39.4,41.3
22:36:19.000,NaN,71.5,NaN,94.3,93.0,97.7,97.9,98.3,95.3,93.9,92.0,92.1,89.7,83.8,81.1,76.9,73.7,72.9,71.8,72.3,61.4,59.5,56.3,57.8,57.5,54.2,49.9,48.9,47.8,42.6,38.6,34.6,34.2,35.3,36.3,37.4,38.4,39.6,41.3
22:36:20.000,NaN,72.3,NaN,93.4,97.6,99.9,97.8,101.6,95.7,95.3,95.0,89.8,90.3,86.4,85.0,81.0,76.6,74.2,74.2,75.8,67.8,66.2,59.7,55.0,52.9,51.5,47.0,46.6,42.1,40.5,35.5,33.5,34.1,35.3,36.3,37.3,38.4,39.6,41.1
22:36:21.000,NaN,73.8,NaN,98.5,98.1,98.3,101.2,95.7,96.4,93.7,90.7,90.0,89.3,85.5,85.1,82.9,79.1,78.4,75.5,76.0,69.3,65.7,63.4,61.9,57.8,52.0,50.5,48.5,43.4,38.3,36.1,33.4,34.0,35.1,36.3,37.3,38.4,39.6,41.3
22:36:22.000,NaN,73.6,NaN,93.9,101.6,96.2,98.6,97.8,94.4,94.0,94.4,89.6,86.2,84.7,82.8,83.2,80.0,77.4,74.7,73.0,64.6,65.3,61.1,59.2,55.7,51.9,46.3,41.6,34.6,32.3,32.4,33.3,34.1,34.9,36.3,37.4,38.4,39.5,41.1
22:36:23.000,NaN,74.6,NaN,94.4,95.7,97.4,95.8,96.8,90.0,92.5,95.3,93.7,91.6,87.7,86.1,84.9,82.5,77.4,78.5,76.2,66.3,63.3,60.0,56.9,52.0,49.4,40.8,36.6,33.5,32.2,32.2,33.0,34.1,35.2,36.3,37.5,38.5,39.5,41.2
22:36:24.000,NaN,73.5,NaN,93.5,95.2,101.2,97.8,96.3,97.5,90.8,96.6,90.5,90.9,87.6,86.0,84.4,80.7,75.5,75.7,72.7,64.8,63.9,61.9,56.1,53.0,49.4,42.3,42.2,36.9,34.1,32.1,33.3,34.2,35.1,36.3,37.2,38.5,39.6,41.2
22:36:25.000,NaN,71.0,NaN,90.8,92.8,95.7,100.0,96.2,94.3,94.4,90.8,90.5,89.5,86.4,85.5,83.6,79.2,73.1,75.0,70.8,62.0,61.4,57.3,53.0,49.3,35.9,31.0,29.9,30.5,31.1,32.3,33.1,34.2,35.1,36.4,37.5,38.4,39.6,41.2
22:36:26.000,NaN,71.7,NaN,93.1,95.6,98.4,98.7,92.0,96.6,94.1,94.4,90.2,90.7,88.2,86.9,83.0,79.3,72.2,72.1,67.3,61.4,60.4,55.3,53.4,50.4,44.7,41.8,37.8,32.2,31.5,32.3,33.2,34.2,35.2,36.4,37.4,38.4,39.5,41.1
22:36:27.000,NaN,71.2,NaN,95.2,92.2,99.9,98.7,93.3,96.7,93.9,94.4,92.1,89.8,87.6,86.0,82.0,78.3,72.5,71.7,67.2,60.2,55.4,49.5,44.5,42.7,40.2,36.4,32.0,31.1,31.4,32.6,33.2,34.5,35.2,36.3,37.3,38.5,39.6,41.2
22:36:28.000,NaN,72.0,NaN,91.6,99.0,96.4,99.0,99.8,94.4,95.6,89.2,88.8,90.3,87.5,83.4,81.1,76.9,74.5,77.3,72.2,62.8,61.3,52.7,46.8,40.4,34.4,32.3,31.1,30.8,31.9,32.3,33.1,34.3,35.3,36.4,37.3,38.4,39.4,41.1
22:36:29.000,NaN,73.1,NaN,87.8,98.0,97.7,95.8,98.8,95.8,94.7,87.9,89.0,88.1,86.5,84.0,82.5,77.6,76.7,79.0,74.2,66.9,64.7,57.4,51.7,45.2,39.1,31.9,31.2,30.7,31.8,32.5,33.0,34.1,35.1,36.4,37.4,38.3,39.5,41.2
22:36:30.000,NaN,74.1,NaN,88.9,93.2,94.1,99.1,94.8,91.5,89.5,92.2,88.9,90.4,82.3,80.4,80.6,77.8,77.1,80.5,73.5,69.9,68.4,59.6,55.8,49.3,42.5,34.4,30.8,31.1,31.6,32.3,33.4,34.4,35.2,36.4,37.4,38.5,39.6,41.2
22:36:31.000,NaN,73.2,NaN,93.8,94.3,91.6,96.6,97.1,93.9,91.0,93.7,88.9,87.1,86.5,85.1,81.6,77.8,77.9,78.2,72.7,69.2,66.9,62.4,57.2,50.8,43.1,38.7,33.6,30.8,31.2,32.4,33.1,34.6,35.3,36.4,37.4,38.5,39.4,41.1
22:36:32.000,NaN,70.0,NaN,93.4,91.2,92.1,91.2,96.3,93.6,93.9,90.3,86.8,86.3,83.3,81.3,79.3,75.3,76.1,75.4,69.2,62.8,62.1,56.2,51.3,43.9,37.2,32.6,30.2,30.7,31.8,32.4,33.4,34.3,35.3,36.3,37.5,38.5,39.5,41.2
22:36:33.000,NaN,70.3,NaN,90.6,93.6,95.3,97.4,92.7,93.4,91.1,92.2,87.9,87.2,83.1,81.8,78.7,75.1,76.5,75.2,69.0,64.6,58.8,54.1,50.8,47.5,39.3,30.0,30.3,30.6,31.7,32.0,33.3,34.3,35.5,36.4,37.5,38.4,39.6,41.1
22:36:34.000,NaN,68.3,NaN,95.8,97.3,98.7,98.0,94.9,93.4,90.2,93.7,90.1,85.9,83.6,79.0,75.8,69.1,74.8,73.3,67.9,62.6,60.7,55.3,47.0,39.9,35.0,32.3,30.4,30.4,31.4,32.3,33.4,34.1,35.0,36.1,37.5,38.5,39.4,41.1
22:36:35.000,NaN,67.0,NaN,95.8,96.8,96.4,93.9,92.1,91.4,91.1,89.8,86.7,85.9,82.1,78.7,75.5,70.2,73.9,70.7,64.9,61.6,58.4,49.9,41.2,35.9,32.2,29.7,29.2,30.7,31.7,32.2,33.2,34.1,35.3,36.4,37.4,38.6,39.4,41.1
22:36:36.000,NaN,64.6,NaN,87.3,97.2,97.5,97.9,91.3,93.9,88.1,90.1,85.6,85.8,83.4,79.2,73.7,65.3,70.9,68.7,60.0,54.5,50.7,47.5,42.7,42.7,35.2,30.3,29.2,30.2,31.3,32.5,33.2,34.0,35.2,36.4,37.4,38.6,39.4,41.1
22:36:37.000,NaN,62.3,NaN,94.0,93.3,92.8,90.7,97.1,88.0,90.3,87.1,84.1,83.3,81.1,76.9,71.9,64.1,65.6,66.0,59.5,49.4,51.5,44.9,38.0,35.3,31.2,29.2,30.0,30.5,31.4,32.6,33.6,34.2,35.3,36.4,37.5,38.4,39.4,41.2
22:36:38.000,NaN,62.9,NaN,91.9,93.1,91.6,91.4,92.3,90.4,84.7,85.4,86.5,80.1,79.3,75.9,71.3,67.7,68.5,66.2,58.1,51.6,51.6,46.1,40.8,35.4,32.1,29.4,29.0,30.7,31.8,32.5,33.4,34.3,35.4,36.5,37.4,38.5,39.4,41.3
22:36:39.000,NaN,61.7,NaN,88.0,92.2,93.2,92.4,92.1,90.7,86.3,86.2,80.5,82.1,81.4,75.2,71.5,66.6,69.0,63.9,57.7,51.8,49.7,42.8,36.2,32.3,30.3,29.5,29.9,30.6,32.0,32.7,33.6,34.5,35.4,36.3,37.4,38.4,39.4,41.1
22:36:40.000,NaN,59.9,NaN,96.8,91.0,90.4,91.5,89.6,87.7,87.2,86.4,80.5,78.9,78.5,75.6,68.1,62.4,66.9,59.0,53.8,51.9,46.1,37.9,35.2,32.3,29.9,29.6,30.0,30.6,32.0,32.5,33.5,34.5,35.3,36.4,37.4,38.4,39.5,41.1
22:36:41.000,NaN,60.0,NaN,92.2,92.2,91.2,95.4,90.9,89.6,86.2,86.5,81.0,81.8,75.9,73.8,70.3,64.0,66.8,59.7,52.3,52.7,42.8,41.7,33.0,31.3,28.3,29.3,30.0,30.6,31.7,32.7,33.4,34.3,35.4,36.4,37.5,38.3,39.4,41.2
22:36:42.000,NaN,61.1,NaN,90.9,89.7,90.6,85.7,89.3,86.7,87.7,87.1,82.1,78.8,76.1,74.1,70.2,67.1,67.0,62.8,56.8,53.9,48.5,44.7,38.1,35.3,30.9,29.4,30.0,30.8,32.0,32.5,33.3,34.3,35.6,36.4,37.4,38.4,39.5,41.2
22:36:43.000,NaN,60.6,NaN,87.5,89.3,91.5,86.7,87.9,86.6,83.7,84.0,84.2,79.9,76.2,73.4,69.4,65.3,68.9,62.1,55.8,52.6,47.8,43.7,36.2,31.5,29.5,29.1,30.1,30.7,31.5,32.3,33.5,34.2,35.3,36.4,37.4,38.5,39.5,41.3
22:36:44.000,NaN,61.8,NaN,87.1,91.1,92.0,90.9,87.9,89.0,85.5,84.3,82.1,77.1,77.7,70.2,71.0,64.8,69.2,64.3,58.8,53.2,51.4,47.8,43.8,37.7,32.4,29.6,30.0,30.2,31.3,32.2,33.3,34.2,35.1,36.4,37.5,38.4,39.4,41.2
22:36:45.000,NaN,61.8,NaN,86.6,93.3,88.7,90.8,88.5,86.2,88.0,82.5,82.8,77.3,74.8,71.3,69.3,65.6,69.7,64.3,60.4,53.6,51.9,48.4,44.1,39.9,31.9,29.7,29.6,30.8,31.6,32.5,33.1,34.3,35.3,36.3,37.5,38.6,39.5,41.1
22:36:46.000,NaN,60.0,NaN,89.7,94.3,91.4,88.0,89.3,89.0,86.6,82.7,77.5,76.9,75.7,73.0,69.7,67.5,69.1,64.1,57.9,51.7,44.9,43.2,36.2,31.0,28.9,28.4,29.4,30.5,31.5,32.5,33.2,34.3,35.4,36.3,37.4,38.5,39.4,41.1
22:36:47.000,NaN,61.1,NaN,92.9,87.4,87.8,88.3,89.2,85.1,84.1,83.1,78.1,76.3,72.8,72.8,69.6,66.4,69.4,64.6,57.1,55.3,46.2,39.8,37.0,31.0,29.1,29.3,29.2,30.4,31.4,32.3,33.2,34.3,35.3,36.4,37.3,38.5,39.3,41.2
22:36:48.000,NaN,61.6,NaN,94.6,88.1,90.2,87.8,89.7,88.8,81.7,82.6,77.3,75.4,74.5,73.7,69.8,65.0,68.3,64.5,58.7,56.0,50.5,46.3,43.3,39.2,32.3,29.0,29.4,30.6,31.3,32.5,33.0,34.4,35.3,36.3,37.4,38.6,39.4,41.1
22:36:49.000,NaN,62.4,NaN,87.2,95.6,88.0,88.3,90.0,87.3,83.9,80.5,75.1,75.8,75.2,73.9,69.9,66.7,69.7,67.9,60.6,59.8,53.9,48.0,42.7,38.3,34.5,30.3,29.8,30.6,31.6,32.1,33.3,34.5,35.5,36.4,37.4,38.6,39.5,41.1
22:36:50.000,NaN,61.1,NaN,94.3,92.2,83.6,88.8,90.1,84.3,83.3,80.4,74.7,75.7,72.9,72.3,68.8,67.8,67.9,66.0,60.3,57.8,52.7,44.3,38.9,37.1,33.1,29.8,29.6,30.4,31.3,32.8,33.8,34.6,35.4,36.6,37.6,38.5,39.4,41.2
22:36:51.000,NaN,63.7,NaN,89.0,91.4,89.3,90.5,88.6,87.6,83.7,81.2,77.0,76.7,76.0,74.4,69.8,70.7,70.1,68.9,60.3,57.2,50.2,44.8,39.4,38.0,31.8,29.0,29.7,30.2,31.1,32.3,33.3,34.1,35.0,36.4,37.3,38.5,39.5,41.2
22:36:52.000,NaN,63.7,NaN,88.5,90.9,87.6,87.1,86.1,83.0,80.2,81.0,76.4,78.1,74.8,74.5,72.3,69.7,70.2,67.5,59.7,59.5,53.3,49.6,44.3,39.6,32.2,30.3,29.8,30.4,31.5,32.2,33.1,34.1,35.1,36.3,37.3,38.4,39.5,41.1
22:36:53.000,NaN,61.8,NaN,91.1,86.8,85.5,86.9,87.5,86.0,83.3,82.2,77.4,77.0,76.1,74.0,69.1,66.8,69.7,67.1,60.0,57.7,51.6,43.1,37.8,31.9,28.7,28.9,29.6,30.3,31.1,32.0,33.2,34.6,35.3,36.5,37.6,38.5,39.3,41.1
22:36:54.000,NaN,60.7,NaN,87.1,83.8,88.3,85.9,86.7,82.9,81.1,81.0,76.3,74.9,74.0,71.0,64.3,67.7,71.6,64.9,56.4,53.9,46.4,39.0,33.2,30.9,28.6,29.2,29.3,30.6,31.3,32.3,33.0,34.1,35.4,36.2,37.5,38.4,39.4,41.1
22:36:55.000,NaN,57.4,NaN,82.2,89.4,92.1,88.5,87.7,85.2,83.9,82.4,75.3,74.2,73.6,69.1,62.8,64.6,66.5,60.3,53.0,49.3,44.4,39.1,32.9,28.9,28.6,29.1,29.1,30.3,31.4,32.1,33.1,34.1,35.4,36.6,37.5,38.4,39.6,41.1
22:36:56.000,NaN,57.2,NaN,83.0,90.4,87.5,87.2,88.1,84.9,79.9,81.6,73.8,70.9,73.4,66.6,62.9,64.4,64.0,58.7,47.5,49.2,41.4,35.1,31.3,30.6,29.0,28.5,29.9,30.7,31.3,32.2,33.1,34.3,35.3,36.5,37.5,38.5,39.5,41.2
22:36:57.000,NaN,56.3,NaN,91.6,90.0,91.2,87.4,85.4,82.8,79.8,79.9,78.6,74.8,72.1,68.5,65.8,64.9,65.2,59.7,52.2,49.4,42.1,37.4,36.8,32.4,28.9,28.7,29.5,30.4,31.3,32.1,33.3,34.3,35.0,36.5,37.4,38.4,39.5,41.1
22:36:58.000,NaN,57.3,NaN,84.3,89.7,88.5,84.0,87.6,84.4,80.4,80.8,74.7,70.9,69.2,68.6,63.3,64.4,62.5,61.3,54.6,52.4,45.6,41.7,38.6,35.5,30.4,29.4,29.3,30.3,31.4,32.2,33.1,34.1,35.2,36.2,37.4,38.5,39.6,41.2
22:36:59.000,NaN,57.4,NaN,90.4,89.0,82.2,86.0,84.6,79.8,78.2,76.4,75.0,75.3,71.4,69.6,64.1,64.9,66.1,62.1,52.4,49.6,44.5,41.4,36.5,31.0,29.0,29.2,29.5,30.3,31.3,31.8,33.1,33.9,34.9,36.2,37.6,38.5,39.4,41.2
22:37:00.000,NaN,56.1,NaN,91.1,82.3,86.4,82.2,78.9,77.5,76.7,75.3,73.5,70.5,68.8,65.6,62.2,64.8,64.4,60.0,52.2,48.4,38.5,36.6,31.2,29.2,29.3,28.8,29.2,30.2,31.3,32.1,33.3,34.2,35.2,36.5,37.2,38.4,39.5,41.3
22:37:01.000,NaN,56.5,NaN,86.1,83.7,88.0,89.5,81.4,83.0,77.3,77.7,73.9,73.0,72.3,68.8,60.7,64.8,64.4,59.0,49.6,48.5,38.1,33.3,30.7,30.5,28.6,29.3,29.5,30.0,31.4,32.4,33.2,34.2,35.4,36.4,37.6,38.5,39.5,41.2
22:37:02.000,NaN,56.3,NaN,88.2,80.7,82.4,83.9,83.6,79.9,79.4,79.6,75.5,73.6,69.1,66.8,60.4,63.1,63.0,60.8,51.2,45.0,38.8,37.5,31.4,28.5,28.5,28.6,30.0,30.2,31.2,32.0,33.0,34.1,35.3,36.5,37.3,38.4,39.5,41.2
22:37:03.000,NaN,56.8,NaN,91.6,84.3,85.5,88.1,82.6,73.4,76.7,77.7,72.8,74.4,74.0,69.0,62.1,65.3,62.6,60.7,54.3,52.4,43.6,37.7,34.0,29.9,29.3,28.8,29.7,30.4,31.2,32.2,33.2,34.1,35.4,36.2,37.3,38.4,39.4,41.0
22:37:04.000,NaN,56.5,NaN,87.3,85.9,82.2,85.4,77.8,79.1,78.4,74.5,74.0,72.9,72.2,70.1,63.6,66.3,63.3,59.9,52.4,49.0,45.2,37.8,30.4,30.0,28.1,28.4,29.5,30.3,31.1,32.1,32.7,33.8,35.2,36.2,37.3,38.4,39.4,41.1
22:37:05.000,NaN,56.0,NaN,87.6,87.4,88.0,88.9,78.7,78.2,77.2,76.7,74.5,71.9,69.7,68.0,61.8,63.2,64.1,60.7,52.0,50.6,44.1,38.3,33.2,29.4,28.5,28.6,29.2,29.8,31.2,32.0,33.0,34.1,35.1,36.3,37.3,38.4,39.5,41.1
22:37:06.000,NaN,56.4,NaN,84.9,89.3,85.9,86.2,79.8,79.3,74.1,74.8,74.3,70.0,72.0,69.3,63.0,63.9,62.8,58.8,52.0,52.1,43.3,40.3,37.6,33.0,28.6,28.7,29.2,30.5,31.5,32.3,33.2,34.2,35.0,36.2,37.4,38.3,39.5,41.1
22:37:07.000,NaN,54.8,NaN,88.6,80.3,87.4,85.3,82.1,78.6,77.0,75.0,73.0,71.8,69.5,64.7,59.2,62.8,62.3,61.0,52.3,51.1,40.5,37.0,33.0,31.3,29.2,28.7,29.1,30.2,31.3,32.3,33.3,34.1,35.3,36.5,37.3,38.4,39.4,41.0
22:37:08.000,NaN,54.2,NaN,87.4,90.1,81.4,84.2,80.8,74.5,75.6,75.3,71.2,69.8,67.1,67.1,58.2,62.0,62.5,57.9,50.0,47.5,39.0,31.7,30.5,29.2,28.5,29.1,29.7,30.3,31.1,32.3,33.2,34.2,35.3,36.0,37.3,38.4,39.4,41.1
22:37:09.000,NaN,53.9,NaN,86.9,81.7,81.0,84.3,80.0,78.1,74.6,76.5,70.9,71.2,70.1,65.5,58.9,61.0,62.8,58.7,48.8,49.2,41.3,35.1,33.6,30.6,28.6,28.9,29.5,30.5,31.5,32.5,33.1,34.3,35.0,36.4,37.4,38.3,39.5,41.2
22:37:10.000,NaN,53.6,NaN,81.6,80.4,84.2,76.5,81.7,76.1,75.1,71.4,70.8,67.1,66.5,66.5,58.7,59.2,59.1,58.6,50.4,50.5,42.7,38.6,32.3,30.1,28.5,28.9,29.5,30.2,31.0,31.9,33.6,34.1,35.0,36.3,37.3,38.4,39.3,41.1
22:37:11.000,NaN,54.3,NaN,80.4,81.0,80.8,83.0,78.8,75.4,73.4,73.5,68.5,70.8,67.7,64.3,61.5,62.4,60.6,57.5,48.6,49.3,42.4,39.6,33.0,29.2,28.1,28.9,29.5,30.3,31.1,32.2,33.1,34.3,35.3,36.3,37.4,38.3,39.4,41.1
22:37:12.000,NaN,55.2,NaN,74.2,87.2,80.7,80.4,80.3,75.7,75.1,75.2,70.1,68.9,68.2,66.5,59.4,62.1,58.3,61.1,50.6,51.7,43.2,38.3,34.3,32.6,28.2,29.0,29.4,30.3,31.1,32.4,33.0,34.2,35.3,36.2,37.3,38.4,39.3,41.1
22:37:13.000,NaN,54.7,NaN,83.3,82.1,82.7,78.6,78.4,74.3,73.8,74.9,66.7,71.4,66.7,68.0,61.2,62.6,61.3,59.2,52.1,52.4,47.5,40.5,33.2,29.4,28.8,28.8,29.4,30.4,31.5,32.6,33.1,34.0,35.2,36.3,37.5,38.3,39.3,41.2
22:37:14.000,NaN,52.7,NaN,79.6,82.0,84.0,79.6,73.9,76.4,70.8,73.1,67.4,68.1,67.1,62.6,57.0,58.8,60.4,57.0,51.4,49.3,45.0,39.3,31.8,29.4,27.7,28.4,29.5,30.0,31.4,32.2,33.3,34.3,35.2,36.3,37.3,38.4,39.5,41.1
22:37:15.000,NaN,52.0,NaN,78.1,80.7,85.1,83.5,75.2,74.7,68.4,73.4,67.2,68.6,68.7,65.6,57.0,58.6,59.8,57.0,46.4,45.5,39.4,32.5,29.0,28.4,28.5,28.1,29.3,30.5,31.3,32.6,33.1,34.1,35.5,36.2,37.4,38.4,39.4,41.1
22:37:16.000,NaN,49.6,NaN,78.2,77.2,84.0,80.0,77.5,73.5,73.8,72.1,70.8,68.4,66.4,64.5,54.9,57.2,56.7,55.0,41.3,39.2,34.7,28.9,28.5,28.7,27.6,28.4,29.5,30.3,31.3,32.0,33.1,34.2,35.2,36.3,37.5,38.3,39.3,41.0
22:37:17.000,NaN,48.8,NaN,83.4,82.1,82.9,81.9,80.7,76.4,72.1,66.3,67.8,68.4,63.9,61.7,55.0,56.0,54.8,52.4,41.0,42.6,36.4,31.9,30.8,29.0,27.9,28.2,29.5,30.3,31.4,32.2,33.2,34.2,35.2,36.4,37.3,38.6,39.5,41.1
22:37:18.000,NaN,49.0,NaN,78.2,85.0,81.2,81.9,78.8,73.7,74.7,71.2,68.5,66.6,65.3,61.9,55.7,55.2,53.6,52.2,41.8,44.7,37.2,33.1,29.9,28.4,28.1,28.2,29.4,30.5,31.2,32.1,33.4,34.0,35.2,36.4,37.4,38.5,39.5,41.1
22:37:19.000,NaN,49.7,NaN,84.1,80.9,80.9,81.2,84.1,76.7,72.7,71.1,67.1,66.5,66.1,61.7,54.9,55.6,53.3,53.8,47.1,45.2,39.0,32.5,27.9,28.0,28.4,28.6,28.7,30.2,31.1,32.3,33.1,34.1,35.2,36.2,37.2,38.3,39.4,41.1
22:37:20.000,NaN,49.5,NaN,84.0,79.6,84.9,80.4,79.3,74.5,71.6,69.7,66.5,66.5,64.5,60.2,56.3,56.1,56.8,56.5,48.6,47.5,35.6,30.3,28.8,28.8,28.7,28.6,29.4,30.5,31.3,31.9,33.0,34.1,35.1,36.3,37.3,38.4,39.5,41.2
22:37:21.000,NaN,49.4,NaN,80.2,79.9,82.6,77.3,74.3,72.9,71.4,71.5,66.3,66.0,63.2,59.8,51.9,55.2,55.8,56.1,45.8,40.8,32.8,30.4,29.0,27.6,28.6,28.7,29.4,30.4,31.7,32.0,33.0,34.0,35.2,36.2,37.5,38.5,39.4,41.1
22:37:22.000,NaN,46.9,NaN,82.1,81.2,75.6,79.9,76.2,73.9,73.1,66.7,67.2,63.1,63.1,60.3,54.4,53.8,53.6,52.5,42.7,39.9,36.0,32.2,28.9,28.4,27.3,28.4,28.9,30.3,31.4,32.0,33.0,34.4,35.2,36.2,37.4,38.4,39.4,41.2
22:37:23.000,NaN,47.5,NaN,84.1,79.0,77.9,78.2,77.0,75.1,70.8,69.4,65.0,66.6,61.2,62.3,52.4,52.8,52.7,50.2,41.2,41.1,36.5,31.7,29.9,28.6,28.5,29.0,29.1,30.2,31.1,32.1,32.7,33.8,35.3,36.4,37.4,38.4,39.5,41.1
22:37:24.000,NaN,48.4,NaN,82.4,81.3,76.7,74.8,77.2,70.6,70.6,69.8,65.5,64.8,63.2,62.0,54.0,56.7,54.2,52.5,43.0,44.2,37.8,32.5,30.1,28.0,28.3,28.4,29.3,29.9,31.0,32.2,33.0,34.0,35.2,36.4,37.4,38.5,39.4,41.0
22:37:25.000,NaN,48.5,NaN,80.7,80.7,76.7,78.3,76.5,74.3,74.0,71.4,67.8,66.0,64.4,58.4,49.3,56.2,53.3,53.4,46.2,44.6,35.7,31.3,28.9,27.4,28.3,28.7,29.6,30.5,31.5,32.4,33.1,34.2,35.4,36.5,37.3,38.5,39.4,41.2
22:37:26.000,NaN,48.1,NaN,78.1,78.9,78.3,76.0,78.0,72.2,72.1,69.1,64.6,65.0,63.1,60.8,54.1,57.4,54.3,50.4,43.0,41.7,33.9,30.0,28.6,27.7,28.2,28.5,29.5,30.8,31.2,32.3,33.4,34.0,35.2,36.3,37.5,38.3,39.4,41.1
22:37:27.000,NaN,47.5,NaN,79.4,82.2,77.8,79.1,76.1,75.8,73.3,68.5,66.6,66.4,63.1,60.5,53.0,57.0,53.4,51.0,42.2,38.3,34.5,32.3,29.1,27.6,28.2,29.2,29.6,30.3,31.2,32.3,33.3,34.1,35.2,36.3,37.4,38.4,39.4,41.1
22:37:28.000,NaN,46.5,NaN,78.7,82.7,74.9,76.7,76.3,73.4,68.3,69.1,67.5,64.0,63.3,60.0,53.3,54.5,51.9,49.2,41.9,40.9,35.6,32.9,28.6,28.3,28.1,29.2,29.3,30.1,31.5,32.0,33.4,34.1,35.3,36.3,37.3,38.3,39.3,41.1
22:37:29.000,NaN,47.2,NaN,84.1,83.7,80.9,75.6,79.0,77.4,70.9,71.2,64.3,65.7,63.6,60.9,55.1,53.0,51.8,47.8,39.6,43.8,36.2,29.7,28.6,28.1,28.3,28.7,29.7,30.8,31.5,32.2,33.5,34.4,35.3,36.3,37.4,38.5,39.4,41.0
22:37:30.000,NaN,48.1,NaN,80.0,78.4,80.0,75.2,73.8,71.9,71.2,67.5,64.5,68.2,66.5,63.5,55.2,53.9,49.3,49.2,41.8,44.9,36.4,31.5,28.5,28.1,28.9,29.4,29.7,30.7,31.5,32.6,33.5,34.5,35.3,36.5,37.3,38.3,39.3,41.1
22:37:31.000,NaN,48.8,NaN,67.6,76.3,74.9,75.5,70.8,74.4,70.4,70.5,68.3,66.2,66.4,64.5,54.7,56.1,51.3,50.4,43.4,45.1,37.4,33.8,28.7,28.1,28.5,29.0,29.5,30.4,31.3,32.7,33.6,34.4,35.3,36.3,37.3,38.5,39.4,41.1
22:37:32.000,NaN,48.6,NaN,75.8,74.8,81.9,80.1,75.4,72.5,69.4,70.8,66.2,67.9,66.1,62.0,56.1,57.8,53.2,50.0,43.2,44.2,37.8,30.6,29.0,27.8,27.6,29.1,29.5,30.3,31.5,32.4,33.6,34.7,35.4,36.6,37.3,38.4,39.2,41.2
22:37:33.000,NaN,51.8,NaN,74.0,82.2,74.2,73.2,73.3,70.2,70.3,69.5,65.7,67.1,66.6,62.2,55.1,60.2,58.5,56.7,44.8,44.9,39.5,33.0,29.0,28.6,28.0,28.5,30.0,30.9,31.5,32.9,33.5,34.6,35.3,36.4,37.5,38.4,39.3,41.1
22:37:34.000,NaN,51.9,NaN,79.7,76.3,78.0,73.3,73.0,72.9,68.8,69.2,68.8,64.5,62.6,60.8,55.6,57.4,58.3,56.8,46.3,43.6,37.1,33.2,28.8,27.3,27.4,28.6,29.4,30.1,31.1,32.2,33.1,34.2,35.3,36.4,37.4,38.4,39.3,41.1
22:37:35.000,NaN,52.0,NaN,75.3,83.5,77.3,75.0,78.1,72.6,70.7,70.3,67.3,67.9,66.4,63.9,54.1,59.6,60.2,58.4,50.0,47.3,42.4,35.7,31.0,28.4,28.1,29.2,29.6,30.3,31.3,32.3,33.1,34.4,35.3,36.4,37.4,38.3,39.3,41.1
22:37:36.000,NaN,52.0,NaN,79.6,73.2,76.7,77.3,78.5,72.6,72.6,70.8,66.8,69.7,68.1,64.3,55.2,56.0,59.5,58.1,51.2,46.7,41.5,35.8,30.0,28.5,28.1,28.5,30.0,30.7,31.5,32.0,32.8,33.9,34.9,36.5,37.5,38.4,39.4,41.0
22:37:37.000,NaN,50.2,NaN,78.9,80.1,76.4,73.4,74.4,75.9,68.8,69.0,68.6,66.5,66.5,63.1,54.2,56.9,56.6,54.3,49.2,47.4,40.8,34.2,29.2,28.7,28.0,28.5,28.9,30.2,31.2,31.9,32.9,34.3,35.3,36.3,37.3,38.4,39.4,41.1
22:37:38.000,NaN,50.2,NaN,78.5,76.1,79.0,78.3,74.8,74.6,67.3,65.1,63.3,65.8,64.0,60.9,55.2,57.4,56.6,53.9,47.7,47.4,40.7,35.3,29.4,28.9,28.6,29.0,29.0,30.2,30.9,32.0,33.3,34.2,35.3,36.2,37.5,38.3,39.2,41.0
22:37:39.000,NaN,50.2,NaN,80.1,77.1,77.8,75.6,73.9,68.0,71.7,71.1,64.0,67.0,62.8,61.3,54.7,56.8,57.5,54.8,46.6,45.1,40.8,35.3,30.3,28.4,28.5,28.6,29.1,29.9,31.0,32.1,33.0,34.1,35.2,36.3,37.6,38.3,39.5,41.1
22:37:40.000,NaN,52.3,NaN,76.2,77.3,74.8,74.4,76.0,72.2,68.2,70.4,66.0,66.2,66.2,61.0,56.1,57.9,59.9,58.0,51.0,47.1,40.0,35.1,30.8,28.5,28.4,28.7,29.5,30.3,31.0,32.0,33.0,34.2,35.4,36.3,37.3,38.4,39.5,41.1
22:37:41.000,NaN,52.7,NaN,77.7,78.5,75.7,76.3,74.6,75.6,66.6,71.6,66.8,66.0,62.8,63.0,55.7,57.9,59.2,57.9,53.5,49.6,43.2,34.1,30.9,28.9,28.8,28.9,29.4,30.2,31.5,32.2,33.4,34.2,35.4,36.1,37.3,38.3,39.4,41.1
22:37:42.000,NaN,50.7,NaN,87.0,76.2,77.3,74.0,79.7,74.3,68.6,68.2,63.8,64.0,64.8,60.5,56.7,59.7,56.5,55.0,49.7,46.8,41.1,31.8,28.1,27.4,28.1,29.0,29.5,30.6,31.7,32.4,33.2,34.3,35.3,36.3,37.5,38.4,39.4,41.1
22:37:43.000,NaN,51.3,NaN,78.7,78.5,79.0,75.9,73.6,73.2,68.5,67.9,66.8,66.3,64.4,59.1,55.1,57.2,58.0,56.6,49.7,48.9,41.4,34.7,30.6,28.0,28.9,28.9,29.4,30.4,31.3,32.4,33.2,34.2,35.2,36.4,37.2,38.4,39.5,41.0
22:37:44.000,NaN,50.6,NaN,80.4,75.3,72.5,77.1,72.4,72.2,70.0,69.0,65.9,67.5,65.5,60.6,54.9,56.9,58.1,55.1,46.2,47.3,40.4,35.8,29.9,28.3,28.1,28.9,29.6,30.6,31.7,33.3,33.8,34.8,35.6,36.3,37.4,38.6,39.5,41.1
22:37:45.000,NaN,49.2,NaN,76.6,74.7,74.5,74.0,75.0,76.0,70.3,72.5,65.7,66.0,65.4,59.1,53.4,56.5,57.9,52.6,43.8,44.3,38.8,32.8,28.2,27.4,28.5,29.2,29.9,30.1,32.0,32.7,33.3,34.5,35.4,36.4,37.3,38.5,39.4,41.1
22:37:46.000,NaN,50.1,NaN,79.9,80.6,79.3,75.9,73.4,70.2,70.4,69.4,64.0,64.5,64.3,59.7,55.4,57.5,57.9,53.6,46.3,43.5,37.1,30.4,27.8,27.9,28.6,28.9,29.7,30.6,31.8,32.5,33.4,34.5,35.2,36.3,37.4,38.4,39.4,41.1
22:37:47.000,NaN,50.5,NaN,79.2,75.3,76.7,78.2,74.9,70.4,70.3,69.8,64.8,66.0,65.7,61.6,57.0,60.2,58.2,54.5,48.0,43.9,34.9,29.4,27.8,27.6,28.1,29.1,29.4,30.1,31.3,32.4,33.4,34.4,35.1,36.3,37.2,38.4,39.4,41.1
22:37:48.000,NaN,52.6,NaN,79.9,81.3,77.3,72.4,72.8,67.4,69.0,73.0,66.6,65.9,66.3,62.2,58.2,62.5,58.6,56.3,47.0,46.2,38.9,30.9,28.6,27.6,28.1,28.7,29.5,30.5,31.3,32.4,33.0,34.2,35.0,36.1,37.3,38.3,39.5,41.0
22:37:49.000,NaN,51.2,NaN,80.5,73.4,78.8,77.2,73.9,71.7,73.1,69.6,68.6,67.0,63.3,64.3,56.0,58.6,59.0,55.6,45.6,47.0,39.6,32.9,30.1,27.9,27.8,28.7,29.7,30.5,30.7,32.0,33.3,34.2,35.1,36.2,37.4,38.5,39.4,41.0
22:37:50.000,NaN,51.6,NaN,73.6,75.2,76.5,75.1,75.1,72.4,69.9,70.6,66.4,66.3,67.4,62.2,57.4,60.7,60.0,55.2,47.9,47.3,42.7,34.7,29.6,27.9,28.0,28.6,29.6,30.2,31.3,32.2,33.1,34.2,35.1,36.2,37.4,38.4,39.4,41.1
22:37:51.000,NaN,52.1,NaN,81.0,77.6,76.3,74.9,74.1,70.9,71.0,69.3,66.2,69.1,66.3,63.9,59.6,60.8,57.7,55.8,47.1,48.2,42.0,32.9,29.2,27.6,27.7,27.9,29.4,30.3,30.9,31.6,33.1,34.3,35.4,36.3,37.3,38.4,39.3,41.0
22:37:52.000,NaN,49.4,NaN,75.4,75.2,73.8,77.3,74.5,73.6,69.8,71.8,65.5,68.1,64.8,61.5,58.2,59.1,55.9,53.8,46.5,44.0,38.9,32.1,29.0,28.0,28.6,29.1,28.9,30.1,31.4,32.2,33.2,34.3,35.1,36.4,37.4,38.4,39.5,41.1
22:37:53.000,NaN,49.2,NaN,76.8,78.0,75.5,76.3,78.0,69.2,70.4,67.7,67.9,65.1,63.0,64.3,57.9,58.6,54.9,52.3,43.4,42.7,38.1,33.8,29.8,28.5,27.9,28.6,29.8,30.2,31.2,32.0,33.4,34.0,35.1,36.2,37.4,38.5,39.5,41.1
22:37:54.000,NaN,48.5,NaN,77.0,70.5,76.3,79.0,78.6,70.0,69.5,70.0,67.2,66.8,65.4,61.6,55.8,55.4,52.2,50.8,43.7,42.5,36.6,32.7,28.8,27.9,28.1,28.7,29.2,30.1,31.1,32.3,33.0,34.1,35.4,36.2,37.4,38.3,39.5,41.1
22:37:55.000,NaN,48.8,NaN,74.2,76.3,77.0,78.4,76.2,72.5,72.0,71.3,68.0,66.6,68.1,65.9,56.4,52.5,52.5,52.7,45.3,44.4,37.4,30.8,28.3,28.0,28.1,28.3,29.6,30.4,31.2,32.2,33.2,34.2,35.4,36.2,37.4,38.3,39.5,41.1
22:37:56.000,NaN,46.6,NaN,78.0,81.7,74.9,75.3,76.7,73.2,72.5,70.9,68.2,64.7,65.0,59.4,51.1,50.0,53.2,50.8,42.6,39.1,31.5,27.4,27.6,27.8,28.5,29.0,29.7,30.1,31.1,32.2,33.2,34.3,35.2,36.3,37.3,38.4,39.3,41.0
22:37:57.000,NaN,49.3,NaN,82.5,76.6,78.0,78.4,73.7,70.4,71.8,67.9,65.4,66.1,66.5,63.1,49.9,54.8,56.1,52.0,41.2,38.7,31.8,29.0,27.3,27.7,28.5,28.9,29.8,30.0,31.3,32.2,33.3,34.5,35.2,36.0,37.4,38.5,39.4,41.0
22:37:58.000,NaN,48.5,NaN,77.1,75.6,80.8,79.5,72.8,72.9,69.1,70.3,68.9,66.3,62.8,58.3,51.5,58.9,53.9,52.9,42.0,38.3,32.4,27.9,27.8,28.2,28.6,28.5,29.8,30.5,31.1,32.7,33.6,34.8,35.5,36.5,37.3,38.4,39.4,41.1
22:37:59.000,NaN,46.7,NaN,79.1,78.5,79.4,76.3,78.3,75.3,71.0,71.2,68.5,65.6,64.5,60.6,52.7,58.3,54.2,51.8,43.6,37.0,32.0,29.1,27.6,28.1,28.5,28.5,29.0,30.2,31.4,32.3,33.1,34.4,35.3,36.4,37.4,38.5,39.4,41.1
22:38:00.000,NaN,47.0,NaN,76.5,77.2,78.5,75.3,76.6,73.7,70.6,70.1,68.5,65.9,63.4,58.7,52.3,53.7,50.7,49.7,45.1,39.7,32.9,30.9,29.1,28.3,28.7,29.0,29.3,30.3,31.3,32.3,33.4,34.3,35.4,36.3,37.3,38.3,39.4,41.1
22:38:01.000,NaN,47.2,NaN,79.7,78.9,74.8,78.2,77.6,72.0,66.2,68.4,66.7,64.9,62.6,60.6,54.2,54.9,50.6,50.6,46.7,42.6,37.6,33.0,29.7,28.9,28.8,28.9,29.4,30.0,30.9,32.5,33.4,34.6,35.3,36.6,37.3,38.6,39.5,41.1
22:38:02.000,NaN,47.0,NaN,74.0,74.6,76.7,71.5,71.5,71.2,70.2,69.7,68.0,65.0,61.5,60.4,52.9,53.0,51.0,49.4,43.7,42.9,38.4,33.9,29.4,29.1,28.1,29.0,29.2,30.3,31.3,32.8,33.5,34.7,35.5,36.8,37.4,38.4,39.3,41.1
22:38:03.000,NaN,44.9,NaN,76.8,75.7,70.6,75.8,79.7,74.9,71.3,70.6,64.0,65.5,63.3,60.1,54.7,53.7,49.1,47.1,41.9,38.9,34.1,31.0,27.3,28.2,28.6,28.5,29.5,30.1,30.9,32.4,33.2,34.2,35.3,37.0,37.4,38.4,39.5,41.1
22:38:04.000,NaN,44.2,NaN,81.8,79.3,72.8,72.8,75.3,68.0,67.5,67.1,64.1,63.2,59.6,58.1,52.1,51.8,48.3,47.1,40.5,36.8,30.4,28.2,27.9,28.1,28.4,28.3,29.6,30.7,31.3,32.1,33.3,34.0,35.3,36.6,37.2,38.4,39.2,41.1
22:38:05.000,NaN,43.9,NaN,82.5,77.0,76.5,79.1,76.2,70.0,68.7,67.9,64.2,62.8,60.8,58.0,52.2,51.6,46.8,46.5,37.9,34.4,29.9,27.9,27.4,27.2,28.5,29.3,28.7,30.3,31.3,32.1,32.9,34.3,35.1,36.3,37.4,38.5,39.4,41.1
22:38:06.000,NaN,41.9,NaN,77.5,73.7,77.9,76.9,74.7,72.5,70.6,64.9,63.1,62.3,59.9,57.6,50.6,47.9,48.4,45.3,37.8,33.0,29.3,27.8,27.3,27.2,28.0,29.0,29.6,30.5,31.2,32.1,33.0,34.2,35.3,36.3,37.2,38.3,39.4,41.0
22:38:07.000,NaN,44.5,NaN,75.7,66.5,81.2,74.0,74.4,67.6,67.3,63.5,61.8,60.3,60.3,55.6,49.1,51.8,51.9,48.9,38.0,35.2,29.9,27.8,27.2,27.2,28.3,29.0,29.0,30.4,31.3,32.1,33.3,34.0,35.3,36.2,37.5,38.6,39.4,41.1
22:38:08.000,NaN,43.4,NaN,72.2,78.6,77.9,76.5,74.7,72.6,65.2,64.8,64.8,63.0,61.4,57.0,47.8,49.9,49.1,47.2,38.7,35.9,30.3,27.3,27.3,27.8,27.7,28.4,29.3,30.0,30.9,32.1,33.1,34.0,35.1,36.4,37.5,38.4,39.5,41.1
22:38:09.000,NaN,43.7,NaN,77.6,74.4,73.9,75.4,67.4,68.5,65.3,63.1,63.1,61.3,58.1,54.2,47.3,50.9,48.8,47.9,38.9,35.9,31.0,28.4,27.4,28.5,28.2,29.0,29.0,30.0,30.8,32.2,33.1,34.2,35.4,36.1,37.3,38.4,39.3,41.2
22:38:10.000,NaN,44.7,NaN,80.7,79.5,78.4,73.7,77.8,67.5,64.5,64.6,63.4,61.8,60.6,55.4,48.5,51.3,50.1,49.3,43.9,38.2,32.5,29.1,27.9,27.3,27.9,28.2,28.8,30.3,31.4,32.4,33.0,34.3,35.4,36.3,37.2,38.3,39.3,41.1
22:38:11.000,NaN,45.5,NaN,71.8,74.8,78.4,74.4,74.7,72.3,70.0,61.8,63.8,61.1,59.6,54.7,50.4,52.5,51.2,50.1,42.3,41.6,36.5,30.0,29.4,28.8,28.6,28.7,29.2,30.4,31.2,32.4,33.2,34.3,35.3,36.4,37.3,38.3,39.5,41.0
22:38:12.000,NaN,47.8,NaN,68.1,74.0,73.2,72.2,73.8,68.3,70.4,66.7,63.0,61.9,59.8,56.5,50.6,53.0,52.5,50.7,44.9,46.3,40.6,34.7,31.2,29.4,27.9,28.5,29.4,30.3,31.3,32.5,33.2,34.1,35.5,36.6,37.3,38.5,39.4,41.2
22:38:13.000,NaN,47.7,NaN,74.5,76.9,73.5,73.7,70.2,71.6,67.8,66.8,63.2,64.0,65.0,59.3,51.5,54.2,54.2,51.7,45.8,43.8,38.5,33.6,29.0,28.1,28.1,28.6,29.3,30.0,31.5,32.0,33.3,34.5,35.4,36.9,37.3,38.3,39.4,41.2
22:38:14.000,NaN,48.4,NaN,80.3,75.7,73.4,76.8,74.7,70.4,65.2,65.3,63.3,65.3,64.0,59.7,51.3,54.7,54.9,52.1,45.6,41.6,35.8,28.9,27.8,28.8,28.5,28.7,29.4,30.4,31.0,32.3,33.3,34.7,35.3,36.9,37.3,38.4,39.4,41.2
22:38:15.000,NaN,49.6,NaN,80.4,74.6,75.7,76.0,73.7,71.1,67.7,62.8,62.8,65.6,63.2,59.2,53.4,58.6,57.7,54.6,44.1,41.9,35.0,30.1,28.3,28.4,28.5,28.8,29.5,30.2,31.5,32.2,33.6,34.6,35.5,36.4,37.4,38.3,39.4,41.1
22:38:16.000,NaN,49.4,NaN,82.2,71.8,78.0,74.8,74.7,70.7,69.5,66.5,64.8,65.1,64.2,61.4,53.2,54.8,55.8,54.6,44.8,42.4,35.9,29.9,27.9,27.9,28.1,29.1,29.6,30.3,31.1,32.3,33.5,34.5,35.2,36.3,37.5,38.4,39.4,41.0
22:38:17.000,NaN,49.0,NaN,76.1,76.7,78.6,76.7,72.3,71.0,65.2,68.8,65.3,64.8,65.5,62.4,54.6,56.7,56.5,54.9,47.5,40.8,34.3,29.1,27.5,28.6,28.8,28.4,29.4,30.3,31.2,32.4,33.3,34.3,35.3,36.2,37.5,38.5,39.4,41.0
22:38:18.000,NaN,47.5,NaN,75.5,74.1,75.3,78.2,71.5,72.1,68.7,66.5,65.2,65.0,64.3,61.2,53.6,54.2,54.8,51.6,42.9,34.6,31.0,28.8,27.6,27.5,28.9,29.5,29.6,30.2,31.3,32.5,33.6,34.2,35.4,36.2,37.2,38.6,39.4,41.1
22:38:19.000,NaN,45.7,NaN,75.4,74.9,78.8,77.8,75.1,70.6,68.3,66.6,64.9,65.0,64.7,62.7,54.8,55.5,52.4,49.2,40.8,35.2,33.2,31.6,28.1,28.9,28.3,28.8,29.1,30.0,31.4,32.3,33.4,34.3,35.5,36.3,37.3,38.5,39.4,41.1
22:38:20.000,NaN,45.3,NaN,78.7,74.9,74.6,73.5,74.5,73.4,71.8,67.9,64.6,60.9,62.3,57.2,52.9,52.5,47.0,47.6,42.6,38.4,34.8,29.2,28.3,28.8,28.2,28.5,29.4,30.3,31.4,32.4,33.1,34.4,35.4,36.5,37.4,38.4,39.5,41.1
22:38:21.000,NaN,44.2,NaN,77.8,73.5,76.4,80.9,74.9,73.9,69.6,67.1,64.4,64.1,61.5,57.9,49.8,50.9,50.0,47.4,42.5,40.2,34.8,28.3,27.7,28.8,27.8,28.9,29.2,30.0,31.0,32.2,33.2,34.1,35.4,36.7,37.3,38.4,39.3,41.0
22:38:22.000,NaN,45.6,NaN,76.2,68.5,76.2,70.8,73.9,67.7,68.3,68.3,62.9,63.8,61.3,58.5,48.6,48.8,50.0,48.3,42.5,38.6,36.4,29.4,27.7,27.7,28.5,28.8,29.7,30.4,31.2,32.1,32.7,34.1,35.3,36.4,37.4,38.5,39.3,41.1
22:38:23.000,NaN,44.5,NaN,74.5,74.1,72.0,73.6,68.4,68.8,67.1,65.7,65.1,65.3,62.6,59.4,48.7,45.5,46.9,45.9,41.6,38.6,33.9,29.1,28.0,28.6,28.2,29.0,29.2,30.2,31.3,32.4,33.4,34.1,35.4,36.4,37.3,38.4,39.3,41.0
22:38:24.000,NaN,41.8,NaN,71.7,78.1,71.6,73.2,70.0,70.6,68.6,64.7,65.8,63.6,61.0,57.7,46.5,47.5,48.0,47.0,39.5,37.1,33.3,28.7,28.3,29.9,28.3,28.6,29.4,30.2,31.2,32.1,33.2,34.1,35.5,36.1,37.3,38.5,39.4,41.1
22:38:25.000,NaN,43.3,NaN,76.2,67.6,67.9,76.7,73.6,68.8,68.3,68.1,62.2,59.7,60.2,56.1,47.6,46.9,46.7,45.9,40.6,38.8,32.3,28.3,27.3,28.0,28.9,28.7,29.4,30.3,31.1,32.3,33.0,34.2,35.4,36.4,37.3,38.5,39.5,41.1
22:38:26.000,NaN,42.0,NaN,80.4,74.8,74.7,75.9,70.9,68.0,66.9,67.2,59.3,61.9,60.5,54.3,47.2,48.3,46.8,46.0,39.6,35.8,32.3,27.3,27.3,28.6,28.3,28.9,29.1,30.4,31.3,32.2,33.0,33.9,35.2,36.3,37.4,38.4,39.5,41.1
22:38:27.000,NaN,44.4,NaN,75.5,80.7,73.9,75.6,70.4,69.6,67.2,64.8,60.1,62.6,58.2,57.3,51.8,50.4,47.8,47.9,41.5,37.1,35.5,31.1,28.2,29.7,28.9,28.7,29.2,30.0,31.4,32.3,33.1,34.3,35.4,36.2,37.3,38.4,39.3,41.1
22:38:28.000,NaN,43.7,NaN,74.2,74.1,70.8,69.8,70.3,72.8,68.6,65.5,61.5,60.3,59.9,54.5,51.1,51.0,46.8,47.4,42.0,37.0,33.4,28.9,27.5,27.8,28.3,28.2,29.4,30.2,31.0,32.2,33.5,34.3,35.1,36.3,37.3,38.5,39.4,41.2
22:38:29.000,NaN,42.5,NaN,75.5,72.0,69.9,72.6,74.1,70.0,69.1,65.2,63.4,61.9,61.4,56.5,46.6,49.9,46.4,46.6,39.4,34.1,30.3,28.4,27.6,27.7,27.8,28.6,29.7,30.5,31.0,32.1,33.1,34.2,35.2,36.2,37.4,38.4,39.3,41.1
22:38:30.000,NaN,43.2,NaN,73.9,76.7,76.0,72.1,75.8,68.3,65.7,65.5,61.9,59.4,59.2,55.8,50.1,50.5,47.7,45.0,41.0,36.3,30.5,28.0,26.6,28.6,28.5,28.6,29.3,30.1,30.8,32.4,33.2,34.4,35.2,36.0,37.5,38.3,39.4,41.2
22:38:31.000,NaN,42.5,NaN,73.1,69.0,75.0,72.9,72.2,68.8,68.1,64.2,60.3,63.1,60.9,53.7,47.3,47.7,47.0,44.1,36.9,34.8,29.9,28.7,27.4,27.7,28.2,28.8,29.2,30.2,31.0,32.3,32.9,34.1,35.0,36.2,37.3,38.5,39.4,41.1
22:38:32.000,NaN,44.9,NaN,79.3,75.7,67.5,76.7,69.3,69.7,66.9,62.5,56.8,61.8,60.0,58.2,51.5,50.1,50.5,49.5,39.5,35.1,31.7,28.4,27.9,28.0,28.1,28.4,29.5,30.0,31.2,32.1,32.8,34.1,35.4,36.5,37.3,38.4,39.3,41.1
22:38:33.000,NaN,44.2,NaN,80.4,70.8,70.8,71.5,71.1,67.5,70.6,65.3,62.9,64.9,62.3,56.0,50.8,48.2,49.6,48.3,42.2,35.6,31.8,28.1,27.3,27.6,27.8,28.3,29.6,30.1,30.9,31.9,33.0,34.0,35.5,36.3,37.4,38.4,39.3,41.1
22:38:34.000,NaN,45.5,NaN,72.5,73.9,73.3,71.4,73.6,69.8,65.9,65.0,63.5,62.8,58.7,55.7,51.7,50.7,51.2,51.5,43.1,37.8,31.0,27.8,27.6,27.5,28.1,28.8,29.4,30.3,31.1,32.3,33.0,34.2,35.2,36.2,37.3,38.6,39.4,41.1
22:38:35.000,NaN,45.2,NaN,76.8,69.6,77.2,74.7,72.9,69.4,67.5,65.5,62.3,65.0,61.5,58.3,50.3,52.4,48.6,49.9,43.7,39.0,33.9,28.5,28.1,28.6,28.5,28.9,29.0,30.0,31.4,32.3,33.2,34.0,35.4,36.3,37.2,38.5,39.5,41.2
22:38:36.000,NaN,44.0,NaN,75.2,76.7,77.9,75.3,72.2,70.9,68.8,68.3,62.0,63.8,61.0,55.9,51.3,51.5,50.7,48.3,40.7,36.3,31.4,27.1,27.0,28.0,27.9,28.6,29.7,30.3,31.4,32.5,33.0,34.1,35.2,36.4,37.2,38.5,39.4,41.1
22:38:37.000,NaN,45.5,NaN,73.0,79.0,74.8,69.4,67.5,66.8,67.3,63.5,62.2,62.1,61.0,57.0,51.8,55.0,51.1,49.6,41.1,37.1,29.4,27.5,27.4,27.7,28.3,28.8,29.4,30.0,31.2,32.1,33.2,34.3,35.4,36.3,37.3,38.4,39.4,41.0
22:38:38.000,NaN,43.8,NaN,71.1,73.9,73.5,68.6,71.6,69.0,65.8,64.5,62.1,60.5,62.2,55.5,51.8,51.1,49.6,46.6,39.3,33.3,29.3,28.0,27.4,28.2,27.8,28.5,29.3,30.3,31.1,32.6,32.9,34.1,35.0,36.3,37.2,38.5,39.5,41.1
22:38:39.000,NaN,43.8,NaN,77.8,74.1,73.7,76.9,74.1,67.7,64.5,67.8,57.9,60.6,60.2,54.1,51.7,52.4,51.6,46.2,39.3,35.7,32.0,28.4,27.8,28.0,28.3,29.2,28.8,30.0,31.2,32.0,33.2,34.3,35.3,36.2,37.3,38.5,39.5,41.0
22:38:40.000,NaN,45.0,NaN,76.8,78.4,73.5,75.6,71.3,65.4,67.2,65.4,61.6,61.2,59.6,56.5,51.9,53.3,51.5,48.8,39.9,36.2,32.4,26.8,27.6,27.7,28.2,28.7,29.3,29.9,31.4,32.1,33.3,34.7,35.3,36.2,37.4,38.3,39.4,41.2
22:38:41.000,NaN,43.4,NaN,70.6,77.5,75.9,67.3,70.1,65.3,66.6,65.6,62.1,62.4,62.1,56.9,48.4,49.6,49.2,46.7,38.9,33.8,29.8,27.6,26.4,28.0,28.0,29.1,29.3,29.9,30.9,31.8,33.4,34.2,35.2,36.4,37.3,38.5,39.3,41.1
22:38:42.000,NaN,45.5,NaN,72.9,77.9,77.0,71.9,67.8,64.1,66.1,64.2,62.6,63.0,60.2,58.0,48.9,50.9,52.2,49.3,39.9,36.1,32.9,28.2,27.8,28.1,28.1,28.7,29.3,30.1,31.0,32.3,33.3,34.4,35.4,36.3,37.3,38.5,39.3,41.1
22:38:43.000,NaN,46.1,NaN,70.6,79.1,75.1,73.8,70.5,69.4,65.9,63.8,61.6,61.3,60.2,58.2,52.0,53.2,53.5,51.9,44.2,39.4,35.7,30.7,28.3,28.3,28.0,28.7,29.3,30.4,31.2,32.4,33.8,34.4,35.2,36.3,37.3,38.4,39.5,41.2
22:38:44.000,NaN,45.8,NaN,72.3,76.2,70.5,73.0,72.7,73.0,64.8,64.8,60.1,60.6,59.5,58.6,49.6,52.3,50.5,50.1,43.9,39.6,34.9,28.6,28.0,27.6,28.5,28.9,29.5,30.3,30.9,32.6,33.7,34.3,35.2,36.2,37.4,38.5,39.4,41.1
22:38:45.000,NaN,47.6,NaN,77.8,77.4,76.0,73.3,72.3,63.8,66.2,68.0,60.6,59.7,59.4,56.0,50.7,53.8,52.9,51.8,47.4,43.9,40.3,33.5,29.2,27.6,27.7,28.7,29.2,30.8,31.2,32.4,33.3,34.8,35.2,36.3,37.4,38.4,39.4,41.1
22:38:46.000,NaN,47.2,NaN,79.4,75.8,80.3,72.2,72.4,67.1,67.4,64.3,60.9,61.2,61.7,57.3,51.1,54.2,52.6,49.6,44.8,39.3,37.4,34.5,29.3,28.0,28.3,28.3,29.3,30.2,31.1,32.1,33.0,34.2,35.3,36.2,37.1,38.2,39.4,41.2
22:38:47.000,NaN,44.7,NaN,78.3,77.3,67.4,70.0,72.2,68.8,65.8,65.9,60.9,61.8,59.7,59.3,53.9,55.3,51.6,50.9,46.1,39.9,35.1,32.3,28.1,27.8,27.8,28.8,29.6,30.0,31.1,31.9,33.1,34.2,35.3,36.3,37.3,38.2,39.5,41.1
22:38:48.000,NaN,45.5,NaN,71.4,75.5,78.4,73.4,67.9,70.6,66.9,65.8,59.7,61.2,61.4,56.2,53.8,53.8,50.6,49.5,42.9,40.1,35.6,30.2,28.8,28.6,28.3,28.5,29.0,29.9,30.9,32.1,33.0,34.0,35.2,36.4,37.3,38.4,39.4,41.1
22:38:49.000,NaN,42.8,NaN,72.3,72.1,75.3,71.9,73.4,65.6,69.3,64.2,61.3,60.1,62.3,56.8,52.8,49.6,46.7,45.9,40.8,37.3,33.7,28.3,28.4,27.9,27.7,29.0,29.2,30.0,30.9,32.3,32.8,34.0,35.3,36.3,37.5,38.4,39.3,41.0
22:38:50.000,NaN,41.2,NaN,80.5,74.8,76.3,70.8,71.3,70.3,66.3,63.7,58.9,60.7,55.9,52.5,50.0,48.9,43.7,43.5,38.7,33.4,32.3,28.0,26.9,27.1,28.3,28.6,29.0,29.9,31.3,31.8,33.0,34.1,35.1,36.3,37.3,38.4,39.5,41.1
22:38:51.000,NaN,40.6,NaN,75.9,72.6,77.3,77.2,73.1,68.9,66.2,59.5,60.5,60.6,57.2,53.9,46.7,47.2,44.5,42.4,36.9,34.3,31.4,27.5,27.3,28.0,27.9,28.3,29.3,30.2,31.3,32.2,33.1,34.2,35.2,36.2,37.3,38.4,39.4,41.1
22:38:52.000,NaN,41.5,NaN,72.6,79.2,75.3,74.1,74.8,66.7,66.1,62.4,61.0,61.5,55.7,55.4,47.3,47.9,43.7,43.3,35.7,33.8,30.6,27.8,27.4,27.2,28.4,28.6,29.0,29.9,31.1,32.0,33.4,34.1,34.9,36.2,37.3,38.3,39.4,41.1
22:38:53.000,NaN,41.6,NaN,72.8,77.6,73.1,72.8,75.0,63.1,63.7,62.7,62.2,58.9,57.3,57.5,50.1,49.9,47.9,43.2,36.1,34.3,30.4,28.1,28.3,28.1,27.7,28.4,29.5,30.4,31.0,32.1,33.1,34.0,35.1,36.1,37.4,38.3,39.6,41.0
22:38:54.000,NaN,42.6,NaN,74.1,79.6,69.3,73.1,72.6,66.3,66.1,62.2,59.7,58.8,58.5,55.3,50.1,48.8,49.2,46.3,40.7,32.7,29.3,27.1,27.5,27.2,27.9,28.9,29.1,30.0,31.4,32.2,33.0,34.2,35.3,36.1,37.3,38.4,39.5,41.1
22:38:55.000,NaN,42.2,NaN,73.0,76.6,71.8,76.3,68.6,67.6,63.3,63.6,61.6,61.8,60.7,57.4,50.4,46.9,44.0,44.4,38.9,31.8,29.6,27.4,27.8,27.4,28.0,28.3,29.3,30.2,30.9,32.4,33.0,34.3,35.2,36.2,37.4,38.6,39.3,41.1
22:38:56.000,NaN,41.0,NaN,70.9,74.4,75.3,74.3,73.3,69.2,66.4,64.8,61.2,61.8,59.2,57.3,48.5,47.9,44.8,42.8,36.7,30.8,28.7,26.9,27.5,27.6,27.8,28.5,29.2,29.9,31.1,32.2,32.8,34.2,35.3,36.3,37.3,38.3,39.6,41.1
22:38:57.000,NaN,42.3,NaN,71.2,68.0,77.8,73.4,72.9,71.0,68.8,63.5,59.0,61.2,58.6,54.8,50.0,49.5,44.1,42.9,38.1,32.4,28.9,27.0,27.3,28.0,28.0,28.2,29.3,29.9,31.1,32.1,33.1,34.2,35.2,36.2,37.5,38.6,39.3,41.1
22:38:58.000,NaN,42.4,NaN,67.6,72.5,76.2,72.9,69.1,70.7,65.1,67.9,60.4,60.8,60.6,57.7,49.6,50.0,44.8,41.2,36.3,30.6,28.5,27.4,26.9,27.4,28.0,28.7,29.6,30.1,30.9,31.9,33.1,34.2,35.2,36.2,37.3,38.4,39.4,41.1
22:38:59.000,NaN,42.6,NaN,72.6,73.0,76.9,78.0,73.8,70.4,68.4,67.2,62.2,60.5,59.0,57.2,52.3,48.2,45.6,44.1,39.6,29.2,28.7,26.3,26.8,28.0,27.7,28.8,29.2,30.1,31.3,32.1,33.1,34.3,35.2,36.3,37.3,38.4,39.5,41.0
22:39:00.000,NaN,41.7,NaN,74.9,79.0,77.5,75.7,71.6,66.8,66.1,67.5,60.4,59.6,61.2,58.6,52.7,50.2,44.8,44.0,39.8,31.0,27.8,26.5,26.8,27.9,28.4,29.0,28.9,30.2,31.3,32.0,32.9,34.1,35.1,36.5,37.2,38.5,39.4,41.0
22:39:01.000,NaN,42.7,NaN,71.9,78.2,72.4,77.3,72.2,70.6,69.2,65.6,60.8,59.8,59.9,58.1,51.1,47.4,45.3,46.0,38.1,31.4,28.9,27.5,27.2,27.5,28.4,28.8,29.3,30.2,30.8,32.5,33.2,33.8,35.0,36.2,37.1,38.4,39.5,41.1
22:39:02.000,NaN,40.6,NaN,67.0,78.6,77.0,75.4,73.4,69.6,68.4,64.8,61.8,59.4,58.6,55.8,49.0,46.0,43.3,42.9,35.5,30.4,28.8,28.1,27.9,28.1,27.7,28.9,28.9,30.0,31.3,31.9,33.0,34.1,35.2,36.3,37.4,38.3,39.5,41.1
22:39:03.000,NaN,41.1,NaN,73.4,72.8,78.8,78.1,73.5,63.4,65.6,62.4,58.4,59.7,58.3,56.5,48.3,45.4,43.9,41.8,34.2,31.8,28.1,27.2,28.0,27.7,28.1,28.5,29.4,30.3,31.5,32.5,33.1,34.1,34.9,36.2,37.2,38.5,39.3,41.0
22:39:04.000,NaN,43.0,NaN,73.7,78.4,79.1,75.7,73.6,68.2,63.4,65.2,62.0,62.3,59.7,56.7,50.7,48.4,46.4,44.7,38.7,33.1,28.2,28.1,28.2,28.3,28.3,28.5,29.2,29.7,31.0,32.1,33.3,34.1,35.1,36.2,37.3,38.3,39.2,41.0
22:39:05.000,NaN,41.6,NaN,73.3,70.5,74.9,72.9,73.3,70.5,68.0,66.6,62.0,61.4,61.1,57.9,51.1,48.8,44.3,43.1,36.5,32.9,28.6,29.2,28.0,28.4,27.9,29.0,29.4,30.5,31.3,31.8,32.9,34.0,35.0,36.2,37.3,38.4,39.3,41.0
22:39:06.000,NaN,40.3,NaN,75.5,77.4,76.8,71.8,74.9,70.7,64.9,64.4,59.7,61.4,59.7,55.6,48.7,46.9,42.7,40.9,35.5,33.5,29.4,27.5,27.3,27.2,27.7,28.3,29.0,30.3,31.1,31.7,33.6,34.2,35.2,36.1,37.2,38.4,39.5,41.2
22:39:07.000,NaN,41.7,NaN,61.8,76.2,75.1,77.2,72.2,68.4,65.6,66.6,60.7,60.3,58.3,53.5,49.7,48.0,45.3,41.5,37.7,35.7,31.1,29.1,28.6,29.5,27.9,28.5,29.7,29.9,30.6,32.3,33.3,34.2,35.0,36.1,37.3,38.4,39.4,41.1
22:39:08.000,NaN,39.5,NaN,73.7,71.0,77.4,75.3,71.4,69.3,67.9,64.8,61.0,58.2,56.9,54.2,48.7,45.7,40.5,40.5,34.2,31.8,28.8,27.6,27.1,27.5,28.3,28.8,28.9,30.3,30.8,32.2,33.1,34.2,35.4,36.3,37.3,38.4,39.3,41.1
22:39:09.000,NaN,41.9,NaN,72.0,77.4,74.5,72.4,69.3,66.9,65.0,63.2,58.5,60.9,57.7,54.2,49.6,47.6,44.2,43.7,39.1,33.4,32.6,27.5,27.3,27.8,28.1,29.0,29.3,30.2,31.1,32.2,33.2,34.0,35.0,36.3,37.2,38.3,39.4,41.0
22:39:10.000,NaN,40.5,NaN,71.5,74.0,74.7,68.5,71.9,68.3,66.9,64.7,61.2,61.2,58.1,55.0,47.9,47.0,42.9,41.3,38.7,33.8,30.4,27.2,27.5,27.2,27.8,28.2,29.7,30.1,31.1,31.9,33.1,34.1,35.0,36.3,37.4,38.3,39.4,41.0
22:39:11.000,NaN,41.5,NaN,72.4,75.1,72.3,72.0,71.1,68.9,66.5,60.8,59.1,60.3,56.8,49.8,48.6,47.3,46.2,43.7,39.4,36.5,31.7,28.6,27.5,28.4,28.0,29.1,29.6,29.9,31.0,32.2,33.1,34.2,35.2,36.1,37.2,38.4,39.4,41.0
22:39:12.000,NaN,42.3,NaN,73.6,71.1,74.4,76.1,66.4,67.6,65.1,64.5,60.7,62.7,58.9,53.8,50.3,47.4,45.3,45.9,41.0,36.4,33.6,30.8,29.1,29.0,30.1,29.6,29.7,30.1,31.1,32.3,32.9,34.5,35.1,36.2,37.2,38.5,39.5,41.1
22:39:13.000,NaN,42.7,NaN,69.1,70.4,70.5,74.4,70.8,67.3,67.0,65.2,62.1,60.9,56.2,56.5,47.7,47.5,46.2,44.8,41.3,36.6,34.7,30.5,28.0,28.6,28.8,29.0,29.3,30.0,31.4,32.2,33.3,34.3,35.3,36.3,37.5,38.4,39.4,41.2
22:39:14.000,NaN,42.0,NaN,66.8,68.0,75.8,74.3,70.8,69.9,66.6,62.3,61.3,59.4,57.6,55.3,49.5,47.4,46.6,46.5,41.0,35.4,31.7,28.4,28.0,28.8,28.5,29.0,29.7,30.4,31.3,32.0,33.2,34.2,35.2,36.3,37.4,38.4,39.3,41.2
22:39:15.000,NaN,41.3,NaN,67.5,71.3,74.5,77.5,71.6,69.2,67.0,63.7,58.4,58.9,57.0,53.9,47.8,46.0,45.7,45.3,38.8,32.3,28.5,27.3,27.9,28.5,28.2,28.9,29.2,30.0,31.1,32.4,33.4,34.6,35.6,36.6,37.4,38.5,39.4,41.1
22:39:16.000,NaN,42.3,NaN,71.4,72.7,72.0,74.9,69.1,66.6,65.2,64.6,59.6,59.7,57.5,54.8,48.4,45.3,44.4,46.6,42.8,34.6,31.1,27.6,28.2,27.5,28.7,28.4,29.4,30.4,30.8,32.1,33.2,34.4,35.0,36.3,37.3,38.4,39.4,41.0
22:39:17.000,NaN,42.0,NaN,77.3,68.9,69.5,75.2,67.5,69.6,65.0,63.0,60.4,60.9,54.7,54.5,49.3,45.4,48.9,47.0,40.4,35.2,32.0,28.0,27.5,27.7,28.7,28.3,29.5,29.9,30.7,32.2,33.2,34.3,35.2,36.2,37.2,38.5,39.4,41.1
22:39:18.000,NaN,41.9,NaN,73.6,69.1,74.4,73.0,72.0,67.9,64.7,62.5,59.5,55.6,56.5,52.4,46.4,45.6,44.6,46.7,38.4,34.5,31.7,28.6,28.1,28.4,28.2,28.8,29.1,29.9,31.3,32.1,33.3,34.3,35.0,36.1,37.4,38.4,39.3,41.0
22:39:19.000,NaN,40.9,NaN,68.1,63.1,70.4,72.1,72.7,67.7,61.9,62.6,58.2,56.5,57.5,53.7,48.4,46.1,46.5,44.6,39.9,33.8,29.9,28.0,27.7,28.4,28.9,28.8,29.4,30.6,31.3,32.3,33.1,34.3,35.4,36.0,37.3,38.3,39.4,41.0
22:39:20.000,NaN,41.9,NaN,70.5,69.8,72.7,72.0,71.6,69.4,66.7,61.6,59.2,58.7,57.9,55.2,49.8,50.1,48.4,46.5,39.2,33.8,30.2,27.9,27.4,26.9,29.3,29.3,29.1,30.1,31.3,32.0,33.5,34.2,35.2,36.1,37.3,38.6,39.4,41.1
22:39:21.000,NaN,44.2,NaN,72.9,73.3,66.4,73.1,73.4,68.7,68.6,62.1,57.2,55.8,55.6,54.7,48.8,46.5,49.0,48.9,43.0,35.5,30.6,28.3,28.6,28.3,28.5,28.4,29.5,30.0,31.1,32.4,33.2,34.3,35.1,36.4,37.5,38.4,39.4,41.0
22:39:22.000,NaN,41.1,NaN,77.7,71.8,69.3,70.2,69.1,67.9,63.7,66.4,60.1,58.9,58.4,54.4,49.2,49.5,49.2,46.2,35.7,31.6,29.7,27.5,27.4,28.3,28.6,29.0,29.6,30.2,31.2,32.1,32.9,34.3,35.1,36.1,37.4,38.5,39.4,41.0
22:39:23.000,NaN,43.4,NaN,73.8,71.4,75.4,70.8,72.5,69.8,66.9,61.0,58.5,58.0,57.3,53.2,49.3,48.3,50.1,48.2,42.0,34.1,31.8,28.8,28.0,28.9,28.6,28.2,29.0,29.9,31.2,32.2,33.3,34.1,35.3,36.3,37.4,38.3,39.3,41.0
22:39:24.000,NaN,41.1,NaN,72.9,70.1,74.8,71.8,73.1,70.3,65.7,66.1,61.3,58.0,57.0,52.0,47.2,44.9,47.5,46.2,40.5,34.4,31.7,28.2,26.8,28.3,28.4,28.5,29.1,29.9,30.7,32.0,33.4,34.1,35.1,36.1,37.5,38.5,39.3,41.0
22:39:25.000,NaN,41.5,NaN,73.9,67.4,72.3,70.2,70.6,62.3,65.9,63.6,60.1,57.8,55.7,53.7,46.9,44.9,46.3,46.8,40.2,32.6,29.9,28.9,28.3,27.9,28.6,29.3,29.5,30.3,31.0,32.1,33.2,34.2,35.3,36.3,37.5,38.4,39.4,41.1
22:39:26.000,NaN,44.7,NaN,74.3,68.2,75.2,71.5,69.6,63.2,68.6,63.5,59.3,61.4,60.8,55.8,48.8,49.6,50.3,49.2,43.5,38.2,34.0,29.5,28.1,28.7,28.7,28.9,29.0,30.4,31.1,31.7,33.1,34.4,35.2,36.4,37.4,38.4,39.4,41.1
22:39:27.000,NaN,43.6,NaN,78.6,67.3,71.1,67.0,71.1,67.7,68.6,66.1,61.8,60.0,61.3,55.0,50.2,49.6,48.7,48.3,41.6,34.3,32.2,29.5,27.4,27.6,28.8,28.5,29.6,30.4,30.9,32.2,33.1,34.2,35.1,36.4,37.4,38.4,39.2,41.1
22:39:28.000,NaN,43.3,NaN,74.5,64.6,74.4,72.5,71.0,70.4,65.9,63.1,60.2,59.7,57.6,53.2,48.6,48.7,48.2,43.2,40.2,35.1,30.8,29.7,29.6,29.7,29.3,29.3,29.4,30.3,31.3,32.3,33.2,34.3,35.1,36.1,37.3,38.4,39.4,41.1
22:39:29.000,NaN,43.6,NaN,69.5,68.0,71.6,70.8,68.4,68.2,65.8,63.8,62.5,63.3,61.1,57.3,53.3,51.1,50.8,46.4,40.2,32.7,29.7,28.7,27.5,29.1,28.3,28.9,29.5,30.2,31.1,32.1,33.4,34.4,35.0,36.3,37.2,38.5,39.4,41.0
22:39:30.000,NaN,42.8,NaN,72.6,74.5,75.8,69.2,67.4,67.7,66.3,64.2,62.5,62.2,58.1,57.5,52.1,50.8,48.5,44.5,36.8,31.5,29.9,28.0,28.0,27.9,29.1,29.1,29.4,30.3,31.1,32.2,33.4,34.3,35.2,36.2,37.4,38.5,39.4,41.1
22:39:31.000,NaN,44.5,NaN,73.8,71.6,69.8,71.0,67.6,67.3,63.7,65.5,60.8,62.7,60.0,58.4,52.1,50.8,49.0,48.1,38.7,31.5,29.7,28.0,27.8,28.3,28.8,28.4,29.1,30.1,31.0,32.1,33.3,34.2,35.1,36.1,37.2,38.1,39.4,41.2
22:39:32.000,NaN,44.1,NaN,68.3,72.8,66.0,71.8,68.7,69.0,66.8,65.2,62.1,63.3,61.3,59.0,51.9,51.5,47.7,48.2,39.4,32.0,29.7,28.3,27.5,28.3,28.7,29.2,29.6,30.3,31.2,32.2,33.3,34.5,35.2,36.2,37.2,38.3,39.4,41.2
22:39:33.000,NaN,44.6,NaN,71.5,69.4,73.3,67.8,66.2,65.6,65.6,64.7,62.1,63.3,59.1,56.7,51.6,49.9,49.5,48.1,41.7,33.6,29.6,27.7,27.2,28.4,28.9,29.1,29.6,30.3,31.0,32.0,33.4,34.3,34.9,36.2,37.3,38.3,39.4,41.1
22:39:34.000,NaN,44.1,NaN,72.8,73.2,76.1,69.7,71.5,66.9,67.8,63.0,60.7,61.1,60.8,58.4,52.2,51.8,49.8,48.5,41.6,34.8,29.1,27.9,28.0,28.0,29.5,29.0,29.4,30.4,31.5,32.1,33.1,34.5,35.4,36.0,37.4,38.4,39.3,41.0
22:39:35.000,NaN,44.2,NaN,69.1,70.7,75.0,68.0,68.0,67.3,67.1,65.4,60.9,63.1,60.3,57.5,51.1,51.0,50.3,48.5,42.4,36.8,29.0,26.7,28.5,27.7,28.5,28.9,29.2,30.2,31.0,32.3,33.1,34.3,35.3,36.1,37.4,38.4,39.4,41.1
22:39:36.000,NaN,44.5,NaN,70.3,69.7,74.1,71.4,68.3,67.6,65.3,64.2,64.0,59.6,56.9,56.3,52.4,50.9,49.5,48.9,44.3,36.2,30.8,28.3,27.7,27.4,28.9,29.1,29.4,30.3,31.1,32.1,33.2,34.4,35.0,36.3,37.5,38.4,39.5,41.0
22:39:37.000,NaN,45.2,NaN,73.9,67.7,70.0,69.6,66.7,62.4,65.6,63.5,61.7,61.6,58.6,55.1,51.7,52.3,49.3,47.6,45.0,39.3,35.0,28.6,27.6,28.0,29.0,28.9,29.7,30.0,31.0,32.2,33.1,34.2,35.3,36.1,37.4,38.5,39.5,41.1
22:39:38.000,NaN,40.0,NaN,69.7,72.2,73.0,66.7,69.3,68.5,65.4,65.6,63.4,64.3,59.7,59.6,49.3,46.0,43.2,42.7,38.1,32.1,29.3,27.3,28.0,28.0,28.8,28.6,29.2,29.9,30.8,32.1,33.3,34.4,35.2,36.2,37.2,38.4,39.5,41.1
22:39:39.000,NaN,39.8,NaN,60.8,68.2,70.0,71.2,72.5,66.6,61.5,61.0,58.8,58.7,57.9,54.6,48.4,44.4,42.1,41.6,36.7,31.4,28.9,27.9,27.1,27.8,29.2,29.1,29.5,30.6,31.2,31.9,33.3,34.4,35.4,36.3,37.2,38.5,39.4,41.1
22:39:40.000,NaN,40.1,NaN,72.5,63.3,69.6,70.2,64.9,63.0,59.7,61.8,59.0,58.3,56.9,54.6,50.0,44.0,40.3,41.3,34.8,31.2,29.2,28.0,27.5,28.9,29.9,29.1,29.6,29.9,31.2,32.2,33.3,34.2,35.3,36.2,37.3,38.3,39.3,41.1
22:39:41.000,NaN,40.0,NaN,72.7,70.4,69.6,67.4,65.2,68.5,62.3,61.0,59.9,57.9,58.9,56.0,48.9,44.8,43.8,41.2,35.3,29.5,28.5,28.0,28.1,30.1,29.8,28.8,29.5,29.9,31.2,32.3,33.3,34.3,35.1,36.4,37.4,38.4,39.4,41.1
22:39:42.000,NaN,38.1,NaN,77.7,65.8,65.6,71.8,68.0,64.1,61.8,62.3,57.9,58.3,54.8,50.8,43.8,39.3,38.2,41.0,32.7,29.0,27.9,27.5,28.1,29.3,30.0,28.8,29.4,30.1,31.4,32.3,33.7,34.1,34.9,36.2,37.3,38.4,39.4,41.1
22:39:43.000,NaN,38.4,NaN,75.8,65.1,72.7,73.0,66.8,61.9,60.1,59.1,56.6,54.5,54.7,49.7,43.9,37.6,35.9,39.8,31.5,28.9,28.4,27.7,27.9,28.3,29.3,29.0,29.4,30.2,31.2,32.2,33.4,34.2,35.3,36.4,37.4,38.3,39.4,41.1
22:39:44.000,NaN,37.2,NaN,73.0,71.2,69.9,64.6,64.0,61.5,60.7,61.1,58.0,58.2,56.4,53.0,44.3,40.8,38.5,38.3,32.4,28.3,29.0,27.3,27.4,28.8,28.7,29.3,29.3,30.5,31.4,32.0,33.3,34.3,35.4,36.4,37.3,38.5,39.5,41.0
22:39:45.000,NaN,38.2,NaN,70.1,69.7,69.7,66.9,63.1,63.1,63.6,57.5,55.3,54.2,54.1,50.1,44.3,42.5,37.0,38.3,35.4,32.2,29.1,28.0,27.3,28.2,28.7,28.8,29.8,30.2,30.7,32.4,33.5,34.3,35.3,36.3,37.2,38.4,39.4,41.1
22:39:46.000,NaN,37.0,NaN,66.7,73.0,66.8,71.2,69.5,62.4,61.0,58.9,56.3,56.5,54.1,48.9,43.0,39.6,36.0,36.7,33.5,31.1,28.1,28.0,28.0,27.9,28.3,29.1,29.2,30.3,31.3,32.6,33.3,34.3,35.1,36.4,37.3,38.4,39.2,41.1
22:39:47.000,NaN,36.1,NaN,71.9,67.3,69.7,68.3,63.2,61.5,60.3,56.4,54.4,53.1,53.9,46.4,41.6,41.0,38.4,38.6,34.0,30.7,28.9,27.5,27.1,28.4,28.5,28.8,29.3,30.3,30.7,32.0,33.6,34.4,35.1,36.2,37.2,38.3,39.4,41.1
22:39:48.000,NaN,36.7,NaN,71.6,68.3,70.5,67.1,65.2,62.4,58.9,58.4,54.5,50.4,49.0,45.6,43.9,37.1,35.6,40.0,32.6,31.3,28.1,26.7,27.5,27.4,28.6,28.9,29.2,30.3,31.0,32.1,33.1,34.3,35.0,36.3,37.4,38.6,39.3,41.1
22:39:49.000,NaN,37.3,NaN,74.4,71.3,65.1,68.9,65.9,62.7,55.6,59.7,57.1,53.3,49.8,48.8,45.2,35.0,36.6,41.1,35.4,30.7,28.3,27.6,27.5,27.4,28.4,28.8,29.5,29.9,31.4,32.0,33.2,34.2,35.1,36.3,37.4,38.5,39.3,41.0
22:39:50.000,NaN,34.9,NaN,70.2,66.2,66.4,63.3,61.6,57.3,61.2,59.0,57.7,51.4,51.3,48.5,45.4,37.4,36.1,38.3,33.4,29.3,27.0,26.4,27.6,28.0,28.1,28.5,29.2,30.3,31.0,32.4,33.1,34.2,35.0,36.4,37.5,38.4,39.4,41.1
22:39:51.000,NaN,35.8,NaN,71.1,66.0,67.6,69.8,66.2,61.8,61.8,59.9,52.0,48.8,50.6,47.4,42.7,35.7,35.4,35.8,31.9,28.4,28.1,27.6,27.1,27.3,28.6,28.8,29.2,29.9,30.9,31.9,33.3,34.2,35.1,36.2,37.3,38.4,39.4,41.1
22:39:52.000,NaN,36.2,NaN,72.8,69.8,72.4,66.6,65.1,62.2,60.0,59.4,51.6,50.9,52.1,48.2,46.0,37.5,34.1,40.2,31.6,28.6,27.4,27.2,27.5,27.9,28.8,29.2,29.2,30.2,31.3,32.2,33.5,34.0,35.2,36.3,37.4,38.4,39.4,41.0
22:39:53.000,NaN,36.3,NaN,68.8,68.3,71.1,63.7,62.2,62.8,57.2,55.3,51.0,49.6,49.5,47.7,44.3,39.0,37.5,39.5,32.1,28.7,27.9,26.6,27.4,27.6,28.3,28.9,29.4,29.8,30.9,32.1,33.6,34.2,35.2,36.3,37.5,38.4,39.5,41.1
22:39:54.000,NaN,36.5,NaN,72.3,72.7,64.4,65.5,60.5,60.3,57.5,59.0,51.1,50.4,50.1,49.3,44.2,43.1,35.4,38.8,33.6,33.2,29.3,27.9,27.4,28.3,29.6,28.9,29.1,30.2,31.5,32.4,33.2,34.3,35.3,36.3,37.4,38.3,39.5,41.1
22:39:55.000,NaN,38.3,NaN,65.6,64.4,65.3,66.1,64.7,60.0,59.1,59.1,51.7,53.0,52.1,48.2,44.5,41.0,38.7,40.8,37.9,32.7,29.4,28.0,28.0,28.5,28.2,28.8,29.4,30.1,31.0,32.2,33.1,34.5,35.1,36.3,37.3,38.4,39.2,41.1
22:39:56.000,NaN,35.5,NaN,63.8,68.1,69.3,67.2,63.7,63.4,59.7,61.4,55.8,53.5,51.3,49.2,45.4,38.2,36.6,36.7,34.0,29.5,27.4,27.0,26.8,27.9,28.4,29.1,29.3,29.9,30.6,32.0,33.4,34.2,35.1,36.3,37.4,38.2,39.4,41.1
22:39:57.000,NaN,35.8,NaN,66.1,68.8,70.0,70.3,65.7,63.7,60.9,57.7,52.7,52.6,47.3,47.3,45.5,38.4,36.9,35.3,32.8,28.6,27.0,27.2,28.0,28.0,28.3,28.5,29.3,30.3,31.3,32.2,33.2,34.3,35.0,36.6,37.4,38.3,39.3,41.1
22:39:58.000,NaN,35.4,NaN,68.6,71.1,73.5,70.2,65.1,61.8,58.9,60.7,54.3,53.4,51.0,45.3,43.5,38.0,36.6,36.4,30.8,28.9,27.2,27.4,26.5,27.3,27.8,28.7,29.8,30.2,31.2,32.0,33.5,34.4,35.0,36.2,37.3,38.4,39.2,41.1
22:39:59.000,NaN,36.3,NaN,68.3,62.1,73.4,69.7,66.4,63.6,56.2,58.7,55.0,55.0,51.6,47.6,45.4,39.8,35.1,36.7,32.8,29.9,28.3,27.3,27.3,27.8,28.8,28.1,29.2,29.9,31.2,32.2,33.2,34.1,35.0,36.3,37.3,38.4,39.4,41.1
22:40:00.000,NaN,36.4,NaN,65.1,70.1,68.3,68.1,63.1,61.0,57.9,60.2,57.3,55.7,50.1,45.3,45.8,39.2,38.1,37.6,30.7,29.7,27.8,27.7,27.0,27.6,28.6,28.9,28.9,30.1,31.2,32.1,33.4,34.3,34.9,36.4,37.4,38.4,39.5,41.0
22:40:01.000,NaN,37.7,NaN,63.4,65.5,64.0,68.4,67.5,60.0,60.3,56.4,55.6,56.4,50.5,48.1,46.5,40.3,35.3,33.8,31.2,30.8,27.5,27.4,27.1,27.9,28.5,28.5,29.4,29.9,30.9,32.0,33.4,34.3,35.2,36.2,37.5,38.4,39.5,41.0
22:40:02.000,NaN,37.0,NaN,65.1,67.4,62.5,68.2,64.4,63.2,59.4,60.4,58.3,57.9,55.4,52.2,48.7,37.6,35.0,37.9,31.0,30.4,28.0,27.3,27.4,27.5,27.7,29.2,28.9,30.4,31.1,32.1,33.4,34.5,35.0,36.1,37.4,38.3,39.4,41.0
22:40:03.000,NaN,38.6,NaN,67.8,66.8,69.7,68.4,66.7,62.7,59.3,61.0,56.9,54.5,55.1,51.4,49.0,39.4,34.1,43.1,30.1,30.6,28.6,26.8,27.3,27.7,28.0,28.7,29.5,30.4,31.0,31.9,33.4,34.6,35.2,36.2,37.3,38.4,39.3,41.1
22:40:04.000,NaN,41.5,NaN,67.9,72.1,68.2,68.8,66.3,59.3,58.5,57.5,55.0,57.0,54.8,53.4,50.9,45.1,40.4,48.2,35.8,31.7,29.2,28.5,26.4,27.2,28.5,29.1,29.1,30.2,31.0,32.1,33.7,34.0,35.1,36.5,37.2,38.4,39.3,41.1
22:40:05.000,NaN,41.7,NaN,69.4,63.0,68.5,65.2,64.6,60.8,61.1,56.3,58.4,57.5,55.7,54.8,51.6,44.5,40.2,44.9,36.9,32.6,30.8,27.0,27.2,27.1,28.0,28.0,29.3,30.0,31.1,32.3,33.4,34.2,35.0,36.3,37.4,38.4,39.2,41.1
22:40:06.000,NaN,42.7,NaN,59.7,71.9,68.4,64.9,67.1,64.0,60.4,58.8,57.8,60.4,60.2,55.9,50.7,48.4,46.0,46.6,40.7,35.8,32.7,29.5,27.3,27.6,28.8,28.9,29.3,30.2,31.4,32.4,33.6,34.4,34.9,36.3,37.3,38.5,39.4,41.1
22:40:07.000,NaN,39.0,NaN,62.3,71.1,70.9,67.5,65.6,66.3,61.8,63.9,56.4,59.4,54.9,54.9,47.6,45.7,44.1,44.0,37.7,33.5,30.1,27.8,27.1,28.0,28.8,28.6,29.7,29.9,30.9,32.3,33.5,34.5,35.3,36.3,37.3,38.3,39.5,41.2
22:40:08.000,NaN,40.1,NaN,61.2,68.1,67.1,61.3,68.2,65.0,60.4,63.6,53.3,57.6,56.9,55.1,48.4,45.6,41.1,43.4,34.2,29.2,30.1,28.0,28.0,27.6,28.2,28.5,29.2,29.9,30.9,32.2,33.3,34.4,35.2,36.4,37.4,38.4,39.5,41.1
22:40:09.000,NaN,40.3,NaN,62.9,66.1,68.8,67.6,62.2,64.8,59.2,61.0,58.1,58.9,57.3,56.5,51.5,45.0,39.8,39.4,33.4,28.7,27.2,26.3,27.0,28.3,28.2,28.6,29.0,30.0,31.0,32.1,33.4,34.6,35.4,36.6,37.4,38.4,39.4,41.0
22:40:10.000,NaN,36.5,NaN,65.7,70.4,65.1,65.0,66.6,62.6,62.5,63.8,58.8,55.6,54.7,52.7,47.3,42.2,37.6,40.8,33.1,28.2,26.9,27.1,27.3,27.3,28.1,28.9,29.2,30.1,30.9,31.8,33.4,34.6,35.0,36.2,37.3,38.5,39.3,41.1
22:40:11.000,NaN,37.0,NaN,61.7,71.1,68.0,64.6,69.3,64.0,62.4,60.4,56.1,55.0,53.7,48.8,45.7,39.7,35.3,39.4,31.4,28.5,28.7,26.8,27.0,27.9,28.7,29.0,29.2,30.2,31.0,32.2,33.4,34.5,35.1,36.3,37.3,38.4,39.3,41.1
22:40:12.000,NaN,37.5,NaN,68.9,70.4,69.7,68.3,66.3,65.5,62.5,58.9,57.9,56.2,51.4,50.7,44.7,41.8,38.3,39.4,33.6,28.2,28.5,27.5,27.5,28.1,27.8,28.6,29.2,30.1,31.0,32.2,33.3,34.3,35.1,36.0,37.2,38.3,39.4,41.1
22:40:13.000,NaN,36.8,NaN,63.7,69.9,68.6,67.5,65.1,61.8,65.7,60.0,58.0,56.8,52.3,48.6,43.7,41.9,36.2,38.2,32.6,28.5,27.8,27.0,27.4,27.5,27.9,28.7,29.4,30.0,31.0,31.9,33.4,34.2,35.2,35.9,37.4,38.5,39.3,41.1
22:40:14.000,NaN,36.1,NaN,64.2,68.2,63.1,68.5,66.7,66.0,64.6,60.2,57.4,55.9,51.4,48.4,43.5,40.8,37.7,35.4,31.6,28.2,26.3,27.1,27.4,27.8,28.5,28.6,29.1,29.8,31.1,32.4,33.5,34.6,35.1,36.3,37.3,38.2,39.3,41.2
22:40:15.000,NaN,34.5,NaN,70.3,63.8,71.4,68.2,65.5,63.4,66.3,61.1,54.1,55.6,48.0,47.6,40.1,38.8,35.2,33.9,31.9,26.9,27.5,27.3,27.1,28.0,28.6,29.1,29.3,29.9,30.8,32.2,33.6,34.4,35.1,36.2,37.5,38.4,39.4,41.2
22:40:16.000,NaN,36.8,NaN,67.4,63.4,69.8,65.2,63.9,63.6,61.7,56.7,52.7,52.0,50.9,46.3,42.7,40.4,35.9,38.7,33.4,27.8,27.3,27.3,28.1,28.0,29.0,29.2,29.5,30.0,30.9,32.1,33.0,34.2,35.2,36.0,37.5,38.3,39.4,41.0
22:40:17.000,NaN,38.6,NaN,64.2,66.5,66.3,65.1,64.1,61.5,63.4,60.8,55.9,56.8,50.2,49.1,44.1,40.4,37.8,43.0,33.0,28.5,27.9,27.0,27.2,28.2,27.9,29.2,29.3,29.8,31.0,32.2,33.7,34.4,35.5,36.3,37.4,38.5,39.3,41.1
22:40:18.000,NaN,37.7,NaN,63.5,66.4,62.7,65.1,66.9,65.4,65.5,61.4,55.7,56.8,53.2,51.1,47.5,39.8,38.6,43.6,35.9,31.6,28.2,27.7,27.5,27.8,28.1,28.9,29.9,30.2,31.0,32.2,33.2,34.5,35.3,36.2,37.3,38.4,39.4,41.1
22:40:19.000,NaN,37.0,NaN,65.7,62.5,70.2,67.7,66.0,63.7,62.9,61.7,54.6,55.0,51.7,46.6,46.2,37.2,35.9,41.1,34.1,30.5,28.6,27.0,27.5,27.7,28.4,28.3,29.5,30.2,31.2,32.2,33.1,34.3,35.1,36.2,37.2,38.4,39.4,41.0
22:40:20.000,NaN,36.4,NaN,59.0,63.5,68.8,64.0,66.9,63.7,62.0,60.7,56.1,53.7,50.1,50.0,47.0,38.9,34.8,38.3,32.3,28.9,28.8,27.6,27.2,27.3,27.4,27.9,29.3,30.3,30.7,31.9,33.6,34.0,35.1,36.3,37.3,38.3,39.4,41.1
22:40:21.000,NaN,35.5,NaN,66.0,64.9,72.0,65.5,62.6,65.7,57.8,59.6,54.5,54.7,52.0,48.8,45.5,40.6,35.9,35.5,31.4,28.7,27.6,27.7,27.6,27.5,27.6,29.0,29.4,30.4,31.2,32.0,33.0,34.2,35.1,36.0,37.1,38.4,39.3,41.1
22:40:22.000,NaN,37.4,NaN,67.6,61.9,68.6,65.9,63.0,61.1,61.1,55.8,53.3,53.3,52.3,49.9,44.8,40.9,36.7,42.7,33.1,28.3,27.5,27.9,27.6,27.7,28.0,29.1,29.5,29.8,30.8,32.5,33.4,34.2,35.2,36.2,37.5,38.5,39.5,41.0
22:40:23.000,NaN,39.5,NaN,68.0,67.5,66.6,67.1,61.6,60.7,60.0,59.9,55.3,54.5,51.2,46.2,42.8,36.9,33.4,40.7,33.0,28.7,28.3,27.8,27.0,27.7,28.2,28.5,29.2,30.4,31.2,31.9,33.6,34.1,35.1,36.2,37.5,38.3,39.3,41.2
