AMBIENT,72.2,49.3,57.6,43.2,38.8,39.7,35.9,38.3,39.8,43.9,51.6,50.3,54.5,46.5,45.1,43.6,42.4,41.8,41.3,41.6,36.1,35.4,33.0,34.1,32.3,32.6,32.9,33.6,34.5,35.5,36.4,37.3,38.3,39.3,40.3,41.2,42.2,43.3,44.3
22:34:58.700,68.1,48.7,57.7,38.4,37.6,41.9,39.5,40.1,37.7,43.3,49.8,51.0,54.9,46.4,46.6,43.8,42.9,41.3,42.1,42.0,36.3,36.1,33.5,33.9,32.8,32.9,33.0,33.3,34.6,35.3,36.3,37.3,38.4,39.5,40.4,41.3,42.3,43.3,44.3
22:34:59.700,71.6,48.5,57.7,41.6,40.5,40.1,36.7,39.4,38.7,43.6,51.2,50.6,54.4,46.3,44.0,44.4,44.5,43.1,40.8,41.4,35.5,35.3,32.3,34.3,31.6,32.4,32.8,33.8,34.6,35.1,36.5,37.3,38.4,39.5,40.2,41.1,42.3,43.3,44.3
22:35:00.700,77.7,48.6,57.6,55.9,51.0,47.1,39.2,37.9,39.9,43.9,52.2,49.9,53.8,46.1,45.7,43.7,42.5,42.0,43.0,42.5,36.0,34.6,32.3,34.0,32.2,32.6,33.0,33.4,34.8,35.4,36.4,37.3,38.3,39.2,40.1,41.1,42.3,43.3,44.4
22:35:01.700,78.6,48.6,57.5,48.9,41.6,37.6,38.2,38.2,37.1,43.2,51.9,50.7,54.0,48.0,45.6,44.4,42.7,41.8,41.3,41.7,35.7,34.8,32.3,33.6,32.6,32.2,32.6,33.5,34.9,35.4,36.5,37.5,38.3,39.5,40.3,41.4,42.2,43.2,44.3
22:35:02.700,71.2,48.5,57.9,37.4,33.8,36.4,38.3,39.2,42.0,47.7,53.5,51.7,55.1,42.2,46.2,44.4,42.7,42.7,41.3,42.4,35.2,34.8,32.4,34.2,32.4,31.9,32.8,33.7,34.3,35.3,36.4,37.2,38.5,39.3,40.2,41.3,42.2,43.1,44.3
22:35:03.700,64.2,48.5,58.0,34.9,33.1,40.7,39.3,41.5,43.9,44.8,50.4,51.7,55.6,46.8,43.7,43.4,43.0,42.3,39.8,41.3,36.5,35.4,32.5,33.8,31.7,32.7,33.1,33.6,34.5,35.6,36.5,37.5,38.1,39.2,40.2,41.3,42.5,43.3,44.3
22:35:04.700,71.4,48.6,58.1,42.2,36.8,37.5,35.5,41.2,39.9,43.7,50.4,51.6,54.7,50.2,45.4,44.7,43.3,41.7,41.0,41.4,36.6,35.9,32.9,35.3,32.7,32.7,32.8,33.7,34.5,35.8,36.5,37.2,38.2,39.3,40.3,41.2,42.2,43.3,44.3
22:35:05.700,71.3,48.6,58.2,37.1,30.4,33.5,34.4,36.5,41.5,45.2,49.7,51.4,54.7,47.9,47.4,44.2,42.1,41.0,42.1,41.2,36.9,35.1,33.3,34.8,32.7,32.7,32.9,33.5,34.2,35.5,36.4,37.0,38.3,39.4,40.3,41.4,42.3,43.3,44.3
22:35:06.700,74.6,48.7,57.6,36.6,34.3,40.0,37.6,36.7,43.1,44.4,49.9,50.5,54.4,47.0,47.3,46.0,44.9,42.3,41.0,40.1,36.0,36.2,32.7,34.4,32.7,33.1,33.2,33.9,34.6,35.5,36.6,37.6,37.9,39.0,40.3,41.1,42.2,43.5,44.2
22:35:07.700,68.6,48.5,56.9,33.4,36.3,39.6,39.2,32.1,33.5,44.3,50.5,49.9,53.8,44.1,42.5,43.7,41.4,40.7,41.6,41.3,36.3,36.5,34.1,34.2,32.2,32.5,32.7,33.2,34.4,35.5,36.6,37.3,38.1,39.3,40.2,41.3,42.2,43.2,44.3
22:35:08.700,75.8,48.6,57.5,40.0,37.6,37.6,36.1,42.2,41.9,42.8,49.8,50.9,55.1,46.9,45.7,43.3,42.3,41.8,42.1,42.0,35.7,35.6,32.5,33.5,31.6,32.5,33.2,33.7,34.8,35.3,36.4,37.2,38.4,39.2,40.2,41.3,42.4,43.3,44.3
22:35:09.700,72.9,48.5,57.7,37.3,34.5,37.4,35.1,38.2,40.4,42.7,50.2,51.0,54.9,45.7,45.6,42.8,43.3,41.8,41.0,41.4,36.4,34.0,33.1,32.7,31.5,32.6,32.5,33.3,34.1,35.5,36.3,37.2,38.3,39.3,40.1,41.3,42.1,43.3,44.4
22:35:10.700,74.2,48.5,58.2,42.3,41.1,43.3,38.6,39.4,41.9,45.9,50.7,52.1,55.2,43.1,43.6,44.0,44.4,40.4,41.7,40.4,36.7,34.3,32.0,31.8,32.0,32.8,32.6,33.7,34.7,35.4,36.1,37.1,38.4,39.3,40.2,41.3,42.3,43.3,44.2
22:35:11.700,92.9,48.5,63.0,77.6,70.9,67.1,61.6,56.6,51.4,48.9,53.0,52.5,55.6,48.3,47.2,43.9,40.4,43.2,42.3,41.5,34.8,34.9,32.5,32.8,31.3,32.3,33.3,33.8,35.0,35.4,36.5,37.2,38.2,39.2,40.3,41.3,42.2,43.3,44.4
22:35:12.700,89.0,48.6,60.4,69.3,66.1,63.5,60.9,58.0,48.8,42.1,51.8,51.7,54.5,48.0,45.5,44.3,42.5,43.0,41.2,42.8,36.5,34.6,33.6,32.8,32.6,33.0,32.4,33.6,34.7,35.3,36.5,37.4,38.3,39.3,40.3,41.3,42.2,43.3,44.2
22:35:13.700,85.3,48.6,63.6,73.1,71.7,71.8,66.1,60.1,49.8,46.1,51.6,52.1,55.4,46.2,47.4,44.0,42.1,41.8,41.8,41.6,34.6,33.7,32.5,32.7,31.9,32.7,32.6,33.9,34.7,35.0,36.3,37.4,38.3,39.4,40.3,41.2,42.3,43.3,44.4
22:35:14.700,89.1,48.6,65.6,77.9,77.6,72.9,70.1,63.9,53.0,52.1,51.5,51.6,55.0,46.5,46.4,44.6,42.1,42.0,42.4,41.1,36.6,34.5,32.4,31.4,31.9,32.8,32.9,33.7,34.3,35.2,36.2,37.4,38.6,39.3,40.4,41.2,42.2,43.2,44.3
22:35:15.700,90.5,48.8,69.2,77.8,78.6,79.1,75.1,67.9,60.9,54.7,54.0,54.9,56.0,49.5,46.3,44.6,44.0,45.9,45.3,43.1,37.8,35.9,33.4,32.3,32.1,33.3,32.5,33.2,34.7,35.6,36.6,37.2,38.1,39.1,40.3,41.5,42.3,43.3,44.3
22:35:16.700,91.9,49.9,71.2,82.5,82.7,82.6,75.5,65.0,61.6,58.0,57.6,56.1,54.1,51.8,51.1,51.1,50.6,50.7,48.4,48.8,42.2,37.9,35.6,34.5,33.3,33.7,32.7,33.8,34.4,35.3,36.3,36.9,38.0,39.3,40.2,41.2,42.2,43.1,44.4
22:35:17.700,93.2,52.7,71.8,82.9,81.9,76.9,73.9,72.8,62.7,57.0,61.3,58.3,62.3,59.3,54.9,55.6,57.5,58.3,54.8,52.1,47.4,43.2,38.2,36.2,34.9,33.8,33.4,33.8,35.1,35.2,36.2,37.3,38.4,39.2,40.1,41.2,42.3,43.3,44.4
22:35:18.700,96.7,55.3,81.5,88.7,88.9,88.4,87.2,83.0,71.1,70.0,69.1,69.8,67.7,61.8,61.9,60.8,61.0,59.5,57.8,55.7,50.7,46.0,42.9,39.8,39.0,37.0,35.8,35.3,35.6,36.3,36.4,37.3,38.3,39.1,40.3,41.5,42.3,43.2,44.3
22:35:19.700,100.8,58.4,84.5,90.6,93.4,94.3,90.2,84.1,78.1,69.4,66.9,69.9,69.6,65.7,67.3,64.5,63.0,63.8,62.2,57.8,53.4,49.2,44.5,43.7,42.1,40.7,38.4,37.9,37.7,37.6,37.1,37.7,38.2,39.3,40.2,41.1,42.3,43.2,44.3
22:35:20.700,106.2,60.1,87.9,100.7,99.7,93.6,91.8,81.6,80.9,74.9,73.3,72.2,71.2,70.7,70.0,67.3,65.8,64.6,63.5,60.5,55.7,50.2,47.8,45.9,44.1,41.7,40.4,39.1,39.6,38.8,37.5,37.5,38.3,39.3,40.4,41.3,42.4,43.2,44.5
22:35:21.700,105.3,61.4,88.5,92.6,90.6,95.7,96.5,90.6,86.2,77.7,75.7,73.7,72.2,71.0,72.6,68.4,67.4,66.8,64.3,61.7,57.0,52.7,50.1,47.7,46.0,44.6,42.8,41.1,41.7,40.3,38.3,38.0,38.2,39.3,40.3,41.3,42.1,43.3,44.4
22:35:22.700,106.4,61.9,92.5,97.2,103.6,101.5,98.5,95.2,88.5,85.3,81.3,82.5,80.6,72.8,70.8,70.1,67.4,64.4,65.6,61.2,57.4,53.6,49.7,47.2,47.1,44.2,41.7,41.3,41.3,40.1,38.5,38.1,38.6,39.1,40.1,41.2,42.2,43.2,44.4
22:35:23.700,104.8,64.7,94.2,96.8,98.6,97.7,96.2,94.7,91.8,88.6,89.9,86.1,87.8,75.1,70.5,73.7,70.3,68.0,66.6,63.4,58.9,54.6,50.5,48.6,46.7,44.7,42.8,41.5,42.0,40.7,39.1,38.6,38.5,39.3,40.5,41.2,42.2,43.3,44.4
22:35:24.700,108.8,67.6,100.3,94.1,98.5,100.8,98.9,99.9,101.8,93.9,91.9,95.4,89.1,80.8,76.9,74.4,73.3,70.2,69.6,66.6,61.9,58.3,53.6,50.9,49.5,46.8,45.1,43.6,44.0,43.5,41.4,40.4,39.7,39.5,40.1,41.2,42.3,43.3,44.3
22:35:25.700,109.4,69.8,102.7,97.2,100.2,101.0,101.2,101.5,101.7,98.6,101.3,96.1,91.7,85.5,77.8,77.4,70.0,70.4,67.5,67.6,61.5,56.7,54.0,51.1,49.0,46.6,44.0,43.4,44.1,42.6,41.0,40.1,39.6,39.4,40.3,41.2,42.2,43.4,44.3
22:35:26.700,112.0,73.7,106.8,94.8,96.1,98.4,97.2,101.8,104.4,103.7,103.0,100.8,98.3,92.2,81.6,80.7,74.6,73.0,72.9,66.1,64.8,59.2,57.1,54.4,51.8,50.2,47.8,46.4,47.3,46.4,44.0,43.1,41.1,40.5,40.4,41.4,42.3,43.4,44.4
22:35:27.700,114.3,77.6,108.7,99.5,100.6,101.2,108.6,107.4,105.6,103.5,105.1,102.4,100.8,95.8,89.7,85.7,75.6,75.6,75.4,75.0,71.1,65.9,59.6,56.8,56.1,54.2,51.7,52.8,52.8,52.0,50.6,49.5,46.8,43.9,41.8,41.8,42.3,43.3,44.1
22:35:28.700,117.2,82.7,112.0,99.1,104.9,106.7,102.9,107.4,109.9,110.2,109.4,104.7,102.9,99.2,95.1,91.6,87.2,83.2,85.0,80.5,73.9,67.7,64.0,64.9,62.6,59.8,59.2,58.1,59.4,58.9,56.9,57.2,53.9,51.8,47.5,45.3,43.0,43.3,44.3
22:35:29.700,115.9,87.3,111.0,100.9,104.3,104.3,103.9,107.9,110.1,108.7,106.1,102.1,101.1,101.5,97.8,96.7,94.3,93.1,89.9,88.3,83.6,75.7,66.7,66.2,64.8,62.0,59.1,59.1,60.9,60.3,58.5,58.7,55.8,53.3,48.4,45.5,43.4,43.4,44.2
22:35:30.700,116.6,91.4,112.2,93.1,100.6,107.8,109.2,107.0,106.6,102.9,105.7,103.4,105.6,101.0,100.0,99.4,97.6,96.6,94.8,92.4,86.9,81.1,72.7,68.9,68.8,65.0,64.6,64.5,65.0,62.6,60.8,60.8,57.9,55.6,51.4,47.2,43.6,43.5,44.3
22:35:31.700,117.3,93.7,113.0,93.6,99.7,105.4,108.7,107.5,105.1,109.3,105.7,105.6,105.5,101.8,101.2,102.4,100.6,97.5,97.3,94.5,91.1,85.5,78.7,74.8,72.4,73.0,70.5,69.2,69.5,67.0,67.3,67.2,66.3,64.1,61.8,57.4,52.1,48.4,45.3
22:35:32.700,118.4,96.3,114.6,92.9,99.4,106.5,108.5,111.3,108.2,106.9,109.4,108.9,103.8,103.6,104.3,103.2,102.7,100.8,100.3,97.7,93.2,86.6,80.9,77.1,76.1,72.9,71.4,70.1,70.8,69.7,69.0,69.0,67.5,64.5,61.2,57.1,49.0,46.0,44.5
22:35:33.700,120.3,100.7,117.8,101.6,100.0,102.9,102.4,103.1,109.6,111.0,108.9,110.6,110.1,108.5,107.7,107.7,105.9,105.2,103.0,102.5,97.6,90.9,84.9,83.9,83.4,82.2,78.8,78.1,78.4,77.3,76.5,76.7,74.1,71.5,67.2,64.7,61.8,55.4,47.8
22:35:34.700,121.1,100.7,118.3,102.1,102.1,105.3,108.5,110.2,110.4,114.8,111.8,111.3,110.6,107.7,107.8,106.7,106.9,105.7,104.0,100.9,96.7,89.4,88.1,87.7,85.5,82.4,80.3,79.1,80.3,79.6,79.7,80.6,78.7,76.9,73.9,72.4,68.7,63.1,56.5
22:35:35.700,121.4,101.7,118.7,104.9,104.2,103.6,105.1,109.8,109.4,113.8,112.6,111.1,110.2,110.0,110.1,109.5,106.6,105.6,103.4,98.9,93.8,94.5,92.0,91.1,90.3,88.9,87.5,85.6,86.1,86.6,86.1,87.2,85.8,83.5,81.7,80.6,75.6,70.0,61.7
22:35:36.700,121.6,100.2,118.5,102.4,104.4,107.0,106.5,110.7,113.2,111.8,113.4,110.0,110.6,111.2,109.8,108.5,104.8,103.8,101.4,98.1,95.3,94.1,90.6,90.9,89.4,86.7,84.2,81.0,82.6,83.1,81.5,80.5,78.9,76.1,73.5,71.5,67.4,60.9,53.2
22:35:37.700,122.1,101.2,119.0,103.7,106.1,107.8,107.0,108.9,113.8,115.2,111.3,112.0,112.0,109.5,108.9,108.6,105.0,103.7,100.9,98.2,95.7,91.2,90.0,89.7,88.7,86.5,85.5,85.0,86.6,85.9,83.2,81.3,79.5,78.4,77.0,75.0,70.5,63.0,55.2
22:35:38.700,123.1,100.9,119.3,105.8,109.7,111.4,112.1,115.6,114.6,113.1,112.2,112.7,111.4,110.2,110.0,108.6,105.6,106.1,102.5,100.6,97.1,93.8,92.0,90.0,86.9,85.0,84.6,83.5,84.3,83.2,81.6,79.0,76.6,73.5,70.3,66.9,61.1,52.5,47.0
22:35:39.700,122.2,103.6,118.5,107.1,105.3,105.6,109.1,110.1,110.9,112.0,109.9,112.1,112.4,109.9,109.1,107.7,105.5,103.6,102.6,100.5,97.2,95.9,94.3,93.7,92.8,91.5,91.1,91.0,92.8,92.9,90.5,89.5,88.9,86.6,82.7,80.0,77.1,70.3,63.9
22:35:40.700,123.2,102.2,118.2,108.0,112.9,113.7,114.4,113.8,110.7,110.9,111.1,109.8,108.9,108.8,106.4,107.1,105.6,104.2,101.5,100.0,95.8,94.5,92.7,91.2,90.2,88.3,86.9,86.0,87.3,87.1,84.4,83.5,83.7,81.5,77.1,72.0,70.0,65.2,58.5
22:35:41.700,122.2,101.5,117.6,104.0,105.4,110.8,110.9,114.7,115.1,110.5,112.8,106.8,107.2,107.1,106.0,106.5,103.4,103.0,100.9,98.5,96.3,94.0,91.5,90.4,89.9,88.7,87.4,86.6,88.0,88.1,85.2,83.8,83.1,80.5,76.3,71.5,68.0,62.3,53.6
22:35:42.700,122.0,100.5,117.6,106.6,109.2,108.9,111.7,111.0,112.1,113.3,112.1,110.7,110.2,108.9,107.7,105.9,104.6,102.2,99.7,97.2,96.7,94.2,91.1,90.1,90.0,87.9,86.6,85.1,85.6,85.5,83.2,82.0,81.2,77.5,73.1,67.8,66.0,61.1,52.5
22:35:43.700,123.1,99.7,117.2,111.3,113.1,113.1,113.2,113.6,111.9,111.3,112.6,109.4,110.1,107.5,108.2,105.7,103.5,101.3,99.7,98.6,95.9,93.1,89.5,88.9,88.6,87.0,85.3,84.6,86.0,85.6,82.5,79.9,77.5,72.1,69.3,65.0,63.9,59.7,51.1
22:35:44.700,121.2,98.3,115.8,110.3,108.4,112.9,113.5,110.6,107.1,113.5,109.9,108.7,108.0,104.9,106.7,104.1,101.6,99.9,98.4,96.6,94.7,91.2,89.2,88.7,87.9,86.5,85.2,84.0,84.5,83.9,80.5,78.8,77.2,71.8,68.8,61.0,56.8,50.8,45.7
22:35:45.700,120.8,99.7,116.4,105.7,103.8,106.2,109.1,113.2,109.9,105.8,112.0,107.2,109.7,104.9,105.6,103.7,102.7,101.2,98.7,98.3,96.0,92.3,90.3,90.0,89.2,88.2,86.0,84.6,85.1,84.5,82.1,79.7,78.4,72.6,69.4,64.2,61.8,56.9,48.4
22:35:46.700,121.1,96.5,114.7,112.0,108.1,112.4,114.2,111.6,111.3,109.2,108.8,108.6,106.0,108.1,103.2,101.5,99.8,99.0,97.0,96.3,93.0,88.5,87.3,86.7,85.8,84.5,83.1,81.6,80.6,79.8,77.3,74.2,72.0,65.8,63.9,57.3,52.5,49.2,45.5
22:35:47.700,119.9,97.5,115.1,105.6,105.7,108.3,108.6,106.9,109.5,110.3,108.2,110.2,105.8,105.1,105.7,104.3,100.2,98.5,98.1,96.0,93.4,89.1,87.2,86.5,85.9,84.8,83.4,81.9,81.8,81.7,79.9,77.9,76.0,70.4,70.7,64.6,60.8,56.8,50.6
22:35:48.700,119.8,97.2,113.7,113.2,110.7,106.3,108.5,105.9,107.3,108.3,106.4,102.3,105.9,106.6,105.9,101.6,99.8,98.5,98.0,96.8,93.4,88.8,87.8,87.2,86.7,85.1,83.4,81.8,81.9,81.0,78.4,75.5,73.0,67.4,66.1,57.1,51.9,48.2,45.1
22:35:49.700,119.4,98.2,114.6,106.6,108.5,109.1,106.3,104.8,108.2,106.7,106.3,108.6,106.6,105.7,103.9,102.4,101.3,99.5,98.3,96.6,93.8,90.1,88.3,87.7,87.7,86.5,85.3,84.0,84.1,83.2,80.7,78.7,76.0,71.7,72.3,64.9,58.1,53.3,47.6
22:35:50.700,120.4,96.5,114.5,111.0,107.8,108.0,110.8,111.2,108.4,110.7,107.1,104.3,107.0,103.6,104.6,101.1,100.7,97.2,96.8,95.2,92.1,89.1,87.3,86.0,85.8,84.7,83.5,81.9,80.9,79.9,78.0,76.0,73.8,70.0,69.5,62.2,55.8,51.9,47.0
22:35:51.700,118.9,96.7,113.8,103.6,107.0,107.5,109.0,112.7,106.0,106.1,108.3,108.0,107.0,107.1,102.6,101.8,102.2,100.1,98.0,97.4,93.6,89.9,88.2,87.4,87.7,86.8,85.6,83.8,82.9,81.3,79.4,78.1,75.0,73.6,73.5,65.8,58.1,51.3,46.5
22:35:52.700,118.9,94.3,112.8,109.2,107.4,105.9,108.9,109.9,110.3,103.9,104.9,106.0,106.4,103.3,100.6,99.5,97.6,95.4,95.7,92.7,88.7,85.9,83.4,83.4,82.7,81.3,79.7,78.6,76.9,75.3,73.3,70.4,65.5,63.0,60.4,52.5,46.0,44.0,44.3
22:35:53.700,118.0,94.6,112.6,106.1,104.0,107.2,107.0,108.8,109.9,105.6,107.9,105.4,106.4,104.2,102.9,100.7,97.7,96.6,96.1,93.9,90.0,86.5,85.8,85.5,84.9,84.7,83.4,81.2,80.0,78.3,75.7,74.4,70.4,69.0,66.9,60.2,53.5,48.0,45.4
22:35:54.700,119.0,93.3,112.9,104.3,105.8,109.1,113.2,110.4,108.8,107.6,104.2,106.7,105.4,102.4,100.8,99.2,98.6,95.6,93.7,90.2,87.2,83.7,83.1,82.4,81.1,80.5,79.6,77.6,76.4,73.6,70.7,68.7,63.5,60.7,55.9,48.4,43.5,43.4,44.4
22:35:55.700,116.8,92.2,111.2,106.5,107.0,105.9,102.5,107.4,106.7,108.0,103.6,103.4,104.5,101.5,98.7,98.3,98.1,96.0,94.6,92.5,89.3,84.0,82.2,81.7,79.1,78.0,75.7,72.8,69.8,65.0,61.2,59.6,53.6,51.0,46.7,42.6,42.3,43.3,44.3
22:35:56.700,117.2,93.2,111.3,100.7,105.8,106.5,109.2,109.2,108.2,109.3,105.1,105.3,101.1,101.7,99.1,98.1,96.3,93.3,92.6,90.8,89.3,84.9,84.5,83.7,83.7,83.0,80.9,78.4,76.1,73.3,71.0,70.0,65.2,63.9,60.2,54.2,46.6,43.7,44.4
22:35:57.700,116.6,93.4,110.7,106.3,107.6,104.0,106.8,108.0,106.8,105.2,105.7,103.9,102.7,101.0,97.2,98.3,96.8,96.7,92.4,90.1,88.6,83.3,83.4,83.5,83.6,83.3,82.3,79.9,77.5,75.1,72.6,72.3,67.5,65.9,62.1,56.7,49.2,44.4,44.4
22:35:58.700,116.9,91.6,110.2,106.0,109.4,106.9,106.4,102.9,106.1,104.6,104.0,100.7,103.5,101.6,99.1,98.8,97.9,94.1,92.5,91.0,86.7,82.2,81.4,79.3,79.3,78.8,78.0,75.8,72.8,70.0,66.6,65.4,60.0,56.5,54.0,48.8,43.5,43.4,44.3
22:35:59.700,116.0,90.8,109.5,101.1,107.1,106.4,106.9,107.4,104.6,107.3,101.8,101.8,102.0,99.8,97.5,96.6,95.5,93.8,92.4,89.6,86.8,82.1,81.5,80.0,79.1,77.7,76.5,73.5,69.9,64.8,60.6,60.0,53.4,46.8,43.6,41.5,42.3,43.4,44.4
22:36:00.700,115.7,89.7,109.2,97.1,103.8,105.5,104.3,103.4,105.7,101.5,103.2,104.4,100.0,99.8,97.7,94.2,93.0,92.9,90.3,88.6,84.1,79.0,79.6,77.3,76.4,76.4,75.2,72.2,68.3,64.7,62.2,62.5,57.5,54.3,52.4,48.5,43.9,43.3,44.5
22:36:01.700,115.8,88.5,108.8,101.3,103.8,103.8,103.1,105.4,104.1,104.3,102.8,100.2,100.9,96.1,97.9,94.6,92.5,91.0,88.2,83.2,80.2,75.6,73.8,72.4,72.9,70.8,68.2,63.9,59.8,55.0,50.5,48.4,42.2,39.8,40.5,41.3,42.4,43.3,44.2
22:36:02.700,114.3,89.8,107.9,103.2,104.1,106.2,105.6,105.4,102.7,101.8,100.9,101.0,100.8,97.4,99.2,96.7,94.7,92.2,90.5,88.1,84.7,80.1,78.9,78.4,79.6,79.5,78.3,76.0,72.1,68.9,67.6,68.2,62.4,58.2,54.7,49.9,44.3,43.4,44.3
22:36:03.700,113.5,89.2,107.8,98.7,102.1,104.8,105.2,99.6,103.0,104.2,98.2,100.4,100.0,100.0,96.4,97.8,94.7,92.9,90.6,88.6,85.0,80.1,78.6,78.2,78.3,78.6,77.4,72.2,66.3,62.5,60.9,59.7,52.2,45.2,42.7,41.4,42.2,43.4,44.4
22:36:04.700,113.6,87.1,106.6,101.1,102.4,102.5,104.4,104.9,105.6,100.7,98.4,96.3,98.8,96.6,92.1,92.8,89.5,88.0,87.0,85.4,81.0,77.9,77.6,76.5,77.0,76.6,74.9,70.7,64.2,59.3,55.9,54.8,48.2,43.9,41.5,41.4,42.2,43.3,44.3
22:36:05.700,113.2,86.7,106.6,100.0,100.0,106.0,103.8,102.1,99.8,100.8,101.2,98.5,98.8,95.9,95.7,92.9,92.5,89.6,87.3,86.0,81.7,77.8,76.2,75.8,76.2,75.9,74.4,70.7,66.2,62.7,61.2,60.5,53.2,47.6,44.3,42.3,42.1,43.3,44.4
22:36:06.700,113.4,85.4,106.0,103.3,104.1,103.8,104.8,101.8,104.8,101.4,100.9,98.6,98.6,97.0,93.9,92.2,92.7,88.8,87.3,85.4,81.7,77.6,75.2,73.5,73.1,71.9,70.5,66.7,59.8,55.6,51.7,50.0,41.8,39.9,40.1,41.1,42.3,43.3,44.3
22:36:07.700,113.1,86.5,106.8,94.8,100.8,106.9,104.5,104.0,101.6,103.1,100.5,101.6,98.2,97.0,95.0,92.1,90.6,88.7,87.0,84.9,81.2,78.0,76.7,76.2,75.9,76.3,76.8,74.5,69.2,65.3,62.8,61.7,54.2,49.4,45.4,43.2,42.4,43.4,44.2
22:36:08.700,112.1,83.5,105.9,93.5,98.4,99.3,102.1,104.7,103.4,103.6,100.3,98.0,96.7,95.9,94.1,93.7,90.0,86.8,85.1,82.0,78.1,75.5,73.6,72.0,71.3,71.0,69.6,64.3,55.2,49.9,45.7,41.0,38.5,39.2,40.5,41.3,42.2,43.3,44.3
22:36:09.700,112.9,85.0,105.9,99.9,99.1,102.9,104.5,105.3,103.5,98.3,99.6,98.0,95.8,94.8,92.9,90.8,90.4,87.8,85.2,82.5,79.4,75.0,72.5,70.8,70.4,68.3,66.4,61.5,53.4,50.0,49.4,47.2,42.8,41.2,40.3,41.4,42.4,43.2,44.4
22:36:10.700,111.8,83.5,104.9,95.1,99.9,104.4,102.9,99.3,99.1,99.5,100.7,98.4,98.9,95.7,94.2,91.1,88.5,85.4,83.6,82.3,78.7,76.4,72.9,72.6,73.2,73.7,72.7,69.5,63.2,59.3,55.1,53.5,46.3,43.2,40.5,41.3,42.2,43.4,44.3
22:36:11.700,112.5,82.3,104.6,102.8,100.5,103.1,104.0,105.1,101.6,100.8,98.1,95.8,97.5,94.6,94.9,90.8,89.4,87.1,84.3,82.4,78.5,74.0,72.6,71.4,71.3,71.3,69.4,65.1,56.9,54.0,53.6,49.6,42.7,41.7,40.5,41.3,42.3,43.2,44.2
22:36:12.700,111.8,83.1,103.9,99.3,99.6,101.3,102.3,101.6,100.4,97.1,100.3,98.0,94.6,93.8,93.1,91.6,89.4,86.8,85.1,82.7,78.0,74.7,72.9,73.2,74.1,73.5,71.2,66.5,58.8,55.0,54.1,50.9,42.3,40.2,40.3,41.2,42.4,43.4,44.3
22:36:13.700,111.1,82.6,104.0,97.2,98.8,99.4,100.6,99.4,99.4,100.3,100.0,96.1,95.4,94.9,92.8,92.3,88.6,87.6,85.0,82.2,77.5,74.2,72.7,72.7,72.4,71.5,69.1,62.8,50.5,45.5,42.1,39.0,38.4,39.4,40.2,41.2,42.2,43.2,44.4
22:36:14.700,110.3,80.6,102.6,99.0,100.2,99.4,100.2,101.7,99.9,95.6,96.7,96.5,93.5,92.1,92.1,90.3,87.0,85.4,82.3,79.0,77.2,72.4,70.3,70.7,69.5,67.4,65.1,61.3,52.3,48.7,48.2,44.1,39.1,39.4,40.3,41.4,42.3,43.3,44.4
22:36:15.700,111.8,83.4,103.5,99.3,103.7,102.5,101.1,100.6,96.2,98.4,94.9,95.5,95.4,91.7,87.9,89.0,85.3,83.6,81.1,78.6,74.9,73.0,71.3,70.6,71.2,71.2,69.4,65.0,55.3,51.9,49.8,45.2,39.8,39.7,40.4,41.2,42.3,43.3,44.3
22:36:16.700,111.0,77.3,101.8,102.0,103.1,103.6,100.3,100.0,101.7,95.4,95.8,97.2,93.2,90.6,89.2,86.8,86.0,82.4,79.3,76.4,72.1,67.1,64.4,63.4,62.1,58.7,55.5,48.0,37.8,36.5,36.8,37.4,38.3,39.3,40.2,41.4,42.3,43.3,44.4
22:36:17.700,110.6,77.7,101.0,93.5,96.4,102.1,104.6,100.3,96.3,96.2,94.6,92.7,91.6,90.4,88.6,85.6,82.6,82.2,80.1,77.6,73.8,69.1,67.9,67.1,65.5,63.2,60.4,52.5,40.6,37.0,36.8,37.4,38.2,39.2,40.2,41.1,42.3,43.4,44.3
22:36:18.700,108.9,80.2,101.1,98.7,102.5,99.5,98.2,97.1,102.1,95.7,93.8,91.5,89.5,89.8,89.0,88.6,86.6,81.7,79.3,76.8,74.9,71.2,68.5,67.4,67.2,64.5,60.7,53.9,42.5,40.2,38.4,37.6,38.2,39.5,40.4,41.3,42.3,43.2,44.3
22:36:19.700,109.5,77.8,100.9,96.8,100.2,99.8,99.8,100.7,97.0,98.0,96.8,91.0,90.0,90.6,88.8,87.0,85.9,83.8,80.7,78.5,73.4,67.3,64.6,64.1,64.2,63.9,62.7,57.9,46.6,43.5,41.7,38.1,38.3,39.2,40.1,41.2,42.1,43.1,44.3
22:36:20.700,110.2,77.3,101.2,100.9,98.9,100.0,98.8,101.3,98.2,95.1,94.5,93.6,90.1,90.1,89.2,87.0,83.3,81.6,77.7,75.0,73.2,68.4,65.2,62.9,63.8,63.5,60.2,52.6,41.1,38.6,37.2,37.6,38.2,39.4,40.3,41.3,42.3,43.4,44.5
22:36:21.700,110.0,76.1,101.4,97.4,101.1,105.3,101.1,96.3,98.4,99.1,96.0,92.7,91.5,88.5,87.9,86.6,81.2,79.6,77.4,75.9,71.0,64.8,61.9,60.7,60.9,58.2,51.6,43.1,35.7,35.9,36.7,37.7,38.2,39.0,40.2,41.3,42.3,43.4,44.3
22:36:22.700,107.9,75.8,100.2,93.2,98.2,98.5,97.3,97.0,98.5,96.9,95.5,95.7,91.8,90.5,88.6,86.8,84.3,82.7,77.5,71.9,67.9,65.1,62.9,62.6,62.2,61.7,60.8,55.2,42.8,40.4,36.7,37.4,38.3,39.2,40.2,41.2,42.4,43.4,44.3
22:36:23.700,109.5,77.1,101.2,90.3,98.3,103.2,101.9,96.0,98.1,94.0,97.2,94.1,91.7,90.6,89.3,87.4,84.6,81.8,78.1,74.0,70.2,66.6,64.3,63.0,61.3,60.7,57.8,49.9,38.4,37.6,36.5,37.4,38.4,39.2,40.2,41.5,42.2,43.4,44.3
22:36:24.700,108.3,77.0,99.1,95.2,98.2,93.0,95.2,96.4,92.5,94.5,93.4,92.5,91.4,90.6,88.5,87.1,84.4,82.5,80.0,76.3,71.7,68.8,67.3,66.5,65.2,60.6,55.2,44.6,36.8,37.1,36.6,37.3,38.4,39.3,40.2,41.3,42.2,43.3,44.3
22:36:25.700,108.4,77.3,100.1,99.1,101.7,96.3,97.1,97.4,94.5,92.3,95.5,93.3,92.5,86.2,87.4,84.8,82.0,80.6,79.1,76.3,69.3,67.5,63.4,61.8,58.6,55.1,50.2,41.3,35.2,35.5,36.2,37.2,38.0,39.2,40.3,40.9,42.2,43.4,44.3
22:36:26.700,107.9,72.6,98.1,98.6,95.9,93.4,97.2,95.4,95.3,96.2,93.8,91.0,88.6,88.0,85.6,84.2,80.4,78.1,73.7,72.2,66.7,60.7,56.2,54.0,53.3,49.7,45.4,36.3,34.1,35.2,36.5,37.5,38.2,39.2,40.3,41.1,42.3,43.4,44.3
22:36:27.700,108.0,73.7,97.8,95.8,98.4,100.0,98.9,95.4,93.9,93.5,87.6,88.4,89.5,87.5,85.3,81.9,80.1,78.5,76.2,72.6,67.7,64.7,62.1,59.1,57.6,55.7,49.2,38.6,34.4,35.5,36.7,37.5,38.4,39.2,40.2,41.2,42.0,43.2,44.4
22:36:28.700,106.6,73.2,98.3,97.6,97.2,96.7,96.5,93.9,94.6,94.4,89.9,90.9,91.4,87.3,85.0,83.4,80.8,77.9,72.8,69.2,63.8,63.2,63.6,61.8,59.5,55.6,49.1,39.2,34.4,35.8,36.8,37.3,38.2,39.5,40.2,41.1,42.3,43.3,44.3
22:36:29.700,105.5,72.5,97.1,97.8,95.2,90.4,95.3,96.5,92.8,92.4,89.5,89.8,89.3,86.1,85.0,80.7,79.4,77.8,73.6,71.3,66.5,61.7,56.9,54.4,53.5,50.0,44.2,36.7,34.5,35.6,36.5,37.3,38.2,39.3,40.3,41.3,42.3,43.3,44.4
22:36:30.700,108.2,75.8,98.6,95.2,101.1,98.1,99.8,98.5,95.8,93.7,94.3,91.3,90.8,87.1,87.0,83.9,81.3,78.8,77.9,76.7,73.5,70.7,68.3,67.0,67.3,64.8,60.8,52.6,40.3,38.9,37.0,37.3,38.2,39.3,40.1,41.3,42.3,43.5,44.3
22:36:31.700,106.8,73.4,98.8,93.2,96.0,96.6,96.5,93.7,96.2,92.0,95.0,92.5,89.4,90.1,84.1,84.7,80.9,77.3,74.2,72.7,67.2,61.7,57.9,57.7,57.8,52.4,48.3,41.2,35.1,35.9,36.6,37.2,38.2,39.6,40.2,41.3,42.3,43.3,44.4
22:36:32.700,107.4,74.7,98.1,96.7,101.5,99.9,97.1,90.8,92.4,95.3,90.9,92.4,91.0,88.3,87.1,82.0,82.1,79.2,76.8,74.6,70.6,67.9,66.5,65.0,63.4,58.9,53.4,45.6,36.2,35.9,36.7,37.2,38.3,39.3,40.3,41.2,42.2,43.3,44.4
22:36:33.700,106.2,72.8,97.4,92.9,94.9,95.8,94.6,94.8,97.7,94.9,89.7,88.2,89.8,85.4,86.3,83.8,81.4,77.7,74.9,72.6,67.8,64.1,61.8,60.8,60.1,56.3,49.5,38.5,34.8,35.7,36.6,37.4,38.2,39.2,40.3,41.3,42.3,43.3,44.3
22:36:34.700,106.3,71.1,96.3,97.9,96.0,94.2,94.0,94.2,92.3,91.4,92.4,89.4,85.9,85.7,84.0,82.5,80.7,75.8,72.8,70.2,65.2,62.2,59.6,57.7,55.7,51.0,46.7,39.2,34.6,35.6,36.4,37.5,38.5,39.4,40.4,41.3,42.3,43.2,44.4
22:36:35.700,107.6,70.7,96.3,97.3,97.9,96.8,94.9,95.3,95.5,92.5,90.6,88.7,84.9,83.2,81.9,80.4,78.2,74.5,72.3,69.9,64.1,59.0,56.7,58.5,57.2,53.9,48.4,39.4,34.2,35.4,36.4,37.2,38.5,39.1,40.5,41.3,42.3,43.3,44.3
22:36:36.700,106.0,71.8,97.3,95.7,99.8,99.0,96.6,96.3,94.8,92.5,93.5,92.3,89.2,85.9,85.7,82.3,80.7,76.4,74.4,70.9,68.6,64.7,62.2,62.0,60.4,56.3,51.0,41.8,35.4,35.6,36.5,37.3,38.2,39.1,40.2,41.2,42.2,43.2,44.2
22:36:37.700,106.2,70.4,96.9,98.5,96.6,96.9,97.6,92.7,93.5,93.8,88.8,87.6,86.0,86.8,83.5,81.2,77.3,75.2,70.8,67.7,63.4,57.0,56.2,54.0,50.9,46.1,39.7,35.0,34.6,35.4,36.3,37.3,38.3,39.3,40.3,41.2,42.1,43.3,44.3
22:36:38.700,104.5,70.8,95.6,94.3,96.2,96.0,96.4,93.3,87.6,89.8,89.9,87.7,86.2,86.9,81.0,82.4,77.6,76.4,71.9,69.9,63.6,58.5,58.6,57.5,54.6,50.3,44.3,36.2,34.9,36.0,36.4,37.4,38.5,39.4,40.4,41.1,42.3,43.3,44.3
22:36:39.700,108.4,72.2,97.6,97.9,97.4,94.9,92.8,94.4,91.4,92.9,91.1,89.3,88.1,86.9,85.5,82.4,78.5,76.3,73.9,69.5,64.1,60.4,58.8,58.0,55.0,50.1,45.9,37.2,34.2,35.5,36.6,37.1,38.2,39.1,40.2,41.3,42.2,43.4,44.4
22:36:40.700,105.4,71.5,96.1,94.7,98.4,96.0,91.1,92.1,88.7,91.6,88.5,86.8,86.8,84.1,85.0,81.6,80.0,76.6,72.7,69.2,65.2,60.7,56.1,53.1,54.0,51.1,43.2,35.5,34.8,35.5,36.6,37.6,38.2,39.4,40.1,41.4,42.3,43.2,44.4
22:36:41.700,103.1,70.2,94.1,87.7,91.5,91.1,89.8,90.7,90.7,89.2,89.3,88.4,85.7,84.6,82.7,78.9,79.0,75.9,72.3,68.7,65.4,60.4,58.0,54.5,52.6,45.4,39.7,34.4,35.0,35.0,36.6,37.4,38.3,39.1,40.2,41.3,42.1,43.2,44.3
22:36:42.700,104.0,69.1,94.1,94.5,95.5,96.7,96.3,93.8,88.9,89.5,88.3,87.1,84.3,84.8,81.4,80.8,77.1,73.8,69.8,67.2,63.5,60.4,56.5,54.3,50.8,47.9,43.1,35.6,35.0,35.8,36.5,37.1,38.3,39.5,40.3,41.3,42.2,43.2,44.2
22:36:43.700,104.2,69.3,94.9,97.2,93.3,93.3,96.7,91.3,91.6,90.4,89.5,87.2,86.7,85.5,82.0,79.2,76.3,73.0,69.3,65.8,63.2,57.1,52.4,50.4,48.1,44.0,38.1,34.4,34.7,35.8,36.2,37.3,38.3,39.1,40.2,41.3,42.3,43.3,44.3
22:36:44.700,104.5,69.0,94.5,89.7,91.9,94.6,92.7,92.1,90.6,92.0,87.3,90.1,84.3,82.8,79.7,79.0,77.0,74.5,71.9,67.7,60.7,56.0,56.2,55.0,52.5,49.1,40.7,34.4,34.3,35.7,36.5,37.4,38.2,39.2,40.2,41.2,42.4,43.3,44.3
22:36:45.700,106.2,69.4,95.0,97.7,97.8,95.9,93.5,91.0,92.8,93.3,89.6,85.3,84.8,81.9,81.0,79.2,78.9,76.4,72.8,68.3,64.1,58.5,56.0,55.4,54.2,49.4,42.3,35.1,34.8,35.2,36.5,37.0,38.1,39.2,40.2,41.3,42.2,43.3,44.3
22:36:46.700,108.5,69.4,94.1,94.0,97.9,99.8,98.2,93.0,93.8,88.0,89.8,86.8,84.1,81.5,81.5,77.8,78.8,73.5,72.5,68.7,65.1,58.7,57.0,56.0,56.5,52.7,46.9,38.0,34.7,35.4,36.5,37.1,38.2,39.2,40.3,41.3,42.3,43.3,44.5
22:36:47.700,105.8,70.9,95.8,96.6,94.6,92.9,89.9,93.6,92.3,93.0,90.1,88.3,84.8,84.9,78.7,80.3,78.9,74.5,71.9,69.1,65.7,61.3,59.2,59.1,56.5,51.7,46.2,38.0,34.7,35.3,36.3,37.6,38.3,39.3,40.3,41.4,42.2,43.2,44.3
22:36:48.700,105.6,69.0,94.0,96.2,95.9,95.5,92.9,93.5,90.4,88.4,90.4,87.8,85.7,82.2,81.9,78.3,76.0,74.2,71.1,67.9,64.2,58.2,54.5,51.3,45.0,39.3,35.2,33.4,34.2,35.4,36.5,37.2,38.3,39.1,40.3,41.2,42.2,43.2,44.3
22:36:49.700,106.3,68.3,94.5,98.9,96.5,94.1,93.4,93.0,92.2,90.3,90.4,85.9,85.6,84.8,81.5,78.2,77.3,74.7,67.8,65.9,62.6,59.1,55.5,51.9,52.0,47.4,40.9,34.0,34.3,35.9,36.4,37.1,38.3,39.3,40.0,41.2,42.3,43.3,44.3
22:36:50.700,102.7,68.1,93.3,94.3,94.5,90.6,88.3,88.4,86.9,89.9,87.2,88.0,83.8,84.5,80.7,78.9,76.5,72.3,68.5,65.0,60.1,54.7,52.4,50.2,48.5,42.6,36.7,34.3,34.7,35.9,36.8,37.3,38.3,39.4,40.3,41.1,42.1,43.4,44.4
22:36:51.700,104.8,67.3,92.7,94.2,91.1,94.9,96.5,88.0,88.9,89.4,85.7,84.4,82.9,80.8,79.4,76.7,74.6,70.7,68.8,65.4,62.2,58.9,54.6,54.2,53.0,49.6,44.1,35.8,34.8,35.8,36.7,37.3,38.2,39.1,40.4,41.2,42.2,43.5,44.4
22:36:52.700,104.1,68.0,93.8,95.6,94.6,92.8,92.7,94.3,89.0,90.5,88.9,84.6,82.7,80.9,77.5,76.6,74.1,72.2,68.8,65.2,61.0,59.2,55.7,52.5,51.1,46.2,40.1,34.7,34.8,35.4,37.0,37.5,38.5,39.1,40.3,41.2,42.2,43.4,44.3
22:36:53.700,104.9,68.2,93.3,97.6,96.6,93.3,88.8,87.5,91.5,87.6,83.7,84.4,84.9,82.4,81.1,77.4,75.6,71.3,68.0,64.9,62.5,58.4,57.1,56.3,55.0,49.6,43.1,35.3,34.2,35.6,36.4,37.6,38.4,39.5,40.3,41.3,42.1,43.2,44.1
22:36:54.700,105.7,68.3,92.7,95.5,94.1,88.4,89.5,90.8,85.3,82.9,84.4,84.7,84.4,81.1,81.0,75.4,75.6,72.4,69.7,65.3,60.8,57.0,54.6,52.4,48.5,44.6,38.4,33.9,34.5,35.5,36.3,37.5,38.1,39.4,40.2,41.3,42.3,43.2,44.3
22:36:55.700,103.7,67.6,92.9,98.0,98.1,91.9,91.7,92.8,87.7,84.5,85.7,89.9,86.6,83.2,80.6,78.7,75.6,72.3,68.8,67.3,62.5,58.0,53.9,52.0,49.1,43.8,36.3,34.3,34.5,35.7,36.5,37.3,38.0,39.3,40.1,41.3,42.3,43.3,44.3
22:36:56.700,101.1,66.0,91.8,87.3,89.9,88.1,88.5,90.7,88.6,88.2,82.9,87.0,82.7,79.4,78.1,75.3,74.5,71.8,68.8,62.7,57.7,49.6,49.5,51.4,49.5,46.1,39.7,33.9,34.7,35.7,36.7,37.3,38.3,39.4,40.3,41.1,42.3,43.3,44.2
22:36:57.700,102.5,65.1,90.6,92.4,93.5,86.7,86.6,87.8,87.2,86.2,82.0,82.7,78.8,79.1,76.0,75.7,71.3,68.8,65.4,63.5,59.4,55.1,53.6,50.8,49.5,44.4,36.6,34.1,34.6,35.4,36.6,37.2,38.3,39.4,40.3,41.4,42.4,43.3,44.4
22:36:58.700,100.5,63.6,88.5,89.3,88.9,84.4,86.2,87.2,84.9,83.5,82.2,81.9,78.8,77.8,75.6,74.6,70.0,67.3,63.7,62.0,58.7,53.4,51.4,49.9,48.9,42.9,36.9,33.9,34.6,35.6,36.7,37.2,38.3,39.3,40.3,41.1,42.2,43.2,44.2
22:36:59.700,102.7,66.2,90.5,89.7,91.3,91.1,92.6,89.5,87.1,82.4,86.0,84.4,81.9,82.7,78.8,76.3,75.5,72.6,68.5,62.7,56.5,52.2,53.5,50.7,46.7,41.3,36.8,34.7,34.7,35.3,36.4,37.4,38.5,39.2,40.3,41.3,42.3,43.2,44.3
22:37:00.700,102.4,64.9,90.0,95.1,94.0,92.6,93.7,89.6,84.1,82.5,80.2,79.2,81.2,80.6,76.6,73.4,71.1,70.4,66.7,60.8,57.8,53.5,50.9,48.4,46.4,40.0,35.3,34.1,34.6,34.9,36.3,37.4,38.4,39.2,40.3,41.3,42.2,43.3,44.2
22:37:01.700,103.7,65.3,91.6,94.3,93.2,92.0,93.1,91.1,87.4,85.5,88.0,83.7,83.2,78.9,76.9,74.2,71.7,69.0,67.8,64.5,60.4,57.5,56.1,54.2,50.1,45.5,38.3,34.1,34.5,35.1,36.3,37.4,38.3,39.1,40.2,41.4,42.3,43.3,44.4
22:37:02.700,103.4,64.0,89.6,95.7,92.6,85.6,87.3,85.9,85.9,83.4,81.2,81.6,79.9,79.8,75.3,71.8,70.4,67.0,64.6,60.5,55.9,49.8,49.6,48.2,45.0,41.6,35.7,33.9,34.3,35.5,36.4,37.3,38.0,39.1,40.4,41.3,42.1,43.2,44.3
22:37:03.700,103.3,64.7,90.3,87.0,90.1,96.4,94.4,86.1,88.3,84.3,84.1,81.5,82.4,80.9,77.5,73.5,73.0,70.3,67.9,62.1,57.3,53.2,49.6,48.7,46.4,42.9,37.3,33.8,34.8,35.3,36.6,36.9,38.2,39.3,40.1,41.4,42.3,43.3,44.3
22:37:04.700,102.7,63.7,89.3,90.8,92.3,88.0,84.2,86.2,88.0,83.6,82.2,83.5,79.5,78.5,74.1,71.7,70.5,67.4,65.0,62.3,58.7,52.7,49.9,43.9,40.0,36.4,33.3,33.7,34.2,35.4,36.7,37.5,38.5,39.3,40.2,41.2,42.3,43.3,44.3
22:37:05.700,100.8,65.0,89.9,90.4,90.0,91.1,91.9,90.1,84.6,86.9,84.3,82.6,81.3,78.1,75.3,75.9,74.7,70.6,67.3,65.3,60.0,55.1,53.9,50.1,47.2,43.6,36.2,33.7,34.2,35.2,36.3,37.1,38.2,39.1,40.2,41.1,42.3,43.3,44.3
22:37:06.700,100.9,65.5,90.3,90.8,90.7,93.5,91.4,90.7,85.1,88.5,84.3,83.1,82.1,80.4,77.7,76.5,73.8,69.3,64.9,62.9,60.6,56.9,57.1,54.9,52.2,48.2,42.6,35.1,34.5,35.5,36.5,37.5,38.4,39.0,40.2,41.4,42.2,43.3,44.4
22:37:07.700,101.5,64.6,90.1,86.8,82.2,86.8,88.1,87.8,88.8,85.7,82.6,82.5,80.8,79.5,78.2,77.8,71.4,70.2,65.0,62.3,58.8,51.4,49.2,45.9,42.3,37.5,34.6,34.0,34.5,35.5,36.8,37.5,38.3,39.4,40.4,41.2,42.2,43.3,44.3
22:37:08.700,101.4,65.6,89.9,88.6,88.8,88.0,92.4,89.7,86.9,85.1,81.8,81.3,82.1,78.1,76.1,75.7,74.3,70.5,69.4,62.6,60.1,54.7,51.6,46.0,41.4,37.8,34.1,33.7,34.6,35.0,36.3,37.2,38.3,39.3,40.4,41.1,42.4,43.2,44.3
22:37:09.700,101.0,64.6,89.8,84.9,84.7,88.2,89.5,91.2,85.6,85.7,83.3,83.2,82.1,78.6,78.0,74.9,72.7,70.9,66.6,62.6,60.5,54.1,51.1,49.1,47.3,41.0,35.9,33.8,34.9,35.4,36.3,37.4,38.1,39.2,40.3,41.5,42.2,43.2,44.4
22:37:10.700,98.1,64.0,90.0,89.1,85.8,85.7,83.9,87.6,86.8,85.5,84.4,83.1,81.7,78.6,74.1,70.3,68.6,68.4,66.6,64.0,60.5,55.0,51.2,47.0,41.9,37.2,33.3,33.9,34.3,35.3,36.5,37.5,38.4,39.2,40.2,41.1,42.4,43.5,44.4
22:37:11.700,100.5,61.8,88.3,92.5,89.2,88.6,86.3,87.5,85.8,85.6,82.7,80.9,78.6,76.4,74.0,70.4,69.1,66.0,62.5,59.2,55.0,51.5,46.8,45.1,39.4,36.2,34.0,33.2,34.4,35.5,36.5,36.9,37.9,39.3,40.4,41.1,42.2,43.1,44.2
22:37:12.700,101.2,60.5,88.7,94.6,94.4,88.4,85.9,87.6,84.5,83.3,83.3,82.1,78.9,74.7,71.8,71.3,70.0,64.4,60.0,54.6,52.9,47.4,43.9,42.5,39.6,37.3,33.0,33.8,34.4,35.5,36.3,37.5,38.4,39.2,40.2,41.2,42.3,43.4,44.3
22:37:13.700,100.7,61.9,89.7,87.7,89.0,85.4,89.4,87.2,86.9,89.4,82.4,78.7,81.0,77.2,75.0,72.1,68.4,65.7,62.4,59.8,53.5,49.1,47.1,45.5,39.9,35.8,33.2,33.7,34.4,35.7,36.4,37.2,38.4,39.3,40.1,41.4,42.1,43.3,44.2
22:37:14.700,100.1,62.7,89.0,88.6,91.3,92.1,86.4,82.2,85.5,82.0,83.1,82.1,81.5,78.4,74.9,72.8,67.6,66.9,65.9,62.7,59.1,53.0,48.5,45.8,42.4,41.7,35.5,33.8,34.2,35.6,36.3,37.1,38.2,39.1,40.3,41.4,42.3,43.3,44.4
22:37:15.700,99.8,61.7,88.4,84.3,85.9,86.3,86.2,88.2,87.6,84.8,83.2,80.5,79.6,78.4,73.7,71.6,68.4,64.8,63.6,59.6,57.0,51.5,48.5,45.8,43.7,39.9,34.2,33.6,34.4,35.8,36.5,37.3,38.3,39.4,40.4,41.3,42.3,43.2,44.3
22:37:16.700,99.9,61.9,88.1,89.8,89.4,88.6,86.6,86.9,85.0,85.5,85.3,80.0,77.8,77.1,75.3,71.1,70.4,67.9,62.9,57.8,55.4,49.4,49.5,48.3,44.2,38.9,35.2,33.8,34.2,35.0,36.5,37.3,38.3,39.3,40.2,41.0,42.3,43.3,44.2
22:37:17.700,97.4,61.2,87.0,82.8,87.0,87.4,86.8,89.3,85.5,82.0,78.5,82.2,75.7,75.4,74.4,72.4,71.3,64.9,62.2,57.3,55.6,50.6,45.9,46.4,43.9,37.7,34.3,33.7,34.8,35.3,36.4,37.5,38.3,39.4,40.3,41.1,42.4,43.3,44.4
22:37:18.700,99.8,60.8,86.9,85.7,87.1,89.9,85.9,86.0,80.5,83.0,79.7,78.8,78.4,76.1,72.9,71.1,69.1,65.1,60.4,56.8,52.8,47.7,45.2,44.0,39.4,35.5,33.4,33.8,34.3,35.6,36.2,37.3,38.4,39.1,40.4,41.2,42.3,43.4,44.2
22:37:19.700,99.6,60.1,86.5,86.4,86.0,88.6,85.7,85.3,84.6,80.2,84.3,78.0,74.5,73.3,72.3,69.6,68.0,66.0,61.9,56.0,51.9,46.5,45.6,41.5,38.7,36.1,34.4,34.1,34.2,35.6,36.6,37.3,38.5,39.2,40.2,41.1,42.2,43.3,44.3
22:37:20.700,99.4,61.3,87.2,87.1,89.1,85.3,85.2,88.0,83.0,81.6,81.5,75.3,77.8,74.8,74.6,71.9,68.2,66.0,63.6,59.4,55.6,49.4,45.7,44.2,43.1,37.6,33.5,33.5,34.7,35.6,36.4,37.5,38.3,39.2,40.3,41.4,42.1,43.3,44.2
22:37:21.700,99.3,61.9,86.8,88.5,86.3,86.7,85.1,84.9,85.7,82.0,80.3,77.2,78.2,78.1,75.3,73.3,69.6,64.7,61.2,58.4,56.1,51.8,50.4,50.5,47.3,41.8,35.3,33.6,34.5,35.4,36.5,37.2,38.2,39.4,40.4,41.2,42.2,43.2,44.3
22:37:22.700,98.5,59.8,85.6,87.1,82.4,80.6,85.0,86.1,81.2,82.6,82.1,77.6,74.8,75.2,75.9,70.7,68.0,64.3,59.4,56.1,53.3,47.4,46.4,43.1,40.0,35.9,33.8,33.5,34.8,35.5,36.7,37.3,38.4,39.3,40.3,41.1,42.3,43.5,44.3
22:37:23.700,99.7,60.2,85.5,94.3,87.5,85.3,83.8,83.4,79.8,80.3,81.5,79.4,73.2,74.1,72.6,70.7,67.9,63.0,61.3,55.2,49.1,46.9,43.3,42.0,37.1,35.9,33.2,33.3,34.6,35.6,36.3,37.5,38.3,39.2,40.0,41.0,42.3,43.3,44.4
22:37:24.700,98.3,60.1,86.0,83.7,88.7,87.5,84.7,81.7,81.0,79.5,78.2,76.9,77.2,75.8,72.1,69.6,66.3,64.0,59.7,57.6,52.6,48.3,47.5,44.0,41.5,37.6,34.6,33.3,34.5,35.3,36.2,37.3,38.2,39.3,40.4,41.3,42.2,43.2,44.3
22:37:25.700,99.4,61.8,87.3,88.7,89.9,87.3,85.9,83.1,82.9,81.6,80.9,81.5,76.8,75.0,75.5,72.8,70.7,67.2,62.2,58.0,54.4,49.8,48.1,42.6,39.3,35.8,33.4,33.1,34.6,35.3,36.3,37.5,38.4,39.0,40.3,41.1,42.1,43.4,44.3
22:37:26.700,98.1,62.2,86.5,87.8,87.6,85.8,83.8,84.5,80.6,82.9,80.7,79.9,76.8,75.9,72.7,70.5,70.4,68.4,64.2,59.6,55.9,50.0,47.9,47.0,42.3,37.5,33.5,34.0,34.5,35.2,36.5,37.7,38.6,39.3,40.4,41.4,42.2,43.2,44.3
22:37:27.700,98.8,61.8,86.1,86.5,83.3,84.9,84.8,83.4,85.9,82.5,81.1,79.3,77.3,73.9,74.9,72.7,72.1,68.0,63.2,60.0,57.9,52.8,51.0,47.3,42.3,38.1,33.9,33.1,34.1,35.6,36.6,37.1,38.2,39.4,40.4,41.3,42.2,43.3,44.4
22:37:28.700,98.5,61.4,86.1,89.0,88.0,85.2,83.6,84.0,80.8,80.5,82.1,76.8,74.4,73.9,73.3,72.6,69.2,67.3,61.9,57.8,53.8,48.7,48.4,45.4,39.7,36.1,33.2,33.7,34.4,35.8,36.4,37.5,38.2,39.4,40.2,41.4,42.3,43.1,44.4
22:37:29.700,99.5,61.9,86.2,88.9,84.1,86.4,85.1,84.2,84.3,83.7,82.2,79.7,74.4,75.2,73.7,71.5,69.1,67.5,64.3,61.6,58.8,53.6,52.0,50.1,47.0,40.6,34.5,33.9,34.9,35.8,36.5,37.2,38.7,39.2,40.3,41.3,42.3,43.2,44.2
22:37:30.700,98.8,62.5,87.7,87.8,89.9,90.3,88.8,85.9,86.7,83.7,80.7,80.2,80.0,77.0,73.7,72.8,69.5,68.5,63.7,59.2,55.7,49.9,48.0,46.0,43.2,40.1,34.9,33.9,34.4,35.3,36.4,37.6,38.6,39.3,40.3,41.1,42.3,43.3,44.3
22:37:31.700,98.1,63.6,88.1,86.9,87.8,87.3,87.4,90.4,85.1,83.6,83.1,76.9,79.3,77.3,76.1,73.7,71.3,69.9,65.2,61.4,59.5,54.8,52.1,50.0,47.8,44.5,37.9,34.3,34.7,35.7,36.4,37.3,38.2,39.1,40.2,41.2,42.3,43.4,44.4
22:37:32.700,98.3,61.7,86.4,88.3,82.3,84.5,85.9,82.7,82.3,78.9,80.1,79.7,76.3,74.0,73.8,71.3,69.8,67.0,61.9,57.3,51.9,49.2,48.0,45.3,38.9,36.3,33.9,33.8,34.7,35.8,36.6,37.5,38.2,39.2,40.2,41.1,42.3,43.1,44.4
22:37:33.700,98.2,61.7,86.1,87.7,84.4,83.0,84.1,85.8,81.5,79.5,80.6,77.9,78.9,76.5,74.4,72.3,68.3,67.5,63.3,60.0,57.0,51.9,47.9,44.8,40.7,36.0,33.8,34.2,34.2,35.5,36.4,37.3,38.3,39.0,40.3,41.2,42.2,43.2,44.3
22:37:34.700,99.4,62.6,86.5,84.3,86.6,86.1,83.9,81.3,85.0,84.9,80.4,76.4,77.5,73.7,73.9,72.0,69.5,67.7,65.2,62.0,59.2,55.2,52.7,50.1,46.1,41.1,34.9,33.4,34.5,35.7,36.5,37.3,38.6,39.1,40.3,41.1,42.0,43.2,44.3
22:37:35.700,97.1,60.7,85.1,87.8,85.8,85.5,82.0,85.2,82.9,80.4,77.8,75.2,73.3,76.4,73.7,71.7,67.7,65.1,62.2,57.1,54.3,48.3,44.8,43.2,40.6,35.9,33.8,33.9,34.5,35.5,36.7,37.6,38.4,39.1,40.2,41.3,42.2,43.2,44.4
22:37:36.700,96.8,57.7,83.6,77.0,80.9,84.6,83.4,83.2,82.2,78.5,74.7,73.3,73.5,72.9,69.2,68.3,65.3,60.2,58.7,57.5,51.9,45.6,41.4,39.3,37.2,35.1,32.9,34.0,34.4,35.2,36.5,37.3,38.3,39.2,40.1,41.0,42.3,43.4,44.2
22:37:37.700,95.5,59.3,84.5,85.4,82.0,77.3,83.5,81.1,79.3,78.0,83.0,76.0,75.6,75.2,71.8,70.2,67.1,63.9,60.8,57.5,53.0,49.3,42.9,40.1,35.9,34.4,32.8,33.6,34.5,35.7,36.5,37.3,38.2,39.2,40.3,41.3,42.2,43.2,44.3
22:37:38.700,99.3,59.0,85.3,90.2,87.2,85.7,88.4,84.5,82.7,76.7,76.3,76.7,76.2,74.1,70.6,70.2,66.7,63.6,60.3,53.7,51.8,46.8,44.3,41.7,39.8,36.1,33.0,33.8,34.6,35.8,36.4,37.4,38.4,39.2,40.2,41.4,42.3,43.4,44.3
22:37:39.700,98.2,58.2,84.3,87.0,85.8,86.9,87.0,85.1,79.2,77.7,75.2,78.8,77.6,72.4,73.1,69.4,66.3,61.8,58.6,55.5,50.8,44.7,42.2,42.5,37.5,34.4,33.2,33.6,34.6,35.5,36.5,37.2,38.3,39.1,40.2,41.3,42.4,43.3,44.5
22:37:40.700,98.7,57.8,84.2,83.2,86.2,84.9,83.1,83.3,81.0,80.4,77.6,74.2,73.4,72.2,69.0,65.9,64.3,60.7,57.3,53.1,48.4,42.5,40.0,38.1,34.7,33.7,33.3,33.5,34.0,35.3,36.3,37.3,38.2,39.3,40.2,41.2,42.2,43.2,44.2
22:37:41.700,96.5,58.3,84.7,85.2,87.5,87.8,82.7,85.3,78.7,85.6,78.0,74.4,76.6,69.7,70.2,67.8,65.5,63.0,60.6,58.3,54.5,49.8,44.7,38.9,37.1,34.6,33.4,34.2,34.1,35.6,36.6,37.5,38.2,39.2,40.4,41.4,42.2,43.3,44.4
22:37:42.700,97.5,58.6,85.5,87.7,89.0,87.9,88.6,84.5,84.4,81.2,79.6,74.3,75.4,72.9,71.9,69.3,66.2,63.6,59.6,54.4,51.6,45.4,43.6,42.2,36.8,33.7,33.1,33.4,34.9,35.6,36.5,37.3,38.3,39.2,40.3,41.2,42.2,43.3,44.4
22:37:43.700,96.7,58.5,85.4,83.2,84.1,81.0,82.4,84.4,81.7,85.5,75.3,77.6,73.6,72.3,71.8,69.4,67.1,61.8,58.1,52.3,47.7,45.0,43.4,39.0,36.3,34.8,33.4,34.2,34.8,36.0,36.5,37.3,38.2,39.2,40.2,41.4,42.2,43.3,44.2
22:37:44.700,97.2,58.1,84.7,89.0,88.7,84.3,82.7,83.0,82.8,79.6,77.1,76.1,75.5,71.7,69.4,67.1,65.6,61.5,59.0,53.6,50.4,47.2,47.0,45.4,41.9,37.1,33.3,33.2,34.6,35.5,36.4,37.4,38.4,39.2,40.2,41.5,42.2,43.1,44.3
22:37:45.700,96.2,57.9,84.9,82.1,82.9,83.8,84.0,81.0,84.9,81.6,75.5,76.4,75.9,72.2,69.3,66.8,64.0,62.0,58.3,54.4,50.4,44.6,43.2,41.9,39.8,33.9,33.0,33.7,34.7,35.3,36.3,37.2,38.4,39.2,40.3,41.3,42.1,43.4,44.2
22:37:46.700,95.6,56.7,84.8,86.2,86.2,83.8,86.9,86.9,85.3,80.0,77.5,77.9,76.2,73.4,68.9,66.7,64.0,61.9,59.7,53.2,46.1,42.9,39.7,37.3,34.4,33.5,32.3,33.6,34.7,35.3,36.2,37.0,38.3,39.3,40.3,41.3,42.3,43.3,44.3
22:37:47.700,97.5,57.1,85.2,90.9,86.9,87.6,85.0,81.8,85.7,81.7,78.0,77.9,77.6,73.6,68.6,66.1,65.9,63.0,57.3,52.1,49.6,43.2,41.9,37.7,36.0,34.1,33.0,33.6,34.5,35.1,36.3,37.3,38.5,39.2,40.1,41.2,42.1,43.3,44.2
22:37:48.700,94.8,58.0,84.8,85.1,87.9,84.4,86.6,83.3,81.9,81.2,81.8,76.6,75.8,73.7,71.2,68.4,65.6,62.5,57.1,55.4,52.0,46.9,43.0,38.6,36.4,33.4,33.9,33.8,34.4,35.4,36.2,37.5,38.4,39.3,40.1,41.4,42.4,43.3,44.4
22:37:49.700,96.7,61.6,86.3,84.0,82.8,83.6,86.3,83.7,84.3,83.0,78.9,77.3,76.5,73.2,71.0,71.6,67.8,66.7,63.5,59.1,51.6,47.9,46.3,42.5,39.0,35.6,33.7,33.6,34.5,35.6,36.6,37.2,38.3,39.3,40.2,41.1,42.2,43.1,44.3
22:37:50.700,99.7,59.8,85.7,87.3,88.0,87.5,87.6,82.3,84.7,82.9,78.6,76.5,76.6,72.8,73.7,70.2,68.2,65.5,61.8,57.7,54.3,50.7,48.0,45.3,41.4,36.6,34.3,34.0,34.7,35.4,36.2,37.6,38.4,39.4,40.6,41.2,42.3,43.3,44.2
22:37:51.700,96.5,58.7,84.2,79.9,82.9,84.7,84.5,82.9,81.3,80.1,77.8,76.1,73.7,75.8,72.7,69.6,65.8,61.6,57.7,54.9,50.1,42.8,39.9,37.9,34.2,33.4,32.7,33.5,34.9,35.6,36.6,37.4,38.4,39.4,40.3,41.2,42.1,43.2,44.4
22:37:52.700,94.4,58.0,83.0,85.7,83.8,81.5,77.0,80.5,77.8,76.9,78.3,75.3,75.4,73.5,69.5,69.2,63.1,60.5,59.0,54.0,49.3,44.2,41.0,38.7,35.2,33.4,32.9,33.3,34.3,35.6,36.5,37.6,38.1,39.3,40.2,41.2,42.3,43.2,44.3
22:37:53.700,96.6,60.0,85.9,88.0,89.3,88.9,83.6,85.1,81.4,79.3,80.4,79.0,77.2,75.7,73.0,71.1,67.1,64.3,61.9,56.2,52.6,47.2,42.5,37.7,34.2,33.5,33.1,33.7,34.8,35.4,36.5,37.3,38.2,39.3,40.2,41.3,42.3,43.4,44.3
22:37:54.700,97.3,59.2,85.2,87.0,87.4,84.8,86.6,83.9,83.5,82.7,80.5,77.4,77.7,73.7,70.8,69.2,65.6,65.3,62.6,57.7,54.1,51.6,44.0,40.2,36.4,33.6,32.6,33.5,34.8,36.0,36.5,37.4,38.4,39.2,40.2,41.4,42.3,43.3,44.3
22:37:55.700,95.0,58.2,83.7,85.2,78.0,76.6,77.8,81.0,80.6,82.5,78.6,74.8,75.1,71.7,69.1,66.3,63.9,64.1,60.9,54.2,52.3,46.6,44.6,38.5,36.2,33.7,33.1,33.8,34.5,35.3,36.7,37.3,38.5,39.4,40.3,41.2,42.1,43.1,44.4
22:37:56.700,95.7,57.9,83.7,85.2,78.9,81.5,81.6,82.2,79.9,81.9,76.4,75.9,73.6,69.6,68.5,67.8,66.3,61.4,58.4,54.8,50.4,44.8,40.4,36.8,34.6,32.8,33.3,34.0,34.4,35.7,36.7,37.4,38.1,39.3,40.2,41.3,42.4,43.3,44.2
22:37:57.700,95.4,57.9,83.0,85.0,82.6,80.3,81.0,79.6,84.4,83.2,78.0,75.1,73.0,71.9,70.4,70.1,68.2,62.5,61.7,56.5,52.1,48.7,44.4,38.2,34.4,34.5,33.6,33.4,34.4,35.1,36.6,37.4,38.2,39.3,40.2,41.2,42.3,43.3,44.3
22:37:58.700,95.9,58.1,83.5,78.0,84.5,80.7,79.4,81.9,80.8,80.0,78.9,76.6,71.5,71.5,71.1,67.5,64.6,61.9,61.1,54.0,50.8,44.7,40.0,37.8,35.5,34.0,33.1,33.6,35.0,35.2,36.3,37.3,38.4,38.9,40.2,41.2,42.3,43.5,44.3
22:37:59.700,95.8,57.9,82.8,85.6,83.9,85.7,84.6,81.3,78.5,79.8,75.5,73.5,70.7,72.5,70.7,68.3,66.7,62.8,58.7,50.7,47.5,45.2,42.9,39.8,35.9,34.0,32.9,33.7,34.7,35.7,36.2,37.0,38.6,39.4,40.2,41.2,42.2,43.3,44.3
22:38:00.700,93.1,58.0,82.4,86.1,87.3,81.9,78.7,75.7,74.1,78.6,76.5,75.5,74.4,73.8,70.5,67.8,66.2,60.4,55.3,53.5,50.5,48.4,45.1,42.4,39.2,35.1,33.3,33.9,34.6,35.5,36.3,37.4,38.1,39.2,40.4,41.1,42.3,43.3,44.2
22:38:01.700,94.9,55.6,82.3,89.2,86.6,85.1,84.0,77.4,81.5,78.4,73.9,72.1,71.2,72.0,69.0,64.9,61.7,61.0,55.7,50.5,47.7,42.5,40.4,36.6,33.8,33.5,33.4,33.7,34.9,35.4,36.6,37.1,38.1,39.1,40.4,41.2,42.2,43.4,44.3
22:38:02.700,97.5,55.7,82.8,87.2,84.7,80.7,80.9,82.1,80.9,80.3,77.4,75.4,72.8,69.4,69.0,68.1,64.5,60.5,53.2,49.1,44.9,40.7,38.6,35.1,33.3,33.1,33.2,34.0,34.5,35.6,36.3,37.5,38.0,39.2,40.2,41.5,42.4,43.3,44.4
22:38:03.700,95.3,55.5,82.3,82.9,82.2,83.9,83.1,81.9,80.4,79.8,76.8,73.9,72.8,71.4,70.0,67.3,61.9,58.8,55.0,51.2,49.9,44.5,40.9,37.5,35.8,33.5,33.2,33.3,34.5,35.7,36.5,37.6,38.5,39.4,40.4,41.3,42.2,43.1,44.3
22:38:04.700,94.5,56.5,82.7,81.8,81.4,81.4,81.7,80.3,79.7,80.0,77.4,74.5,71.5,71.1,68.5,64.0,60.2,59.8,58.4,53.4,49.5,47.0,43.0,41.1,40.7,35.9,33.5,33.9,34.6,35.6,36.4,37.4,38.5,39.2,40.3,41.3,42.2,43.3,44.4
22:38:05.700,97.1,54.0,80.4,85.1,82.9,82.9,84.3,81.0,75.9,75.7,75.5,71.1,70.9,64.9,65.2,58.7,61.7,57.9,54.6,52.2,45.4,41.6,40.1,36.8,35.4,33.3,32.9,34.1,34.6,35.2,36.6,37.3,38.2,39.3,40.2,41.1,42.2,43.3,44.2
22:38:06.700,93.9,53.8,80.1,81.5,81.2,83.9,81.1,80.6,76.9,77.8,74.1,71.3,70.6,68.7,66.8,63.3,60.5,57.2,55.5,52.1,45.6,41.3,39.0,35.0,32.5,32.4,32.8,33.5,34.6,35.1,36.3,37.2,38.2,39.3,40.2,41.3,42.3,43.5,44.3
22:38:07.700,95.6,55.4,81.7,82.7,86.1,85.7,81.4,78.4,75.8,76.9,75.5,73.1,70.7,69.2,67.6,61.0,61.4,59.7,56.1,50.6,47.8,40.9,38.9,36.1,33.5,32.9,32.0,33.4,34.2,35.5,36.4,37.6,38.1,39.0,40.1,41.5,42.3,43.2,44.4
22:38:08.700,96.0,56.2,81.4,86.5,83.4,82.0,84.0,80.8,79.3,74.3,73.9,72.2,73.3,70.5,70.3,63.9,62.4,61.2,58.6,51.7,47.3,43.5,40.8,37.7,33.8,33.2,33.4,34.1,34.7,35.2,36.4,37.6,37.9,39.2,40.2,41.2,42.3,43.4,44.3
22:38:09.700,93.5,57.3,82.1,82.2,79.2,80.7,76.6,79.5,78.6,75.4,76.6,72.6,72.8,71.2,67.4,65.6,63.4,61.6,59.8,55.4,49.6,47.1,45.0,40.5,36.9,33.7,33.6,33.6,34.6,35.4,36.6,37.4,38.1,39.0,40.2,41.2,42.4,43.4,44.3
22:38:10.700,96.0,57.3,81.5,83.9,87.9,87.0,79.4,80.4,79.3,77.7,74.6,72.0,72.4,72.9,66.9,66.8,65.5,63.3,60.3,55.2,52.3,47.7,45.6,38.8,36.5,33.9,32.9,33.6,34.5,35.8,36.6,37.3,38.1,39.4,40.2,41.3,42.4,43.3,44.3
22:38:11.700,98.0,55.3,80.7,82.9,87.4,84.5,79.3,78.7,78.4,73.6,75.7,71.3,70.6,68.5,66.1,64.4,61.7,60.5,56.1,48.7,43.4,40.8,37.0,35.0,32.6,33.0,32.5,33.8,34.4,35.5,36.5,37.2,38.3,39.4,40.2,41.1,42.3,43.3,44.2
22:38:12.700,98.0,56.4,83.8,87.9,86.6,82.5,80.3,83.1,81.9,78.7,75.8,77.8,71.9,71.8,69.7,65.8,61.9,58.2,56.5,51.0,47.2,43.4,40.6,36.2,33.7,32.5,32.9,33.7,34.7,35.4,36.4,37.5,38.7,39.5,40.2,41.2,42.3,43.3,44.3
22:38:13.700,96.7,56.5,82.4,88.8,85.4,83.6,80.4,79.6,78.6,77.1,76.5,71.9,76.4,71.4,67.4,66.5,65.7,58.8,55.9,52.2,50.5,46.5,43.3,39.0,37.4,33.5,32.8,33.4,34.2,35.6,36.5,37.3,38.4,39.3,40.1,41.2,42.2,43.3,44.2
22:38:14.700,94.1,57.5,82.6,79.7,82.1,82.3,83.1,83.2,80.8,75.3,75.7,74.2,75.5,70.0,68.0,66.9,63.1,63.6,58.9,54.0,50.9,46.7,45.8,42.1,39.4,35.5,33.3,33.8,34.3,35.6,36.6,37.3,38.2,39.0,40.3,41.3,42.4,43.3,44.2
22:38:15.700,94.1,57.6,81.9,84.8,83.7,81.6,83.3,77.4,79.2,80.1,75.2,72.1,72.4,70.8,68.2,67.9,65.9,61.4,60.0,55.0,49.7,45.7,43.7,40.3,37.0,33.5,32.8,33.9,34.4,35.7,36.3,37.0,38.3,39.1,40.3,41.3,42.4,43.2,44.4
22:38:16.700,96.4,60.0,83.5,89.7,84.2,83.4,77.5,79.9,79.0,80.5,79.0,77.7,73.7,74.8,72.6,71.0,68.8,66.4,63.4,59.6,52.9,44.1,42.0,43.1,39.9,35.7,34.0,34.1,35.2,35.6,36.6,37.8,38.3,39.2,40.4,41.1,42.2,43.2,44.4
22:38:17.700,98.3,58.6,83.9,86.9,80.1,79.6,85.9,85.9,82.0,77.5,78.6,72.0,74.4,72.1,68.8,68.6,64.8,61.8,59.7,57.9,55.5,51.0,45.0,36.8,34.8,34.2,32.9,33.4,34.3,35.0,36.4,37.3,38.2,39.2,40.2,41.1,42.1,43.2,44.4
22:38:18.700,94.0,55.1,79.9,86.6,86.1,81.5,79.0,77.3,79.4,76.1,74.7,72.5,69.3,68.0,67.0,65.8,61.4,58.5,56.0,53.7,50.3,46.5,42.5,38.9,34.6,33.6,32.6,33.4,34.7,35.3,36.4,37.1,38.5,39.6,40.3,41.4,42.2,43.3,44.3
22:38:19.700,97.0,56.1,82.6,87.0,85.7,86.3,81.1,80.4,76.7,77.6,79.2,78.2,72.8,69.3,69.3,65.5,61.0,60.5,59.0,53.5,51.4,45.6,44.2,40.3,36.4,33.6,33.1,33.8,34.5,35.6,36.5,37.4,38.3,39.5,40.1,41.2,42.2,43.3,44.2
22:38:20.700,94.1,55.2,82.6,83.8,83.9,82.0,80.4,82.4,80.1,77.5,76.0,73.4,70.2,68.7,66.0,63.1,62.1,57.7,54.5,50.4,46.4,41.0,40.6,36.5,33.2,32.2,33.3,33.7,34.3,35.4,36.6,37.2,38.4,39.5,40.3,41.3,42.4,43.3,44.3
22:38:21.700,92.7,55.4,81.6,85.7,87.8,83.9,81.2,79.1,81.3,77.1,75.0,73.6,72.5,72.2,70.1,66.5,64.6,60.1,57.0,48.8,43.6,41.5,42.0,39.0,35.6,33.6,33.2,33.7,34.3,35.4,36.4,37.4,38.3,39.2,40.1,41.3,42.1,43.3,44.2
22:38:22.700,94.4,56.1,82.3,85.7,83.1,87.1,84.3,81.5,81.2,80.3,76.2,73.6,72.4,70.3,68.7,67.0,64.4,62.6,58.7,50.9,46.4,41.5,40.0,36.3,34.6,33.1,32.4,33.7,34.3,35.5,36.3,37.5,38.3,39.3,40.3,41.3,42.3,43.2,44.3
22:38:23.700,95.0,57.8,82.3,82.1,84.8,82.7,80.7,78.2,79.2,78.3,75.4,74.8,73.7,70.1,70.3,64.0,65.9,62.6,59.9,55.5,49.8,45.4,41.7,37.3,34.5,33.1,32.8,33.6,34.1,35.4,36.6,37.7,38.5,39.3,40.3,41.5,42.3,43.4,44.2
22:38:24.700,95.6,57.6,82.4,85.6,87.7,83.7,81.7,79.1,79.3,78.2,74.3,76.1,73.3,71.3,68.8,67.5,64.4,62.2,59.2,55.7,52.0,50.5,48.3,43.9,40.4,34.3,33.2,33.7,34.9,35.4,36.4,37.6,38.2,39.3,40.2,41.2,42.2,43.3,44.2
22:38:25.700,95.4,56.8,81.9,86.0,88.2,82.2,78.9,79.8,79.4,76.3,74.6,73.2,74.1,70.8,68.3,65.4,63.5,58.6,57.7,53.6,51.3,48.0,43.8,39.8,36.8,33.9,33.2,33.7,34.2,35.2,36.4,37.2,38.3,39.3,40.4,41.3,42.3,43.2,44.3
22:38:26.700,93.9,56.1,81.5,86.4,81.6,83.0,81.4,79.1,81.1,77.3,76.7,75.0,76.3,68.3,67.5,63.3,62.6,61.5,60.7,56.3,51.6,44.9,43.0,40.9,37.3,34.3,33.2,33.9,34.7,35.8,36.3,37.4,38.3,39.2,40.3,41.2,42.3,43.3,44.5
22:38:27.700,92.3,53.6,79.8,73.8,79.5,79.6,76.4,77.0,78.7,75.9,76.1,72.3,72.0,67.5,63.6,61.3,58.6,57.2,54.9,51.6,44.4,39.6,36.6,34.3,32.4,32.7,32.9,33.4,35.0,35.9,36.6,37.4,38.3,39.4,40.3,41.3,42.3,43.3,44.3
22:38:28.700,94.6,53.3,80.1,79.2,78.6,79.2,80.4,77.0,78.4,71.7,72.5,72.7,73.1,66.2,63.0,62.2,57.1,55.0,53.8,49.9,44.8,43.0,39.1,35.0,33.1,32.0,32.5,33.4,34.8,35.3,36.6,37.5,38.3,39.0,40.0,41.4,42.3,43.4,44.3
22:38:29.700,95.6,54.0,81.6,87.6,85.4,80.2,85.8,83.6,81.4,80.3,75.4,75.7,72.2,70.0,67.3,64.8,61.0,55.9,54.6,52.2,49.5,46.2,42.7,39.6,34.6,33.1,32.7,33.7,34.7,35.5,36.3,37.4,38.1,39.4,40.1,41.3,42.2,43.4,44.3
22:38:30.700,93.2,53.3,79.8,82.6,82.4,82.1,78.3,76.2,76.5,73.1,74.2,71.8,69.4,66.0,61.3,59.8,56.6,53.7,52.2,49.4,43.5,40.1,38.3,34.6,33.1,33.3,33.0,33.6,34.6,35.4,36.7,37.3,38.1,39.1,40.3,41.3,42.3,43.3,44.3
22:38:31.700,95.3,53.8,81.6,86.3,85.5,83.0,81.5,81.6,81.6,78.3,76.0,75.0,73.6,71.0,66.0,62.3,56.8,55.1,56.2,52.2,45.7,42.7,44.5,40.2,37.6,33.2,32.8,33.6,34.4,35.3,36.5,37.6,38.5,39.2,40.3,41.1,42.1,43.2,44.4
22:38:32.700,95.3,54.4,82.3,80.4,81.8,85.6,84.5,80.6,79.8,79.1,75.7,75.0,73.4,72.3,66.8,64.7,61.8,52.8,53.7,50.0,46.7,40.4,40.5,36.7,33.0,32.9,33.0,33.6,34.3,35.6,36.4,37.5,38.3,39.3,40.2,41.2,42.4,43.2,44.4
22:38:33.700,95.8,53.6,81.4,84.3,85.6,83.3,79.6,78.9,80.5,78.5,75.6,73.9,72.5,69.1,66.2,62.9,59.0,52.3,52.8,50.4,46.6,40.0,40.8,34.6,34.4,32.5,33.2,33.6,34.3,35.3,36.3,37.2,38.2,39.0,40.4,41.3,42.3,43.3,44.2
22:38:34.700,92.3,53.3,79.7,72.9,78.1,78.2,76.0,80.3,78.3,77.0,73.5,73.0,70.6,68.9,66.7,62.8,59.7,54.2,53.3,50.4,45.8,41.8,39.5,34.9,33.4,33.0,32.6,33.6,34.5,35.3,36.6,37.2,38.1,39.2,40.2,41.3,42.3,43.4,44.4
22:38:35.700,93.5,53.7,79.6,74.5,81.9,82.3,79.7,80.1,76.1,78.1,71.6,74.3,70.5,67.4,67.5,63.0,60.5,56.3,54.3,51.5,48.0,45.1,43.4,38.9,34.9,33.2,32.9,33.9,34.6,35.9,36.8,37.3,38.6,39.4,40.3,41.2,42.3,43.3,44.3
22:38:36.700,92.1,53.1,79.1,78.4,77.9,77.1,78.5,77.7,73.8,75.6,73.9,72.2,71.9,67.9,62.1,61.3,58.2,55.9,53.4,48.8,43.4,40.7,38.9,35.9,33.3,32.6,32.9,33.0,34.6,35.7,36.5,37.5,38.0,39.2,40.2,41.2,42.3,43.3,44.4
22:38:37.700,92.4,53.3,80.0,82.8,80.1,80.1,78.5,76.9,76.3,75.8,72.6,73.1,71.9,66.9,64.4,61.2,58.1,57.5,51.2,45.6,42.3,40.3,37.7,34.8,32.5,32.5,33.0,33.5,34.2,36.0,36.3,37.0,37.8,39.4,40.1,41.2,42.3,43.3,44.3
22:38:38.700,92.4,53.4,80.4,84.4,76.1,78.4,77.6,78.8,76.9,77.7,75.2,70.8,69.2,67.6,65.1,61.7,58.5,53.4,49.9,46.5,42.1,38.9,36.9,33.5,33.2,32.4,33.0,33.6,34.5,35.6,36.6,37.5,38.3,39.2,40.4,41.3,42.0,43.3,44.2
22:38:39.700,94.3,52.4,78.8,82.8,74.9,79.3,77.9,79.8,76.6,76.2,71.8,68.5,70.5,67.6,66.8,62.7,57.0,53.0,47.5,47.4,40.7,38.9,36.9,34.4,33.3,33.0,33.0,33.7,34.6,35.3,36.5,37.3,38.4,39.0,40.2,41.1,42.2,43.3,44.4
22:38:40.700,92.2,53.3,79.4,81.7,73.5,78.2,81.6,79.1,75.5,76.1,74.8,71.4,69.7,68.2,64.4,64.8,60.8,56.8,51.4,47.4,46.2,40.2,36.5,34.2,33.0,32.9,33.0,33.8,34.5,35.4,36.5,37.4,38.1,39.3,40.2,41.2,42.3,43.4,44.4
22:38:41.700,94.5,54.9,80.3,82.2,84.7,84.0,82.0,80.0,78.5,73.2,72.1,70.8,69.0,65.3,64.3,64.8,64.4,59.5,52.0,52.6,50.3,44.7,41.5,37.3,34.5,33.1,32.7,33.9,34.4,35.6,36.7,37.3,38.0,39.2,40.2,41.4,42.2,43.2,44.2
22:38:42.700,91.4,54.1,78.4,83.0,81.2,79.6,78.4,79.5,76.8,74.5,73.4,69.6,67.1,65.6,63.9,60.3,60.0,57.8,55.0,54.0,48.7,45.0,43.7,38.8,35.2,32.9,32.7,33.4,34.4,35.7,36.2,37.3,38.3,39.1,40.4,41.3,42.3,43.4,44.4
22:38:43.700,97.1,55.5,80.4,87.1,82.9,84.3,80.1,78.0,77.2,74.7,72.6,71.1,69.6,65.5,66.2,62.9,60.7,59.0,57.2,55.2,48.8,42.6,39.1,34.3,32.6,32.3,33.2,33.8,34.9,35.4,36.3,37.5,38.2,39.3,40.3,41.2,42.4,43.4,44.2
22:38:44.700,94.9,52.7,78.3,83.2,83.8,82.3,79.8,79.1,73.5,73.5,69.1,68.0,68.2,65.9,62.9,62.0,60.1,54.8,53.0,49.0,42.0,38.1,36.1,33.5,31.5,32.3,32.8,33.3,34.6,35.5,36.4,37.4,38.2,39.3,40.3,41.3,42.4,43.4,44.2
22:38:45.700,92.0,52.7,79.1,79.4,82.3,82.0,76.9,77.0,79.9,74.0,73.2,72.7,69.2,66.0,65.1,62.4,59.8,57.0,49.6,46.6,41.6,37.7,37.7,35.8,33.1,33.1,33.1,34.1,34.6,35.3,36.2,37.1,38.2,39.1,40.3,41.3,42.3,43.2,44.3
22:38:46.700,91.0,52.4,79.1,84.4,80.4,80.3,80.4,75.6,72.7,73.9,74.1,70.6,68.6,66.7,61.6,62.5,58.1,54.9,48.7,44.3,40.3,36.9,36.4,32.8,32.1,32.6,32.8,33.4,35.0,35.5,36.7,37.2,38.1,39.0,40.2,41.2,42.3,43.2,44.3
22:38:47.700,92.3,53.0,79.6,84.8,79.8,81.1,78.6,76.2,76.3,74.4,73.1,69.8,69.9,67.8,63.8,60.0,59.8,53.6,51.0,45.7,42.9,38.2,36.5,33.6,31.4,32.7,32.6,33.3,34.7,35.7,36.1,37.3,38.3,39.1,40.3,41.2,42.2,43.4,44.4
22:38:48.700,92.9,52.5,78.9,76.2,73.4,77.9,78.3,78.9,76.2,76.0,73.4,69.3,67.7,65.8,64.8,59.8,58.2,52.9,50.7,47.0,43.6,38.9,36.4,32.3,31.9,33.2,32.8,33.5,34.5,35.3,36.1,37.6,38.4,39.2,40.3,41.2,42.3,43.2,44.4
22:38:49.700,92.8,54.1,79.4,78.6,81.1,78.5,79.4,82.0,77.4,72.8,72.1,69.7,69.6,66.5,64.6,64.1,60.7,56.9,53.6,52.2,48.0,42.2,37.1,33.5,31.9,32.8,32.5,33.4,34.8,35.5,36.5,37.3,38.2,39.4,40.2,41.3,42.1,43.1,44.3
22:38:50.700,93.4,54.3,79.3,84.2,79.9,78.9,80.7,77.0,79.8,74.1,72.7,72.4,70.5,67.6,67.0,64.5,61.6,58.2,55.8,52.0,48.5,41.6,40.3,36.1,32.4,32.0,32.7,33.8,34.5,35.2,36.0,37.5,37.9,39.1,40.1,41.0,42.3,43.1,44.3
22:38:51.700,91.8,54.0,78.7,80.4,80.2,81.0,79.9,78.1,75.8,75.1,75.3,71.3,68.1,68.3,67.8,64.0,61.5,59.0,55.0,51.0,47.9,44.6,42.0,37.8,35.7,33.6,33.1,33.5,34.5,35.3,36.7,37.5,38.4,39.4,40.3,41.3,42.2,43.2,44.4
22:38:52.700,91.2,52.6,77.7,81.7,76.5,78.8,80.3,78.4,75.2,71.6,69.7,71.2,70.0,67.3,63.7,61.3,58.8,55.7,52.9,49.6,45.2,42.9,38.1,34.3,32.8,32.5,32.8,33.3,34.5,35.5,36.4,37.1,38.2,39.2,40.3,41.1,42.2,43.3,44.4
22:38:53.700,93.1,53.9,79.3,83.4,79.8,77.1,77.2,76.1,75.2,75.4,70.2,69.9,70.5,69.8,63.2,60.7,59.0,54.9,53.2,50.7,45.7,40.8,37.0,34.1,32.6,32.3,32.6,33.8,34.4,35.7,36.7,37.6,38.4,39.6,40.2,41.3,42.3,43.2,44.3
22:38:54.700,93.8,53.2,79.2,79.8,78.0,73.3,78.0,72.6,77.7,74.6,70.1,67.9,70.8,63.0,65.1,61.5,58.5,53.8,50.3,46.9,42.2,38.3,35.9,33.9,32.6,32.0,33.0,33.4,34.7,35.5,36.4,37.2,38.2,39.4,40.2,41.3,42.4,43.2,44.3
22:38:55.700,92.7,54.4,79.5,82.4,78.7,78.8,78.5,75.8,72.5,73.9,74.2,69.5,70.0,68.8,66.2,63.7,60.8,56.4,52.3,46.4,41.9,39.4,36.9,34.3,33.1,32.8,32.7,33.7,34.7,35.5,36.1,37.6,38.1,39.5,40.5,41.1,42.4,43.4,44.3
22:38:56.700,91.5,54.5,78.8,79.1,76.2,78.4,80.0,76.9,74.5,75.8,72.8,70.8,72.7,69.1,68.6,65.5,61.5,57.4,55.3,51.5,48.0,42.6,39.6,35.3,31.8,33.0,32.7,33.3,34.5,35.3,36.4,37.1,38.0,39.2,40.2,41.2,42.1,43.3,44.3
22:38:57.700,92.0,53.1,77.4,78.7,76.2,73.1,72.3,74.7,76.4,74.4,71.3,69.9,71.1,68.0,66.3,63.0,60.1,57.5,54.1,49.8,42.6,38.6,35.4,33.7,32.8,32.8,32.5,33.7,34.7,35.1,36.4,37.1,38.3,39.2,40.3,41.5,42.2,43.4,44.2
22:38:58.700,91.8,53.3,77.9,83.7,81.9,78.6,80.3,78.2,75.6,75.5,70.8,71.2,67.9,68.6,65.5,63.9,61.5,58.7,54.6,48.8,42.4,38.2,36.6,34.7,32.0,33.2,33.0,33.7,34.4,35.3,36.4,37.4,38.2,39.3,40.3,41.4,42.3,43.5,44.2
22:38:59.700,89.3,52.2,77.3,77.5,77.9,76.6,75.9,71.8,73.3,75.6,68.8,66.9,67.2,66.1,62.8,59.4,58.4,55.2,51.5,44.4,40.2,37.7,36.7,34.3,32.0,32.4,32.5,33.5,34.8,35.4,36.6,37.4,38.3,39.3,40.1,41.2,42.3,43.2,44.3
22:39:00.700,94.1,51.7,78.5,86.4,83.6,75.7,82.0,78.7,76.9,75.9,75.4,70.4,67.2,65.0,62.1,61.9,59.7,55.0,49.5,46.3,41.1,38.3,38.9,36.2,32.8,32.9,32.6,33.3,35.0,35.6,36.6,37.5,38.3,39.4,40.3,41.3,42.3,43.3,44.2
22:39:01.700,91.6,51.2,77.7,77.5,78.1,77.4,75.9,78.0,76.0,76.2,70.6,68.5,67.3,64.2,61.8,58.7,56.0,49.2,46.8,46.2,41.0,38.0,36.9,34.8,32.7,32.2,32.5,33.7,34.5,35.2,36.6,37.3,38.4,39.3,40.3,41.3,42.2,43.3,44.4
22:39:02.700,92.6,50.6,76.6,80.5,79.6,76.9,77.1,76.3,75.0,70.3,72.9,68.6,67.0,62.0,56.8,53.3,52.3,52.7,47.5,45.6,41.7,37.2,35.8,33.1,31.6,32.2,32.5,34.1,34.7,35.5,36.4,37.4,38.3,39.3,40.4,41.2,42.3,43.2,44.2
22:39:03.700,90.9,51.0,77.1,77.2,78.4,78.0,74.2,74.3,76.3,70.4,73.5,69.6,67.6,63.8,59.2,54.6,54.7,52.9,48.2,46.6,40.9,37.7,35.9,33.0,31.8,32.5,32.5,33.1,34.4,35.1,36.8,37.5,38.4,39.2,40.3,41.2,42.2,43.3,44.3
22:39:04.700,94.1,51.6,77.5,82.9,80.0,81.7,79.6,76.0,74.1,75.0,73.3,70.2,68.2,65.9,61.6,57.0,59.3,54.8,50.8,45.8,42.0,38.5,38.6,34.9,32.5,33.4,33.1,33.5,34.4,35.4,36.4,37.3,38.4,39.2,40.2,41.2,42.1,43.2,44.4
22:39:05.700,90.8,50.7,75.8,79.1,75.8,75.8,75.0,76.1,74.4,70.8,68.1,68.6,64.7,62.6,58.1,55.3,55.1,49.9,48.2,46.1,41.9,37.7,36.4,35.8,34.6,33.3,33.2,33.4,34.7,35.5,36.4,37.1,38.5,39.3,40.1,41.1,42.2,43.1,44.4
22:39:06.700,92.1,51.3,76.3,76.7,76.8,73.1,71.9,71.5,70.6,69.6,71.7,65.1,65.1,62.4,61.5,57.7,51.9,48.5,48.0,46.3,41.6,37.0,36.2,33.0,32.2,32.8,32.6,33.5,34.9,35.4,36.7,37.2,38.4,39.1,40.3,41.3,42.3,43.2,44.4
22:39:07.700,90.9,50.0,73.5,73.4,74.2,77.8,77.3,70.1,73.3,69.2,67.6,65.6,65.8,64.6,59.6,56.7,51.1,48.4,46.7,45.3,39.1,36.6,34.9,32.1,32.1,33.0,33.4,33.7,34.8,35.1,36.4,37.0,38.2,39.1,40.2,41.3,42.2,43.3,44.5
22:39:08.700,91.8,52.1,76.9,83.2,81.9,79.4,76.3,72.8,76.2,71.4,71.0,69.1,66.9,66.6,63.9,60.0,57.5,54.2,50.0,47.2,44.0,39.3,37.7,34.1,33.0,33.3,32.9,33.6,34.9,35.3,36.4,37.3,38.4,39.2,40.2,41.3,42.3,43.2,44.5
22:39:09.700,89.5,52.4,76.5,81.8,80.1,80.2,74.4,73.8,72.9,72.3,72.4,69.0,67.1,65.2,64.2,60.3,59.2,56.7,53.3,47.9,42.6,39.1,35.7,33.6,32.5,33.1,32.9,33.6,34.8,35.3,36.3,37.2,38.3,39.2,40.4,41.3,42.2,43.4,44.4
22:39:10.700,91.1,51.5,73.1,75.1,75.2,76.5,75.5,72.3,67.5,68.5,61.6,65.6,67.1,64.1,60.9,57.5,59.1,54.7,52.7,48.6,44.4,40.2,36.8,32.7,31.8,32.1,32.6,34.0,34.4,35.1,36.3,37.2,38.2,39.3,40.3,41.4,42.3,43.5,44.4
22:39:11.700,88.8,51.7,75.0,77.9,74.6,72.2,72.0,74.6,70.4,68.7,71.8,66.1,65.9,65.3,60.2,60.8,57.9,54.4,52.7,49.5,44.9,37.6,35.2,32.9,32.0,32.3,32.9,33.5,34.7,35.7,36.4,37.5,38.5,39.1,40.3,41.2,42.1,43.3,44.3
22:39:12.700,89.7,51.6,76.2,77.9,73.1,76.8,77.2,74.9,71.6,73.1,71.5,69.7,68.1,64.8,59.7,58.0,55.2,53.5,52.5,48.8,42.4,38.3,35.2,32.7,31.5,32.1,33.3,33.5,34.3,35.2,36.3,37.3,38.2,39.1,40.3,41.2,42.2,43.4,44.2
22:39:13.700,89.6,50.9,75.5,81.9,78.3,75.6,76.9,75.3,71.5,69.9,67.7,67.2,65.1,66.3,62.6,57.1,54.8,52.1,47.4,46.4,43.0,37.7,33.9,33.2,31.7,32.3,32.6,33.4,35.0,35.6,36.3,37.3,38.3,39.2,40.1,41.4,42.4,43.3,44.4
22:39:14.700,91.0,51.3,76.7,79.5,80.7,82.2,78.3,74.6,74.6,70.0,72.8,69.4,65.6,66.2,62.8,58.1,56.3,52.2,50.4,47.2,40.3,37.4,35.3,32.4,31.9,32.6,32.5,33.0,34.5,35.3,36.2,37.2,38.4,39.4,40.4,41.4,42.3,43.2,44.2
22:39:15.700,88.6,50.9,76.7,72.9,76.7,78.6,77.4,74.1,74.4,73.2,70.1,68.7,64.8,62.0,61.3,56.4,57.0,50.9,47.0,44.6,40.4,36.6,34.9,32.0,31.3,32.5,33.3,33.9,34.9,35.2,36.5,37.5,38.5,39.2,40.1,41.4,42.3,43.3,44.2
22:39:16.700,93.0,51.3,78.0,80.8,77.2,79.6,80.0,77.0,77.2,73.7,73.8,71.7,68.6,65.1,63.3,61.0,58.4,52.7,46.6,46.9,43.8,39.8,37.9,35.4,32.0,32.6,32.6,34.0,34.8,35.6,36.5,37.1,38.4,39.1,40.1,41.0,42.3,43.3,44.3
22:39:17.700,91.8,52.1,77.9,78.6,77.2,76.6,78.3,77.8,75.6,70.3,73.3,68.6,70.2,65.8,61.9,59.3,59.2,53.8,49.3,46.7,44.1,39.5,36.5,33.4,31.7,32.0,32.1,33.5,34.7,35.6,36.7,37.0,38.2,39.2,40.2,41.3,42.2,43.4,44.3
22:39:18.700,90.0,51.8,76.5,83.4,79.5,75.0,75.2,73.3,72.0,72.7,71.4,68.6,67.1,64.0,58.7,58.2,56.3,53.9,52.7,48.4,45.1,37.7,34.7,33.7,32.0,32.6,32.8,33.7,34.7,35.5,36.0,37.1,38.3,39.4,40.2,41.4,42.1,43.3,44.4
22:39:19.700,91.4,51.8,76.7,80.9,76.9,75.8,77.9,75.9,74.4,70.7,73.2,69.5,68.9,65.6,63.0,59.5,58.9,54.8,50.2,47.6,43.1,37.7,35.9,33.7,32.5,32.4,32.9,33.9,34.6,35.6,36.1,37.2,38.3,39.3,40.0,41.1,42.3,43.3,44.2
22:39:20.700,88.7,50.3,74.2,77.6,76.2,74.3,73.7,73.9,71.3,70.0,66.7,66.2,66.7,62.3,60.8,54.9,53.1,50.0,48.2,46.8,39.9,36.6,35.5,33.3,31.6,32.8,33.3,33.7,34.5,35.6,36.7,37.1,38.3,39.3,40.2,41.3,42.2,43.2,44.2
22:39:21.700,89.8,51.3,76.9,73.5,75.5,72.6,75.1,73.3,74.1,72.4,70.8,70.3,68.4,61.8,59.1,56.9,55.8,52.0,47.8,44.8,40.3,37.8,35.8,32.6,31.9,32.8,33.2,33.4,34.8,35.3,36.4,37.4,38.3,39.1,40.0,41.2,42.4,43.3,44.3
22:39:22.700,90.1,51.5,76.2,78.0,74.7,79.8,77.6,75.8,72.3,72.6,68.7,65.4,64.4,61.4,59.1,58.1,54.0,52.3,49.8,45.1,41.7,37.4,34.8,33.2,31.7,32.6,32.9,33.8,35.0,35.6,36.6,37.2,38.3,39.2,40.1,41.4,42.4,43.4,44.3
22:39:23.700,88.3,50.4,75.0,73.8,73.4,77.8,75.7,77.4,72.1,70.1,68.7,66.3,64.4,63.3,60.2,56.3,55.7,50.4,47.4,45.6,40.9,38.0,35.9,32.8,32.5,33.0,33.1,33.8,34.8,35.3,36.7,37.3,38.3,39.2,40.3,41.1,42.3,43.3,44.3
22:39:24.700,91.0,49.9,75.6,80.8,80.1,73.6,76.7,76.2,71.2,69.0,63.8,63.8,64.8,62.7,57.9,53.5,50.5,46.9,45.0,44.7,39.6,37.1,34.6,32.9,32.4,33.0,33.0,33.5,34.5,35.4,36.3,37.4,38.3,39.2,40.5,41.3,42.2,43.4,44.3
22:39:25.700,90.5,49.9,74.5,75.4,74.6,76.1,74.5,74.8,72.5,64.7,65.5,64.0,64.0,58.4,54.6,52.5,49.7,45.5,44.9,43.4,39.0,36.8,34.5,33.7,32.6,33.4,32.6,33.8,35.1,35.4,36.3,37.2,38.2,39.3,40.3,41.3,42.3,43.3,44.4
22:39:26.700,89.2,49.8,74.4,74.1,75.2,76.4,75.7,74.6,72.3,72.2,68.2,67.8,63.4,64.0,58.3,55.6,50.3,47.2,47.8,43.5,38.7,37.0,35.4,33.5,31.8,33.0,33.3,33.7,34.7,35.1,36.4,37.3,38.4,39.2,40.1,41.3,42.3,43.4,44.3
22:39:27.700,91.0,50.5,76.0,74.1,75.5,80.9,78.7,74.5,73.3,73.0,72.1,71.0,67.2,66.9,60.8,58.7,53.4,49.1,48.9,46.1,39.1,36.6,35.1,32.5,31.8,32.4,32.7,33.2,34.5,35.9,36.5,37.1,38.4,39.5,40.2,41.4,42.3,43.3,44.3
22:39:28.700,86.7,49.8,74.2,76.7,74.5,72.3,71.2,73.0,74.1,70.8,68.8,67.0,65.4,62.3,57.0,53.6,51.7,46.8,45.9,44.0,38.3,36.7,34.5,32.1,32.3,31.9,32.7,33.9,34.4,35.4,36.5,37.3,38.5,39.2,40.2,41.2,42.3,43.2,44.3
22:39:29.700,86.2,50.0,73.3,78.1,79.8,77.3,72.1,72.5,69.9,69.9,67.8,66.9,65.4,63.0,61.0,55.5,52.5,49.1,47.0,43.5,38.3,36.0,34.5,31.9,31.5,32.4,32.9,33.6,34.8,35.4,36.4,37.2,38.4,39.2,40.4,41.4,42.3,43.4,44.3
22:39:30.700,89.7,50.5,75.1,72.2,73.1,76.3,76.0,72.2,70.2,70.4,67.2,67.5,65.1,62.5,61.0,56.6,52.8,48.1,46.8,44.4,38.7,36.6,34.5,32.8,32.2,32.7,32.8,34.2,34.6,35.3,36.6,37.5,38.4,39.3,40.1,41.2,42.3,43.3,44.3
22:39:31.700,87.1,49.6,73.7,74.2,76.8,76.4,73.5,71.3,68.0,71.1,68.6,65.1,62.8,60.2,55.7,52.1,48.6,46.3,46.0,44.0,38.7,36.8,34.6,32.6,31.7,32.5,32.6,33.4,34.5,35.4,36.4,37.1,38.2,39.2,40.2,41.3,42.2,43.3,44.4
22:39:32.700,84.5,49.3,71.9,73.2,69.4,69.0,71.8,73.5,67.9,67.3,62.1,60.1,60.2,59.3,56.5,52.9,48.1,44.7,43.3,43.0,38.0,35.9,34.2,33.0,31.7,32.2,33.2,33.3,34.6,35.7,36.3,37.4,38.4,39.2,40.2,41.3,42.2,43.3,44.3
22:39:33.700,87.6,49.6,71.9,74.9,72.1,72.8,71.6,75.0,67.6,66.8,68.0,62.2,61.4,61.4,58.3,54.9,50.9,45.5,46.3,44.2,38.2,36.1,34.9,32.5,31.9,32.9,32.9,33.2,34.7,35.4,36.4,37.2,38.3,39.5,40.3,41.4,42.3,43.3,44.3
22:39:34.700,85.3,49.7,72.3,76.8,74.3,70.6,69.8,67.7,66.5,69.6,68.1,61.1,62.0,60.7,56.0,55.0,51.4,45.3,44.8,42.8,37.7,35.3,34.2,32.6,32.5,32.7,33.4,34.0,34.8,35.3,36.5,37.3,38.2,39.1,40.3,41.3,42.3,43.3,44.3
22:39:35.700,88.3,49.8,73.1,73.7,76.6,75.7,75.0,71.8,70.1,70.2,68.9,67.7,65.5,61.9,57.6,56.9,52.6,47.3,46.6,43.1,39.8,36.6,34.5,33.2,33.1,33.2,33.4,33.5,35.0,35.5,36.3,37.7,38.0,39.2,40.4,41.2,42.3,43.4,44.3
22:39:36.700,87.3,49.6,71.5,72.1,74.9,72.0,70.9,69.0,67.1,65.1,64.9,62.0,59.3,56.7,53.0,52.7,50.8,48.6,47.4,43.7,39.9,37.3,34.7,32.6,31.9,32.3,33.1,33.7,34.6,35.3,36.3,37.4,38.3,39.4,40.2,41.3,42.3,43.3,44.1
22:39:37.700,86.3,49.8,72.5,74.0,71.8,76.1,76.1,71.0,67.9,71.1,66.3,64.1,63.2,57.2,58.2,53.5,52.8,50.1,47.3,43.7,39.8,37.1,34.7,32.8,32.0,33.3,32.8,33.6,34.5,35.7,36.5,37.4,38.3,39.4,40.1,41.3,42.2,43.3,44.2
22:39:38.700,85.5,49.4,71.3,74.7,73.4,71.4,69.3,71.0,70.4,67.4,66.1,63.5,59.5,57.7,54.3,51.5,50.1,47.0,47.5,44.2,38.0,36.6,33.9,33.1,31.5,32.6,33.3,33.9,34.4,35.5,36.6,37.3,38.4,39.3,40.3,41.3,42.2,43.1,44.3
22:39:39.700,86.2,49.2,69.8,76.8,75.4,70.8,67.2,68.9,66.2,65.9,62.2,62.6,59.4,57.2,54.3,50.4,49.4,46.0,45.5,43.5,36.9,35.2,34.3,33.4,31.4,32.7,32.6,33.6,34.4,35.4,36.5,37.4,38.3,39.5,40.0,41.4,42.3,43.2,44.3
22:39:40.700,87.3,49.5,70.9,80.7,76.6,74.0,72.8,71.2,67.8,64.9,63.8,63.8,63.8,60.0,53.5,52.8,50.7,49.1,45.3,43.5,39.7,35.3,35.3,32.5,31.8,32.6,33.2,33.4,34.7,35.5,36.7,37.5,38.5,39.3,40.3,41.4,42.4,43.4,44.4
22:39:41.700,84.7,49.3,70.9,70.5,68.9,72.2,71.8,64.5,69.1,66.1,62.0,62.2,61.7,58.7,52.9,50.6,47.9,47.1,45.1,43.7,39.2,35.7,34.5,32.5,31.9,33.2,33.4,34.0,34.3,35.3,36.7,37.2,38.4,39.2,40.3,41.3,42.4,43.3,44.5
22:39:42.700,86.8,49.1,70.2,72.6,70.3,66.6,68.2,69.1,66.2,63.9,63.8,59.8,58.6,55.6,52.3,49.2,46.7,45.0,43.1,43.5,39.5,36.4,33.5,32.0,31.7,32.7,32.7,33.9,34.3,35.4,36.4,37.3,38.3,39.3,40.2,41.0,42.4,43.5,44.3
22:39:43.700,85.1,49.1,69.7,71.9,73.5,67.2,69.3,71.5,70.3,65.0,64.7,61.0,62.2,57.9,55.1,51.6,49.2,45.0,45.3,44.7,38.1,36.3,35.0,32.1,31.2,32.6,32.9,33.6,34.4,35.4,36.5,37.1,38.3,39.4,40.4,41.1,42.2,43.2,44.3
22:39:44.700,83.0,49.1,69.9,74.4,71.2,69.1,71.9,70.0,68.0,65.1,64.4,63.1,61.6,58.0,53.5,50.6,48.3,45.4,42.9,43.9,37.7,36.2,35.4,33.2,31.0,33.1,32.9,32.8,34.5,35.4,36.6,37.6,38.2,39.3,40.4,41.2,42.3,43.4,44.3
22:39:45.700,84.4,48.9,70.0,74.8,75.7,71.9,69.7,68.7,70.5,67.5,64.8,63.0,57.8,55.7,49.7,47.7,47.9,45.3,44.0,42.9,38.9,36.3,34.7,31.8,31.6,33.1,32.5,33.9,34.5,35.6,36.3,37.4,38.1,39.4,40.0,41.1,42.4,43.3,44.2
22:39:46.700,80.4,49.0,67.4,68.1,66.8,68.2,69.9,66.5,66.6,64.9,61.4,60.8,58.4,58.5,49.8,46.1,44.6,44.2,45.3,43.4,38.7,36.4,34.1,31.9,32.2,32.5,32.7,34.3,34.7,35.6,36.6,37.7,38.4,39.2,40.3,41.1,42.3,43.3,44.4
22:39:47.700,87.1,49.3,72.4,71.9,74.1,74.0,71.3,74.0,72.6,69.9,68.2,64.9,62.3,60.1,54.8,49.6,47.3,46.0,45.8,45.1,38.5,36.8,34.5,32.8,31.8,32.9,32.8,34.1,34.1,35.3,36.4,37.3,38.1,39.2,40.4,41.4,42.2,43.3,44.3
22:39:48.700,87.4,49.0,70.4,75.8,76.6,74.8,71.7,67.8,70.2,64.8,64.5,62.6,58.9,54.9,53.1,49.3,46.8,45.5,43.7,42.1,38.2,35.6,34.3,32.5,32.0,32.7,33.2,33.4,34.7,35.4,36.6,37.4,38.3,39.2,40.3,41.2,42.4,43.2,44.2
22:39:49.700,86.5,49.3,72.0,73.3,71.5,69.5,69.0,70.7,68.2,67.0,64.8,63.7,62.2,57.1,53.8,49.4,48.3,45.3,45.0,44.5,38.7,36.0,34.7,32.6,31.8,32.8,33.2,33.4,34.7,35.3,36.2,37.2,38.3,39.3,40.1,41.3,42.4,43.4,44.3
22:39:50.700,86.6,49.5,72.3,75.8,73.5,73.7,71.0,66.9,68.4,65.8,64.9,63.0,60.8,58.4,53.8,50.0,47.4,45.1,46.2,44.6,38.8,36.1,34.7,33.1,32.7,33.0,32.6,34.1,34.7,35.4,36.6,37.4,38.4,38.9,40.2,41.3,42.2,43.2,44.4
22:39:51.700,83.8,49.5,71.6,74.2,73.2,72.0,73.4,71.4,68.7,67.5,66.1,62.9,61.4,59.3,56.1,50.5,50.1,46.8,46.5,42.9,39.1,35.5,34.0,32.2,32.2,32.4,33.1,33.7,34.6,35.8,36.8,37.4,38.1,39.1,40.1,41.5,42.2,43.3,44.2
22:39:52.700,83.3,49.4,70.8,76.1,70.0,68.7,68.1,70.2,68.2,66.2,63.6,62.0,59.9,56.1,54.5,46.7,48.9,46.7,45.4,44.0,39.3,37.0,34.2,33.4,33.5,32.5,32.8,33.4,34.7,35.4,36.7,37.3,38.1,39.4,40.3,41.1,42.2,43.1,44.4
22:39:53.700,84.8,49.3,69.9,73.6,76.6,74.1,71.7,69.8,64.4,66.0,65.7,63.4,63.0,59.6,57.4,52.8,48.6,44.0,45.8,45.0,40.2,35.6,34.4,35.2,32.0,33.0,32.8,33.5,34.8,35.3,36.3,37.2,38.2,39.2,40.3,41.4,42.4,43.4,44.3
22:39:54.700,84.5,49.3,69.4,76.2,73.0,68.5,66.5,66.9,64.4,63.4,59.0,59.8,60.5,57.7,55.6,52.0,48.2,43.8,44.3,43.6,38.1,35.7,34.6,32.6,32.4,32.4,32.4,33.0,34.5,35.4,36.4,37.4,38.6,39.1,40.4,41.3,42.2,43.3,44.4
22:39:55.700,83.2,49.3,66.4,69.5,71.2,68.5,62.6,63.9,62.9,61.8,57.6,57.1,59.5,55.5,53.6,51.9,49.1,44.3,44.5,42.9,38.3,35.6,34.8,34.4,32.2,32.3,32.5,33.2,34.4,35.4,36.4,37.3,38.3,39.1,40.3,41.3,42.2,43.3,44.2
22:39:56.700,86.0,49.1,67.7,69.9,68.0,71.5,71.8,67.8,68.1,61.8,60.8,59.2,58.9,55.7,55.0,51.4,50.5,44.7,44.4,43.9,38.2,36.6,36.1,37.5,33.0,32.8,33.2,33.8,34.3,35.0,36.5,37.3,38.1,39.3,40.4,41.4,42.3,43.1,44.3
22:39:57.700,86.1,50.0,72.1,75.5,75.3,73.2,68.6,74.1,68.3,66.4,64.9,63.1,62.3,58.6,57.5,55.1,53.5,50.3,47.6,44.3,40.6,36.9,34.5,33.1,32.1,32.7,33.2,34.0,34.8,35.7,36.2,37.4,38.5,39.3,40.2,41.1,42.2,43.3,44.3
22:39:58.700,86.2,49.7,70.7,75.7,72.2,71.2,69.9,70.6,69.6,68.6,64.7,62.9,60.7,56.4,58.1,55.4,52.6,50.1,45.9,44.8,40.7,35.9,33.9,34.1,32.4,32.5,32.8,33.5,34.5,35.3,36.4,37.2,38.4,39.3,40.3,41.2,42.3,43.3,44.3
22:39:59.700,84.4,49.4,69.6,68.6,70.7,70.7,68.6,69.4,67.5,66.1,60.9,62.1,60.0,57.6,55.7,52.9,49.8,46.6,46.1,44.1,38.8,36.0,34.0,32.1,32.3,32.7,32.8,33.3,34.5,35.7,36.5,37.7,38.3,39.0,40.3,41.3,42.3,43.4,44.3
22:40:00.700,86.2,49.2,68.9,73.0,71.1,65.3,63.2,67.6,66.4,59.8,63.2,63.0,60.6,54.5,57.0,51.0,48.8,45.9,45.0,43.8,38.6,35.6,34.9,33.4,32.1,33.1,33.2,34.0,34.8,35.2,36.3,37.3,38.7,39.4,40.2,41.2,42.4,43.3,44.4
22:40:01.700,87.2,49.5,70.5,75.6,76.9,71.3,68.7,70.7,68.6,66.7,61.8,60.9,61.7,58.0,56.9,52.8,49.6,46.5,45.3,44.4,38.6,35.7,34.2,33.4,32.8,33.1,32.3,33.5,34.9,35.6,36.7,37.5,38.2,39.2,40.1,41.5,42.3,43.3,44.2
22:40:02.700,84.6,49.1,67.7,73.9,74.2,70.4,67.4,67.6,66.6,62.4,62.6,60.0,60.4,56.7,54.2,51.7,46.9,43.3,45.2,44.0,39.6,36.7,34.5,32.4,32.3,32.7,32.6,33.8,34.3,35.6,36.6,37.3,38.3,39.1,40.4,41.2,42.2,43.3,44.3
22:40:03.700,85.8,48.9,67.1,69.8,67.7,65.1,64.2,69.5,65.1,61.0,61.0,58.0,58.9,53.9,51.1,48.3,47.6,44.1,44.7,42.8,38.1,35.4,34.1,32.4,31.9,33.0,33.1,33.6,34.7,35.4,36.4,37.4,38.5,39.4,40.2,41.2,42.3,43.3,44.3
22:40:04.700,85.6,49.1,70.1,72.5,74.4,74.0,72.6,70.8,70.7,66.2,63.1,62.6,63.5,59.6,56.6,50.8,47.9,45.3,45.3,43.4,38.3,35.4,33.8,32.2,32.1,32.5,32.9,33.6,34.8,35.2,36.7,37.7,38.0,39.0,40.1,41.3,42.2,43.4,44.2
22:40:05.700,83.7,49.0,68.0,68.0,67.3,68.3,66.6,66.6,64.0,63.1,57.8,57.4,59.4,54.0,51.8,46.7,47.0,44.7,45.1,43.9,38.5,35.9,33.3,31.6,31.8,32.9,32.4,33.4,34.6,35.2,36.2,37.1,38.1,39.5,40.3,41.4,42.3,43.4,44.4
22:40:06.700,87.1,49.1,69.4,70.1,72.8,71.5,69.8,71.2,63.6,65.4,63.9,62.4,61.6,56.3,51.4,51.2,46.6,44.3,44.6,43.1,38.8,35.9,33.5,31.5,31.8,32.7,33.3,33.8,34.4,35.2,36.2,37.5,38.4,39.3,40.3,41.5,42.5,43.3,44.2
22:40:07.700,86.1,48.9,67.0,76.2,72.7,64.7,64.6,64.2,67.2,64.6,63.5,58.4,57.4,56.8,50.6,49.7,46.3,42.9,43.6,42.5,39.0,35.1,33.2,31.8,31.7,32.4,32.4,33.6,34.7,35.7,36.6,37.2,37.9,39.1,40.2,41.2,42.3,43.3,44.5
22:40:08.700,85.3,49.4,70.9,71.3,71.5,72.7,68.0,67.3,65.0,64.2,62.5,60.8,62.2,56.0,54.3,50.4,49.4,46.4,44.4,43.3,38.1,35.1,33.6,32.2,31.3,32.8,32.8,33.5,34.8,35.2,36.5,37.4,38.3,39.1,40.3,41.1,42.2,43.2,44.3
22:40:09.700,89.0,49.0,68.0,72.9,72.9,71.9,72.0,67.5,68.6,64.1,64.2,60.4,57.8,53.8,54.5,49.9,48.0,46.0,45.1,42.7,38.1,35.7,33.3,31.2,31.5,32.5,32.2,33.8,34.7,35.2,36.7,37.0,38.2,39.2,40.1,41.3,42.3,43.4,44.2
22:40:10.700,86.3,49.2,68.7,73.5,73.6,71.3,72.1,67.0,61.9,58.5,56.2,60.3,60.5,56.0,51.8,49.3,47.2,45.2,44.0,44.2,39.5,35.6,34.2,32.3,31.8,32.7,33.0,33.3,34.2,35.6,36.7,37.1,38.3,39.3,40.2,41.4,42.3,43.3,44.3
22:40:11.700,84.5,49.1,68.7,74.3,73.3,70.2,70.4,67.8,66.9,64.4,65.0,61.4,59.6,56.0,54.6,52.5,48.5,45.8,44.6,44.4,39.0,35.2,33.9,32.1,32.0,33.0,33.1,33.7,34.8,35.7,36.2,37.2,38.1,39.1,40.4,41.2,42.2,43.2,44.2
22:40:12.700,81.9,49.1,67.3,68.9,68.8,71.3,68.2,67.9,66.7,64.4,62.3,60.7,59.2,57.1,55.9,51.4,48.6,45.7,44.9,42.4,37.1,36.1,34.9,32.2,32.6,33.2,33.1,33.8,34.6,35.5,36.6,37.2,38.4,39.2,40.3,41.2,42.4,43.2,44.4
