AMBIENT,70.8,48.9,55.7,55.3,48.2,45.7,41.3,39.5,38.7,39.9,42.1,43.3,44.9,46.3,46.9,47.1,47.2,46.5,44.2,39.8,34.1,34.1,35.2,35.4,33.8,33.6,33.3,34.1,33.3,30.9,31.0,30.3,33.8,44.8,42.9,26.1,30.5,25.7,24.1
22:35:06.954,68.9,48.7,55.1,45.7,39.3,36.2,34.7,30.2,35.1,38.3,39.2,42.4,41.9,42.4,45.4,46.0,48.2,46.3,45.0,38.7,33.7,32.7,34.8,35.4,33.2,32.5,31.6,32.7,32.3,30.4,30.5,29.5,34.8,47.1,46.5,26.1,30.7,24.9,24.0
22:35:07.954,69.5,47.9,53.7,38.0,35.7,29.9,30.6,33.2,36.2,37.9,39.5,41.0,40.1,45.1,42.7,45.5,46.2,42.8,41.6,38.1,33.4,32.6,35.2,34.6,33.0,32.0,32.0,32.3,32.5,29.9,29.2,28.8,33.2,46.2,46.3,27.8,35.4,27.0,24.2
22:35:08.954,73.2,43.4,52.7,53.2,54.8,51.7,43.0,41.5,38.3,40.0,39.5,40.0,40.7,42.3,43.3,44.7,44.2,43.2,41.8,37.5,32.0,31.4,34.6,34.3,32.3,32.4,32.2,32.1,32.3,29.6,29.7,28.6,28.0,25.3,24.1,22.8,23.1,23.7,23.8
22:35:09.954,66.2,43.1,51.1,47.3,41.5,34.9,35.9,36.9,34.6,35.3,38.7,37.3,41.6,40.7,42.1,42.0,42.7,41.9,41.0,37.6,31.7,31.2,32.6,33.6,32.3,32.6,31.7,32.2,32.6,29.4,29.2,28.3,27.9,25.4,25.3,23.1,22.9,23.6,23.9
22:35:10.954,67.5,42.4,50.9,42.4,34.3,30.2,33.2,36.9,39.4,34.0,37.0,40.1,39.3,39.5,43.2,42.2,42.1,42.1,40.2,36.0,30.8,30.8,32.6,33.0,31.2,31.5,30.2,31.4,31.0,29.4,29.0,28.0,27.1,24.7,24.3,23.1,22.8,23.5,23.7
22:35:11.954,60.2,46.8,51.8,40.1,34.9,28.8,26.2,31.0,32.8,34.8,36.6,37.0,41.5,43.5,42.3,42.9,41.6,42.4,39.5,35.6,31.3,31.7,33.0,33.6,32.6,32.5,31.6,32.3,32.5,30.5,30.6,29.4,31.8,44.9,44.5,25.7,30.2,25.4,23.9
22:35:12.954,68.9,44.0,52.6,30.8,35.1,34.1,29.9,36.3,34.8,32.4,37.6,36.5,41.4,41.7,42.4,45.8,46.1,43.4,41.6,35.5,31.3,31.5,32.8,33.8,33.3,32.1,32.3,33.2,33.1,31.1,31.5,31.1,30.9,29.5,26.1,24.2,23.0,23.6,23.8
22:35:13.954,73.2,48.9,54.8,35.5,33.4,34.8,32.7,36.7,35.1,40.1,38.4,44.8,43.0,45.1,44.6,47.8,46.3,45.6,41.5,37.5,32.7,33.3,35.1,35.1,33.2,33.5,33.7,34.4,34.3,31.6,32.2,31.4,33.4,44.9,42.7,25.5,30.3,25.8,24.1
22:35:14.954,72.6,46.1,55.9,48.4,45.5,42.9,37.9,33.9,39.9,38.9,41.3,46.2,43.8,48.2,47.6,47.3,46.2,46.9,44.2,39.4,34.6,34.0,35.2,36.3,34.2,35.6,34.8,35.5,34.6,31.8,32.8,32.7,32.0,30.5,30.0,24.7,23.9,24.1,24.0
22:35:15.954,73.4,46.2,56.5,60.6,55.2,51.0,45.5,38.2,34.9,40.4,45.2,41.6,46.4,47.8,47.5,47.7,48.4,47.6,45.6,40.9,34.0,34.6,36.2,35.8,35.2,35.3,34.3,34.4,34.0,31.3,32.1,31.4,30.3,34.5,34.7,24.0,23.5,24.2,24.1
22:35:16.954,77.3,46.1,56.6,58.2,56.6,57.2,52.0,49.9,42.1,38.7,41.9,42.4,44.2,47.3,48.1,47.6,46.4,47.6,45.4,39.3,33.9,34.1,35.1,35.7,34.7,36.6,35.1,35.0,33.8,31.3,32.0,30.9,30.8,29.8,29.0,24.2,23.2,23.7,23.8
22:35:17.954,69.3,45.8,54.6,42.9,40.3,36.9,35.9,36.9,33.7,36.5,37.2,41.3,42.8,45.9,45.3,47.0,46.8,44.9,44.1,38.6,33.3,33.9,35.7,35.4,34.6,35.5,35.1,34.6,34.1,31.5,31.4,30.6,30.8,31.2,28.4,23.8,23.1,23.6,23.6
22:35:18.954,66.5,46.1,55.7,42.2,40.0,37.1,32.0,33.6,36.9,39.6,39.8,38.7,46.0,46.0,47.3,47.5,46.6,45.6,43.9,39.5,33.8,34.4,36.0,36.7,35.6,35.5,35.5,36.5,34.5,31.6,30.8,29.9,30.0,27.2,26.3,23.7,23.1,23.6,23.9
22:35:19.954,80.2,46.4,57.5,72.2,64.1,53.4,47.0,41.3,47.4,43.1,44.3,42.8,41.0,47.5,47.9,49.1,49.3,47.5,45.2,42.5,35.9,36.0,36.4,36.4,35.6,35.5,34.8,36.3,34.6,31.6,31.8,31.8,31.1,30.9,26.9,24.2,23.2,23.7,23.7
22:35:20.954,78.8,45.8,56.1,65.8,58.0,50.7,52.3,51.6,47.6,39.8,39.2,43.3,39.9,43.4,44.9,46.3,47.5,47.5,44.4,39.0,34.4,34.6,35.1,35.9,34.9,34.3,33.9,35.1,34.7,32.3,32.2,31.5,31.6,30.1,28.5,24.9,23.3,23.6,23.7
22:35:21.954,77.4,45.7,56.7,65.3,60.5,55.1,48.8,43.7,45.5,45.3,43.4,43.2,45.8,47.4,47.1,46.6,48.2,48.3,44.8,40.2,33.7,35.0,36.1,36.6,34.6,33.4,33.2,34.0,34.1,31.2,31.2,30.1,30.6,31.3,30.2,24.4,23.2,23.5,23.8
22:35:22.954,78.5,46.0,58.6,64.8,62.4,54.9,50.4,49.7,50.8,48.8,47.6,47.7,47.0,47.1,47.5,48.4,48.4,46.6,45.0,40.8,35.6,34.9,36.2,36.4,34.4,33.4,33.8,34.4,34.7,32.3,31.9,31.2,30.5,28.0,26.8,24.3,23.2,23.6,23.6
22:35:23.954,84.2,46.3,61.1,72.0,67.2,64.3,58.7,51.8,49.9,50.1,47.9,49.2,50.6,49.7,48.5,47.9,49.0,47.2,45.6,42.2,36.4,35.3,35.7,36.4,34.7,33.9,33.6,34.5,35.6,33.3,33.0,31.6,30.9,28.2,28.2,24.8,23.4,23.7,23.7
22:35:24.954,82.9,46.1,62.0,74.5,69.1,68.3,59.3,55.6,58.2,54.4,51.8,52.1,48.7,46.2,46.4,47.4,47.3,48.2,45.8,41.7,37.4,36.5,36.1,36.3,34.9,34.0,33.9,34.4,34.2,32.2,32.2,30.7,30.6,27.3,26.7,24.1,23.3,23.6,23.7
22:35:25.954,83.6,47.1,63.7,76.1,69.5,63.1,59.4,56.6,59.7,55.1,55.1,54.8,52.9,50.5,51.4,52.9,52.2,48.6,47.9,45.6,41.1,37.4,36.4,36.3,34.3,32.9,32.9,35.0,34.1,31.9,31.6,30.2,29.5,27.4,27.0,24.1,23.0,23.6,23.7
22:35:26.954,85.6,49.5,69.4,76.7,77.2,75.3,69.9,66.0,65.6,62.9,55.8,58.0,56.9,57.2,57.4,56.6,57.4,53.1,51.3,48.7,44.6,40.4,38.4,36.6,34.2,32.3,32.3,33.3,33.2,31.0,30.9,29.9,29.5,26.3,25.4,23.8,23.2,23.5,23.7
22:35:27.954,89.1,52.9,74.8,82.3,82.6,81.4,75.4,67.3,66.6,67.2,66.8,68.9,64.5,63.8,63.3,61.1,57.3,57.5,55.0,53.8,49.9,44.9,40.6,38.5,34.9,33.9,33.7,34.4,33.9,31.7,31.2,30.1,29.7,27.1,26.9,24.5,23.2,23.5,23.8
22:35:28.954,95.4,54.8,77.4,89.3,87.8,80.9,76.2,69.3,73.4,71.3,71.4,70.3,64.4,63.3,64.9,62.7,62.7,57.7,56.0,55.3,52.0,48.6,44.3,40.2,36.1,34.8,33.7,34.4,33.3,31.8,31.6,30.3,29.6,27.0,25.5,23.8,23.1,23.6,23.7
22:35:29.954,95.4,56.6,78.6,85.9,84.8,83.8,79.1,72.2,72.8,70.3,70.5,70.3,70.6,65.7,66.2,65.6,62.6,62.0,58.0,56.8,53.6,50.1,45.8,42.2,39.2,36.4,34.5,35.4,33.9,31.7,32.7,31.5,30.3,27.8,26.7,24.2,23.1,23.6,23.7
22:35:30.954,96.1,58.0,80.4,88.8,90.1,87.9,81.0,70.1,72.7,75.5,71.8,73.9,72.6,68.7,67.0,65.6,63.7,63.9,59.3,58.1,55.3,52.0,48.3,43.7,40.4,37.9,35.6,34.8,33.4,31.3,31.3,30.3,29.4,26.8,25.2,23.5,22.9,23.5,23.8
22:35:31.954,96.1,58.8,81.1,90.3,89.6,87.1,82.9,76.9,74.2,73.3,76.5,71.5,69.1,68.4,68.8,66.5,65.5,62.9,61.0,58.8,56.7,53.4,50.0,45.8,42.4,38.8,36.6,36.0,34.7,32.7,31.8,30.6,30.0,27.5,27.2,24.5,23.2,23.5,23.6
22:35:32.954,96.7,59.3,84.7,88.2,88.9,89.3,90.5,88.8,83.3,77.5,75.2,75.8,71.7,71.5,68.4,66.7,66.2,61.9,60.3,59.3,56.7,53.9,50.9,47.1,43.5,40.1,38.2,37.9,36.2,33.3,32.8,31.1,29.8,27.4,26.1,23.8,23.0,23.6,23.7
22:35:33.954,98.4,60.4,87.3,86.7,85.9,87.2,92.0,90.0,81.9,83.6,78.2,73.5,74.0,71.7,67.7,68.2,65.5,63.6,62.9,61.6,58.2,54.1,51.2,47.8,44.4,40.6,37.7,37.4,35.8,33.8,31.8,30.5,29.2,26.6,26.0,24.1,23.1,23.7,23.7
22:35:34.954,99.1,62.0,90.7,82.3,86.7,89.6,89.0,91.3,87.9,88.6,84.6,79.9,72.9,70.8,72.9,70.4,67.8,66.0,62.5,63.1,59.6,55.3,52.5,49.6,45.8,41.6,38.4,38.2,37.0,34.8,31.9,30.9,29.0,25.7,25.1,23.6,23.1,23.7,23.7
22:35:35.954,101.7,62.3,94.0,85.4,85.6,88.7,96.9,94.0,88.4,91.9,86.6,81.5,79.2,70.2,69.0,71.6,68.5,64.4,61.7,60.9,59.6,55.9,52.9,50.0,46.1,41.7,38.5,38.6,36.7,35.4,32.7,31.3,29.8,26.4,25.7,23.6,23.3,23.5,23.8
22:35:36.954,104.6,65.0,97.2,88.8,95.8,98.2,92.1,96.5,95.1,95.5,94.7,88.6,83.4,76.7,73.9,71.0,69.9,64.3,63.9,64.4,61.8,58.9,54.7,50.6,47.7,44.0,40.7,40.0,39.2,37.2,34.4,33.3,31.0,27.6,25.7,23.9,23.0,23.6,23.6
22:35:37.954,104.8,64.8,97.9,89.9,92.5,93.5,91.8,97.3,100.2,96.2,93.3,92.1,86.5,77.8,72.6,71.1,72.8,66.1,65.5,63.8,59.9,56.4,53.2,49.4,46.2,43.3,40.0,39.4,37.6,36.1,33.2,31.9,31.0,28.1,27.5,24.4,23.2,23.5,23.8
22:35:38.954,105.6,65.7,98.7,84.8,90.2,99.1,100.3,97.0,98.5,97.5,96.6,91.3,86.3,78.7,71.8,72.6,69.6,68.3,64.3,63.6,60.9,56.7,53.2,50.4,46.9,42.3,39.3,37.9,36.8,35.0,32.1,31.3,30.1,27.2,25.9,23.8,23.0,23.6,23.8
22:35:39.954,107.5,70.3,101.6,89.4,93.7,97.3,99.0,100.0,97.4,100.2,96.6,96.0,93.4,86.7,78.3,72.9,73.2,72.7,67.5,66.9,64.3,61.6,58.7,53.8,50.8,45.8,43.5,41.4,40.7,38.8,35.6,33.6,31.7,28.1,26.5,24.2,23.0,23.6,23.6
22:35:40.954,109.1,74.6,104.1,86.0,91.6,96.4,98.8,102.5,101.6,99.6,97.6,98.6,97.9,93.9,86.3,80.7,75.1,74.0,74.1,72.4,69.4,64.7,63.6,59.6,55.2,50.7,46.8,45.5,46.0,44.8,41.0,39.8,36.4,31.6,28.3,25.1,23.3,23.6,23.7
22:35:41.954,112.3,81.5,108.8,95.1,93.1,94.0,98.4,102.4,102.3,104.9,104.8,104.8,101.4,98.6,96.1,91.5,87.6,84.0,78.2,76.5,74.9,70.4,69.1,66.7,61.2,57.3,54.8,54.8,53.4,52.6,49.7,49.0,47.1,43.5,39.7,35.8,30.1,25.4,23.7
22:35:42.954,111.0,85.8,107.4,92.1,92.2,94.2,98.5,99.1,102.7,103.3,100.4,103.0,100.0,99.9,96.2,93.9,92.6,90.4,88.9,86.2,84.2,79.1,75.0,70.4,66.5,63.1,58.9,56.6,54.0,51.9,51.0,51.5,47.5,43.0,37.6,34.2,27.6,24.5,23.8
22:35:43.954,112.8,87.4,109.4,92.3,95.6,97.2,98.3,102.2,104.9,105.9,105.7,103.1,102.9,96.2,97.8,95.2,93.2,90.7,87.7,86.3,84.2,83.0,78.7,72.8,70.2,63.5,56.7,54.0,54.3,51.0,47.6,46.4,43.9,39.1,33.1,27.6,23.8,23.7,23.7
22:35:44.954,115.2,97.1,112.4,87.7,95.3,100.2,100.9,101.7,108.4,105.7,100.2,106.1,104.4,102.8,102.0,101.7,101.6,100.0,98.4,96.7,96.2,93.0,90.5,86.5,85.3,82.0,78.1,77.6,75.3,72.4,69.1,69.6,67.6,64.1,62.4,61.3,58.5,52.4,42.8
22:35:45.954,116.2,97.7,113.6,94.9,99.0,99.3,98.7,103.5,105.7,109.2,108.9,109.0,104.1,102.1,104.2,101.4,102.2,101.0,98.8,97.6,95.8,93.6,91.1,89.2,87.5,84.8,80.6,79.6,78.9,76.3,72.2,72.1,68.8,65.6,62.9,61.6,57.4,51.0,42.4
22:35:46.954,116.2,98.0,113.4,93.2,96.0,103.0,103.8,108.8,105.2,99.2,107.3,107.3,105.8,104.0,103.6,102.9,102.0,101.3,98.2,97.4,95.6,93.3,92.5,90.2,86.8,81.9,76.9,75.0,76.1,75.6,72.4,71.5,70.4,67.8,63.7,59.3,51.1,46.2,36.7
22:35:47.954,117.2,98.8,114.8,97.2,96.8,97.2,99.0,103.9,104.7,108.3,109.0,106.7,105.7,105.8,105.0,104.6,104.4,103.6,99.4,96.6,95.5,93.2,90.7,87.1,84.7,79.6,74.6,73.5,74.5,74.9,71.9,73.3,73.1,71.2,68.3,65.7,61.3,59.0,51.9
22:35:48.954,115.8,98.2,113.0,97.7,100.8,102.4,102.1,105.0,105.3,103.4,105.3,104.4,104.5,105.4,103.0,104.7,102.8,101.4,97.1,96.5,96.7,93.1,92.4,90.5,87.5,81.9,79.4,79.9,81.5,80.4,78.1,78.5,77.1,73.2,70.6,67.6,63.5,60.6,54.9
22:35:49.954,114.2,92.8,110.8,89.6,97.3,99.4,101.3,104.8,103.8,103.9,104.2,103.1,102.6,104.1,100.6,101.9,99.0,95.8,91.8,93.0,91.0,87.4,85.8,81.4,76.4,67.5,67.7,69.2,69.9,68.2,64.0,61.1,56.2,49.8,42.8,37.7,28.5,24.6,23.8
22:35:50.954,114.2,93.8,110.6,95.6,99.2,101.4,102.4,105.4,99.6,102.6,105.7,103.7,103.2,102.2,101.5,100.0,98.1,96.3,92.7,94.9,92.3,88.6,87.3,85.0,79.4,70.8,72.6,74.1,72.8,72.6,70.3,69.1,65.7,61.7,56.0,52.7,43.7,37.4,26.9
22:35:51.954,115.2,95.0,111.3,97.4,101.5,105.8,105.7,106.6,104.8,103.2,103.3,105.4,103.9,102.7,100.2,101.6,98.5,96.2,94.6,95.8,93.5,91.0,88.9,85.3,77.6,74.4,75.9,76.8,76.6,75.7,72.1,69.1,67.4,63.3,57.3,55.1,48.7,40.8,28.5
22:35:52.954,115.7,92.7,111.1,100.7,98.9,105.0,107.6,107.0,104.5,104.4,105.6,103.8,104.5,102.9,102.3,99.7,99.2,95.7,94.4,93.7,90.8,87.3,84.9,80.4,74.0,72.3,71.6,73.6,73.2,74.1,70.0,66.6,65.3,61.1,58.5,57.4,51.5,43.2,31.2
22:35:53.954,114.8,94.8,111.0,95.8,99.6,100.4,103.7,107.2,104.3,105.4,102.4,105.7,104.2,102.8,101.4,99.8,96.9,96.8,95.3,95.8,95.4,91.9,88.4,83.0,77.9,75.4,75.5,76.3,74.2,72.8,67.6,66.1,64.3,58.1,55.1,51.6,47.4,39.1,26.9
22:35:54.954,115.8,96.6,111.6,94.8,100.3,105.8,108.2,105.0,106.6,106.5,105.4,102.4,103.5,102.8,101.4,99.6,99.6,98.4,97.5,96.6,96.0,92.8,89.0,84.2,85.1,82.2,82.0,82.3,80.2,78.4,74.4,72.3,72.0,67.3,64.6,60.1,52.7,42.3,31.8
22:35:55.954,114.5,93.0,111.0,99.4,100.3,103.1,104.6,103.3,104.4,102.2,103.7,101.9,104.3,102.2,101.9,101.0,98.5,97.2,93.5,92.2,90.4,88.4,82.6,78.9,77.9,74.7,74.7,75.9,73.7,73.2,68.1,65.0,62.2,56.2,52.6,48.8,40.8,30.9,24.1
22:35:56.954,115.0,95.3,111.1,102.7,102.0,103.7,103.9,101.4,106.7,101.8,101.4,103.0,104.9,103.9,100.9,100.4,98.7,97.5,95.5,95.7,93.4,89.2,84.9,83.6,81.5,82.3,79.9,82.1,81.1,81.2,77.6,76.2,76.2,73.9,73.1,71.1,64.4,53.9,47.2
22:35:57.954,115.8,96.9,111.8,102.2,103.9,102.0,102.2,107.7,104.6,106.5,105.0,105.4,103.6,102.1,102.5,100.7,99.9,98.5,96.6,97.3,95.2,89.6,86.2,85.3,83.3,84.6,82.3,82.5,81.5,81.8,78.0,74.7,74.0,73.4,74.8,73.1,68.1,61.4,55.8
22:35:58.954,115.0,94.5,111.6,100.1,99.2,99.4,102.0,107.1,101.3,106.9,106.5,104.3,104.6,101.4,101.3,101.3,100.4,97.8,95.3,93.9,91.6,86.4,85.1,81.9,82.4,81.5,77.9,76.1,74.2,72.2,68.1,66.3,62.7,58.4,55.3,49.5,41.4,34.8,26.6
22:35:59.954,115.2,91.8,110.3,103.6,104.0,100.4,103.3,101.5,105.7,105.9,105.2,102.5,102.3,102.3,96.7,99.7,96.6,95.8,93.8,91.7,87.4,83.7,82.4,78.6,80.4,77.8,75.3,75.2,73.7,72.6,68.3,66.2,65.4,62.8,58.2,53.1,41.4,32.3,24.8
22:36:00.954,115.3,92.7,110.2,95.7,100.0,105.2,107.2,105.0,104.9,107.3,102.5,104.4,101.1,100.5,99.7,100.2,97.6,96.5,94.3,92.4,89.6,84.6,81.4,79.5,82.3,81.8,78.5,78.3,77.2,76.7,72.6,72.8,73.4,72.5,70.9,68.1,62.0,57.9,50.3
22:36:01.954,114.2,91.3,109.6,97.1,97.9,102.6,105.0,104.7,102.9,104.1,105.3,103.1,102.2,99.9,99.7,98.4,98.3,96.6,93.2,89.9,87.7,85.1,81.7,81.5,81.3,79.1,75.0,74.2,71.1,69.2,64.0,62.5,61.6,58.8,51.7,44.8,32.9,26.1,23.8
22:36:02.954,114.9,91.0,109.5,97.9,101.5,104.5,105.6,107.3,103.1,102.2,105.8,101.2,98.8,100.2,99.3,97.7,95.4,93.3,90.5,88.0,85.2,82.7,77.3,76.8,76.3,74.1,69.6,67.5,64.3,62.9,59.4,57.8,56.9,53.1,46.2,39.9,30.6,24.6,23.7
22:36:03.954,113.8,91.8,109.6,98.7,97.4,98.2,97.6,98.9,105.6,107.3,102.6,102.2,102.7,99.1,100.3,98.4,97.9,96.9,94.3,90.9,89.6,86.1,81.6,81.7,81.4,77.2,72.6,70.9,66.0,63.7,58.1,56.1,54.8,49.9,41.7,34.0,26.2,23.9,23.8
22:36:04.954,114.4,89.3,108.3,107.0,107.5,100.8,102.4,102.2,100.9,105.9,102.0,100.6,100.3,96.3,97.3,96.4,95.1,93.6,89.1,86.6,86.7,80.3,79.4,79.7,80.0,77.0,73.9,72.6,68.8,67.1,62.7,61.5,60.8,56.1,50.0,41.2,34.8,26.1,23.7
22:36:05.954,114.2,89.9,108.3,103.2,106.9,103.6,100.9,105.9,104.6,100.0,99.4,99.5,100.8,100.0,98.5,96.6,97.1,94.2,90.3,88.4,88.2,81.8,81.5,80.7,80.4,76.5,73.8,72.5,68.3,66.4,64.1,61.9,58.8,51.3,45.4,36.3,29.5,23.9,23.7
22:36:06.954,114.4,90.3,108.5,100.3,105.0,106.2,105.1,107.7,104.1,104.3,103.6,101.1,100.6,98.5,99.2,96.6,95.5,94.0,90.0,89.2,88.0,83.1,82.7,83.1,81.9,78.9,76.2,74.8,71.8,71.9,70.5,69.4,68.3,62.4,59.2,50.1,44.6,32.8,25.2
22:36:07.954,114.9,86.1,106.9,100.4,108.9,110.9,107.2,101.9,102.6,102.2,100.5,99.6,99.6,99.1,95.6,94.1,91.6,92.1,86.5,84.5,83.9,78.0,77.6,77.0,75.0,71.5,69.2,65.9,62.7,62.4,60.5,58.5,57.0,49.5,44.0,31.9,25.2,23.7,23.7
22:36:08.954,114.2,90.1,108.5,102.5,102.9,103.0,102.5,104.1,105.0,103.8,104.6,99.4,100.4,97.8,96.6,97.6,96.7,92.5,90.2,90.2,87.0,84.2,81.8,81.4,79.3,76.9,75.8,72.4,68.3,68.6,67.6,65.2,63.3,56.1,52.2,41.8,34.3,25.5,23.9
22:36:09.954,113.3,88.4,107.9,102.9,103.3,102.5,104.2,102.8,100.5,102.8,102.6,101.6,97.3,99.6,98.9,97.0,95.5,91.7,89.5,87.6,83.5,82.3,81.7,79.9,76.5,74.7,72.0,69.3,64.5,63.6,61.7,57.3,54.8,46.9,43.1,35.9,27.9,24.1,23.7
22:36:10.954,112.3,86.7,106.3,98.6,103.1,102.7,103.0,102.0,101.3,100.3,101.5,97.5,97.6,95.1,94.5,96.0,91.3,89.2,87.5,86.1,83.2,81.3,78.6,76.7,72.0,70.0,66.9,63.9,59.4,59.9,59.4,55.8,51.6,41.8,37.4,27.6,23.4,23.8,23.9
22:36:11.954,112.3,86.0,105.6,100.2,99.6,103.4,105.2,100.0,101.1,97.1,97.2,98.4,96.2,94.9,94.4,94.6,92.8,88.0,85.9,82.6,81.1,78.4,76.9,75.5,72.2,71.3,68.8,66.0,60.1,61.1,59.8,55.0,50.1,42.0,41.4,31.5,24.5,23.7,23.7
22:36:12.954,111.2,81.2,104.5,104.1,102.2,97.0,97.4,100.3,103.7,101.2,99.9,95.1,96.4,95.5,94.5,91.5,88.1,84.8,82.5,81.0,79.2,74.5,70.1,66.3,63.3,61.9,56.2,52.7,47.0,46.3,43.2,38.3,33.8,27.2,25.0,23.4,22.8,23.6,23.8
22:36:13.954,111.8,89.8,106.0,97.0,94.6,102.4,105.2,103.6,102.9,98.0,98.7,97.7,97.7,96.0,96.3,95.3,95.1,93.2,91.3,88.0,88.0,85.6,84.2,83.2,80.6,80.0,77.6,74.5,70.6,71.1,70.1,67.1,64.4,59.4,59.7,51.2,40.5,30.7,24.5
22:36:14.954,110.4,79.1,104.0,96.1,98.1,97.3,98.0,103.7,102.9,99.1,98.1,97.1,96.9,92.3,90.0,88.6,83.5,83.6,81.1,75.7,74.5,70.3,67.1,64.8,62.4,58.4,55.7,50.4,45.8,44.1,38.5,32.5,29.0,26.7,25.6,23.4,23.1,23.6,23.7
22:36:15.954,110.5,79.2,103.9,97.7,97.1,101.3,101.0,97.7,99.6,101.1,98.4,98.0,96.6,93.4,91.0,87.7,84.7,82.4,79.3,72.9,70.4,66.8,68.1,65.2,62.3,59.0,53.6,47.8,42.6,39.3,34.7,31.7,30.4,28.0,27.3,24.3,23.2,23.5,23.7
22:36:16.954,110.7,85.2,104.4,99.4,99.3,101.1,99.9,99.8,99.5,99.5,99.4,96.5,94.8,93.2,91.8,91.1,89.9,88.3,86.2,83.9,82.9,80.5,76.9,74.6,72.0,69.2,66.0,60.5,58.5,59.0,58.6,57.0,52.6,48.9,47.4,38.4,28.0,23.7,23.7
22:36:17.954,111.5,81.7,104.4,99.8,96.7,100.2,102.5,100.8,100.4,98.7,99.7,96.8,94.6,93.2,92.9,90.6,86.9,85.6,81.7,79.9,78.9,75.5,72.8,71.5,68.4,66.8,63.0,58.0,54.9,52.6,50.3,44.3,35.1,28.4,26.5,23.9,23.1,23.7,23.7
22:36:18.954,109.2,79.7,102.2,99.5,96.8,92.8,96.0,102.2,100.0,95.3,95.3,96.7,93.9,94.2,90.0,86.6,84.2,84.1,79.8,79.1,76.6,73.5,69.4,68.2,63.9,58.8,55.8,48.5,44.6,41.7,37.1,32.1,29.8,27.0,25.9,23.6,23.1,23.7,23.7
22:36:19.954,108.8,81.5,102.7,98.1,94.7,99.3,99.9,97.0,97.2,98.6,100.4,96.2,93.5,92.7,93.4,88.7,88.2,87.1,83.0,80.7,80.0,77.3,74.3,72.8,69.0,65.4,63.3,56.2,56.3,53.1,47.3,40.2,31.6,27.5,25.2,23.3,22.8,23.7,23.7
22:36:20.954,109.1,78.7,102.6,97.7,95.7,99.8,96.6,99.2,99.7,100.7,96.4,97.4,92.2,91.9,89.8,87.0,85.2,83.6,78.5,77.2,76.8,71.8,66.5,64.6,63.2,56.2,51.7,47.3,43.9,37.5,34.0,31.4,29.5,26.8,24.7,23.3,22.9,23.6,23.8
22:36:21.954,108.6,78.2,101.8,97.0,99.8,99.9,97.9,97.9,96.9,96.3,96.5,94.8,92.9,91.7,90.1,87.9,87.0,83.4,78.4,76.5,74.6,71.0,66.0,64.7,63.8,59.4,53.4,46.7,43.7,36.7,31.9,29.3,27.9,25.4,24.2,23.0,23.0,23.6,23.7
22:36:22.954,108.8,77.5,100.6,92.7,98.4,100.7,97.5,98.8,96.4,94.3,93.3,95.4,94.3,91.4,89.4,83.9,84.2,81.7,78.1,76.2,76.4,72.2,66.7,63.2,59.8,55.7,50.7,42.6,36.5,32.7,30.8,29.1,28.8,26.8,25.5,23.7,23.1,23.7,23.7
22:36:23.954,108.0,78.8,100.8,95.0,98.0,97.0,96.3,95.7,99.0,95.1,95.0,94.6,91.6,91.4,89.0,86.2,84.9,83.3,77.8,75.1,74.5,71.5,66.5,65.7,64.5,62.3,59.7,56.6,56.4,52.4,50.3,47.3,38.8,34.6,30.0,25.4,23.3,23.4,23.6
22:36:24.954,108.7,76.8,101.0,95.1,99.7,98.3,96.1,99.5,98.7,97.4,96.4,95.3,91.2,90.6,91.6,87.3,84.9,82.9,78.7,76.1,74.9,71.1,64.5,60.4,55.6,52.8,46.6,39.0,35.2,31.6,30.8,29.8,28.4,26.3,26.0,23.9,23.0,23.8,23.7
22:36:25.954,107.7,73.7,99.5,100.5,96.5,95.4,96.0,100.0,96.5,96.2,96.2,91.1,89.4,89.5,87.2,83.8,83.6,79.3,75.0,71.7,69.6,62.9,57.7,56.7,51.6,45.8,41.4,35.5,33.4,30.2,30.4,29.5,29.1,26.3,25.7,23.6,23.2,23.7,23.7
22:36:26.954,109.0,76.5,100.6,93.7,97.1,102.7,101.4,97.7,96.2,96.7,95.9,96.2,92.9,91.7,87.7,85.9,84.9,82.5,78.9,76.4,75.4,71.3,65.4,63.5,58.0,51.5,46.7,42.7,41.5,35.3,31.1,28.4,27.8,25.5,24.5,23.3,23.0,23.6,23.9
22:36:27.954,107.8,77.5,99.7,93.5,93.6,97.4,97.5,96.5,94.9,95.5,92.4,89.8,91.0,89.1,87.3,83.7,83.1,80.6,78.0,74.0,73.0,68.9,62.4,60.2,55.6,52.3,45.9,39.5,35.8,30.7,30.2,29.4,28.7,26.9,25.6,23.6,23.0,23.6,23.6
22:36:28.954,108.2,76.8,99.6,86.8,92.4,101.3,102.1,96.3,94.6,94.3,93.9,89.7,90.4,89.5,85.1,85.1,82.7,79.2,77.3,76.4,74.6,72.3,68.0,65.2,60.6,55.3,50.3,44.4,39.3,31.9,30.0,29.4,28.8,26.3,25.1,23.3,22.9,23.7,23.9
22:36:29.954,106.4,73.2,98.4,92.2,94.9,97.2,94.9,97.8,95.9,94.3,93.3,91.1,90.6,89.9,84.2,82.2,81.3,78.2,76.1,70.8,69.6,65.2,59.8,55.9,48.6,44.7,39.2,35.0,33.0,31.3,31.0,30.7,30.2,26.7,26.1,23.8,23.1,23.6,23.7
22:36:30.954,106.9,73.0,97.5,98.1,97.5,92.8,94.7,94.9,93.5,92.8,93.3,92.5,88.8,88.8,83.1,83.3,81.4,78.4,74.9,70.2,69.5,64.8,59.1,57.9,52.2,47.4,39.9,35.6,35.0,32.1,32.1,32.8,32.7,30.6,28.9,25.4,23.2,23.7,23.9
22:36:31.954,106.9,74.2,98.1,93.1,97.0,97.4,99.9,96.7,92.3,93.6,92.7,89.6,88.0,88.0,84.9,82.9,82.7,80.1,77.5,72.5,69.7,66.8,58.0,55.0,54.1,50.5,43.2,38.1,35.4,33.0,32.8,31.9,30.8,28.3,27.4,24.5,23.0,23.7,23.8
22:36:32.954,106.0,74.0,97.3,95.8,99.4,98.9,95.1,93.3,96.7,90.1,91.3,90.5,87.9,86.5,85.9,84.1,80.1,78.5,75.7,73.5,72.0,68.6,62.8,60.5,53.1,45.4,39.0,34.6,33.9,31.5,31.7,30.5,29.9,27.5,25.9,23.6,22.9,23.4,23.8
22:36:33.954,106.9,72.4,98.1,96.5,91.8,91.1,98.8,99.2,91.9,94.2,91.6,93.6,86.7,87.8,85.9,82.9,82.0,77.0,72.4,68.0,67.6,64.1,58.2,54.4,50.4,45.5,37.0,34.4,33.2,30.6,30.6,29.4,28.2,25.8,25.1,23.5,23.0,23.7,23.7
22:36:34.954,106.3,74.2,98.9,92.0,99.7,100.4,95.2,92.6,92.2,96.4,96.1,93.3,90.3,90.8,86.6,85.8,82.1,78.6,74.0,70.3,72.3,68.6,61.8,58.3,54.6,49.9,43.3,36.6,33.7,30.6,30.6,29.6,28.7,26.1,24.8,23.4,23.1,23.6,23.7
22:36:35.954,105.5,72.4,97.4,96.1,94.1,93.0,95.5,95.8,91.8,96.0,92.5,87.8,89.3,86.8,85.0,84.2,80.3,77.7,73.4,70.4,67.6,63.5,57.4,53.0,46.8,44.1,36.1,33.5,33.2,30.8,31.2,29.7,29.2,26.3,25.2,23.2,23.1,23.4,23.7
22:36:36.954,105.4,72.6,97.4,93.3,94.8,93.7,95.6,94.9,95.4,93.9,90.1,91.5,88.7,84.1,80.4,80.9,80.4,78.5,74.6,71.2,68.6,65.2,57.4,52.8,46.2,38.4,34.2,33.4,32.4,31.4,31.1,31.6,31.0,28.0,26.9,24.2,23.1,23.5,23.6
22:36:37.954,106.4,73.1,97.3,95.0,94.9,92.1,92.2,90.8,93.2,93.8,90.2,91.2,89.2,87.1,86.4,83.0,80.7,77.5,72.9,71.3,69.5,64.3,59.6,57.9,54.8,48.3,43.3,35.3,32.6,30.5,30.5,30.0,29.5,26.1,25.5,23.6,23.0,23.5,23.8
22:36:38.954,106.5,73.1,97.3,97.2,99.1,97.2,98.2,94.9,94.9,91.5,90.8,89.3,89.6,87.7,86.0,83.8,81.7,78.9,74.9,70.2,66.1,61.8,57.0,51.7,48.7,42.2,36.8,33.6,32.5,30.7,30.6,31.3,31.5,28.0,26.5,24.0,23.1,23.5,23.7
22:36:39.954,106.8,74.5,97.8,94.4,98.8,99.5,95.0,92.9,91.3,95.3,91.4,89.7,88.4,87.9,84.0,84.2,81.3,79.7,77.2,74.8,72.9,68.7,64.6,61.7,58.9,54.8,51.1,44.2,38.3,32.9,31.9,32.1,32.6,29.6,28.3,25.2,23.4,23.5,23.7
22:36:40.954,106.2,74.1,97.3,95.9,98.2,99.4,95.5,94.9,93.0,91.7,91.9,89.4,88.8,85.8,83.5,83.2,80.2,80.2,75.6,73.2,71.4,67.5,61.5,57.2,50.9,43.7,41.2,36.7,33.5,30.8,30.5,30.1,29.3,26.7,25.6,23.6,23.1,23.6,23.6
22:36:41.954,106.0,72.7,97.0,98.4,97.0,96.1,96.9,97.0,94.9,90.7,90.6,90.8,87.8,83.6,83.0,81.9,80.6,78.2,75.8,72.0,70.8,67.0,61.3,58.6,55.2,49.5,44.1,40.2,34.3,29.7,30.8,29.3,28.9,26.1,25.3,23.5,23.0,23.6,23.7
22:36:42.954,105.3,72.4,96.7,96.7,96.9,97.6,98.9,95.2,94.2,90.6,89.4,88.7,88.0,86.4,84.6,82.7,77.9,76.4,72.1,70.3,68.1,63.3,58.6,58.5,54.6,48.7,43.9,36.7,33.1,29.6,29.1,28.6,27.8,25.3,24.2,23.1,22.8,23.6,23.7
22:36:43.954,107.6,72.7,97.1,97.2,96.2,96.2,94.9,96.7,94.9,91.1,92.5,88.5,84.3,86.8,84.2,82.9,78.8,77.3,74.6,71.3,69.6,65.5,62.5,59.5,53.8,48.7,45.0,38.7,34.3,31.0,31.2,31.7,31.8,29.8,28.3,25.2,23.2,23.5,23.7
22:36:44.954,104.7,73.3,96.3,96.0,96.4,94.6,92.7,91.4,92.0,89.6,91.1,89.3,86.2,82.2,82.2,81.0,80.1,77.6,74.3,72.3,71.0,67.2,62.3,58.5,53.5,47.0,42.8,37.1,33.8,30.7,30.7,30.0,29.6,27.0,25.7,23.8,23.0,23.5,23.8
22:36:45.954,103.2,70.3,94.9,89.8,91.7,89.9,90.4,91.3,92.3,90.2,89.5,87.4,88.3,83.3,82.2,81.0,77.1,75.9,71.2,67.1,64.4,59.4,53.9,49.2,43.3,36.7,34.6,34.1,32.8,30.8,31.5,32.7,33.4,30.4,28.0,25.1,23.3,23.6,23.7
22:36:46.954,104.9,68.0,94.9,91.0,94.9,96.4,95.5,92.0,91.5,91.1,90.0,87.3,86.1,82.7,80.1,78.8,75.2,73.0,68.7,65.7,63.3,61.4,56.2,49.1,44.4,37.3,33.7,33.6,32.8,30.8,30.9,30.7,30.4,27.4,26.0,23.9,23.3,23.7,23.8
22:36:47.954,104.8,71.3,96.4,94.2,92.6,90.0,95.5,95.7,93.1,91.3,93.5,90.5,85.6,85.1,82.0,80.8,76.8,75.7,71.7,70.0,68.1,63.6,59.7,56.7,54.0,47.1,41.0,35.1,32.8,30.3,30.4,29.1,28.8,27.0,25.3,23.3,23.1,23.8,23.8
22:36:48.954,103.7,72.1,95.5,88.7,90.3,88.4,88.6,94.2,95.9,91.3,89.1,90.0,85.4,83.2,83.4,81.7,78.2,77.9,76.0,72.6,70.1,66.9,61.0,56.3,51.5,46.4,40.1,34.4,33.2,30.2,30.9,29.5,28.0,26.0,25.0,23.1,23.1,23.7,23.8
22:36:49.954,106.5,72.4,95.9,96.2,98.6,92.2,93.2,90.9,90.0,91.3,90.7,89.5,88.0,85.3,83.1,82.8,79.1,77.1,73.7,69.7,68.6,66.9,62.5,58.6,56.0,50.6,45.3,38.9,35.3,30.9,30.8,29.8,28.9,26.4,25.4,23.4,22.9,23.6,23.8
22:36:50.954,107.8,71.9,96.8,90.5,92.3,93.6,94.0,95.4,93.8,93.3,88.9,90.3,88.4,83.0,83.4,81.0,78.6,75.0,73.4,69.8,68.3,64.0,57.7,49.1,45.5,42.2,38.1,34.2,33.8,30.8,30.5,30.4,29.6,26.8,25.3,23.3,23.0,23.6,23.7
22:36:51.954,105.4,71.3,94.5,96.2,95.4,91.8,91.6,92.5,92.4,89.8,87.4,87.3,82.6,82.4,81.0,79.9,78.8,75.3,72.6,69.2,67.7,64.6,59.5,55.0,50.3,44.4,38.5,33.4,32.1,29.6,30.1,29.0,28.7,25.4,24.4,23.0,22.8,23.5,23.7
22:36:52.954,105.1,71.8,95.3,96.0,95.7,96.1,93.9,89.9,88.1,90.2,91.9,89.1,86.9,82.0,82.4,81.1,78.2,76.8,73.6,69.9,68.3,65.9,60.5,57.0,53.9,45.7,36.0,32.8,31.1,28.9,28.4,29.1,28.5,30.0,24.2,23.2,23.0,23.7,23.7
22:36:53.954,106.5,70.9,94.7,97.6,94.6,88.0,86.1,86.4,92.1,92.0,88.8,87.2,84.5,83.4,81.3,77.3,79.1,77.9,73.6,70.4,65.8,63.0,55.4,49.3,45.7,40.2,34.8,32.8,31.5,29.2,29.0,28.3,28.0,25.6,24.2,22.6,22.7,23.6,23.7
22:36:54.954,105.3,69.7,94.4,93.3,94.0,94.8,91.4,94.3,90.9,89.6,88.1,85.7,84.7,84.2,81.3,79.1,77.0,74.9,71.8,68.0,63.1,59.1,52.6,49.1,45.2,41.5,37.0,33.2,31.9,31.1,31.4,31.3,30.9,28.1,26.0,23.8,22.8,23.5,23.6
22:36:55.954,103.0,67.9,92.0,91.4,90.6,89.8,87.3,88.4,88.9,87.9,88.9,87.6,81.6,81.0,80.8,76.4,73.9,70.0,68.2,66.2,65.1,62.4,58.9,52.8,47.6,41.8,36.1,33.8,33.2,30.5,30.8,31.3,31.8,30.3,27.8,24.9,23.2,23.6,23.9
22:36:56.954,105.9,71.7,94.8,96.7,97.7,97.6,92.2,92.8,92.9,88.3,88.6,87.8,84.4,83.9,82.0,80.2,78.6,76.4,75.0,72.0,69.9,67.4,61.8,57.0,53.7,51.4,47.4,41.1,36.8,31.3,31.0,32.6,31.3,31.9,26.8,25.6,23.5,23.5,23.7
22:36:57.954,105.0,68.1,92.7,95.0,94.8,89.6,92.5,92.3,89.1,86.2,88.8,84.1,83.5,82.8,80.4,78.4,76.1,73.5,68.7,66.5,62.7,61.5,58.7,55.3,51.5,47.0,40.7,36.0,33.6,30.4,30.4,30.4,29.3,29.1,25.0,24.0,23.1,23.6,23.6
22:36:58.954,104.4,68.0,93.2,97.5,98.8,95.2,93.1,92.2,90.8,88.4,87.6,85.0,85.6,82.0,78.1,76.2,76.0,72.6,70.1,66.3,64.8,62.9,56.0,50.9,45.7,40.1,35.3,34.9,33.1,30.6,30.3,29.6,28.1,26.2,24.9,23.2,23.0,23.5,23.5
22:36:59.954,100.9,65.7,91.7,89.0,90.1,90.6,92.5,89.7,88.7,87.1,88.4,82.9,83.8,81.8,77.7,74.2,71.7,69.8,69.6,64.9,59.4,54.6,51.4,46.4,39.1,34.8,34.0,35.2,33.3,30.7,30.4,30.0,29.5,26.9,25.9,24.0,23.1,23.5,23.8
22:37:00.954,103.9,68.7,92.6,92.5,96.2,91.6,87.0,82.1,88.4,87.3,84.7,86.6,82.2,80.3,78.3,76.7,74.1,73.0,71.2,68.8,65.9,61.7,57.2,53.1,48.4,42.9,38.0,36.1,33.4,30.6,31.1,30.5,29.6,27.0,25.8,23.6,23.2,23.5,23.8
22:37:01.954,101.4,66.5,91.2,93.1,92.2,90.0,90.4,87.6,84.6,88.3,85.6,81.8,83.0,80.2,77.2,75.9,73.6,70.7,67.8,63.9,60.1,56.4,53.2,47.6,41.9,37.4,35.2,35.0,33.4,30.3,31.2,32.0,30.7,28.6,27.5,24.6,23.2,23.7,23.8
22:37:02.954,102.0,63.9,91.4,89.4,90.4,90.7,90.5,87.8,90.5,88.3,85.6,83.6,79.0,80.7,76.0,74.1,70.5,67.3,65.2,57.0,54.6,55.2,52.2,45.2,41.9,37.4,35.1,35.1,34.2,32.4,31.6,32.5,31.2,29.4,28.3,24.9,23.5,23.6,23.7
22:37:03.954,102.8,64.4,91.1,94.6,93.4,92.6,90.8,87.8,89.3,88.5,84.6,83.8,81.3,80.1,77.1,73.5,71.4,69.3,65.9,61.4,57.2,54.6,49.7,45.6,42.6,38.4,34.0,34.7,33.7,31.0,31.4,31.5,30.7,28.4,27.9,24.8,23.3,23.6,23.8
22:37:04.954,103.4,68.0,92.2,92.0,91.2,90.9,91.6,87.4,85.7,86.1,89.2,84.6,82.4,78.3,79.9,78.0,74.2,71.7,70.4,67.0,64.8,61.0,56.2,53.5,48.2,41.2,35.2,34.0,32.6,31.2,31.5,31.8,30.5,27.6,27.0,24.2,23.0,23.5,23.8
22:37:05.954,103.5,69.1,93.3,96.2,92.4,88.5,88.9,87.8,86.3,87.4,86.3,85.3,83.1,80.6,79.9,75.8,75.5,73.1,70.1,65.0,62.9,60.8,54.4,49.4,44.5,37.3,33.5,33.4,32.1,29.7,29.1,29.2,28.5,26.1,25.1,23.3,23.1,23.6,23.7
22:37:06.954,103.5,68.4,93.1,91.2,89.8,95.1,95.6,89.1,88.5,88.1,88.4,87.3,85.0,81.1,80.1,77.2,76.2,73.0,70.5,67.8,64.0,60.6,56.5,52.4,49.2,44.5,38.2,34.0,32.3,29.9,29.3,29.4,27.9,25.2,24.5,23.3,22.9,23.4,23.7
22:37:07.954,101.5,66.0,89.8,85.9,86.9,86.8,82.7,86.1,84.9,85.6,82.9,82.9,79.8,81.3,79.2,75.8,73.1,70.0,67.8,64.1,61.0,58.5,53.4,46.7,41.5,36.5,32.8,32.3,31.5,29.4,28.9,28.0,27.4,24.8,25.0,23.2,23.0,23.6,23.6
22:37:08.954,101.0,66.9,91.6,91.1,89.6,89.2,90.9,88.8,88.3,87.8,85.6,82.6,80.9,81.1,80.1,75.6,73.0,70.6,67.9,66.8,63.6,60.2,56.1,50.3,46.8,41.1,35.4,31.8,31.7,29.4,29.5,29.6,28.7,25.8,25.2,23.6,23.1,23.5,23.7
22:37:09.954,100.3,65.4,90.6,91.7,90.6,90.3,88.3,89.4,85.5,87.9,85.3,82.4,78.0,79.5,77.0,74.6,73.0,69.9,66.2,63.0,61.0,57.4,53.3,47.3,42.7,35.6,31.6,31.7,31.3,29.6,29.5,29.0,28.4,26.1,25.3,23.8,22.9,23.5,23.7
22:37:10.954,100.9,65.8,90.3,91.8,90.5,87.9,84.2,88.9,89.0,85.1,86.0,85.5,81.1,79.8,78.1,76.0,73.5,70.3,68.1,64.9,61.6,60.2,54.6,49.6,44.7,37.2,31.9,31.3,31.3,29.2,29.4,28.0,28.2,25.6,24.7,23.4,23.2,23.8,23.7
22:37:11.954,101.9,65.3,90.0,87.4,85.1,81.7,84.7,84.6,87.1,86.2,82.5,81.2,81.0,79.0,75.8,74.6,72.5,69.5,67.7,63.3,59.6,57.8,52.9,46.8,42.3,36.4,32.5,33.0,32.3,29.6,30.0,29.7,29.7,27.3,26.6,23.9,22.9,23.5,23.7
22:37:12.954,98.8,64.8,89.7,85.3,79.7,79.4,88.4,91.8,84.5,84.2,85.2,78.4,80.3,78.5,77.9,72.6,72.3,71.0,68.7,63.6,59.8,55.1,53.3,47.4,45.2,37.0,32.7,33.1,32.3,29.4,30.0,29.8,29.2,26.4,25.1,23.3,22.9,23.6,23.9
22:37:13.954,98.9,64.0,89.2,87.1,88.6,87.0,85.1,89.3,86.1,87.8,83.9,82.3,80.1,78.9,75.2,71.8,70.1,69.3,66.9,63.4,58.7,56.2,52.8,48.9,43.4,37.4,33.1,33.0,33.0,30.6,31.1,31.6,31.5,28.2,26.8,24.4,23.1,23.8,23.8
22:37:14.954,100.6,63.8,89.5,87.9,86.6,90.0,89.3,84.3,87.7,84.5,81.8,82.4,79.6,77.2,75.3,72.4,68.8,67.9,66.5,62.6,59.2,56.8,52.6,46.7,41.7,34.8,32.9,33.7,32.9,30.9,31.1,31.5,31.4,28.3,27.5,24.4,23.2,23.6,23.8
22:37:15.954,100.0,63.5,89.3,86.2,90.6,88.5,88.2,89.2,87.7,82.5,87.6,80.6,79.5,78.0,76.2,71.3,70.6,67.6,66.1,63.5,59.8,58.6,55.7,49.1,44.4,40.3,37.8,35.8,34.2,32.0,32.8,32.7,32.6,29.5,28.8,25.4,23.6,23.7,23.8
22:37:16.954,100.7,65.0,89.7,87.5,89.0,88.6,90.0,85.0,84.3,87.7,83.9,79.8,78.7,76.4,75.0,74.2,70.6,69.0,66.8,62.5,59.0,55.1,51.9,47.9,43.7,35.9,34.6,34.4,33.5,31.6,31.8,31.7,31.2,28.3,27.2,24.6,23.2,23.6,23.6
22:37:17.954,100.7,66.5,89.8,88.2,90.6,91.1,89.4,90.2,86.1,88.0,81.6,82.9,80.3,77.8,76.0,74.3,72.8,72.0,70.1,68.5,63.2,60.1,55.9,49.9,46.9,39.0,34.1,34.4,33.6,31.4,31.0,29.9,28.9,26.6,25.9,24.0,23.0,23.4,23.7
22:37:18.954,100.0,65.7,89.8,87.6,85.9,88.7,86.3,83.4,86.4,87.7,84.2,82.7,78.4,78.2,75.0,74.3,71.9,70.1,66.7,64.8,62.1,57.7,52.1,46.3,44.7,38.1,34.4,34.6,34.0,31.4,31.5,30.7,29.3,26.5,25.7,23.8,23.2,23.6,23.9
22:37:19.954,97.2,63.6,88.7,83.5,83.5,85.8,85.6,88.4,88.8,83.3,82.6,82.3,77.8,78.5,75.9,72.5,71.1,68.2,65.7,61.6,56.4,54.1,52.6,46.7,43.6,37.4,34.3,34.0,33.4,31.1,30.9,29.6,28.5,26.0,25.3,23.2,22.9,23.6,23.8
22:37:20.954,98.5,63.5,89.2,81.3,85.0,89.4,86.8,84.2,86.8,83.8,86.1,81.1,78.6,76.1,74.3,70.5,69.8,66.9,65.0,62.5,59.2,53.6,47.7,43.3,39.3,34.1,33.6,34.5,35.0,32.0,31.3,30.5,29.5,26.6,25.6,23.7,23.2,23.5,23.6
22:37:21.954,100.6,63.0,88.6,93.1,93.4,87.9,86.6,88.0,85.5,84.0,84.2,81.7,78.3,77.6,74.6,72.9,70.0,69.1,64.3,62.3,57.8,55.6,49.6,44.5,41.6,34.9,33.0,34.0,34.3,30.8,31.0,29.8,29.2,27.0,26.1,24.2,23.1,23.4,23.9
22:37:22.954,97.7,62.9,87.4,83.0,83.8,90.5,88.9,87.3,86.5,80.9,80.3,80.4,79.7,77.3,73.7,73.1,70.0,67.3,64.3,62.1,58.8,56.3,52.6,45.9,42.4,36.5,33.3,33.4,33.4,30.7,30.5,30.2,29.4,26.7,25.3,23.4,23.0,23.6,23.7
22:37:23.954,100.3,65.0,87.7,90.0,88.0,87.0,81.7,80.9,84.4,84.5,84.2,79.0,77.8,76.3,73.1,72.6,69.7,69.1,66.6,64.6,61.6,57.9,54.7,47.1,45.2,39.0,33.9,33.1,33.9,31.5,31.5,31.5,31.4,29.6,28.1,25.2,23.2,23.6,23.7
22:37:24.954,98.6,62.6,87.5,84.7,82.4,82.4,87.7,87.9,82.7,82.0,82.2,80.3,79.3,77.1,73.8,70.8,66.8,67.0,64.4,60.2,55.5,51.8,49.5,44.2,40.9,34.2,33.4,33.3,33.3,31.5,31.5,31.4,31.0,29.0,27.6,25.2,23.4,23.6,23.8
22:37:25.954,100.4,64.4,87.6,92.4,88.6,88.2,84.1,81.4,84.1,80.5,79.8,74.5,79.2,75.2,72.8,71.8,69.1,69.1,66.7,64.5,60.9,56.3,53.1,46.3,43.7,37.6,34.5,33.7,33.5,31.3,31.1,30.2,29.4,26.5,25.8,23.9,23.1,23.7,23.7
22:37:26.954,98.6,63.1,87.5,86.0,90.5,89.6,88.3,88.1,85.2,84.0,80.9,80.7,76.2,74.9,73.8,74.4,70.1,66.2,66.1,65.1,60.3,53.0,51.4,47.2,42.8,37.6,35.3,33.9,33.4,30.8,30.6,29.1,28.4,26.3,25.1,23.6,23.1,23.6,23.6
22:37:27.954,99.9,62.9,88.0,86.1,86.0,83.3,81.7,85.9,85.4,82.0,81.2,81.0,78.8,77.2,72.0,72.5,69.7,69.1,64.4,61.6,59.1,54.9,50.1,44.4,40.5,34.9,34.3,35.0,33.5,30.5,31.0,30.9,31.3,28.8,27.1,24.4,23.2,23.7,23.8
22:37:28.954,98.4,62.2,87.0,89.1,90.7,85.5,84.3,84.4,82.7,84.6,77.9,81.1,79.2,78.3,73.5,70.6,69.4,67.6,65.8,61.6,57.8,53.8,48.9,43.0,39.3,35.0,34.6,33.7,32.9,30.1,29.8,29.2,28.9,26.5,25.1,23.3,23.0,23.7,23.8
22:37:29.954,98.6,65.1,86.1,85.6,81.5,87.3,85.9,82.3,82.3,77.9,82.0,80.5,76.4,77.5,73.0,69.8,70.4,70.5,68.8,67.5,63.9,59.4,56.5,48.8,45.8,38.3,34.6,33.6,33.3,30.4,30.1,29.2,28.8,26.6,25.8,23.6,23.0,23.7,23.7
22:37:30.954,98.6,63.3,87.3,89.4,87.1,85.9,86.6,86.8,83.4,80.2,80.9,80.9,77.9,75.5,72.6,69.5,69.6,67.7,65.5,61.3,57.2,52.3,48.8,43.6,39.9,34.8,33.6,33.8,33.8,31.0,31.0,29.6,29.5,26.9,26.1,23.8,23.2,23.7,23.8
22:37:31.954,99.0,61.9,87.4,89.5,86.7,83.3,83.2,80.8,84.2,83.3,84.7,80.1,79.9,77.7,73.7,71.5,68.4,68.3,65.5,59.8,55.3,52.5,51.1,45.2,40.0,35.0,32.3,32.9,33.2,30.5,30.5,29.5,29.2,26.8,26.5,24.0,23.1,23.6,23.8
22:37:32.954,98.3,60.6,87.3,86.4,89.1,91.1,88.6,82.6,85.2,82.4,81.1,80.0,77.8,78.0,73.1,70.6,67.9,64.7,62.1,56.6,54.7,47.6,44.2,40.0,39.7,33.4,31.7,32.5,31.8,30.1,29.7,28.0,27.5,25.2,24.3,23.1,23.1,23.5,23.7
22:37:33.954,97.2,59.1,86.5,86.3,85.7,84.9,84.7,88.2,84.6,81.6,80.4,78.1,77.6,76.3,71.8,72.3,66.2,63.1,58.1,55.2,52.6,46.5,44.5,39.3,37.5,33.6,32.3,32.9,32.2,29.9,29.3,28.9,28.2,25.6,25.0,23.3,23.0,23.7,23.8
22:37:34.954,97.2,59.1,85.7,89.1,82.5,87.2,86.4,80.4,84.8,81.4,79.3,76.6,72.8,68.7,72.2,68.9,67.8,63.9,58.8,56.2,52.6,50.9,45.1,39.0,37.0,33.6,32.2,32.9,32.2,29.9,29.9,29.4,28.8,26.4,26.0,23.6,22.9,23.7,23.8
22:37:35.954,98.1,59.5,85.5,86.0,85.6,83.7,85.1,86.2,81.8,81.3,80.2,76.9,75.0,75.1,72.9,69.1,66.7,64.9,60.8,57.2,54.9,50.3,47.5,40.5,36.4,32.5,32.0,32.9,31.7,30.1,30.1,28.7,28.0,25.8,24.7,23.2,22.9,23.6,23.6
22:37:36.954,98.8,59.1,85.9,87.6,87.8,85.5,81.5,84.1,82.7,82.4,78.5,75.6,76.4,74.2,72.9,68.1,66.9,64.4,58.7,55.3,51.6,50.7,48.3,42.9,38.5,33.5,32.5,32.7,32.2,30.1,30.1,29.4,28.5,25.9,24.7,23.5,22.9,23.6,23.8
22:37:37.954,96.5,58.9,84.4,86.4,83.3,83.3,82.7,82.8,80.9,79.2,77.0,78.2,77.9,70.0,71.5,69.4,66.4,63.0,61.9,57.5,53.3,51.5,49.2,43.4,39.9,34.8,32.9,32.1,31.2,28.5,28.7,28.1,27.9,25.7,24.9,23.2,23.2,23.6,23.7
22:37:38.954,95.0,59.7,84.7,82.0,82.7,81.6,77.9,84.2,84.7,78.9,77.9,77.1,72.9,73.7,69.1,64.6,63.8,65.0,63.5,59.5,55.1,49.2,43.4,37.6,36.2,33.4,32.3,32.6,31.8,29.4,29.1,28.0,27.3,24.8,24.1,22.8,22.9,23.6,23.8
22:37:39.954,95.7,57.5,83.8,86.7,86.4,83.1,83.9,78.8,81.7,78.5,81.4,74.4,72.8,74.4,70.5,67.6,64.4,62.6,58.5,55.6,50.5,45.5,41.3,38.1,35.4,33.7,32.3,33.0,31.6,29.5,30.2,29.4,27.7,25.1,24.4,23.0,23.9,23.8,23.9
22:37:40.954,99.2,57.7,84.0,88.8,85.4,84.8,84.8,82.6,79.9,80.7,78.8,75.2,74.0,72.1,70.5,67.8,64.2,61.4,59.4,55.0,52.6,47.9,43.6,37.2,34.9,33.3,32.0,32.8,32.3,30.1,30.6,30.1,29.2,27.2,24.6,23.7,23.6,23.7,23.8
22:37:41.954,98.9,59.5,85.6,85.0,87.1,87.1,87.7,84.4,81.3,80.2,80.1,74.4,74.2,74.7,71.6,71.1,66.1,64.5,63.6,59.1,52.6,47.8,46.7,39.6,35.8,33.8,32.7,33.5,32.8,30.5,30.5,30.5,30.1,26.9,25.4,23.5,23.0,23.7,23.8
22:37:42.954,97.9,60.8,85.2,90.3,87.8,87.9,86.7,79.5,80.9,80.6,81.2,77.1,76.0,74.2,71.6,68.6,68.0,66.6,64.3,61.6,54.4,50.1,48.1,42.4,40.3,36.1,33.3,33.2,32.5,30.2,30.9,30.2,29.3,26.3,25.2,23.5,23.0,23.6,23.7
22:37:43.954,96.1,61.6,85.5,85.8,86.9,88.7,87.6,86.2,82.3,83.2,77.0,79.1,77.8,75.8,73.8,72.5,71.0,67.7,64.7,60.6,57.5,51.9,47.1,43.8,39.5,33.7,31.6,32.1,31.9,29.7,30.5,30.0,29.6,26.7,25.9,23.8,23.2,23.5,23.9
22:37:44.954,97.0,62.4,86.0,85.3,85.9,84.8,89.2,83.9,81.9,79.6,77.9,77.7,76.5,75.8,73.8,72.2,68.8,65.3,64.8,62.1,58.8,51.4,48.4,46.1,41.9,34.2,31.5,31.8,32.2,31.8,31.5,30.5,29.8,27.0,25.7,23.9,23.1,23.6,23.8
22:37:45.954,96.6,60.1,86.0,88.4,86.7,84.5,85.6,86.8,80.9,81.4,81.4,81.7,77.9,74.4,74.2,72.0,68.1,64.6,61.4,56.4,54.1,52.3,47.6,44.0,43.2,35.6,33.0,33.4,33.5,31.5,31.6,31.4,30.6,27.8,26.8,24.4,23.5,23.8,23.9
22:37:46.954,97.5,60.3,86.3,89.2,85.4,86.3,86.2,85.7,85.0,84.5,78.6,78.2,74.9,73.9,71.3,69.8,66.9,66.3,63.1,58.3,55.6,49.8,47.0,43.5,39.3,34.6,33.0,33.7,34.0,32.8,33.4,32.8,32.0,28.9,27.9,25.0,23.3,23.5,23.7
22:37:47.954,94.6,57.6,84.2,85.0,84.0,80.4,81.4,81.1,78.8,81.6,82.0,74.2,76.3,72.0,68.6,65.6,65.6,62.5,60.3,58.0,50.9,47.2,42.9,38.7,36.3,35.4,35.1,35.3,34.4,32.5,33.2,32.3,31.6,28.4,27.5,24.3,23.1,23.5,23.7
22:37:48.954,96.9,59.1,85.6,85.7,88.1,81.8,80.4,86.2,83.2,82.4,79.1,77.5,75.1,74.0,70.5,67.6,65.4,64.1,60.2,56.7,53.8,49.7,48.4,43.1,38.2,36.6,34.9,34.6,34.0,31.6,32.2,32.1,30.7,27.8,27.1,24.2,23.1,23.6,23.7
22:37:49.954,95.4,56.9,83.8,83.9,83.4,82.9,80.8,81.1,82.6,82.1,77.7,73.4,73.2,72.4,69.8,66.7,63.0,59.7,58.0,54.1,52.1,47.9,43.9,39.8,36.7,36.0,35.4,34.9,34.4,31.5,31.8,31.7,31.0,28.0,27.2,24.4,23.2,23.7,23.7
22:37:50.954,95.2,57.9,85.0,84.2,86.2,85.0,88.4,85.2,79.4,80.2,80.6,76.4,75.8,74.7,69.6,66.8,66.4,61.9,56.7,54.1,50.5,48.8,47.6,42.9,39.7,36.1,34.8,34.4,34.0,32.3,33.1,33.3,32.4,32.2,27.8,25.7,24.0,23.8,23.6
22:37:51.954,97.7,61.3,85.6,87.4,85.0,88.5,88.5,82.8,82.3,85.6,78.5,77.2,76.3,73.6,72.4,70.3,67.1,66.3,63.1,61.9,60.1,55.7,53.2,48.9,43.7,38.6,33.9,33.4,34.0,32.6,33.0,32.8,32.5,29.8,28.2,25.3,23.3,23.5,23.7
22:37:52.954,98.9,60.9,84.8,85.9,85.8,81.8,85.8,84.1,81.0,78.8,79.9,74.8,75.3,73.8,71.9,69.8,66.7,67.8,62.9,61.1,56.1,52.2,49.9,44.3,39.2,33.7,32.6,33.7,33.1,32.3,32.4,32.3,31.9,29.3,27.3,24.9,23.3,23.7,23.6
22:37:53.954,94.9,60.0,83.5,83.0,85.4,83.6,81.9,82.9,82.0,81.0,78.0,75.3,74.0,71.1,71.5,69.5,67.0,63.6,61.8,60.1,58.6,53.4,48.1,41.4,38.4,34.3,32.6,33.4,32.6,31.2,31.4,31.2,30.9,28.0,26.9,24.4,23.1,23.7,23.7
22:37:54.954,96.4,62.4,85.8,86.8,89.3,85.9,84.5,84.2,81.8,85.2,80.1,78.6,77.4,73.2,71.1,71.8,69.2,67.2,65.9,64.5,61.1,56.3,52.9,46.8,41.9,36.5,34.3,33.9,34.1,32.0,32.2,31.1,30.2,27.9,27.3,24.7,23.3,23.7,23.7
22:37:55.954,95.8,60.3,84.8,83.7,82.9,81.7,83.5,84.7,78.1,77.4,80.8,76.4,74.7,71.5,69.4,67.1,66.5,65.2,63.2,58.8,53.0,50.4,48.2,40.9,36.1,42.0,34.0,34.2,34.1,30.5,30.5,30.0,29.5,27.1,26.7,24.0,23.1,23.5,24.0
22:37:56.954,95.7,57.9,83.8,83.0,78.7,78.2,79.3,79.0,74.9,78.0,78.8,73.3,75.6,72.3,70.1,66.9,65.4,61.3,59.0,56.8,52.9,47.3,42.8,38.8,36.4,38.4,33.3,34.3,33.3,31.3,31.7,30.1,29.2,27.1,26.2,24.1,23.2,23.5,23.7
22:37:57.954,96.5,61.0,84.2,84.1,80.5,81.8,80.2,79.2,82.1,79.6,77.2,76.1,74.4,74.5,70.7,71.0,67.0,65.6,64.0,59.9,56.6,51.7,46.6,39.8,36.9,34.8,33.7,33.7,33.0,31.1,31.1,30.1,29.3,26.5,25.8,23.4,23.2,23.8,23.7
22:37:58.954,94.4,60.4,82.8,80.4,75.9,79.2,82.4,79.4,79.9,80.3,73.8,75.4,73.8,71.4,72.2,70.3,67.9,64.8,63.4,60.4,57.1,52.5,47.1,41.4,35.1,33.5,32.4,32.3,31.7,29.5,29.4,28.8,28.0,27.3,25.1,23.6,23.1,23.7,23.8
22:37:59.954,96.1,60.6,83.8,84.6,83.5,81.9,76.6,80.7,79.8,81.3,75.9,78.3,76.3,74.2,69.3,68.4,68.2,65.5,62.8,59.9,56.3,51.4,47.2,41.3,36.5,33.3,31.7,32.0,32.3,30.0,30.6,29.8,29.1,27.8,25.3,23.8,23.1,23.5,23.7
22:38:00.954,95.3,60.5,85.5,83.0,83.2,87.8,86.7,83.7,83.4,80.9,79.8,79.9,76.5,74.3,70.8,69.5,67.9,66.2,62.8,59.2,56.3,52.6,49.9,41.9,37.1,33.9,31.7,32.5,31.8,30.3,30.6,31.5,30.2,31.6,25.5,24.6,23.2,23.6,23.7
22:38:01.954,93.6,57.2,82.4,82.5,81.8,78.4,79.8,81.1,81.1,79.1,76.8,75.8,74.9,72.3,68.5,67.6,64.3,62.9,58.9,56.2,52.8,49.2,45.1,39.3,34.5,32.6,32.7,33.0,33.2,31.5,31.8,31.1,30.8,29.6,27.4,24.6,23.1,23.5,23.8
22:38:02.954,95.3,57.8,82.9,87.0,81.7,80.8,85.8,85.0,77.7,76.4,76.4,71.6,71.1,69.5,67.1,65.4,63.4,61.9,59.1,55.4,54.9,49.0,46.1,41.5,36.4,34.6,34.6,35.6,35.0,33.7,34.0,33.8,33.3,30.2,30.0,26.7,23.6,23.7,23.5
22:38:03.954,95.1,58.9,82.7,85.6,83.2,78.2,79.8,81.7,78.5,78.9,79.2,76.0,74.2,71.5,70.0,66.8,63.9,63.4,61.0,59.3,57.3,52.6,46.0,39.4,38.6,35.9,34.3,35.0,34.8,32.6,32.6,33.4,33.4,30.7,30.4,26.2,23.7,23.6,23.6
22:38:04.954,96.5,58.4,83.4,85.4,86.6,81.6,79.9,81.3,83.0,79.0,78.0,75.5,73.9,73.0,71.2,68.4,64.5,62.9,60.9,57.1,54.8,50.4,44.1,40.3,37.6,33.8,32.8,32.9,32.6,31.3,31.2,30.6,30.2,27.9,27.2,24.3,23.2,23.7,23.8
22:38:05.954,94.9,58.2,83.6,83.7,82.5,81.8,86.6,82.7,83.0,78.3,78.2,78.8,76.5,73.6,70.7,66.9,64.9,62.3,61.6,58.9,56.2,50.2,45.4,39.4,35.7,34.3,32.8,34.2,34.5,32.5,31.7,30.9,30.2,27.7,26.5,24.2,23.1,23.6,23.7
22:38:06.954,95.8,57.2,82.7,82.1,80.3,80.1,79.4,82.3,81.3,77.2,74.8,73.9,76.9,71.4,66.5,64.3,64.4,62.4,58.8,54.9,53.7,48.5,45.0,41.2,37.7,34.2,32.8,34.2,35.1,32.7,32.6,31.4,30.7,27.8,26.9,24.0,23.1,23.7,23.8
22:38:07.954,93.8,55.8,81.7,82.5,81.4,81.8,81.3,78.9,77.8,79.7,76.0,75.4,72.3,71.0,64.7,65.9,62.7,59.4,56.8,54.9,52.2,46.5,41.3,38.4,34.9,33.5,33.6,34.8,34.5,32.4,32.4,30.9,30.3,27.8,27.0,24.0,22.9,23.7,23.6
22:38:08.954,94.6,56.2,82.3,80.8,85.0,87.4,82.0,78.8,81.6,77.6,78.2,78.2,75.6,72.9,67.5,65.8,63.2,60.6,59.6,56.1,53.2,50.9,47.6,39.8,35.4,33.8,33.6,33.9,33.8,31.0,31.6,31.6,33.2,30.0,27.4,24.8,23.4,23.5,23.7
22:38:09.954,94.5,56.7,82.9,82.4,77.0,78.8,80.4,80.2,81.0,81.1,77.4,72.7,73.6,71.9,66.7,65.1,62.9,61.3,57.4,53.0,50.1,46.5,43.2,40.0,35.4,33.3,33.2,33.8,33.0,31.0,31.7,31.3,30.3,27.9,26.2,24.0,23.1,23.4,23.8
22:38:10.954,94.6,56.1,80.5,82.7,79.8,78.5,78.6,76.0,74.7,76.2,77.2,74.3,70.1,68.8,67.7,65.0,64.7,62.6,58.9,54.0,48.8,44.0,41.2,38.5,35.0,33.1,32.8,33.9,33.3,30.7,30.8,30.4,30.5,28.0,26.3,23.9,22.9,23.6,23.6
22:38:11.954,94.6,58.0,82.5,86.1,86.8,82.4,78.8,78.5,78.3,80.0,76.6,76.1,71.3,69.7,68.7,67.5,63.3,63.2,61.6,57.8,54.5,49.4,44.1,39.9,34.9,34.0,32.7,33.4,32.6,30.5,31.2,32.1,30.1,30.2,25.6,24.3,23.2,23.6,23.7
22:38:12.954,97.2,57.5,81.3,85.5,84.6,84.3,79.3,77.1,78.5,74.4,73.4,73.2,71.4,68.7,65.0,63.4,61.3,59.4,58.9,57.7,53.7,48.4,43.7,40.1,37.3,34.8,33.3,33.7,32.9,31.5,32.0,31.7,30.9,29.3,26.8,24.9,23.5,23.9,24.0
22:38:13.954,97.2,58.4,83.5,86.6,83.4,82.1,84.2,85.3,82.0,79.2,77.3,76.7,73.9,71.1,68.6,65.6,65.4,63.8,61.7,60.5,57.4,50.6,48.8,44.7,36.9,35.3,33.6,34.5,33.7,32.4,32.4,31.6,31.0,27.9,27.1,24.5,23.4,23.8,23.7
22:38:14.954,96.6,57.7,83.4,88.4,85.8,84.1,80.4,81.2,78.4,80.5,75.1,74.3,72.3,71.4,70.3,68.0,63.3,61.3,61.0,54.1,50.7,47.4,43.5,40.4,35.4,34.4,34.5,34.9,34.5,32.5,31.8,31.0,30.6,27.8,27.2,24.5,23.3,23.8,23.8
22:38:15.954,93.2,56.3,82.6,77.0,75.6,78.5,83.9,85.3,81.5,75.9,77.7,71.3,73.9,71.6,70.1,67.7,62.5,60.8,58.1,52.0,51.4,48.7,43.7,38.6,36.1,35.5,35.1,35.7,34.8,33.0,33.3,32.3,31.4,28.8,28.1,24.9,23.3,23.4,23.7
22:38:16.954,93.9,57.6,82.3,83.9,83.1,81.9,83.4,78.8,76.0,80.1,77.9,75.8,74.0,68.4,69.5,66.3,64.5,64.1,59.3,53.3,51.7,48.2,44.0,40.9,36.1,36.5,35.4,35.3,34.3,32.2,33.4,33.7,30.6,28.0,27.2,24.4,23.1,23.6,23.8
22:38:17.954,95.5,58.6,83.2,88.8,85.4,83.0,76.6,79.7,81.3,82.6,79.2,75.0,75.2,72.9,70.9,67.6,67.3,64.4,61.3,58.2,54.9,53.2,48.3,42.2,37.3,35.9,34.6,35.0,33.6,31.3,33.2,33.3,28.9,26.2,25.4,23.6,23.2,23.6,23.7
22:38:18.954,97.0,58.8,84.6,86.6,80.5,80.7,85.6,84.9,81.4,80.2,79.3,76.4,75.8,74.7,69.8,69.5,66.7,63.4,61.0,56.9,54.7,53.4,44.7,40.5,38.3,35.3,33.9,34.9,33.3,31.0,31.2,30.5,29.8,27.7,26.6,24.2,23.1,23.6,23.7
22:38:19.954,93.7,54.7,80.5,85.4,85.9,81.8,77.7,76.4,72.1,76.3,75.5,72.5,72.6,70.5,68.9,65.1,63.3,59.9,53.7,50.4,47.0,45.8,41.6,37.5,34.4,33.1,32.3,33.6,33.0,31.2,33.6,30.9,28.6,26.0,25.2,23.4,23.0,23.7,23.7
22:38:20.954,95.9,55.9,82.5,86.0,83.4,84.9,81.6,79.2,78.6,78.4,74.8,76.6,73.6,71.9,66.8,66.8,60.9,61.3,54.9,52.6,50.8,49.4,43.8,41.1,35.5,33.8,31.9,33.3,32.8,30.9,32.0,30.1,28.2,25.7,25.2,23.6,23.2,23.7,23.9
22:38:21.954,92.3,55.7,81.2,79.8,80.6,80.5,77.7,78.7,80.4,76.8,73.2,75.7,71.8,69.3,68.2,65.1,59.9,58.8,58.6,53.8,51.8,48.0,46.0,41.8,37.6,34.7,33.2,34.2,34.1,33.1,33.7,33.3,32.3,29.2,27.6,24.7,23.2,23.5,23.7
22:38:22.954,92.0,55.2,80.5,84.2,87.3,84.2,82.8,78.2,77.1,78.0,75.5,74.5,71.4,68.1,66.8,65.0,63.7,59.8,57.8,54.6,50.8,47.3,42.9,41.8,37.2,34.7,33.6,34.9,33.8,32.2,32.4,31.8,31.4,28.7,27.4,24.5,23.2,23.7,23.8
22:38:23.954,94.4,57.0,81.3,88.8,84.3,84.2,82.5,78.5,78.0,79.1,76.1,74.1,72.7,69.3,66.6,63.7,64.4,60.9,60.1,58.0,53.8,50.1,46.6,43.1,37.0,34.9,33.5,33.6,33.5,31.2,31.7,31.4,31.1,28.4,26.6,24.3,23.0,23.7,23.9
22:38:24.954,94.2,55.0,78.6,83.0,82.3,83.1,81.9,71.9,74.9,75.7,68.5,70.4,71.9,68.1,64.5,63.2,63.2,58.9,59.3,56.3,51.8,46.9,41.4,38.2,35.4,34.1,32.0,33.3,32.9,31.3,31.3,31.4,31.2,29.1,27.6,24.9,23.4,23.8,23.8
22:38:25.954,94.2,55.2,80.2,86.8,86.7,80.4,80.3,80.3,77.3,74.6,72.2,72.3,69.8,69.8,64.8,64.3,63.1,59.1,59.1,54.4,51.3,46.1,40.6,40.2,36.2,33.5,33.4,33.5,33.2,31.4,31.1,30.4,30.1,27.6,25.7,23.9,23.0,23.6,23.6
22:38:26.954,94.9,53.7,80.8,87.3,89.7,85.0,82.3,82.5,77.5,78.0,75.6,73.5,71.2,71.5,65.7,63.3,58.6,60.2,58.2,52.0,48.9,48.0,42.9,38.1,35.1,33.8,33.0,33.2,33.1,31.1,31.2,31.2,30.4,29.7,26.2,24.8,23.1,23.8,23.9
22:38:27.954,91.3,52.8,78.7,81.6,77.4,80.6,80.6,77.1,76.2,75.3,71.0,71.3,70.5,67.6,65.0,61.4,57.1,55.7,51.8,52.2,48.2,45.1,40.4,37.9,33.9,33.9,32.7,33.2,33.4,31.5,31.4,30.9,29.9,27.7,26.1,24.0,23.3,23.7,23.9
22:38:28.954,92.3,52.7,78.8,82.0,82.1,76.4,80.3,79.0,76.8,74.7,72.1,72.4,70.8,66.3,63.0,61.2,57.9,56.2,54.0,49.8,46.6,45.7,41.9,37.3,34.0,33.5,33.5,34.2,34.0,31.8,32.0,31.3,30.1,29.0,26.7,24.6,23.1,23.7,23.8
22:38:29.954,93.1,53.2,77.5,81.3,80.4,77.9,74.4,72.6,75.1,74.5,70.2,68.3,70.0,69.2,67.6,61.2,59.5,58.3,54.2,48.7,47.9,46.7,42.0,38.2,34.0,33.2,33.3,34.5,34.1,32.3,32.5,32.0,30.3,28.7,26.7,24.5,23.3,23.5,23.8
22:38:30.954,95.7,55.2,80.4,86.7,85.4,81.5,80.2,79.2,76.9,76.0,74.1,75.3,71.2,69.8,69.6,64.4,62.5,61.9,58.5,53.2,47.8,44.9,40.8,38.1,35.6,34.9,34.8,35.6,34.5,32.6,31.9,31.9,31.5,29.0,27.7,24.6,23.1,23.5,23.7
22:38:31.954,92.9,55.3,79.9,83.4,81.7,82.2,75.7,74.4,77.6,76.0,76.3,71.6,69.5,69.9,69.4,66.1,63.3,59.0,55.8,55.1,51.7,48.6,43.6,40.6,36.2,36.2,35.5,35.9,35.8,33.4,32.7,32.0,31.4,28.6,27.0,24.2,23.2,23.6,23.7
22:38:32.954,93.9,57.6,81.8,84.0,84.8,81.1,79.8,77.5,77.2,77.8,74.8,72.5,73.8,70.8,68.6,66.2,63.5,60.4,56.5,56.4,54.4,50.9,44.7,42.3,38.3,35.8,35.0,35.3,34.4,32.3,33.1,32.3,32.0,29.7,27.1,24.5,23.2,23.7,23.7
22:38:33.954,94.3,58.1,80.6,82.0,82.5,83.0,80.5,74.8,79.4,77.0,73.6,72.3,71.6,69.2,68.3,65.7,64.2,61.4,59.4,56.1,52.5,51.6,47.0,42.0,35.7,33.7,33.2,34.8,33.7,31.1,31.4,30.7,29.9,27.3,26.5,24.1,23.2,23.6,23.7
22:38:34.954,92.4,57.3,79.8,84.0,83.3,82.3,76.6,78.3,76.2,75.5,71.9,75.0,70.2,70.9,67.2,67.6,62.9,62.5,61.3,59.3,55.4,51.1,46.8,45.9,39.1,35.8,34.1,34.8,34.3,31.8,32.3,31.5,31.3,28.2,27.3,24.5,23.2,23.8,23.8
22:38:35.954,91.4,55.6,79.4,76.2,77.8,79.9,78.6,79.2,76.7,76.6,74.5,74.1,70.5,70.4,67.9,64.2,61.7,60.7,59.1,55.5,50.2,47.4,44.5,39.9,36.1,34.6,34.4,35.2,33.8,31.5,31.2,31.5,30.2,27.8,26.8,24.0,23.1,23.5,23.8
22:38:36.954,92.1,54.8,78.8,77.4,81.6,81.4,75.4,76.5,73.1,75.7,72.3,70.9,71.9,70.3,67.3,64.7,59.9,58.4,55.2,49.3,47.1,46.9,42.8,38.9,36.0,35.4,35.0,35.5,34.1,31.4,32.2,31.7,31.2,28.3,26.8,24.1,23.0,23.4,23.7
22:38:37.954,89.9,53.9,78.8,78.8,76.2,79.5,79.5,74.9,77.9,75.2,71.4,71.1,69.9,69.3,66.2,63.7,60.3,56.1,55.2,51.2,48.0,44.6,42.1,39.9,36.4,36.7,36.5,37.1,35.6,32.2,32.6,32.4,31.8,29.2,28.2,25.0,23.0,23.6,23.6
22:38:38.954,91.4,54.2,78.7,82.5,78.0,75.8,79.8,79.0,74.5,76.1,73.5,70.2,69.3,67.1,66.4,62.6,60.5,59.8,55.7,52.8,49.2,45.8,41.6,38.2,35.9,35.4,34.7,35.4,34.3,30.6,31.4,30.8,29.5,27.0,26.2,23.9,23.2,23.7,23.7
22:38:39.954,91.3,54.4,79.5,83.6,83.5,82.6,79.8,80.9,78.1,75.5,75.4,73.0,71.1,66.4,60.4,62.1,60.8,60.1,58.3,55.1,51.4,48.4,42.6,40.8,35.2,34.7,34.4,35.5,33.9,30.5,30.8,30.2,29.5,26.7,25.7,24.0,23.1,23.6,23.8
22:38:40.954,92.6,52.8,77.8,81.9,79.3,78.7,79.7,79.4,76.9,73.2,73.2,69.5,67.1,63.6,61.0,64.2,58.9,56.0,56.0,51.7,49.6,46.5,41.3,39.7,36.5,35.2,34.3,34.7,32.7,29.8,30.1,29.4,29.4,26.9,26.0,24.1,23.1,23.5,23.7
22:38:41.954,91.6,53.6,79.4,83.3,80.3,78.9,77.1,78.0,77.9,73.8,71.6,72.1,68.6,66.3,64.0,61.7,58.7,57.2,55.2,51.4,48.2,47.6,44.8,41.2,36.4,35.1,38.4,33.8,32.4,29.6,29.3,28.6,28.0,26.1,25.2,23.5,23.2,23.5,23.8
22:38:42.954,92.9,51.4,78.1,81.5,81.1,81.2,77.5,79.9,74.6,75.4,68.9,69.8,68.6,67.6,66.1,60.9,57.9,55.3,52.0,49.9,48.9,46.2,41.7,38.0,34.9,33.9,32.7,33.3,31.9,29.4,29.2,28.9,28.3,25.8,25.3,23.9,23.1,23.7,23.8
22:38:43.954,93.5,52.4,78.9,82.7,83.8,83.9,80.6,75.5,76.0,74.9,72.9,71.8,70.0,69.2,66.0,61.3,57.2,55.6,53.6,50.4,46.8,45.7,40.3,36.7,34.4,33.6,32.5,33.1,32.6,29.9,29.9,30.0,29.0,27.0,25.7,23.6,23.0,23.7,23.7
22:38:44.954,96.0,52.3,78.3,85.5,80.7,80.7,79.0,79.7,72.8,73.7,72.6,71.9,69.7,67.4,65.8,61.7,59.5,56.1,56.4,50.1,46.8,47.2,38.0,37.3,34.1,33.6,32.7,33.9,32.4,30.4,30.5,30.1,29.6,27.4,25.7,23.7,22.9,23.6,23.7
22:38:45.954,93.8,55.1,79.6,82.9,80.6,77.8,81.3,78.6,77.3,75.1,75.1,73.1,70.3,70.2,69.1,63.6,61.4,60.9,56.1,51.6,53.1,51.4,47.4,42.3,35.5,33.3,33.8,34.1,33.1,31.1,31.4,30.9,30.6,28.3,26.2,24.1,23.2,23.5,23.8
22:38:46.954,91.1,55.8,79.4,83.1,79.9,75.8,77.2,75.9,75.6,76.2,73.5,72.2,69.7,69.9,67.3,63.4,61.9,59.8,56.1,55.2,51.5,48.1,43.0,38.8,36.0,34.5,33.1,33.2,32.5,31.0,31.2,30.4,30.0,27.3,26.3,24.1,23.3,23.6,23.7
22:38:47.954,90.1,53.9,78.8,85.1,83.2,79.3,77.0,77.2,75.0,77.7,72.5,70.5,70.6,68.9,67.2,62.2,61.0,59.3,57.4,54.5,48.6,44.3,40.5,37.4,35.2,34.8,33.8,33.3,33.0,30.7,30.9,30.1,29.0,26.0,25.2,23.4,23.1,23.5,23.7
22:38:48.954,92.5,53.8,79.3,84.0,80.6,79.4,80.0,78.1,77.6,76.2,74.3,71.5,69.2,67.6,64.7,61.5,61.5,59.2,55.0,52.6,49.5,45.3,40.4,38.5,35.2,35.4,34.9,34.3,33.5,31.7,31.6,29.9,28.2,25.8,24.7,23.4,22.8,23.6,23.8
22:38:49.954,91.4,52.8,78.4,82.1,77.0,78.7,77.7,80.0,77.9,73.3,71.9,70.2,70.4,67.5,63.5,60.6,59.6,56.6,54.8,49.7,45.0,44.0,41.4,37.8,36.9,37.4,36.5,36.7,36.5,34.2,34.7,34.1,33.4,30.5,29.0,25.3,23.3,23.6,23.7
22:38:50.954,92.1,51.1,77.4,80.3,82.6,83.4,81.1,73.9,75.5,72.5,71.8,66.8,67.6,64.4,62.5,58.5,55.8,54.7,50.9,46.9,45.6,41.9,38.5,37.2,36.5,37.6,37.3,36.2,35.7,33.6,34.2,32.9,31.5,27.7,26.3,24.0,23.0,23.6,23.9
22:38:51.954,92.3,51.5,78.3,77.1,80.0,78.7,78.3,77.6,74.1,71.5,70.0,68.7,67.3,62.8,61.6,58.1,56.0,53.1,50.9,45.6,41.8,41.7,39.3,37.8,36.5,37.7,36.9,36.8,35.6,33.1,34.4,33.4,32.5,29.3,28.0,24.6,23.1,23.6,23.8
22:38:52.954,90.9,50.1,77.2,84.0,78.8,72.6,78.4,78.4,73.9,72.9,71.6,66.4,66.6,65.5,61.2,58.4,54.3,52.7,49.8,46.8,43.0,39.3,37.9,36.1,36.1,37.4,36.3,36.8,34.9,32.0,32.4,32.1,31.4,28.8,27.7,24.6,23.3,23.7,23.7
22:38:53.954,92.5,49.8,75.9,85.8,79.6,72.6,72.0,74.4,75.5,73.9,71.0,67.3,65.3,61.4,61.1,57.1,53.7,53.2,48.5,48.6,42.9,40.7,37.9,37.7,35.3,35.3,34.8,36.0,35.0,32.3,33.2,34.3,33.0,32.9,28.2,26.4,23.4,23.5,23.7
22:38:54.954,91.7,50.9,77.6,83.1,78.9,80.0,79.4,77.7,77.9,75.6,72.4,71.3,68.8,64.7,59.0,57.7,56.7,55.5,50.0,48.8,46.6,44.3,39.1,38.1,36.0,35.8,35.3,36.2,35.1,32.9,34.1,35.3,34.3,34.3,28.1,26.1,23.4,23.6,23.8
22:38:55.954,92.9,51.8,78.4,85.9,85.0,82.6,81.2,78.5,77.7,75.5,73.0,71.4,71.3,66.7,60.4,62.6,58.3,56.1,51.8,48.5,46.8,44.7,42.6,39.3,36.5,36.0,35.8,36.4,35.1,33.7,34.3,34.6,34.1,33.4,29.6,27.0,23.6,23.8,23.7
22:38:56.954,92.0,52.4,77.6,84.0,83.4,79.2,79.1,78.0,73.5,71.3,73.2,71.0,70.8,68.1,62.4,59.7,57.8,56.7,54.4,50.7,44.5,43.0,41.4,39.3,36.6,36.4,35.9,36.3,34.9,33.5,34.7,33.8,33.8,31.0,29.2,25.8,23.6,23.5,23.7
22:38:57.954,91.1,51.6,76.7,75.6,76.2,77.0,75.6,74.1,71.5,69.8,71.2,69.0,68.6,63.4,62.2,58.4,56.0,56.5,51.1,49.1,45.6,40.7,37.8,38.0,36.0,35.7,35.6,35.3,33.4,30.9,31.2,30.4,30.3,27.4,26.1,23.9,23.0,23.6,23.7
22:38:58.954,92.1,53.6,78.2,84.2,78.4,77.5,77.1,75.6,75.1,69.2,72.8,70.4,69.5,67.2,65.0,60.8,57.9,57.0,55.2,53.0,48.9,44.6,39.7,37.2,34.4,34.1,34.8,35.1,33.2,30.5,31.3,30.9,29.7,27.0,25.4,23.6,23.4,23.6,23.6
22:38:59.954,89.8,53.8,77.9,80.1,78.1,78.1,78.0,76.8,74.1,75.4,72.1,71.4,70.2,68.3,63.9,63.4,61.9,58.7,56.6,53.4,50.7,48.7,43.5,38.0,34.6,33.2,33.6,34.0,32.9,30.3,31.0,29.8,29.0,26.6,24.8,23.2,23.0,23.6,23.8
22:39:00.954,92.3,54.1,78.7,87.3,83.7,75.8,80.8,77.0,76.7,74.1,71.0,73.9,71.4,67.1,65.7,63.6,61.3,59.3,56.6,54.3,50.8,48.8,40.7,38.2,34.8,33.4,33.4,33.9,33.4,31.1,31.4,31.1,31.0,29.2,28.2,24.9,23.3,23.5,23.8
22:39:01.954,91.2,51.1,76.1,79.6,80.4,75.1,74.9,77.2,70.7,71.0,70.5,69.1,69.0,64.0,64.1,60.7,58.8,53.4,50.7,49.1,42.6,40.4,37.0,36.1,33.6,33.3,32.9,33.6,33.0,30.6,30.9,31.4,32.5,31.0,30.9,27.2,23.7,23.6,23.7
22:39:02.954,90.3,51.9,77.9,81.6,80.8,79.7,75.6,73.9,75.3,72.6,71.9,72.0,70.6,68.4,65.0,61.7,58.7,55.2,52.5,48.6,46.2,42.3,38.9,37.2,34.6,33.3,33.1,34.0,33.1,30.7,30.7,31.0,31.1,28.4,27.8,25.0,23.3,23.6,23.7
22:39:03.954,92.2,52.3,77.2,79.9,80.1,81.0,77.4,76.5,78.1,72.2,72.9,70.0,69.3,69.3,65.3,62.8,59.7,58.6,55.4,48.4,45.3,44.1,41.4,38.0,35.2,34.3,33.8,35.2,34.5,31.9,32.0,32.3,32.9,31.5,32.0,27.6,24.1,23.7,23.8
22:39:04.954,92.5,53.5,77.8,84.1,81.1,75.6,72.0,72.2,74.2,74.4,73.3,68.8,65.9,66.8,64.3,60.4,60.7,59.8,54.5,49.2,44.4,44.0,40.4,39.3,36.1,34.2,34.2,35.4,34.6,31.5,32.2,33.4,32.6,31.6,27.4,25.2,23.2,23.5,23.9
22:39:05.954,91.0,52.0,75.5,73.7,72.5,71.2,72.3,70.8,74.4,71.1,68.2,64.2,66.7,61.1,60.7,59.1,59.1,55.2,54.4,48.8,42.7,40.7,39.6,38.5,37.1,36.6,36.6,37.3,35.4,32.3,31.9,33.4,32.1,31.2,27.2,25.2,23.3,23.8,23.7
22:39:06.954,92.1,52.6,76.9,83.6,80.7,80.9,79.1,74.7,72.6,73.4,71.8,71.9,68.3,65.9,65.3,63.2,59.4,58.2,53.5,51.1,46.3,46.0,42.9,39.5,36.5,35.5,35.4,35.9,34.8,32.1,32.3,31.4,30.5,27.9,25.9,23.9,23.1,23.6,23.7
22:39:07.954,88.7,50.2,74.8,78.1,75.2,77.4,74.1,72.3,72.4,70.2,70.7,65.0,65.1,60.7,59.9,58.6,54.8,52.3,49.7,45.4,40.5,38.7,38.0,37.9,35.8,35.0,34.9,36.1,34.8,31.6,31.9,31.1,29.5,27.3,25.3,23.4,22.9,23.5,23.7
22:39:08.954,91.1,49.7,75.5,82.6,75.7,70.9,69.0,68.4,69.2,71.5,70.4,63.8,68.6,62.4,60.8,55.5,54.9,52.8,50.0,45.4,41.0,40.4,37.8,37.0,34.9,34.6,35.1,36.2,35.2,31.8,31.2,31.1,29.7,28.1,25.1,23.9,23.1,23.5,23.8
22:39:09.954,89.9,49.1,75.4,80.4,76.4,77.8,71.3,73.6,73.7,73.0,69.7,66.6,65.3,62.8,60.4,54.6,53.4,54.2,47.6,44.1,39.9,38.6,38.0,37.3,34.7,34.5,35.2,36.1,35.2,31.9,32.3,31.5,30.6,27.5,26.1,23.8,23.0,23.6,23.6
22:39:10.954,90.9,49.1,75.2,81.0,79.0,78.8,76.4,71.9,72.6,68.3,68.5,64.9,64.2,58.9,58.5,54.0,54.0,52.2,50.0,45.9,39.2,39.1,37.5,37.4,35.6,34.8,34.3,35.9,35.2,32.0,32.2,32.4,31.9,29.1,28.1,24.8,23.2,23.6,23.7
22:39:11.954,90.2,49.6,74.6,80.9,77.6,74.6,74.7,74.4,74.1,71.6,67.2,68.1,64.9,61.2,60.2,56.3,57.1,53.3,51.5,48.2,41.8,39.7,37.8,38.0,36.3,34.1,34.1,34.8,34.6,32.1,32.7,32.0,30.6,27.8,26.3,23.9,22.9,23.6,23.7
22:39:12.954,87.8,49.7,74.3,79.4,74.5,75.5,69.2,72.7,71.4,74.2,70.3,66.7,65.7,59.0,58.5,56.1,53.5,54.2,50.5,46.4,41.9,39.7,38.6,38.0,36.5,35.0,34.8,34.9,34.4,32.4,32.8,32.2,31.3,28.0,26.2,24.0,22.9,23.5,23.7
22:39:13.954,89.8,50.3,75.5,78.9,79.0,75.5,75.0,75.2,72.6,73.4,68.0,64.6,64.6,60.6,57.1,53.8,53.4,54.0,50.0,46.9,43.8,39.7,39.2,38.9,36.4,35.7,35.5,35.1,34.7,32.3,33.0,33.5,32.5,31.2,27.2,25.0,23.4,23.6,23.8
22:39:14.954,86.5,50.1,74.2,79.0,79.7,78.9,76.0,74.3,70.5,73.7,69.0,67.8,66.0,60.1,58.2,56.7,54.9,54.6,48.8,49.6,46.7,42.9,40.9,38.6,36.0,37.0,37.0,36.2,34.6,32.8,34.1,34.6,34.2,31.5,28.2,25.4,23.3,23.8,23.7
22:39:15.954,89.4,49.8,75.0,77.7,79.4,77.1,74.8,74.4,74.0,73.0,67.6,65.3,65.1,60.1,59.3,55.5,52.8,53.1,49.4,45.0,41.9,40.1,38.5,36.9,36.1,36.8,37.3,36.2,35.2,33.3,34.4,34.0,33.3,31.7,27.9,25.4,23.1,23.6,23.8
22:39:16.954,90.5,50.7,76.3,81.8,82.0,79.5,80.2,74.9,73.9,74.0,70.5,67.9,65.1,60.6,62.4,58.0,55.6,55.0,51.9,47.8,44.1,39.9,37.8,39.3,37.1,37.9,37.4,36.3,35.6,33.1,33.9,32.8,31.7,28.8,27.3,24.4,23.2,23.6,23.8
22:39:17.954,91.3,49.2,72.7,76.8,75.4,74.1,77.9,74.7,70.0,70.2,67.6,65.3,61.9,61.4,60.2,57.8,53.9,52.9,50.3,43.9,40.3,38.7,38.0,38.3,37.2,37.1,36.9,36.1,34.7,33.1,33.6,33.1,32.3,29.5,27.9,24.9,23.2,23.6,23.6
22:39:18.954,89.1,48.8,73.9,79.1,79.2,74.0,76.1,75.4,71.8,68.5,67.1,67.0,64.2,59.1,59.5,59.3,54.2,48.8,48.0,44.1,38.4,37.3,37.3,38.1,36.1,36.5,36.3,35.9,34.8,31.8,32.1,32.5,31.9,29.3,27.0,24.5,23.2,23.6,23.8
22:39:19.954,89.5,49.9,76.1,76.6,74.1,72.8,74.5,69.3,66.5,69.3,65.9,66.8,63.8,60.0,58.8,57.0,53.5,50.2,46.2,41.3,39.6,38.0,37.6,36.4,35.8,36.6,35.7,35.7,34.8,32.1,32.7,32.1,31.4,31.2,26.8,25.0,23.4,23.8,23.9
22:39:20.954,88.7,48.0,72.5,78.8,77.6,75.3,72.6,71.7,72.2,68.6,64.1,65.0,61.6,60.8,60.5,56.3,50.6,50.4,48.0,43.1,39.0,38.1,37.3,38.1,35.6,35.1,35.3,34.7,33.9,31.1,31.2,30.3,29.3,26.9,25.3,23.7,23.0,23.7,23.9
22:39:21.954,89.3,48.7,74.5,80.2,79.6,73.6,73.8,71.4,68.2,69.1,68.3,68.7,66.3,61.3,60.2,57.2,52.7,49.9,49.9,44.4,39.0,38.7,37.9,36.4,33.5,33.4,33.1,33.2,33.5,31.4,31.0,30.2,29.3,26.5,25.2,23.3,23.0,23.8,23.8
22:39:22.954,89.6,48.1,74.0,80.3,78.8,78.1,78.0,75.6,69.3,72.4,68.1,68.8,66.7,64.6,61.0,57.6,52.1,49.0,49.1,46.1,41.0,38.4,38.3,36.8,33.8,32.5,33.6,34.1,33.7,31.8,31.7,31.4,30.4,27.6,26.6,24.1,23.2,23.6,23.8
22:39:23.954,89.0,48.4,74.8,73.7,71.3,68.2,74.4,75.3,71.0,65.4,70.1,65.4,66.2,62.4,55.9,57.4,50.7,50.4,47.2,44.8,39.9,37.7,36.1,36.4,33.4,33.4,32.7,34.1,33.4,31.1,30.9,30.6,29.9,27.8,25.8,23.9,23.0,23.4,23.7
22:39:24.954,89.1,48.2,73.1,82.4,82.5,76.4,76.7,75.6,65.5,64.6,64.3,65.8,65.6,63.1,58.5,57.8,51.2,50.0,48.3,44.1,38.9,37.0,37.4,37.7,35.0,33.4,32.7,34.5,34.2,32.1,32.5,33.3,32.7,31.7,27.0,25.2,23.2,23.6,23.7
22:39:25.954,89.0,51.8,75.4,76.4,73.4,72.8,70.7,68.1,65.8,70.0,68.2,64.3,61.6,62.8,61.4,56.2,55.1,52.9,50.1,45.2,40.2,38.8,38.3,38.6,36.6,34.4,34.9,35.6,34.7,32.4,33.0,33.3,33.1,30.1,27.7,24.6,23.2,23.5,23.7
22:39:26.954,89.1,51.7,74.6,74.7,74.1,72.3,73.1,73.0,71.9,70.9,69.6,66.2,64.4,62.4,63.2,59.5,58.6,57.0,53.7,48.1,45.7,43.2,39.2,37.8,36.1,35.5,34.2,35.7,35.0,32.2,32.2,30.8,30.4,27.6,26.5,24.2,23.0,23.6,23.8
22:39:27.954,88.6,52.6,75.5,74.7,75.2,77.9,75.5,74.5,72.8,71.1,72.0,70.0,67.3,64.1,62.4,60.3,59.4,58.6,55.5,53.1,50.8,46.9,41.2,39.0,36.2,34.9,34.4,35.6,34.5,31.3,31.8,30.8,30.1,27.2,25.4,23.5,22.9,23.5,23.9
22:39:28.954,86.1,50.0,72.7,74.3,73.1,68.2,70.2,71.2,71.8,67.7,67.5,66.8,64.7,62.2,60.2,56.5,55.8,53.8,51.0,47.5,43.7,40.6,38.2,37.9,35.3,34.6,34.4,35.4,34.6,31.3,31.5,30.0,29.1,26.6,25.7,23.7,23.3,23.6,23.7
22:39:29.954,84.5,49.1,73.5,74.8,78.0,76.4,67.1,70.5,69.6,69.3,68.2,67.3,64.9,63.2,60.5,57.0,55.8,53.0,49.4,46.7,43.6,39.2,37.4,37.2,34.9,34.2,34.0,35.6,34.4,30.9,31.2,31.0,31.4,28.7,27.4,24.8,23.3,23.6,23.8
22:39:30.954,88.9,50.3,76.3,74.6,77.3,75.9,70.8,72.2,71.4,69.8,65.6,68.3,65.4,64.0,61.6,56.5,53.3,49.8,47.2,43.3,38.8,38.2,37.5,37.4,35.4,34.4,34.1,35.6,35.0,32.1,32.4,32.3,31.5,28.6,27.6,25.1,23.3,23.5,23.7
22:39:31.954,86.1,48.8,73.0,68.5,75.0,77.8,74.8,72.3,69.4,68.5,66.1,65.1,65.1,61.6,58.8,56.6,52.3,49.9,48.4,44.3,37.9,37.1,37.1,38.4,35.7,35.2,34.7,35.6,34.7,32.9,32.9,32.5,31.4,28.8,28.0,25.1,23.4,23.6,23.8
22:39:32.954,84.8,48.5,73.1,72.7,70.7,71.1,73.3,70.0,70.4,65.2,67.7,66.2,62.5,61.2,59.5,54.7,52.9,50.7,47.6,42.7,38.4,36.7,38.0,37.5,35.9,35.3,35.2,35.0,33.7,31.6,31.7,31.2,30.1,27.9,27.0,24.4,23.2,23.8,23.8
22:39:33.954,85.4,48.0,72.9,75.1,73.3,72.9,72.3,76.6,68.1,66.3,69.7,68.1,63.6,59.9,59.9,56.4,55.1,50.7,47.8,44.1,38.3,35.8,37.8,37.4,35.9,34.5,33.6,33.5,33.4,31.3,31.6,31.2,29.9,26.4,25.5,23.8,23.1,23.5,23.7
22:39:34.954,86.3,47.1,73.0,76.8,76.1,72.0,74.4,73.9,72.4,69.4,67.0,64.1,63.6,59.7,58.0,53.1,53.3,49.7,46.5,42.2,37.8,37.8,36.1,35.9,34.2,33.3,32.9,33.1,32.8,29.9,30.2,29.2,28.1,25.9,24.8,23.3,23.2,23.6,23.7
22:39:35.954,85.8,47.3,73.2,73.3,74.6,74.2,76.0,71.6,67.6,71.5,67.5,68.2,64.5,61.9,60.1,56.7,53.6,50.2,47.1,43.7,39.7,36.3,36.4,35.9,34.4,33.0,31.9,32.6,32.1,29.9,29.8,28.9,28.7,26.4,25.0,23.5,23.2,23.8,23.7
22:39:36.954,86.7,45.8,72.0,68.5,73.8,72.7,73.8,70.8,67.7,68.7,63.5,64.1,60.9,58.1,55.0,51.9,47.6,47.8,44.7,39.4,36.1,34.8,35.0,35.2,33.1,33.1,32.0,32.6,31.6,29.7,29.4,28.6,27.8,25.2,24.6,23.4,23.0,23.6,23.6
22:39:37.954,86.7,46.6,72.8,73.2,71.0,76.7,76.0,71.2,68.7,69.3,66.8,68.2,62.2,60.9,57.8,54.3,51.3,50.3,48.0,41.8,36.6,35.6,35.3,35.0,33.3,32.8,32.4,32.7,32.2,29.8,29.9,28.3,27.1,25.2,24.6,23.2,23.1,23.6,23.7
22:39:38.954,85.7,46.5,73.0,77.1,75.7,73.6,74.1,71.2,68.9,69.3,68.0,65.6,63.7,61.6,57.9,52.4,51.2,48.9,47.6,43.2,38.1,35.7,35.7,35.7,33.5,33.2,31.6,32.0,31.4,30.0,29.8,28.9,29.2,26.5,25.3,23.5,23.1,23.6,23.6
22:39:39.954,84.8,45.7,71.8,74.0,74.4,74.9,70.9,72.2,69.3,68.8,62.1,64.8,59.5,57.6,54.5,49.4,48.7,46.2,44.7,41.8,37.2,35.1,34.8,34.9,33.3,32.2,30.9,32.6,31.9,30.6,30.7,29.8,30.4,28.4,27.7,25.2,23.4,23.6,23.7
22:39:40.954,86.4,46.2,72.0,79.0,75.7,75.0,73.5,70.3,70.7,67.7,65.5,64.7,62.2,58.7,52.8,52.9,49.6,48.0,44.7,41.8,39.6,35.9,35.3,35.5,33.0,32.2,31.5,31.6,31.2,29.8,29.8,29.2,28.9,27.0,25.4,23.7,23.2,23.5,23.7
22:39:41.954,83.3,47.6,72.0,73.1,69.7,71.6,72.8,70.0,70.9,65.2,64.5,62.2,60.5,57.3,53.3,50.7,49.9,48.6,47.0,42.4,36.9,36.1,36.8,35.4,34.5,35.2,35.1,34.3,34.6,32.4,32.7,33.2,32.3,30.1,28.9,25.6,23.3,23.6,23.7
22:39:42.954,86.5,47.6,71.9,71.2,67.7,67.3,70.2,67.5,68.2,61.8,65.9,65.1,60.6,56.9,55.3,52.6,50.8,50.2,48.5,44.1,38.6,36.8,36.6,36.8,35.2,34.7,34.2,33.6,32.5,30.9,31.2,31.1,30.5,27.8,27.2,24.7,22.9,23.5,23.7
22:39:43.954,85.6,47.1,70.8,72.9,75.6,73.6,68.1,69.3,68.3,67.9,65.9,67.1,61.6,60.7,57.7,55.6,51.7,48.1,48.8,42.6,37.2,36.5,36.3,35.6,34.1,34.0,33.4,33.5,31.8,30.5,30.5,30.2,29.4,26.5,25.7,23.6,23.1,23.5,23.8
22:39:44.954,82.9,46.9,71.7,73.9,75.5,74.9,72.3,70.3,70.0,68.7,65.9,64.7,61.9,60.2,55.4,54.4,51.0,48.1,44.9,39.5,36.0,34.7,35.8,36.4,34.6,34.4,33.8,33.7,32.4,30.7,30.8,30.7,30.6,27.7,27.0,24.3,23.2,23.6,23.8
22:39:45.954,84.6,47.1,70.9,76.0,77.1,74.4,73.5,68.1,71.0,68.6,67.3,61.6,62.1,58.9,55.0,53.7,52.4,49.5,45.4,40.2,35.1,34.8,35.8,36.4,35.4,35.1,34.3,35.1,34.1,32.2,32.6,32.8,32.5,29.3,28.5,25.5,23.5,23.6,23.6
22:39:46.954,82.6,46.3,67.6,74.5,72.7,68.7,68.6,65.0,64.8,62.0,61.8,56.8,59.2,56.5,53.7,49.6,47.4,48.1,44.5,39.4,33.5,34.9,36.1,37.6,35.7,34.7,33.9,34.6,33.8,31.6,32.2,31.8,31.4,28.0,26.4,24.3,23.1,23.5,23.8
22:39:47.954,86.9,46.9,71.8,74.9,76.2,76.3,72.4,71.9,73.2,69.5,64.2,63.8,61.5,59.4,54.5,51.9,51.2,49.3,46.6,42.2,36.6,35.0,36.4,37.4,35.4,35.1,34.7,34.9,34.3,31.8,31.9,31.2,30.4,27.3,26.8,24.3,24.1,23.5,23.7
22:39:48.954,87.6,45.9,69.8,76.9,78.3,74.0,67.0,68.4,64.8,63.4,63.4,59.6,54.9,55.5,52.9,51.4,49.6,48.4,44.9,39.1,35.0,34.2,36.0,35.9,34.7,32.5,33.0,34.5,33.7,30.4,30.6,29.5,28.5,26.4,25.1,23.3,23.1,23.4,23.7
22:39:49.954,86.6,46.6,70.9,74.3,75.3,74.0,71.1,66.8,65.2,64.9,65.3,62.7,57.6,57.5,56.3,53.0,49.6,48.9,46.8,43.8,37.5,35.4,36.4,36.3,34.6,33.2,32.6,33.9,32.3,29.6,29.4,28.8,27.9,25.8,24.6,23.2,22.9,23.4,23.6
22:39:50.954,86.4,46.1,72.2,74.6,71.3,71.1,70.7,69.5,67.9,66.6,65.6,62.8,61.6,57.5,56.2,50.3,48.9,45.8,45.5,40.7,34.8,34.5,35.4,34.9,33.0,32.4,32.2,33.0,32.8,30.0,29.7,28.0,27.6,25.3,24.6,23.4,22.9,23.6,23.8
22:39:51.954,84.4,45.9,71.5,74.7,73.7,75.7,70.9,68.6,67.9,68.4,63.9,63.4,60.1,57.5,55.5,52.2,48.5,45.9,43.2,39.8,34.8,35.1,34.4,35.2,32.5,32.4,32.1,32.9,33.0,30.7,30.5,30.1,29.7,26.5,25.3,23.6,23.2,23.7,23.8
22:39:52.954,83.2,45.8,68.7,75.6,71.7,67.0,64.9,66.0,63.3,61.0,62.3,63.2,58.3,55.5,53.9,51.4,49.6,47.5,43.7,36.4,32.6,33.6,34.5,35.6,34.0,33.3,32.2,33.0,33.2,31.6,33.0,33.0,32.3,29.0,28.0,25.1,23.4,23.6,23.7
22:39:53.954,84.4,46.0,70.1,73.8,76.3,73.6,71.3,69.0,66.9,67.6,62.8,64.4,62.3,61.2,57.4,53.7,49.5,47.5,44.1,40.3,35.3,35.7,34.7,36.1,33.5,33.2,32.6,32.6,32.5,30.3,30.5,30.7,29.4,27.0,26.0,24.1,23.1,23.6,23.8
22:39:54.954,84.3,46.5,70.4,76.9,74.3,69.0,67.9,65.3,65.1,65.2,64.5,63.2,61.1,58.5,54.3,52.1,49.8,49.4,45.2,40.6,35.6,34.3,34.6,34.7,33.9,33.8,33.2,34.9,34.0,30.5,30.1,29.2,29.0,26.7,25.5,23.7,23.0,23.6,23.9
22:39:55.954,83.9,46.4,68.7,71.3,70.1,69.2,69.1,65.6,68.8,64.0,59.4,60.1,60.5,58.2,55.4,48.8,49.4,46.9,44.6,40.0,34.1,33.8,34.9,35.5,34.2,34.7,35.4,35.8,35.2,31.9,31.0,30.3,29.6,26.7,25.6,23.8,23.2,23.7,23.7
22:39:56.954,84.4,46.1,69.2,69.9,70.4,70.6,70.9,66.7,68.4,68.1,63.9,61.8,59.6,57.9,55.2,51.6,46.0,47.2,44.8,41.7,35.8,36.2,35.0,34.3,34.1,33.3,33.9,35.2,34.1,31.7,31.7,30.5,30.1,27.2,25.5,23.5,22.8,23.5,23.8
22:39:57.954,85.8,45.8,70.0,75.8,75.3,72.5,68.2,70.1,67.4,66.5,63.3,60.2,58.9,57.5,52.8,51.9,50.1,47.6,45.8,40.3,35.3,34.2,35.1,34.8,33.7,31.8,32.5,34.1,33.1,30.2,30.6,29.7,28.9,26.3,24.7,23.3,22.9,23.6,23.7
22:39:58.954,87.1,45.8,70.2,77.5,74.8,73.4,70.9,69.2,69.7,68.2,66.6,64.0,60.3,59.8,53.2,52.1,51.3,47.7,46.4,42.5,35.4,35.0,35.6,35.2,33.7,32.5,32.5,34.0,32.9,29.6,30.0,29.8,28.7,26.5,25.4,23.5,22.9,23.7,23.8
22:39:59.954,83.8,46.7,69.9,71.8,74.2,73.8,67.6,66.3,65.5,67.0,62.3,60.9,59.6,57.8,54.2,53.3,50.5,47.1,46.0,41.2,34.7,34.4,35.9,36.1,34.3,33.1,32.7,33.7,33.3,31.0,32.1,31.6,31.8,29.4,27.4,24.6,23.1,23.7,23.8
22:40:00.954,86.7,47.7,68.0,71.9,66.7,65.1,66.9,65.6,65.6,62.9,60.0,61.2,57.1,58.7,54.6,51.7,50.1,50.7,47.1,43.1,37.1,36.3,37.1,37.6,36.7,35.8,34.2,35.4,34.1,32.1,32.8,33.4,34.0,30.8,29.1,25.6,23.5,23.7,23.7
22:40:01.954,86.9,48.4,70.9,76.1,77.6,71.2,67.7,71.1,70.0,64.1,62.7,62.1,61.4,60.7,58.5,55.4,52.4,51.4,48.5,44.5,39.0,36.2,37.0,37.3,35.4,35.1,34.2,35.5,35.0,31.9,32.0,32.6,32.7,29.7,28.0,24.5,23.2,23.6,23.8
22:40:02.954,85.6,46.9,67.4,72.8,72.2,68.1,67.5,65.5,63.1,61.4,60.1,59.9,55.0,55.3,53.6,51.0,49.5,47.2,45.6,40.2,34.6,36.9,36.8,37.6,36.2,34.7,33.7,34.4,33.6,31.4,32.3,32.7,32.7,29.6,27.6,25.0,23.4,23.6,23.7
22:40:03.954,82.9,45.4,66.3,70.0,68.6,65.4,62.0,64.7,64.1,59.7,58.3,56.8,56.9,51.0,50.8,49.9,47.8,46.3,43.2,37.6,33.9,33.0,34.0,35.8,34.4,32.8,32.8,33.9,33.1,31.5,31.4,31.4,30.9,27.7,26.3,24.3,23.0,23.5,23.7
22:40:04.954,85.2,45.5,70.8,75.1,75.7,75.9,73.6,72.4,70.9,66.3,64.9,64.3,60.8,58.6,55.1,52.2,49.8,46.4,43.8,40.2,34.6,35.5,35.5,35.5,33.5,32.7,32.3,33.4,33.2,30.8,31.6,30.6,29.8,27.5,26.0,24.2,23.3,23.6,23.8
22:40:05.954,82.7,44.6,68.3,65.6,66.3,71.0,72.1,61.6,66.1,62.5,63.1,57.3,56.8,53.1,51.3,50.0,48.0,43.7,41.7,36.4,32.8,33.1,34.0,35.3,33.0,32.2,31.7,33.1,32.5,30.2,30.8,29.6,29.3,26.4,25.1,23.5,23.0,23.6,23.8
22:40:06.954,87.2,45.9,70.8,75.4,71.8,72.8,72.0,70.2,70.1,67.7,63.1,63.5,58.6,58.3,56.3,53.5,49.5,47.8,42.5,39.3,36.2,36.3,34.8,34.7,32.4,32.0,32.2,34.0,34.1,31.4,31.3,30.5,30.1,27.5,26.2,23.7,23.0,23.6,23.7
22:40:07.954,87.1,45.5,67.9,77.5,73.9,73.6,71.9,65.5,66.9,62.9,58.4,62.0,59.7,52.4,53.1,52.3,49.3,48.1,44.9,39.5,34.3,34.8,34.6,34.5,32.9,32.8,32.5,32.9,33.4,31.0,31.2,30.6,29.3,26.6,25.0,23.4,23.0,23.6,23.7
22:40:08.954,85.9,47.3,72.1,74.3,76.5,76.8,71.3,68.1,69.8,66.0,65.0,63.0,60.8,58.1,54.6,52.0,50.7,49.8,46.2,41.6,36.0,33.6,34.8,35.0,33.8,33.4,33.5,34.3,34.2,32.0,31.6,30.5,29.8,27.2,26.2,23.8,23.0,23.6,23.7
22:40:09.954,87.5,46.7,68.7,72.7,74.5,72.0,67.4,63.4,65.9,60.9,64.1,62.7,58.5,57.4,56.8,51.7,52.2,49.4,45.1,42.6,35.9,34.9,35.6,36.2,35.0,33.9,33.5,33.9,33.9,31.4,31.4,30.8,30.8,28.3,26.8,24.3,23.2,23.7,23.9
22:40:10.954,86.1,46.8,70.9,76.2,75.3,70.2,70.5,66.6,66.7,64.9,65.1,64.1,62.5,58.0,55.9,54.2,48.9,49.3,44.8,39.6,35.6,35.8,36.3,36.5,34.6,33.5,33.8,34.7,34.4,31.7,31.3,30.5,29.5,27.0,25.7,23.6,22.9,23.6,23.8
22:40:11.954,84.2,46.8,71.1,74.1,74.1,68.4,73.4,68.1,69.5,64.8,62.6,62.8,59.3,57.2,55.8,52.6,49.6,48.5,45.2,40.1,34.6,34.4,35.5,35.4,34.2,33.5,33.9,35.0,34.7,32.5,32.0,31.1,29.7,26.7,25.3,23.4,23.0,23.6,23.8
22:40:12.954,84.4,47.3,70.1,74.3,75.6,74.4,71.8,67.5,66.5,67.0,66.1,64.0,61.5,58.3,55.3,53.3,51.5,48.2,45.6,42.2,36.0,35.5,37.4,37.4,34.8,34.8,33.9,34.7,34.5,32.4,32.3,31.7,30.6,27.9,25.9,24.0,23.0,23.6,23.7
22:40:13.954,84.7,47.4,69.8,74.4,69.7,73.2,72.0,67.8,60.9,66.6,64.9,58.5,57.1,54.1,53.6,54.0,50.2,50.9,46.4,42.3,36.5,36.3,37.5,36.5,35.5,34.7,33.9,35.0,34.8,32.1,32.2,31.3,30.5,28.2,26.1,24.0,23.0,23.5,23.9
22:40:14.954,87.4,47.5,70.6,74.0,72.0,71.8,71.0,69.2,68.8,68.0,65.5,62.5,62.9,57.5,56.8,55.9,53.6,50.5,48.7,43.1,38.9,35.1,36.8,36.7,35.1,33.7,33.4,34.3,33.8,31.1,31.4,30.4,29.8,27.0,26.2,23.9,23.3,23.6,23.9
22:40:15.954,86.0,46.5,70.0,69.1,70.3,68.8,69.6,67.4,67.2,63.8,59.2,61.3,55.4,52.9,51.2,51.7,48.3,46.4,44.3,39.7,33.7,34.3,35.2,35.8,34.5,33.2,33.1,34.4,34.0,31.3,31.0,30.3,29.1,26.6,25.3,23.7,23.0,23.6,23.7
22:40:16.954,85.0,46.2,68.4,74.9,74.2,70.1,68.5,67.6,63.9,64.6,60.8,59.6,56.1,53.4,52.7,52.7,48.6,47.0,44.9,37.9,32.9,33.7,35.1,35.7,34.3,32.7,32.7,34.9,34.4,31.9,32.6,31.1,30.5,27.9,26.7,24.2,23.0,23.8,23.8
22:40:17.954,83.9,46.7,66.9,66.1,69.5,70.0,68.6,66.6,65.0,63.7,60.2,58.9,57.5,55.6,53.9,51.8,51.6,48.4,46.0,41.2,34.9,35.0,35.3,36.5,35.4,34.1,34.2,34.7,34.6,32.7,32.7,31.6,30.3,28.3,27.7,24.9,23.2,23.7,23.8
22:40:18.954,85.4,47.7,70.0,70.2,70.0,69.6,66.5,65.2,64.8,64.4,61.8,59.9,59.8,57.0,54.4,54.0,51.8,49.2,45.5,41.6,35.4,35.5,37.1,36.7,35.0,35.3,33.9,34.6,33.8,31.6,32.0,31.6,31.4,28.8,27.6,24.8,23.3,23.6,23.8
22:40:19.954,86.9,47.1,67.8,70.8,71.9,73.2,70.8,67.4,67.4,65.1,59.7,57.1,57.1,59.0,58.0,55.0,49.7,47.8,45.2,41.9,34.8,35.3,36.7,36.7,37.2,36.8,35.6,34.7,34.0,31.3,32.5,32.4,31.6,28.1,27.2,24.3,23.3,23.7,23.7
22:40:20.954,85.7,47.6,71.4,73.7,76.5,74.1,72.8,70.6,70.7,68.2,66.2,64.5,63.4,62.3,60.2,56.2,52.3,50.2,46.2,40.7,38.1,36.6,36.8,36.7,35.2,34.5,34.5,34.5,34.2,31.7,31.6,31.7,30.8,28.2,27.3,24.4,23.3,23.6,23.8
