AMBIENT,NaN,41.9,NaN,40.9,40.5,40.8,51.8,46.0,45.3,47.9,49.1,47.0,49.6,47.0,48.6,46.3,48.0,39.4,41.0,43.1,38.9,37.5,35.1,32.7,28.8,27.5,27.1,27.6,28.5,29.4,30.4,31.5,32.5,33.7,36.8,36.0,37.1,38.2,39.8
22:35:48.000,NaN,40.7,NaN,37.8,40.8,42.6,52.7,48.3,43.7,47.6,48.1,47.7,48.3,48.5,47.0,49.8,45.3,44.3,39.7,38.8,37.2,33.4,36.9,31.5,29.3,26.6,26.6,27.3,28.0,29.4,30.5,31.5,32.5,33.6,34.8,36.0,37.0,38.1,39.9
22:35:49.000,NaN,40.9,NaN,39.3,41.4,41.1,51.1,47.5,40.4,50.0,49.9,46.7,51.0,49.4,49.6,49.6,47.6,46.2,38.6,39.8,38.4,31.9,33.6,30.1,27.6,26.8,27.5,27.7,28.5,29.3,30.4,31.3,32.5,33.5,34.8,35.8,37.0,38.2,39.8
22:35:50.000,NaN,41.2,NaN,40.0,43.0,42.6,50.2,45.3,45.6,46.8,48.9,48.7,48.7,49.4,51.3,50.3,47.9,47.0,39.5,38.6,37.1,33.4,34.5,27.6,26.5,26.1,26.9,27.1,28.4,29.3,30.6,31.3,32.4,33.6,34.8,36.0,37.1,38.1,39.8
22:35:51.000,NaN,42.4,NaN,44.2,40.7,41.5,49.7,48.2,46.3,46.9,49.2,47.4,48.8,47.8,50.7,48.4,52.0,48.8,40.5,41.6,39.6,33.2,35.0,29.5,26.6,26.6,27.1,27.5,28.1,29.3,30.1,31.2,32.5,33.4,34.7,36.0,37.0,38.3,39.7
22:35:52.000,NaN,43.0,NaN,42.6,39.5,41.0,52.5,49.4,44.6,48.3,49.3,45.9,48.7,46.9,50.5,45.4,51.8,47.6,41.7,43.2,40.9,37.4,37.9,29.7,28.1,27.5,27.4,27.7,28.4,29.9,30.7,31.4,32.4,33.5,34.7,36.0,37.0,38.1,39.8
22:35:53.000,NaN,42.8,NaN,35.9,38.1,43.8,51.8,48.3,44.2,48.5,46.5,46.7,48.8,50.1,51.3,40.8,50.2,46.9,41.8,43.0,42.1,37.6,37.9,31.3,28.0,26.2,26.9,27.7,28.4,29.4,30.6,31.3,32.2,33.6,34.8,36.0,37.1,38.0,39.6
22:35:54.000,NaN,42.3,NaN,39.0,38.3,41.4,53.3,50.3,45.4,45.7,46.2,46.6,50.3,49.2,50.1,41.2,51.0,46.2,41.1,43.0,41.0,35.7,35.9,29.8,26.3,26.2,26.7,27.2,28.6,29.1,30.1,31.2,32.4,33.7,34.6,35.9,37.0,38.1,39.7
22:35:55.000,NaN,41.9,NaN,45.1,41.8,44.3,53.2,47.4,47.5,45.6,45.1,48.1,50.1,46.0,53.2,42.3,52.0,47.6,39.1,42.0,38.9,31.4,35.6,31.3,27.3,26.6,26.1,27.1,28.4,29.3,30.4,31.5,32.6,33.6,34.8,35.9,36.9,38.1,39.7
22:35:56.000,NaN,45.1,NaN,39.5,38.6,44.3,51.6,47.8,46.7,47.9,46.3,49.1,51.7,47.6,52.6,40.1,51.1,45.7,38.2,41.2,38.5,34.8,36.2,31.5,28.8,26.9,26.6,27.0,27.9,29.3,30.6,31.5,32.6,34.8,43.6,36.1,37.2,38.2,39.7
22:35:57.000,NaN,42.8,NaN,38.6,40.4,35.7,48.4,45.3,46.7,46.2,46.5,45.2,49.8,45.6,52.4,39.9,52.1,45.5,40.4,41.5,39.8,37.4,39.1,34.2,28.2,26.2,26.9,27.4,27.9,28.9,30.4,31.5,32.5,33.6,34.8,35.8,36.9,38.3,39.6
22:35:58.000,NaN,41.9,NaN,41.3,37.4,43.2,47.6,47.3,44.7,43.2,49.0,48.2,47.6,47.0,52.0,41.1,52.8,45.5,40.8,41.0,37.6,34.4,35.4,31.6,27.1,27.2,26.8,27.0,28.6,29.2,30.3,31.5,32.4,33.6,34.8,35.9,36.9,38.1,39.7
22:35:59.000,NaN,44.4,NaN,38.8,33.9,43.8,51.2,48.2,45.1,48.6,52.7,46.1,49.3,49.3,52.0,40.8,53.4,45.9,40.2,41.1,38.1,34.8,35.5,29.8,27.9,27.5,26.8,27.6,28.3,29.1,30.2,31.1,32.3,34.7,42.4,36.0,36.8,38.3,39.8
22:36:00.000,NaN,42.1,NaN,42.2,38.5,44.3,48.5,43.2,45.2,47.2,50.4,47.7,47.4,47.5,51.7,41.0,51.7,44.7,39.7,42.1,38.7,35.6,37.4,30.8,29.3,27.4,26.8,27.7,28.6,29.1,30.2,31.5,32.3,33.5,34.9,36.0,37.0,37.9,39.7
22:36:01.000,NaN,44.5,NaN,41.2,42.4,42.0,50.0,46.5,44.5,49.2,45.6,48.3,50.2,46.0,51.4,40.7,51.8,45.8,37.5,42.9,39.7,35.7,36.1,31.6,28.0,27.4,27.0,27.2,28.1,29.3,30.4,31.3,32.5,34.9,42.3,36.1,37.0,38.4,39.6
22:36:02.000,NaN,41.3,NaN,36.5,38.1,42.0,49.6,45.1,44.0,48.7,47.0,45.9,49.6,47.5,52.3,42.6,51.6,43.8,38.7,42.4,38.7,34.1,35.1,31.2,28.9,27.2,27.0,27.0,28.2,29.4,30.3,31.6,32.5,33.6,34.8,35.8,37.0,38.0,39.6
22:36:03.000,NaN,45.2,NaN,39.7,40.2,41.7,49.5,44.4,44.7,49.6,50.1,48.6,51.5,45.7,51.9,41.6,51.8,45.0,38.6,41.6,38.0,35.0,38.7,33.2,29.7,27.1,27.6,26.8,28.5,29.0,30.0,31.3,32.3,35.1,43.1,35.9,37.1,38.3,39.8
22:36:04.000,NaN,41.7,NaN,40.9,37.4,43.4,46.5,46.3,46.9,49.1,47.7,48.2,48.6,43.6,52.0,42.9,51.5,44.2,36.0,42.0,38.3,35.4,36.4,30.5,26.9,26.1,26.9,27.5,27.9,29.3,30.0,31.4,32.3,33.4,34.8,36.1,37.1,38.1,39.8
22:36:05.000,NaN,41.9,NaN,42.5,41.4,44.3,47.3,46.6,47.8,45.4,47.4,49.4,51.0,46.8,52.1,41.2,52.1,45.4,37.3,42.0,39.5,34.3,37.0,31.3,27.3,26.6,26.7,27.1,28.4,29.3,30.3,31.2,32.8,33.2,34.7,35.9,37.0,38.1,39.8
22:36:06.000,NaN,43.0,NaN,44.0,46.3,47.6,50.8,47.1,50.0,45.3,45.8,46.3,49.9,48.0,49.7,41.5,52.3,45.2,39.3,42.5,38.7,38.0,38.6,33.7,28.6,27.4,27.3,27.4,28.3,29.6,30.4,31.5,32.5,33.4,34.7,35.8,37.1,38.1,39.6
22:36:07.000,NaN,44.4,NaN,51.1,50.5,49.2,56.5,50.7,46.6,49.4,47.5,48.0,50.1,46.3,49.6,39.6,52.5,45.9,40.1,44.9,41.7,39.7,39.9,32.7,29.6,28.7,28.6,28.2,29.4,29.4,30.6,31.4,32.3,33.5,34.8,35.8,37.0,38.1,39.8
22:36:08.000,NaN,45.6,NaN,52.8,50.1,47.7,53.8,49.9,45.9,49.1,51.3,49.3,49.1,46.6,49.5,40.0,52.3,46.0,39.8,46.6,42.7,39.2,41.1,34.3,32.0,30.0,28.1,27.5,28.4,29.3,30.4,31.3,32.3,33.8,40.6,35.8,37.0,38.2,39.8
22:36:09.000,NaN,44.5,NaN,54.2,54.0,52.9,55.6,50.9,51.9,50.8,53.3,49.9,52.8,50.7,50.4,44.6,52.4,45.6,39.0,44.3,40.9,40.3,41.7,36.3,31.1,29.8,28.2,27.3,28.4,29.3,30.4,31.4,32.3,33.7,34.7,35.9,37.0,38.1,39.7
22:36:10.000,NaN,44.1,NaN,54.2,50.4,54.9,54.3,51.4,56.5,56.5,54.0,50.9,50.5,50.1,49.6,46.6,53.0,46.1,39.7,43.6,40.6,38.1,41.1,35.1,29.6,28.7,27.7,27.9,28.4,29.0,30.2,31.5,32.1,33.4,34.6,35.9,36.9,38.1,39.7
22:36:11.000,NaN,43.7,NaN,48.7,55.5,58.4,59.2,58.1,64.2,61.6,53.1,57.5,54.5,52.7,51.2,46.9,52.3,46.4,39.3,45.3,42.2,36.0,36.8,32.3,29.5,27.4,27.1,27.7,28.1,29.2,30.0,31.6,32.6,33.5,34.7,35.6,37.0,38.2,39.7
22:36:12.000,NaN,43.6,NaN,51.7,56.5,61.2,63.5,62.9,65.9,62.9,57.9,59.4,57.7,56.3,52.6,48.2,52.8,47.4,40.0,44.3,40.9,37.7,37.8,31.4,27.8,26.7,26.5,27.4,28.5,29.2,30.1,31.2,32.3,33.5,34.6,36.0,37.1,38.1,39.7
22:36:13.000,NaN,44.6,NaN,56.9,64.6,66.9,60.8,64.5,64.4,62.9,62.8,56.2,56.0,53.6,54.3,49.6,51.4,46.8,40.7,43.6,39.9,37.7,40.3,35.0,30.5,29.2,27.9,27.3,28.3,29.7,30.3,31.4,32.5,34.0,36.8,36.0,36.9,37.9,39.7
22:36:14.000,NaN,44.2,NaN,66.6,63.7,68.0,64.8,66.8,66.9,63.2,60.9,60.3,59.5,55.5,54.9,48.8,52.0,45.1,42.0,42.0,37.6,37.0,38.2,32.5,27.8,26.8,26.9,27.7,28.0,29.2,30.0,31.6,32.3,34.0,39.7,36.0,37.0,38.0,39.7
22:36:15.000,NaN,44.4,NaN,59.5,66.6,70.7,65.9,65.2,69.8,64.6,60.0,58.2,57.1,56.6,53.0,49.7,52.7,46.8,40.9,41.4,36.5,33.4,33.8,31.6,28.7,29.5,27.2,27.9,28.1,29.1,30.0,31.2,32.1,34.5,41.3,35.8,37.0,38.3,39.8
22:36:16.000,NaN,43.3,NaN,55.9,71.2,68.2,60.3,69.7,64.3,67.3,61.8,60.1,58.6,58.5,54.6,49.8,53.2,46.2,41.8,40.2,34.7,34.1,34.1,33.1,29.8,29.1,27.5,27.4,28.4,29.3,30.3,31.1,32.3,33.5,34.7,35.9,36.9,38.1,39.7
22:36:17.000,NaN,43.5,NaN,61.0,68.6,65.4,64.2,68.2,67.4,63.8,61.9,59.8,60.8,57.2,56.3,51.8,53.5,47.0,41.3,38.8,34.5,34.5,35.1,33.5,29.2,27.6,27.0,27.5,28.2,28.8,30.0,31.2,32.0,33.8,34.9,35.8,37.0,38.0,39.8
22:36:18.000,NaN,45.4,NaN,67.5,67.7,67.4,65.1,67.4,65.6,66.7,65.5,61.5,62.3,57.9,54.7,52.6,53.6,47.2,43.6,41.6,35.9,33.7,34.7,31.6,29.8,28.7,28.1,27.2,28.0,29.1,30.0,31.6,32.2,33.6,34.7,35.9,37.1,38.1,39.8
22:36:19.000,NaN,49.2,NaN,67.5,68.8,69.7,64.5,65.8,69.6,69.8,65.1,67.8,67.4,62.0,58.9,59.0,56.2,51.8,48.4,45.0,39.4,34.8,36.7,33.4,30.6,29.1,28.5,27.8,28.5,29.4,30.3,31.2,32.4,34.1,40.7,35.9,37.0,38.3,39.6
22:36:20.000,NaN,50.4,NaN,63.6,65.3,68.3,66.5,71.3,70.7,72.2,65.3,68.1,67.7,66.9,61.8,61.4,59.2,54.0,49.5,47.0,40.9,36.2,37.8,34.3,29.9,28.6,28.1,27.7,28.2,29.0,30.2,31.4,32.3,33.5,34.8,36.0,37.0,38.1,39.7
22:36:21.000,NaN,52.6,NaN,69.5,66.2,70.2,67.1,73.1,74.0,72.7,70.9,69.2,68.8,69.8,64.9,64.3,59.6,57.1,53.6,49.4,42.4,37.3,36.3,32.4,27.0,27.2,27.0,27.4,28.4,28.9,30.3,31.2,32.5,34.3,40.8,35.8,36.9,38.1,39.8
22:36:22.000,NaN,52.5,NaN,62.7,70.5,70.2,66.9,74.0,76.5,70.2,69.1,66.6,71.1,70.3,65.4,62.5,61.5,56.5,52.8,49.0,42.4,37.0,36.1,31.1,26.7,27.9,26.8,27.1,28.2,29.5,30.1,31.2,32.4,33.6,34.8,35.8,37.2,38.1,39.7
22:36:23.000,NaN,53.9,NaN,64.1,70.8,72.5,71.8,73.2,75.1,70.7,74.6,71.7,70.0,69.6,66.8,62.6,63.7,58.6,55.3,47.8,43.5,36.4,37.0,33.6,31.1,28.4,26.9,27.4,28.2,29.3,30.2,31.2,32.3,33.7,34.8,35.8,36.9,38.2,39.6
22:36:24.000,NaN,53.6,NaN,62.4,68.6,74.0,74.1,70.9,71.5,72.7,73.6,75.2,73.8,70.5,68.1,66.7,62.9,58.9,53.8,48.4,42.0,37.5,40.2,35.9,31.3,28.8,27.3,27.5,28.5,29.6,30.3,31.4,32.4,33.5,34.8,35.8,37.0,38.1,39.8
22:36:25.000,NaN,51.8,NaN,63.5,73.6,75.9,72.8,71.2,77.3,74.0,71.1,71.2,71.6,66.8,65.2,63.7,60.7,57.4,52.8,48.8,42.4,39.3,42.7,36.0,33.2,30.6,28.0,27.7,28.5,29.1,30.2,31.3,32.3,33.5,34.8,35.9,37.0,38.0,39.7
22:36:26.000,NaN,52.8,NaN,63.8,71.7,73.7,73.6,69.3,71.6,72.6,67.2,71.4,70.6,66.2,63.4,62.5,61.5,57.5,54.3,49.6,44.8,40.9,43.0,39.5,37.5,32.7,29.5,29.1,29.9,30.0,30.3,31.2,32.3,33.5,34.9,35.9,36.9,38.1,39.8
22:36:27.000,NaN,51.7,NaN,67.5,69.3,75.3,78.3,74.3,69.9,65.7,68.2,69.7,67.6,66.3,63.6,61.0,59.7,56.7,52.5,48.5,45.1,40.7,43.2,40.5,38.5,34.4,29.8,28.7,29.1,29.2,30.4,31.1,32.3,33.7,35.2,36.0,37.0,38.0,39.8
22:36:28.000,NaN,52.7,NaN,70.9,70.4,74.1,75.1,71.1,71.0,72.4,66.0,71.7,68.3,66.6,65.0,62.5,61.5,56.9,54.1,50.2,46.0,39.0,40.6,40.7,35.2,32.6,28.5,28.1,28.8,29.4,30.2,31.4,32.4,33.7,37.1,35.8,37.1,38.2,39.8
22:36:29.000,NaN,52.3,NaN,67.6,65.9,69.7,75.9,73.5,74.9,76.1,74.2,71.1,68.7,66.8,65.1,62.8,60.9,58.9,53.2,49.3,43.9,38.6,36.4,37.6,33.9,30.0,28.5,28.2,28.4,29.1,30.4,31.2,32.0,33.5,34.8,36.0,37.0,38.1,39.7
22:36:30.000,NaN,52.6,NaN,65.8,70.2,78.4,75.4,75.2,74.8,76.0,74.2,70.6,70.0,66.1,65.5,63.3,60.3,57.5,53.5,50.3,44.7,36.0,32.8,32.4,29.4,26.2,27.4,27.5,28.1,29.3,30.3,31.0,32.5,33.4,36.5,36.1,37.2,38.0,39.7
22:36:31.000,NaN,51.3,NaN,68.4,75.9,81.1,77.1,71.5,76.5,76.7,74.4,73.1,71.6,69.3,64.2,62.1,60.5,57.5,52.6,48.7,44.8,36.9,35.1,30.8,27.5,26.8,27.4,27.7,28.1,29.6,30.2,31.4,32.6,33.3,34.7,35.8,37.0,38.2,39.6
22:36:32.000,NaN,52.3,NaN,73.1,75.0,82.0,77.2,73.6,74.1,73.4,67.0,70.9,67.9,67.2,65.4,61.0,60.5,55.4,54.6,49.9,46.2,39.2,36.1,35.1,30.1,29.6,28.2,28.4,29.5,29.5,30.6,31.4,32.3,33.6,34.8,36.0,37.0,38.0,39.8
22:36:33.000,NaN,53.7,NaN,75.6,75.7,75.0,77.2,77.7,72.0,72.0,68.7,72.9,70.9,69.8,64.9,60.6,60.2,57.8,55.2,51.6,47.2,41.1,36.6,35.6,32.8,31.0,30.1,29.3,29.0,29.4,30.5,31.3,32.3,33.8,34.7,35.7,37.0,38.1,39.8
22:36:34.000,NaN,54.3,NaN,72.2,74.4,77.4,78.8,76.3,68.0,71.0,71.8,71.7,74.6,67.1,66.2,63.4,61.7,61.4,55.2,51.1,45.7,42.1,40.5,34.7,30.7,27.1,26.8,27.4,28.3,29.5,29.8,31.2,32.3,33.6,36.6,35.8,37.1,38.1,39.7
22:36:35.000,NaN,54.8,NaN,71.8,78.2,80.6,80.4,74.4,68.5,74.7,71.8,72.8,74.7,67.6,66.9,65.0,62.3,58.9,56.5,52.1,47.1,40.8,38.7,35.7,30.6,27.7,27.7,27.5,28.3,29.2,30.2,31.3,32.5,33.6,34.8,35.9,37.0,38.1,39.7
22:36:36.000,NaN,57.0,NaN,69.9,80.1,82.2,77.2,74.3,77.8,74.7,74.9,72.2,74.6,71.3,67.3,67.0,64.6,62.7,59.4,53.2,48.4,39.1,39.7,32.4,27.3,26.7,27.5,27.3,28.4,29.1,30.2,31.3,32.4,33.6,36.1,35.8,37.0,38.2,39.9
22:36:37.000,NaN,61.3,NaN,71.7,75.4,78.7,83.0,79.9,80.8,80.2,77.1,72.7,76.2,73.6,70.1,69.7,67.9,66.6,61.4,56.2,52.5,44.8,40.5,32.5,28.6,26.6,26.7,27.5,28.1,28.9,30.2,31.3,32.4,33.7,36.1,35.8,37.1,38.1,39.8
22:36:38.000,NaN,60.7,NaN,80.6,74.7,80.1,84.0,81.3,84.0,80.7,83.2,79.7,79.1,77.0,73.3,70.6,68.6,67.7,65.5,60.5,53.7,47.7,42.6,35.9,29.0,27.0,26.4,27.3,28.2,29.3,30.5,31.1,32.5,33.4,34.9,35.9,37.2,37.9,39.7
22:36:39.000,NaN,62.6,NaN,80.5,75.3,78.1,83.1,82.4,85.0,82.6,87.0,78.2,78.1,74.5,72.3,70.8,69.8,70.6,64.9,59.3,55.0,48.8,42.1,34.7,30.6,27.3,26.5,27.3,28.5,29.3,30.3,31.6,32.1,33.7,34.8,36.1,37.1,38.1,39.7
22:36:40.000,NaN,63.6,NaN,76.5,76.6,82.3,84.2,89.5,89.1,86.9,89.5,83.1,84.1,76.2,71.1,71.9,70.3,67.9,64.7,59.7,54.2,47.7,40.9,35.6,30.3,27.9,27.9,28.0,28.3,29.5,30.3,31.6,32.5,33.8,37.4,36.0,36.9,38.2,39.7
22:36:41.000,NaN,62.9,NaN,80.1,77.8,82.5,85.8,88.8,90.7,87.6,86.9,82.4,80.9,78.4,75.7,72.4,70.5,68.4,69.6,62.7,55.0,46.2,38.9,33.7,28.9,27.4,27.3,27.5,28.2,29.4,30.3,31.5,32.5,33.7,34.7,36.0,37.0,38.1,39.7
22:36:42.000,NaN,66.9,NaN,80.6,82.6,85.1,90.6,87.0,90.6,88.5,85.1,83.4,81.2,79.7,78.3,76.0,72.0,72.0,66.5,63.7,61.8,54.0,46.3,40.0,32.8,28.1,26.4,27.3,28.6,29.5,30.3,31.3,32.4,33.6,34.7,35.9,37.0,38.0,39.8
22:36:43.000,NaN,69.7,NaN,84.0,82.8,91.3,97.3,93.8,90.2,90.4,89.9,84.8,84.4,81.6,80.4,78.9,74.5,73.1,72.1,66.7,63.8,58.9,50.6,45.3,38.4,31.2,27.8,27.9,28.9,29.6,30.3,31.5,32.5,33.9,37.3,35.9,36.8,38.2,39.8
22:36:44.000,NaN,71.7,NaN,83.5,89.5,89.2,93.0,94.1,94.9,95.9,92.4,88.1,88.3,83.3,78.9,79.0,77.2,77.3,74.9,72.1,65.4,60.2,52.8,45.7,40.7,36.5,29.4,28.4,29.1,29.7,30.2,31.4,32.5,33.6,34.9,35.9,37.1,38.1,39.8
22:36:45.000,NaN,69.8,NaN,88.4,92.2,95.1,94.8,98.4,97.2,98.4,96.4,92.0,92.8,90.1,83.8,80.6,74.8,71.0,71.6,67.4,60.3,53.3,46.8,40.5,35.2,29.1,26.9,27.7,28.4,29.7,30.3,31.4,32.5,33.7,34.7,35.9,37.1,38.1,39.7
22:36:46.000,NaN,64.5,NaN,87.8,89.0,96.0,92.4,97.1,91.6,98.7,95.8,95.3,87.4,80.8,75.6,75.8,70.8,68.3,68.3,63.9,60.2,50.4,42.6,36.5,29.1,27.0,26.8,27.6,28.5,29.0,30.1,31.2,32.3,33.6,34.9,36.0,37.0,38.1,39.8
22:36:47.000,NaN,60.3,NaN,88.2,89.5,93.3,92.8,91.0,91.1,91.7,91.1,87.3,81.9,78.2,78.9,69.0,67.8,66.2,60.0,58.7,52.4,44.7,43.7,39.3,31.3,28.7,27.3,27.7,28.4,29.1,30.5,31.2,32.4,33.6,34.8,35.9,37.0,38.0,39.8
22:36:48.000,NaN,63.7,NaN,89.6,88.8,90.4,92.4,88.8,91.1,91.3,86.3,81.0,81.5,79.1,73.3,74.5,66.9,66.4,64.8,59.7,53.4,47.8,44.6,41.0,34.5,31.4,29.8,29.2,29.3,29.7,30.3,31.4,32.4,33.7,34.7,36.0,37.2,38.1,39.9
22:36:49.000,NaN,66.6,NaN,93.7,93.9,87.0,92.1,87.4,88.3,93.2,83.2,83.3,87.0,80.1,74.4,77.3,73.5,72.6,68.9,61.7,59.8,53.3,47.3,43.1,37.6,31.3,29.0,28.3,28.7,29.0,30.3,31.3,32.4,33.3,34.8,36.0,37.1,37.9,39.8
22:36:50.000,NaN,66.2,NaN,88.1,91.1,88.1,90.8,89.7,92.0,91.2,88.3,87.0,84.5,79.2,79.6,74.8,71.5,69.0,66.1,62.2,55.1,46.4,42.8,38.0,32.7,30.2,29.1,27.6,28.7,29.5,30.3,31.3,32.4,33.5,34.8,36.0,37.1,38.1,39.7
22:36:51.000,NaN,63.5,NaN,77.3,87.7,88.5,93.6,95.6,92.0,95.1,90.3,87.2,83.6,80.3,77.8,79.3,75.6,67.3,62.6,57.1,52.2,45.8,44.1,38.6,34.7,31.6,30.7,28.4,29.1,29.3,30.1,31.6,32.4,33.8,34.8,35.9,37.0,38.0,39.8
22:36:52.000,NaN,66.6,NaN,87.0,84.7,91.3,95.8,94.5,91.8,89.1,90.6,86.7,85.8,82.8,79.0,76.4,71.9,66.0,64.4,57.4,51.3,47.6,47.2,39.7,33.9,31.2,30.2,28.0,28.4,29.8,30.7,31.4,32.4,33.5,34.9,35.9,37.1,38.0,39.8
22:36:53.000,NaN,66.7,NaN,90.3,93.0,89.9,93.8,90.8,92.2,93.0,91.4,88.6,85.3,84.1,80.4,79.3,75.7,68.9,62.4,59.6,53.7,46.6,44.7,38.5,33.3,30.6,27.9,27.9,28.1,29.5,30.5,31.3,32.3,33.6,34.7,36.0,37.0,37.9,39.7
22:36:54.000,NaN,66.1,NaN,80.5,86.5,90.8,90.4,86.3,91.8,94.4,92.1,86.1,84.4,83.7,83.4,76.9,76.4,72.6,66.2,62.3,53.0,48.9,42.6,38.8,31.4,27.8,27.7,27.9,28.8,29.7,30.4,31.6,32.4,33.6,34.8,35.9,37.0,38.0,39.6
22:36:55.000,NaN,62.3,NaN,87.3,91.4,94.3,96.3,91.5,90.0,95.2,93.7,84.7,78.6,76.2,77.5,76.7,72.8,67.8,65.4,58.5,52.9,47.5,42.5,37.2,33.1,28.4,27.7,28.0,28.7,29.7,30.4,31.1,32.4,33.6,34.7,36.1,37.0,38.1,39.7
22:36:56.000,NaN,58.6,NaN,88.6,95.0,91.0,91.4,91.4,88.5,91.3,87.9,77.4,75.9,73.5,73.8,70.3,61.9,60.1,55.7,53.8,46.8,40.3,40.1,34.4,30.9,28.9,28.3,27.8,28.3,29.2,30.1,31.5,32.4,34.0,35.9,35.8,37.1,38.1,39.8
22:36:57.000,NaN,60.0,NaN,87.7,91.2,88.7,95.4,94.8,89.3,87.1,85.6,77.0,80.0,75.7,76.8,68.3,68.2,60.5,56.4,50.1,45.6,41.0,40.1,35.5,31.1,27.4,27.2,27.8,28.8,29.2,30.4,31.3,32.4,33.6,36.3,35.9,37.1,38.1,39.7
22:36:58.000,NaN,65.6,NaN,88.9,88.7,93.3,92.9,88.5,91.4,89.2,84.9,84.5,80.5,77.7,76.3,72.9,71.7,65.7,59.0,53.8,47.5,41.5,42.2,36.2,32.1,31.9,30.2,28.0,29.0,29.5,30.1,31.3,32.6,33.5,34.7,36.0,37.0,38.0,39.9
22:36:59.000,NaN,61.2,NaN,87.4,90.9,92.3,89.4,95.5,91.5,89.2,87.0,89.0,87.2,83.6,80.2,74.8,71.3,67.4,62.2,55.8,49.4,43.3,42.8,37.4,31.3,29.7,28.0,28.0,28.4,29.5,30.2,31.4,32.2,33.7,34.6,36.0,37.0,38.0,39.7
22:37:00.000,NaN,60.3,NaN,86.8,89.6,93.7,96.3,95.2,88.5,93.6,84.7,84.7,79.4,75.0,73.0,71.8,69.8,65.8,60.8,54.6,49.6,41.1,35.7,33.1,29.0,28.1,28.4,27.8,28.4,29.6,30.1,31.2,32.2,33.5,34.9,35.8,37.0,38.1,39.8
22:37:01.000,NaN,58.5,NaN,91.3,86.1,95.7,92.7,93.6,87.5,87.0,87.1,81.9,78.4,71.5,76.0,72.3,65.0,59.0,55.1,49.9,44.5,37.0,35.3,32.5,30.2,28.4,27.7,27.3,28.6,29.4,30.5,31.3,32.2,33.6,34.8,35.9,37.0,38.0,39.6
22:37:02.000,NaN,60.9,NaN,91.1,89.5,95.1,94.7,91.0,88.6,86.6,83.4,79.9,77.8,76.4,74.3,73.2,69.5,64.0,58.8,51.0,43.7,39.6,38.5,35.7,31.2,28.8,28.9,28.0,28.7,29.5,30.6,31.4,32.5,33.7,34.8,35.7,37.2,38.2,39.7
22:37:03.000,NaN,58.5,NaN,93.4,96.5,93.1,90.1,92.3,86.4,84.6,78.5,78.4,81.5,79.5,75.7,69.7,67.2,61.5,55.7,50.9,45.0,38.9,39.0,36.0,32.5,31.8,29.9,28.5,28.8,29.0,30.4,31.2,32.5,33.7,34.9,36.0,37.1,38.1,39.9
22:37:04.000,NaN,60.7,NaN,88.8,96.3,90.8,89.2,91.9,80.5,81.9,81.9,77.5,81.4,79.5,71.1,68.6,67.2,63.3,61.1,56.3,49.8,41.8,39.5,35.5,29.0,27.6,27.8,28.3,28.8,29.3,30.2,31.2,32.7,33.5,34.9,36.1,37.0,38.1,39.7
22:37:05.000,NaN,63.8,NaN,99.0,92.7,89.6,86.4,88.3,85.9,85.5,82.7,80.3,82.3,78.8,77.5,75.6,72.2,68.9,61.0,52.3,46.6,41.2,39.7,36.5,30.6,27.2,28.2,27.9,28.7,29.5,30.5,31.4,32.5,33.6,35.0,36.2,37.0,38.0,39.8
22:37:06.000,NaN,65.6,NaN,93.3,90.9,91.5,90.5,92.1,86.6,86.5,83.0,82.7,83.0,79.9,79.9,75.5,74.4,69.7,64.8,58.3,46.3,38.5,36.4,32.4,28.3,28.1,28.5,28.5,29.1,29.6,30.7,31.3,32.3,33.8,34.8,36.0,37.1,38.1,39.7
22:37:07.000,NaN,63.7,NaN,83.5,96.3,89.5,89.7,87.8,82.9,86.3,84.4,82.6,85.3,83.2,80.1,77.1,72.6,68.6,62.2,56.4,48.2,41.4,38.0,32.4,29.7,27.8,28.8,28.6,28.8,29.2,30.4,31.2,32.4,33.6,35.1,35.9,37.1,37.9,39.8
22:37:08.000,NaN,58.7,NaN,89.2,94.1,88.2,93.1,88.0,88.3,92.3,87.6,85.9,84.5,81.0,75.1,69.1,67.2,65.8,60.3,52.3,45.6,40.1,39.0,36.8,33.8,29.4,28.5,27.9,28.3,29.0,30.2,31.5,32.5,33.6,35.0,35.8,37.1,38.1,39.8
22:37:09.000,NaN,57.9,NaN,89.7,93.8,93.8,89.2,88.2,88.3,87.1,87.6,82.4,81.0,75.9,70.9,65.8,63.0,59.7,54.0,45.5,43.4,39.0,39.7,36.1,32.9,28.4,27.8,27.5,28.5,29.4,30.3,31.4,32.1,33.5,34.9,36.0,37.0,38.1,39.8
22:37:10.000,NaN,58.3,NaN,90.8,91.3,88.8,89.0,90.3,87.8,84.3,82.4,82.1,79.8,76.1,73.9,66.1,65.1,58.8,55.3,49.6,47.2,41.1,37.5,33.5,29.7,28.4,28.2,28.2,29.2,30.3,30.4,31.2,32.2,33.5,34.9,36.1,37.0,38.1,39.7
22:37:11.000,NaN,56.3,NaN,91.0,94.9,94.9,90.4,88.6,86.8,90.6,83.1,81.7,79.0,77.3,70.6,66.5,63.9,58.0,53.2,47.1,43.2,36.7,34.6,32.4,30.3,28.8,28.1,28.8,29.4,29.8,30.5,31.7,32.4,33.8,34.8,36.1,37.0,38.0,39.7
22:37:12.000,NaN,60.1,NaN,93.3,94.9,96.4,88.8,91.6,89.9,85.3,81.4,80.3,76.8,77.5,71.6,69.8,65.7,63.5,58.0,50.7,43.9,37.5,36.2,34.7,33.5,34.3,31.4,28.9,28.7,29.3,30.1,31.2,32.3,33.7,34.9,35.8,37.0,38.1,39.7
22:37:13.000,NaN,62.8,NaN,90.8,93.0,94.8,84.8,89.5,86.1,89.0,81.7,82.8,81.9,80.9,77.5,70.2,68.7,68.3,63.2,58.1,51.3,44.6,37.6,37.3,33.1,32.2,31.2,30.7,30.1,30.0,30.3,31.6,32.2,33.7,34.8,36.0,37.1,38.1,39.8
22:37:14.000,NaN,60.3,NaN,87.3,94.5,95.0,89.3,88.5,92.1,86.2,85.3,82.6,79.9,77.2,74.8,71.1,66.9,67.0,63.6,58.7,51.8,45.0,38.1,38.2,34.6,30.2,29.9,29.7,29.7,29.8,30.3,31.4,32.4,33.8,34.8,36.1,37.0,38.0,39.7
22:37:15.000,NaN,60.8,NaN,94.2,95.7,91.4,93.0,90.9,89.6,86.2,84.6,83.9,82.7,78.6,74.9,69.1,64.5,63.3,58.2,53.1,47.8,42.9,42.0,41.4,37.5,29.4,29.1,28.3,28.6,30.2,30.5,31.5,32.3,33.4,34.8,35.9,37.1,38.1,39.9
22:37:16.000,NaN,60.3,NaN,90.7,89.0,95.2,90.3,89.2,90.0,89.3,87.5,84.6,85.0,79.3,73.2,69.2,66.0,63.2,57.2,50.3,46.3,41.8,44.1,43.1,36.9,32.0,30.3,28.9,28.9,30.0,30.4,31.5,32.6,33.6,34.7,35.9,37.2,38.1,39.9
22:37:17.000,NaN,64.2,NaN,87.1,92.7,92.9,82.4,93.1,89.9,87.7,85.5,84.8,81.8,79.3,78.5,71.6,71.1,65.5,60.0,54.3,48.7,43.3,43.5,40.7,35.1,30.1,28.8,27.9,28.7,29.9,30.4,31.4,32.5,33.9,38.5,35.9,37.1,38.1,39.8
22:37:18.000,NaN,64.4,NaN,88.8,91.8,95.5,93.8,92.5,90.4,92.4,87.6,86.7,85.5,83.4,80.3,76.5,74.0,68.2,59.2,53.7,47.9,43.0,43.2,36.7,31.0,27.6,27.9,27.8,28.3,29.5,30.3,31.5,32.5,33.4,34.9,35.9,37.0,38.0,39.7
22:37:19.000,NaN,62.2,NaN,94.1,95.3,90.5,91.9,86.8,91.7,89.2,88.0,87.7,83.6,81.3,77.6,74.3,69.7,61.2,61.4,57.7,53.1,47.1,44.2,38.3,30.7,27.8,28.0,27.8,28.3,29.2,30.2,31.2,32.4,33.3,34.8,35.8,37.1,38.0,39.7
22:37:20.000,NaN,59.4,NaN,91.9,90.6,94.5,88.4,91.9,89.8,88.0,86.9,85.8,83.7,80.9,73.0,66.8,65.5,63.7,60.7,57.8,52.3,45.6,40.4,37.0,29.5,27.3,27.0,27.7,28.6,29.4,30.2,31.2,32.3,33.5,34.7,36.0,37.2,38.0,39.7
22:37:21.000,NaN,58.7,NaN,94.4,84.8,94.2,91.9,92.3,91.8,88.8,85.7,81.6,78.0,75.8,69.2,68.7,64.7,62.3,57.6,54.9,46.1,41.6,38.8,38.2,30.6,27.1,27.6,27.7,28.9,29.9,30.2,31.2,32.4,33.7,35.2,35.8,37.1,38.0,39.8
22:37:22.000,NaN,59.9,NaN,96.6,97.1,90.8,92.1,91.3,91.0,88.7,85.7,83.2,80.4,74.1,73.2,70.0,67.3,65.7,59.8,56.4,50.3,44.3,39.9,36.9,31.2,27.4,27.7,27.6,29.0,30.0,30.5,31.3,32.1,33.6,34.8,35.9,37.0,38.1,39.7
22:37:23.000,NaN,61.1,NaN,95.5,91.8,94.3,93.5,89.7,89.7,90.2,84.2,85.2,80.9,78.8,74.6,72.4,64.9,61.3,56.5,53.4,48.0,43.7,40.0,35.2,30.3,27.7,26.8,27.4,28.6,30.0,30.4,31.8,32.4,33.7,34.9,36.1,37.0,38.0,39.6
22:37:24.000,NaN,61.9,NaN,92.1,93.4,92.1,87.9,90.6,90.7,89.6,87.1,85.0,81.7,78.7,75.5,71.7,69.2,66.0,62.5,58.5,50.7,45.5,41.2,36.1,30.0,27.7,27.3,27.6,28.4,29.5,30.2,31.2,32.5,33.5,34.7,36.1,37.1,38.0,39.8
22:37:25.000,NaN,63.0,NaN,90.8,91.3,92.2,88.6,91.0,85.8,87.3,85.2,84.6,82.1,81.1,76.5,74.2,69.8,67.3,63.3,56.9,51.0,45.2,39.9,35.4,30.2,26.9,26.7,27.7,28.3,29.0,29.9,31.2,32.5,33.5,34.6,36.0,36.9,38.1,39.8
22:37:26.000,NaN,59.4,NaN,88.7,89.5,94.2,91.1,85.3,89.0,87.7,83.4,83.9,81.5,77.6,77.1,71.2,66.9,63.7,57.4,54.4,46.2,43.9,39.0,31.4,27.8,26.8,26.8,27.5,28.6,29.2,30.3,31.4,32.6,33.8,34.7,35.9,36.9,38.0,39.7
22:37:27.000,NaN,57.7,NaN,90.6,90.7,93.2,92.2,87.7,88.9,87.9,84.9,83.3,81.1,76.6,72.1,67.1,67.5,62.4,54.6,54.7,46.5,42.1,36.0,30.2,27.8,27.1,27.6,27.6,28.2,29.7,30.2,31.2,32.3,33.6,34.6,35.9,37.1,37.9,39.7
22:37:28.000,NaN,55.2,NaN,84.2,90.7,94.2,90.8,90.1,89.0,89.3,85.2,81.5,77.9,72.5,70.0,66.3,62.8,56.1,53.8,50.4,44.1,40.1,33.8,29.5,26.8,26.5,26.8,27.9,28.4,30.0,30.1,31.2,32.1,33.5,34.8,35.9,37.1,38.1,39.6
22:37:29.000,NaN,54.3,NaN,91.8,93.1,89.9,90.6,89.5,87.6,86.9,81.0,81.2,73.4,73.1,69.3,62.5,59.5,57.2,50.6,48.7,41.6,36.1,31.6,28.6,26.3,26.1,26.7,27.0,28.4,29.1,30.1,31.4,32.5,33.5,34.6,35.9,37.0,38.0,39.6
22:37:30.000,NaN,54.9,NaN,89.2,84.8,89.2,87.3,87.0,87.1,82.6,79.7,81.4,74.6,71.2,70.9,63.8,57.1,56.1,52.3,49.2,44.6,36.8,31.8,28.4,26.7,25.5,27.2,27.6,28.5,29.3,30.2,31.4,32.4,33.6,36.8,35.9,37.2,38.2,39.7
22:37:31.000,NaN,56.9,NaN,96.3,88.4,93.4,89.0,85.1,82.8,84.9,80.5,78.5,76.6,73.4,71.9,68.3,62.2,57.8,53.4,50.5,44.6,40.4,35.6,30.1,26.6,26.1,26.9,27.5,28.2,29.3,30.1,31.6,32.3,33.5,34.8,36.0,36.9,37.9,39.8
22:37:32.000,NaN,58.8,NaN,91.4,94.5,88.7,91.1,87.0,85.8,86.3,80.1,77.5,77.8,73.2,72.2,68.3,64.4,63.1,56.5,51.2,42.9,40.4,34.9,31.0,26.9,26.6,27.0,27.5,28.5,29.1,30.5,31.4,32.4,33.7,35.6,35.9,36.9,38.1,39.8
22:37:33.000,NaN,60.5,NaN,91.6,94.0,87.7,90.1,85.9,84.5,83.6,78.1,81.9,78.0,76.1,73.6,73.3,68.6,65.0,61.2,55.7,48.2,42.2,39.5,33.9,27.5,25.9,26.8,27.5,28.4,29.4,30.2,31.4,32.4,33.7,36.5,35.9,36.9,38.2,39.7
22:37:34.000,NaN,61.7,NaN,87.0,91.1,90.0,83.8,81.6,87.1,85.4,79.5,79.9,79.5,76.4,75.0,70.2,70.1,68.3,63.1,59.1,51.9,44.0,40.2,32.2,27.3,26.5,26.6,27.8,28.4,29.8,30.2,31.1,32.7,33.7,34.7,35.9,36.9,38.0,39.8
22:37:35.000,NaN,57.6,NaN,92.5,89.4,87.2,87.0,85.0,83.4,84.2,81.8,82.5,79.6,77.3,73.6,70.3,63.8,60.1,53.8,50.0,46.0,39.5,33.5,29.6,26.8,26.0,26.3,27.4,28.5,29.9,30.4,31.3,32.3,33.5,34.8,35.8,37.1,38.1,39.7
22:37:36.000,NaN,55.8,NaN,92.9,94.5,86.9,89.6,86.1,85.5,88.3,82.3,77.9,79.3,75.1,71.1,65.1,61.0,56.3,54.7,51.7,47.9,40.8,36.1,30.3,26.9,25.6,26.3,27.1,28.5,29.8,30.2,31.4,32.6,33.9,37.4,35.9,37.1,38.2,39.6
22:37:37.000,NaN,56.5,NaN,86.4,88.7,92.2,87.2,87.5,85.5,84.9,80.5,80.5,76.1,74.2,66.3,66.2,65.1,60.3,57.1,52.8,46.9,39.6,34.6,29.8,27.4,25.8,26.4,27.3,28.1,29.2,30.2,31.1,32.5,33.5,34.8,36.0,36.9,38.0,39.8
22:37:38.000,NaN,56.5,NaN,91.9,91.0,87.3,89.6,86.9,84.6,84.3,81.7,80.8,76.2,71.1,68.5,66.8,65.5,60.0,58.3,51.8,47.4,42.1,37.6,31.5,27.9,26.6,25.9,27.4,28.3,29.0,30.1,31.4,32.5,33.6,34.8,36.1,37.2,38.0,39.8
22:37:39.000,NaN,56.5,NaN,92.7,90.4,88.6,88.2,84.7,84.7,84.1,80.7,78.7,75.9,73.0,69.2,66.0,62.8,59.9,58.4,53.8,50.3,45.2,40.8,34.2,30.0,26.8,26.6,27.3,28.3,29.4,30.3,31.2,32.5,34.0,35.7,36.0,37.0,38.1,39.7
22:37:40.000,NaN,56.3,NaN,87.8,87.5,86.2,87.4,83.7,83.7,85.3,81.9,80.0,75.7,71.9,70.5,64.6,61.2,60.7,57.7,55.3,49.6,43.6,39.0,33.8,29.4,27.9,27.0,27.1,28.3,29.7,30.5,31.3,32.3,33.7,34.6,36.0,37.2,38.0,39.8
22:37:41.000,NaN,54.9,NaN,87.9,87.7,88.8,88.8,87.9,84.2,83.1,80.2,78.5,74.9,72.2,68.2,63.7,62.5,59.6,57.4,53.3,49.5,41.8,35.7,30.9,26.4,26.3,27.0,27.3,28.3,30.3,30.3,31.4,32.3,33.7,35.9,35.9,36.9,38.1,39.7
22:37:42.000,NaN,53.7,NaN,89.9,93.8,88.5,88.2,86.5,82.1,82.8,79.5,76.0,70.6,69.9,69.4,64.2,62.4,54.0,53.2,49.5,47.1,40.9,35.0,31.6,27.9,26.3,26.7,27.2,28.3,30.5,30.3,31.3,32.5,33.6,34.7,36.0,36.9,38.1,39.8
22:37:43.000,NaN,56.0,NaN,90.0,87.1,86.5,84.6,85.0,84.8,83.6,78.0,74.1,73.8,73.2,68.5,66.0,65.3,59.7,54.4,49.8,46.9,37.9,33.2,29.5,26.7,26.3,26.1,27.6,27.9,29.1,30.3,31.6,32.5,33.8,37.9,35.9,37.0,38.1,39.7
22:37:44.000,NaN,55.2,NaN,93.8,88.3,91.1,83.8,82.3,82.1,82.8,79.5,75.3,74.6,71.6,68.9,66.5,63.5,59.6,55.4,49.7,44.5,38.7,36.0,29.9,26.9,26.0,26.3,27.5,28.1,29.1,30.2,31.2,32.3,33.6,34.8,35.8,37.1,38.1,39.8
22:37:45.000,NaN,53.3,NaN,91.0,89.3,84.2,87.8,80.5,84.1,82.9,81.6,77.4,74.1,70.1,65.9,63.3,60.6,55.9,50.6,49.2,44.7,40.7,35.4,30.5,27.5,26.4,26.8,27.4,28.1,29.0,30.0,31.6,32.4,33.8,37.9,36.1,37.1,38.1,39.7
22:37:46.000,NaN,56.1,NaN,88.9,87.8,87.3,84.3,85.4,84.2,82.5,80.8,76.4,73.3,67.2,68.6,68.5,64.2,56.4,54.3,52.1,46.5,41.0,37.7,32.8,27.7,26.9,26.5,27.6,27.8,28.9,30.5,31.3,32.3,33.5,34.9,36.0,37.1,38.0,39.8
22:37:47.000,NaN,54.9,NaN,87.6,89.4,87.1,82.4,84.1,81.1,82.5,81.0,75.8,71.1,70.7,69.4,66.9,65.4,59.3,55.3,50.8,45.4,39.5,33.7,31.5,27.0,26.0,26.6,27.1,28.1,29.2,30.3,31.6,32.5,33.9,37.3,35.9,36.9,38.0,39.7
22:37:48.000,NaN,53.1,NaN,83.2,90.2,85.5,83.9,82.2,81.9,81.3,78.4,73.0,71.6,70.9,67.1,64.0,62.0,59.7,55.5,50.5,42.0,37.4,32.3,28.6,26.7,26.1,26.5,27.5,28.6,29.4,30.4,31.3,32.5,33.8,35.5,36.0,37.0,38.0,39.8
22:37:49.000,NaN,52.3,NaN,86.7,86.8,85.2,88.9,82.5,82.2,80.6,79.8,71.9,72.4,69.5,64.8,63.9,59.6,54.4,51.0,48.8,43.7,38.2,32.1,27.9,25.9,26.2,26.8,27.2,28.3,29.7,30.5,31.6,32.3,33.7,34.7,35.9,37.0,37.9,39.8
22:37:50.000,NaN,53.3,NaN,91.1,86.4,88.3,83.3,79.1,83.0,78.8,76.9,74.3,71.7,70.3,65.7,65.6,61.4,56.1,51.6,51.0,46.1,38.4,32.4,27.8,25.7,25.9,27.1,27.4,28.4,29.3,30.2,31.0,32.3,33.8,38.8,36.0,37.0,38.2,39.7
22:37:51.000,NaN,55.5,NaN,84.1,87.3,89.4,85.0,84.5,83.9,82.6,77.4,75.1,72.1,68.9,66.1,65.2,63.9,60.4,56.2,51.1,45.9,39.3,36.5,32.0,28.1,26.0,26.5,27.6,28.7,29.3,30.2,31.4,32.5,33.5,34.8,36.0,37.1,37.9,39.7
22:37:52.000,NaN,56.8,NaN,77.1,86.0,85.2,83.5,83.1,81.8,81.2,75.7,74.2,72.5,71.0,69.5,65.5,64.6,62.1,59.0,55.7,51.4,45.4,40.4,37.3,30.6,26.2,26.5,27.3,28.1,29.0,30.0,31.2,32.2,34.0,38.8,35.9,37.1,38.2,39.7
22:37:53.000,NaN,54.1,NaN,87.0,86.0,89.7,82.4,82.1,81.1,83.5,79.3,74.1,73.2,74.1,67.6,67.0,63.1,57.8,53.9,53.1,47.4,42.3,34.7,28.7,27.1,26.1,27.3,27.6,28.2,29.3,30.1,31.6,32.4,33.8,35.7,35.8,36.9,38.2,39.8
22:37:54.000,NaN,55.5,NaN,87.2,83.9,91.7,83.8,81.8,80.0,81.6,76.6,75.4,72.7,71.1,68.1,63.6,63.2,58.8,56.2,51.1,44.9,38.5,31.7,28.5,26.0,26.1,26.3,27.5,28.1,29.5,30.4,31.2,32.1,33.6,34.8,36.0,37.1,37.9,39.8
22:37:55.000,NaN,56.2,NaN,85.7,87.1,83.7,77.2,85.7,81.6,83.7,78.4,74.3,74.3,72.6,70.8,67.1,63.5,61.1,58.6,55.1,51.5,43.3,40.4,34.7,27.4,26.0,27.0,27.1,28.3,29.7,30.1,31.4,32.4,33.8,38.1,36.0,37.0,38.0,39.8
22:37:56.000,NaN,54.8,NaN,87.0,85.4,87.0,86.8,80.2,82.9,83.5,77.8,74.9,73.0,69.5,68.2,63.9,61.3,59.5,55.2,52.0,46.1,40.9,35.2,32.3,28.0,26.1,26.4,27.1,28.3,29.7,30.2,31.2,32.7,33.7,34.8,35.8,37.0,38.0,39.7
22:37:57.000,NaN,55.2,NaN,91.6,86.6,84.5,84.9,85.1,81.3,81.8,80.0,75.8,73.0,73.0,69.1,66.7,60.9,59.0,52.9,47.7,42.1,36.8,31.9,28.6,26.3,26.7,26.6,27.5,28.2,29.1,30.3,31.0,32.5,33.7,34.5,36.0,36.8,38.0,39.7
22:37:58.000,NaN,56.5,NaN,92.2,87.1,84.1,84.6,80.7,83.5,85.2,79.7,74.2,75.6,72.4,69.1,67.0,63.5,60.2,56.7,52.0,46.7,39.0,32.3,30.1,27.4,26.0,26.7,27.7,28.4,29.3,30.2,31.2,32.5,33.5,34.7,36.0,36.9,38.1,39.7
22:37:59.000,NaN,56.6,NaN,85.1,88.8,86.2,82.4,80.7,79.8,84.2,79.7,77.7,76.4,72.8,70.0,67.6,64.3,62.0,58.3,55.4,51.3,44.1,38.1,31.6,27.0,25.9,26.7,27.4,28.4,29.2,30.2,31.1,32.4,33.6,34.9,35.8,37.0,38.1,39.7
22:38:00.000,NaN,59.4,NaN,90.7,90.6,92.4,85.6,81.2,83.2,80.6,80.3,77.6,78.2,73.1,70.3,66.5,65.6,65.4,60.0,56.7,48.8,42.0,35.0,33.2,27.2,26.1,26.6,27.2,28.3,29.4,30.3,31.2,32.3,34.0,38.6,35.7,36.8,38.2,39.8
22:38:01.000,NaN,54.9,NaN,91.0,87.1,82.7,86.0,84.6,79.5,85.1,79.3,79.2,77.8,74.3,69.4,66.8,63.8,61.5,56.6,51.6,44.8,39.9,34.7,31.0,26.7,25.7,26.6,27.6,28.7,29.4,29.6,31.5,32.4,33.5,34.8,35.9,37.0,38.1,39.8
22:38:02.000,NaN,54.8,NaN,90.3,87.6,88.1,84.1,85.6,84.0,83.1,79.8,73.6,74.0,70.4,68.0,66.3,61.7,59.8,54.3,51.8,46.9,41.5,37.7,31.6,28.7,26.0,26.5,27.0,28.6,30.5,30.3,31.3,32.4,33.4,34.5,36.0,37.0,38.0,39.8
22:38:03.000,NaN,54.9,NaN,87.4,83.9,87.4,86.8,86.9,83.0,81.6,78.6,74.4,75.4,71.3,68.4,63.7,62.1,57.0,54.3,54.2,50.4,44.3,39.4,34.1,28.6,26.1,26.8,27.5,28.5,30.7,30.5,31.5,32.5,33.9,36.2,35.8,37.0,38.2,39.7
22:38:04.000,NaN,54.2,NaN,88.4,90.0,83.6,84.0,82.0,82.1,85.2,80.7,74.1,71.3,71.3,67.4,62.7,58.5,56.7,54.3,51.3,46.7,42.0,34.7,31.1,27.9,26.5,26.7,27.8,27.9,28.8,30.4,31.2,32.3,33.5,34.7,36.1,37.0,38.1,39.8
22:38:05.000,NaN,56.5,NaN,86.9,87.9,85.7,83.0,81.7,81.0,84.1,79.5,75.4,73.9,69.0,68.1,67.2,65.5,62.4,57.9,53.2,46.7,39.8,34.0,30.7,27.5,26.4,26.5,27.3,28.3,29.2,30.2,31.5,32.5,33.5,34.8,35.8,37.1,37.9,39.7
22:38:06.000,NaN,56.0,NaN,89.8,85.5,83.8,84.1,80.5,80.1,84.4,79.3,76.9,74.3,72.9,69.5,67.3,63.8,60.7,58.5,55.6,49.6,42.5,37.8,31.8,27.3,26.4,26.6,27.5,28.4,29.2,30.1,31.4,32.4,34.2,38.2,35.8,37.0,38.1,39.8
22:38:07.000,NaN,56.1,NaN,90.7,83.1,85.0,86.5,83.3,84.8,81.3,79.8,75.2,73.6,72.1,67.2,64.3,62.9,61.7,57.6,54.5,49.3,43.7,37.1,32.8,27.9,26.1,26.8,27.2,28.0,29.6,30.1,31.3,32.1,33.6,34.7,36.2,37.0,38.0,39.8
22:38:08.000,NaN,56.5,NaN,91.5,91.3,87.0,82.8,82.4,80.1,76.8,75.2,72.6,74.4,72.4,67.9,65.7,64.2,62.6,57.8,54.9,48.6,43.5,38.2,33.9,28.9,25.9,26.4,27.6,28.5,29.8,30.2,31.2,32.6,33.9,34.8,36.0,37.0,37.9,39.7
22:38:09.000,NaN,54.1,NaN,84.8,88.8,86.8,84.4,80.9,81.3,82.3,77.1,73.9,71.8,70.5,69.5,66.2,62.9,62.4,57.3,51.7,45.7,38.5,34.9,31.7,27.6,26.1,27.0,27.1,29.0,30.5,30.3,31.2,32.5,33.5,34.9,35.9,37.2,38.0,39.7
22:38:10.000,NaN,52.5,NaN,92.4,90.4,88.3,79.5,83.2,78.7,83.3,76.4,73.7,72.2,68.1,66.9,63.9,62.0,56.2,50.9,48.2,44.9,36.4,29.7,27.7,25.8,26.1,26.5,27.3,28.6,29.4,30.1,31.2,32.3,33.4,34.8,35.8,37.0,37.9,39.6
22:38:11.000,NaN,53.8,NaN,93.8,85.2,87.5,85.0,84.0,80.3,81.3,80.3,72.2,74.0,67.8,67.7,62.5,59.3,55.8,50.9,48.1,42.6,35.9,30.3,26.5,26.3,25.9,26.3,27.4,28.6,29.4,29.9,31.3,32.2,33.9,38.5,36.0,37.0,38.0,39.6
22:38:12.000,NaN,53.5,NaN,84.0,82.7,82.0,82.0,79.9,81.2,78.7,79.2,73.9,74.4,70.2,65.5,63.5,61.0,58.6,54.5,49.7,47.3,40.8,34.9,29.6,26.3,25.9,26.6,27.6,28.4,28.9,30.3,31.3,32.3,33.8,34.7,35.9,37.0,38.0,39.7
22:38:13.000,NaN,55.2,NaN,87.0,87.7,85.3,85.3,79.6,80.9,81.1,79.0,74.0,73.8,70.4,67.4,64.3,61.3,58.8,55.8,52.3,49.0,43.7,40.3,33.4,31.1,26.6,26.6,27.5,27.8,29.4,30.3,31.4,32.3,33.6,35.0,35.9,37.1,37.9,39.8
22:38:14.000,NaN,56.7,NaN,91.4,80.7,85.1,84.4,82.1,83.5,80.4,79.6,75.6,74.0,71.9,68.8,67.9,64.9,60.0,58.5,53.4,50.2,45.4,40.3,36.8,32.3,27.3,26.5,27.2,28.2,29.1,30.3,31.1,32.5,33.5,34.8,36.0,37.0,38.1,39.7
22:38:15.000,NaN,56.4,NaN,92.4,82.5,86.4,84.4,79.5,83.2,80.0,80.3,76.3,74.2,72.8,69.2,67.2,65.1,60.6,57.1,54.1,49.8,42.0,37.2,33.1,26.9,25.3,26.5,27.0,28.4,28.9,30.4,31.3,32.6,33.5,34.7,35.9,37.1,38.0,39.7
22:38:16.000,NaN,55.0,NaN,81.1,84.6,85.2,84.8,80.6,79.7,83.3,79.1,75.8,76.6,74.5,69.1,66.7,63.8,57.6,56.1,54.5,48.4,40.8,35.8,29.9,25.8,26.3,26.6,27.2,28.6,29.3,30.5,31.3,32.3,33.5,34.7,36.0,37.0,38.0,39.7
22:38:17.000,NaN,52.3,NaN,91.8,86.8,87.3,85.8,81.6,82.8,81.0,78.6,76.0,74.5,69.1,66.1,64.1,60.1,55.8,53.9,50.9,45.6,38.8,32.5,28.6,26.5,24.7,26.1,27.5,28.1,29.4,30.4,31.7,32.5,34.0,37.7,35.8,37.0,38.0,39.6
22:38:18.000,NaN,55.1,NaN,85.5,79.9,84.2,86.2,82.9,81.7,82.1,78.6,73.9,71.7,67.2,66.9,66.0,62.1,57.7,53.5,51.0,47.0,41.6,35.6,33.2,27.6,26.1,26.9,27.2,27.9,29.6,30.3,31.3,32.2,33.6,34.7,35.9,37.0,38.0,39.8
22:38:19.000,NaN,56.7,NaN,91.5,90.5,86.7,83.3,83.3,78.0,81.0,78.7,73.6,75.4,71.2,69.2,67.8,65.8,59.3,58.0,53.9,50.3,43.6,38.3,37.2,31.9,26.7,27.0,27.6,28.3,29.2,30.3,31.5,32.5,34.1,38.7,36.0,37.1,38.1,39.6
22:38:20.000,NaN,55.4,NaN,88.4,88.0,78.4,86.9,80.5,82.2,84.4,78.7,74.4,74.9,69.0,65.9,64.7,62.5,61.1,56.9,53.1,50.3,41.9,33.6,32.8,28.2,25.7,26.9,27.4,28.1,29.3,30.0,31.5,32.3,33.4,34.8,36.1,37.1,38.0,39.9
22:38:21.000,NaN,54.3,NaN,89.4,89.8,85.8,87.2,86.4,81.4,82.2,81.4,76.1,76.0,70.4,67.0,65.8,63.8,59.4,54.0,52.4,46.4,41.0,37.2,31.0,26.9,26.2,26.9,27.3,28.0,29.5,30.1,31.2,32.2,33.6,34.7,35.9,37.0,38.0,39.8
22:38:22.000,NaN,53.5,NaN,87.7,83.5,84.0,83.9,81.3,80.2,83.2,80.5,76.0,73.3,68.4,67.6,62.3,60.7,58.6,53.3,50.2,46.3,38.3,32.0,30.1,26.7,26.3,26.1,27.3,27.9,28.9,30.2,31.1,32.2,34.0,38.4,35.9,37.0,38.3,39.7
22:38:23.000,NaN,54.8,NaN,91.1,85.4,82.7,84.6,82.8,79.9,82.5,74.1,74.2,71.3,70.4,69.0,64.9,62.8,57.8,52.8,52.1,49.2,42.7,34.6,32.2,28.3,25.9,26.2,26.9,28.1,29.5,30.1,31.2,32.6,33.5,34.8,35.8,37.1,38.1,39.9
22:38:24.000,NaN,52.4,NaN,90.1,89.6,84.7,80.9,82.2,81.8,80.3,80.4,76.6,71.8,67.1,66.5,63.3,62.4,57.2,54.9,50.6,45.9,38.3,34.6,30.7,27.4,26.2,26.5,27.7,28.3,29.4,30.1,31.3,32.4,33.7,34.7,35.9,37.0,38.1,39.7
22:38:25.000,NaN,52.8,NaN,85.6,88.0,86.7,85.9,80.7,81.5,79.8,77.1,73.5,71.9,67.0,66.1,62.7,61.1,58.0,55.0,49.6,44.7,38.0,33.9,30.8,26.1,25.4,26.7,27.3,28.0,29.2,30.5,31.4,32.3,33.8,38.8,35.9,36.9,38.1,39.7
22:38:26.000,NaN,52.8,NaN,86.6,86.1,86.0,82.8,79.8,79.1,83.3,75.7,74.0,72.6,66.5,64.5,64.4,59.8,57.0,51.3,49.2,42.8,35.7,33.0,31.2,27.9,25.6,26.3,26.9,28.0,29.5,30.5,31.3,32.2,33.7,34.8,36.0,37.0,38.1,39.8
22:38:27.000,NaN,57.3,NaN,85.1,88.1,83.8,84.1,82.6,81.3,79.6,78.3,73.6,73.3,69.6,67.7,68.0,66.7,60.6,57.6,52.4,50.3,41.9,37.6,34.9,27.8,25.5,26.8,27.8,27.9,29.2,30.3,31.4,32.3,33.9,38.7,36.0,37.1,38.2,39.6
22:38:28.000,NaN,55.0,NaN,86.2,87.2,85.2,83.2,84.7,80.0,79.1,78.6,75.6,74.1,69.6,66.4,65.8,64.5,60.0,58.2,55.2,49.4,40.4,35.0,33.8,29.0,26.2,26.4,27.2,28.5,29.4,30.2,31.5,32.5,33.8,34.7,35.9,37.1,38.0,39.8
22:38:29.000,NaN,54.8,NaN,89.1,85.6,81.1,80.0,84.2,79.3,79.2,77.3,71.4,72.1,68.9,69.2,66.0,63.3,58.7,56.8,54.7,51.6,45.2,37.8,34.4,28.0,25.5,26.3,27.2,28.4,29.1,30.4,31.4,32.5,33.7,34.8,36.0,37.1,38.0,39.7
22:38:30.000,NaN,53.5,NaN,85.7,85.7,87.0,82.4,81.3,80.4,80.1,80.4,75.3,73.4,68.3,67.0,63.1,61.5,57.0,52.3,49.9,46.0,39.0,35.3,31.7,28.1,26.3,26.6,27.6,28.5,29.1,30.5,31.3,32.4,33.5,34.8,36.0,37.0,38.0,39.7
22:38:31.000,NaN,57.1,NaN,84.6,84.4,85.0,80.6,84.9,81.2,79.7,77.6,74.7,73.6,69.0,67.1,65.5,64.4,62.7,59.9,58.0,52.3,44.2,40.5,38.4,31.1,26.3,26.6,27.5,28.4,29.4,30.4,31.4,32.4,33.6,34.5,35.7,37.0,38.2,39.8
22:38:32.000,NaN,53.2,NaN,81.4,89.2,87.3,81.9,83.9,80.4,80.6,78.9,74.6,72.6,69.8,66.0,63.1,61.5,60.1,57.6,52.8,46.7,38.7,33.8,31.0,27.3,25.8,27.0,27.6,28.4,29.3,30.4,31.2,32.4,34.2,37.4,35.8,36.9,38.1,39.8
22:38:33.000,NaN,51.8,NaN,79.3,84.5,86.0,79.4,84.3,77.1,78.6,75.9,72.6,68.9,68.0,63.6,60.6,59.6,55.3,49.0,44.6,41.5,35.3,32.8,28.8,26.8,25.7,26.4,27.6,28.5,29.1,30.2,31.1,32.5,33.6,34.7,35.9,37.0,38.0,39.7
22:38:34.000,NaN,50.3,NaN,86.3,82.6,85.0,80.4,80.1,79.4,76.8,76.6,71.9,71.5,66.7,68.7,64.0,58.3,51.8,48.4,45.8,41.3,36.2,29.9,27.0,25.8,25.5,26.2,27.3,28.1,29.4,30.0,31.2,32.3,33.4,34.8,35.9,36.9,38.1,39.8
22:38:35.000,NaN,51.7,NaN,90.2,83.0,83.2,79.4,79.3,81.1,78.7,78.7,70.1,68.1,66.7,65.7,61.4,59.2,54.4,52.0,47.2,41.7,36.3,29.7,29.5,26.0,25.6,26.1,27.3,28.6,29.1,30.4,31.5,32.4,33.5,34.7,36.0,37.1,37.9,39.8
22:38:36.000,NaN,54.3,NaN,87.6,89.6,81.9,84.5,84.3,77.2,80.3,77.3,72.8,72.2,68.4,67.0,64.5,59.6,57.8,52.7,48.3,41.3,35.5,32.6,30.9,27.3,25.8,25.8,27.5,28.1,29.1,30.0,31.6,32.3,33.6,34.8,35.9,36.9,38.1,39.6
22:38:37.000,NaN,55.7,NaN,86.7,87.6,81.5,79.5,82.3,75.5,76.4,77.7,74.7,74.9,70.9,68.5,67.1,63.8,60.9,57.3,53.6,45.9,37.9,34.0,29.8,27.3,26.6,26.9,26.7,28.1,29.2,30.3,31.5,32.6,33.7,35.0,35.8,37.0,38.1,39.7
22:38:38.000,NaN,55.1,NaN,86.8,87.4,85.8,83.2,80.5,77.2,77.4,79.5,74.8,73.6,72.1,69.9,65.7,62.2,58.0,55.3,50.0,44.0,40.0,33.2,30.3,26.5,26.1,26.1,27.1,28.2,29.7,30.2,31.3,32.6,33.6,34.7,35.8,37.1,38.0,39.7
22:38:39.000,NaN,52.9,NaN,82.0,81.9,83.7,82.4,80.6,78.3,80.5,79.3,76.0,74.4,73.0,67.7,66.1,61.9,55.8,53.9,50.8,42.3,38.4,33.7,33.9,28.2,25.9,26.4,27.6,28.0,29.2,30.0,31.1,32.4,33.6,34.6,35.6,37.1,38.1,39.6
22:38:40.000,NaN,55.7,NaN,85.6,89.2,84.4,84.1,81.0,74.4,81.2,82.2,74.2,74.3,72.2,68.0,65.1,61.8,57.8,53.5,50.0,46.0,39.0,35.9,32.5,28.4,25.8,26.3,27.0,28.2,29.3,30.4,31.4,32.5,33.6,34.8,36.0,37.0,38.1,39.8
22:38:41.000,NaN,56.0,NaN,83.5,87.0,84.2,84.5,83.3,80.2,81.5,79.9,74.3,73.7,73.0,69.7,68.1,64.8,61.6,57.0,53.7,51.3,45.3,38.8,37.8,31.9,26.9,26.3,27.4,28.8,29.2,30.1,31.1,32.2,33.6,34.9,35.8,37.0,38.1,39.6
22:38:42.000,NaN,54.4,NaN,83.8,85.6,85.1,84.1,82.4,79.8,81.8,79.3,74.5,73.5,70.5,69.1,66.2,64.4,58.3,53.8,51.1,47.7,42.9,36.2,32.3,26.5,25.6,26.6,27.0,28.3,29.2,30.1,31.0,32.3,33.6,34.7,36.1,37.0,38.0,39.7
22:38:43.000,NaN,49.6,NaN,83.7,83.5,87.8,87.8,85.5,79.4,80.0,74.5,75.8,71.3,65.8,64.2,59.8,58.7,55.5,50.7,48.8,43.7,34.3,29.7,27.6,25.8,26.3,27.9,28.2,31.0,29.8,33.6,32.4,32.4,34.0,34.8,35.8,36.9,38.1,39.8
22:38:44.000,NaN,53.0,NaN,86.1,83.7,82.9,83.4,81.8,78.6,72.4,77.4,71.3,68.7,66.3,61.6,59.7,60.1,56.7,52.1,47.3,40.3,34.9,32.4,30.0,27.4,26.3,26.5,27.4,28.2,29.2,30.4,31.1,32.4,33.7,34.8,35.7,37.0,38.0,39.8
22:38:45.000,NaN,52.2,NaN,80.5,82.8,87.0,81.9,80.4,76.4,77.2,77.6,72.3,69.6,67.6,66.7,63.3,61.7,58.9,53.9,48.7,45.0,36.9,30.5,28.1,26.4,25.8,26.4,27.4,28.1,29.2,30.2,31.1,32.4,33.5,34.5,35.9,36.9,38.0,39.7
22:38:46.000,NaN,52.2,NaN,77.0,85.4,82.1,79.2,81.3,76.9,75.8,75.5,72.4,73.5,70.4,66.4,63.2,59.2,56.8,52.3,49.1,45.2,37.5,33.2,28.8,26.2,25.9,26.6,27.2,29.4,30.5,31.0,31.4,32.5,33.9,34.8,35.9,37.0,38.0,39.7
22:38:47.000,NaN,51.4,NaN,86.1,81.5,84.5,80.0,79.1,76.0,78.8,76.1,74.8,72.7,69.6,64.3,61.0,58.7,54.8,50.6,47.3,45.4,39.9,31.7,29.5,26.6,25.8,26.4,27.3,28.2,30.6,31.1,31.5,32.4,33.8,34.6,35.9,37.1,38.1,39.7
22:38:48.000,NaN,53.7,NaN,86.7,84.8,79.6,83.5,81.5,75.3,77.6,75.6,71.5,71.5,67.9,66.1,65.0,61.6,57.4,55.9,50.4,44.6,38.0,33.2,30.7,26.7,25.5,26.9,27.3,28.8,30.2,30.6,31.5,32.3,33.6,34.7,36.0,37.1,38.1,39.8
22:38:49.000,NaN,54.9,NaN,86.9,82.0,80.8,84.1,78.1,79.1,79.7,76.5,75.2,70.5,71.0,68.2,64.2,62.2,60.1,54.4,49.0,41.5,34.9,30.6,28.8,26.7,26.2,26.1,27.2,27.9,29.9,30.6,31.1,32.5,33.5,34.8,35.9,36.9,38.1,39.6
22:38:50.000,NaN,55.1,NaN,87.6,74.5,79.5,78.5,80.3,76.7,77.5,77.6,74.1,71.7,71.1,67.5,66.1,65.0,61.7,55.2,50.9,44.3,38.2,35.9,32.8,28.5,26.1,25.9,27.1,28.4,29.4,30.5,31.1,32.4,33.7,34.7,35.9,37.0,38.1,39.8
22:38:51.000,NaN,52.3,NaN,87.3,77.7,83.6,80.4,80.9,76.7,74.4,78.0,73.1,72.4,70.6,66.8,66.7,64.2,57.6,53.9,49.0,44.5,39.8,35.3,29.7,26.9,25.7,26.9,27.5,28.1,28.9,30.1,31.2,32.2,33.6,34.7,35.9,37.0,38.0,39.7
22:38:52.000,NaN,49.9,NaN,81.0,84.8,85.7,81.2,79.2,75.0,74.3,76.7,73.6,69.1,66.3,62.6,60.6,57.1,54.2,50.8,47.2,41.6,34.6,30.0,28.1,26.7,26.2,26.8,27.1,28.8,30.7,30.9,31.4,32.5,33.7,35.0,35.9,37.1,38.0,39.7
22:38:53.000,NaN,46.0,NaN,81.8,86.1,77.8,82.2,79.6,75.0,77.4,75.7,73.8,66.7,65.0,61.1,54.7,55.4,48.6,48.3,44.5,36.4,34.5,28.1,25.9,25.3,26.1,27.1,27.4,28.4,29.6,30.4,31.1,32.3,33.6,34.7,35.9,36.9,38.0,39.7
22:38:54.000,NaN,45.9,NaN,88.0,84.0,81.7,79.3,76.1,73.4,73.3,72.0,70.7,63.0,62.7,54.0,55.4,52.1,47.8,45.8,42.4,36.3,32.0,28.6,25.8,26.2,25.2,26.2,26.8,28.6,29.2,30.3,31.7,32.6,33.8,34.6,35.8,37.2,38.0,39.7
22:38:55.000,NaN,49.0,NaN,80.4,86.9,83.1,78.6,75.8,73.7,76.3,73.0,70.7,64.8,63.0,57.8,56.3,55.7,50.0,49.6,46.3,42.3,36.4,29.9,27.7,25.6,25.4,26.8,27.5,28.3,29.4,30.3,31.3,32.2,33.6,34.6,36.0,37.0,37.9,39.7
22:38:56.000,NaN,51.4,NaN,76.5,84.2,82.7,80.1,76.4,75.1,76.0,77.5,70.9,70.5,67.9,62.9,59.8,57.8,55.2,52.3,49.4,45.2,37.2,30.9,28.5,25.7,24.8,26.7,27.4,28.2,29.2,30.4,31.2,32.5,33.6,34.9,35.8,36.9,38.0,39.6
22:38:57.000,NaN,53.1,NaN,85.3,83.6,82.0,82.2,80.4,76.3,76.7,76.7,72.8,68.2,66.5,64.2,63.6,60.6,58.4,55.1,50.2,43.7,35.9,31.5,28.9,27.1,26.3,26.8,27.4,28.0,29.5,29.9,31.1,32.2,33.4,34.8,36.0,37.0,38.0,39.7
22:38:58.000,NaN,53.7,NaN,85.6,84.1,83.6,81.0,81.7,73.5,76.2,76.0,72.4,69.3,67.0,65.3,63.1,63.1,58.1,56.7,54.4,49.3,41.8,34.8,30.7,25.7,25.8,26.1,27.4,28.8,29.4,30.2,31.3,32.5,33.7,34.7,36.0,37.0,38.0,39.8
22:38:59.000,NaN,51.8,NaN,86.5,82.3,81.7,79.1,78.6,75.7,77.2,77.0,70.1,68.1,68.9,63.8,61.4,61.4,56.8,52.3,51.9,46.2,39.3,34.1,31.1,26.7,25.9,26.0,27.2,28.1,29.5,30.7,31.2,32.6,33.7,34.8,35.9,37.0,38.0,39.8
22:39:00.000,NaN,51.1,NaN,86.0,85.6,85.3,78.4,79.3,75.6,75.2,75.1,67.8,67.0,66.4,63.2,63.2,60.1,57.6,49.7,48.2,42.2,35.8,30.2,27.7,26.0,26.0,26.3,27.5,28.5,29.4,30.4,31.3,32.2,33.6,34.9,35.8,37.0,38.0,39.7
22:39:01.000,NaN,52.0,NaN,84.5,79.5,80.5,77.8,78.3,77.9,74.1,75.0,70.7,68.8,68.3,65.5,64.2,61.6,55.1,51.1,48.2,43.5,37.4,31.7,28.9,26.3,25.9,26.5,27.3,28.1,28.8,30.1,31.6,32.3,33.6,34.5,35.9,37.0,38.1,39.7
22:39:02.000,NaN,53.9,NaN,85.1,84.9,82.2,76.2,79.1,76.4,76.8,77.3,72.3,69.3,68.3,62.8,62.2,61.6,59.0,54.1,51.9,46.5,42.3,37.7,32.8,28.0,26.2,26.8,27.4,28.5,29.3,30.2,31.1,32.3,33.5,34.6,36.0,37.1,38.0,39.7
22:39:03.000,NaN,52.7,NaN,83.7,80.8,84.4,76.2,78.7,75.1,76.9,75.2,74.4,69.3,69.8,64.4,64.8,62.0,60.3,54.6,50.1,45.3,39.9,32.8,29.9,26.5,25.5,26.0,27.6,28.4,29.4,30.3,31.4,32.3,33.4,34.8,35.8,37.0,38.1,39.8
22:39:04.000,NaN,55.8,NaN,84.0,77.9,84.5,81.1,79.2,76.5,77.7,76.7,73.6,67.8,69.8,65.9,65.0,63.2,59.6,58.3,54.9,48.9,42.1,36.6,31.8,26.7,25.9,26.5,27.5,28.3,29.2,29.8,31.3,32.6,33.6,34.7,35.8,37.0,38.1,39.7
22:39:05.000,NaN,52.0,NaN,81.2,76.4,81.8,80.7,79.6,76.7,76.9,79.1,74.7,70.0,69.7,65.9,63.9,61.7,59.0,55.1,49.2,45.4,39.1,34.8,30.6,26.0,25.6,26.4,26.5,28.5,29.0,30.2,31.4,32.4,33.6,34.9,35.8,37.0,38.0,39.7
22:39:06.000,NaN,52.1,NaN,79.9,74.6,85.4,79.9,80.0,76.5,76.5,75.9,73.5,68.2,68.4,63.2,63.8,62.9,57.7,50.8,46.0,39.6,35.8,34.2,29.9,25.9,26.2,26.2,27.1,28.2,29.5,30.3,31.2,32.4,33.4,34.6,36.1,37.0,38.0,39.8
22:39:07.000,NaN,50.0,NaN,89.0,75.4,86.3,78.4,83.3,77.9,76.3,75.6,72.5,69.7,68.2,64.0,61.7,56.3,51.3,49.6,48.9,39.6,34.4,28.7,29.4,25.9,26.1,26.6,27.1,28.1,29.2,30.2,31.2,32.3,33.7,34.5,35.8,36.9,38.0,39.7
22:39:08.000,NaN,51.0,NaN,81.6,77.3,84.5,78.9,81.7,78.1,76.1,76.3,72.3,70.4,68.8,64.5,62.4,55.5,53.3,50.8,49.0,42.4,33.3,30.4,28.0,26.5,26.2,26.6,27.0,28.0,29.3,30.5,31.2,32.4,33.6,34.9,35.8,37.1,38.1,39.8
22:39:09.000,NaN,51.5,NaN,80.5,78.0,80.2,81.3,80.8,78.9,75.7,77.2,72.1,69.9,71.0,60.8,62.7,58.2,50.7,48.2,47.5,41.4,35.7,31.3,28.1,26.0,26.0,26.3,27.3,28.1,29.2,30.3,31.1,32.3,33.3,34.7,35.9,36.8,38.1,39.7
22:39:10.000,NaN,50.7,NaN,82.2,85.0,81.7,81.5,78.3,75.9,72.8,75.6,73.8,68.8,68.4,67.1,64.0,59.2,53.8,49.2,47.9,46.1,40.4,35.3,31.9,26.9,25.9,26.9,27.3,28.1,29.3,30.1,31.2,32.6,33.5,34.8,35.9,37.0,37.9,39.7
22:39:11.000,NaN,49.2,NaN,88.9,86.2,80.1,82.8,79.1,76.9,75.5,76.2,74.3,68.0,69.4,64.1,60.2,57.8,53.6,50.2,46.7,39.2,33.8,30.3,28.4,25.7,25.4,26.7,26.9,28.4,29.0,30.2,31.1,32.3,33.8,34.6,36.0,37.0,38.0,39.8
22:39:12.000,NaN,51.2,NaN,85.1,77.2,80.2,79.8,81.0,76.4,73.4,73.4,67.1,66.1,65.3,64.0,62.0,59.5,56.7,52.3,48.0,39.9,34.2,30.3,27.3,25.6,25.9,26.5,27.2,28.3,29.3,30.6,31.2,32.5,33.5,34.9,35.9,37.0,38.1,39.7
22:39:13.000,NaN,51.8,NaN,79.1,78.4,79.9,79.1,71.3,74.1,71.0,71.9,71.5,67.8,68.3,64.8,62.9,59.4,55.7,51.2,46.3,42.4,35.6,32.9,31.2,26.0,25.5,26.5,27.5,28.7,29.4,30.2,31.0,32.3,33.5,34.8,36.0,37.0,38.0,39.6
22:39:14.000,NaN,52.3,NaN,77.4,79.4,79.8,77.8,78.3,77.1,72.8,75.5,72.6,68.6,69.5,63.6,61.8,60.0,55.9,49.7,47.6,43.8,36.6,34.5,31.6,27.2,26.0,26.2,27.7,28.1,29.0,30.2,31.4,32.5,33.7,34.8,35.8,37.1,38.1,39.7
22:39:15.000,NaN,52.8,NaN,85.1,80.2,79.1,76.8,76.1,76.1,73.2,78.2,74.3,71.5,71.2,67.4,65.4,60.7,56.1,52.0,47.9,42.5,38.8,36.9,33.2,27.7,26.0,26.6,27.9,28.1,28.9,30.1,31.0,32.8,33.5,34.8,36.0,37.2,38.1,39.8
22:39:16.000,NaN,52.4,NaN,85.6,78.4,82.2,83.4,81.3,78.5,78.1,75.9,73.9,69.8,67.9,64.8,65.0,62.6,56.7,51.6,49.5,43.1,36.1,30.7,27.9,26.2,25.8,26.6,27.1,28.0,29.3,30.3,31.4,32.5,33.5,34.8,35.9,37.0,38.1,39.8
22:39:17.000,NaN,54.7,NaN,83.7,83.4,83.0,80.3,79.8,76.3,73.5,73.3,72.2,70.2,68.8,67.9,66.3,65.3,59.8,55.2,51.2,44.7,36.7,34.3,32.3,27.5,26.2,26.6,27.3,27.7,29.4,30.6,31.3,32.6,33.5,34.8,35.9,37.1,38.1,39.8
22:39:18.000,NaN,52.0,NaN,83.2,83.1,80.6,78.7,80.1,76.2,74.6,77.0,75.5,69.5,67.8,66.0,63.7,59.7,55.9,50.1,47.8,40.9,32.6,28.2,27.1,25.8,25.7,26.7,27.4,28.5,29.5,30.2,31.5,32.3,33.4,34.7,36.1,37.0,37.9,39.8
22:39:19.000,NaN,50.3,NaN,78.8,82.8,79.5,80.9,76.9,73.8,72.7,76.4,75.0,68.0,68.0,65.2,61.5,59.2,54.6,52.8,48.1,44.0,35.4,28.6,28.0,26.1,26.1,26.0,27.2,28.5,29.5,30.3,31.3,32.2,33.6,34.8,35.9,37.0,38.1,39.7
22:39:20.000,NaN,51.1,NaN,75.5,84.1,82.2,77.5,76.6,77.2,72.2,73.5,72.4,67.3,67.5,62.4,62.7,60.0,57.3,53.4,49.2,41.0,36.5,34.0,31.3,26.6,25.9,26.7,27.2,28.5,29.3,30.2,31.3,32.4,33.6,34.9,35.8,37.0,38.1,39.6
22:39:21.000,NaN,50.6,NaN,82.4,83.3,78.5,80.0,77.3,72.5,75.6,74.0,72.2,67.6,66.1,62.2,62.6,58.8,54.0,51.9,47.5,42.4,36.7,34.2,29.5,26.1,25.4,26.7,26.8,28.1,29.3,30.2,31.3,32.6,33.7,34.9,35.9,37.2,38.0,39.6
22:39:22.000,NaN,50.5,NaN,84.0,75.6,78.3,81.5,77.2,71.7,72.9,74.7,72.9,65.0,66.3,63.0,61.9,60.7,56.9,51.1,46.2,41.6,35.7,29.9,27.6,25.9,25.1,26.9,27.0,28.2,29.3,30.7,31.3,32.4,33.4,34.6,35.8,37.0,38.1,39.5
22:39:23.000,NaN,47.6,NaN,82.9,82.8,79.1,82.7,76.6,75.0,72.9,74.3,70.1,64.8,66.8,61.2,60.2,57.2,52.0,47.8,46.9,42.4,34.4,29.4,27.6,26.4,26.2,26.6,27.7,28.3,29.6,30.6,31.5,32.5,33.7,35.0,35.9,37.0,37.9,39.7
22:39:24.000,NaN,48.1,NaN,82.6,78.8,82.4,79.1,77.6,75.0,73.3,70.8,66.3,63.6,66.1,62.0,59.4,54.1,49.5,45.4,45.9,41.1,34.9,31.3,27.2,25.8,25.1,26.5,26.6,28.5,29.2,30.2,31.1,32.2,33.6,34.7,36.0,37.0,38.0,39.8
22:39:25.000,NaN,47.9,NaN,81.8,80.5,84.8,73.8,76.8,73.5,73.5,71.4,68.8,63.2,67.2,60.8,60.0,55.1,50.6,45.7,45.1,40.3,33.9,32.6,28.9,25.9,25.8,26.6,26.7,27.9,29.6,30.2,31.2,32.4,33.6,34.8,35.8,37.0,38.0,39.8
22:39:26.000,NaN,50.7,NaN,84.2,81.2,83.4,81.9,75.8,70.8,72.1,69.1,66.8,64.1,65.2,61.3,61.7,58.1,54.9,52.9,48.7,43.0,36.1,31.6,27.8,25.8,25.7,26.9,27.3,28.8,29.5,30.7,31.3,32.5,33.5,34.8,36.0,37.1,38.1,39.7
22:39:27.000,NaN,48.3,NaN,84.0,80.3,78.5,81.0,75.8,72.8,73.6,73.7,70.6,67.0,68.2,60.0,60.5,58.7,54.0,47.8,43.4,36.1,31.1,27.1,26.0,25.2,26.3,26.5,27.4,28.6,29.1,30.5,31.4,32.4,33.7,34.7,35.9,37.0,38.0,39.8
22:39:28.000,NaN,49.1,NaN,77.1,82.1,77.3,76.4,75.3,73.0,74.9,72.3,69.9,66.7,66.8,61.1,61.8,56.8,51.2,49.3,44.7,40.1,34.6,29.6,26.6,25.4,25.7,26.1,27.6,28.3,28.9,30.3,31.4,32.3,33.4,34.6,36.1,37.0,38.1,39.7
22:39:29.000,NaN,51.3,NaN,78.2,78.7,83.9,80.1,75.3,71.7,72.4,73.7,73.8,66.6,67.5,62.8,63.7,58.3,55.4,48.9,47.3,42.3,34.1,29.8,27.1,26.9,25.9,26.7,27.3,28.5,29.1,30.7,31.3,32.4,33.5,34.7,36.0,37.0,38.1,39.7
22:39:30.000,NaN,48.4,NaN,82.9,80.0,77.9,80.6,76.5,75.5,75.2,72.9,72.2,64.6,63.5,60.5,61.4,58.4,54.4,50.7,46.2,40.4,31.7,27.8,26.1,25.4,26.2,26.5,27.2,27.9,29.5,30.2,31.1,32.3,33.7,34.7,35.9,37.0,37.9,39.7
22:39:31.000,NaN,48.4,NaN,79.6,73.4,76.6,81.3,78.4,74.7,71.4,70.8,68.2,64.5,65.1,61.6,58.5,56.2,51.7,51.5,44.2,37.1,30.5,30.1,26.4,25.9,25.2,26.4,26.7,28.0,29.7,30.4,31.2,32.4,33.4,34.9,35.9,37.0,37.9,39.7
22:39:32.000,NaN,47.5,NaN,82.0,82.0,78.5,76.5,69.8,72.8,69.4,70.8,68.9,65.2,64.6,59.5,60.8,57.0,54.5,45.9,40.8,38.1,31.5,27.9,26.8,25.3,25.9,26.9,27.2,28.0,29.0,29.9,31.4,32.4,33.5,34.7,35.8,37.1,38.1,39.8
22:39:33.000,NaN,45.4,NaN,81.5,82.1,77.7,75.5,75.2,73.9,72.6,71.1,68.2,64.8,65.2,59.0,57.8,51.0,46.9,44.4,41.1,36.1,30.2,27.3,24.9,25.1,25.8,26.5,26.9,28.2,29.0,30.3,31.0,32.1,33.7,34.9,35.9,37.0,37.9,39.8
22:39:34.000,NaN,44.0,NaN,85.1,78.4,76.5,79.4,73.7,71.3,69.5,70.7,68.9,62.1,63.8,60.7,54.1,49.0,46.1,43.5,40.0,33.5,29.1,26.5,25.9,25.3,25.6,26.6,27.1,28.0,29.3,30.0,31.1,32.4,33.3,34.6,36.0,37.2,38.0,39.7
22:39:35.000,NaN,45.6,NaN,79.7,78.2,78.1,81.6,69.6,70.8,71.0,71.9,65.7,63.8,62.6,59.2,55.8,49.7,46.8,42.1,39.8,33.9,30.2,27.7,26.3,25.8,25.5,25.8,27.0,28.1,29.1,30.1,31.2,32.0,33.3,34.6,36.0,37.1,38.1,39.8
22:39:36.000,NaN,47.9,NaN,82.5,81.8,76.8,79.2,73.8,67.8,70.1,72.0,69.1,65.0,63.6,60.4,58.6,53.8,48.5,47.7,46.5,41.1,34.9,30.2,27.8,25.7,26.2,26.4,27.7,28.4,29.2,30.0,31.4,32.3,33.2,34.8,36.0,37.1,38.0,39.7
22:39:37.000,NaN,46.3,NaN,77.6,80.7,77.6,77.4,76.2,73.8,70.8,74.0,68.7,66.3,63.7,61.2,57.9,53.6,50.9,48.7,44.8,38.6,32.6,27.8,26.7,25.0,25.9,26.4,27.2,28.0,30.0,30.4,31.3,32.3,33.4,34.7,35.8,37.2,38.0,39.8
22:39:38.000,NaN,47.4,NaN,83.6,77.7,76.0,74.3,76.3,73.0,69.9,72.3,68.0,64.8,63.2,60.3,57.4,53.3,50.9,49.1,47.0,41.3,30.6,28.6,26.3,25.3,25.8,26.6,27.6,28.5,29.3,30.3,31.1,32.3,33.5,34.5,35.9,37.1,38.1,39.8
22:39:39.000,NaN,45.6,NaN,81.4,80.8,76.3,75.5,77.2,72.1,72.8,73.3,70.0,66.9,65.0,59.7,56.2,52.5,51.6,44.6,43.0,36.6,30.6,29.0,27.9,25.1,26.0,26.6,27.6,27.7,29.3,30.7,31.1,32.5,33.5,34.9,35.8,37.2,38.1,39.7
22:39:40.000,NaN,44.1,NaN,79.2,84.4,74.3,79.2,75.2,73.9,72.2,72.1,69.5,62.6,62.4,56.4,54.7,50.6,48.0,42.2,40.2,35.0,30.8,28.1,25.7,25.7,26.0,26.3,27.0,28.4,29.2,30.4,31.0,32.5,33.7,34.9,36.0,37.0,38.1,39.7
22:39:41.000,NaN,44.8,NaN,76.1,80.3,76.1,80.3,74.2,71.1,69.5,70.6,65.8,61.1,59.3,58.8,54.5,51.6,49.1,43.9,39.9,35.0,30.6,26.6,26.0,24.9,25.8,26.2,27.2,28.2,29.1,30.3,31.2,32.3,33.6,34.7,35.9,36.9,38.1,39.8
22:39:42.000,NaN,46.0,NaN,82.9,79.7,75.7,74.5,76.6,70.0,70.3,68.7,67.5,62.3,62.4,61.3,57.4,53.6,50.4,45.3,42.3,35.4,30.1,26.8,26.2,25.5,25.7,26.5,27.0,28.4,29.3,30.3,31.1,32.3,33.7,34.9,36.0,36.8,38.0,39.8
22:39:43.000,NaN,43.8,NaN,85.3,78.1,78.8,76.9,76.6,75.6,72.5,70.5,67.1,60.8,61.1,59.2,56.8,51.0,45.0,42.6,41.4,34.8,29.9,26.9,25.7,25.1,25.0,26.3,27.3,28.3,28.7,30.4,31.4,32.2,33.7,34.7,35.9,37.0,38.0,39.7
22:39:44.000,NaN,43.6,NaN,81.0,68.5,77.6,78.0,72.4,72.4,67.3,67.5,67.0,59.0,61.3,58.1,56.0,50.4,43.2,40.7,40.1,35.1,28.7,26.2,24.9,24.9,25.7,26.3,27.2,28.4,29.4,30.2,31.3,32.1,33.5,34.8,36.1,37.1,38.1,39.9
22:39:45.000,NaN,43.9,NaN,74.5,75.7,69.6,76.3,74.8,68.5,68.4,67.3,65.2,60.3,61.1,60.0,56.6,51.7,45.0,42.8,39.1,34.6,29.3,27.0,25.5,24.7,25.8,26.7,27.1,27.9,28.8,29.7,31.2,32.3,33.5,34.8,35.9,36.9,38.1,39.7
22:39:46.000,NaN,47.3,NaN,82.2,77.4,75.7,71.3,72.8,71.5,68.6,66.7,65.1,61.0,62.6,60.1,58.6,57.0,51.3,47.3,43.1,36.8,31.3,26.7,26.1,25.3,25.6,26.6,27.1,28.2,29.6,30.2,31.1,32.5,33.5,34.7,35.9,36.9,38.2,39.8
22:39:47.000,NaN,46.6,NaN,83.7,77.9,71.1,75.8,71.4,72.7,70.9,69.5,67.4,64.4,62.4,59.8,58.4,54.1,49.6,47.6,45.0,41.2,32.0,26.8,25.7,25.4,25.5,26.4,27.1,28.0,29.2,30.1,31.4,32.4,33.6,34.9,35.9,37.0,38.1,39.6
22:39:48.000,NaN,45.5,NaN,78.9,71.5,77.2,74.1,74.0,69.7,67.9,68.7,66.7,63.8,62.1,58.8,55.2,52.9,50.8,46.9,39.5,34.9,29.5,27.1,25.1,25.3,25.9,27.1,27.3,28.2,29.4,30.5,31.6,32.5,33.4,34.7,35.9,37.2,37.9,39.7
22:39:49.000,NaN,43.5,NaN,72.1,74.9,72.6,79.7,72.5,70.8,69.2,69.0,65.9,59.7,60.0,56.6,53.2,52.2,50.4,44.8,39.2,31.6,28.7,26.5,25.3,24.9,26.4,26.1,27.2,28.0,29.6,30.4,31.4,32.4,33.3,34.7,35.9,37.0,38.0,39.7
22:39:50.000,NaN,43.8,NaN,79.6,77.2,72.7,77.1,71.0,68.2,68.5,69.9,66.5,63.9,59.1,58.8,56.7,53.3,49.5,42.3,36.1,30.8,29.2,26.6,25.7,24.8,25.7,26.2,27.3,28.2,28.9,30.4,31.4,32.2,33.7,35.0,35.9,37.1,38.0,39.8
22:39:51.000,NaN,48.3,NaN,75.0,79.0,74.4,76.4,72.1,70.5,67.1,66.1,67.2,66.0,63.0,61.6,58.5,56.4,51.6,46.7,38.3,34.1,31.7,28.2,26.4,25.4,25.8,26.9,27.3,28.3,29.6,30.4,31.3,32.3,33.6,34.8,35.9,37.0,38.1,39.7
22:39:52.000,NaN,46.0,NaN,77.4,78.9,78.3,73.3,69.4,72.8,72.2,68.6,68.3,63.2,62.7,61.2,56.9,53.3,51.7,45.8,41.6,36.4,30.1,27.0,25.8,25.7,26.3,26.6,27.4,28.4,29.2,30.0,31.2,32.5,33.5,34.7,35.8,37.0,38.1,39.7
22:39:53.000,NaN,48.7,NaN,74.7,78.2,75.5,76.6,75.5,70.9,69.3,68.2,67.4,65.5,59.7,58.7,59.1,57.6,54.3,52.4,47.5,41.9,31.8,26.8,27.3,25.8,25.6,26.5,26.7,27.9,29.3,30.5,31.5,32.5,33.8,34.8,35.8,36.9,37.9,39.7
22:39:54.000,NaN,44.8,NaN,77.5,76.1,76.7,73.3,75.1,69.9,68.7,67.0,66.9,65.3,62.6,62.6,57.8,55.1,52.7,47.5,40.1,32.5,28.7,26.9,25.7,25.1,25.6,27.2,27.4,28.7,29.4,30.6,31.0,32.3,33.6,35.0,35.9,37.0,37.9,39.7
22:39:55.000,NaN,47.4,NaN,76.9,79.9,74.9,73.6,73.1,72.2,69.5,65.3,65.4,64.5,62.0,62.2,58.2,55.3,51.5,48.0,40.4,33.6,28.9,27.6,28.2,26.1,25.9,26.5,27.3,28.2,29.2,30.2,31.2,32.3,33.6,34.7,35.9,37.0,38.0,39.7
22:39:56.000,NaN,43.7,NaN,73.6,78.7,76.3,74.5,72.5,71.8,67.4,68.1,67.6,62.6,59.9,57.4,53.8,51.4,46.5,38.6,37.9,32.5,27.6,26.4,25.1,25.3,26.0,26.7,27.2,28.2,29.2,30.2,31.0,32.3,33.6,34.9,36.0,37.0,38.0,39.7
22:39:57.000,NaN,44.4,NaN,73.3,73.4,71.5,74.6,73.2,64.9,66.0,67.5,64.6,64.0,61.8,58.9,56.5,51.9,49.4,43.3,38.8,33.0,27.8,28.0,25.7,24.8,25.6,26.4,27.0,28.2,29.2,30.1,31.2,32.6,33.5,34.8,36.0,37.1,38.1,39.7
22:39:58.000,NaN,44.4,NaN,73.3,80.1,73.6,71.3,73.2,70.3,64.3,66.4,67.4,63.8,59.3,60.4,54.7,49.7,50.4,44.9,40.0,34.3,28.2,25.9,24.8,25.2,25.9,26.1,27.5,28.7,29.7,30.2,31.2,32.1,33.6,34.9,35.8,37.1,38.0,39.7
22:39:59.000,NaN,43.2,NaN,75.7,75.1,72.9,73.9,72.7,66.6,64.8,65.7,66.7,61.7,58.7,57.8,54.0,51.6,50.2,45.0,41.2,34.7,29.9,26.3,24.9,25.4,26.0,26.4,27.6,28.4,29.5,29.9,31.3,32.3,33.5,34.8,35.9,37.1,38.0,39.7
22:40:00.000,NaN,42.9,NaN,80.2,70.9,77.4,77.0,69.5,70.5,68.4,65.7,65.6,63.4,59.8,58.0,51.3,51.0,48.0,42.8,40.7,34.7,28.4,25.9,25.4,24.9,26.2,26.5,27.0,28.6,29.1,30.5,31.3,32.4,33.7,34.6,35.8,37.1,38.0,39.7
22:40:01.000,NaN,42.9,NaN,76.9,72.4,75.0,72.5,73.1,69.7,67.4,67.3,64.6,63.2,59.8,58.7,53.2,50.1,44.5,40.9,39.4,35.2,28.1,26.1,25.7,25.4,25.9,26.7,27.4,28.5,29.5,30.4,31.3,32.2,33.8,34.7,35.9,37.1,38.1,39.8
22:40:02.000,NaN,40.7,NaN,71.3,75.6,76.0,71.6,71.3,65.7,68.3,66.2,65.8,63.2,58.0,57.2,51.8,47.6,41.4,37.3,36.6,31.4,27.4,26.0,24.9,25.4,25.4,26.5,27.7,27.7,29.2,30.3,31.2,32.3,33.6,34.7,35.7,37.1,38.1,39.7
22:40:03.000,NaN,43.0,NaN,73.7,72.9,71.5,72.3,72.7,64.9,64.6,64.5,64.3,61.1,57.9,59.5,52.9,49.2,44.5,39.7,37.5,32.7,27.9,25.5,24.7,25.3,25.7,26.5,27.3,28.0,29.1,30.4,30.9,32.5,33.5,34.7,36.0,37.0,38.1,39.8
22:40:04.000,NaN,43.0,NaN,72.8,72.7,74.0,73.6,70.8,69.6,67.0,67.6,63.4,60.3,58.9,59.2,53.5,50.4,45.2,40.8,38.7,34.5,28.9,25.6,25.6,25.1,25.8,26.5,27.5,28.3,29.4,30.3,31.4,32.3,33.4,34.7,35.8,37.1,38.2,39.7
22:40:05.000,NaN,42.2,NaN,73.3,78.8,66.1,72.5,70.3,66.9,65.2,65.9,65.9,60.7,54.8,58.4,50.9,50.8,46.4,42.0,39.2,33.2,28.2,25.9,25.5,25.4,25.6,26.9,27.8,28.5,29.2,30.2,31.3,32.5,33.6,34.8,35.8,37.0,37.9,39.8
22:40:06.000,NaN,40.4,NaN,74.6,72.3,72.7,70.7,69.3,66.6,64.9,64.3,63.6,62.3,56.0,56.9,50.3,47.8,44.7,41.4,39.7,31.8,28.2,26.7,25.5,25.9,25.4,26.3,27.2,28.6,29.0,30.3,31.5,32.5,33.5,34.8,35.9,36.9,38.1,39.8
22:40:07.000,NaN,41.2,NaN,72.4,69.6,72.2,72.5,70.5,66.6,62.7,61.8,63.6,58.6,54.5,54.1,49.3,48.9,44.7,41.3,40.1,34.1,28.6,26.5,25.7,25.3,25.6,26.4,27.5,28.1,29.3,30.5,31.3,32.6,33.7,34.8,35.9,37.0,38.0,39.7
22:40:08.000,NaN,42.1,NaN,69.1,76.5,72.6,67.6,69.2,66.0,65.2,63.5,63.9,59.9,56.4,55.4,51.8,49.8,44.8,45.2,40.7,35.9,30.3,27.2,25.6,25.3,26.2,26.2,27.5,28.2,28.9,30.1,31.5,32.2,33.7,34.9,35.8,37.0,38.0,39.8
22:40:09.000,NaN,42.5,NaN,70.6,71.3,71.3,69.7,68.1,67.3,66.3,63.2,61.5,57.7,55.3,55.4,54.7,51.2,46.4,42.6,38.4,35.3,29.9,28.4,27.0,25.4,25.9,26.1,27.7,28.5,29.5,30.5,31.6,32.4,33.6,34.6,36.0,37.1,38.1,39.8
22:40:10.000,NaN,39.8,NaN,74.4,68.1,70.2,72.1,68.6,67.2,66.1,64.5,64.1,61.6,53.9,57.2,50.8,49.3,43.4,37.8,36.9,32.1,27.9,26.5,25.2,25.4,26.1,26.7,27.1,28.5,29.2,30.4,31.3,32.3,33.6,34.7,35.8,37.1,38.2,39.7
22:40:11.000,NaN,42.1,NaN,76.7,69.9,74.7,70.5,71.6,71.6,64.0,63.6,63.5,60.2,55.4,57.3,53.5,49.9,45.8,38.4,36.7,31.7,28.5,26.9,25.6,26.2,25.8,26.5,27.3,28.2,29.4,30.4,31.2,32.4,33.5,34.6,35.9,36.9,38.0,39.6
22:40:12.000,NaN,41.0,NaN,75.4,76.7,78.0,71.6,70.9,70.0,63.9,64.7,64.7,61.4,56.4,53.1,50.7,49.0,42.0,37.9,36.4,32.0,28.4,27.2,25.5,25.2,25.7,26.6,27.5,28.1,29.2,30.0,31.3,32.4,33.5,34.7,36.0,37.0,38.2,39.7
22:40:13.000,NaN,42.5,NaN,71.9,76.5,74.3,72.7,70.9,69.1,63.0,61.3,63.5,62.8,57.8,58.1,52.0,49.8,44.9,39.5,39.2,35.4,30.1,26.9,25.7,25.9,26.8,26.4,27.1,28.4,29.1,30.0,31.1,32.5,33.6,34.9,36.0,37.0,38.2,39.7
22:40:14.000,NaN,42.0,NaN,66.2,71.8,74.9,70.3,69.0,66.5,66.1,64.2,64.1,60.7,56.1,57.2,52.6,49.4,45.1,39.0,37.2,32.6,28.6,26.8,25.6,25.7,25.9,27.2,27.3,28.3,28.9,30.5,31.3,32.4,33.6,34.6,35.8,37.1,38.2,39.7
22:40:15.000,NaN,43.9,NaN,65.9,73.6,66.9,72.1,71.2,66.5,63.2,63.2,61.1,63.3,57.6,58.7,53.3,52.4,48.4,45.0,39.2,34.3,28.1,27.0,25.8,25.5,26.7,26.6,27.5,27.9,29.3,30.1,31.1,32.5,33.5,34.9,36.0,37.0,38.1,39.7
22:40:16.000,NaN,45.7,NaN,72.7,72.8,70.9,69.7,68.8,67.8,64.8,64.6,64.7,62.2,59.2,58.6,54.7,54.4,51.6,45.5,41.5,37.6,31.3,28.4,26.3,26.4,25.8,27.0,27.0,28.3,29.1,30.6,31.5,32.3,33.3,34.7,35.9,37.1,38.1,39.8
22:40:17.000,NaN,43.6,NaN,73.7,69.7,72.6,66.8,69.2,65.8,65.9,65.1,66.5,64.8,60.2,59.9,54.2,53.2,52.7,45.6,41.3,33.7,30.6,26.7,25.9,25.4,26.3,26.5,27.1,28.3,29.4,30.3,31.2,32.3,33.5,34.8,35.8,36.9,38.1,39.8
22:40:18.000,NaN,43.4,NaN,69.7,72.3,72.4,69.9,69.4,68.1,65.9,61.9,63.3,61.4,56.9,57.5,51.7,53.4,46.6,43.3,40.8,33.1,29.3,26.6,26.2,25.7,26.4,26.5,27.3,28.4,29.0,30.4,31.2,32.5,33.3,34.8,35.8,37.2,38.1,39.7
22:40:19.000,NaN,41.9,NaN,63.0,72.7,75.5,71.4,70.8,67.2,63.1,64.4,65.0,62.4,54.7,53.6,48.9,51.0,46.9,41.7,40.7,36.1,30.1,27.4,25.9,25.6,26.0,26.3,27.5,28.3,29.2,30.3,31.4,32.3,33.6,34.8,35.8,37.1,37.9,39.8
22:40:20.000,NaN,42.8,NaN,72.4,70.9,72.6,71.2,70.9,65.0,63.5,63.3,63.0,61.1,54.5,54.2,49.3,54.6,48.3,42.7,41.6,37.7,32.3,29.2,27.0,26.4,26.1,26.8,27.5,28.2,29.1,30.4,31.4,32.2,33.6,34.8,35.9,37.1,38.0,39.7
22:40:21.000,NaN,42.4,NaN,73.2,75.8,74.1,68.9,71.5,68.6,65.6,61.3,63.3,61.2,54.5,52.9,49.8,54.1,45.7,42.2,40.5,37.9,31.8,28.7,27.3,26.3,25.6,26.7,27.2,28.1,29.3,30.1,31.0,32.4,33.7,34.9,36.0,37.0,38.1,39.8
22:40:22.000,NaN,44.5,NaN,70.8,73.5,72.1,70.0,71.5,68.9,61.9,62.3,60.7,60.9,53.8,56.0,49.8,55.9,46.0,43.4,40.3,36.2,32.3,28.2,26.4,25.7,25.5,26.1,27.4,28.2,29.1,30.5,31.3,32.2,33.6,34.8,35.8,37.1,37.9,39.7
22:40:23.000,NaN,42.1,NaN,68.6,73.5,73.1,68.2,68.6,68.3,64.8,65.2,62.0,59.6,54.5,57.7,51.8,55.2,48.4,42.1,39.0,36.5,31.8,28.3,26.5,26.4,26.0,26.6,27.0,28.3,29.4,30.4,31.4,32.5,33.4,34.7,36.0,37.1,38.0,39.8
22:40:24.000,NaN,41.4,NaN,71.0,70.5,67.7,68.6,69.8,64.8,65.6,63.5,61.3,61.1,55.1,54.0,51.8,52.9,48.4,41.5,38.0,34.3,29.5,27.1,25.9,25.5,26.2,26.5,27.3,28.2,29.5,30.5,31.4,32.2,33.6,34.7,35.9,37.1,38.1,39.7
22:40:25.000,NaN,42.5,NaN,72.2,72.3,74.7,72.4,73.6,68.8,63.6,62.7,62.1,60.8,53.4,56.9,50.6,50.7,46.9,42.4,40.4,34.6,29.9,26.8,25.4,25.5,25.9,26.8,27.7,28.4,29.5,30.1,31.3,32.5,33.7,34.7,35.8,37.0,38.2,39.7
22:40:26.000,NaN,39.8,NaN,76.5,76.4,74.9,72.8,64.1,68.2,64.2,64.6,63.0,61.0,52.5,54.4,46.2,49.3,45.4,41.7,38.6,34.8,27.4,26.9,25.8,25.2,26.0,26.6,27.1,28.4,29.0,30.4,31.4,32.5,33.4,34.7,35.7,37.0,38.1,39.7
22:40:27.000,NaN,41.6,NaN,70.2,72.2,73.1,70.8,70.0,66.0,63.9,60.9,62.5,61.5,52.0,52.6,47.8,49.2,46.0,42.5,38.1,34.6,27.2,27.4,25.5,25.5,26.2,26.9,27.0,28.0,29.3,30.2,31.4,32.4,33.6,34.8,35.9,37.0,38.0,39.7
22:40:28.000,NaN,41.3,NaN,71.2,71.9,71.3,73.0,71.3,66.1,62.0,63.1,64.3,60.8,53.9,55.1,49.2,48.0,43.4,37.7,36.2,32.2,26.8,26.9,26.0,26.0,26.0,26.4,27.1,27.9,28.9,30.4,31.0,32.1,33.5,34.5,35.9,37.0,38.0,39.7
22:40:29.000,NaN,40.3,NaN,74.0,70.3,72.9,69.5,70.6,67.4,63.7,58.6,63.3,62.0,55.9,54.7,51.4,50.8,46.1,42.0,39.8,34.0,29.1,27.3,25.6,25.1,26.0,25.9,27.0,28.0,29.5,30.2,31.2,32.4,33.6,34.7,36.1,37.1,38.0,39.7
22:40:30.000,NaN,42.9,NaN,75.9,70.4,67.9,68.7,69.0,65.0,65.0,65.2,63.1,62.6,56.4,57.8,52.8,51.6,44.8,40.4,38.2,33.6,27.6,27.0,25.6,25.1,25.9,27.0,27.2,28.1,29.5,30.3,31.3,32.3,33.5,34.9,35.8,36.9,38.0,39.7
22:40:31.000,NaN,40.7,NaN,71.6,73.1,69.7,72.9,72.3,69.9,65.4,62.8,65.3,61.4,54.8,55.1,50.5,49.0,41.3,38.4,37.9,31.9,27.8,25.8,25.5,25.3,25.8,26.4,27.0,28.1,29.5,30.2,31.1,32.6,33.5,34.9,36.1,37.0,38.0,39.6
22:40:32.000,NaN,40.0,NaN,71.5,74.2,70.9,72.7,74.1,66.3,65.1,61.5,63.7,62.0,54.3,52.5,51.0,49.1,42.9,39.8,40.7,31.5,29.0,27.3,26.0,25.7,25.6,26.8,27.3,28.2,29.2,30.0,31.5,32.2,33.5,34.8,35.9,37.0,38.0,39.7
22:40:33.000,NaN,41.7,NaN,73.1,74.6,78.2,71.5,68.2,68.9,67.0,60.2,62.3,63.4,54.4,53.3,47.5,47.5,43.9,40.4,40.4,33.6,29.9,28.2,25.7,25.7,26.1,26.8,27.5,28.4,29.1,30.3,31.2,32.2,33.9,34.8,35.8,37.1,38.1,39.7
22:40:34.000,NaN,41.4,NaN,75.8,74.5,73.9,70.7,72.0,68.5,64.2,61.1,65.4,62.6,58.0,55.9,52.6,48.6,41.3,39.5,38.7,32.8,29.5,27.1,26.1,25.6,25.5,26.4,27.1,27.8,29.1,30.5,31.3,32.6,33.6,34.7,36.0,37.0,38.2,39.8
22:40:35.000,NaN,42.9,NaN,75.1,74.7,71.0,71.2,69.6,69.5,66.4,61.5,62.8,63.1,57.2,56.0,54.8,52.0,47.3,41.3,39.3,33.2,28.8,26.7,26.0,25.3,26.3,26.4,27.2,28.2,29.0,30.3,31.3,32.4,33.6,34.9,36.1,36.9,38.0,39.7
22:40:36.000,NaN,42.9,NaN,74.4,67.4,68.0,70.2,71.9,66.7,64.7,62.9,63.0,62.8,57.5,54.9,51.2,51.6,46.5,42.1,40.4,36.5,31.5,27.3,26.1,25.5,26.1,26.9,27.4,28.3,29.4,30.1,31.3,32.3,33.7,34.7,36.0,37.0,38.1,39.8
22:40:37.000,NaN,43.6,NaN,79.1,70.8,71.4,71.2,70.5,69.7,65.9,60.8,62.1,61.9,55.3,56.0,54.0,53.8,49.6,44.5,40.1,35.5,31.3,28.5,26.1,25.4,25.7,26.2,27.8,28.5,29.7,30.1,31.1,32.2,33.6,34.7,35.8,37.0,37.9,39.7
22:40:38.000,NaN,42.5,NaN,72.1,75.3,74.2,66.4,69.4,68.9,67.2,64.5,63.6,60.2,56.4,55.7,51.1,49.3,45.3,39.4,36.7,32.5,29.5,26.5,25.5,25.8,25.2,26.6,27.6,28.2,29.3,29.9,31.1,32.2,33.5,34.8,36.1,37.1,38.2,39.8
22:40:39.000,NaN,40.3,NaN,71.3,76.9,74.4,74.3,72.9,69.4,64.0,62.4,61.8,62.0,56.0,56.3,52.9,51.5,44.3,41.0,39.5,33.3,29.2,26.2,25.0,24.9,26.1,26.7,27.0,28.0,29.2,30.1,31.4,32.3,33.5,34.7,35.9,37.0,38.1,39.7
22:40:40.000,NaN,42.8,NaN,71.7,72.9,69.6,71.2,69.6,67.9,68.0,63.5,61.6,61.9,57.0,54.9,53.1,50.8,43.6,41.6,39.4,35.3,29.6,27.2,25.1,25.1,25.7,26.4,27.4,27.8,28.9,30.3,31.1,32.4,33.4,34.8,35.9,37.0,38.1,39.8
22:40:41.000,NaN,40.9,NaN,74.2,74.7,74.1,71.6,71.5,67.7,65.9,63.9,63.3,62.2,55.4,56.4,54.0,49.1,44.0,40.9,37.6,34.0,28.3,28.1,25.9,25.5,25.9,26.3,27.6,28.4,29.1,30.3,31.4,32.3,33.7,34.7,35.9,37.1,38.1,39.9
22:40:42.000,NaN,41.8,NaN,75.8,78.7,73.4,71.2,71.8,72.3,66.2,61.5,60.7,57.9,55.2,55.5,53.6,49.6,42.6,39.6,36.1,30.1,28.8,25.9,25.8,25.4,26.2,26.5,27.4,27.6,29.4,30.2,31.2,32.4,33.4,34.7,35.9,36.8,37.9,39.7
22:40:43.000,NaN,40.2,NaN,76.0,73.4,75.3,72.7,70.5,68.1,63.6,59.4,62.1,63.6,55.6,53.0,52.4,46.0,42.7,38.5,34.9,31.2,27.5,27.2,25.3,25.5,25.7,26.3,27.5,28.2,29.3,30.0,31.3,32.5,33.6,34.8,36.0,37.2,38.1,39.8
22:40:44.000,NaN,41.1,NaN,72.7,67.9,73.2,71.5,67.0,68.4,62.7,62.9,59.2,62.2,55.8,54.2,52.0,49.2,44.4,41.4,38.7,33.7,27.8,25.9,25.0,25.7,25.9,26.0,27.1,28.3,29.4,30.1,31.4,32.6,33.5,36.1,35.8,36.8,38.1,39.8
22:40:45.000,NaN,41.4,NaN,74.1,73.6,74.1,73.1,72.7,68.5,64.9,61.2,60.6,62.2,58.0,53.8,50.9,47.1,44.9,41.0,38.4,33.6,28.8,25.8,25.6,25.2,25.7,26.6,27.3,28.2,29.5,30.3,31.1,32.4,33.3,34.7,36.1,37.0,38.2,39.7
22:40:46.000,NaN,39.9,NaN,74.9,72.6,69.4,74.5,69.4,68.8,66.0,62.7,62.3,62.1,56.7,52.7,51.2,47.1,43.6,39.7,38.1,33.8,27.7,26.4,25.9,25.3,25.6,26.3,27.3,28.3,29.1,30.4,30.9,31.9,33.7,34.6,36.0,37.0,38.0,39.8
22:40:47.000,NaN,39.4,NaN,77.4,72.5,71.1,73.2,71.6,68.5,65.9,61.4,60.4,60.6,55.2,50.8,48.1,46.1,45.0,39.2,37.3,33.4,28.7,27.8,26.5,25.7,25.7,25.9,27.6,28.3,29.1,30.2,31.0,32.4,33.6,35.7,35.9,36.8,38.1,39.6
22:40:48.000,NaN,38.2,NaN,72.4,73.6,71.8,72.6,68.8,69.2,65.2,61.4,58.0,55.7,53.8,50.7,46.1,44.1,43.5,37.1,35.8,33.1,28.7,27.6,26.9,25.9,25.6,26.6,27.2,28.0,29.2,30.3,31.0,32.1,33.4,34.8,35.8,37.1,38.1,39.7
22:40:49.000,NaN,41.6,NaN,72.6,73.6,70.3,70.1,70.3,64.6,64.3,60.0,58.3,58.1,50.4,48.8,47.0,44.3,42.8,38.2,33.8,32.5,28.0,26.3,25.6,25.2,25.9,27.0,26.9,28.1,29.0,30.2,31.3,32.2,33.6,34.8,36.0,37.0,38.0,39.6
22:40:50.000,NaN,38.8,NaN,77.7,74.8,71.3,66.1,68.5,62.7,61.5,56.5,59.3,61.2,56.8,53.9,51.8,51.2,46.0,43.2,38.9,34.9,30.0,27.4,26.1,25.7,25.3,26.4,27.2,28.2,29.4,30.2,31.5,32.1,33.6,34.8,36.0,37.1,38.1,39.8
22:40:51.000,NaN,41.6,NaN,70.7,75.1,74.4,68.0,69.3,68.9,64.9,60.5,59.4,57.7,51.8,51.1,53.2,47.2,44.4,40.1,39.0,32.5,28.0,27.1,25.9,25.6,25.8,26.3,27.1,28.5,29.3,30.3,31.3,32.4,33.5,34.7,36.1,36.9,38.1,39.8
22:40:52.000,NaN,39.5,NaN,70.8,75.5,69.4,73.4,72.1,65.0,63.7,60.3,61.4,61.0,56.6,54.0,55.7,48.4,43.1,39.5,36.8,32.5,27.4,26.4,25.6,25.6,25.8,26.2,27.4,28.1,29.4,30.0,31.6,32.3,33.7,34.8,35.8,37.0,37.9,39.8
22:40:53.000,NaN,41.6,NaN,63.3,72.9,73.2,66.3,69.0,67.3,65.7,59.7,58.5,58.9,55.6,47.5,54.4,49.4,46.1,41.0,38.8,35.1,28.8,26.0,26.2,25.9,26.0,26.6,27.1,28.2,29.4,30.3,30.9,32.4,33.6,34.8,35.9,37.2,38.1,39.7
22:40:54.000,NaN,39.9,NaN,74.2,72.6,72.0,69.5,68.8,65.1,60.6,59.0,61.7,59.3,55.8,53.8,52.1,45.4,45.0,39.4,35.7,31.8,26.7,26.3,25.2,25.4,25.7,26.5,27.3,28.2,29.4,30.2,31.5,32.6,33.4,34.8,36.0,37.1,38.0,39.8
22:40:55.000,NaN,40.5,NaN,72.5,72.3,68.7,66.7,67.3,67.0,61.9,59.2,56.3,57.2,56.8,48.7,51.6,48.8,46.0,41.6,38.6,32.3,28.2,25.8,25.5,25.3,25.7,26.5,27.4,27.7,29.0,29.9,30.9,32.4,33.6,34.9,36.1,37.1,38.1,39.7
22:40:56.000,NaN,42.4,NaN,73.3,77.3,75.6,68.5,68.0,66.6,61.3,58.7,59.2,59.1,57.3,50.7,50.7,50.9,50.4,45.1,41.6,38.1,31.4,27.7,25.5,25.4,25.8,27.0,27.3,28.4,29.2,30.1,31.4,32.3,33.4,34.8,35.8,37.1,37.9,39.8
22:40:57.000,NaN,39.5,NaN,74.7,72.0,71.3,69.2,69.8,66.6,65.5,61.9,60.5,59.8,51.5,48.7,48.7,47.3,45.5,39.4,36.3,33.7,29.2,26.5,25.3,25.7,26.0,26.6,27.0,28.4,29.2,30.5,31.3,32.5,33.7,34.7,35.9,37.0,38.0,39.8
22:40:58.000,NaN,41.9,NaN,72.3,70.4,69.1,68.4,71.3,68.7,63.0,59.1,57.7,58.9,55.2,51.8,52.1,49.1,45.9,41.0,37.6,34.8,30.0,27.1,25.8,25.5,25.8,26.6,26.8,28.1,28.9,30.3,31.2,32.3,33.5,34.8,35.9,37.1,38.0,39.8
22:40:59.000,NaN,40.4,NaN,73.1,71.1,76.3,71.6,67.8,64.5,65.4,59.5,61.6,59.9,55.8,54.1,53.7,49.7,46.2,42.2,38.4,32.5,27.3,27.5,25.0,25.6,25.3,26.6,27.8,28.3,29.5,30.1,31.4,32.2,33.6,34.7,35.9,37.1,38.0,39.8
22:41:00.000,NaN,43.6,NaN,73.1,68.8,69.0,71.1,69.1,66.5,65.3,61.9,59.3,60.8,57.8,56.4,53.5,51.1,51.5,43.8,37.5,32.9,28.9,27.3,26.1,25.4,25.9,26.6,27.5,28.3,29.6,29.9,31.1,32.3,33.7,34.6,35.8,37.0,38.0,39.7
22:41:01.000,NaN,44.6,NaN,74.3,71.9,68.0,67.1,68.4,67.4,65.1,64.0,60.4,62.3,58.6,56.0,56.1,52.1,51.3,45.1,40.5,32.9,29.7,27.3,25.2,25.5,26.0,26.7,27.7,28.7,29.5,30.1,31.3,32.3,33.6,34.8,35.8,37.1,37.9,39.8
22:41:02.000,NaN,40.5,NaN,73.6,69.2,70.7,68.8,68.3,68.2,66.1,64.9,62.7,60.4,60.4,53.7,50.3,47.7,45.1,41.6,36.9,32.0,28.6,25.9,25.4,25.8,25.6,26.3,27.4,28.1,29.1,30.2,31.3,32.3,33.6,34.8,35.9,37.0,38.0,39.8
