AMBIENT,62.3,51.2,58.2,62.1,60.8,59.6,57.4,58.4,58.9,58.6,57.0,56.5,56.3,54.8,54.9,54.9,54.2,54.5,55.9,54.9,55.8,56.6,56.4,57.2,57.9,58.7,59.7,60.5,61.5,62.6,63.6,64.6,65.7,67.0,68.2,69.2,70.3,71.2,73.0
22:34:46.980,59.6,48.5,55.3,63.3,54.6,64.5,57.5,58.7,59.5,57.1,57.0,54.4,54.9,51.8,55.9,54.0,52.5,52.9,53.5,54.1,54.4,55.9,55.6,57.0,57.5,58.9,59.4,60.2,61.2,62.0,63.2,64.4,65.4,66.8,67.8,68.9,69.9,70.9,72.9
22:34:47.980,60.8,48.4,55.6,58.0,56.3,59.2,63.2,58.9,53.3,58.0,56.8,57.3,57.2,53.3,53.2,54.4,54.9,54.6,54.4,54.8,54.6,55.0,56.1,57.0,57.9,58.6,59.3,60.4,61.5,62.2,63.0,64.1,65.4,66.7,67.8,68.9,70.0,70.9,72.7
22:34:48.980,60.6,48.2,55.3,57.8,60.1,53.7,61.8,59.0,57.4,56.4,55.7,56.0,56.9,54.0,54.5,52.6,52.1,54.2,53.6,54.9,54.4,55.1,56.3,56.7,57.6,58.1,59.3,60.1,61.2,62.2,63.3,64.4,65.4,66.8,67.9,68.9,70.1,70.9,72.7
22:34:49.980,61.9,48.4,55.9,62.4,56.9,57.6,57.4,60.1,54.2,57.9,55.0,55.2,54.1,55.4,53.3,54.2,53.2,54.2,54.5,55.1,55.0,55.7,55.7,57.2,57.7,58.7,59.1,59.8,61.5,62.3,63.3,64.3,65.6,66.8,68.0,68.9,70.1,71.0,72.7
22:34:50.980,62.5,48.9,59.1,62.4,53.5,61.7,61.4,58.7,58.1,57.6,55.3,54.5,54.7,54.5,55.1,54.3,54.4,53.0,54.4,54.7,55.5,55.8,56.6,56.9,57.7,58.8,59.2,60.5,61.3,62.3,63.4,64.4,65.6,66.7,67.8,68.8,70.1,70.8,72.7
22:34:51.980,65.3,48.8,58.0,59.7,60.3,57.5,60.6,59.5,59.2,57.7,55.2,56.6,55.5,58.8,54.5,53.2,54.0,55.0,54.2,55.5,55.3,56.4,55.9,56.5,57.7,58.1,59.4,60.3,61.2,62.3,63.1,64.5,65.5,66.8,68.0,69.0,70.0,70.8,72.7
22:34:52.980,63.3,49.9,58.7,51.4,55.9,60.0,62.3,59.1,61.1,59.7,55.7,56.0,55.6,55.7,54.0,53.7,55.4,54.4,54.2,55.1,55.1,54.5,55.5,57.2,57.5,58.5,59.4,60.0,61.1,62.2,63.3,64.7,65.5,66.8,67.8,69.0,70.0,71.0,72.8
22:34:53.980,62.1,49.7,58.1,59.1,58.0,57.4,58.3,58.1,60.7,61.0,55.3,54.9,56.0,55.4,54.7,53.6,54.8,53.3,54.4,54.4,55.6,55.2,56.2,57.2,57.4,58.6,59.6,60.2,61.2,62.0,63.2,64.2,65.1,66.9,67.8,68.9,70.0,71.0,72.7
22:34:54.980,63.9,49.5,59.0,60.6,58.5,59.2,60.2,55.6,60.0,58.6,54.1,56.8,58.2,56.0,54.6,55.8,55.0,55.0,54.8,54.0,55.2,55.6,56.5,57.1,58.0,58.5,59.5,60.1,61.3,62.2,63.2,64.4,65.7,66.7,68.0,68.9,70.2,70.8,72.8
22:34:55.980,63.9,48.8,58.8,58.0,57.9,58.6,58.2,59.9,57.4,59.2,57.2,58.6,56.8,55.4,55.3,54.8,55.0,55.5,54.4,54.8,55.4,55.5,56.9,56.2,57.7,58.4,59.2,60.4,61.3,62.2,63.2,64.2,65.5,66.6,68.2,69.1,70.0,70.9,72.7
22:34:56.980,63.3,49.2,59.3,61.6,60.6,64.3,59.7,57.7,57.4,55.8,55.7,56.7,56.4,55.5,55.7,54.4,53.2,53.5,55.0,54.5,54.0,55.0,56.4,57.6,57.8,58.4,59.3,60.3,61.5,62.4,63.3,64.5,65.3,67.0,67.9,69.0,70.1,70.9,72.8
22:34:57.980,64.1,49.7,59.0,60.5,59.6,58.4,59.3,58.2,60.4,56.9,55.6,55.9,56.0,54.9,54.3,54.1,54.7,53.5,54.6,55.2,55.2,55.6,56.5,56.8,57.7,59.1,59.7,60.2,61.0,62.0,63.2,64.4,65.6,66.8,67.9,69.1,70.0,70.9,72.8
22:34:58.980,64.3,49.1,60.0,57.8,57.7,56.6,62.2,55.0,58.3,58.7,57.4,59.5,54.5,58.3,54.0,54.4,53.9,54.5,55.1,54.9,55.0,55.3,56.1,56.9,57.4,58.8,59.4,60.5,61.2,62.3,63.5,64.1,65.5,66.8,67.8,68.9,70.1,70.9,72.7
22:34:59.980,63.8,49.3,60.3,58.0,59.6,57.6,57.7,60.4,58.4,58.9,59.8,56.8,58.0,56.8,56.6,55.3,55.1,54.7,54.5,54.0,55.5,55.9,56.2,56.9,57.7,58.2,59.7,60.7,61.5,62.3,63.2,64.2,65.4,66.9,67.7,69.0,70.0,71.0,72.8
22:35:00.980,72.5,51.7,70.7,59.5,57.8,56.3,60.3,54.3,59.1,58.3,58.8,58.7,58.0,55.1,57.9,55.7,54.4,54.1,54.9,54.7,55.6,56.1,56.2,56.6,57.7,58.7,59.6,60.5,61.3,62.2,63.4,64.3,65.2,66.7,68.0,69.0,70.1,71.2,72.6
22:35:01.980,98.3,73.3,92.3,59.1,60.4,59.3,57.1,56.2,60.8,56.9,62.7,62.8,66.2,70.4,66.9,63.6,63.5,59.5,55.9,55.5,55.8,56.1,58.3,62.0,62.1,61.9,60.3,63.1,65.1,65.1,64.8,65.8,65.7,66.7,67.9,68.8,70.0,71.0,72.7
22:35:02.980,112.8,80.4,102.8,62.1,59.9,55.5,58.6,60.7,62.0,65.2,82.4,87.0,85.5,89.2,83.7,85.4,84.0,79.3,77.4,73.0,69.3,68.1,67.1,69.1,69.1,68.6,67.7,70.3,70.9,70.7,69.3,69.0,67.3,67.2,67.8,68.9,70.0,70.9,72.7
22:35:03.980,115.2,78.6,109.9,63.3,61.4,60.5,67.4,73.1,94.3,90.2,101.0,96.9,92.1,87.6,84.4,83.0,81.5,78.4,74.6,70.0,65.4,63.0,62.7,64.5,65.0,65.8,65.2,67.0,68.2,67.0,66.6,66.8,66.6,66.9,67.9,68.9,70.0,71.0,72.7
22:35:04.980,122.4,87.7,117.9,56.4,59.4,86.2,95.9,99.5,101.3,107.9,106.1,101.1,99.6,100.6,95.3,87.2,86.9,84.4,84.3,79.6,71.7,67.7,67.5,70.5,68.8,70.8,69.3,71.4,72.8,70.5,69.9,69.1,67.7,67.0,67.9,69.0,70.0,71.2,72.6
22:35:05.980,125.2,95.3,120.8,68.2,65.5,100.4,104.5,107.3,108.3,114.5,112.7,111.7,110.1,108.3,101.8,98.8,96.1,96.6,95.5,91.9,86.8,81.6,80.3,81.4,80.4,79.3,77.8,80.7,81.2,79.7,78.2,78.2,75.6,74.3,70.9,70.0,70.4,71.2,72.6
22:35:06.980,130.0,101.5,126.1,84.8,97.5,95.5,104.2,113.5,117.5,116.8,116.0,115.7,115.1,113.5,110.1,104.8,102.5,101.8,100.5,99.7,94.4,89.5,88.8,90.5,87.8,84.7,83.4,85.3,85.5,83.8,82.8,83.8,80.9,78.0,73.3,71.1,70.7,71.1,72.7
22:35:07.980,132.1,109.6,128.7,102.3,105.4,103.0,109.3,113.0,122.0,118.9,123.1,120.3,119.8,117.3,115.2,111.5,109.6,110.6,111.2,108.9,103.9,99.2,98.1,98.2,95.8,92.8,90.6,91.8,93.3,93.1,92.7,93.6,91.5,89.5,86.0,83.0,80.1,77.9,76.0
22:35:08.980,132.2,115.0,129.5,102.6,100.7,113.4,116.4,120.4,122.5,122.2,124.7,123.7,122.0,118.7,116.3,119.9,119.0,116.6,116.6,113.5,109.0,104.4,102.7,104.0,102.4,98.9,97.1,98.1,99.6,99.4,99.1,99.8,97.9,96.3,94.5,92.1,89.5,86.6,83.3
22:35:09.980,133.7,118.2,131.7,98.6,108.3,108.5,117.9,122.2,123.9,119.9,122.6,121.1,120.8,119.9,121.4,121.2,121.5,121.7,118.3,116.4,110.5,106.5,105.6,107.8,106.1,104.0,102.5,103.5,104.6,103.5,102.8,104.2,102.6,101.5,99.8,97.7,95.2,92.5,89.7
22:35:10.980,138.4,122.9,136.9,104.6,109.2,114.4,119.6,124.9,116.4,122.6,123.1,122.9,125.7,126.2,127.8,126.6,126.7,125.1,121.2,118.3,111.4,110.9,111.2,113.4,111.8,109.5,107.4,108.5,109.1,108.2,107.6,109.3,107.9,106.2,105.7,103.9,101.9,99.3,97.9
22:35:11.980,142.2,124.9,140.2,108.1,111.1,114.1,120.4,120.4,121.7,124.3,127.8,127.2,129.1,129.5,129.9,131.0,129.9,126.3,123.3,119.2,114.1,113.8,113.2,115.3,114.2,111.8,110.0,112.1,112.2,111.1,110.6,111.1,109.8,108.5,107.5,105.3,104.1,101.1,100.3
22:35:12.980,144.0,125.5,141.6,108.3,106.7,118.8,115.5,118.4,127.6,130.5,133.7,132.7,132.5,131.8,133.9,131.9,130.1,126.2,120.9,118.1,118.6,115.1,114.7,115.9,114.0,112.8,110.0,112.4,113.2,113.0,111.3,111.6,110.2,108.8,107.6,104.9,103.5,101.8,100.7
22:35:13.980,145.0,127.1,142.8,111.0,107.5,122.3,119.9,127.2,130.9,136.1,132.6,135.2,135.3,133.7,134.7,131.8,128.6,124.8,122.4,124.5,122.3,117.5,116.8,117.0,117.1,114.5,113.0,113.7,114.6,115.0,112.3,113.2,111.5,110.5,108.0,106.2,104.9,104.4,101.6
22:35:14.980,144.1,127.3,141.3,115.7,115.4,124.2,127.4,129.8,133.7,132.7,138.0,137.6,135.2,135.4,133.2,130.7,126.0,124.7,125.1,124.4,120.3,115.5,115.6,117.7,117.2,114.6,114.1,114.5,115.2,115.7,114.6,112.5,111.2,110.0,107.2,106.6,105.5,104.1,101.9
22:35:15.980,141.5,124.9,138.0,118.1,120.9,128.2,131.4,132.8,132.8,134.0,135.9,131.8,133.5,132.5,129.6,125.2,124.8,124.6,122.8,123.1,119.0,114.1,114.1,115.8,115.5,114.7,112.4,111.9,111.9,113.6,112.3,108.7,106.7,104.9,103.7,102.7,102.1,99.8,98.5
22:35:16.980,139.9,123.7,136.5,122.4,114.9,127.4,130.8,133.8,136.8,132.5,133.3,132.6,130.4,128.7,125.2,125.1,123.7,123.8,120.7,120.4,116.2,113.1,111.7,114.6,114.5,114.3,110.9,110.7,111.2,110.8,110.2,106.1,105.0,103.2,102.4,102.7,100.1,99.2,97.4
22:35:17.980,138.3,121.2,135.0,116.6,118.5,127.0,130.4,131.5,129.6,129.1,130.1,128.1,129.2,125.4,126.1,124.1,121.0,121.4,119.4,117.2,114.0,109.4,109.1,112.9,113.3,110.9,109.1,109.2,107.4,106.7,105.6,102.8,102.7,100.4,98.7,98.1,97.4,95.4,93.3
22:35:18.980,136.7,119.1,133.2,115.3,123.8,129.7,129.4,131.5,131.9,130.1,128.7,128.5,126.7,126.0,121.7,121.5,121.6,119.1,114.9,115.5,112.3,106.4,108.0,111.1,111.2,110.6,107.2,107.0,105.2,103.0,102.4,101.9,102.5,100.0,97.8,96.4,94.9,92.9,90.8
22:35:19.980,134.2,116.3,129.9,118.1,121.5,128.7,125.0,128.0,127.1,126.2,126.6,126.7,125.3,122.2,120.2,118.7,119.7,117.3,114.1,115.1,110.5,103.8,105.8,108.9,109.5,107.6,105.9,103.9,100.8,97.5,97.2,98.1,98.3,94.9,94.6,91.4,89.8,88.7,86.0
22:35:20.980,132.8,115.6,129.2,118.9,130.2,121.2,126.0,126.3,125.1,127.5,124.3,123.5,120.9,120.3,119.3,116.6,116.7,114.4,111.9,111.2,106.9,101.8,104.3,108.4,108.5,107.2,106.1,103.6,101.3,96.4,99.1,98.5,97.4,95.7,95.1,92.9,90.9,89.5,87.5
22:35:21.980,130.0,113.6,126.3,122.3,124.6,121.4,126.6,127.8,124.7,125.4,123.6,120.8,119.6,117.3,117.4,116.1,115.9,112.8,109.7,109.8,105.5,99.3,102.9,106.3,105.9,106.0,103.9,99.6,98.0,93.6,96.1,94.9,93.5,93.1,91.7,90.9,87.7,86.3,83.7
22:35:22.980,128.6,110.9,124.2,118.9,121.0,122.3,122.0,121.4,126.3,122.5,121.5,119.5,115.6,116.5,114.1,113.8,111.0,109.2,107.6,107.2,103.6,97.8,100.4,103.7,103.5,103.2,102.3,97.1,94.0,89.9,91.7,88.1,86.7,86.5,85.3,82.7,79.8,77.5,75.6
22:35:23.980,125.5,108.5,121.5,121.0,118.9,117.9,118.3,120.9,120.6,119.2,118.9,116.3,113.5,110.8,112.6,110.4,109.3,106.7,105.7,103.3,100.9,95.1,97.2,100.6,101.2,101.8,99.7,94.2,92.0,89.4,90.1,86.2,84.0,82.6,83.3,80.4,78.1,75.7,74.1
22:35:24.980,124.3,106.7,119.9,123.0,118.8,119.1,119.3,115.7,118.0,117.2,117.0,115.4,111.6,111.9,112.6,109.0,107.4,104.7,103.8,101.5,98.2,92.3,95.6,99.0,99.4,99.7,97.5,91.6,90.0,88.2,88.4,84.2,81.6,79.5,80.0,77.5,74.9,73.3,73.2
22:35:25.980,124.3,104.5,119.0,116.7,116.3,120.4,119.7,117.0,115.5,115.1,114.2,111.8,110.2,110.0,107.4,106.7,104.5,103.9,101.3,100.7,97.7,90.9,94.1,96.7,97.8,96.9,95.9,89.1,87.6,86.6,84.2,80.4,76.2,73.8,74.3,72.5,71.5,71.3,72.8
22:35:26.980,122.3,102.8,117.4,110.0,109.9,116.8,113.1,112.7,112.1,114.2,114.2,110.4,106.2,108.0,108.7,106.6,103.0,101.1,100.0,98.6,95.7,89.2,93.7,94.8,96.2,94.7,94.2,87.5,85.9,84.4,81.1,79.1,74.2,71.9,71.1,71.2,70.8,71.2,72.8
22:35:27.980,121.4,100.3,115.8,105.3,109.7,111.0,114.5,115.7,112.4,113.3,109.9,112.0,105.9,105.5,105.9,103.2,102.4,100.7,97.7,96.1,92.6,86.3,89.6,91.9,93.8,93.4,91.7,84.8,83.0,81.7,76.7,74.7,70.1,68.9,68.8,69.2,70.1,71.2,72.6
22:35:28.980,117.9,96.4,113.0,110.3,113.1,110.8,117.5,117.1,112.1,109.9,107.0,110.9,105.3,105.8,103.1,102.1,98.9,97.2,94.6,93.1,87.9,83.8,87.5,89.7,89.9,88.4,86.4,79.6,78.2,77.3,72.9,70.5,67.2,67.3,68.1,69.1,70.2,71.0,72.6
22:35:29.980,117.0,94.3,111.6,112.5,112.1,111.5,111.8,111.9,111.6,110.5,109.3,103.6,104.2,103.2,101.4,100.6,97.0,93.5,92.4,91.9,86.1,80.6,84.6,86.8,87.7,85.7,83.4,76.1,74.8,74.7,69.3,69.2,66.6,66.9,67.8,69.1,70.2,71.1,72.6
22:35:30.980,116.1,90.9,110.5,108.9,109.3,115.2,109.4,106.3,105.8,105.6,108.7,106.0,101.4,100.8,98.9,97.9,96.1,94.1,88.1,87.7,84.7,77.7,81.1,83.5,83.5,83.2,79.6,73.3,72.0,70.2,66.1,65.9,65.9,66.7,67.7,68.8,70.0,71.0,72.6
22:35:31.980,113.4,89.8,107.7,106.3,102.1,110.1,106.8,108.5,105.1,108.0,104.6,102.2,101.6,96.9,97.1,95.9,93.0,90.8,88.8,87.2,81.6,75.7,79.1,82.0,83.0,81.4,78.9,71.0,70.4,69.0,65.5,65.6,65.6,66.6,67.8,68.9,70.2,71.1,72.8
22:35:32.980,113.8,86.8,107.8,107.2,112.0,106.7,106.7,104.2,107.2,105.2,103.8,100.3,99.2,98.4,95.3,95.2,91.5,89.6,87.2,85.0,80.5,73.2,77.2,78.1,79.7,77.6,75.0,67.9,67.6,67.1,64.3,65.0,65.9,66.8,67.6,69.1,70.0,71.1,72.7
22:35:33.980,111.8,86.5,105.9,108.5,105.7,103.1,109.3,106.8,104.8,103.8,103.4,101.0,98.5,95.0,95.5,91.5,90.7,86.8,85.5,82.4,78.6,73.5,77.9,79.3,79.8,78.0,73.9,66.6,67.1,65.4,64.3,65.3,65.9,66.6,67.8,69.0,70.0,71.1,72.7
22:35:34.980,111.0,86.2,105.1,102.8,108.6,105.7,101.5,103.0,98.6,102.1,100.9,100.7,97.1,95.4,93.7,94.6,88.9,86.6,85.0,83.6,78.9,73.3,76.2,78.7,80.1,77.8,74.3,67.3,66.8,65.1,64.2,65.7,66.1,66.9,67.9,69.1,70.1,71.1,72.7
22:35:35.980,109.8,83.0,104.0,104.9,103.8,104.4,105.6,101.5,101.4,101.1,98.9,96.3,96.5,95.6,92.9,90.9,89.3,85.8,79.7,80.4,75.7,69.2,72.3,75.3,76.2,73.9,70.6,64.3,64.9,64.5,64.7,65.4,65.9,66.6,67.9,68.9,70.0,71.0,72.8
22:35:36.980,110.4,82.1,102.9,94.8,100.9,102.5,103.4,100.3,101.6,101.8,99.0,96.9,93.7,89.6,88.7,85.2,87.3,81.0,81.5,78.9,74.3,68.2,71.2,74.0,75.6,74.1,70.4,63.8,64.7,64.2,64.8,65.6,65.9,66.7,68.0,69.0,70.0,71.1,72.7
22:35:37.980,107.9,79.2,99.8,98.7,104.6,100.4,103.7,101.1,97.9,97.8,98.5,96.0,93.8,91.5,88.2,85.8,82.2,80.9,78.6,76.2,71.6,66.2,69.5,71.7,72.0,71.0,67.9,63.0,63.8,64.1,64.5,65.6,66.2,66.9,67.9,69.1,70.1,71.0,72.6
22:35:38.980,107.9,75.8,99.8,99.3,100.5,97.0,100.6,102.6,97.3,96.0,93.7,91.2,90.8,89.7,86.8,84.7,82.3,78.2,76.5,71.9,68.0,63.6,64.9,65.3,66.3,64.9,62.9,61.8,63.3,63.9,64.7,65.6,66.0,66.7,67.9,69.1,70.1,71.0,72.7
22:35:39.980,106.0,74.1,98.4,97.3,96.2,104.6,101.2,98.0,96.9,95.5,93.5,95.0,86.4,86.2,87.0,82.6,80.5,77.2,74.7,70.8,66.5,62.2,62.8,64.0,64.7,63.8,61.9,61.6,63.3,64.3,64.8,65.6,65.9,66.9,68.0,68.9,70.0,71.0,72.8
22:35:40.980,104.9,72.0,97.8,94.5,103.8,100.8,99.9,97.0,98.4,94.3,91.3,88.8,87.7,85.6,82.1,79.4,75.3,74.6,72.4,69.0,64.1,60.7,61.6,61.9,62.0,61.2,60.4,60.8,62.4,63.5,64.6,65.4,65.9,66.8,67.9,69.0,70.0,71.0,72.8
22:35:41.980,105.1,71.8,96.6,92.1,99.0,96.7,101.7,98.7,94.5,95.1,94.6,87.3,87.1,84.1,82.1,79.9,76.8,74.5,70.9,69.5,65.3,60.6,61.5,63.7,62.9,61.7,60.9,60.7,62.5,63.8,64.1,65.3,65.9,66.7,67.8,68.9,70.0,71.0,72.7
22:35:42.980,103.9,70.6,96.2,97.6,99.3,96.1,98.5,99.3,95.2,92.3,91.6,87.0,82.6,85.1,81.1,78.3,74.7,73.4,68.8,66.6,63.2,58.5,59.3,61.4,62.2,61.4,60.7,61.1,62.7,63.6,64.3,65.5,65.7,66.9,67.9,69.0,70.0,71.0,72.7
22:35:43.980,103.5,69.5,94.2,100.4,97.1,93.3,94.8,97.0,95.8,91.1,91.6,84.6,83.1,80.8,79.0,77.1,72.5,71.6,68.1,64.0,61.3,58.3,58.5,59.0,59.3,59.4,60.1,61.4,62.4,63.5,64.6,65.7,66.2,66.9,68.0,69.0,70.0,71.2,72.8
22:35:44.980,100.6,68.7,93.0,98.7,93.1,95.3,94.3,98.3,95.2,91.3,87.0,86.7,81.9,79.7,79.4,76.5,71.0,69.1,65.8,63.3,59.3,58.1,57.1,58.7,58.9,59.5,59.8,61.2,62.4,63.4,64.3,65.6,66.2,66.9,67.7,69.0,70.0,71.0,72.8
22:35:45.980,101.5,67.7,93.2,90.6,93.4,92.2,92.3,94.2,92.8,91.1,88.2,85.7,80.7,78.3,76.3,74.2,71.8,69.1,65.4,62.2,59.8,58.1,57.6,58.4,58.4,59.1,59.3,60.8,62.2,63.5,64.4,65.3,65.8,66.8,67.9,68.8,70.1,70.9,72.6
22:35:46.980,99.8,67.1,91.8,95.7,97.5,95.4,93.0,91.9,89.7,87.8,88.3,86.5,81.1,77.4,75.5,74.9,71.4,68.9,65.9,62.1,59.3,57.2,57.4,58.2,58.8,59.3,59.4,61.1,62.2,63.5,64.4,65.2,65.9,66.7,67.8,69.0,70.2,71.0,72.6
22:35:47.980,99.4,66.2,90.1,93.5,91.2,95.4,94.6,93.5,88.8,90.1,88.0,82.5,81.0,77.7,75.0,71.9,70.4,67.4,65.7,60.4,59.0,56.8,56.4,57.2,58.0,58.7,59.7,60.8,62.0,63.3,64.3,65.2,65.8,66.8,67.9,68.9,70.0,70.8,72.7
22:35:48.980,97.6,65.7,89.7,94.0,93.1,95.4,88.5,93.5,89.4,84.2,84.0,80.8,80.1,74.5,72.8,71.3,68.6,65.3,63.6,60.7,57.3,57.0,57.0,57.6,58.4,58.3,59.6,60.9,61.7,63.5,63.9,65.2,65.9,66.8,67.8,69.1,70.1,71.1,72.7
22:35:49.980,93.8,66.0,87.2,93.9,90.1,94.8,91.0,91.3,87.8,86.1,85.2,82.0,77.7,76.7,72.3,70.3,68.2,66.2,62.1,60.5,56.1,56.3,57.2,57.2,57.8,58.8,60.1,60.9,62.4,63.2,64.0,65.0,65.9,66.9,68.0,68.9,70.1,71.1,72.8
22:35:50.980,96.0,67.8,86.8,83.6,90.0,91.9,91.0,88.7,87.4,84.9,82.6,80.5,76.0,72.8,69.3,69.5,63.6,64.2,62.4,59.7,58.1,55.6,56.5,56.7,58.3,58.9,59.7,61.3,64.2,64.5,64.0,65.5,66.1,66.9,67.9,69.0,70.1,71.1,72.7
22:35:51.980,95.1,66.0,86.1,87.6,86.0,89.0,90.0,83.8,85.7,81.7,84.5,75.9,73.4,70.9,71.3,69.6,65.9,63.7,61.7,60.4,56.7,56.1,56.8,56.8,58.5,58.9,59.7,61.3,63.0,63.5,64.1,65.0,65.9,67.0,68.0,69.1,69.9,71.0,72.8
22:35:52.980,93.1,64.3,84.6,89.5,88.9,85.6,86.5,83.3,83.1,83.5,81.3,79.4,75.5,70.6,70.6,68.2,65.4,62.8,61.0,58.3,56.7,56.1,57.2,56.8,57.8,58.6,60.0,60.6,62.1,63.0,64.0,64.9,65.9,67.0,67.8,68.8,70.0,70.9,72.8
22:35:53.980,94.2,65.4,85.1,90.8,83.2,86.4,82.3,84.6,85.6,78.2,78.4,77.8,75.1,70.6,68.3,68.5,65.7,62.3,60.2,58.9,56.3,55.6,56.6,56.3,57.8,58.7,59.9,60.8,62.4,63.1,64.1,65.1,65.7,66.9,67.8,68.9,69.9,71.0,72.6
22:35:54.980,92.1,65.5,84.2,84.3,82.0,88.4,85.2,81.6,82.6,84.5,78.6,76.9,72.8,72.4,67.3,68.1,64.7,62.7,59.8,58.9,56.0,55.8,56.1,56.7,57.6,59.1,59.6,61.6,63.2,63.5,64.1,64.8,66.0,67.0,67.9,69.0,69.9,71.1,72.8
22:35:55.980,91.9,64.1,84.0,88.8,81.9,85.9,84.7,80.2,81.0,83.4,81.5,73.5,72.7,71.2,69.3,66.7,65.7,61.5,60.6,57.2,56.9,56.3,56.9,56.9,58.0,59.1,59.3,60.9,62.1,63.1,64.1,65.1,65.5,66.9,68.0,68.9,70.0,71.0,72.6
22:35:56.980,92.1,63.3,83.6,88.4,86.8,84.8,86.5,80.5,77.5,77.9,77.2,74.7,74.4,71.6,67.7,65.9,65.2,61.1,60.3,58.9,56.1,56.7,56.1,57.2,58.4,58.7,59.1,60.6,62.2,62.9,64.0,64.8,65.7,66.6,67.9,69.1,70.0,71.1,72.7
22:35:57.980,90.4,63.9,83.2,83.9,85.1,86.5,87.8,80.3,84.2,82.6,78.4,76.0,71.7,69.4,67.1,66.0,63.8,61.6,59.4,57.4,55.6,55.5,55.8,57.0,57.6,58.6,59.3,60.7,62.4,63.3,63.7,65.2,65.5,67.0,67.9,68.9,70.1,70.8,72.8
22:35:58.980,91.2,62.5,82.2,82.8,79.6,77.2,83.5,80.7,82.6,80.8,79.5,74.5,70.5,68.8,68.6,66.5,64.4,61.0,58.6,56.8,56.6,55.6,56.5,58.0,57.3,58.9,59.5,60.8,61.4,63.0,63.8,65.0,65.7,66.7,68.0,69.0,70.1,70.9,72.8
22:35:59.980,91.3,62.2,82.7,82.2,78.3,77.7,83.9,77.7,83.7,81.8,77.6,75.0,73.7,67.4,67.1,65.8,63.0,60.9,59.1,57.6,56.0,55.4,55.7,57.4,58.1,58.1,59.3,60.8,61.8,62.8,63.6,64.5,65.7,66.7,67.7,68.9,69.9,70.9,72.7
22:36:00.980,91.5,62.9,83.5,85.6,78.7,76.9,75.2,76.7,80.9,81.4,77.7,75.6,72.9,68.7,66.8,64.8,62.8,61.3,57.0,56.2,55.4,55.9,56.1,56.9,57.5,58.6,60.1,60.4,62.1,63.3,64.1,64.8,65.8,66.7,67.7,68.9,70.0,70.9,72.8
22:36:01.980,90.8,61.0,82.7,80.2,80.7,81.9,77.7,77.6,75.4,82.7,80.0,76.2,73.2,69.0,67.3,65.9,63.0,59.7,59.2,55.8,55.8,55.0,56.7,57.3,57.4,58.8,60.2,60.2,61.6,62.6,63.7,64.8,65.9,66.7,67.9,69.0,69.9,70.9,72.6
22:36:02.980,87.5,62.1,80.5,79.2,76.0,81.9,74.3,75.4,81.6,79.8,80.4,75.1,71.7,67.8,68.1,64.8,62.7,59.1,58.5,56.9,55.2,55.5,56.7,57.0,57.9,58.9,59.5,60.2,61.3,62.6,63.9,65.0,65.6,66.8,67.8,68.9,70.0,71.0,72.7
22:36:03.980,89.5,62.3,82.1,78.5,80.4,78.4,81.5,79.8,80.1,80.7,78.1,71.3,72.3,67.9,67.2,66.3,62.0,60.0,57.6,56.2,55.7,55.6,56.0,57.6,58.1,58.6,58.7,60.2,62.1,62.4,63.4,64.9,65.6,66.7,67.9,68.9,70.0,70.9,72.8
22:36:04.980,91.1,64.2,82.4,79.6,77.9,76.9,77.1,78.9,78.4,80.6,78.4,77.2,71.1,69.7,66.1,62.7,62.1,60.8,58.5,56.0,56.4,55.6,56.4,57.3,58.2,58.3,59.6,60.4,61.9,62.8,64.0,65.1,66.0,66.8,68.0,68.9,70.1,71.0,72.8
22:36:05.980,89.7,64.0,81.0,80.0,76.5,73.9,72.6,74.2,78.6,76.6,80.3,75.3,71.1,64.6,63.0,64.6,61.1,58.4,57.0,56.5,55.4,55.4,56.2,57.3,58.1,58.6,59.6,60.3,61.6,62.9,64.1,65.0,65.7,66.8,67.7,69.0,70.1,71.0,72.8
22:36:06.980,90.3,63.4,80.6,77.9,78.3,77.7,77.7,78.0,79.1,81.7,77.1,73.5,72.3,67.1,66.0,64.9,60.0,59.7,58.5,55.6,55.3,55.3,56.2,57.2,57.2,58.3,59.4,60.4,62.1,62.9,63.9,65.0,65.8,66.8,67.6,68.8,70.0,71.0,72.6
22:36:07.980,88.7,61.8,82.1,77.5,78.0,79.4,75.8,76.1,79.2,75.2,78.3,72.0,69.2,66.4,65.4,63.4,59.1,58.6,57.2,55.5,55.7,55.7,55.8,57.0,58.0,59.1,59.4,60.7,61.6,62.7,64.0,64.8,65.7,66.7,67.9,68.8,70.0,71.0,72.8
22:36:08.980,89.4,61.8,79.9,71.5,78.7,74.9,77.9,77.1,77.6,80.8,78.4,73.5,70.8,67.2,64.9,65.1,62.3,58.2,57.1,55.5,56.1,54.4,55.8,56.3,57.7,59.0,59.5,60.5,61.7,62.4,63.7,64.7,65.8,66.9,68.0,69.0,70.0,70.9,72.6
22:36:09.980,89.9,61.3,80.5,72.7,75.1,81.5,77.5,80.0,79.8,77.4,74.5,73.7,71.2,67.3,66.0,63.6,61.5,58.2,57.5,55.5,54.6,55.1,56.2,57.0,57.0,58.3,60.0,60.5,61.3,62.5,63.7,64.7,65.5,66.8,68.0,68.9,70.0,70.9,72.7
22:36:10.980,90.0,60.0,81.9,76.0,80.0,78.2,78.1,76.2,80.5,76.9,76.2,73.4,69.2,66.2,65.1,63.2,59.3,58.3,57.7,55.6,55.1,55.4,55.1,57.0,57.9,59.1,59.5,60.3,61.5,62.3,63.7,64.9,65.4,66.7,68.0,69.0,70.1,71.0,72.6
22:36:11.980,91.5,59.5,82.0,76.9,79.2,75.0,76.6,76.4,78.9,80.5,77.6,75.6,70.2,65.1,64.1,62.4,61.3,57.9,57.2,54.5,54.7,55.9,56.1,56.6,58.1,58.7,59.1,60.5,61.5,62.8,63.6,64.5,65.7,66.9,67.8,69.0,70.1,70.8,72.6
22:36:12.980,91.4,59.0,80.9,70.9,79.7,79.5,77.2,78.5,80.5,78.8,80.6,74.8,70.3,66.8,64.9,61.9,60.4,58.6,56.6,55.6,55.7,55.8,57.0,57.5,58.0,58.4,59.6,60.6,61.4,62.3,63.8,64.7,65.9,66.8,67.8,69.0,70.1,70.9,72.7
22:36:13.980,91.6,58.2,82.6,77.3,80.6,80.9,80.3,75.7,80.1,77.8,75.9,73.6,70.9,68.4,63.1,62.7,60.1,58.5,57.1,55.4,55.7,55.0,56.4,56.9,58.2,58.2,59.2,60.3,61.6,62.5,63.6,64.5,65.4,66.7,68.0,68.9,70.0,70.8,72.7
22:36:14.980,94.4,57.7,83.5,82.3,82.5,81.1,77.9,74.9,79.0,80.0,78.3,71.7,70.8,67.1,64.4,62.5,60.5,57.3,56.1,55.6,55.6,54.7,56.4,56.8,57.6,58.5,59.5,60.3,61.5,62.6,63.3,64.5,65.6,66.9,67.9,69.0,70.0,70.9,72.8
22:36:15.980,96.1,57.3,83.1,81.4,79.6,84.8,81.7,82.0,82.1,80.5,78.1,71.7,70.1,66.7,64.4,62.6,58.3,58.6,56.6,54.9,54.7,55.8,55.9,56.8,57.7,58.3,59.6,60.5,61.8,62.4,63.8,64.4,65.5,66.7,67.8,68.9,69.9,70.9,72.7
22:36:16.980,97.5,56.5,85.0,80.4,80.7,84.1,81.2,82.2,80.9,79.3,78.5,73.6,70.9,64.8,63.5,62.8,61.0,58.3,57.5,55.2,55.0,55.4,55.8,56.7,57.6,58.9,59.4,60.3,61.5,62.3,63.3,64.4,65.7,66.5,67.9,69.0,70.2,71.1,72.6
22:36:17.980,98.0,56.1,85.0,81.3,82.0,85.1,87.3,83.2,75.7,79.9,76.1,74.4,71.9,65.3,65.7,63.0,59.0,56.5,56.2,55.3,55.8,55.8,56.3,56.7,57.2,58.6,59.0,60.2,61.2,62.7,63.6,64.5,65.7,66.7,67.7,68.9,70.0,71.1,72.7
22:36:18.980,95.5,56.6,82.7,81.9,78.7,84.8,90.7,86.2,81.6,79.0,74.4,73.5,69.6,68.5,66.1,63.4,60.9,56.7,55.9,56.3,55.0,55.5,55.3,57.1,58.0,58.8,58.4,60.3,61.1,62.6,63.4,64.5,65.5,66.7,68.0,68.8,70.0,70.9,72.7
22:36:19.980,97.8,57.8,84.4,86.0,89.1,85.3,89.3,85.5,83.0,74.3,75.7,72.7,71.5,67.1,66.2,63.4,59.0,56.9,55.4,55.7,55.1,55.4,55.6,56.6,58.2,58.2,59.3,60.7,61.3,62.5,63.5,64.6,65.7,66.9,67.7,69.0,69.9,70.8,72.7
22:36:20.980,94.8,59.0,83.3,85.4,90.5,88.7,86.7,85.2,84.0,78.7,73.4,73.8,70.1,65.9,64.3,63.3,60.9,59.1,56.2,56.3,54.3,54.2,56.1,56.6,57.3,58.6,59.6,60.2,61.6,62.7,63.9,64.6,65.8,66.7,67.7,69.0,70.2,71.0,72.8
22:36:21.980,98.2,59.6,85.4,89.6,92.4,89.5,84.6,81.9,82.8,79.8,76.2,72.1,68.1,64.3,67.1,63.1,60.8,56.6,56.0,54.6,54.5,55.0,56.4,57.2,57.8,58.7,59.6,60.9,61.1,62.3,63.9,64.6,65.5,66.8,68.0,69.0,70.0,70.9,72.7
22:36:22.980,96.8,59.8,84.8,89.8,90.7,88.9,85.9,82.7,80.6,79.9,79.2,73.8,73.3,69.8,71.1,63.9,60.7,57.1,56.5,55.8,54.8,55.8,56.2,57.2,57.8,59.1,59.4,60.6,62.1,62.6,63.2,64.7,65.7,66.6,67.8,69.0,70.3,70.9,72.8
22:36:23.980,94.1,62.5,84.1,88.3,90.5,88.4,88.2,81.3,84.3,78.0,77.3,78.2,73.6,66.5,64.1,63.1,60.1,56.6,55.8,54.7,54.6,55.1,56.3,57.4,57.8,58.9,59.2,60.4,61.5,62.4,63.8,65.2,65.8,66.7,67.8,69.0,69.9,71.0,72.7
22:36:24.980,96.7,59.9,85.2,92.0,92.8,90.9,88.3,85.7,81.7,74.0,77.8,74.0,71.1,67.1,66.4,61.9,59.5,56.3,56.5,54.4,55.3,55.5,56.0,56.6,57.3,58.4,59.6,60.3,61.6,62.6,63.6,64.4,65.6,66.7,67.9,69.0,70.0,71.1,72.8
22:36:25.980,93.0,57.9,84.2,87.1,84.9,89.3,86.9,85.3,83.3,79.8,75.5,72.9,71.5,68.9,65.3,63.0,60.0,57.9,55.7,55.3,55.5,55.8,56.0,56.4,58.1,59.1,59.6,60.5,61.6,62.4,63.8,64.4,65.5,66.8,67.9,69.0,70.0,71.0,72.7
22:36:26.980,94.3,61.2,84.0,90.2,94.1,87.7,85.8,89.1,78.0,80.1,79.7,75.1,73.7,69.8,67.5,60.9,60.2,57.1,56.2,55.0,55.0,55.7,56.3,56.8,57.5,58.8,59.6,60.4,61.9,62.6,63.8,64.7,65.7,66.7,67.9,68.9,70.1,71.1,72.8
22:36:27.980,92.9,62.2,83.7,87.8,90.4,90.1,87.4,87.0,78.2,78.5,78.4,78.2,73.4,69.8,69.5,63.8,62.1,58.2,57.2,54.4,54.8,55.3,56.5,57.0,57.5,58.6,59.9,60.3,61.7,62.8,63.9,64.7,65.5,66.8,68.0,69.1,70.0,71.0,72.5
22:36:28.980,92.2,59.0,83.4,83.9,85.6,86.7,81.1,84.0,81.5,79.2,75.9,75.6,74.2,68.3,64.1,63.0,62.0,60.0,56.3,56.5,55.6,54.6,56.6,56.4,57.7,58.1,59.6,60.3,61.6,62.3,63.8,64.8,65.6,66.8,68.0,69.1,70.0,71.0,72.8
22:36:29.980,94.4,57.7,84.3,83.7,89.9,88.6,83.9,86.1,81.5,79.6,79.7,77.1,70.5,66.6,65.6,63.6,62.4,57.9,56.8,56.9,55.9,55.2,56.3,56.5,57.5,58.1,59.3,60.4,61.3,62.6,63.5,64.7,65.5,66.8,67.8,69.1,69.9,71.0,72.7
22:36:30.980,92.1,57.4,83.6,84.0,81.2,86.1,87.5,77.4,80.9,81.2,79.8,76.9,71.7,68.0,65.5,63.6,61.4,58.1,57.1,55.2,55.7,55.2,56.0,56.6,57.6,58.9,59.4,60.1,61.2,62.6,63.5,64.6,65.4,66.9,67.9,69.0,70.1,71.1,72.8
22:36:31.980,94.2,57.7,85.0,86.0,84.7,83.1,86.2,79.2,83.1,82.4,80.3,72.4,71.5,66.5,64.3,65.2,61.4,58.3,57.3,56.0,54.5,55.7,56.3,56.6,57.2,58.7,59.4,60.6,61.5,62.4,63.5,64.8,65.5,66.7,67.8,69.0,70.0,71.0,72.8
22:36:32.980,93.4,58.9,85.3,83.2,80.1,87.2,84.9,79.6,79.6,79.9,79.3,74.2,74.2,69.1,68.0,66.3,60.8,60.5,57.7,55.1,54.6,55.6,55.6,56.9,57.6,58.5,59.6,60.4,61.4,62.2,63.6,64.7,65.5,66.6,67.7,68.9,70.1,71.0,72.7
22:36:33.980,92.6,57.7,83.9,81.7,86.4,86.4,82.6,82.1,86.8,83.9,80.0,78.1,73.0,66.7,68.9,67.2,63.5,57.7,56.4,55.0,54.3,55.3,55.9,57.3,57.8,58.2,59.2,60.4,61.4,62.7,63.9,64.6,65.6,66.8,67.9,69.0,70.1,70.9,72.8
22:36:34.980,93.3,58.6,84.6,77.2,85.7,85.5,83.0,82.8,85.7,82.4,77.6,76.8,73.2,68.2,66.2,62.9,62.9,57.6,56.9,56.8,56.1,55.6,56.5,56.7,57.7,58.3,59.7,60.7,61.4,62.3,63.5,64.5,65.7,66.7,67.9,68.9,70.0,70.9,72.8
22:36:35.980,92.5,58.3,83.7,84.9,80.0,85.8,83.0,82.3,85.3,80.7,75.9,75.9,74.8,72.4,72.5,65.3,61.7,60.8,57.7,57.3,55.8,56.0,55.9,56.8,57.4,58.6,59.5,60.5,61.5,62.7,63.4,64.8,65.6,66.8,67.9,68.9,70.1,70.9,72.6
22:36:36.980,91.4,59.0,84.4,82.2,89.9,83.7,78.8,81.8,84.7,78.5,78.3,74.7,74.0,68.5,68.6,66.1,63.3,56.9,58.5,54.9,55.8,55.3,55.9,57.1,57.7,59.0,59.8,60.8,61.6,62.5,63.4,64.5,65.5,66.6,67.8,68.9,69.9,70.9,72.7
22:36:37.980,92.5,58.7,85.4,81.5,79.9,83.9,80.7,85.2,87.3,75.7,75.2,78.2,74.8,71.5,69.0,69.8,65.2,60.7,57.6,55.3,55.0,55.2,55.8,57.6,58.1,58.0,59.2,60.6,61.7,62.4,63.6,64.8,65.6,66.5,67.6,69.0,69.9,71.0,72.8
22:36:38.980,93.3,57.2,84.5,86.7,81.6,82.6,80.7,83.8,84.2,79.6,78.1,79.0,77.3,69.9,64.1,64.1,60.7,58.7,59.0,54.6,54.1,55.4,55.6,56.8,57.5,58.5,59.2,60.1,62.1,62.5,63.5,64.8,65.5,66.7,67.8,69.0,70.0,70.9,72.7
22:36:39.980,92.6,57.8,84.1,87.1,88.5,76.2,79.9,84.9,83.7,79.0,80.3,77.7,74.0,70.0,65.8,66.9,60.5,58.5,57.0,56.1,55.8,54.8,56.1,56.8,57.4,59.1,59.7,60.4,61.5,62.3,63.4,64.5,65.6,66.9,67.8,69.0,70.0,70.9,72.8
22:36:40.980,91.5,58.4,83.5,79.8,82.2,74.0,88.6,82.2,83.7,77.8,78.8,75.2,71.5,67.5,69.4,69.5,63.7,61.2,59.3,56.3,54.3,55.0,56.0,57.0,57.8,58.1,59.5,60.5,61.6,62.3,63.6,64.5,65.7,66.6,68.0,69.1,70.1,70.9,72.7
22:36:41.980,93.4,59.1,84.3,79.4,78.9,78.9,84.5,88.4,76.2,79.5,77.9,77.0,75.1,71.3,67.4,69.9,65.7,61.1,59.0,57.1,55.5,55.5,56.3,57.0,57.7,58.4,59.1,60.4,61.4,62.4,63.4,64.7,65.7,66.8,68.1,68.9,70.1,70.9,72.8
22:36:42.980,93.4,58.9,85.0,83.8,82.1,84.9,84.3,81.5,78.7,78.7,78.5,78.5,78.2,72.4,69.9,68.1,64.7,61.3,59.0,56.9,56.0,55.8,56.2,56.9,57.5,58.5,59.6,60.5,61.5,62.4,63.5,64.8,65.7,66.7,67.8,69.0,70.1,70.9,72.7
22:36:43.980,92.1,59.4,84.1,80.4,86.6,81.5,84.2,85.7,76.5,81.6,77.0,76.4,78.5,70.2,68.1,68.6,62.1,61.9,60.8,56.0,55.7,55.3,56.8,58.0,57.7,58.1,59.9,60.4,61.9,62.6,63.7,64.8,65.6,66.8,68.0,69.0,70.2,70.9,72.7
22:36:44.980,90.3,60.7,82.8,84.9,77.7,81.3,84.5,87.5,77.2,77.3,78.9,80.8,74.3,67.8,65.7,67.9,63.6,59.4,58.8,58.5,56.4,55.8,56.1,56.9,58.0,59.1,58.9,60.3,61.4,62.3,63.7,64.8,65.6,66.9,67.9,69.2,70.0,70.9,72.8
22:36:45.980,90.7,59.6,82.3,81.5,85.0,82.3,88.5,78.2,77.3,81.6,77.7,78.0,66.8,69.2,69.8,69.3,66.0,62.2,59.0,56.2,55.5,55.4,55.8,56.8,57.9,59.3,59.8,60.4,61.5,62.3,63.5,64.5,65.5,66.6,68.0,68.9,70.1,70.9,72.8
22:36:46.980,92.4,59.1,82.7,84.4,83.8,82.1,80.4,77.6,77.5,77.4,75.0,77.6,75.7,72.0,69.2,66.7,66.5,63.2,60.2,56.0,55.8,56.4,56.5,57.2,57.7,58.4,59.4,60.4,61.3,62.6,63.6,64.5,65.4,66.8,67.8,68.8,70.1,70.9,72.9
22:36:47.980,90.8,58.9,81.2,85.1,87.5,80.7,81.2,74.9,79.2,75.5,73.3,79.8,75.2,73.1,69.9,66.3,63.9,63.0,58.3,57.2,57.1,56.8,56.2,57.1,57.9,58.8,58.7,60.6,61.5,62.5,63.4,64.6,65.5,66.5,67.9,69.1,70.0,71.0,72.7
22:36:48.980,90.9,59.3,82.4,82.8,82.3,84.1,82.6,77.3,73.8,73.8,76.0,74.4,72.8,67.8,68.8,66.4,63.2,59.8,58.0,56.2,56.0,56.0,56.3,56.9,57.6,58.8,59.9,60.4,61.6,62.2,63.4,64.7,65.8,66.9,67.8,69.0,70.0,71.0,72.7
22:36:49.980,91.9,59.3,82.5,77.8,84.0,84.8,82.9,75.0,78.2,75.9,77.0,78.9,72.9,73.4,66.1,69.7,63.3,62.8,59.9,57.6,56.1,55.6,56.6,57.5,57.9,58.9,59.8,60.4,61.2,62.5,63.7,64.4,65.8,66.7,67.9,68.9,70.0,70.9,72.7
22:36:50.980,91.5,59.1,82.5,81.8,85.4,85.2,79.5,75.6,72.3,77.8,77.9,77.2,71.4,73.5,69.4,70.5,62.2,58.6,60.2,58.0,57.1,57.2,56.4,57.1,58.5,59.0,59.6,60.5,61.6,62.4,63.1,64.4,65.4,66.6,68.0,68.9,69.9,70.9,72.7
22:36:51.980,89.3,59.5,82.3,82.6,86.9,83.7,82.6,73.7,73.9,72.9,79.2,78.4,71.0,73.5,68.6,66.8,65.0,61.2,59.1,57.4,57.5,55.9,56.9,58.0,57.5,58.9,59.6,60.4,61.2,62.3,63.3,64.5,65.5,66.7,67.8,68.9,70.0,70.9,72.8
22:36:52.980,90.8,59.6,83.0,78.4,84.9,87.4,80.8,74.8,73.0,76.8,79.4,77.5,71.8,73.9,70.3,68.6,66.2,62.7,59.0,58.0,56.5,56.2,57.2,56.6,57.4,58.8,59.5,60.4,61.5,62.4,63.5,64.3,65.5,66.7,67.9,68.8,70.0,71.0,72.8
22:36:53.980,88.3,60.5,81.7,80.8,85.2,86.2,78.2,78.5,76.9,80.8,81.4,73.5,72.5,73.1,67.9,69.9,66.6,61.7,59.4,58.9,56.1,56.7,57.8,57.6,57.5,58.6,59.6,60.3,61.7,62.5,63.4,64.5,65.5,66.7,68.0,68.9,70.0,70.9,72.7
22:36:54.980,88.8,58.6,80.4,82.4,83.4,79.7,75.4,76.2,77.5,82.6,76.5,72.4,69.7,71.6,68.4,63.8,62.3,60.3,57.3,56.2,57.0,56.2,56.9,56.3,57.9,58.5,59.6,60.5,61.9,62.6,63.7,64.6,65.4,66.8,67.8,69.0,70.1,70.9,72.7
22:36:55.980,89.1,60.1,81.5,74.7,80.8,73.8,67.6,75.3,76.7,78.4,74.7,73.3,67.9,69.4,69.6,67.5,60.2,61.2,59.0,58.5,56.6,55.7,57.6,57.4,58.0,58.5,59.8,60.4,61.2,62.6,63.5,64.5,65.4,66.6,68.0,68.8,69.9,70.9,72.8
22:36:56.980,91.5,60.2,82.2,80.8,84.9,78.3,75.1,71.6,78.8,80.1,74.7,75.7,69.4,65.2,70.5,66.5,63.9,61.6,57.6,56.9,55.7,55.6,55.9,57.3,56.8,58.3,59.0,60.4,61.4,62.5,63.6,64.9,65.8,66.7,68.0,69.0,70.1,71.0,72.7
22:36:57.980,88.8,59.4,82.7,79.1,80.9,77.8,76.5,69.5,78.5,82.4,74.3,74.1,72.5,67.4,71.2,69.8,66.9,57.4,58.6,57.6,55.6,56.1,55.7,57.0,58.1,58.2,59.3,60.5,61.9,62.3,63.4,64.4,65.7,66.6,67.9,69.0,70.1,71.0,72.8
22:36:58.980,90.2,58.9,82.8,80.1,80.5,83.6,76.1,71.1,78.2,79.3,75.8,78.0,73.4,72.2,68.9,67.3,63.9,58.3,57.0,55.8,55.2,55.6,56.2,57.5,57.2,58.6,59.7,60.5,61.4,62.4,63.5,64.7,65.7,66.7,67.8,69.0,70.1,70.9,72.7
22:36:59.980,89.8,59.8,83.5,79.8,81.7,81.1,78.6,72.7,80.7,79.9,79.5,77.2,75.2,69.4,68.3,66.6,62.4,59.1,58.7,56.0,56.3,55.7,56.1,57.4,57.8,59.1,59.2,60.2,61.8,62.5,63.5,64.8,65.7,66.9,68.0,69.0,70.0,70.9,72.7
22:37:00.980,89.5,59.5,83.1,74.5,81.9,79.5,78.4,77.3,81.9,79.3,79.9,78.1,74.8,69.7,69.5,65.8,62.8,59.4,57.3,55.9,54.7,54.7,56.1,56.5,57.8,58.6,59.1,60.3,61.8,62.6,63.6,64.8,65.8,66.8,68.0,68.8,70.0,71.1,72.7
22:37:01.980,91.3,60.6,84.2,82.1,83.8,80.3,79.2,78.9,79.1,79.7,79.4,79.0,72.5,69.8,63.2,63.7,63.1,59.4,60.0,57.8,56.1,56.2,55.5,57.0,58.2,58.2,59.7,60.3,61.4,62.4,63.3,64.9,65.7,66.6,67.9,69.0,70.0,70.9,72.7
22:37:02.980,88.5,60.9,81.7,82.1,78.9,80.8,84.0,78.7,77.3,78.8,82.6,76.5,71.3,72.3,65.5,62.7,61.6,63.5,60.4,56.5,56.6,55.2,56.3,57.0,58.3,58.5,59.5,60.0,61.3,62.6,63.5,64.9,65.9,66.9,67.9,69.1,70.0,70.9,72.7
22:37:03.980,89.0,61.7,82.1,80.3,84.2,76.3,79.5,80.0,79.6,77.7,79.1,73.2,73.9,73.0,66.1,65.0,61.8,64.1,60.6,57.9,55.7,55.6,56.3,56.9,58.1,58.7,59.7,60.3,61.3,62.4,63.2,64.9,65.7,66.8,68.1,68.8,70.1,70.9,72.6
22:37:04.980,90.2,62.9,83.0,76.4,79.0,83.2,79.5,84.1,79.8,78.9,79.4,74.6,72.3,71.2,68.8,70.1,63.7,65.7,57.4,59.8,56.0,55.1,55.8,57.1,58.2,59.0,59.2,60.0,61.5,62.4,63.5,65.3,65.8,66.8,68.0,68.9,70.1,71.1,72.7
22:37:05.980,89.7,60.9,82.4,78.1,78.9,80.3,79.8,79.0,75.2,78.6,77.6,72.9,73.5,72.1,73.9,70.3,65.6,63.8,60.8,58.8,56.5,55.3,56.7,57.6,57.0,58.4,60.0,59.8,61.3,62.6,63.4,64.9,65.5,66.6,67.9,68.8,69.9,70.8,72.8
22:37:06.980,90.0,59.5,81.9,82.6,80.3,78.9,79.1,78.9,79.4,81.5,79.1,71.5,68.4,73.2,70.0,67.8,64.0,59.8,59.9,56.2,55.5,55.4,56.9,56.9,57.3,59.0,59.5,60.4,61.3,62.5,63.2,64.6,65.5,66.9,68.0,69.0,70.0,70.9,72.7
22:37:07.980,88.9,58.2,81.6,81.3,74.0,80.6,83.3,79.8,79.4,75.3,75.5,71.8,69.5,74.6,70.1,65.9,63.0,61.3,57.9,56.2,56.3,55.4,56.0,56.7,57.7,58.5,59.4,60.3,61.2,62.4,63.3,64.5,65.7,66.6,67.8,69.0,70.2,71.0,72.7
22:37:08.980,87.6,58.8,80.9,80.1,74.1,84.5,76.0,80.0,80.0,78.8,77.4,74.0,68.9,74.7,67.2,67.5,64.6,62.9,57.9,56.0,56.2,56.0,55.6,57.1,58.5,58.6,59.1,60.0,61.4,62.3,63.4,64.5,65.6,66.8,67.9,68.9,70.0,71.0,72.7
22:37:09.980,89.3,58.0,81.1,80.3,77.5,84.2,77.9,78.1,79.7,73.0,75.2,73.1,69.2,75.4,68.5,68.2,66.3,61.7,58.0,55.5,55.3,55.7,56.4,57.1,57.6,58.2,59.5,60.3,61.4,62.5,63.5,64.6,65.8,66.6,67.8,69.0,70.0,70.9,72.8
22:37:10.980,87.7,57.1,79.8,80.6,76.3,83.7,70.0,79.9,75.7,72.7,73.5,74.2,71.8,73.9,69.4,66.8,64.3,59.7,57.8,55.5,54.9,56.0,56.3,56.9,57.9,59.2,59.2,60.6,61.8,62.7,63.7,64.7,65.7,66.7,67.9,69.0,69.9,70.9,72.7
22:37:11.980,88.8,57.6,79.9,80.9,77.8,75.6,76.3,78.1,77.5,69.4,71.2,71.9,72.3,73.2,69.6,66.2,64.6,59.8,56.5,55.6,55.2,55.9,56.0,56.3,57.9,58.9,60.2,60.1,61.5,62.4,63.4,64.3,65.5,66.7,68.0,68.9,70.2,71.0,72.7
22:37:12.980,87.4,56.9,78.8,81.9,76.3,82.6,83.0,79.4,75.6,71.0,71.6,73.6,69.1,71.5,70.4,64.4,63.5,61.4,56.5,54.7,55.4,56.1,56.0,56.8,57.5,58.5,59.1,60.3,61.3,62.2,63.4,64.5,65.7,66.8,67.7,68.8,70.0,70.9,72.7
22:37:13.980,87.4,57.1,78.2,82.8,77.7,81.7,78.2,79.7,75.1,70.4,70.8,72.4,67.4,70.0,69.7,63.3,62.8,61.3,55.4,54.9,55.4,56.6,55.4,56.7,57.4,58.7,59.9,60.0,60.9,61.8,63.4,64.6,65.5,66.8,67.8,68.9,70.1,70.9,72.7
22:37:14.980,85.8,55.9,78.0,77.3,79.2,80.3,82.4,78.8,74.2,71.8,73.5,74.5,65.8,66.0,70.1,63.2,61.5,60.7,56.8,56.0,55.5,55.5,55.7,56.8,58.1,58.0,59.1,60.7,61.4,62.5,63.3,64.2,65.5,66.8,67.9,68.8,70.0,71.0,72.7
22:37:15.980,85.7,55.2,78.6,79.4,77.1,79.6,79.9,73.3,70.2,74.0,73.6,71.9,64.5,64.7,67.2,61.2,58.4,56.9,56.7,54.8,54.8,55.2,56.6,57.5,57.2,58.2,59.4,60.5,61.6,62.3,63.4,64.3,65.4,66.7,67.8,68.8,70.0,71.1,72.8
22:37:16.980,85.2,55.9,77.4,82.3,75.6,75.5,78.3,75.3,67.8,75.9,77.1,72.3,63.0,69.6,65.9,64.8,63.3,60.8,57.0,56.6,55.3,54.9,56.8,57.0,57.2,58.8,59.8,60.0,61.2,62.5,63.3,64.4,65.6,66.7,67.9,69.0,70.1,71.0,72.7
22:37:17.980,85.2,56.0,78.9,80.5,74.6,70.5,77.3,75.9,73.0,74.8,72.2,69.8,61.9,65.5,64.9,62.7,61.4,58.5,57.4,56.4,55.8,55.3,56.3,56.7,57.8,58.6,59.5,60.1,61.3,62.5,63.4,64.5,65.7,66.6,67.8,68.9,69.9,70.9,72.8
22:37:18.980,86.5,55.5,78.4,81.2,80.5,78.6,76.0,71.5,71.6,72.9,76.4,74.4,64.8,66.0,66.4,64.1,61.8,59.0,56.6,56.0,54.7,55.6,55.9,56.6,57.5,58.5,59.5,60.4,61.3,62.3,63.6,64.3,65.6,66.8,67.8,68.8,70.1,70.9,72.8
22:37:19.980,87.1,55.9,77.4,79.7,73.9,81.4,76.1,71.7,75.5,75.3,75.6,69.9,67.7,65.5,64.7,65.0,61.6,59.3,56.3,55.4,54.7,55.9,56.2,57.3,58.2,58.9,59.7,60.7,61.5,62.4,63.6,64.4,65.6,66.6,67.9,69.1,70.0,70.9,72.8
22:37:20.980,84.9,56.0,77.1,76.5,72.0,72.2,82.7,71.5,71.3,75.9,72.6,67.7,69.6,62.4,64.8,61.9,61.8,58.3,56.3,55.9,55.3,55.5,55.9,57.6,57.2,58.8,59.5,60.2,61.2,62.6,63.6,64.4,65.8,66.7,67.9,68.8,70.1,71.0,72.7
22:37:21.980,83.3,55.9,76.1,73.8,74.1,79.3,80.4,69.9,72.4,76.2,73.3,67.7,67.9,63.2,64.1,62.5,60.7,58.8,54.9,55.0,55.5,55.0,55.8,56.9,58.0,59.2,59.1,60.3,61.4,62.1,63.3,64.7,65.5,66.8,67.9,68.7,70.1,70.8,72.8
22:37:22.980,84.7,56.4,76.8,77.2,74.1,80.9,77.8,66.5,69.7,72.8,73.3,67.4,68.2,63.3,61.8,64.4,63.0,59.2,56.7,55.6,54.4,56.3,56.1,56.8,57.6,58.3,59.5,60.5,61.7,62.5,63.5,64.4,65.5,66.7,67.9,68.7,70.0,71.0,72.8
22:37:23.980,85.6,56.7,77.1,72.7,82.0,74.4,76.8,66.9,65.2,74.2,74.0,69.3,65.1,68.2,63.8,63.1,64.9,60.2,59.6,56.4,55.6,56.1,56.0,57.0,57.7,58.9,59.8,60.0,61.4,62.5,63.3,64.2,65.5,66.7,67.9,69.0,69.9,70.9,72.7
22:37:24.980,84.1,55.5,76.8,75.0,79.1,77.8,71.1,66.7,69.8,74.5,73.5,71.6,68.8,64.9,62.4,63.0,62.6,60.0,58.4,54.3,55.3,55.7,55.8,57.2,57.3,58.5,59.3,60.3,61.4,62.3,63.1,64.4,65.3,66.9,67.9,69.0,70.1,70.9,72.8
22:37:25.980,83.4,55.3,76.5,68.8,75.9,68.4,73.0,66.9,72.4,73.3,71.1,68.4,67.4,65.8,62.8,62.9,59.9,57.0,55.9,54.2,53.9,55.7,56.3,57.6,57.5,59.1,59.9,60.6,61.5,62.5,63.5,64.5,65.5,66.8,67.8,68.9,69.9,71.0,72.8
22:37:26.980,84.5,55.4,76.0,76.0,75.5,76.2,72.1,72.1,69.0,76.8,70.9,69.2,65.9,67.1,64.3,63.9,60.1,56.7,56.0,56.1,54.8,55.2,56.3,56.9,57.7,58.3,59.4,60.9,61.6,62.3,63.7,64.3,65.4,66.5,67.9,69.1,70.0,71.0,72.8
22:37:27.980,83.7,55.2,76.0,70.1,76.6,80.4,71.9,68.4,74.6,75.4,70.7,68.1,66.7,63.0,61.5,65.2,60.3,58.6,55.9,55.2,54.3,55.7,56.4,57.0,58.1,58.3,59.0,60.1,61.7,62.1,63.7,64.6,65.5,66.8,67.7,68.9,70.1,70.8,72.7
22:37:28.980,84.3,54.4,74.5,75.6,79.1,75.5,70.5,72.6,70.4,73.6,71.3,69.4,66.6,63.5,63.2,61.4,58.9,56.0,55.8,54.8,54.5,55.6,56.9,56.9,57.8,58.7,59.7,60.8,61.5,62.2,63.4,64.4,65.6,66.9,67.9,68.9,70.1,71.0,72.7
22:37:29.980,83.2,54.8,76.5,79.6,73.2,72.2,69.7,72.1,75.6,70.8,70.3,68.6,67.6,63.6,63.8,62.3,57.7,55.4,55.9,55.4,54.5,55.5,56.3,57.1,57.9,58.7,59.2,60.4,61.8,62.6,63.3,64.5,65.6,66.8,67.8,68.8,70.0,71.0,72.8
22:37:30.980,84.0,55.0,76.6,71.9,76.9,71.4,68.2,74.2,72.7,73.8,72.4,69.8,67.0,64.5,65.5,62.9,58.4,57.5,56.4,56.0,54.4,55.0,55.5,57.5,57.8,58.8,59.6,60.4,61.5,62.4,63.2,64.6,65.4,66.8,67.9,68.9,69.8,70.9,72.6
22:37:31.980,82.8,54.8,76.1,73.7,76.3,70.3,72.5,71.1,72.6,71.8,74.4,68.5,65.0,63.6,65.9,63.8,59.0,57.3,55.5,54.9,54.9,55.4,56.3,56.8,57.2,58.1,59.4,60.6,61.4,62.2,63.7,64.2,65.6,66.7,67.7,68.9,70.1,71.0,72.7
22:37:32.980,83.9,54.7,76.6,71.9,75.0,68.0,66.9,76.1,72.1,72.5,71.4,66.9,65.3,63.0,65.7,60.3,59.0,57.1,56.6,55.6,55.6,55.6,56.4,57.4,58.2,58.9,59.6,60.1,61.4,62.2,63.4,64.5,65.6,66.6,67.8,69.0,70.0,71.0,72.7
22:37:33.980,83.6,54.8,76.5,78.9,74.9,68.8,69.7,74.0,73.5,74.1,72.2,67.7,69.5,65.8,64.4,61.9,59.0,57.1,56.1,55.5,54.8,54.9,55.7,57.5,57.3,58.5,59.0,60.1,61.2,62.4,63.2,64.6,65.5,66.8,67.8,69.0,70.1,70.9,72.6
22:37:34.980,83.2,54.5,76.0,79.7,73.6,69.5,69.1,78.1,74.6,71.0,70.6,70.0,67.0,66.6,62.6,59.9,59.0,56.7,55.3,55.3,56.2,55.2,55.6,56.8,57.5,59.1,59.6,60.4,61.4,62.3,63.1,64.5,65.7,66.8,67.9,68.8,70.0,70.9,72.7
22:37:35.980,84.9,55.0,77.9,71.2,77.3,71.4,71.1,78.6,71.1,72.2,71.1,71.4,68.7,66.5,64.0,62.2,63.3,57.9,56.3,56.6,55.4,56.0,55.6,57.5,58.0,58.6,59.5,59.8,61.7,62.4,63.3,64.3,65.4,66.6,67.9,69.0,69.9,70.8,72.8
22:37:36.980,85.5,54.8,78.3,74.4,74.2,69.0,66.2,71.2,74.4,76.7,71.5,70.9,68.1,67.7,66.9,63.1,60.7,56.7,56.0,55.0,55.0,56.2,56.9,57.2,57.6,58.3,59.2,60.5,61.7,62.6,63.3,64.3,65.5,66.8,68.0,68.9,70.1,71.0,72.8
22:37:37.980,83.3,55.0,76.8,70.0,70.1,74.3,75.7,76.7,71.3,72.5,73.0,70.1,68.7,66.6,65.4,63.1,62.6,57.1,55.7,55.9,54.5,55.9,56.7,57.0,57.9,58.2,59.8,60.3,61.4,62.0,63.3,64.5,65.6,66.6,68.0,68.9,69.9,71.0,72.8
22:37:38.980,84.3,55.1,77.0,64.5,69.6,69.1,74.2,72.4,73.4,75.7,68.2,70.3,68.8,67.2,62.5,63.0,60.5,57.2,55.6,54.6,55.7,55.6,56.3,56.2,57.2,58.8,59.5,60.6,61.4,62.3,63.5,64.5,65.5,66.6,67.8,68.9,69.8,70.9,72.7
22:37:39.980,83.1,55.7,77.5,75.7,67.8,73.0,75.4,80.8,71.3,73.6,70.5,70.5,70.1,66.6,64.1,60.8,60.4,59.6,57.2,54.7,55.1,55.3,55.9,56.7,57.8,58.9,59.4,60.4,61.4,62.7,63.6,64.4,65.4,66.9,68.0,68.8,70.0,70.9,72.7
22:37:40.980,84.8,55.3,77.9,80.5,75.5,67.9,74.5,74.2,73.7,74.2,75.1,72.5,67.3,60.5,65.4,63.2,61.3,58.1,57.2,56.7,54.8,56.0,56.5,56.0,57.6,58.2,59.6,60.2,61.3,62.5,63.5,64.3,65.4,66.7,68.0,68.9,70.0,70.9,72.7
22:37:41.980,84.2,55.3,77.3,77.6,74.5,75.1,71.6,70.7,69.9,76.7,73.4,71.5,68.3,65.2,63.8,61.8,59.5,57.2,56.4,55.2,54.4,55.8,56.4,56.6,57.8,58.2,59.6,60.2,61.8,62.3,63.4,64.4,65.5,66.8,67.9,69.0,70.0,71.0,72.6
22:37:42.980,84.8,54.7,77.7,67.9,73.3,74.5,75.2,73.4,72.7,76.1,71.6,69.7,68.8,66.6,64.8,63.7,60.0,57.3,57.0,55.5,54.7,55.8,56.1,57.5,58.0,59.0,59.2,60.6,61.5,62.6,63.0,64.7,65.6,66.8,67.9,69.2,70.0,71.0,72.8
22:37:43.980,84.6,55.2,78.2,69.6,66.2,71.8,75.8,66.0,73.1,75.8,73.9,69.4,71.3,68.8,65.3,64.2,59.5,58.2,55.5,55.3,55.2,54.9,56.2,56.7,57.6,58.7,59.6,60.0,61.4,62.6,63.4,64.3,65.6,66.9,67.9,68.9,70.1,71.0,72.7
22:37:44.980,83.6,55.3,77.8,70.9,71.3,73.1,77.5,74.9,76.3,74.8,75.1,70.7,70.9,64.2,65.4,65.7,61.0,57.3,56.0,55.7,54.9,55.5,57.0,57.0,57.6,58.9,60.1,60.8,61.8,62.2,63.2,64.7,65.6,66.6,67.9,68.9,70.0,70.9,72.8
22:37:45.980,85.3,54.6,78.0,73.5,76.0,76.9,77.9,74.8,74.2,73.8,74.4,70.7,69.9,68.8,64.6,64.0,62.6,58.2,56.4,55.5,54.2,55.3,56.5,57.1,57.5,59.0,59.0,60.4,61.4,62.2,63.2,64.3,65.4,66.8,67.9,69.0,70.2,71.0,72.7
22:37:46.980,84.5,54.5,78.0,75.0,68.4,76.0,77.2,71.1,76.8,71.9,72.5,70.0,69.8,66.7,67.5,63.9,62.2,58.1,57.0,55.8,55.4,55.3,56.0,56.9,58.1,58.9,59.7,60.4,61.4,62.1,63.4,64.4,65.5,66.8,67.9,68.9,70.1,71.0,72.7
22:37:47.980,84.0,55.1,78.1,70.5,66.2,72.7,76.9,75.0,77.1,71.1,74.5,71.4,71.5,66.6,67.2,63.9,62.2,58.0,55.5,54.9,55.6,55.3,56.3,57.3,58.0,59.3,59.5,60.1,61.5,62.3,63.4,64.6,65.6,66.9,67.9,69.0,70.0,71.1,72.6
22:37:48.980,85.6,54.3,77.7,72.6,71.0,73.4,74.8,74.2,74.6,76.2,72.8,69.0,71.8,68.3,64.1,63.0,60.1,58.3,56.1,54.7,55.8,55.5,55.6,55.9,57.2,58.2,59.4,60.4,60.9,62.1,63.1,64.4,65.2,66.7,68.0,69.0,69.9,70.9,72.7
22:37:49.980,85.1,54.9,78.6,69.8,70.9,77.5,76.3,73.4,72.0,72.1,75.3,68.0,71.0,65.3,65.0,61.0,58.4,56.9,55.9,55.3,55.4,56.7,56.4,57.1,57.7,58.9,59.4,60.1,61.2,62.0,63.5,64.3,65.4,66.7,68.1,69.0,70.0,70.9,72.7
22:37:50.980,84.6,54.9,78.1,70.0,70.1,74.7,77.3,73.0,70.7,75.8,75.3,71.5,72.6,67.6,67.5,64.7,62.7,58.9,56.0,55.1,55.2,56.5,56.7,56.8,57.3,58.4,59.4,60.3,61.5,62.4,63.1,64.6,65.5,66.6,67.9,69.0,70.0,70.9,72.7
22:37:51.980,84.2,54.4,78.5,71.1,76.5,77.9,70.5,74.6,72.0,75.7,73.0,71.5,71.7,67.0,67.5,64.3,61.1,59.3,57.6,55.3,55.3,54.6,56.3,57.0,57.6,58.9,59.1,60.3,60.7,62.0,63.3,64.3,65.5,66.9,67.9,69.0,70.0,70.9,72.6
22:37:52.980,83.8,53.8,77.1,72.5,75.4,76.5,78.1,73.9,76.3,76.0,72.9,69.5,71.5,68.6,65.0,63.5,58.9,56.7,56.4,55.5,55.4,55.1,55.8,56.9,57.4,58.4,58.9,60.5,61.3,61.9,63.5,64.8,65.6,66.8,68.0,68.9,70.0,71.0,72.8
22:37:53.980,86.3,54.6,78.7,72.3,72.8,71.6,77.4,73.9,71.4,73.5,71.6,69.4,71.8,67.2,67.6,60.9,61.9,56.9,56.7,55.4,55.5,55.2,56.0,56.7,57.5,58.6,59.3,60.2,61.2,62.4,63.3,64.3,65.4,66.7,68.1,68.9,69.9,71.0,72.7
22:37:54.980,85.8,54.1,77.8,74.6,72.3,74.2,77.1,77.7,75.8,71.3,73.8,70.4,70.5,68.6,66.8,63.3,61.7,58.6,56.8,55.6,55.1,55.8,55.8,56.7,57.8,59.0,59.2,60.2,61.3,62.2,63.5,64.3,65.5,66.6,67.9,69.1,70.1,71.0,72.6
22:37:55.980,84.9,53.7,77.4,74.7,77.1,75.7,76.1,73.5,76.2,72.9,72.6,70.2,69.8,66.8,64.5,61.4,61.1,58.0,55.9,54.6,54.8,55.3,56.1,56.8,58.2,58.4,59.2,60.4,61.2,62.6,63.4,64.6,65.6,66.6,68.1,69.1,69.9,70.9,72.8
22:37:56.980,84.9,53.8,78.0,68.2,68.6,77.5,78.6,78.6,75.0,74.2,73.1,69.3,68.4,65.0,67.1,60.0,58.6,57.6,56.4,54.8,55.4,55.7,56.3,57.0,57.1,58.6,59.7,60.4,61.5,62.6,63.3,64.4,65.2,66.6,68.0,69.0,70.0,70.9,72.8
22:37:57.980,85.6,54.7,78.8,74.2,71.1,75.2,78.0,73.3,74.8,72.4,75.5,72.3,68.7,68.1,66.7,63.4,58.3,56.9,56.8,55.0,55.0,55.6,56.1,56.5,57.4,58.5,59.4,60.4,61.5,62.5,63.3,64.4,65.4,66.6,68.0,69.0,70.0,70.9,72.7
22:37:58.980,84.9,54.9,78.3,71.6,78.4,74.9,78.4,73.2,78.7,72.1,71.6,72.3,69.3,67.6,68.4,64.7,61.8,57.6,55.9,54.3,54.7,55.2,56.1,56.9,57.4,59.1,59.4,60.4,61.2,62.5,63.2,64.5,65.6,66.6,67.8,68.9,70.0,70.9,72.8
22:37:59.980,86.5,56.1,79.8,71.9,80.9,73.7,75.3,73.5,79.1,73.5,71.0,73.5,70.4,68.8,66.9,65.8,61.9,60.5,57.7,56.0,55.9,56.2,55.8,57.3,58.2,59.3,60.0,60.7,61.2,62.3,63.4,64.4,65.5,66.8,68.0,68.9,70.1,71.0,72.8
22:38:00.980,84.9,55.5,77.9,72.2,77.3,76.7,73.8,76.3,75.0,70.7,74.9,73.9,69.3,68.7,64.2,63.9,61.3,58.7,58.8,57.4,55.1,56.1,56.1,56.8,57.4,58.2,59.3,60.4,61.6,62.3,63.3,64.5,65.5,66.9,68.0,68.9,70.1,70.9,72.7
22:38:01.980,85.0,55.5,78.5,71.6,78.3,74.5,76.8,80.4,75.7,72.5,73.9,73.6,68.8,67.2,64.9,61.6,61.5,59.9,57.2,56.3,55.1,55.7,55.3,56.6,57.8,58.5,59.7,60.4,61.5,62.6,63.5,64.5,65.3,66.7,67.9,68.8,70.0,70.9,72.7
22:38:02.980,86.2,57.1,80.0,73.2,75.1,78.5,75.2,78.1,71.2,71.5,72.4,72.1,70.9,67.1,65.9,65.0,61.5,61.4,59.3,57.6,56.4,55.5,56.0,56.4,58.3,58.9,59.2,60.4,61.0,62.5,63.4,64.4,65.4,66.7,68.0,68.9,70.0,70.9,72.7
22:38:03.980,86.1,56.7,79.3,73.0,74.7,72.8,75.6,76.0,76.4,75.5,77.3,75.0,68.2,67.0,67.8,64.4,61.0,59.1,57.6,56.6,56.3,55.4,56.1,56.9,58.2,58.1,59.1,60.4,61.3,62.3,63.3,64.5,65.7,66.7,67.8,68.8,69.9,71.0,72.7
22:38:04.980,85.5,54.6,79.0,70.8,77.9,74.5,73.8,80.2,74.6,74.9,75.6,72.8,71.3,67.6,68.1,63.8,61.7,59.7,54.8,55.9,54.3,55.9,56.0,57.1,58.0,58.7,58.8,60.1,61.4,62.4,63.8,64.5,65.4,66.9,67.7,68.8,70.1,70.9,72.7
22:38:05.980,85.6,54.6,79.0,70.9,78.5,68.1,76.6,78.6,78.5,75.5,73.6,74.4,68.8,67.4,67.8,62.5,61.4,56.9,56.3,55.4,55.2,55.7,56.8,56.8,57.7,58.5,59.4,60.2,61.6,62.4,63.2,64.3,65.6,66.6,67.8,68.7,70.0,70.9,72.6
22:38:06.980,84.4,55.4,77.7,74.3,78.0,76.9,73.7,77.0,77.0,70.7,75.7,71.9,70.0,66.6,66.6,63.3,63.3,60.4,57.1,54.9,55.4,55.6,56.4,55.8,58.2,58.9,59.3,60.3,61.5,61.9,63.5,64.3,65.5,66.8,67.9,68.8,69.9,70.8,72.8
22:38:07.980,86.4,56.8,79.8,73.8,73.7,76.7,76.5,78.2,71.8,73.9,72.8,72.6,68.9,65.8,67.0,65.2,63.9,59.2,59.8,55.6,55.1,55.0,56.3,57.2,57.3,58.7,59.6,60.1,61.4,62.4,63.7,64.7,65.7,66.8,68.0,68.9,70.1,70.9,72.7
22:38:08.980,85.7,58.1,79.8,71.8,76.4,77.9,74.5,78.8,71.3,72.3,75.1,74.6,71.0,65.9,67.4,65.0,64.2,63.0,59.1,59.6,56.4,55.3,56.3,57.1,57.5,58.6,59.0,60.3,61.4,62.4,63.1,64.5,65.7,66.7,68.0,68.7,70.0,71.0,72.8
22:38:09.980,85.3,57.4,78.7,73.0,74.4,76.5,76.1,75.1,76.0,75.3,77.8,72.1,71.3,69.0,68.4,67.7,66.3,64.0,61.9,58.8,57.0,55.4,56.4,57.0,57.8,58.9,59.0,60.3,61.6,62.3,63.5,64.7,65.4,66.7,67.8,69.1,69.9,70.9,72.7
22:38:10.980,86.8,58.7,80.2,75.9,70.2,80.3,75.5,76.7,75.0,71.7,76.2,72.4,68.9,67.7,69.4,66.6,66.4,64.0,60.3,59.0,57.0,54.7,56.8,56.7,57.9,58.5,59.6,60.2,61.0,62.3,63.5,64.7,65.5,66.8,67.9,68.9,70.0,71.0,72.7
22:38:11.980,85.3,57.1,78.1,75.4,79.3,76.5,74.9,75.3,76.9,73.3,75.1,73.0,68.5,67.5,68.8,66.2,66.0,60.1,58.5,57.4,55.5,55.5,55.5,56.6,57.6,58.6,59.4,60.1,61.5,62.6,63.4,64.6,65.6,66.8,67.9,68.8,70.1,70.9,72.7
22:38:12.980,85.4,56.2,78.6,75.0,75.1,79.0,77.6,76.6,74.7,73.2,71.0,71.1,67.8,66.3,68.0,66.5,66.7,61.0,59.2,56.9,56.4,55.5,55.7,57.0,58.1,58.3,59.4,60.6,61.3,62.1,63.4,64.2,65.6,66.9,68.0,68.9,70.0,71.0,72.7
22:38:13.980,85.2,57.2,79.5,76.1,72.3,78.6,80.5,74.6,75.3,71.8,74.6,71.6,66.5,66.3,67.2,68.2,64.9,60.5,60.2,59.4,57.2,55.8,56.2,57.4,57.8,58.9,59.2,60.7,61.3,62.2,63.4,64.4,65.5,66.8,68.1,68.9,70.0,70.8,72.7
22:38:14.980,86.9,56.2,79.9,74.9,77.2,72.5,80.3,79.5,75.3,71.9,74.9,74.0,68.9,64.3,67.0,65.5,65.4,60.2,58.7,56.7,56.5,54.9,56.0,56.7,57.4,58.4,59.1,60.0,61.2,62.4,63.5,64.3,65.5,66.7,68.0,69.0,70.1,70.9,72.7
22:38:15.980,86.4,55.2,78.9,68.6,70.2,77.4,74.8,77.4,78.0,74.1,74.2,75.2,69.2,65.7,65.3,63.5,62.0,59.6,59.6,56.5,55.4,55.1,55.8,57.3,57.5,58.8,59.3,60.2,61.1,62.3,63.2,64.3,65.4,66.8,67.7,69.0,70.1,70.8,72.7
22:38:16.980,84.6,54.4,77.7,70.8,73.1,77.1,80.1,76.6,77.9,73.9,75.2,72.4,69.6,65.0,63.5,62.6,57.8,56.4,57.1,56.2,55.8,56.0,56.1,57.3,57.9,58.4,59.5,60.6,61.6,62.4,63.3,64.7,65.6,66.8,67.9,69.0,70.0,70.9,72.7
22:38:17.980,86.4,55.7,79.0,72.7,74.6,77.7,78.0,80.3,75.0,73.9,73.5,69.6,69.3,65.5,62.8,62.6,59.0,54.9,55.8,56.4,55.3,55.8,56.5,57.2,57.9,58.5,59.6,60.4,61.6,62.5,63.5,64.7,65.6,66.7,67.8,68.9,70.0,71.0,72.8
22:38:18.980,85.4,55.5,78.2,74.9,71.7,79.5,72.8,76.6,77.2,75.2,75.6,74.4,68.8,67.9,64.6,63.8,59.6,56.2,55.2,54.2,54.9,55.3,56.0,56.6,57.4,59.1,59.5,60.4,61.8,62.6,63.1,64.4,65.5,66.8,68.0,68.9,70.0,70.8,72.7
22:38:19.980,85.2,55.3,77.9,71.0,75.3,77.9,75.5,77.2,75.7,71.0,74.8,71.2,67.6,67.1,67.8,64.5,60.1,57.0,55.7,55.4,54.4,55.0,55.3,56.8,58.3,58.9,60.1,60.3,61.7,62.7,63.5,64.6,65.5,66.6,68.0,69.1,70.0,70.8,72.8
22:38:20.980,85.5,58.0,78.6,77.6,73.0,79.0,73.3,73.4,76.6,73.8,74.4,72.2,67.7,65.5,66.7,66.0,61.7,57.7,56.4,55.7,55.3,55.1,56.7,56.5,58.0,58.1,59.4,60.4,61.8,62.5,63.4,64.4,65.6,66.8,67.8,68.8,70.1,70.8,72.7
22:38:21.980,85.2,57.0,79.0,76.9,76.5,71.7,79.2,72.3,76.8,73.9,75.9,71.1,68.1,67.3,66.4,66.7,64.0,60.4,56.6,56.9,55.2,54.9,55.4,56.3,57.0,58.8,59.3,60.3,61.4,62.0,63.5,64.4,65.5,66.8,67.9,68.9,70.1,70.9,72.8
22:38:22.980,84.9,56.1,78.9,70.9,77.6,76.3,73.0,72.2,75.8,75.7,73.6,72.9,69.9,67.6,67.5,65.5,63.8,60.5,57.5,56.4,55.3,56.0,56.1,57.2,58.2,58.5,59.2,60.6,61.5,62.1,63.1,64.2,65.6,66.8,68.0,68.9,69.9,71.0,72.7
22:38:23.980,86.1,55.3,79.4,72.2,74.9,73.9,78.5,74.8,77.3,74.4,72.5,73.5,67.6,67.1,66.0,64.5,63.0,58.0,56.2,55.1,54.7,55.1,56.1,56.7,57.5,58.7,59.1,60.5,61.6,62.6,63.6,64.5,65.4,66.5,67.9,69.2,70.0,71.0,72.8
22:38:24.980,83.5,53.4,76.5,78.8,73.8,76.9,75.7,76.2,78.5,73.8,73.2,71.4,70.9,69.0,66.5,64.6,60.7,55.6,55.0,56.0,54.9,56.1,56.3,57.1,58.5,58.3,59.4,60.4,61.2,62.2,63.1,64.3,65.7,66.7,67.9,68.9,70.0,70.9,72.8
22:38:25.980,84.6,53.8,78.2,71.8,73.2,72.6,76.4,73.9,77.1,72.4,73.3,71.4,68.8,69.5,64.5,63.0,57.8,55.4,55.1,53.7,55.2,55.2,56.2,56.8,57.1,58.8,59.2,60.4,61.3,62.2,63.1,64.5,65.4,66.8,67.9,69.0,70.1,70.9,72.8
22:38:26.980,85.4,54.3,78.1,72.5,74.7,75.1,77.0,74.7,74.3,71.6,73.5,72.7,69.3,67.1,66.3,63.2,59.6,58.8,58.0,55.8,54.9,55.6,56.2,57.5,57.4,58.6,59.5,59.9,61.3,62.4,63.1,64.5,65.2,66.9,67.9,68.8,70.1,70.8,72.6
22:38:27.980,85.0,53.3,77.2,70.4,74.4,72.0,73.7,73.4,77.4,75.2,74.2,73.1,68.1,65.1,62.8,58.7,59.7,58.7,56.7,54.9,55.0,55.7,56.3,57.0,57.8,57.6,59.2,60.6,61.4,62.7,63.2,64.4,65.4,66.8,67.8,69.0,70.2,71.0,72.8
22:38:28.980,85.3,54.7,78.4,72.9,77.8,74.6,73.8,70.7,74.4,74.1,73.4,68.5,66.4,64.5,62.2,60.8,61.8,59.3,56.6,56.2,54.7,56.0,56.0,56.6,58.2,58.2,59.1,60.5,61.4,62.4,63.2,64.5,65.6,66.6,68.1,68.8,70.1,70.9,72.7
22:38:29.980,85.0,54.8,78.3,73.6,73.5,76.7,72.4,73.3,75.7,74.5,74.2,72.6,68.8,65.9,63.7,64.5,63.8,60.2,58.6,57.7,55.4,55.6,56.0,57.0,57.9,58.5,59.8,60.1,61.4,62.5,63.1,64.6,65.5,66.6,67.9,68.9,70.0,70.9,72.8
22:38:30.980,83.8,54.6,78.0,72.8,74.3,79.9,78.9,74.6,76.2,73.6,73.6,72.7,65.9,64.4,60.6,63.7,62.0,60.1,57.3,57.1,55.0,55.0,55.6,57.1,57.6,58.4,59.5,60.4,61.3,62.1,63.1,64.0,65.5,66.6,67.9,69.1,70.0,70.8,72.8
22:38:31.980,86.0,54.4,78.8,74.6,75.7,75.1,76.9,77.1,72.7,76.6,74.0,71.8,68.0,67.8,64.9,62.1,61.4,58.7,57.5,57.2,55.1,55.3,55.9,57.2,57.2,58.3,59.3,60.4,61.1,62.1,63.3,64.5,65.6,66.9,68.0,68.9,69.9,71.0,72.7
22:38:32.980,84.2,54.4,78.0,74.3,72.8,78.6,77.1,74.5,76.2,73.1,75.1,72.3,70.1,68.2,64.5,62.2,60.7,55.2,56.4,55.3,54.2,56.0,56.4,56.8,57.5,58.5,59.7,60.1,61.4,62.5,63.5,64.5,65.4,66.7,67.7,68.9,69.8,70.9,72.8
22:38:33.980,84.8,53.9,76.9,75.7,77.4,77.4,70.8,76.0,75.6,68.3,70.0,73.2,70.1,69.3,64.4,65.3,63.8,58.4,56.6,55.2,54.4,54.7,56.4,56.3,58.4,58.2,59.2,60.4,61.6,62.5,63.4,64.5,65.7,66.7,67.8,68.7,69.9,70.9,72.8
22:38:34.980,83.7,54.4,78.1,68.6,74.8,78.0,77.6,74.8,76.8,74.4,69.9,71.0,71.0,65.0,66.5,64.5,62.5,58.7,56.5,55.6,55.8,55.5,55.4,57.1,57.4,58.9,59.8,60.4,61.7,62.3,63.4,64.3,65.6,66.7,68.0,69.0,70.0,71.0,72.7
22:38:35.980,84.6,54.3,78.7,70.0,73.0,74.0,72.8,75.4,72.8,76.2,72.1,72.2,71.8,68.4,65.2,63.9,62.2,58.5,56.8,55.9,54.6,55.3,56.1,57.0,57.0,58.5,59.2,60.3,61.2,62.2,63.4,64.4,65.4,66.7,67.9,69.0,70.0,70.9,72.8
22:38:36.980,85.4,53.3,78.0,75.0,76.6,76.9,73.7,75.4,73.1,74.8,70.6,73.4,70.2,67.2,65.5,61.9,59.9,56.8,55.4,55.3,55.5,55.8,56.5,56.9,57.4,58.4,59.5,60.3,61.6,62.6,63.3,64.5,65.3,66.7,67.8,68.8,70.1,70.9,72.6
22:38:37.980,84.2,53.4,77.3,73.6,73.9,74.1,72.3,76.1,77.5,71.7,73.1,72.2,67.5,67.5,65.4,62.3,61.2,58.2,55.2,54.4,55.1,54.9,56.7,56.8,58.0,58.2,59.7,60.1,61.2,62.3,63.4,64.3,65.5,66.7,67.8,69.0,70.1,70.9,72.8
22:38:38.980,84.9,53.1,77.3,74.8,76.1,72.3,75.8,74.7,76.9,73.4,72.3,72.6,67.0,66.9,64.9,61.1,58.4,57.0,54.1,55.4,54.6,55.5,55.8,56.6,57.3,59.4,59.7,60.1,61.4,62.1,63.4,64.5,65.3,66.6,67.9,69.0,70.1,70.9,72.8
22:38:39.980,84.5,53.3,76.6,75.3,75.4,76.0,79.1,76.8,76.0,70.9,71.7,71.6,66.0,66.1,62.9,61.3,59.8,54.9,55.6,55.4,54.8,54.6,55.8,56.6,57.8,58.6,58.9,60.5,61.8,62.5,63.2,64.3,65.5,66.7,68.1,69.1,69.9,71.0,72.6
22:38:40.980,84.9,53.9,78.3,69.8,75.8,75.1,75.7,75.6,70.8,73.4,70.8,68.5,67.4,66.5,66.2,63.8,63.2,59.7,55.7,56.0,55.5,54.7,56.4,57.2,58.1,59.0,59.5,60.2,61.3,62.0,63.1,64.5,65.7,66.8,67.8,68.9,69.9,70.9,72.7
22:38:41.980,82.7,53.2,76.2,70.2,77.0,78.5,75.4,72.2,73.2,77.9,73.4,71.5,68.3,65.6,62.9,62.5,60.5,57.8,56.8,55.6,55.6,56.0,55.9,56.2,57.8,58.8,59.5,60.5,61.4,62.3,63.0,64.3,65.8,66.7,68.0,68.8,70.0,71.0,72.6
22:38:42.980,82.9,53.4,77.2,72.6,75.2,76.2,78.2,76.5,75.4,72.9,69.6,67.2,67.1,64.6,61.0,61.1,60.5,58.1,57.1,55.7,54.3,56.0,56.6,56.7,57.3,58.5,60.0,60.5,61.3,62.2,63.0,64.3,65.5,66.7,68.0,68.8,70.1,70.9,72.8
22:38:43.980,81.6,52.3,75.4,71.6,77.2,74.6,74.6,69.8,76.2,73.5,73.0,70.8,68.7,68.3,65.0,63.8,59.5,55.4,54.6,55.1,55.3,55.8,56.3,56.8,57.9,58.3,59.5,60.7,61.6,62.0,63.4,64.2,65.4,66.6,67.7,68.9,70.0,70.9,72.7
22:38:44.980,84.2,52.7,77.1,65.9,72.4,70.9,66.6,74.7,72.7,74.6,69.0,69.7,68.2,67.7,64.7,60.2,61.4,56.5,56.0,55.0,55.7,55.4,55.7,56.7,57.9,58.8,59.8,60.6,61.7,62.3,63.2,64.5,65.5,66.8,68.0,68.9,70.0,70.9,72.7
22:38:45.980,81.9,52.4,75.7,72.1,78.1,74.5,75.3,75.1,74.6,71.8,71.0,70.7,67.0,67.0,64.6,61.4,58.3,55.5,54.1,55.6,54.4,55.2,55.0,56.3,57.5,58.4,59.4,59.9,61.0,62.1,63.2,64.4,65.5,66.8,67.8,68.8,69.9,71.0,72.8
22:38:46.980,82.4,51.5,75.2,70.4,70.9,68.9,74.7,73.7,74.0,71.6,71.0,70.8,67.6,67.8,62.6,58.8,58.2,56.2,55.4,55.9,54.6,55.8,56.6,57.3,57.9,58.2,59.0,60.0,61.4,62.5,63.5,64.3,65.4,66.5,68.0,68.9,69.9,71.0,72.8
22:38:47.980,84.2,51.8,76.4,70.4,71.2,75.2,73.7,71.6,73.2,69.9,68.6,68.9,68.0,66.1,60.6,60.3,56.7,53.6,54.3,54.2,55.0,55.7,55.9,56.7,57.6,58.9,59.3,60.3,61.4,62.7,63.3,64.3,65.6,66.6,67.9,69.0,70.2,71.1,72.6
22:38:48.980,81.6,51.8,74.1,73.7,72.9,74.3,74.1,71.9,73.9,71.2,70.1,71.1,66.3,64.0,58.1,59.7,58.0,55.5,54.5,56.0,55.2,55.7,56.4,57.1,57.3,58.3,59.2,60.5,61.3,62.4,63.3,64.4,65.5,66.6,67.9,69.0,69.9,71.0,72.7
22:38:49.980,81.8,52.1,74.9,73.7,75.1,75.3,70.0,74.5,74.3,71.4,68.8,68.3,68.4,61.3,59.9,58.2,58.2,55.7,55.5,55.5,54.6,55.6,56.5,56.8,57.6,58.4,58.9,60.1,61.5,62.4,63.5,64.3,65.6,66.8,67.8,68.8,70.0,70.8,72.7
22:38:50.980,82.8,51.3,74.2,69.2,68.0,72.9,73.0,73.8,69.9,73.9,68.3,65.6,67.5,60.0,60.5,57.0,57.0,55.4,55.5,54.5,55.6,55.9,55.7,57.5,57.8,58.9,59.3,60.2,61.3,62.4,63.4,64.7,65.6,66.9,68.0,68.8,69.9,70.8,72.8
22:38:51.980,83.6,51.5,74.6,70.4,71.4,71.5,72.4,72.8,72.2,71.6,69.2,66.7,65.5,61.2,61.7,57.1,56.5,55.6,54.3,55.8,55.0,55.2,56.4,57.3,57.9,58.7,59.4,60.1,61.6,62.4,63.4,64.5,65.5,66.6,68.0,69.0,70.0,70.9,72.7
22:38:52.980,83.8,51.2,74.2,72.6,74.6,66.8,73.2,75.3,73.9,73.7,68.3,67.2,64.0,62.6,57.8,58.1,54.8,55.5,54.9,55.2,54.7,55.3,56.0,57.2,57.8,58.6,59.7,60.2,61.1,62.1,63.4,64.5,65.4,66.8,67.9,68.8,70.1,70.9,72.8
22:38:53.980,82.9,51.7,74.7,71.6,72.7,77.4,72.3,74.0,69.2,70.6,68.8,68.8,64.6,61.7,58.9,59.9,55.0,56.0,55.0,54.2,55.4,55.4,56.0,56.7,57.8,59.0,59.4,60.4,61.1,62.4,63.4,64.3,65.5,66.7,67.7,68.9,70.0,70.9,72.8
22:38:54.980,83.1,53.3,74.6,73.3,73.6,76.6,73.2,73.1,74.1,70.2,71.9,66.6,60.8,60.5,59.8,59.7,56.9,53.7,55.7,55.0,54.8,55.5,55.8,56.8,58.3,59.1,59.1,60.1,61.3,62.4,63.3,64.4,65.4,66.6,68.0,69.0,70.1,70.9,72.7
22:38:55.980,81.0,55.2,71.8,77.1,73.0,78.9,72.3,71.0,73.5,70.0,71.4,66.7,64.9,63.0,58.3,58.4,54.4,53.6,54.4,55.1,54.3,54.9,56.5,57.3,57.8,58.7,60.0,60.3,61.1,62.7,63.5,64.4,65.7,66.6,67.9,69.0,70.0,70.8,72.6
22:38:56.980,82.4,57.6,74.7,70.0,76.2,76.9,73.9,72.2,67.9,68.6,67.9,64.9,62.1,58.8,57.8,57.1,55.4,54.8,54.7,56.1,55.2,55.9,56.4,57.1,57.5,58.2,59.4,60.4,61.2,62.4,63.9,64.8,65.7,66.9,68.0,68.8,70.0,71.1,72.7
22:38:57.980,81.1,55.7,72.2,71.7,73.3,72.8,77.0,73.7,74.2,68.0,68.1,66.7,65.1,61.8,61.1,58.3,56.3,55.6,55.5,54.0,54.9,55.8,56.2,56.8,57.8,58.4,58.9,60.4,61.3,62.6,63.8,64.7,65.6,66.7,68.0,68.9,70.1,70.9,72.7
22:38:58.980,81.3,54.0,73.1,69.9,74.1,74.2,72.1,72.5,74.2,69.9,66.8,65.1,60.7,61.0,59.6,59.4,57.0,53.6,54.0,54.5,55.1,55.3,56.2,57.1,57.6,58.4,59.0,60.7,61.7,62.4,63.4,64.6,65.6,66.8,67.9,69.0,70.0,71.0,72.7
22:38:59.980,80.9,53.5,73.3,72.7,68.5,74.8,71.3,70.2,72.9,69.9,66.0,66.0,62.4,62.0,58.4,60.3,56.9,55.5,54.9,54.3,54.2,54.9,55.4,57.1,57.5,58.6,59.1,60.6,61.5,62.3,63.7,64.5,65.4,66.7,68.0,69.0,70.2,71.1,72.8
22:39:00.980,82.6,53.1,74.7,72.5,73.4,69.1,70.5,69.1,68.4,70.4,66.0,65.2,65.4,61.7,61.2,61.6,57.4,56.1,53.6,55.4,55.8,55.5,56.2,57.0,57.6,58.1,59.3,60.5,61.1,62.7,63.2,64.3,65.4,66.8,68.1,68.8,70.0,70.9,72.8
22:39:01.980,83.2,52.6,74.2,74.5,71.0,71.6,68.6,73.4,72.6,70.9,70.4,68.2,63.9,62.5,63.4,62.9,58.4,55.3,55.2,55.6,54.9,55.5,57.1,56.5,57.7,58.4,59.4,60.5,61.2,62.4,63.7,64.4,65.5,66.8,67.9,68.8,70.0,70.9,72.8
22:39:02.980,81.8,52.3,74.4,76.3,74.5,76.8,68.3,72.8,72.4,71.9,66.3,66.8,66.8,62.2,59.0,59.0,57.1,56.3,54.5,54.8,54.8,54.9,56.2,57.1,57.9,58.2,59.9,60.5,61.7,62.3,63.4,64.4,65.6,66.7,67.8,69.0,70.0,70.9,72.8
22:39:03.980,81.8,51.1,73.0,77.8,70.9,72.6,75.2,70.0,72.0,71.6,67.5,67.2,64.0,60.9,60.7,59.2,58.1,56.5,55.8,54.3,54.6,55.6,56.1,56.5,57.4,58.5,59.5,60.8,61.4,62.0,63.5,64.4,65.6,66.9,68.0,69.1,70.0,70.9,72.7
22:39:04.980,82.4,51.3,74.1,67.1,68.3,74.8,73.8,74.3,72.1,72.0,68.5,67.8,62.7,62.6,58.5,56.5,57.6,54.2,55.2,55.0,54.7,54.8,56.2,56.7,58.2,58.8,59.2,60.5,61.5,62.3,63.4,64.6,65.6,66.7,67.9,68.9,70.0,71.0,72.9
22:39:05.980,81.0,51.4,73.1,69.9,70.9,72.4,72.3,70.9,74.5,70.1,68.7,66.1,61.2,61.6,58.2,57.0,56.7,54.0,54.8,54.9,53.4,54.1,56.4,57.2,57.2,58.9,59.6,60.4,61.4,62.1,63.4,64.4,65.4,66.6,67.9,68.8,69.9,70.9,72.7
22:39:06.980,81.5,51.6,74.2,72.9,72.3,70.2,75.4,73.5,68.4,68.9,70.5,66.9,63.8,61.5,59.9,56.7,57.0,55.6,55.7,54.4,55.1,55.6,56.2,56.4,57.6,58.6,59.6,60.1,61.4,62.1,63.5,64.3,65.5,66.7,68.1,68.9,70.0,70.9,72.7
22:39:07.980,81.0,50.8,73.9,75.7,70.6,68.3,75.6,71.8,73.8,69.7,67.4,69.4,63.2,60.8,57.9,58.4,54.0,53.1,55.4,54.3,55.1,55.8,56.1,56.8,57.4,58.7,59.3,60.1,61.4,62.1,63.6,64.7,65.6,66.8,67.8,68.9,69.9,71.0,72.8
22:39:08.980,81.4,51.3,74.0,76.1,75.3,69.0,69.1,71.6,72.0,73.1,68.7,69.1,63.1,58.6,58.7,57.2,55.6,56.4,54.6,54.0,55.3,55.1,55.7,56.5,57.8,59.0,59.5,60.8,61.0,62.2,63.2,64.3,65.4,66.7,67.9,68.7,70.0,70.9,72.7
22:39:09.980,81.5,53.3,74.4,71.9,67.5,72.3,72.6,73.0,74.2,71.8,66.6,69.2,62.5,60.1,59.4,59.5,58.8,55.1,54.1,54.1,55.2,55.4,55.9,56.7,57.6,58.4,59.3,60.3,61.4,62.2,63.2,64.2,65.4,66.8,68.1,68.9,70.0,70.9,72.7
22:39:10.980,81.7,53.0,73.2,70.9,74.3,66.9,73.5,71.2,69.5,72.5,68.3,69.5,64.9,61.0,56.6,58.9,57.9,56.3,55.3,54.5,54.2,55.6,56.6,57.1,57.4,58.5,59.9,59.9,61.1,62.6,63.4,64.6,65.5,66.8,68.0,68.9,70.0,71.0,72.7
22:39:11.980,82.5,53.0,75.0,72.8,69.3,71.2,72.0,73.5,73.9,69.9,67.9,68.2,64.7,64.7,58.5,58.4,58.3,56.1,56.3,55.3,55.1,55.3,56.2,57.2,57.9,58.6,59.3,60.2,61.6,62.2,63.2,64.5,65.2,66.7,67.8,69.0,70.0,70.9,72.7
22:39:12.980,82.7,52.3,74.3,67.7,71.0,74.0,73.3,73.0,73.6,74.3,68.1,68.0,62.6,60.6,59.6,61.2,57.1,57.2,56.5,55.5,55.3,55.1,56.4,57.1,57.4,58.9,59.7,60.2,60.9,62.0,63.6,64.2,65.4,66.6,67.8,69.0,70.1,70.8,72.7
22:39:13.980,79.7,50.8,72.4,73.5,66.5,73.2,72.4,75.2,71.4,71.0,67.4,68.7,67.1,64.8,61.3,59.7,58.2,55.9,54.6,55.8,55.1,54.8,55.6,56.3,57.8,58.6,60.0,60.7,61.1,62.4,63.3,64.4,65.5,66.8,68.0,68.8,70.0,71.0,72.8
22:39:14.980,81.0,52.9,72.7,66.5,69.0,74.3,69.9,70.9,70.8,66.6,65.9,66.4,65.9,63.6,61.3,59.8,58.4,56.7,56.2,56.0,55.4,55.4,55.6,56.7,57.2,58.9,59.5,60.6,61.0,62.4,63.6,64.4,65.5,66.6,68.0,68.9,70.1,71.0,72.7
22:39:15.980,78.8,53.8,71.8,71.8,69.9,74.5,74.2,68.6,69.6,66.8,65.8,65.9,64.8,63.0,62.2,59.6,58.1,57.0,54.9,54.6,54.3,56.0,55.9,56.4,57.9,58.5,59.3,60.0,61.3,62.4,63.3,64.7,65.5,66.6,67.8,68.9,70.0,71.0,72.7
22:39:16.980,82.3,52.0,74.5,73.0,70.1,70.9,71.5,72.3,68.7,67.2,64.7,65.9,64.4,62.9,61.5,62.5,58.8,55.9,55.5,54.6,54.5,55.0,55.7,57.4,58.1,58.2,59.9,60.5,61.3,62.0,63.3,64.3,65.6,66.9,67.8,68.9,69.9,71.0,72.7
22:39:17.980,82.6,51.3,74.7,72.8,65.8,70.3,68.8,70.2,72.8,69.9,67.6,67.3,64.9,61.8,61.2,61.1,56.0,55.0,55.0,54.8,55.1,55.7,56.1,56.9,57.7,58.4,59.1,60.6,61.2,62.3,63.2,64.5,65.6,66.8,67.8,69.0,70.0,70.9,72.7
22:39:18.980,80.6,50.2,73.6,70.4,71.1,71.7,71.0,74.5,73.9,69.3,68.1,67.5,65.1,63.7,61.0,60.0,56.1,55.2,55.3,54.3,55.1,55.8,55.9,57.6,57.5,58.2,59.8,60.4,61.2,62.4,63.6,64.3,65.5,66.6,67.8,69.0,70.0,71.0,72.7
22:39:19.980,80.2,50.4,73.3,71.9,69.6,72.5,77.1,72.8,73.6,71.5,67.3,67.7,64.5,62.6,58.6,57.9,55.1,55.8,54.3,53.7,54.4,55.7,55.3,57.3,56.7,58.0,59.5,60.1,61.4,62.2,63.5,64.3,65.5,66.9,68.0,68.9,70.0,70.9,72.7
22:39:20.980,81.8,51.4,74.4,66.8,67.8,74.2,71.4,71.4,72.9,71.2,65.6,63.6,67.8,64.8,60.2,57.5,55.9,55.5,55.7,53.5,55.0,55.9,55.3,57.0,57.7,58.5,59.7,60.7,61.5,62.1,63.3,64.4,65.6,67.0,67.9,68.9,70.1,70.9,72.7
22:39:21.980,82.0,53.7,72.5,73.0,71.1,72.6,71.8,69.7,70.4,71.2,67.1,66.5,65.5,62.0,60.4,57.8,55.9,54.9,55.5,54.6,55.7,55.0,56.2,56.9,58.3,58.3,59.5,60.6,61.2,62.4,63.5,64.3,65.3,66.6,68.0,68.9,70.0,70.9,72.7
22:39:22.980,81.9,53.8,74.7,73.2,69.4,71.8,74.4,68.6,69.2,71.4,67.8,64.0,63.0,61.7,62.1,61.9,57.1,57.0,54.7,54.0,54.3,55.5,56.2,56.3,57.8,58.2,59.8,60.2,61.4,62.4,63.3,64.5,65.3,66.7,67.9,69.0,70.3,70.9,72.7
22:39:23.980,80.2,52.4,73.3,73.5,74.6,76.0,75.3,72.4,72.7,72.0,70.3,68.1,63.5,60.7,59.0,58.5,57.3,55.7,53.6,54.3,54.6,54.7,55.7,57.2,58.0,58.4,60.1,60.3,61.6,62.6,63.5,64.1,65.5,66.8,68.1,68.9,70.1,71.0,72.8
22:39:24.980,82.4,54.1,75.6,67.5,67.1,73.5,74.4,71.5,70.4,69.4,68.5,66.2,64.3,62.1,61.6,61.1,58.3,54.4,55.8,55.3,55.1,55.9,55.8,57.1,57.3,58.5,59.3,60.5,61.4,62.3,63.5,64.3,65.5,66.8,67.9,68.9,69.9,70.9,72.6
22:39:25.980,81.9,51.4,72.9,61.9,70.9,74.5,73.7,74.7,74.3,71.6,70.0,70.4,65.0,62.7,60.5,59.8,56.5,54.4,55.4,55.3,55.0,54.5,56.0,56.7,57.3,58.4,59.3,60.2,61.3,62.5,63.4,64.5,65.5,66.7,67.8,69.0,69.9,71.0,72.7
22:39:26.980,80.0,51.6,73.3,62.3,72.6,67.1,69.3,73.9,72.5,69.0,64.6,66.2,66.3,62.9,58.9,57.2,55.3,55.3,54.0,52.9,54.5,55.2,56.1,56.3,57.7,58.2,59.1,60.8,61.6,62.4,63.5,64.3,65.4,67.0,68.1,69.1,70.0,71.0,72.7
22:39:27.980,80.6,50.5,74.1,67.7,69.0,73.7,68.3,72.7,71.4,69.7,67.1,69.0,68.9,63.1,59.6,57.4,53.9,54.7,53.8,54.6,55.5,54.7,55.5,57.4,57.2,58.1,59.5,60.2,61.0,62.7,63.3,64.5,65.5,66.6,68.1,68.8,69.9,71.0,72.8
22:39:28.980,79.6,49.9,72.4,71.7,71.0,75.6,72.1,73.7,71.5,70.9,70.8,67.7,66.4,63.1,60.2,55.6,54.6,53.8,54.2,55.1,54.9,55.5,56.1,56.4,57.3,58.4,59.8,60.5,61.5,62.6,63.7,64.4,65.3,66.8,68.1,68.7,69.9,71.0,72.8
22:39:29.980,80.4,50.1,72.2,67.8,72.7,71.2,69.2,73.0,67.4,69.8,64.0,68.8,64.5,61.4,57.5,55.3,54.9,55.6,54.7,56.1,55.3,54.8,56.3,57.1,58.1,58.7,59.4,60.0,61.4,62.2,63.6,64.6,65.4,66.6,67.9,69.0,69.9,70.9,72.7
22:39:30.980,79.7,50.4,71.9,73.1,72.0,70.3,69.0,72.2,64.1,65.3,68.2,68.0,65.1,62.3,59.5,56.9,56.4,55.0,53.3,54.2,55.5,55.1,56.0,56.8,58.1,58.5,59.2,59.9,61.6,62.2,63.1,64.3,65.5,66.8,67.8,69.1,69.9,71.0,72.8
22:39:31.980,79.8,51.0,71.7,70.0,73.2,73.4,70.9,67.6,68.1,65.3,66.5,66.8,63.4,60.3,57.9,54.9,53.5,54.9,53.8,55.5,55.3,55.3,56.4,57.5,57.8,58.8,59.3,60.4,61.4,62.2,63.4,64.4,65.5,66.9,67.6,69.0,70.1,70.9,72.8
22:39:32.980,79.4,52.0,70.2,68.3,68.4,73.4,71.4,69.7,71.4,71.0,68.2,63.6,64.0,59.0,57.9,55.2,55.6,53.6,54.0,54.6,53.7,55.8,56.0,56.5,58.0,58.8,59.5,60.1,61.3,61.9,63.2,64.5,65.4,66.8,68.0,68.8,70.1,70.9,72.8
22:39:33.980,79.3,53.3,70.4,66.2,69.9,74.8,71.5,69.3,68.7,66.9,64.0,63.5,60.8,58.0,58.8,56.9,55.9,55.1,54.2,54.4,55.5,55.8,56.4,57.3,58.0,58.0,58.9,60.2,61.4,62.5,63.3,64.7,65.8,66.9,67.9,68.9,70.1,70.9,72.7
22:39:34.980,79.3,52.0,70.4,69.7,73.5,74.3,71.7,70.6,68.1,66.8,66.0,63.5,62.4,59.6,55.5,55.8,54.5,55.3,54.8,53.9,53.8,55.7,55.8,56.9,58.1,58.2,59.8,60.2,61.5,62.8,63.4,64.5,65.5,66.6,67.9,69.0,70.0,70.9,72.7
22:39:35.980,78.6,50.2,69.4,65.3,70.7,69.8,70.1,70.3,66.3,66.9,65.2,65.5,62.4,58.5,56.4,55.2,56.8,54.8,55.1,54.0,55.0,55.4,55.9,57.1,57.2,58.4,59.6,60.5,61.4,62.3,63.6,64.7,65.4,66.8,68.0,69.0,70.1,70.9,72.6
22:39:36.980,79.4,49.6,70.9,58.9,71.1,70.7,69.2,68.9,68.9,66.4,62.8,61.6,60.2,58.2,58.1,56.1,55.8,53.9,55.1,54.2,55.2,55.9,55.6,56.8,58.0,58.3,59.2,60.7,61.2,62.2,63.4,64.4,65.7,66.7,68.0,68.8,70.0,71.0,72.7
22:39:37.980,79.1,49.6,70.3,67.7,74.5,71.8,70.2,68.1,70.5,67.7,66.0,65.1,63.9,60.5,55.9,55.6,53.8,54.1,53.9,54.9,54.7,54.9,56.0,56.4,57.3,58.0,59.6,60.5,61.4,62.3,62.9,64.3,65.4,66.5,68.0,69.0,69.9,70.8,72.7
22:39:38.980,79.6,50.1,71.8,68.4,71.3,71.0,72.0,68.0,68.4,65.3,62.9,63.0,62.5,61.4,57.8,57.9,55.0,54.4,54.7,55.1,55.5,55.1,56.4,56.2,57.6,58.8,60.1,60.4,61.3,62.2,63.3,64.3,65.4,66.9,67.8,68.9,70.0,70.9,72.7
22:39:39.980,79.4,50.5,71.5,69.0,71.0,73.9,70.9,68.1,69.5,66.5,65.9,65.2,64.5,62.5,57.5,57.0,54.3,53.8,54.0,54.6,55.2,55.1,56.0,57.8,57.5,58.6,59.4,60.7,61.2,62.1,63.0,64.3,65.6,66.6,67.8,68.9,70.1,71.0,72.8
22:39:40.980,78.5,50.5,69.7,63.7,68.5,65.6,72.8,72.1,69.9,68.3,67.8,67.5,61.7,60.4,55.2,57.1,54.7,54.3,54.6,55.2,55.1,54.4,56.2,56.6,57.3,58.4,59.3,60.5,61.2,62.6,63.5,64.4,65.5,66.7,67.9,69.0,70.0,70.9,72.7
22:39:41.980,77.5,50.5,71.2,63.0,64.6,70.6,74.1,70.1,68.1,66.6,64.8,64.5,61.5,58.7,55.2,56.8,55.5,54.8,54.1,54.4,55.6,55.7,56.4,56.2,57.7,58.5,60.0,60.5,61.4,62.6,63.3,64.4,65.3,66.8,68.1,69.1,70.2,71.0,72.7
22:39:42.980,76.6,51.0,69.8,69.2,73.6,71.6,72.6,68.3,64.8,65.8,67.7,64.2,66.4,61.3,60.3,57.0,55.6,53.7,55.0,54.5,55.1,55.4,56.5,57.1,58.2,59.0,59.4,60.3,61.6,62.6,63.5,64.3,65.4,66.8,68.1,69.0,70.1,70.8,72.8
22:39:43.980,78.2,52.9,72.3,72.3,67.2,71.2,65.7,66.8,65.6,69.7,63.1,62.9,64.1,60.2,58.7,59.0,55.7,54.8,55.3,54.6,55.9,55.0,56.4,56.4,57.5,58.8,59.6,60.6,61.4,62.6,63.6,64.3,65.7,66.7,68.0,68.8,69.9,70.9,72.7
22:39:44.980,79.5,50.9,72.7,69.5,71.3,71.0,69.9,66.8,67.3,70.1,68.0,66.3,66.8,62.4,61.3,58.4,55.3,53.6,54.7,55.6,54.8,54.7,56.1,57.3,57.9,58.6,59.5,60.4,61.4,62.4,63.4,64.3,65.4,66.8,67.9,68.9,70.1,71.2,72.8
22:39:45.980,80.6,50.8,74.1,67.0,65.4,63.4,68.6,68.1,69.6,71.5,68.7,64.8,65.3,62.8,59.8,58.1,57.0,55.4,55.2,55.0,53.9,55.1,56.5,56.6,58.2,58.6,59.5,60.6,61.5,62.4,63.4,64.3,65.7,66.9,67.7,69.0,70.0,70.9,72.8
22:39:46.980,77.4,50.6,71.2,64.2,64.4,74.2,71.8,72.2,71.4,71.0,67.3,66.0,67.2,62.3,61.1,57.7,54.9,54.4,54.4,55.1,54.9,54.4,56.1,56.3,57.6,58.3,59.3,60.5,61.4,62.2,63.4,64.4,65.5,66.6,67.9,69.1,70.1,70.8,72.7
22:39:47.980,77.1,50.2,69.2,69.7,69.6,69.7,69.2,69.2,73.1,71.5,66.7,64.6,62.5,60.0,58.3,55.4,54.0,54.0,54.3,54.1,54.8,54.4,56.2,56.8,57.8,58.6,59.7,60.4,61.6,62.6,63.5,64.5,65.4,66.7,67.8,68.9,69.9,70.9,72.8
22:39:48.980,77.8,50.3,71.0,69.0,67.7,69.1,71.5,68.9,64.6,65.2,65.9,63.2,62.2,61.0,56.6,53.8,52.1,53.4,55.5,55.3,54.1,55.2,56.5,57.0,57.6,58.8,59.8,60.6,61.5,61.8,63.4,64.2,65.6,66.7,68.0,69.0,69.9,70.8,72.6
22:39:49.980,80.6,50.9,72.8,65.9,68.6,71.3,67.1,70.9,66.5,67.9,66.9,63.8,65.2,59.7,56.7,53.7,55.7,54.8,55.2,53.8,54.9,55.2,56.7,57.3,57.5,58.2,59.0,60.2,60.9,62.0,63.3,64.5,65.6,66.7,67.9,69.0,70.2,70.9,72.7
22:39:50.980,76.8,51.2,71.1,64.7,69.0,64.6,68.8,67.8,69.9,70.0,69.0,64.8,65.4,60.5,57.5,55.1,53.2,55.2,54.5,55.5,55.1,55.3,55.6,57.0,57.9,58.7,59.4,60.6,61.6,62.1,63.3,64.4,65.4,66.8,68.0,68.8,70.0,71.0,72.7
22:39:51.980,78.6,51.9,72.0,60.6,66.1,68.3,69.0,70.9,66.4,71.1,69.2,64.6,63.1,58.6,57.2,56.2,54.8,54.1,53.4,54.3,55.5,55.3,55.5,57.4,57.9,58.6,59.7,60.6,61.4,62.4,63.2,64.4,65.5,66.7,67.9,69.1,70.1,70.8,72.7
22:39:52.980,78.9,51.5,72.0,63.0,70.4,70.3,69.7,72.1,67.5,70.0,70.2,64.9,66.2,59.5,58.2,57.3,55.0,54.4,53.5,55.9,55.6,55.1,55.7,56.6,58.2,58.7,59.1,59.9,60.8,62.4,63.3,64.2,65.2,66.7,67.7,68.9,70.0,71.0,72.7
22:39:53.980,78.2,51.6,72.1,67.5,66.1,64.4,65.0,67.7,69.2,71.7,64.0,64.7,64.6,62.5,57.8,57.4,56.1,55.4,53.9,55.0,54.8,54.8,55.4,56.4,57.8,59.1,59.3,60.1,61.1,62.3,63.2,64.6,65.4,66.8,68.0,69.0,70.0,70.9,72.7
22:39:54.980,77.1,51.6,70.1,71.9,72.4,71.0,72.2,70.8,72.7,66.6,68.3,65.4,63.0,58.3,59.5,56.7,55.5,53.9,54.4,53.7,55.3,55.5,56.2,56.3,57.8,59.4,59.7,60.1,61.7,62.0,63.1,64.4,65.4,66.9,68.0,69.2,70.1,71.0,72.7
22:39:55.980,76.1,51.2,69.7,69.3,71.4,71.5,69.5,71.3,68.4,64.9,65.8,62.1,63.8,60.9,57.6,56.5,55.2,54.5,54.9,54.3,54.7,55.2,55.6,56.6,58.0,58.6,59.0,60.6,61.3,62.1,63.3,64.4,65.7,66.7,67.9,69.0,70.0,71.0,72.6
22:39:56.980,79.2,52.2,73.5,63.9,70.2,66.7,69.4,69.1,67.6,66.9,64.2,62.9,64.6,62.1,59.7,60.2,59.4,55.8,55.9,55.4,54.8,56.1,56.5,56.7,57.3,58.2,59.1,60.4,61.5,62.3,63.3,64.4,65.3,66.7,67.8,69.0,69.9,70.9,72.7
22:39:57.980,77.0,51.2,70.3,65.9,64.7,64.8,68.3,69.0,67.6,68.8,69.1,66.0,67.3,62.4,58.7,57.0,55.9,54.9,54.4,54.9,54.1,55.6,56.4,57.0,58.4,58.9,59.4,60.5,61.3,62.1,63.4,64.4,65.6,66.8,68.0,68.9,70.1,70.9,72.7
22:39:58.980,77.1,52.0,69.6,64.3,65.0,65.9,66.9,72.2,71.2,66.4,63.5,63.7,64.4,61.1,58.8,57.9,55.8,54.2,54.3,54.1,54.7,55.7,56.9,57.0,57.9,58.7,59.4,60.1,61.2,62.2,63.6,64.3,65.5,66.8,68.0,69.1,70.2,70.9,72.6
22:39:59.980,78.6,51.6,70.8,64.5,68.8,70.6,72.4,64.9,63.5,65.9,65.4,62.8,62.5,61.0,58.8,55.2,56.0,56.0,54.2,54.0,56.1,56.2,55.7,57.2,57.5,58.6,59.7,60.1,61.2,62.3,63.3,64.1,65.4,66.8,67.8,69.0,69.9,71.0,72.6
22:40:00.980,77.6,50.4,69.4,64.4,64.7,67.4,67.8,69.7,66.8,65.7,65.5,62.7,60.9,61.4,59.8,55.1,53.5,55.5,53.8,54.3,55.0,56.0,55.7,57.0,57.9,58.1,59.6,60.0,61.0,62.3,63.0,64.5,65.7,66.5,68.1,68.9,70.0,71.1,72.8
