AMBIENT,61.8,36.1,42.7,30.6,29.8,30.5,32.5,33.8,31.3,30.9,30.0,30.8,31.3,32.0,32.4,33.6,36.0,32.2,25.4,27.7,24.6,24.9,20.9,21.8,28.6,21.4,19.2,20.0,20.7,21.6,22.3,23.3,24.2,25.1,26.0,26.8,27.7,28.7,29.1
22:35:27.455,71.0,35.6,42.7,27.6,28.3,30.1,30.9,35.0,29.7,31.3,30.0,31.7,29.2,30.7,32.4,32.8,34.5,34.3,25.9,26.7,23.7,24.5,20.8,21.2,28.5,20.3,19.2,19.9,20.7,21.3,22.3,23.1,24.2,25.2,26.3,27.0,27.7,28.7,29.1
22:35:28.455,70.3,35.7,42.2,28.0,22.6,28.5,32.6,32.7,33.6,31.7,30.0,30.7,30.0,30.8,32.6,33.2,35.0,32.6,25.9,27.7,23.9,24.7,21.0,21.7,28.4,21.4,18.7,19.9,20.2,21.5,22.3,23.2,24.1,25.1,26.0,26.9,27.8,28.8,29.1
22:35:29.455,58.9,35.5,41.9,31.6,29.5,28.0,31.2,33.1,29.9,30.0,28.0,32.4,30.5,31.8,30.7,31.7,35.3,30.1,25.6,28.5,24.0,25.1,20.9,20.7,28.6,21.4,19.5,20.4,20.5,21.0,22.3,23.3,24.3,25.2,25.9,26.8,27.6,28.8,29.0
22:35:30.455,56.3,35.6,41.6,32.4,32.3,31.7,34.9,35.7,28.1,29.9,29.7,28.0,30.9,27.3,29.3,30.9,34.9,30.3,25.5,27.8,24.2,24.7,21.9,22.3,28.3,21.3,19.2,20.1,20.6,21.4,22.3,23.5,24.0,25.4,26.2,27.0,27.8,28.8,29.1
22:35:31.455,62.0,35.6,42.3,34.1,30.0,30.1,33.8,35.9,27.9,32.1,28.0,30.8,30.5,34.6,31.8,30.8,35.0,31.4,24.2,28.3,24.1,25.0,21.2,21.5,28.5,21.3,18.9,20.1,20.6,21.4,22.1,23.2,23.9,25.6,26.1,26.7,27.8,28.4,29.0
22:35:32.455,56.0,35.5,42.1,24.7,29.5,30.6,31.3,32.9,29.6,30.1,32.6,28.8,32.7,32.6,30.5,31.6,35.9,30.4,25.0,27.7,23.6,24.5,20.8,22.1,28.6,21.3,19.4,19.6,20.6,21.6,22.4,23.0,24.1,25.0,26.0,26.8,27.7,28.6,28.9
22:35:33.455,56.3,35.4,42.2,31.6,30.0,27.6,30.3,32.5,28.1,31.2,32.5,32.2,33.0,33.3,30.4,31.3,35.2,30.8,25.9,27.8,24.3,25.0,20.6,21.1,27.9,21.3,18.5,19.6,20.4,21.1,22.1,23.2,24.1,25.4,26.1,26.8,27.9,28.9,29.2
22:35:34.455,58.5,35.5,42.1,26.3,28.4,29.6,30.2,32.8,29.6,33.9,32.2,31.1,32.3,31.5,29.5,32.1,35.9,32.2,25.6,27.1,23.3,24.5,20.0,21.9,28.0,21.4,18.9,20.0,20.4,21.4,22.2,23.2,24.1,25.3,26.0,26.9,28.0,28.8,29.2
22:35:35.455,62.2,35.4,42.4,31.4,30.9,29.1,29.9,32.4,29.4,29.5,28.9,32.0,29.0,31.9,32.5,33.0,35.9,31.6,24.4,26.9,25.4,25.1,20.1,21.3,27.7,20.8,18.6,19.7,20.3,21.1,22.3,23.3,24.2,25.2,26.1,26.9,27.8,28.8,29.1
22:35:36.455,54.7,35.6,42.4,29.8,27.1,29.2,34.7,34.4,32.5,33.6,30.3,29.6,31.7,31.6,31.0,32.0,35.4,30.9,26.5,27.8,25.4,24.9,20.5,22.3,28.7,21.0,18.8,19.7,20.6,21.4,21.9,23.1,23.9,24.9,25.9,26.8,27.7,28.7,29.1
22:35:37.455,48.7,35.6,42.7,28.7,28.8,28.7,33.2,33.3,28.5,30.7,31.6,29.1,33.0,33.8,32.2,33.1,36.7,30.9,24.8,26.7,23.9,24.9,21.7,21.6,28.3,21.2,19.1,19.4,20.3,21.4,22.3,23.0,24.0,25.0,26.1,26.9,27.8,28.6,29.2
22:35:38.455,54.5,35.6,42.6,32.4,29.5,26.7,29.6,30.0,30.3,33.7,28.8,29.5,30.7,31.3,32.9,35.3,36.1,31.6,24.1,26.9,24.8,25.4,20.9,21.6,28.7,21.3,19.2,19.8,20.2,21.5,22.4,23.1,24.0,25.2,26.0,26.8,27.7,28.7,29.2
22:35:39.455,62.5,35.6,43.2,32.7,33.2,30.5,33.8,34.0,33.4,31.1,30.3,31.6,31.2,31.2,33.2,34.8,37.3,33.4,24.3,27.4,24.6,24.6,20.5,21.1,28.8,21.3,19.2,19.6,20.0,21.5,22.2,23.3,24.2,25.0,26.0,27.0,27.8,28.7,29.1
22:35:40.455,65.7,35.8,43.5,31.2,29.0,30.4,34.1,37.6,33.8,31.7,27.5,30.4,30.5,32.5,32.6,36.0,38.3,33.4,24.8,28.1,23.6,24.0,20.2,21.6,28.6,21.2,19.0,20.2,20.7,21.2,22.4,23.5,24.2,25.1,25.8,26.8,27.8,28.6,29.0
22:35:41.455,68.9,35.5,43.2,23.3,26.6,26.1,32.9,35.6,32.7,30.6,30.0,31.1,29.4,31.7,31.4,34.9,37.3,33.2,25.7,26.9,24.1,24.6,19.6,21.3,27.4,21.2,18.4,19.5,20.3,21.5,22.4,23.2,24.1,25.3,25.9,27.1,27.6,28.6,29.0
22:35:42.455,69.9,36.0,43.5,33.0,32.3,33.2,33.3,32.7,30.9,31.0,28.9,30.8,27.8,31.1,33.6,36.3,38.3,32.8,24.8,27.8,24.6,24.1,20.8,21.8,30.5,22.3,18.9,20.0,20.5,21.6,22.2,23.4,24.3,25.2,26.1,26.8,27.7,28.8,29.1
22:35:43.455,66.5,35.6,44.1,27.0,35.4,36.0,36.7,36.0,34.0,32.2,31.5,32.8,33.5,30.0,32.9,35.9,37.0,33.0,26.0,27.0,24.3,25.3,21.6,21.9,28.1,20.9,19.0,19.5,20.0,21.7,22.2,23.1,24.4,25.0,25.9,26.8,27.7,28.7,29.0
22:35:44.455,63.2,35.7,43.6,38.9,39.7,37.0,34.8,34.0,32.5,32.6,33.3,30.4,31.1,31.7,34.4,34.8,37.2,33.7,24.0,27.8,25.8,25.6,21.4,21.8,28.5,21.1,19.0,19.6,20.6,21.3,22.4,23.4,24.0,25.0,25.9,26.8,27.6,28.6,29.1
22:35:45.455,69.2,35.8,44.9,48.8,42.7,40.4,39.7,39.0,37.5,38.6,32.5,31.1,31.1,32.7,33.7,33.4,38.2,34.6,25.4,26.8,24.8,26.0,22.1,21.3,28.2,21.3,18.6,19.9,20.4,21.3,22.7,23.2,24.0,25.3,26.0,26.9,27.7,28.6,29.0
22:35:46.455,78.5,35.9,45.1,50.5,48.7,45.2,38.7,37.2,35.1,36.8,35.6,33.5,30.8,30.5,31.5,32.2,38.4,34.3,25.6,27.9,24.9,24.8,21.3,21.5,28.2,21.6,20.1,20.7,21.8,21.5,22.6,23.4,24.3,25.1,25.9,26.9,27.8,28.6,29.1
22:35:47.455,79.4,35.7,44.5,47.3,45.4,46.0,42.3,41.2,37.5,36.4,35.0,32.7,33.7,31.5,34.3,33.0,36.6,33.1,24.7,27.4,24.3,25.2,21.0,22.3,28.5,21.4,18.9,19.9,21.1,21.8,22.5,22.9,23.9,25.1,26.1,26.7,27.7,28.8,29.2
22:35:48.455,75.9,35.7,47.3,59.1,53.9,47.1,44.3,40.9,43.8,37.9,41.1,34.8,35.6,31.7,32.4,32.6,38.6,32.7,25.7,26.7,24.3,24.7,20.9,21.5,28.0,20.9,18.6,19.9,21.0,21.6,23.2,23.2,24.1,25.1,26.0,27.1,27.9,28.8,29.1
22:35:49.455,69.9,35.6,49.6,57.1,53.3,48.2,47.7,49.4,48.3,48.0,37.6,35.6,36.2,34.1,33.1,33.1,38.3,34.2,26.3,26.9,25.3,25.3,21.4,21.9,27.4,21.3,19.4,19.8,20.7,21.2,22.3,23.1,24.1,24.9,26.0,27.0,27.7,28.7,29.0
22:35:50.455,81.4,35.8,51.9,57.5,54.7,51.8,50.7,53.5,51.9,47.1,42.1,41.3,37.8,33.8,37.3,33.5,37.1,33.8,27.7,27.2,25.6,24.5,21.1,21.8,28.6,21.0,18.7,19.7,20.5,21.5,22.2,23.3,24.2,25.2,26.0,26.7,27.7,28.6,29.0
22:35:51.455,73.8,36.4,53.3,56.1,53.3,49.0,47.7,53.4,54.6,48.6,44.5,42.3,41.5,37.7,39.1,39.7,39.8,38.4,32.5,29.7,25.4,25.8,20.3,21.6,28.2,21.6,18.6,20.0,19.9,20.9,22.2,23.3,24.3,25.2,26.0,26.8,27.7,28.8,29.3
22:35:52.455,71.8,37.9,57.7,61.4,61.6,61.4,60.7,56.9,52.4,48.1,53.9,48.3,46.2,44.8,46.2,45.5,44.8,41.6,37.2,32.4,27.0,25.6,20.9,21.8,28.0,20.9,18.4,19.6,20.3,21.7,22.3,22.9,24.1,25.0,26.0,26.8,27.8,28.8,29.0
22:35:53.455,79.5,40.8,62.9,61.7,62.7,62.7,62.1,59.1,55.8,57.9,53.2,51.1,50.3,52.2,51.8,51.3,50.6,45.6,40.6,36.8,29.8,26.6,21.7,21.8,28.5,21.7,18.9,19.9,20.2,21.0,22.2,23.0,24.1,25.1,25.9,26.9,27.8,28.7,29.1
22:35:54.455,82.5,42.8,67.7,76.2,74.6,70.4,69.0,65.4,65.0,63.5,61.0,56.6,55.6,55.4,55.7,53.0,52.4,48.4,45.0,40.4,35.3,29.3,22.7,22.6,28.0,20.6,19.1,20.3,20.5,21.3,22.4,22.9,23.9,25.1,25.9,26.8,27.5,28.7,29.0
22:35:55.455,82.2,44.9,69.5,69.1,70.1,73.3,71.2,69.0,68.4,67.2,60.2,59.1,59.3,57.6,57.0,56.5,51.9,50.7,47.8,42.9,37.7,31.1,26.3,24.2,28.0,21.4,18.9,19.9,20.3,21.4,22.3,23.2,24.3,25.4,26.1,26.8,27.9,28.8,29.0
22:35:56.455,84.6,45.9,72.7,68.0,70.9,73.9,73.8,71.3,70.6,68.4,67.2,65.2,60.2,57.5,57.3,55.5,55.0,50.5,48.8,44.0,39.5,33.4,28.2,25.6,28.2,22.0,19.1,19.7,20.5,21.1,22.0,23.3,24.1,25.0,26.0,26.8,27.6,28.7,29.1
22:35:57.455,84.4,47.0,71.6,76.0,77.1,73.3,75.1,69.3,68.2,67.8,63.5,64.7,63.7,60.6,58.6,57.6,54.7,52.3,48.8,45.5,39.8,34.1,28.8,26.0,29.1,21.9,19.0,20.2,20.2,20.9,22.0,23.0,24.3,25.1,26.0,26.9,27.7,28.7,29.3
22:35:58.455,83.4,47.4,71.9,72.9,72.4,76.2,75.7,70.9,67.4,66.4,60.5,61.7,64.4,62.1,60.5,58.2,56.7,53.7,49.9,46.5,40.4,34.4,29.5,27.0,28.9,22.3,19.4,20.2,20.6,21.2,22.0,22.9,24.3,25.1,26.0,26.9,27.7,28.7,29.1
22:35:59.455,80.6,48.1,72.1,68.5,70.2,72.5,73.6,71.3,67.6,66.6,65.5,66.4,63.5,62.0,61.5,58.6,55.9,53.5,49.7,47.2,41.6,34.6,30.9,28.2,29.0,22.1,19.0,19.7,20.5,21.2,22.0,23.1,24.2,24.9,25.9,26.8,27.8,28.7,29.2
22:36:00.455,81.3,48.4,72.2,68.8,73.6,73.9,72.6,72.6,71.0,67.5,65.5,61.7,62.3,61.9,60.3,58.3,57.7,54.7,51.2,47.0,40.9,35.1,31.5,28.1,29.2,22.8,19.2,19.6,20.2,21.0,22.2,23.3,24.5,25.2,26.3,27.0,27.9,28.7,29.0
22:36:01.455,83.6,48.9,74.2,71.2,71.0,71.5,75.1,76.5,70.7,71.9,66.8,63.0,62.4,63.7,61.2,57.5,57.0,55.6,51.8,47.1,41.9,37.0,30.7,28.5,30.0,22.6,19.9,20.4,20.6,20.9,21.9,23.0,24.1,25.2,26.2,26.8,27.7,28.7,29.1
22:36:02.455,84.3,52.6,75.7,72.0,75.1,75.8,74.3,77.4,72.9,73.0,66.5,66.6,65.5,64.2,65.6,64.0,61.2,58.0,55.3,50.2,45.7,41.2,35.2,31.6,30.7,24.6,20.4,20.4,20.8,21.6,22.3,23.2,23.9,25.3,26.1,26.6,27.8,28.7,29.1
22:36:03.455,84.2,54.6,77.0,72.1,72.4,75.8,75.5,71.5,72.8,69.7,67.1,70.4,67.4,65.4,65.6,65.8,62.8,60.4,57.0,54.3,50.0,44.0,40.4,36.6,33.8,28.3,23.0,21.8,21.0,21.2,21.9,23.4,24.1,25.2,26.1,26.9,27.7,28.6,29.1
22:36:04.455,88.2,54.8,78.6,74.3,75.7,78.4,77.8,78.8,74.9,70.8,70.8,68.7,65.2,69.3,66.0,63.5,63.0,60.4,57.8,52.9,48.0,43.1,38.4,35.4,33.4,27.8,23.1,22.0,21.5,21.2,22.1,23.0,24.0,24.9,25.8,26.9,27.7,28.7,28.9
22:36:05.455,88.1,55.2,79.7,73.4,77.6,81.4,83.0,81.1,78.2,74.2,68.3,70.5,67.6,67.8,66.7,65.9,63.0,60.8,57.2,53.4,47.7,42.5,38.2,35.1,32.6,26.6,22.4,21.6,20.6,21.0,22.2,23.1,24.2,25.1,26.1,26.8,27.8,28.6,29.0
22:36:06.455,87.7,54.3,79.8,71.6,75.0,78.8,82.8,81.5,78.4,77.9,68.3,65.4,70.0,68.6,66.2,62.9,62.3,60.7,56.9,53.5,48.8,43.4,37.5,33.5,31.3,26.1,21.3,21.2,20.6,21.0,22.1,23.2,24.3,25.0,25.8,26.9,27.8,28.7,29.1
22:36:07.455,90.3,54.1,81.5,80.7,76.8,76.2,82.4,82.3,81.9,77.7,71.2,69.7,68.4,66.3,66.3,62.7,60.7,60.1,56.9,53.9,49.8,43.4,38.5,34.9,32.1,26.4,22.3,21.5,20.3,20.9,22.0,23.2,24.1,25.2,25.9,26.7,27.6,28.7,29.1
22:36:08.455,90.3,54.1,82.4,74.1,77.4,78.5,77.6,83.6,85.2,75.5,72.3,69.2,66.5,60.4,63.1,60.7,62.2,60.6,58.0,54.0,48.9,42.3,37.9,33.7,32.0,25.9,21.1,20.5,20.5,21.4,22.1,23.1,24.1,24.8,26.0,26.7,27.7,28.8,29.0
22:36:09.455,91.2,55.8,83.4,78.5,77.9,81.7,81.9,82.1,85.6,81.4,76.9,67.7,66.8,62.6,61.6,64.3,64.1,62.6,59.4,55.1,52.6,46.5,40.9,37.1,34.7,28.0,22.1,21.9,21.0,21.8,22.0,23.5,24.1,25.1,25.9,27.0,27.7,28.7,29.2
22:36:10.455,92.3,58.4,83.5,81.9,83.6,85.6,86.5,85.2,85.8,82.2,73.1,70.9,66.9,66.9,66.8,63.2,66.5,63.5,63.1,59.1,55.6,51.0,45.2,42.6,38.7,33.0,26.4,24.5,21.7,22.4,22.5,23.0,24.1,25.3,26.0,26.9,27.8,28.8,29.1
22:36:11.455,95.0,61.7,85.4,86.3,88.2,87.3,86.0,86.0,88.7,82.4,73.2,73.4,69.3,67.4,68.0,68.5,68.7,66.8,65.3,64.0,60.1,55.2,49.8,46.3,41.6,37.4,31.5,27.7,23.4,23.5,22.7,23.3,24.3,25.1,25.8,26.6,27.7,28.5,29.0
22:36:12.455,95.7,61.2,86.2,78.3,81.5,85.2,89.3,92.1,84.7,81.4,78.2,71.9,67.6,68.9,66.4,67.4,66.6,65.3,64.9,61.1,59.2,52.2,45.1,40.0,36.2,30.8,24.3,22.7,21.4,21.7,22.3,23.3,24.2,25.3,26.1,26.9,27.8,28.8,29.2
22:36:13.455,97.0,63.0,87.3,77.2,85.0,91.2,91.3,90.2,85.9,85.8,80.8,73.0,69.3,68.5,71.9,70.4,67.9,67.6,67.4,64.1,61.3,54.7,49.8,46.7,43.7,39.3,32.4,29.2,25.1,23.8,22.9,23.6,24.4,25.1,26.0,26.9,27.7,28.8,29.3
22:36:14.455,99.4,67.5,90.6,83.2,87.4,92.3,89.1,90.9,89.4,89.1,80.6,74.9,77.7,74.2,73.3,73.0,74.3,72.1,70.1,69.4,66.5,60.0,54.0,49.3,46.4,43.2,36.2,32.1,26.5,25.3,23.6,23.3,24.3,25.3,26.1,26.9,27.8,28.6,29.1
22:36:15.455,98.7,68.4,91.4,87.0,90.0,88.3,89.7,91.3,89.7,87.9,83.3,76.5,75.0,79.8,77.9,80.4,74.9,75.9,71.3,68.3,62.9,61.8,54.7,51.3,47.5,42.1,36.8,31.9,25.6,24.6,23.2,23.3,24.2,25.1,26.1,26.9,27.8,28.8,29.1
22:36:16.455,101.6,70.6,93.7,84.2,85.8,92.2,94.0,99.5,93.8,89.4,86.1,78.6,79.4,77.7,82.5,81.2,81.5,72.9,71.9,70.0,68.2,60.5,57.0,54.3,49.2,44.0,39.2,34.8,29.6,28.3,24.5,23.4,24.3,25.0,26.0,26.8,27.9,28.8,29.0
22:36:17.455,101.6,70.9,92.3,89.8,89.7,94.5,94.4,90.8,86.3,90.1,82.5,79.8,79.0,77.6,79.5,77.3,77.1,74.0,74.2,69.6,64.9,59.4,53.8,48.2,43.0,39.1,34.6,31.0,26.0,24.0,22.7,23.4,24.3,25.0,26.0,26.9,27.8,28.9,29.0
22:36:18.455,103.2,71.8,94.6,95.4,93.5,97.5,94.3,96.0,94.0,91.0,88.4,85.5,78.7,79.5,80.8,79.9,77.0,76.5,76.5,73.2,69.2,66.2,58.4,53.1,49.0,44.1,37.0,32.7,25.5,24.0,22.4,23.2,24.3,25.1,26.0,26.8,27.8,28.7,29.0
22:36:19.455,104.8,78.1,98.4,92.5,93.1,93.3,94.8,95.9,97.3,98.0,93.1,88.7,89.2,87.8,84.4,78.4,75.1,80.6,85.1,81.8,74.9,70.7,64.9,60.5,61.4,60.2,56.5,54.9,50.4,46.7,39.7,35.1,31.1,27.1,26.2,26.9,27.8,28.7,28.9
22:36:20.455,104.2,76.1,98.3,91.7,91.1,94.0,96.8,98.9,96.4,93.1,94.5,88.5,90.2,89.1,87.7,84.3,79.3,77.7,78.7,75.9,71.4,68.6,64.4,63.5,62.1,57.0,54.0,47.8,47.4,45.5,39.5,33.8,29.6,26.5,26.3,26.9,27.8,28.7,29.0
22:36:21.455,104.0,77.6,98.9,91.2,90.5,88.6,94.4,96.6,97.2,92.6,92.8,91.4,89.9,87.0,88.7,86.7,86.4,83.9,79.2,76.1,70.7,62.8,60.3,57.6,51.8,48.6,39.7,35.1,29.3,25.7,23.5,23.6,23.9,25.2,26.0,26.9,27.7,28.6,29.0
22:36:22.455,106.3,82.9,101.8,95.1,95.8,95.2,95.3,99.7,98.0,93.3,94.2,95.1,91.7,92.7,91.2,92.5,91.1,88.8,87.7,84.6,79.4,71.1,68.2,67.6,64.0,61.9,54.5,51.1,45.7,42.0,36.7,31.2,29.0,25.6,25.9,26.8,27.8,28.7,29.1
22:36:23.455,106.8,88.5,103.6,94.3,91.6,88.6,94.3,96.8,96.7,92.3,97.5,95.2,95.6,93.9,91.9,94.9,94.5,93.9,91.2,88.7,88.4,84.5,80.7,79.0,74.3,70.1,63.8,58.2,50.4,49.1,44.7,37.5,31.5,26.3,25.9,26.6,27.7,28.6,29.1
22:36:24.455,105.7,83.7,101.3,93.9,93.6,92.7,94.3,95.2,94.3,95.8,96.4,92.8,91.5,90.8,92.0,91.6,91.5,88.4,85.2,83.0,82.5,76.1,66.0,64.9,63.3,58.6,50.3,48.8,41.3,40.0,33.2,27.0,24.5,24.9,25.9,26.9,27.8,28.8,28.9
22:36:25.455,107.7,81.3,101.6,94.1,99.4,100.7,99.5,97.6,96.2,93.7,92.6,93.9,91.5,92.8,91.1,93.3,93.0,86.5,80.7,78.0,73.1,69.8,69.0,62.2,61.1,59.7,50.6,46.1,38.5,37.3,30.3,26.4,25.3,25.1,25.9,26.9,27.6,28.8,29.0
22:36:26.455,106.9,81.5,101.8,91.2,92.3,94.2,97.0,98.7,97.9,98.1,95.0,92.8,92.2,92.0,90.8,92.4,91.5,86.2,78.6,82.2,81.3,71.9,66.8,69.5,65.9,59.6,50.4,42.2,36.5,33.3,27.6,24.8,24.4,25.0,26.1,26.8,27.8,28.8,28.9
22:36:27.455,106.9,75.3,100.7,89.3,92.7,97.7,98.4,99.0,98.8,98.7,95.3,93.0,85.1,86.7,85.9,84.4,81.9,76.7,74.7,75.4,70.5,58.7,55.8,54.0,48.3,45.8,35.4,30.3,25.1,23.5,22.6,23.2,24.3,25.2,26.0,26.7,27.7,28.9,29.1
22:36:28.455,110.6,83.0,106.1,96.7,94.1,94.8,95.8,101.4,103.1,103.4,102.0,98.7,98.0,94.3,93.8,94.3,91.6,85.1,82.6,82.9,77.6,70.1,69.5,65.8,60.6,57.0,53.6,55.3,48.7,47.6,43.7,38.5,33.4,28.7,26.7,26.9,27.6,28.8,29.1
22:36:29.455,109.7,83.6,104.8,97.5,99.7,97.4,97.1,99.2,98.1,97.3,100.0,96.1,98.1,95.6,93.2,91.3,87.9,86.9,85.9,86.0,78.4,67.2,69.2,70.1,66.3,62.5,57.0,51.4,50.0,46.1,43.8,39.5,35.4,29.3,26.6,26.8,27.7,28.6,29.1
22:36:30.455,109.3,80.7,103.9,91.8,99.4,98.0,101.5,98.9,100.8,99.1,98.2,96.9,96.6,94.5,90.1,89.3,87.8,83.6,84.5,83.9,74.9,67.9,67.1,63.7,58.4,52.0,45.8,45.4,44.3,39.2,34.2,31.3,26.9,25.6,26.0,26.9,27.8,28.7,29.0
22:36:31.455,109.3,82.0,104.3,91.3,96.7,96.8,96.2,96.9,101.4,100.2,101.4,96.7,94.8,95.0,94.1,89.6,86.1,87.0,85.5,82.2,76.6,73.7,73.3,71.8,64.0,54.2,53.0,49.9,44.6,43.2,36.1,29.9,26.8,25.8,26.2,26.9,27.6,28.7,29.1
22:36:32.455,108.3,78.3,101.1,100.5,95.8,94.0,97.0,94.9,96.4,97.7,97.1,94.8,89.4,91.2,88.6,87.4,86.5,84.2,80.1,75.7,69.3,66.8,66.4,64.3,61.2,52.3,42.6,38.1,32.8,30.4,25.5,23.8,24.2,24.9,26.0,26.8,27.8,28.7,29.0
22:36:33.455,107.0,79.2,99.8,97.3,100.8,95.9,94.8,93.0,96.2,96.9,90.9,90.6,91.1,88.1,85.2,83.5,85.3,86.8,82.5,74.8,74.3,69.6,67.4,61.9,55.0,51.6,48.4,48.8,45.5,40.3,36.1,28.6,25.8,25.3,25.9,26.8,27.8,28.8,29.0
22:36:34.455,106.7,73.8,100.6,87.7,89.2,98.2,101.4,98.4,94.0,95.6,96.8,94.9,94.0,92.6,90.2,81.9,80.2,79.0,72.2,67.8,67.7,64.5,58.1,57.4,51.6,48.0,38.7,33.6,30.5,27.0,25.1,24.0,24.3,25.1,25.9,26.6,27.8,28.7,29.0
22:36:35.455,107.4,77.0,101.4,96.3,97.0,92.6,96.1,95.8,96.5,96.5,96.7,96.4,92.8,90.6,86.8,87.6,86.2,83.6,73.8,75.3,69.1,60.7,58.7,53.7,49.7,48.2,40.1,37.4,29.9,30.1,25.3,23.3,24.2,25.1,26.0,26.8,27.7,28.7,29.1
22:36:36.455,106.5,72.4,98.0,93.9,95.4,94.9,92.3,94.6,98.0,96.9,89.9,91.4,87.9,87.3,81.7,84.3,83.4,80.3,69.1,67.9,61.9,59.6,53.7,51.9,44.7,38.1,29.1,24.6,22.5,21.7,22.2,23.1,24.1,24.9,25.8,26.8,27.8,28.7,29.1
22:36:37.455,106.6,75.5,99.7,95.1,94.5,95.9,100.6,97.3,97.1,98.8,94.7,94.7,89.5,87.6,86.3,85.7,86.6,81.6,79.5,75.9,71.8,67.4,64.8,63.3,56.2,55.4,48.9,45.5,36.5,30.8,24.9,23.4,24.2,25.1,25.9,27.0,27.8,28.8,29.0
22:36:38.455,106.6,76.7,100.3,94.6,96.5,99.4,99.3,98.0,95.8,100.0,96.5,91.5,92.2,89.0,88.2,86.6,86.7,81.7,80.1,76.0,74.3,72.0,70.2,65.7,57.2,54.2,44.4,38.1,33.0,30.2,24.6,23.9,24.4,25.0,26.0,26.8,27.6,28.8,29.0
22:36:39.455,108.0,76.0,101.4,94.2,96.7,94.4,99.6,101.9,97.5,100.8,96.1,94.3,89.4,88.0,88.8,90.1,87.0,80.1,76.2,71.4,69.0,67.3,62.1,54.5,51.6,48.3,39.8,37.0,29.5,26.2,23.1,23.1,24.3,25.0,26.0,26.8,27.7,28.8,29.1
22:36:40.455,107.1,74.1,99.7,95.7,95.7,99.6,98.8,91.6,94.8,98.4,93.9,92.7,90.3,86.2,86.8,87.5,81.7,78.9,75.2,70.0,65.9,59.9,55.6,48.0,44.2,37.0,30.2,26.0,22.0,21.9,22.2,23.2,24.4,25.2,25.9,26.8,27.8,28.7,29.1
22:36:41.455,106.7,74.8,98.8,92.5,92.4,91.8,94.7,93.4,98.0,94.3,96.4,91.7,89.5,87.6,88.1,88.3,84.7,78.0,74.1,73.9,73.1,70.4,66.4,61.8,57.7,51.1,41.5,37.8,31.9,23.6,23.0,23.3,24.3,25.0,26.2,26.7,27.8,28.7,29.1
22:36:42.455,106.0,71.8,98.4,96.7,93.4,92.4,96.7,96.8,93.6,92.0,92.5,92.6,88.5,86.9,88.4,86.0,75.2,72.9,70.1,65.2,60.4,59.9,55.7,44.3,39.8,35.7,24.7,22.7,21.1,21.3,21.9,23.3,23.9,25.0,25.9,26.7,27.7,28.8,29.0
22:36:43.455,106.2,70.6,98.3,96.2,95.2,97.9,96.6,96.6,90.9,94.7,94.9,90.5,89.6,86.4,87.2,83.1,77.8,73.5,68.5,65.8,60.2,50.9,48.0,45.4,39.6,32.8,24.4,21.4,21.2,21.6,22.4,23.4,24.1,25.2,25.8,27.0,27.7,28.7,29.0
22:36:44.455,106.8,74.9,99.2,99.0,99.9,96.6,97.4,96.3,97.8,98.2,93.2,89.8,90.6,88.9,87.9,85.0,82.1,78.0,75.9,74.5,73.0,69.6,66.7,62.1,59.9,56.9,49.9,43.7,34.8,34.9,32.0,26.5,24.4,25.4,26.1,26.8,27.8,28.7,29.1
22:36:45.455,107.6,77.5,99.8,98.5,97.5,97.9,97.3,99.1,93.6,94.4,94.6,91.4,90.4,90.2,91.8,87.8,84.2,81.9,79.9,77.2,73.2,70.9,66.9,60.1,58.0,50.4,44.4,40.2,34.9,32.5,25.6,23.7,24.2,25.3,26.0,26.8,27.8,28.7,29.1
22:36:46.455,105.3,72.5,98.2,93.7,94.0,94.0,96.1,95.7,92.6,94.7,92.1,90.8,89.5,87.8,89.1,84.8,80.8,77.9,72.0,66.5,59.4,59.0,54.5,49.2,49.0,39.5,29.7,23.2,21.2,21.5,22.2,23.2,24.4,25.0,26.0,26.8,27.6,28.5,29.0
22:36:47.455,105.3,69.8,97.1,93.1,96.4,95.4,93.6,98.1,92.5,95.8,93.4,90.3,87.5,88.1,87.3,82.8,78.5,73.2,68.9,67.8,64.2,56.0,48.1,44.6,42.6,33.2,26.4,22.0,21.1,21.3,22.3,23.4,24.4,25.2,26.3,26.8,27.7,28.9,29.1
22:36:48.455,105.2,69.8,96.4,96.0,98.9,95.5,96.2,96.4,92.3,90.7,87.8,88.6,88.1,84.4,85.2,78.1,75.8,71.9,69.4,67.0,62.2,56.1,49.1,43.9,39.8,29.0,21.3,20.3,20.7,21.7,22.3,23.3,24.3,25.2,26.0,26.8,27.8,28.5,29.0
22:36:49.455,106.0,75.0,98.5,87.6,88.7,90.8,96.1,99.6,97.0,94.8,92.6,92.0,89.4,89.0,88.3,85.7,83.4,80.7,77.5,74.8,71.9,67.7,63.3,60.5,62.5,56.7,48.0,43.8,34.3,28.9,24.7,23.6,24.3,25.2,26.0,26.8,27.7,28.7,29.0
22:36:50.455,104.4,70.7,95.6,96.9,93.2,87.9,93.8,93.9,89.8,92.7,92.2,88.2,86.1,85.5,85.1,81.2,79.4,77.2,74.0,70.9,65.8,56.1,44.9,37.6,34.0,27.5,20.5,20.0,20.8,21.3,22.5,23.3,24.5,25.3,25.8,26.8,27.7,28.7,29.1
22:36:51.455,105.8,71.8,96.9,97.0,97.6,98.1,94.2,90.0,90.8,95.0,89.8,90.1,87.7,90.3,86.9,83.2,80.0,76.4,73.6,71.3,68.9,62.4,54.4,51.5,46.1,36.9,24.7,20.5,20.7,21.3,22.1,23.2,24.4,24.9,25.9,26.8,27.6,28.8,29.0
22:36:52.455,106.0,70.3,96.7,95.7,98.2,94.1,90.8,95.6,95.8,94.6,91.5,89.2,87.7,88.9,87.2,83.6,79.6,75.7,72.3,67.7,64.4,53.7,51.4,48.6,43.3,39.8,29.0,21.8,20.9,21.4,22.6,23.3,24.5,25.1,26.1,26.9,27.9,28.8,29.1
22:36:53.455,104.8,68.7,95.8,92.0,95.4,95.9,95.6,94.6,90.8,86.8,90.4,86.8,86.3,89.1,84.9,78.5,77.3,69.9,62.1,59.0,56.0,49.1,41.5,38.8,32.4,25.2,19.6,20.2,20.5,21.1,22.1,23.0,24.2,25.3,26.1,26.8,27.7,28.8,29.1
22:36:54.455,103.2,66.6,94.2,94.3,96.5,97.6,92.7,91.6,92.8,91.4,87.8,88.8,86.9,85.8,78.7,78.0,74.7,70.7,65.9,61.3,58.1,52.7,45.5,39.3,32.3,24.1,19.1,19.8,20.8,21.3,22.3,23.1,24.5,24.9,26.0,27.0,27.7,28.6,29.2
22:36:55.455,105.8,68.9,96.7,97.9,99.2,97.4,93.2,96.1,93.7,94.4,89.0,88.5,87.3,87.3,81.2,78.9,77.3,72.0,68.8,63.1,58.6,53.0,46.9,36.9,32.9,26.7,19.6,19.7,20.8,21.3,22.4,23.0,23.9,25.1,25.9,26.7,27.6,28.7,29.1
22:36:56.455,104.2,67.8,94.8,88.2,94.3,93.6,93.4,93.8,93.5,88.9,91.1,85.2,87.0,84.0,81.8,80.2,75.0,71.6,67.6,63.9,60.6,54.6,46.2,41.7,35.9,27.1,19.0,20.0,20.7,21.2,22.2,23.2,24.0,25.0,26.0,26.9,27.8,28.8,29.0
22:36:57.455,104.9,68.6,96.1,93.6,94.9,93.4,89.8,95.3,96.9,88.9,87.3,87.5,87.7,84.4,81.5,79.0,75.2,71.8,67.7,65.4,63.2,56.3,50.4,47.2,40.2,30.4,20.0,20.1,20.4,21.1,22.6,23.2,24.5,25.0,26.0,26.8,27.8,28.6,29.0
22:36:58.455,104.8,69.0,95.8,91.2,95.9,96.9,94.6,97.0,96.6,91.1,89.9,84.8,88.9,85.3,82.0,78.6,76.7,75.1,73.6,70.4,63.0,57.6,50.2,44.7,37.4,28.3,22.5,21.4,20.6,21.2,22.2,23.2,24.2,25.1,25.9,26.8,27.7,28.6,29.1
22:36:59.455,105.6,68.2,95.1,95.8,92.9,93.8,88.9,90.1,91.8,90.7,89.0,85.9,86.8,83.9,78.1,75.6,74.3,72.6,69.2,66.7,62.4,56.5,50.7,46.9,39.6,32.3,22.0,20.4,20.7,21.5,22.4,23.3,24.4,25.1,26.3,26.8,27.9,28.7,29.1
22:37:00.455,104.5,68.9,95.4,93.1,89.7,97.1,95.3,92.8,93.3,86.4,86.8,87.2,87.1,81.9,81.7,77.3,76.0,70.9,68.3,66.5,61.7,55.8,48.9,44.2,35.8,26.6,20.1,20.2,20.4,21.2,22.2,23.2,23.9,25.0,25.8,26.9,27.7,28.8,29.1
22:37:01.455,104.9,68.3,95.0,95.4,94.7,94.3,97.0,93.0,93.9,89.9,88.0,86.0,84.7,83.2,79.9,79.3,76.8,71.1,69.9,66.5,58.8,51.0,46.1,40.1,34.3,29.4,20.8,19.9,20.3,21.3,21.9,23.1,24.1,25.1,25.8,26.9,27.8,28.7,28.9
22:37:02.455,104.8,67.6,96.0,96.9,93.7,89.2,93.9,90.9,92.8,93.1,89.4,88.8,88.3,83.6,80.1,77.8,76.1,72.8,67.4,64.1,59.2,54.5,48.7,45.1,38.5,31.9,23.4,20.8,20.6,21.6,22.1,23.1,24.2,25.0,25.9,26.9,27.7,28.7,29.0
22:37:03.455,105.4,66.6,94.6,99.0,96.8,96.6,97.5,96.1,93.0,88.5,89.2,88.6,87.5,81.5,80.4,78.6,74.8,72.6,70.6,65.4,60.9,53.1,46.2,44.6,38.7,30.2,23.5,21.4,20.5,21.1,22.2,23.0,24.3,25.1,25.9,26.9,27.7,28.7,29.2
22:37:04.455,105.0,66.4,94.0,94.9,95.0,97.9,95.6,90.0,89.4,90.6,87.8,86.3,84.9,80.9,79.3,74.4,72.8,70.0,68.0,65.1,57.0,52.6,49.0,42.9,38.0,30.0,21.5,19.9,20.4,21.5,22.3,23.4,24.1,25.0,25.8,27.1,27.8,28.7,29.1
22:37:05.455,104.7,67.4,94.2,89.6,93.5,94.1,92.9,95.1,92.9,85.0,88.1,87.0,85.6,82.7,80.3,78.9,76.0,72.9,67.2,65.6,61.6,56.6,46.8,40.0,35.4,29.2,20.4,20.3,20.8,21.2,21.9,23.1,24.2,24.8,25.9,26.8,27.7,28.7,29.1
22:37:06.455,103.5,69.0,95.0,92.7,89.7,93.0,94.9,91.1,89.4,91.7,88.6,88.0,87.8,82.8,82.8,77.9,75.4,73.5,71.6,68.5,64.1,56.5,53.3,50.2,40.0,31.6,24.2,22.0,20.7,21.5,22.3,23.2,24.2,25.2,26.1,26.8,27.8,28.7,29.2
22:37:07.455,103.4,67.7,94.8,91.2,92.2,96.3,94.2,96.9,92.9,91.5,87.8,87.0,87.6,82.3,80.4,77.8,76.0,73.1,70.8,67.6,62.9,55.3,50.5,48.0,42.5,36.0,27.2,22.3,20.8,21.3,22.0,23.4,24.0,25.0,26.0,26.9,27.8,28.8,29.0
22:37:08.455,104.1,65.4,93.5,89.8,89.9,94.0,95.2,94.1,94.0,87.5,86.4,87.1,85.7,82.8,80.1,75.1,72.7,70.2,67.7,64.7,58.5,52.8,45.9,43.4,37.4,31.5,23.6,20.8,20.7,21.9,22.4,23.3,24.3,25.0,26.0,26.9,27.7,28.8,29.0
22:37:09.455,103.5,65.3,92.4,95.1,90.4,92.7,93.2,89.0,87.5,86.9,89.2,86.3,84.5,80.9,81.1,75.3,74.1,70.7,67.7,63.4,57.1,49.9,45.8,39.8,34.1,26.3,20.6,20.3,20.0,21.1,22.5,23.2,24.2,25.2,25.9,26.8,27.9,28.6,29.0
22:37:10.455,107.0,65.9,93.7,92.4,95.1,94.6,94.5,91.3,89.5,90.0,87.6,89.5,84.1,79.3,78.2,76.5,72.7,69.9,67.0,64.9,62.7,56.2,50.3,44.4,40.0,33.8,25.7,21.0,20.9,21.4,22.3,23.3,24.4,25.2,25.8,26.7,27.8,28.7,29.0
22:37:11.455,104.4,65.6,94.1,96.1,87.4,93.9,95.9,92.7,92.9,90.3,88.3,90.9,86.7,82.3,79.1,76.0,73.1,70.1,67.1,64.6,62.5,54.7,52.0,50.3,44.8,35.2,28.2,22.9,20.5,21.2,22.2,23.2,24.6,25.1,26.1,26.8,27.6,28.6,29.1
22:37:12.455,105.2,67.0,94.9,93.8,90.7,96.4,96.6,94.3,92.1,89.0,89.5,88.0,85.5,82.5,80.4,77.4,74.2,71.4,67.3,62.5,55.1,47.6,45.3,39.5,36.0,27.1,22.8,20.7,20.6,21.2,22.5,23.4,24.2,25.1,26.0,26.8,27.8,28.7,28.9
22:37:13.455,104.5,66.1,93.4,97.9,97.4,91.1,91.1,89.3,90.5,88.6,89.7,83.7,85.2,81.3,79.5,77.0,74.0,70.1,68.2,63.6,58.1,51.4,46.2,39.8,36.4,28.2,20.5,20.2,20.6,21.3,22.4,22.9,24.4,25.1,26.0,26.7,27.9,28.7,29.1
22:37:14.455,104.9,68.9,93.6,96.8,96.6,91.9,93.8,92.9,89.7,88.8,88.1,85.9,83.4,80.8,80.2,75.8,73.6,71.9,70.0,68.6,64.1,55.7,51.2,44.7,40.4,35.7,27.3,24.0,21.5,21.3,22.1,23.4,24.2,25.3,25.8,26.8,27.7,28.6,29.1
22:37:15.455,102.8,66.6,93.1,96.5,95.8,96.4,96.2,90.5,86.9,86.7,89.6,86.8,83.2,80.0,78.3,75.7,72.8,70.6,71.1,66.8,61.4,54.6,51.4,45.9,39.6,36.7,26.9,21.7,20.3,21.4,22.1,23.4,24.2,25.1,26.0,26.7,27.6,28.7,29.1
22:37:16.455,105.8,66.2,93.9,98.2,94.5,94.1,92.8,87.8,92.9,90.7,89.3,85.8,85.1,83.4,79.6,77.0,73.7,68.8,68.1,66.3,62.8,55.9,49.0,42.0,37.8,28.4,23.4,20.2,20.3,21.4,22.4,23.2,24.6,25.1,26.0,26.8,27.9,28.8,28.9
22:37:17.455,105.6,66.4,93.1,94.4,99.3,96.4,92.1,92.8,89.7,87.7,87.2,85.4,81.8,80.1,78.1,77.2,73.4,70.6,70.4,64.4,59.6,54.6,50.2,44.7,38.6,31.4,22.5,20.7,20.7,21.6,22.3,23.1,24.2,25.1,26.0,26.8,27.8,28.7,29.0
22:37:18.455,102.4,66.9,93.2,94.6,92.8,90.1,92.3,91.4,91.8,89.8,88.7,89.0,85.7,82.9,80.8,77.1,75.1,72.3,69.8,68.0,62.6,57.3,52.9,50.1,45.0,39.8,33.2,29.1,22.4,21.5,22.2,23.3,24.1,24.8,26.1,27.1,27.7,28.7,29.0
22:37:19.455,103.8,64.6,91.6,92.5,95.0,93.7,94.0,89.7,85.9,85.9,86.9,85.7,82.4,79.9,77.8,75.5,71.5,69.2,67.8,62.8,55.3,49.6,46.6,41.6,35.2,26.8,21.6,20.4,20.4,21.2,22.2,23.1,24.1,25.2,25.9,26.9,27.7,28.8,29.0
22:37:20.455,104.5,62.9,90.7,97.6,96.4,94.2,90.3,93.1,81.4,79.5,85.7,84.6,80.6,76.6,74.4,72.2,71.2,68.7,62.6,58.5,55.4,50.5,44.3,39.6,35.9,29.1,19.8,19.9,20.6,21.4,22.2,23.4,24.2,25.1,26.0,26.9,27.8,28.7,28.9
22:37:21.455,102.8,63.6,90.8,89.7,89.5,91.8,93.5,92.1,85.2,87.3,86.0,84.7,81.6,80.9,76.5,73.4,72.1,69.3,65.9,62.1,57.5,48.8,46.2,43.0,39.2,33.6,24.7,20.4,20.5,21.2,22.2,23.4,24.3,25.1,25.9,26.7,27.7,28.5,29.2
22:37:22.455,104.1,61.5,90.2,93.6,87.3,88.8,92.6,89.5,88.6,85.1,86.9,82.6,81.1,78.7,74.0,70.6,68.6,66.4,63.7,59.2,52.0,46.2,40.0,34.9,31.6,23.6,19.8,20.4,20.4,21.9,22.3,23.0,24.1,25.0,26.2,26.8,27.7,28.6,29.0
22:37:23.455,102.4,61.2,89.4,90.7,95.7,93.0,88.3,88.3,82.2,81.9,84.2,84.2,80.6,75.6,71.6,69.5,65.8,63.4,60.4,58.0,57.9,53.2,46.9,39.7,35.6,29.0,21.7,20.2,20.2,21.7,22.0,22.9,24.2,25.0,25.8,27.0,27.7,28.7,29.2
22:37:24.455,100.5,61.9,90.3,86.8,85.7,86.8,91.1,93.1,84.5,87.5,82.7,82.7,80.4,77.8,74.3,72.3,69.5,68.0,64.0,58.9,54.2,49.6,45.7,41.4,34.1,24.8,20.3,20.1,20.1,21.6,22.2,23.0,24.1,24.9,25.9,26.8,27.6,28.7,29.1
22:37:25.455,103.4,61.3,89.9,96.6,93.4,85.4,88.4,89.1,86.6,85.6,86.7,82.0,78.9,77.0,75.5,72.1,68.2,65.8,59.9,58.2,54.5,47.6,40.9,39.1,33.3,27.2,19.8,19.8,20.4,21.4,22.4,23.1,24.3,24.9,26.2,26.9,27.6,28.7,29.0
22:37:26.455,101.3,60.0,87.1,89.9,90.2,89.8,90.2,88.7,80.2,82.7,80.5,80.8,77.8,75.0,71.2,70.9,66.3,65.4,62.1,58.2,53.1,45.1,40.4,37.3,32.3,24.5,19.8,19.8,20.3,21.3,22.1,23.0,24.2,25.1,25.9,26.8,27.7,28.8,29.0
22:37:27.455,99.9,61.7,87.9,91.0,91.7,93.6,87.0,85.0,85.3,83.8,80.9,78.4,75.5,73.9,72.7,68.1,66.0,67.2,64.3,61.5,57.4,52.0,42.1,36.6,35.1,27.9,20.3,19.9,20.3,21.2,22.1,23.2,24.2,25.1,25.7,26.9,27.7,28.7,29.1
22:37:28.455,100.5,64.0,89.4,83.1,83.9,85.2,88.1,87.2,89.4,83.5,83.8,82.6,81.6,77.7,75.6,74.3,70.9,69.2,67.6,65.1,58.2,52.9,47.9,42.0,35.1,30.4,24.1,20.8,20.7,21.4,22.1,23.2,24.2,25.1,25.9,26.8,27.6,28.8,28.9
22:37:29.455,102.6,63.8,88.8,95.1,91.7,88.4,88.4,85.3,86.3,84.4,83.4,84.8,80.9,79.6,78.3,76.5,72.3,69.9,67.2,60.9,58.4,56.1,51.6,45.0,41.0,36.1,28.0,22.1,20.5,21.4,22.5,23.2,24.0,25.2,25.9,26.8,27.6,28.7,29.0
22:37:30.455,100.4,62.0,88.5,89.6,86.9,84.3,87.7,88.9,86.3,81.3,85.5,81.0,78.1,75.3,73.1,69.8,70.2,66.9,64.2,61.3,55.9,48.1,39.0,34.9,32.4,26.0,19.8,20.5,20.4,21.0,22.1,23.2,24.0,24.9,26.0,26.7,27.7,28.6,29.0
22:37:31.455,100.7,61.2,88.5,92.6,86.7,88.1,88.4,87.2,81.0,83.0,83.7,80.3,79.1,75.8,74.4,69.6,68.0,66.9,62.0,59.1,53.5,43.9,39.0,36.4,33.8,27.6,20.9,20.0,20.1,21.5,22.1,23.2,24.1,24.9,26.1,26.8,27.7,28.8,29.2
22:37:32.455,101.4,61.5,88.2,83.7,85.3,89.7,90.1,85.8,84.9,83.6,80.8,82.7,77.8,74.8,72.5,70.2,69.0,67.1,62.5,59.9,55.1,49.4,44.7,38.1,35.5,29.1,20.7,20.1,20.2,21.6,22.3,23.1,23.9,25.1,26.0,26.9,27.7,28.6,29.0
22:37:33.455,99.6,62.0,88.8,82.1,86.8,87.5,88.7,90.8,87.5,85.8,83.0,82.0,79.8,78.1,74.3,72.5,70.1,67.7,65.9,60.1,54.5,48.7,44.2,42.6,35.8,27.8,21.9,20.8,20.6,21.6,22.5,23.1,24.3,25.2,26.0,26.8,27.7,28.8,29.1
22:37:34.455,102.0,60.9,88.6,88.9,88.7,91.0,87.6,87.2,84.9,84.0,83.4,80.1,79.1,76.9,75.9,70.0,69.3,66.3,63.2,58.1,51.9,47.1,42.7,35.8,31.9,27.6,21.2,20.6,20.7,21.2,22.4,22.9,24.2,25.1,25.8,26.9,27.7,28.8,29.1
22:37:35.455,100.6,63.3,89.4,85.1,84.5,84.2,86.1,85.0,83.8,84.3,80.5,79.4,78.5,78.8,74.9,71.4,69.0,66.4,63.4,60.7,55.3,49.6,45.0,41.9,40.3,32.0,23.1,21.0,20.2,21.3,22.6,22.7,24.0,25.0,25.9,26.8,27.8,28.7,29.0
22:37:36.455,101.2,63.0,89.8,92.0,89.4,90.1,88.6,88.7,89.1,85.8,84.8,83.8,81.0,78.8,74.6,72.0,70.7,69.6,66.5,61.0,57.4,51.2,47.5,46.9,42.7,32.3,23.5,20.6,20.2,21.1,22.2,23.2,24.2,25.0,26.0,26.7,27.8,28.8,29.0
22:37:37.455,99.4,59.5,87.9,87.9,88.6,91.9,87.0,85.9,84.1,85.8,84.9,82.8,78.1,75.3,73.0,70.3,68.0,65.1,63.9,57.8,52.5,48.3,45.7,40.2,36.6,30.4,23.8,20.6,20.5,21.6,22.1,23.2,24.0,25.1,26.0,26.9,27.8,28.7,29.0
22:37:38.455,101.2,59.3,88.1,91.2,87.4,90.2,87.7,83.5,85.6,83.9,82.9,80.3,78.4,73.7,72.1,69.7,66.5,61.6,57.8,58.3,53.7,45.2,38.2,35.1,31.5,25.2,19.8,20.1,20.4,20.7,22.2,23.2,24.1,24.9,25.9,26.7,27.6,28.8,29.0
22:37:39.455,100.4,61.1,88.3,84.5,88.8,90.5,87.6,86.6,86.6,81.9,81.1,80.8,78.6,76.5,74.4,70.4,69.4,65.8,62.0,56.4,50.3,43.9,40.4,37.9,32.6,27.1,22.0,19.9,20.1,21.5,22.6,23.3,23.9,25.0,25.9,27.0,27.7,28.6,28.9
22:37:40.455,100.8,62.1,88.4,83.7,86.5,88.8,90.9,86.6,83.5,85.4,80.6,78.9,81.0,79.1,74.9,72.2,71.5,68.6,63.9,58.0,52.8,49.0,43.4,38.5,36.4,28.7,21.1,20.0,20.3,21.2,22.1,23.0,24.2,24.9,26.0,26.7,27.7,28.7,29.0
22:37:41.455,99.1,61.9,88.9,90.6,90.5,89.1,89.5,86.1,87.8,86.7,84.9,83.2,77.9,76.1,70.9,71.2,70.3,68.3,63.8,61.6,58.4,54.2,50.9,45.7,40.4,32.7,23.9,20.5,20.5,20.8,22.2,23.2,24.3,24.9,26.0,26.7,27.7,28.9,29.1
22:37:42.455,100.3,63.0,89.1,91.6,86.6,86.8,89.1,87.5,86.3,85.4,81.1,80.2,80.5,79.0,72.4,69.6,67.2,67.4,64.4,61.2,58.2,54.8,46.7,43.6,41.5,34.2,25.9,20.3,20.5,21.3,21.9,23.0,24.3,25.2,26.1,26.7,27.6,28.7,29.0
22:37:43.455,99.7,63.5,87.9,85.0,90.5,93.0,89.0,84.6,84.2,84.6,83.8,82.3,80.6,76.8,75.4,73.1,71.5,69.6,67.0,61.1,60.3,58.7,53.0,48.8,42.6,38.2,30.0,22.0,20.4,21.1,22.1,22.9,24.1,24.9,25.9,26.8,27.6,28.7,29.0
22:37:44.455,99.9,61.2,86.2,89.0,84.7,86.6,86.8,86.7,85.2,82.2,82.4,78.4,77.8,75.9,74.2,72.5,70.5,66.6,63.2,60.6,57.7,53.2,45.9,38.5,34.2,29.0,22.5,19.8,20.3,21.3,22.4,22.8,24.0,25.1,25.8,27.1,27.8,28.6,29.2
22:37:45.455,99.7,62.9,87.9,89.2,87.1,85.3,88.7,88.1,84.3,80.2,82.2,78.3,78.4,77.3,75.3,70.8,71.7,66.8,65.3,60.1,54.9,49.6,42.9,39.7,34.6,25.8,21.0,20.2,20.2,21.2,22.3,23.0,23.9,25.1,25.9,26.7,27.7,28.6,29.1
22:37:46.455,100.0,61.9,87.9,86.2,84.3,86.5,86.5,85.7,87.1,83.5,84.3,78.5,78.5,76.2,76.6,73.1,69.8,68.1,62.9,57.8,54.2,51.7,47.2,44.7,40.5,34.7,24.9,20.6,20.3,21.3,22.4,23.4,24.1,24.9,25.9,26.8,27.6,28.7,28.9
22:37:47.455,98.1,59.0,86.6,89.4,86.8,85.2,87.3,85.2,85.7,83.3,82.8,81.8,75.3,73.9,71.5,69.7,66.9,64.9,60.3,56.5,52.6,46.9,40.5,37.0,33.2,26.7,20.6,20.0,20.2,21.1,22.4,23.1,23.9,25.0,25.9,26.8,27.8,28.8,29.0
22:37:48.455,100.7,57.1,86.4,87.6,85.4,86.5,87.0,83.6,85.0,79.1,80.3,77.8,77.4,73.8,69.2,65.1,60.9,59.5,56.1,52.2,47.1,44.0,39.3,35.5,34.2,28.1,21.2,20.0,20.0,21.2,22.2,23.0,24.2,25.2,26.0,26.8,27.7,28.7,29.1
22:37:49.455,99.7,60.4,87.6,92.6,86.8,85.6,88.0,87.9,85.9,84.3,82.7,79.5,78.5,73.2,72.8,70.2,66.7,64.8,64.0,59.7,57.9,53.6,46.0,41.1,36.9,28.6,22.3,21.0,20.6,21.1,22.1,23.0,24.1,24.9,25.9,26.9,27.8,28.7,29.0
22:37:50.455,97.5,61.6,86.3,86.3,87.4,81.1,81.7,85.1,86.9,81.5,81.3,82.0,78.6,77.1,72.5,71.0,69.4,68.1,66.4,62.6,58.5,54.3,48.7,44.4,40.8,32.8,25.6,20.4,20.3,21.1,21.8,23.1,24.4,24.9,25.8,26.7,27.8,28.7,29.1
22:37:51.455,99.4,60.3,88.5,90.4,88.1,89.7,89.8,86.5,82.9,84.0,82.4,81.5,81.3,79.3,74.1,70.9,68.5,62.7,53.3,54.2,50.0,46.3,43.2,38.7,34.2,25.8,21.8,20.5,20.4,21.3,22.3,23.1,24.0,24.9,25.8,26.9,27.8,28.8,29.1
22:37:52.455,100.4,56.9,86.0,93.8,93.2,87.9,81.5,81.8,81.6,80.5,80.8,78.2,78.8,77.4,72.7,66.1,62.1,59.5,55.2,53.4,48.7,43.5,39.3,33.2,31.7,24.4,19.4,19.4,20.7,21.0,21.9,23.2,24.2,24.9,25.9,26.8,27.9,28.7,29.1
22:37:53.455,98.7,56.6,84.9,86.3,82.8,87.9,86.5,84.8,79.4,79.6,79.4,78.4,75.0,73.9,69.8,66.8,63.0,62.7,58.8,55.7,48.6,44.6,39.0,33.4,31.2,25.0,19.5,19.4,20.0,21.1,22.1,22.9,24.0,24.9,26.0,26.8,27.7,28.7,29.1
22:37:54.455,97.3,56.7,85.1,84.5,88.5,90.2,82.6,85.2,81.8,82.1,81.2,80.1,75.1,74.1,70.3,67.9,66.8,63.1,56.6,51.3,48.3,44.0,38.2,33.8,31.5,25.2,20.1,20.2,20.2,21.3,22.1,22.9,23.9,25.1,26.1,26.8,27.8,28.7,29.0
22:37:55.455,98.4,57.7,86.0,90.7,91.5,87.7,84.3,85.6,85.0,83.5,80.8,80.6,76.8,75.8,73.2,69.1,65.9,62.6,59.0,56.0,51.7,47.4,42.2,36.5,33.6,26.5,21.1,19.9,20.5,21.5,22.2,23.3,23.9,25.1,25.9,26.9,27.7,28.7,29.2
22:37:56.455,99.5,58.7,84.4,93.4,88.0,83.5,81.9,79.1,80.0,78.9,79.1,78.0,75.9,73.1,71.2,68.1,68.2,64.8,61.6,55.7,52.7,49.1,41.5,37.3,33.3,26.7,22.8,19.7,20.3,20.9,21.7,22.9,24.1,24.9,25.8,26.8,27.7,28.6,29.0
22:37:57.455,97.2,61.1,85.2,83.5,84.3,82.7,78.2,77.0,82.0,81.1,78.9,76.3,78.0,72.8,71.9,69.1,69.4,66.5,63.6,59.0,54.6,48.8,43.8,41.1,36.8,29.1,22.6,20.2,20.0,20.7,21.9,22.9,24.1,24.9,25.8,26.7,27.7,28.7,29.0
22:37:58.455,98.0,62.8,85.6,92.5,87.3,84.7,82.5,82.2,80.4,83.2,81.5,79.6,78.1,76.1,75.8,73.7,73.4,70.1,66.6,63.2,58.8,56.7,52.0,48.3,43.9,35.6,30.3,26.2,21.6,21.1,22.0,23.3,24.1,25.1,25.9,26.7,27.8,28.6,29.0
22:37:59.455,97.6,59.7,85.5,89.6,84.2,81.4,84.5,83.5,81.5,81.7,83.3,75.6,77.1,73.1,71.8,69.3,67.0,64.5,60.9,57.1,53.7,48.2,43.5,38.1,33.4,26.1,20.7,19.9,20.1,21.3,22.2,23.1,24.0,25.0,25.9,26.8,27.7,28.8,29.1
22:38:00.455,96.5,57.2,85.6,82.9,79.1,85.1,82.6,85.6,87.1,81.7,79.5,79.4,75.5,72.4,69.4,69.0,65.6,63.8,57.2,53.1,48.8,44.2,40.1,36.4,33.6,24.8,19.5,19.6,20.4,21.3,22.1,23.2,24.3,25.3,26.0,26.8,27.8,28.5,28.9
22:38:01.455,98.3,58.9,85.0,92.5,93.0,87.5,84.0,87.2,81.7,80.4,79.8,74.5,76.5,73.2,71.5,69.0,67.4,65.2,60.5,59.1,57.1,51.6,44.2,41.8,38.8,31.5,23.6,20.5,20.1,21.1,22.0,23.1,24.0,25.1,26.1,26.6,27.7,28.7,29.1
22:38:02.455,98.6,61.0,85.9,91.9,88.8,85.6,80.4,84.2,81.8,80.6,79.3,75.7,75.8,75.2,70.9,67.8,66.2,66.3,63.3,60.0,55.4,48.6,42.4,41.2,38.2,31.3,24.1,20.8,20.3,21.0,22.3,23.3,24.4,25.2,25.8,26.8,27.8,28.6,29.1
22:38:03.455,95.2,61.6,85.8,85.1,86.9,83.5,80.2,84.6,80.0,81.1,80.8,80.5,76.5,77.0,72.1,68.9,68.7,67.2,65.0,60.6,58.3,52.6,44.8,40.9,34.9,29.3,21.3,19.9,20.5,20.9,22.1,23.3,24.3,25.0,26.0,26.7,27.9,28.7,29.1
22:38:04.455,97.2,58.9,84.8,89.7,87.0,85.0,86.0,85.2,80.4,82.3,79.7,79.1,76.1,75.7,70.3,69.8,67.5,64.7,63.2,57.1,53.1,45.3,41.8,35.5,33.0,27.1,22.1,20.0,20.4,21.4,22.8,23.3,24.4,25.0,26.0,26.9,27.6,28.7,28.9
22:38:05.455,95.9,54.2,83.6,89.4,86.2,84.8,86.1,83.0,82.5,79.3,79.2,76.8,73.6,71.1,67.7,67.2,63.0,59.7,53.9,49.2,46.5,43.0,39.2,33.6,31.0,25.4,19.8,19.9,20.2,21.6,21.9,23.1,24.2,25.0,25.9,26.7,27.8,28.6,28.9
22:38:06.455,97.4,56.9,85.4,81.5,87.8,88.9,84.5,83.6,81.9,79.5,81.6,77.0,73.9,70.9,67.1,66.4,64.4,60.8,57.5,55.3,52.2,45.6,38.1,31.3,30.8,25.0,19.2,19.9,20.2,21.4,22.2,23.4,24.1,25.0,25.9,26.7,27.5,28.7,29.0
22:38:07.455,99.9,55.7,83.2,85.7,88.2,86.4,82.1,76.0,81.8,76.8,78.2,77.1,76.8,69.3,68.0,66.0,62.3,61.2,57.6,51.9,47.6,44.4,38.9,33.1,30.1,23.2,19.5,20.4,20.1,21.4,22.1,23.1,24.0,24.6,26.0,26.8,27.7,28.7,29.0
22:38:08.455,95.8,55.6,83.3,83.8,86.4,86.8,81.9,84.8,79.0,78.1,77.5,75.6,74.2,71.1,67.6,64.5,61.9,57.2,56.3,54.1,51.1,46.2,42.2,38.3,32.9,24.1,20.0,19.9,20.2,21.1,22.1,22.9,24.4,25.2,26.1,26.9,27.7,28.6,29.1
22:38:09.455,97.2,60.5,84.8,85.1,87.3,84.2,83.9,84.4,80.6,78.2,80.0,75.4,71.0,70.2,69.9,69.2,67.2,64.8,62.6,58.3,55.7,51.1,46.4,42.8,39.0,31.9,23.2,20.3,20.4,21.1,22.4,23.2,24.2,24.9,26.1,26.9,27.6,28.8,29.0
22:38:10.455,97.9,63.6,85.9,90.0,86.2,86.7,83.4,83.4,83.5,82.9,80.4,75.5,75.5,76.5,73.5,72.6,71.3,70.1,69.2,65.3,60.4,52.5,45.5,40.0,33.6,27.7,20.8,19.6,20.0,21.3,22.3,23.0,24.2,25.3,25.9,26.8,27.7,28.5,29.1
22:38:11.455,95.9,57.8,83.7,89.1,83.1,84.8,81.9,80.9,78.5,76.0,79.8,76.2,75.7,73.5,70.7,67.3,63.5,62.4,59.9,56.3,52.0,47.6,42.8,38.6,34.7,27.3,20.5,19.8,20.4,21.3,22.2,23.2,24.2,25.2,25.9,26.7,27.7,28.8,29.0
22:38:12.455,97.8,59.4,84.7,86.4,86.6,86.0,84.2,84.4,79.6,81.8,77.5,77.4,76.5,76.1,71.4,72.1,68.0,65.5,61.8,56.4,54.4,50.3,44.9,37.7,35.9,28.8,22.3,20.5,20.3,21.1,22.2,23.1,24.1,25.0,25.8,26.8,27.8,28.7,29.1
22:38:13.455,95.7,57.7,82.9,80.3,78.6,77.3,80.8,81.6,81.6,77.4,74.1,72.3,73.2,70.3,67.1,64.5,64.3,62.8,59.9,53.9,49.6,44.2,39.2,32.1,32.2,25.8,19.8,19.8,20.1,21.8,22.3,23.3,24.0,24.8,26.1,26.7,27.6,28.7,29.0
22:38:14.455,96.8,56.9,83.1,84.1,85.0,87.9,86.2,80.5,76.9,77.5,75.4,78.0,74.4,70.6,68.6,67.1,63.6,63.2,61.6,57.5,50.5,44.2,40.3,36.1,32.2,25.2,20.0,20.3,20.2,21.3,22.7,23.6,24.2,24.9,26.1,26.9,27.6,28.6,28.9
22:38:15.455,96.4,56.2,83.3,83.7,85.9,84.8,81.1,83.2,79.0,77.8,75.5,76.6,74.7,71.2,68.6,65.8,62.3,60.6,56.8,51.2,49.7,43.9,39.3,34.6,32.4,24.8,19.9,20.2,20.2,21.8,22.5,23.6,24.4,25.2,26.0,26.9,27.7,28.7,29.0
22:38:16.455,93.6,58.8,83.6,83.0,84.1,82.8,80.4,84.9,83.0,79.1,76.0,76.1,75.8,76.1,71.7,70.5,67.1,64.3,61.1,57.7,55.0,47.5,42.5,41.4,38.0,32.3,24.0,21.4,20.2,21.7,22.3,23.1,24.1,25.1,26.1,26.9,27.7,28.5,29.1
22:38:17.455,95.6,59.3,82.0,88.5,85.4,85.8,82.8,80.8,77.4,74.6,75.5,73.6,73.5,75.0,69.9,70.2,68.2,67.7,64.4,59.3,54.0,45.2,39.1,38.7,35.4,30.5,23.0,20.7,20.5,21.2,21.9,23.1,24.2,25.1,26.0,26.9,27.6,28.7,29.1
22:38:18.455,98.0,57.2,82.8,85.5,82.9,80.6,83.4,81.8,80.5,76.9,74.7,75.1,73.8,73.9,71.6,66.8,63.3,61.5,57.8,53.1,47.5,43.0,38.0,33.0,30.6,23.8,19.3,20.3,20.2,21.4,22.4,23.0,24.2,24.9,26.1,26.8,27.7,28.7,29.1
22:38:19.455,93.9,55.6,82.4,82.9,83.5,82.6,80.1,77.1,77.7,78.3,76.8,75.9,72.2,70.6,63.7,60.8,61.2,58.7,56.6,51.9,46.4,43.0,38.2,34.2,30.6,23.1,19.3,19.6,20.3,21.3,22.4,23.1,24.2,25.2,26.0,26.9,27.6,28.6,29.0
22:38:20.455,94.8,52.3,80.4,83.3,83.8,80.0,80.0,79.8,75.9,74.9,77.4,74.4,69.2,65.4,61.4,60.8,59.8,56.4,53.5,50.5,47.6,43.3,38.7,35.4,31.7,22.8,19.2,19.7,20.4,21.2,22.0,23.3,24.2,25.3,25.7,26.7,27.7,28.6,29.1
22:38:21.455,97.2,54.2,80.8,82.8,84.5,83.9,82.5,79.2,77.4,75.3,77.9,74.0,70.4,67.9,64.6,62.1,59.8,59.6,58.3,54.8,52.1,47.3,42.4,37.8,32.1,24.2,20.3,19.7,19.8,21.3,22.3,23.1,24.3,25.1,25.9,26.9,27.8,28.8,29.0
22:38:22.455,95.5,56.2,81.4,84.0,86.8,84.8,82.8,82.1,78.6,77.7,75.8,74.8,71.0,70.0,66.9,64.9,64.5,63.2,59.8,57.4,53.5,48.6,41.6,37.2,33.5,26.7,20.5,20.3,20.6,21.5,22.6,23.2,24.2,24.9,26.1,26.9,27.6,28.8,29.0
22:38:23.455,97.2,57.7,82.6,87.2,86.4,82.4,81.2,79.3,79.6,72.5,73.6,69.5,68.3,68.9,67.0,64.5,63.3,62.6,56.6,55.3,48.9,44.3,39.6,34.2,32.3,27.0,21.9,20.2,19.8,21.3,22.4,23.3,24.0,25.1,25.9,27.0,27.9,28.7,29.0
22:38:24.455,96.9,55.4,82.0,83.5,83.6,83.7,80.9,80.6,79.8,74.1,73.9,74.4,72.4,71.9,69.2,66.0,63.1,58.5,53.9,52.0,47.5,39.7,36.8,35.2,31.5,26.1,20.3,20.2,20.5,21.2,22.5,22.8,24.1,25.2,25.8,26.7,27.6,28.7,28.9
22:38:25.455,94.5,53.6,81.9,87.5,85.7,81.5,83.9,81.1,77.9,76.9,74.8,75.1,72.7,71.9,65.5,64.5,62.5,57.5,52.3,51.0,49.1,40.7,37.4,33.1,31.4,24.5,19.5,20.1,20.6,21.4,22.0,23.1,24.1,25.1,25.9,26.8,27.8,28.8,29.0
22:38:26.455,98.8,53.8,81.9,88.4,82.6,83.1,83.9,82.5,79.8,75.9,78.2,75.5,73.6,68.8,66.5,65.8,63.6,60.8,54.2,50.8,47.5,42.6,38.6,36.9,34.2,25.0,19.7,20.2,20.1,21.5,22.2,23.2,24.1,25.1,26.0,26.8,27.7,28.8,29.1
22:38:27.455,97.1,53.5,82.4,86.4,81.7,81.7,83.9,84.4,79.4,77.4,75.0,73.7,70.0,68.6,67.0,64.3,59.2,57.1,54.6,51.6,45.3,43.1,38.2,35.2,31.6,23.8,20.5,20.6,20.5,21.4,22.3,23.2,24.5,25.5,26.0,26.9,27.9,28.9,28.9
22:38:28.455,96.0,53.9,81.4,82.2,82.0,80.8,80.3,81.7,80.1,73.9,77.0,74.1,70.0,68.3,66.8,66.0,63.5,59.0,54.6,51.1,45.7,40.5,36.2,34.8,30.6,24.6,19.1,20.0,20.4,21.7,22.7,23.5,24.6,25.3,25.9,26.8,27.9,28.8,29.0
22:38:29.455,94.8,55.3,82.5,86.1,82.4,81.8,80.9,82.2,73.6,76.1,78.8,73.0,71.6,68.2,68.6,64.7,64.9,60.9,55.6,50.3,45.9,40.8,37.6,33.5,31.6,25.4,21.0,20.4,20.6,22.1,22.9,23.3,24.4,25.2,26.1,27.0,27.7,28.6,29.1
22:38:30.455,95.3,52.8,80.3,84.0,85.1,85.0,80.6,79.6,73.2,74.2,74.7,73.4,71.4,66.8,62.3,64.4,60.8,59.6,54.6,48.1,43.7,40.1,34.1,32.0,31.6,24.2,20.4,20.8,20.6,21.6,22.5,23.3,24.6,25.5,26.1,26.9,27.7,28.7,28.9
22:38:31.455,97.2,53.5,83.1,86.3,86.7,85.6,80.4,82.1,77.6,77.1,79.2,78.4,73.0,70.5,65.2,61.5,61.5,56.6,54.4,49.1,44.8,40.3,36.8,32.6,30.9,24.0,19.9,20.2,20.6,21.5,22.4,23.4,24.6,25.4,26.1,26.9,27.9,28.6,29.0
22:38:32.455,96.0,55.0,83.7,87.2,86.1,83.5,85.9,82.5,81.4,81.7,80.2,79.3,76.9,73.6,71.0,65.6,59.1,57.4,53.8,50.9,52.0,46.7,42.9,37.6,31.6,26.1,22.0,20.6,20.4,21.6,22.8,23.3,24.3,25.2,26.2,26.9,27.6,28.6,29.0
22:38:33.455,95.1,57.9,83.7,79.6,75.9,81.3,81.2,82.5,78.7,77.8,80.8,73.4,78.2,74.3,71.5,69.2,65.3,61.9,58.9,55.5,48.8,45.7,43.1,39.1,34.0,29.1,21.5,20.3,20.8,21.7,22.5,23.4,24.5,25.0,26.0,26.9,27.8,28.7,29.1
22:38:34.455,95.9,60.0,84.6,85.1,79.5,83.3,81.8,84.4,80.9,78.8,82.0,78.7,77.5,75.6,74.4,70.8,69.2,66.3,64.0,59.3,55.4,50.5,47.3,41.9,37.8,29.9,22.1,21.2,20.8,21.4,22.3,23.4,24.2,25.1,26.2,27.0,27.8,28.6,29.0
22:38:35.455,93.7,54.8,81.9,80.3,79.7,81.0,77.9,75.3,78.4,79.5,75.3,76.6,73.5,69.5,66.4,61.1,59.8,59.4,56.8,53.7,50.9,44.9,40.2,37.1,32.6,24.6,19.9,20.1,20.9,22.2,22.3,23.3,24.4,25.5,26.2,26.8,27.6,28.7,29.0
22:38:36.455,94.2,55.0,83.2,82.3,82.5,81.5,79.6,82.9,79.0,77.3,80.0,74.3,71.3,71.0,65.4,62.2,58.8,59.3,57.3,52.5,46.7,42.2,39.1,35.8,31.4,24.5,19.3,20.6,20.7,21.8,22.6,23.6,24.4,25.5,26.0,26.8,27.7,28.6,29.2
22:38:37.455,94.7,54.2,81.8,82.2,82.6,85.2,80.5,78.3,79.1,78.2,75.1,70.9,71.6,67.5,66.0,63.4,60.9,58.2,55.4,51.3,45.0,43.3,37.1,31.7,31.5,24.1,20.2,20.2,20.7,21.4,22.2,22.9,23.9,25.3,25.9,26.9,27.9,28.7,28.9
22:38:38.455,94.7,55.3,80.9,84.6,84.8,79.9,80.5,80.9,77.0,75.3,75.2,71.7,72.5,66.8,67.6,65.9,63.0,62.0,58.1,54.3,50.2,43.9,40.7,36.7,35.1,29.6,20.8,20.4,21.0,21.9,22.1,23.1,24.1,25.0,26.1,26.8,27.7,28.7,28.9
22:38:39.455,94.8,54.8,80.2,82.3,84.1,83.8,80.3,78.0,74.6,72.5,74.0,71.4,71.0,70.3,65.5,64.4,63.4,60.3,56.4,51.3,48.2,41.1,34.9,33.3,29.3,22.6,19.5,20.1,20.7,21.4,22.3,23.3,24.3,25.1,26.0,26.8,27.6,28.6,29.2
22:38:40.455,95.9,57.9,83.0,85.6,85.7,81.0,77.0,75.0,78.5,75.3,75.7,73.4,71.9,70.4,67.8,65.6,62.8,58.4,55.1,49.7,42.5,38.9,35.6,29.9,30.6,22.6,18.5,20.0,20.3,21.6,22.1,23.2,24.2,25.2,25.9,26.9,27.7,28.7,29.1
22:38:41.455,93.8,55.6,82.0,81.0,83.7,82.8,82.0,77.3,75.2,76.5,76.0,73.8,74.0,72.2,69.0,67.4,63.6,59.2,55.9,50.3,45.1,41.3,38.0,34.8,31.7,23.3,19.1,19.9,20.0,21.2,22.3,23.1,24.1,25.0,26.2,26.9,27.8,28.6,29.1
22:38:42.455,95.2,55.2,81.4,81.9,81.8,83.8,82.7,76.7,79.7,77.1,79.0,74.3,71.8,68.4,67.8,64.9,64.4,62.2,58.6,53.5,44.6,41.5,35.0,32.6,33.4,26.9,20.3,20.6,20.3,21.1,22.3,23.2,24.2,25.1,25.8,26.9,27.7,28.6,29.1
22:38:43.455,96.9,54.5,82.6,88.0,88.2,87.4,79.7,83.5,82.3,78.8,78.0,74.9,73.5,69.4,68.1,66.9,62.6,60.8,56.8,50.5,46.7,43.6,37.9,34.0,31.7,24.2,21.2,19.7,20.8,21.4,22.5,23.2,24.2,25.1,26.0,26.8,27.9,28.7,29.2
22:38:44.455,96.9,52.5,81.2,85.4,81.7,76.8,77.0,77.4,74.5,73.0,76.4,71.6,67.2,69.9,63.5,60.6,57.0,55.4,50.7,50.8,45.1,41.0,35.9,31.1,29.1,22.7,19.8,20.1,20.8,21.2,22.3,23.5,23.9,25.0,25.9,26.9,27.8,28.7,29.0
22:38:45.455,95.0,51.6,79.9,84.9,83.8,85.2,79.4,76.7,77.4,76.9,76.6,73.6,70.7,68.7,63.3,58.5,57.5,57.0,54.9,50.5,48.4,43.3,41.1,35.6,31.2,24.5,19.7,20.3,20.3,21.4,22.7,23.7,24.2,25.0,25.9,26.9,27.7,28.6,29.1
22:38:46.455,95.1,52.5,80.6,85.1,81.6,80.9,83.3,79.7,78.4,74.5,74.0,72.6,69.5,69.1,63.7,59.0,57.1,55.2,52.9,50.3,47.0,45.3,39.7,33.9,30.9,23.0,20.4,20.3,20.9,21.8,22.5,23.2,24.2,25.2,26.0,26.9,27.6,28.8,29.0
22:38:47.455,94.3,54.4,81.2,83.6,84.4,85.5,82.1,78.3,76.1,77.3,74.2,73.1,71.7,69.3,67.7,64.2,62.2,58.8,56.6,50.4,47.3,44.1,39.8,34.5,30.5,23.7,19.8,20.5,20.3,21.4,22.3,23.3,24.3,24.9,25.8,26.8,27.7,28.8,28.9
22:38:48.455,94.5,56.0,80.3,82.0,80.7,84.0,81.7,80.6,76.4,76.4,76.7,73.2,73.5,71.2,70.3,67.8,66.0,63.2,60.4,57.4,50.9,44.0,39.2,35.7,31.4,28.1,20.8,20.8,20.9,21.6,22.5,23.5,24.6,25.2,26.1,26.7,27.7,28.7,29.1
22:38:49.455,93.0,55.5,79.8,79.9,80.3,80.6,78.0,79.8,73.9,73.9,76.7,73.5,70.6,67.9,67.7,66.2,63.8,61.5,57.2,51.7,45.8,41.7,34.7,30.3,29.7,22.4,19.2,20.4,20.9,21.6,22.3,23.5,24.1,25.1,26.0,26.8,28.0,28.7,29.0
22:38:50.455,94.6,54.0,79.8,85.1,79.2,74.9,80.1,81.1,77.3,70.6,75.0,72.7,72.4,70.4,67.3,64.1,62.5,58.8,56.3,54.1,46.6,42.3,36.3,33.3,30.4,22.6,19.8,20.8,21.0,21.9,22.4,23.3,24.4,25.4,26.2,26.9,27.8,28.7,29.0
22:38:51.455,94.1,54.5,82.0,86.8,84.0,81.4,83.9,80.4,78.0,78.0,77.1,74.7,72.7,69.3,67.7,63.4,60.9,58.3,56.1,53.8,49.1,44.4,41.0,37.9,32.9,24.5,20.2,20.7,21.2,21.9,22.7,23.3,24.4,25.4,26.0,26.8,27.8,28.8,29.0
22:38:52.455,94.4,53.4,80.9,81.4,83.1,82.8,81.4,80.0,76.5,75.3,74.5,72.0,69.9,67.9,66.8,61.3,57.5,56.6,53.0,49.2,47.7,43.7,39.4,32.6,29.9,23.3,20.4,20.3,21.0,21.5,22.6,23.6,24.5,25.4,26.1,27.0,27.8,28.8,29.2
22:38:53.455,93.1,50.6,78.6,76.5,79.3,81.3,80.6,79.9,79.6,72.3,72.2,69.8,69.7,66.9,64.5,62.6,58.2,55.5,52.7,49.0,43.3,40.6,33.5,28.2,28.9,22.1,19.7,20.3,21.3,22.0,22.5,23.4,24.1,25.3,26.2,27.0,27.7,28.7,29.1
22:38:54.455,93.8,53.8,81.2,86.6,86.2,84.5,79.8,77.5,78.7,77.5,78.1,72.2,69.9,68.3,65.8,61.2,59.7,58.2,55.4,53.0,46.9,41.7,37.7,32.2,30.3,23.2,20.3,21.0,21.1,21.9,22.8,23.5,24.3,25.3,26.2,26.8,27.8,28.6,29.0
22:38:55.455,95.6,54.5,80.3,82.6,81.0,83.2,80.7,82.0,76.6,78.4,77.2,73.2,71.1,68.8,67.7,64.3,62.6,59.9,56.5,55.9,53.0,50.1,45.8,42.8,37.9,32.4,25.3,21.4,21.6,21.9,22.7,23.9,24.8,25.4,26.2,27.1,27.6,28.8,29.1
22:38:56.455,96.0,54.5,81.2,85.2,83.3,83.1,81.3,80.4,78.0,72.1,73.5,74.6,72.2,70.0,66.5,62.0,59.7,56.0,54.8,53.7,50.3,43.7,37.2,30.9,30.4,23.7,20.1,20.3,21.1,22.0,22.7,23.4,24.5,25.1,26.2,26.8,27.8,28.9,29.1
22:38:57.455,97.5,52.4,80.4,81.4,81.3,77.0,75.1,73.0,73.4,73.4,73.1,73.1,70.5,65.8,62.7,61.1,58.3,53.5,51.9,46.1,38.2,33.9,33.3,28.2,29.0,22.8,19.2,20.2,20.8,21.7,22.5,23.3,24.1,25.3,26.1,26.8,27.7,28.8,29.1
22:38:58.455,94.4,51.8,78.7,81.4,78.3,78.3,79.9,77.2,73.5,71.0,73.6,73.7,71.7,67.3,64.5,64.0,60.6,56.8,52.9,49.4,40.4,38.2,35.1,32.2,30.4,23.7,20.4,20.6,20.7,21.5,22.2,23.6,24.4,25.5,26.0,26.9,27.9,28.8,29.1
22:38:59.455,91.1,53.0,77.9,80.2,78.7,77.8,79.8,76.4,70.7,70.8,74.4,69.2,68.3,66.9,64.9,62.2,61.6,57.1,55.0,51.7,46.3,40.6,35.6,30.2,29.6,22.4,19.4,20.1,20.6,21.1,22.3,23.2,24.2,25.3,26.0,26.8,27.7,28.7,28.9
22:39:00.455,91.2,50.6,74.9,80.4,75.5,75.0,75.0,71.7,71.6,71.8,68.7,65.0,66.3,62.8,59.7,61.4,58.5,56.5,50.7,48.4,43.9,40.9,37.2,31.3,30.4,22.3,19.4,19.7,20.6,21.6,22.3,23.2,24.1,25.2,25.9,26.9,27.8,28.7,29.1
22:39:01.455,92.7,50.8,75.5,82.8,80.5,78.7,77.6,75.5,74.1,72.3,70.7,68.4,67.3,63.0,62.8,62.0,61.4,56.9,52.4,49.3,46.6,45.1,38.4,31.5,29.5,21.5,19.4,20.2,20.8,21.2,22.1,23.4,24.3,25.2,26.0,26.7,27.7,28.6,29.2
22:39:02.455,94.3,50.4,77.0,78.5,79.9,81.4,81.1,76.9,72.8,74.1,69.2,68.4,67.1,65.4,63.0,59.4,57.0,56.1,53.4,51.7,46.2,41.7,37.0,30.1,28.8,22.5,19.1,20.2,20.8,21.2,22.4,23.3,24.5,25.1,26.0,26.8,27.6,28.7,29.0
22:39:03.455,93.3,49.2,76.7,82.3,79.4,82.2,76.8,76.8,74.9,71.9,71.7,68.5,69.7,65.7,62.8,57.9,57.4,53.7,51.7,49.9,43.2,38.7,35.0,31.5,30.6,23.3,19.5,20.1,20.1,21.4,22.2,23.0,24.1,25.1,26.0,26.8,27.7,28.6,28.9
22:39:04.455,93.3,49.4,76.9,78.9,78.5,79.5,78.9,78.9,73.8,72.9,72.2,69.7,69.9,66.7,64.1,61.1,57.7,53.2,51.1,46.3,43.1,37.7,32.3,26.9,29.1,21.2,18.7,19.9,20.6,21.6,22.3,23.0,24.2,25.2,26.1,26.9,27.6,28.8,29.0
22:39:05.455,93.6,53.0,78.5,84.4,80.1,78.8,78.6,74.3,73.2,71.5,73.1,71.9,68.9,65.3,65.8,62.1,59.7,57.4,54.4,50.7,43.8,38.1,29.5,25.2,28.3,21.4,18.3,19.9,20.7,20.6,22.2,22.9,24.3,25.1,25.9,26.9,27.8,28.6,29.1
22:39:06.455,91.9,53.4,78.5,82.9,77.2,79.9,81.5,76.7,72.3,74.1,71.4,72.7,71.4,67.7,65.3,64.1,60.2,57.7,57.2,54.2,48.0,42.8,37.7,30.0,30.2,22.9,18.4,19.7,20.3,21.1,22.2,23.2,24.1,25.4,26.0,26.8,27.8,28.8,29.1
22:39:07.455,93.9,54.6,80.2,84.9,84.6,82.8,83.2,75.1,77.5,76.0,75.0,73.8,74.7,72.6,67.9,65.5,64.4,60.9,57.4,53.0,46.0,40.5,33.0,33.1,30.0,23.6,19.6,19.6,20.5,21.2,22.4,23.0,24.1,25.2,26.1,26.8,27.8,28.8,29.0
22:39:08.455,92.4,52.9,79.7,84.0,83.4,81.0,80.5,76.3,76.0,75.8,75.2,74.2,74.0,70.2,66.7,64.6,63.0,60.2,54.5,47.0,41.2,41.9,36.2,34.0,30.1,24.3,19.6,19.7,20.4,21.3,22.1,23.3,24.1,25.0,25.8,26.8,27.7,28.6,29.0
22:39:09.455,93.7,49.1,76.2,81.2,79.5,76.2,75.2,74.5,72.1,72.0,71.1,68.5,69.2,65.7,61.6,57.8,57.8,51.3,48.8,47.1,44.4,39.7,38.4,33.3,31.6,24.8,19.7,19.4,20.4,21.1,22.2,23.0,24.2,25.2,25.8,26.9,27.8,28.8,29.1
22:39:10.455,92.4,50.3,77.9,83.0,78.9,80.1,76.7,79.9,73.8,73.8,75.7,70.8,69.0,66.9,63.2,61.3,58.2,54.9,51.4,50.9,45.5,41.4,37.7,35.2,31.6,22.8,19.2,19.5,20.7,21.4,22.7,23.4,24.2,25.1,26.1,26.7,27.9,28.5,29.0
22:39:11.455,90.1,47.4,76.6,76.2,73.3,77.4,77.7,77.7,72.3,71.3,70.7,67.6,66.2,63.7,60.7,57.1,55.2,50.5,47.8,43.8,38.2,34.6,32.2,28.9,29.8,22.1,19.1,19.6,20.5,21.1,21.9,23.0,24.1,25.0,26.1,26.8,27.8,28.6,29.0
22:39:12.455,94.0,47.2,76.6,85.6,83.3,78.9,77.6,76.9,74.0,71.4,69.9,67.7,64.7,62.1,60.4,56.9,54.9,49.0,47.2,44.7,37.7,32.3,31.2,27.5,28.7,20.9,18.5,19.7,20.3,21.1,22.3,23.0,24.3,25.2,26.1,26.6,27.8,28.7,29.0
22:39:13.455,92.1,46.1,75.8,78.7,75.5,79.2,80.3,76.3,73.5,75.3,71.2,68.2,66.6,64.2,60.4,58.9,54.7,49.8,46.7,41.4,38.3,31.9,28.5,25.9,28.5,21.3,19.0,19.2,20.2,21.0,22.2,23.1,24.4,25.0,26.2,26.8,27.7,28.7,29.2
22:39:14.455,90.3,46.9,75.5,78.5,79.9,76.1,76.8,76.5,72.7,70.5,71.1,68.7,65.7,64.7,61.8,57.7,55.5,53.3,47.3,42.2,38.0,35.9,29.7,27.0,28.6,21.7,18.7,19.9,20.2,21.4,22.1,23.4,24.1,24.9,26.1,26.6,27.7,28.7,29.2
22:39:15.455,93.7,47.3,75.4,76.9,73.7,77.2,78.6,76.8,70.0,70.1,70.2,66.2,66.0,64.2,60.8,58.7,54.6,52.4,47.4,43.6,40.8,34.7,30.5,25.8,27.7,21.2,18.8,19.6,20.0,21.1,21.9,23.1,23.7,25.0,25.9,26.8,27.8,28.7,29.0
22:39:16.455,93.6,49.1,77.3,83.8,82.3,78.5,78.4,74.6,77.1,74.5,71.6,70.2,67.5,66.7,63.0,61.2,56.9,54.0,48.7,43.0,42.7,40.1,36.0,32.0,30.2,21.8,19.0,20.1,20.1,21.1,22.2,23.1,24.4,25.0,26.1,26.8,27.6,28.6,29.0
22:39:17.455,92.0,48.1,76.8,79.4,80.0,77.6,75.4,75.7,72.7,72.2,69.3,68.3,66.4,62.8,59.8,56.6,56.1,51.7,45.5,44.0,37.4,35.1,28.4,25.3,29.4,21.6,18.8,20.0,20.4,21.1,22.2,23.1,24.2,25.0,25.9,26.8,27.8,28.6,29.1
22:39:18.455,92.6,48.6,76.0,82.6,80.8,78.3,73.3,71.8,71.0,68.1,68.1,67.5,65.5,63.2,59.5,57.9,54.4,53.7,50.3,44.8,39.6,37.0,31.4,25.6,28.1,21.1,19.1,19.9,19.9,21.1,22.3,23.2,23.9,25.1,25.9,26.8,27.8,28.7,28.9
22:39:19.455,91.8,47.0,73.7,80.6,77.4,76.7,73.3,72.7,72.1,69.6,69.4,63.4,64.7,61.8,58.0,56.2,54.2,52.8,52.4,46.9,39.2,35.0,30.2,24.6,28.7,21.2,18.5,19.7,20.6,21.1,22.2,23.2,24.1,25.2,25.7,26.8,27.8,28.6,29.0
22:39:20.455,92.3,50.4,75.7,83.1,80.9,76.7,77.7,74.6,73.6,71.0,70.9,67.5,65.5,63.7,58.4,57.1,56.6,55.4,52.1,51.4,46.3,42.4,37.2,32.9,28.8,21.0,19.3,19.7,20.4,21.5,22.3,23.0,23.9,25.0,26.1,26.6,27.7,28.7,29.1
22:39:21.455,89.2,50.3,75.6,75.5,76.8,75.6,76.5,72.9,70.5,71.8,66.8,68.7,66.1,63.3,59.6,56.9,55.8,54.5,52.5,48.2,44.0,40.4,36.5,32.5,30.6,22.5,18.9,19.4,20.2,21.2,22.1,23.3,23.9,25.4,26.1,26.9,27.7,28.7,29.1
22:39:22.455,89.6,50.5,75.6,80.4,78.5,73.4,74.0,72.5,70.4,67.9,68.4,64.3,64.3,62.7,60.5,56.1,55.1,52.7,52.2,48.5,41.0,36.8,32.2,26.4,29.0,20.8,19.1,19.9,20.8,21.0,22.0,23.0,24.3,25.0,25.7,27.0,27.9,28.7,28.9
22:39:23.455,92.1,51.7,76.7,80.5,80.9,78.1,79.2,73.8,70.6,70.8,71.7,70.1,68.1,64.8,63.7,61.4,58.5,57.3,56.3,51.6,44.9,37.2,31.9,28.4,28.8,21.7,18.6,19.6,19.9,21.0,22.2,22.8,23.9,25.0,25.9,26.9,27.7,28.7,29.1
22:39:24.455,89.6,49.2,75.8,76.1,75.5,74.8,78.8,75.3,72.6,71.9,71.6,70.0,67.3,65.9,64.0,60.8,58.1,55.2,53.6,45.0,40.4,32.8,30.1,25.6,29.2,21.4,18.6,19.2,20.2,21.3,22.1,23.0,24.3,24.8,25.8,26.8,27.6,28.8,29.1
22:39:25.455,89.6,49.4,77.4,79.2,80.5,76.0,73.9,74.6,75.5,72.6,71.6,68.9,69.9,67.1,63.4,61.1,56.9,51.2,48.7,46.3,38.1,34.5,30.5,28.6,28.8,21.7,18.7,20.0,20.8,21.2,21.7,23.3,24.0,25.1,25.9,26.8,27.9,28.7,29.0
22:39:26.455,89.6,48.8,76.3,79.4,80.9,76.8,73.4,71.4,72.2,68.5,69.3,70.3,68.9,66.2,62.5,59.0,57.0,49.9,47.0,39.7,38.0,33.5,28.5,24.4,29.1,21.5,18.9,19.8,20.3,21.3,22.5,23.3,24.3,25.3,26.0,27.0,27.8,28.7,29.0
22:39:27.455,89.4,51.6,77.4,80.6,80.7,77.3,76.0,73.7,72.6,70.8,70.5,69.8,71.5,68.8,64.9,63.0,60.5,55.4,51.3,45.5,44.1,40.6,34.1,31.1,29.2,21.9,18.4,19.7,20.3,21.4,22.2,23.4,24.1,25.2,26.0,26.9,27.9,28.8,29.0
22:39:28.455,93.6,51.2,77.3,81.0,80.0,76.7,75.9,73.0,72.0,72.5,70.3,69.2,67.9,68.1,64.5,60.8,58.7,55.3,51.2,46.9,40.4,36.3,34.0,29.1,29.7,21.0,19.0,20.0,20.6,21.6,22.0,23.1,24.1,25.2,25.9,26.9,27.8,28.9,29.1
22:39:29.455,89.0,47.9,75.1,72.1,78.4,80.1,73.6,72.4,70.6,67.8,68.3,67.1,65.4,62.3,60.9,59.5,54.4,47.7,45.3,41.5,33.9,29.9,25.7,22.3,28.4,20.7,18.5,19.5,20.3,20.9,22.2,23.2,24.2,25.2,25.8,26.9,27.8,28.6,29.1
22:39:30.455,89.0,48.5,75.7,83.0,78.3,74.2,76.6,70.4,69.2,71.9,71.4,68.0,67.6,65.6,62.8,62.0,55.8,49.8,48.4,42.6,37.5,36.0,30.7,24.6,28.0,21.1,18.3,19.9,20.2,21.0,22.2,23.3,24.0,25.0,25.8,26.8,27.7,28.5,29.1
22:39:31.455,92.0,51.3,78.7,81.9,81.5,77.3,77.8,77.3,77.2,75.6,72.9,71.7,68.3,66.6,67.4,64.9,60.2,54.1,51.9,46.3,40.9,36.6,35.1,27.9,29.3,21.8,19.0,20.1,20.5,21.3,22.1,23.0,24.2,25.0,25.9,26.9,27.7,28.7,29.1
22:39:32.455,90.3,45.9,75.7,81.0,77.1,78.7,76.7,72.8,73.1,72.6,73.0,69.4,65.8,62.9,61.6,55.0,54.7,50.4,45.2,41.2,35.3,30.2,24.4,22.6,28.8,21.3,18.3,19.6,20.2,21.2,22.2,23.3,24.0,24.9,26.0,27.1,27.7,28.7,29.1
22:39:33.455,89.2,44.5,74.8,72.4,71.4,75.0,77.2,69.2,71.0,71.2,68.4,66.1,62.6,57.3,53.7,52.7,51.8,48.4,45.6,40.9,35.1,30.2,25.5,22.7,29.1,20.7,18.7,19.1,20.6,21.1,22.1,23.1,24.3,25.3,25.9,26.8,27.7,28.6,29.1
22:39:34.455,91.0,43.5,72.5,80.2,79.3,74.3,73.8,70.1,69.5,70.3,69.3,67.1,62.4,58.2,55.3,53.5,51.4,49.7,46.3,39.9,37.3,32.7,27.1,22.7,28.6,21.0,18.9,19.5,20.1,21.2,22.2,23.2,24.3,25.1,25.8,27.0,27.7,28.8,29.1
22:39:35.455,91.0,43.3,72.8,78.5,79.1,72.3,74.4,73.4,72.9,70.4,65.8,64.7,64.1,58.7,55.4,51.9,51.7,47.6,44.4,43.9,35.9,31.2,29.1,25.3,28.3,21.3,18.6,20.1,20.3,21.5,22.2,23.0,23.7,24.6,25.7,26.8,27.8,28.8,29.2
22:39:36.455,90.6,44.9,73.9,77.7,78.2,73.5,76.1,73.9,69.9,69.4,67.6,62.2,59.1,58.9,55.9,52.9,50.4,48.0,42.9,40.7,36.8,29.9,24.6,22.4,28.3,20.7,18.5,19.3,20.1,21.3,22.3,22.8,24.1,24.9,25.7,26.8,27.6,28.7,29.0
22:39:37.455,89.5,46.7,74.0,72.4,72.3,72.6,72.6,72.1,70.8,68.1,68.3,64.7,63.0,58.7,58.0,55.6,54.2,52.9,47.4,41.1,38.3,33.3,28.6,23.4,28.6,21.0,18.8,20.1,20.2,21.3,22.5,23.0,24.0,25.0,25.8,26.8,27.7,28.8,29.0
22:39:38.455,89.6,45.3,71.6,74.1,74.2,70.4,68.6,65.0,70.1,67.0,63.5,64.0,61.8,57.9,57.1,56.1,53.3,49.0,45.6,39.2,33.5,27.3,23.0,21.8,28.0,20.4,18.5,19.3,20.0,20.8,21.9,23.0,24.1,25.0,26.1,26.8,27.8,28.7,29.0
22:39:39.455,88.4,46.6,71.9,74.5,73.1,76.0,73.6,65.3,67.5,67.5,68.2,64.2,60.7,59.2,57.4,57.2,54.6,51.2,47.6,41.8,32.7,28.3,25.8,22.3,28.6,21.1,18.9,19.9,20.4,21.7,22.2,22.9,23.7,25.0,25.9,26.7,27.7,28.6,29.3
22:39:40.455,86.1,47.1,72.1,75.7,73.7,67.9,72.9,73.7,68.6,66.0,65.1,62.6,62.7,60.6,57.8,57.0,54.9,51.8,48.1,43.9,39.2,32.7,26.3,21.7,28.3,20.9,18.7,20.2,20.8,21.6,22.2,23.1,23.9,24.6,26.0,26.9,27.7,28.7,28.9
22:39:41.455,89.4,47.4,72.9,76.5,74.8,70.0,70.7,65.6,67.9,69.5,67.6,65.1,63.7,61.5,59.3,55.9,54.7,52.3,49.0,46.2,41.5,35.0,29.1,23.4,28.8,20.8,18.8,19.5,20.2,20.9,22.0,23.0,24.0,24.9,25.9,26.9,27.8,28.7,29.0
22:39:42.455,89.3,45.4,72.1,72.0,73.3,74.5,73.6,67.5,69.2,68.2,66.5,62.7,62.8,60.5,56.5,54.0,54.0,51.0,46.8,40.2,36.6,29.0,24.0,22.9,28.0,20.8,18.9,19.6,20.3,21.2,22.3,23.1,24.2,25.0,26.0,26.8,27.7,28.5,29.0
22:39:43.455,85.1,44.8,70.8,70.9,73.9,70.2,68.4,69.3,67.9,63.5,64.4,64.4,62.9,59.1,58.1,55.9,52.4,50.4,47.0,38.5,34.2,27.6,22.9,21.1,28.1,21.0,18.5,20.0,19.6,21.1,22.2,23.0,24.1,25.2,25.9,26.8,27.7,28.5,29.1
22:39:44.455,88.5,46.6,72.6,78.1,74.4,73.0,71.8,72.7,71.5,67.5,66.1,67.1,64.7,62.3,61.4,58.9,55.9,54.4,49.5,44.0,36.9,31.4,27.6,23.9,28.2,21.4,18.3,19.4,20.4,21.2,22.0,22.9,23.9,25.0,25.9,26.7,27.7,28.7,28.9
22:39:45.455,86.6,45.5,72.8,75.5,75.3,74.5,71.2,71.5,68.5,68.3,69.1,65.4,64.0,60.5,60.7,57.3,54.7,49.4,41.5,37.4,35.7,31.5,28.4,23.0,28.6,21.1,18.3,19.9,19.6,21.3,22.0,22.9,23.9,25.2,25.9,26.7,27.7,28.7,29.1
22:39:46.455,87.1,43.4,70.9,75.7,74.6,72.3,70.8,68.4,65.0,66.3,66.1,64.3,62.9,61.3,57.9,53.8,51.0,43.3,39.9,41.4,37.3,31.0,23.1,22.5,28.5,21.2,18.8,19.2,20.3,21.0,22.5,23.3,24.1,25.0,26.0,26.9,27.8,28.9,29.1
22:39:47.455,86.5,42.2,70.1,68.3,71.1,73.4,73.5,70.5,68.1,64.7,64.2,61.4,58.5,58.5,58.1,52.5,45.3,46.4,42.4,38.7,31.5,26.3,21.5,21.0,28.3,21.5,18.8,19.4,20.5,21.3,22.4,23.1,24.1,25.0,26.1,26.8,27.7,28.7,29.2
22:39:48.455,87.0,44.1,71.2,77.2,70.6,70.7,70.1,68.8,66.7,65.3,66.6,64.6,64.2,62.0,57.2,54.5,49.7,48.2,45.5,41.9,35.2,29.2,26.2,22.5,28.3,20.8,18.6,19.5,20.4,21.2,22.1,23.2,24.4,25.2,26.2,26.7,27.6,28.7,29.1
22:39:49.455,86.3,44.8,72.0,77.4,77.4,73.7,72.3,70.3,67.6,67.1,67.1,66.7,63.2,61.2,57.5,57.1,51.5,47.4,47.7,42.8,35.0,29.1,27.1,24.8,29.2,21.7,19.2,19.6,20.3,21.1,22.5,23.2,24.1,25.1,25.9,27.0,27.6,28.8,29.0
22:39:50.455,84.9,41.9,70.3,68.5,68.0,67.7,68.3,67.0,68.9,65.3,64.4,62.9,59.5,59.5,53.6,51.7,48.1,41.7,37.3,33.9,28.3,25.2,21.3,21.5,29.5,21.2,18.6,20.1,20.5,21.1,22.2,22.8,24.2,25.1,26.0,27.0,27.9,28.8,28.9
22:39:51.455,86.7,42.2,69.4,71.1,73.1,74.2,68.7,66.9,63.5,64.5,62.6,62.9,60.6,60.7,57.7,52.6,48.9,43.9,39.9,34.7,27.5,26.0,20.7,21.0,28.0,21.4,19.0,19.9,20.5,21.4,22.6,23.2,24.1,25.0,26.1,26.9,27.8,28.5,28.9
22:39:52.455,86.9,44.9,70.6,72.9,73.3,73.6,68.8,67.9,64.8,62.2,65.4,64.8,61.9,60.8,57.8,53.9,52.0,49.2,46.6,40.7,31.0,25.9,22.0,21.6,27.7,20.5,18.4,19.8,20.4,21.5,22.4,23.4,24.0,25.0,25.8,26.8,27.8,28.6,28.9
22:39:53.455,88.5,43.9,69.5,74.6,73.8,70.7,72.0,66.1,64.7,66.0,63.6,63.7,61.6,59.2,58.2,55.2,52.8,49.2,47.9,43.9,33.7,26.8,23.3,22.1,27.8,20.9,19.0,19.8,20.0,20.8,22.3,23.0,24.3,25.0,26.0,26.9,27.9,28.6,29.0
22:39:54.455,85.1,45.5,71.2,72.4,66.0,67.2,68.1,68.3,66.1,66.9,60.7,64.0,60.7,58.1,56.9,55.1,52.4,48.4,44.9,38.4,30.0,27.3,22.3,21.2,28.3,20.8,19.0,19.8,20.4,21.2,21.8,23.3,24.3,25.0,25.9,26.9,27.7,28.8,29.1
22:39:55.455,84.6,43.9,70.0,73.1,70.9,67.4,72.8,69.1,66.6,65.9,64.5,63.7,59.5,60.2,56.6,53.9,51.7,47.8,46.2,40.6,31.8,26.3,22.8,21.3,28.1,20.5,18.8,19.7,19.7,21.2,22.0,23.0,24.1,24.9,25.8,26.9,28.0,28.7,29.1
22:39:56.455,85.6,44.6,70.4,71.7,70.3,73.8,71.0,68.2,68.1,65.4,64.0,63.3,59.6,59.5,56.5,51.8,49.1,47.7,47.1,42.9,38.1,31.3,28.5,23.6,28.7,21.2,18.7,19.4,20.4,21.1,22.0,23.3,24.0,25.2,25.9,26.8,27.8,28.7,29.0
22:39:57.455,86.4,43.5,70.7,72.2,73.5,71.7,68.7,70.7,66.9,64.4,64.7,60.5,59.3,57.5,55.4,52.8,47.9,45.2,45.6,39.9,36.8,30.1,25.0,21.5,28.7,21.0,19.1,19.7,20.0,21.2,22.2,23.1,24.0,24.9,25.9,26.9,27.8,28.7,29.2
22:39:58.455,90.7,43.5,71.3,71.2,71.9,71.1,73.4,72.3,67.1,65.7,66.5,64.0,62.7,60.4,57.7,54.6,48.8,47.6,45.4,39.3,38.2,32.3,27.5,23.8,28.2,21.2,18.6,19.9,20.0,21.3,22.2,23.0,24.0,25.0,25.7,26.8,27.6,28.6,29.0
22:39:59.455,88.2,42.3,70.2,73.8,71.2,73.6,68.3,67.4,70.4,64.0,64.7,64.2,61.4,59.2,57.0,54.3,49.5,46.1,42.8,35.3,29.4,26.7,21.5,21.7,28.7,20.9,18.6,19.6,19.9,21.4,22.3,23.3,24.3,25.0,25.8,26.9,27.6,28.7,29.0
22:40:00.455,88.5,43.4,72.2,71.2,75.2,76.6,69.3,72.0,70.0,67.6,65.9,64.3,62.7,60.7,57.9,55.6,49.7,45.5,40.9,36.1,32.8,27.7,25.4,23.6,28.8,20.7,18.6,19.4,20.0,21.0,21.9,23.1,24.2,25.2,26.0,26.8,27.7,28.8,29.1
22:40:01.455,86.5,43.3,71.3,77.9,76.2,72.4,68.6,71.2,68.3,68.6,66.5,64.6,62.5,60.3,56.2,54.8,50.7,46.7,41.7,39.7,34.3,32.7,27.4,23.8,28.7,20.8,18.6,20.1,20.4,21.4,22.1,23.3,24.0,25.0,26.1,26.8,27.8,28.8,29.1
22:40:02.455,85.4,43.4,71.7,72.8,69.2,70.2,73.4,73.1,70.1,66.7,67.3,65.2,63.3,59.1,55.4,52.8,51.8,48.6,46.0,40.8,33.6,28.5,24.1,21.7,27.9,21.1,18.6,20.0,19.9,21.0,21.9,23.2,24.2,25.3,26.1,26.8,27.7,28.6,29.0
22:40:03.455,85.6,43.6,70.0,67.5,69.0,73.8,73.1,65.3,67.7,66.3,65.7,62.0,59.6,55.8,54.2,52.3,51.4,49.4,46.2,41.1,35.4,30.0,25.8,22.1,28.6,21.4,19.0,19.7,19.9,21.5,21.8,23.3,24.2,25.0,26.0,27.0,27.9,28.7,29.2
22:40:04.455,86.9,46.8,71.7,72.3,73.0,72.8,72.2,69.5,66.0,67.7,65.2,64.8,59.0,56.3,56.1,54.0,52.7,51.2,50.2,45.7,40.6,34.6,30.0,25.0,28.3,21.2,18.9,19.9,20.3,21.5,22.5,23.2,24.0,25.2,25.9,26.8,27.7,28.6,28.9
22:40:05.455,86.7,44.1,70.3,73.3,74.2,71.8,69.3,70.2,65.7,67.8,65.2,65.6,60.7,55.8,56.5,54.4,53.9,50.5,47.7,42.7,36.7,31.5,26.5,23.9,28.2,21.0,19.1,19.6,20.8,21.7,22.5,23.3,24.0,25.1,25.9,26.9,27.7,28.7,29.0
22:40:06.455,86.3,42.5,69.7,74.3,72.8,74.6,71.5,68.1,68.5,62.0,63.3,61.9,60.6,57.9,56.0,52.5,47.7,46.0,43.3,41.3,33.6,28.8,26.3,23.4,27.9,21.8,19.2,20.3,20.5,21.5,22.5,23.2,24.0,25.2,25.9,26.8,27.6,28.6,29.0
22:40:07.455,84.8,43.6,71.1,74.2,75.1,71.3,71.0,71.5,66.7,64.6,66.9,65.5,63.7,61.2,59.3,54.7,49.4,45.2,46.1,42.1,35.4,30.8,26.5,23.7,28.7,21.8,19.5,20.1,20.6,21.3,22.4,23.1,24.4,25.2,25.8,26.8,27.8,28.7,29.1
22:40:08.455,87.3,42.8,71.0,74.5,75.7,75.6,69.2,68.3,68.7,66.5,67.6,62.4,58.5,58.6,56.2,51.9,49.4,44.8,41.8,38.2,32.8,29.0,25.6,23.1,28.2,21.9,19.4,20.4,20.9,21.3,22.6,23.2,24.2,25.1,25.9,26.7,27.7,28.7,29.1
22:40:09.455,88.1,42.7,70.6,71.3,74.6,72.7,72.4,68.3,66.5,66.0,65.3,61.4,59.8,59.7,55.6,53.1,48.9,44.4,37.5,34.8,32.2,27.4,23.8,22.2,28.4,21.6,19.1,20.3,20.6,21.2,22.4,23.3,24.0,25.1,25.8,26.9,27.8,28.7,29.0
22:40:10.455,87.0,42.3,70.1,75.6,73.0,72.8,68.4,67.6,68.6,67.7,64.0,62.2,60.0,58.0,54.3,54.3,49.8,44.9,42.1,34.5,31.8,27.5,21.3,22.2,28.8,21.1,19.0,19.9,20.4,21.3,22.4,23.2,24.0,25.1,26.1,26.8,27.9,28.7,29.0
22:40:11.455,85.7,40.5,69.1,75.6,77.8,72.1,71.7,67.8,67.4,66.4,64.4,57.3,57.1,56.8,54.6,51.6,47.0,45.2,40.7,34.8,28.4,26.3,21.3,22.3,28.3,20.9,18.5,19.5,20.4,21.7,22.4,23.3,24.1,25.0,26.1,26.8,27.8,28.7,29.1
22:40:12.455,90.1,44.0,72.0,75.0,70.9,69.8,72.2,68.5,66.0,65.5,64.2,59.7,57.7,57.5,55.5,50.9,47.2,44.3,40.4,34.6,30.5,26.5,23.6,22.1,28.2,21.0,18.2,20.0,20.2,21.3,22.0,22.9,24.0,25.1,25.9,26.7,27.7,28.8,29.0
22:40:13.455,87.5,42.1,70.0,77.0,77.5,75.4,72.1,70.1,69.1,65.7,63.4,59.5,59.6,60.8,58.8,52.6,50.1,43.3,42.2,38.5,33.1,27.9,21.4,21.6,28.9,21.1,18.9,19.9,20.5,21.4,22.3,23.5,24.1,24.8,25.8,27.0,27.7,28.7,29.1
22:40:14.455,88.1,41.4,69.5,78.8,73.7,72.6,71.3,67.0,62.6,62.6,64.2,62.5,60.3,58.6,55.0,49.1,44.5,41.4,43.2,38.2,30.7,26.4,21.4,21.3,28.7,20.4,18.7,20.0,20.2,21.3,22.2,22.8,24.0,25.1,25.8,26.6,27.9,28.7,29.1
22:40:15.455,84.3,41.6,69.9,73.4,72.9,74.7,71.9,68.5,67.0,64.3,65.4,64.4,61.7,59.5,55.8,50.1,44.2,42.1,41.9,37.7,30.4,26.8,22.8,22.0,28.9,20.8,18.4,20.0,20.6,21.2,22.3,23.1,24.1,25.0,25.9,26.8,27.7,28.6,29.0
22:40:16.455,87.9,40.4,69.3,74.4,74.0,73.7,71.4,67.9,67.7,65.7,65.4,63.6,61.8,58.6,53.7,50.4,48.7,42.1,37.5,33.5,31.8,28.3,22.6,22.1,28.3,21.3,19.0,19.8,20.4,21.2,22.3,23.2,24.1,25.0,26.1,26.8,27.7,28.9,29.1
22:40:17.455,90.2,42.9,71.6,76.5,74.7,72.3,71.9,68.5,66.7,64.6,64.5,63.9,60.8,57.6,53.2,50.3,50.6,45.6,37.2,33.6,32.9,29.6,24.7,22.0,29.1,21.6,18.8,19.6,20.7,21.4,22.1,22.9,24.1,25.0,26.0,26.8,27.7,28.7,29.3
22:40:18.455,85.5,42.4,70.4,77.5,76.7,74.3,73.1,72.0,67.9,66.3,65.3,65.1,63.5,59.5,54.8,53.1,52.3,47.7,42.5,37.9,36.0,31.5,27.3,25.9,28.1,21.8,18.9,19.5,20.0,21.3,22.0,23.2,24.3,25.0,26.1,26.6,27.8,28.8,28.9
22:40:19.455,92.0,42.8,70.6,72.7,74.3,72.2,66.7,67.8,65.2,69.3,61.8,58.9,60.4,54.2,53.2,52.2,50.0,46.7,41.5,39.3,33.4,27.9,23.3,21.9,28.4,20.8,18.6,19.5,20.4,21.1,22.1,23.2,24.1,24.9,25.9,26.9,27.7,28.7,29.1
22:40:20.455,87.3,44.1,70.9,75.9,75.2,75.2,72.8,68.5,68.3,69.0,66.7,61.7,62.4,60.8,56.5,54.5,52.6,49.9,47.9,43.4,38.3,30.7,26.9,23.7,28.5,21.4,19.0,19.4,20.7,21.3,22.4,23.2,24.1,25.1,26.0,26.9,27.8,28.9,29.1
22:40:21.455,87.7,42.6,70.7,74.8,74.5,75.9,73.5,73.9,67.3,66.3,65.6,63.0,60.1,59.0,54.8,52.4,48.8,47.5,46.4,44.8,34.0,29.1,23.8,21.9,27.9,20.7,19.0,19.6,20.4,21.5,22.3,23.0,24.3,25.0,25.9,26.8,27.7,28.8,29.2
22:40:22.455,86.4,41.2,70.3,76.4,78.3,74.0,72.2,69.0,68.9,66.7,66.8,63.0,58.1,54.0,56.1,52.2,48.5,42.4,40.9,35.8,32.7,27.2,22.8,22.4,28.4,21.0,19.0,19.4,20.0,21.2,22.1,23.2,24.3,25.1,26.0,26.8,27.7,28.6,29.1
22:40:23.455,87.4,42.7,71.7,73.4,74.6,75.9,73.3,71.0,69.8,66.8,65.8,63.4,58.8,56.7,58.1,54.0,50.9,44.8,40.2,36.3,34.0,27.5,24.1,23.1,28.5,22.0,19.1,19.7,20.2,21.3,22.3,23.1,24.4,25.0,26.1,27.0,27.7,28.6,29.0
22:40:24.455,89.5,46.9,74.3,81.3,77.4,75.6,76.3,73.9,71.8,69.5,69.9,68.9,65.6,62.5,58.1,56.2,54.8,51.3,51.8,46.7,39.4,32.6,30.0,26.9,29.1,22.2,19.6,20.2,20.9,21.6,22.8,23.3,24.4,25.2,26.0,26.8,27.6,28.6,29.1
22:40:25.455,86.9,41.6,70.2,74.8,72.8,71.7,66.4,63.9,67.1,66.2,66.1,65.8,58.1,57.7,50.8,50.1,45.5,45.6,44.5,37.0,30.5,26.3,21.4,21.9,29.5,21.7,19.6,20.3,20.9,21.3,22.4,23.3,24.0,25.0,26.0,27.0,27.9,28.8,29.0
22:40:26.455,86.7,42.3,70.7,73.4,78.0,74.7,71.8,72.2,68.0,65.8,65.4,65.2,63.9,60.9,54.2,48.8,47.9,43.6,46.0,43.2,38.4,30.2,25.5,23.0,28.7,21.3,19.4,20.3,20.4,21.3,22.2,23.2,24.1,25.3,25.9,26.9,27.8,28.7,29.0
22:40:27.455,87.6,41.4,71.2,70.5,66.9,65.8,66.1,66.8,65.2,61.3,62.1,62.0,57.5,54.1,50.6,45.7,41.3,38.7,38.1,33.2,28.5,26.0,20.6,22.1,27.9,20.9,19.0,19.7,20.2,21.4,22.6,23.1,24.0,25.0,25.9,26.7,27.6,28.6,29.1
22:40:28.455,87.4,42.4,71.8,75.7,76.7,74.6,71.6,70.8,69.0,67.0,66.3,64.9,61.0,58.7,53.5,50.0,42.9,44.3,41.1,34.4,31.6,27.3,21.2,21.8,28.4,21.4,18.8,19.7,20.5,21.4,22.4,23.3,24.1,25.1,26.0,26.8,27.8,28.7,29.1
22:40:29.455,86.7,43.0,70.0,72.2,72.7,69.3,70.5,69.8,69.0,66.9,63.4,64.7,58.4,59.0,57.7,53.0,50.5,43.8,45.2,41.5,36.2,32.5,27.7,25.8,28.5,21.9,19.2,20.3,20.9,21.7,22.4,23.2,24.2,25.1,25.9,26.7,27.6,28.7,29.1
22:40:30.455,86.0,40.4,68.8,72.6,70.9,73.2,73.4,68.9,63.5,63.9,62.4,62.4,59.0,56.9,54.1,49.7,48.1,43.1,40.7,33.6,31.5,27.4,23.9,22.3,28.7,21.6,19.3,20.2,20.7,21.2,22.1,23.2,24.0,24.8,25.9,26.8,27.8,28.7,28.9
22:40:31.455,88.5,42.7,69.5,77.1,72.7,68.9,66.7,65.7,65.6,65.4,66.3,63.3,58.3,58.3,56.2,52.8,49.5,44.7,42.8,39.5,34.2,31.2,24.3,23.4,28.2,21.9,19.1,20.1,20.8,21.4,22.5,23.4,24.2,25.3,26.1,26.8,27.8,28.6,29.2
22:40:32.455,89.4,43.4,69.9,76.9,73.9,72.8,71.7,67.7,65.6,67.1,64.1,65.0,59.7,58.9,56.5,54.1,50.4,46.7,44.9,41.3,37.8,34.3,27.1,22.5,28.2,21.5,18.9,20.1,20.7,21.3,22.6,23.3,24.2,25.1,26.2,26.9,27.7,28.6,29.1
22:40:33.455,87.2,43.4,70.2,76.8,75.3,74.7,73.7,69.8,66.3,66.8,65.1,63.1,61.3,59.2,56.3,52.3,50.4,47.4,45.7,44.1,41.4,34.4,29.3,24.9,28.0,21.3,19.2,20.2,20.4,21.5,22.4,23.0,24.0,25.1,25.9,26.9,27.6,28.6,29.0
22:40:34.455,86.4,42.1,69.9,66.9,71.7,76.0,71.0,65.7,67.1,63.2,65.7,61.4,59.2,57.3,53.4,48.6,47.2,46.5,44.5,41.0,33.7,28.1,24.6,23.4,27.9,21.8,19.8,19.9,20.5,21.5,22.7,23.2,24.4,25.4,26.0,26.8,27.8,28.6,29.0
22:40:35.455,85.6,40.5,68.4,73.4,74.9,73.3,72.4,64.6,65.5,63.5,64.9,61.4,57.9,55.8,51.9,47.5,47.5,46.6,42.0,37.3,32.1,26.7,22.3,22.3,28.2,21.4,18.7,20.5,22.7,22.4,23.2,23.3,24.3,25.3,26.0,27.0,27.8,28.7,29.1
22:40:36.455,84.3,38.2,66.7,73.0,69.6,70.4,71.0,66.0,64.0,60.1,64.4,58.0,54.8,53.9,49.8,41.7,42.9,38.9,34.1,30.3,26.6,24.6,21.1,22.7,29.2,21.0,19.8,21.0,23.6,22.1,22.4,22.9,24.3,25.3,26.0,26.8,27.8,28.6,28.9
22:40:37.455,86.9,39.3,68.5,70.4,72.5,71.8,70.9,65.3,64.6,60.9,60.5,58.0,56.4,55.5,49.9,43.2,42.4,37.9,32.7,30.0,26.4,25.0,21.6,21.8,28.6,21.1,19.5,20.9,22.9,22.8,23.6,23.4,24.3,25.0,26.0,26.7,27.6,28.7,29.0
22:40:38.455,88.8,40.4,69.4,75.5,75.8,73.0,72.8,70.4,66.9,64.0,65.2,63.3,59.2,57.3,54.5,51.2,46.4,41.0,38.2,35.9,27.8,25.3,22.7,22.5,28.3,21.5,19.7,21.1,23.2,23.1,22.9,23.0,24.2,25.4,26.1,27.0,27.9,28.7,29.2
22:40:39.455,87.4,42.1,70.8,78.9,76.8,74.6,73.3,73.0,69.1,67.2,66.9,65.2,61.7,59.8,57.5,56.1,50.1,48.4,42.2,35.8,33.8,27.0,24.8,22.8,28.3,21.6,19.5,20.1,21.7,21.9,22.7,23.6,24.2,25.0,25.9,26.7,27.7,28.7,29.0
22:40:40.455,81.4,38.3,65.3,70.0,70.4,69.8,69.5,67.8,59.2,60.6,58.9,59.1,55.5,53.4,51.0,48.9,44.5,40.2,34.7,31.3,25.2,24.5,21.1,22.0,28.9,21.5,19.2,20.7,22.7,22.2,23.2,23.2,24.1,25.2,25.9,26.7,27.8,28.8,29.1
