AMBIENT,77.8,65.1,70.3,60.2,59.3,57.6,56.7,55.6,54.7,55.5,58.8,59.0,60.7,57.8,57.4,57.6,59.1,59.3,58.5,60.1,57.6,59.3,53.6,51.5,51.8,51.9,51.5,51.4,50.8,51.1,51.3,51.5,52.0,53.0,53.9,54.9,56.0,57.1,57.3
22:34:55.511,74.5,64.1,69.7,55.5,50.8,52.8,55.6,54.2,49.8,53.1,57.8,59.9,60.2,56.4,59.7,56.6,57.0,58.2,58.3,59.7,57.4,59.2,52.5,48.3,49.2,49.6,50.4,50.4,50.1,50.3,50.6,51.4,52.0,53.0,54.2,54.8,55.8,57.1,57.2
22:34:56.511,80.1,64.6,69.9,61.0,60.9,59.7,56.9,57.8,53.7,51.4,57.7,58.7,59.9,55.2,58.2,58.0,58.9,58.6,58.7,60.4,57.3,58.0,54.4,54.6,54.0,50.4,53.1,51.4,50.3,51.6,51.6,51.7,51.8,52.9,54.1,54.8,56.0,57.1,57.3
22:34:57.511,79.7,64.2,70.0,59.5,60.0,56.3,52.8,53.6,54.2,55.2,59.4,60.2,60.9,55.9,57.9,56.5,58.8,59.1,58.3,61.2,57.4,58.3,53.3,48.9,50.3,50.0,50.3,50.5,50.3,51.0,50.7,51.2,52.2,52.9,53.9,54.9,56.0,57.1,57.3
22:34:58.511,77.5,64.4,70.1,59.8,56.9,55.9,57.0,52.7,48.2,47.8,57.4,59.7,60.9,57.5,57.8,56.6,57.7,58.9,59.1,60.2,58.0,59.0,53.2,48.8,49.8,49.8,51.1,50.3,50.4,50.7,50.9,51.3,52.0,53.0,53.8,54.9,56.1,57.1,57.3
22:34:59.511,75.0,64.2,70.2,56.9,55.9,55.4,58.4,56.7,56.0,55.6,59.2,60.3,60.4,59.0,58.6,58.0,58.9,57.8,59.1,59.7,56.4,59.1,52.5,48.5,49.5,49.9,50.6,50.9,50.2,50.5,51.0,51.4,52.0,53.0,53.7,55.0,56.1,57.2,57.2
22:35:00.511,76.7,64.3,70.4,62.8,60.3,57.8,57.4,61.2,55.4,54.3,60.1,60.4,60.5,55.7,57.4,58.1,59.0,59.3,58.5,61.2,58.0,58.9,52.7,48.6,49.7,50.0,50.6,50.6,50.5,50.6,50.9,51.6,51.9,52.8,54.0,55.0,55.8,57.1,57.2
22:35:01.511,76.9,64.2,69.9,64.3,58.4,56.3,51.5,55.7,53.5,51.5,57.1,59.5,60.4,55.8,58.3,57.8,58.9,59.5,57.3,59.9,57.6,59.6,52.6,49.2,49.0,49.0,50.5,50.4,50.2,50.7,51.0,51.0,51.9,52.9,54.1,55.0,56.0,56.9,57.2
22:35:02.511,83.4,67.6,71.7,61.6,63.2,60.6,57.8,61.4,55.0,54.9,55.5,59.9,61.1,58.1,58.5,58.0,60.4,61.1,58.4,59.5,58.3,59.5,53.6,56.2,65.3,53.7,51.9,56.8,59.4,52.7,51.3,52.6,54.2,52.7,53.9,54.9,56.1,57.2,57.2
22:35:03.511,83.4,73.6,75.0,62.7,61.6,60.4,60.1,59.0,53.8,57.7,57.0,59.0,60.7,57.1,57.8,59.2,60.5,59.6,59.0,59.0,57.3,59.2,56.0,52.6,69.8,73.3,61.9,59.0,53.5,53.3,54.5,55.6,54.5,53.1,54.0,54.9,56.1,57.2,57.3
22:35:04.511,83.3,69.5,72.6,63.8,63.4,68.5,67.1,62.2,60.7,55.7,60.0,60.5,62.1,57.4,57.3,56.3,58.8,59.7,58.0,59.4,58.0,58.7,54.1,53.3,54.2,52.9,52.1,50.3,50.3,50.7,50.7,51.3,52.1,52.8,54.1,55.1,56.0,57.3,57.3
22:35:05.511,81.7,66.9,71.0,65.9,67.6,63.9,58.3,61.1,64.0,62.5,59.3,58.8,58.9,57.1,57.5,56.3,58.7,58.8,58.4,58.3,56.3,58.1,52.5,49.1,49.1,50.1,50.2,50.1,50.5,50.8,50.9,51.4,52.2,53.1,54.1,54.8,56.0,57.2,57.2
22:35:06.511,81.3,64.3,70.5,65.1,65.5,65.5,66.9,63.9,55.8,55.1,58.5,60.8,61.1,56.7,54.8,58.5,59.3,57.8,59.5,60.2,58.4,59.5,52.9,48.6,50.2,49.8,50.6,51.1,50.3,50.4,50.9,51.5,52.1,53.1,53.9,54.9,55.8,57.1,57.4
22:35:07.511,84.1,64.4,70.5,57.2,57.1,56.4,56.8,53.7,52.5,55.9,57.7,60.2,60.1,57.9,57.8,57.8,59.3,59.8,59.7,60.8,57.5,60.2,53.1,48.9,50.0,49.9,50.6,50.1,50.6,50.9,50.8,51.1,52.0,52.9,53.8,54.9,56.0,57.1,57.3
22:35:08.511,101.4,65.0,85.5,90.9,87.9,88.3,86.2,88.0,86.2,83.6,78.0,72.2,67.2,61.2,59.6,61.1,61.5,61.4,61.7,63.7,61.2,61.4,55.1,51.3,51.2,50.5,51.1,50.4,50.6,50.5,50.9,51.4,52.2,52.9,54.0,54.8,56.0,57.1,57.1
22:35:09.511,100.1,64.8,86.7,90.4,88.0,84.8,87.4,85.5,83.7,81.1,75.3,69.4,69.8,60.5,59.1,59.3,61.3,59.7,59.3,60.1,59.0,60.3,53.9,50.0,50.3,50.7,51.0,51.1,50.6,51.0,50.6,51.4,52.0,52.9,54.0,55.0,56.0,57.0,57.2
22:35:10.511,100.6,65.6,92.1,81.4,84.2,84.2,92.6,96.1,86.1,88.6,79.8,75.9,75.1,69.9,64.9,65.2,66.2,62.0,63.5,61.9,59.0,59.5,54.3,49.8,50.2,50.1,50.7,50.7,50.2,50.5,50.5,51.1,52.1,53.0,53.8,55.0,55.9,57.2,57.3
22:35:11.511,107.3,71.5,99.4,94.6,97.5,99.4,95.7,96.6,101.3,101.1,90.0,82.5,78.2,77.0,71.9,77.2,74.9,71.2,74.4,74.2,68.6,66.6,59.2,56.8,55.6,53.2,52.0,50.8,50.8,50.6,50.8,51.4,52.0,53.2,54.0,54.9,56.0,57.2,57.4
22:35:12.511,109.0,78.4,101.0,98.4,99.4,96.2,101.4,100.9,100.3,100.9,94.2,86.7,83.1,81.1,74.6,81.5,80.5,76.6,80.2,79.0,74.3,75.3,68.2,67.6,64.7,61.6,57.2,58.0,53.1,52.0,52.0,51.3,52.2,53.0,54.0,54.9,55.8,57.0,57.2
22:35:13.511,111.0,84.6,103.5,97.4,98.0,101.6,100.9,104.1,103.5,101.0,94.3,90.5,88.1,82.5,78.8,86.1,85.5,85.8,87.7,84.3,81.1,82.9,76.3,73.8,70.5,67.7,62.7,59.4,54.8,52.2,51.0,51.3,52.1,52.7,54.0,54.9,56.0,57.1,57.2
22:35:14.511,113.4,90.1,106.5,97.1,98.5,101.5,104.5,108.0,107.3,104.8,99.0,92.9,90.0,84.9,82.3,88.9,95.1,92.4,92.9,91.2,88.9,88.5,83.2,81.4,77.1,73.7,70.4,66.6,63.3,60.2,55.7,53.4,52.3,53.1,54.0,55.0,56.0,57.0,57.3
22:35:15.511,113.7,90.7,106.5,102.3,101.9,101.8,101.6,107.3,104.6,105.2,96.7,90.8,88.8,88.3,85.4,93.3,94.0,91.2,93.0,89.9,88.0,89.2,83.4,82.8,78.3,74.8,72.6,69.5,65.5,61.8,58.4,54.9,52.9,53.0,53.9,54.8,56.0,57.0,57.2
22:35:16.511,116.3,92.5,109.1,103.5,105.2,102.3,107.0,108.4,108.2,106.3,103.0,99.2,98.6,92.6,88.1,93.6,94.8,92.7,92.2,89.8,89.0,90.7,86.3,84.5,80.9,78.4,74.3,72.9,70.8,66.3,62.7,59.0,55.4,53.9,54.1,55.1,55.9,57.1,57.3
22:35:17.511,118.9,93.0,111.3,109.0,108.6,107.1,108.3,107.6,111.6,110.0,107.8,101.5,98.1,92.2,91.4,95.1,97.7,95.9,92.9,90.8,89.4,91.3,88.0,85.7,82.0,78.6,76.6,76.1,72.9,69.0,66.1,61.5,57.7,55.6,54.6,55.0,56.0,57.0,57.3
22:35:18.511,120.1,92.4,112.5,104.9,105.7,108.2,115.0,117.0,110.6,107.1,108.3,106.3,99.7,94.4,88.1,93.9,94.1,94.3,94.2,88.9,88.6,89.8,87.2,84.8,83.0,80.9,78.2,76.2,73.5,70.5,66.8,61.9,57.0,55.0,54.6,55.0,56.0,57.1,57.4
22:35:19.511,119.5,93.1,114.3,99.9,108.9,112.5,112.5,106.5,109.6,112.1,113.7,105.4,103.3,94.5,88.7,95.4,94.8,94.6,94.9,90.7,87.1,90.0,85.5,83.9,82.7,80.4,78.3,76.4,73.7,70.9,66.8,62.2,56.6,54.5,54.4,55.1,55.9,57.1,57.4
22:35:20.511,120.9,96.0,116.7,101.6,106.5,107.4,104.6,111.2,112.1,112.4,114.8,109.5,102.8,95.1,88.0,94.8,97.7,99.2,100.3,93.6,90.8,90.0,87.3,86.0,84.8,82.2,79.3,77.2,75.2,72.8,69.0,65.3,60.5,58.7,55.8,55.4,56.0,57.0,57.4
22:35:21.511,121.7,101.2,117.0,105.9,104.1,106.0,110.2,114.0,115.6,115.2,115.6,110.0,100.6,95.6,94.0,97.6,100.6,104.6,103.2,99.8,97.2,97.3,94.4,91.9,91.6,89.4,86.6,85.3,85.6,83.4,81.4,78.9,75.2,72.9,69.7,66.0,62.3,60.2,58.1
22:35:22.511,122.5,103.0,118.2,102.5,106.3,104.8,107.8,115.0,113.4,115.7,115.7,109.7,105.2,95.2,95.7,102.2,105.4,107.9,106.8,100.2,99.9,97.3,94.9,93.5,93.1,91.6,89.9,86.2,85.0,84.0,83.3,79.5,76.6,73.2,71.5,68.3,67.0,64.7,60.5
22:35:23.511,120.8,102.7,116.6,104.4,107.4,109.7,108.4,106.6,107.8,111.8,116.2,109.1,102.7,98.5,97.5,102.8,103.3,103.9,100.5,100.9,97.2,98.3,98.1,93.4,92.0,89.0,87.1,87.1,87.5,86.1,85.3,82.2,77.6,75.5,74.0,70.9,68.6,64.7,60.3
22:35:24.511,123.0,104.1,118.6,105.6,108.2,109.3,109.7,110.6,115.4,117.1,116.2,110.0,100.7,98.3,99.2,103.7,103.9,101.4,101.5,101.8,100.1,98.6,98.6,95.4,94.5,93.4,91.4,89.4,89.5,88.8,87.4,85.2,81.3,78.2,75.1,72.5,70.3,67.0,63.1
22:35:25.511,121.4,104.6,115.9,105.6,108.6,111.0,113.5,114.3,115.2,111.7,109.6,103.0,103.0,102.9,98.8,102.5,104.3,102.5,100.4,100.2,102.3,99.9,99.8,96.3,95.0,94.0,93.0,92.4,90.9,89.1,88.3,86.3,83.1,82.0,80.6,77.5,75.8,72.7,69.2
22:35:26.511,121.8,102.8,115.7,106.6,108.7,110.9,112.4,114.2,115.3,113.7,106.2,96.3,103.1,100.4,98.9,103.1,104.8,103.5,100.8,100.5,99.7,95.9,94.6,92.8,92.5,93.2,92.0,90.4,88.8,87.9,86.6,85.0,80.3,79.5,77.0,74.2,69.1,64.1,61.7
22:35:27.511,121.1,102.8,115.1,103.4,108.8,113.6,115.9,111.6,109.3,106.7,105.3,100.4,104.1,99.8,100.4,105.6,105.8,103.0,104.7,98.5,100.1,94.8,94.3,92.1,92.3,92.0,90.4,89.3,89.3,87.4,85.5,82.3,80.4,81.0,80.0,78.0,77.1,74.4,72.3
22:35:28.511,121.6,100.1,115.3,109.3,109.2,110.8,114.0,114.3,113.0,112.3,108.1,104.2,104.6,96.9,103.7,105.3,104.2,102.2,101.5,98.9,94.2,90.0,91.2,89.1,88.7,87.9,86.0,85.6,84.4,83.5,82.3,80.6,77.5,73.7,69.1,64.2,61.6,60.3,58.4
22:35:29.511,120.7,95.0,112.8,109.9,112.0,114.4,112.0,108.8,111.8,106.3,106.6,104.4,100.5,96.5,102.6,101.2,96.0,98.4,93.7,95.8,91.7,87.6,85.5,83.6,82.5,82.2,81.0,78.9,76.8,74.7,73.6,70.8,66.4,62.9,60.1,57.5,56.7,57.2,57.2
22:35:30.511,120.8,97.2,113.0,107.6,111.7,112.4,115.3,114.7,112.5,106.7,105.6,101.8,97.7,97.6,101.0,100.3,99.4,99.0,92.8,94.9,91.9,92.5,89.5,89.2,87.7,86.2,84.4,82.3,78.8,78.0,78.8,76.6,69.9,67.6,65.8,61.8,59.5,58.6,57.8
22:35:31.511,119.3,98.6,112.1,108.3,107.5,106.6,108.1,111.5,112.4,106.6,104.1,102.7,95.7,96.5,100.9,99.5,100.2,100.7,95.5,95.6,93.1,93.9,91.3,88.8,88.7,87.8,87.6,86.8,84.4,81.9,80.5,78.3,75.6,74.1,73.5,70.0,65.7,60.7,58.7
22:35:32.511,118.3,98.7,111.7,102.1,103.0,106.2,111.2,112.1,109.0,106.0,107.3,98.5,93.5,97.0,99.5,98.6,97.0,97.8,96.4,96.6,93.8,95.6,93.4,92.1,90.0,87.0,84.6,83.4,81.7,79.9,79.1,78.1,75.4,73.2,71.2,67.5,64.2,61.5,59.4
22:35:33.511,121.9,97.4,112.8,113.0,115.0,115.4,114.3,111.1,108.8,108.1,104.2,99.5,97.4,98.4,101.9,100.5,100.3,99.6,96.7,95.5,92.6,93.4,92.5,89.0,87.4,83.3,80.1,80.7,79.3,76.0,75.8,72.4,68.5,66.3,64.2,62.0,59.1,58.1,57.5
22:35:34.511,120.7,94.7,111.7,112.5,115.2,111.3,109.3,107.5,110.6,103.2,105.8,102.7,98.5,97.1,99.4,100.6,102.3,98.1,93.9,92.1,89.3,87.7,87.5,85.1,82.2,81.6,79.7,78.7,76.3,75.9,73.4,69.9,65.7,62.7,60.2,58.2,57.1,57.5,57.3
22:35:35.511,120.4,96.5,112.4,109.4,112.3,112.1,109.7,108.8,108.9,108.9,104.0,98.9,100.6,97.8,99.7,101.0,102.3,93.4,95.7,94.9,90.5,89.8,90.5,87.1,84.3,86.2,83.2,82.8,82.9,79.8,77.2,73.5,72.8,70.1,67.9,64.9,63.0,60.9,59.0
22:35:36.511,119.2,97.9,111.4,107.2,110.5,109.9,109.5,109.7,108.1,105.0,105.0,98.5,101.9,97.9,100.4,102.8,100.6,95.6,97.3,93.7,92.5,92.3,92.8,90.9,89.0,86.3,84.6,82.4,81.6,79.7,77.0,73.3,70.2,68.0,64.3,60.8,58.3,57.8,57.5
22:35:37.511,118.8,99.4,110.7,111.0,106.7,106.3,105.5,104.3,108.5,102.1,101.9,95.7,97.7,95.8,99.6,104.4,99.6,94.7,98.2,95.6,96.0,96.0,94.2,91.8,90.0,87.9,85.7,82.4,82.7,81.2,80.3,77.5,74.5,73.7,70.6,66.5,64.7,61.1,59.0
22:35:38.511,117.9,100.0,111.2,107.3,109.7,105.0,104.7,104.8,108.6,105.9,101.7,95.3,97.8,97.2,98.9,102.8,98.8,95.8,99.7,95.1,96.9,96.2,94.3,92.9,91.3,88.6,85.4,81.5,80.3,78.9,79.0,78.2,73.9,71.9,68.9,65.0,63.2,59.9,58.1
22:35:39.511,118.0,95.6,109.6,111.2,107.5,107.7,103.3,104.4,105.9,104.7,99.5,95.8,97.9,98.6,99.2,103.9,95.8,94.5,98.5,92.6,94.2,92.6,89.7,85.0,83.6,80.5,78.5,75.2,73.4,72.3,69.6,66.8,63.5,60.5,58.8,56.5,56.2,57.2,57.3
22:35:40.511,116.3,92.9,109.7,98.7,105.2,106.9,105.4,108.6,109.4,101.3,99.8,94.5,99.6,94.7,102.2,101.7,93.7,94.5,95.2,91.6,90.4,89.1,85.9,82.6,79.4,76.3,75.4,75.9,72.3,70.1,68.1,63.8,60.9,59.4,56.5,55.8,56.3,57.0,57.2
22:35:41.511,118.6,94.3,109.7,110.8,108.0,102.5,107.6,108.4,104.7,99.7,102.3,98.4,96.5,98.4,102.2,103.0,94.1,96.7,94.8,93.7,90.8,88.9,85.8,82.1,81.4,80.8,80.7,80.3,78.2,76.1,72.5,70.7,65.5,63.5,61.6,59.7,57.8,57.4,57.4
22:35:42.511,118.1,94.6,109.0,106.3,107.4,108.5,109.1,107.3,102.0,98.2,98.6,96.1,93.8,96.5,102.9,99.3,94.2,95.5,93.7,93.1,92.5,89.9,87.3,84.4,81.8,79.9,79.5,78.2,76.5,74.7,73.1,70.8,64.6,61.7,58.8,56.6,56.4,57.2,57.4
22:35:43.511,115.9,93.7,108.5,106.5,106.1,106.7,106.5,105.0,104.7,97.3,100.2,93.3,93.6,98.5,102.1,97.4,91.7,94.9,93.7,91.0,89.1,88.2,86.6,83.9,82.6,82.1,83.1,81.1,78.5,75.8,74.1,70.1,65.5,63.1,60.6,58.9,58.3,57.6,57.5
22:35:44.511,118.5,93.8,108.7,110.3,110.6,111.1,109.2,106.5,100.2,99.8,99.5,95.4,97.2,100.2,103.4,98.5,93.4,94.1,92.1,91.6,89.4,89.3,87.8,86.6,85.2,81.8,81.5,79.6,78.1,75.3,73.5,68.9,65.3,62.4,59.8,57.8,57.0,57.3,57.3
22:35:45.511,116.7,92.4,107.2,108.6,105.6,105.5,106.0,102.5,98.7,94.7,98.0,94.7,96.0,98.5,101.2,95.8,91.2,92.3,90.0,88.0,86.4,84.9,83.4,83.6,82.3,80.0,80.1,79.9,78.4,77.3,76.2,72.8,69.1,65.5,63.9,61.3,59.2,58.1,57.5
22:35:46.511,117.7,91.8,106.8,109.2,108.4,109.6,108.9,99.7,101.4,96.5,98.5,94.1,92.8,99.0,99.3,96.8,90.5,95.3,90.7,91.6,90.2,87.5,86.0,84.1,81.2,77.6,76.1,73.5,72.0,70.0,66.2,63.2,60.7,58.3,56.2,56.1,56.1,57.1,57.1
22:35:47.511,115.1,91.5,106.4,106.8,104.9,104.4,103.1,101.1,99.1,94.1,99.8,91.6,93.8,98.8,98.1,94.8,88.3,94.5,90.4,90.6,89.2,87.6,83.9,81.2,79.9,77.6,76.5,75.3,73.1,71.6,68.7,65.2,61.0,57.3,55.1,55.4,56.1,57.1,57.3
22:35:48.511,114.5,91.6,105.7,99.4,105.0,106.4,104.1,100.2,101.1,96.4,95.0,94.9,95.4,99.0,97.1,96.0,90.9,94.8,90.5,91.9,91.2,87.8,86.1,83.4,80.8,77.8,76.7,76.6,75.8,72.0,67.3,64.6,61.8,60.6,58.2,56.5,56.2,57.1,57.3
22:35:49.511,113.1,89.4,105.4,101.5,96.9,103.2,102.9,102.7,99.7,94.5,94.3,93.1,99.6,99.2,96.2,92.9,89.5,93.4,88.3,89.2,86.5,84.8,84.1,80.7,78.1,75.3,70.6,67.5,67.4,62.7,61.9,59.0,56.6,54.7,54.3,55.0,56.0,56.9,57.3
22:35:50.511,113.8,89.9,105.7,104.7,109.7,105.4,101.4,100.1,94.5,96.1,100.7,91.9,98.3,98.8,97.3,94.4,90.2,94.4,90.0,89.3,87.3,84.8,84.4,82.2,79.8,78.5,75.6,73.9,71.0,67.4,62.4,59.7,59.0,56.7,55.3,55.2,56.2,57.2,57.2
22:35:51.511,112.1,89.0,104.9,97.6,97.3,101.9,103.9,102.2,98.8,96.9,95.9,89.7,96.5,98.7,97.8,93.4,88.8,91.7,88.2,87.1,84.8,84.3,81.7,79.7,78.1,76.0,74.1,72.0,69.7,68.1,64.3,57.8,55.7,54.2,54.4,54.9,55.9,57.0,57.2
22:35:52.511,112.4,90.0,105.4,104.1,104.6,104.1,99.0,100.4,98.4,90.7,96.7,90.0,98.5,98.5,99.6,91.3,91.6,91.6,89.3,88.6,86.0,85.3,82.2,81.6,79.4,77.2,74.6,71.3,68.9,66.3,65.9,62.4,58.1,55.5,55.0,54.9,55.9,57.0,57.3
22:35:53.511,113.6,90.6,105.5,102.0,103.9,104.2,104.3,101.8,100.5,97.0,95.4,89.3,95.5,98.0,98.9,89.5,91.4,91.1,90.3,88.2,88.4,87.5,84.1,83.9,81.8,78.4,77.0,74.9,71.4,69.5,68.6,65.4,61.9,58.6,56.1,55.4,56.1,57.0,57.3
22:35:54.511,110.7,87.1,103.0,99.4,99.1,100.5,101.6,99.2,96.4,89.9,92.6,87.4,97.8,94.8,94.9,85.3,90.2,87.3,87.3,84.9,83.0,82.1,78.1,76.3,73.7,71.0,70.4,70.2,69.6,68.6,66.7,63.3,57.8,54.6,54.3,55.1,55.9,57.1,57.3
22:35:55.511,110.6,87.2,103.3,102.0,102.5,101.2,97.0,99.4,94.4,91.8,89.4,89.4,99.6,95.8,94.9,86.5,91.8,88.9,87.8,85.5,83.7,82.5,79.4,76.9,75.0,73.2,72.4,71.7,70.2,69.7,68.6,65.4,61.0,59.4,57.6,55.8,56.0,57.0,57.2
22:35:56.511,110.4,86.4,103.1,98.1,97.9,92.4,97.3,99.1,94.1,93.2,92.0,89.9,96.6,96.2,94.0,85.1,90.6,88.5,86.3,84.8,82.7,80.5,76.5,75.1,73.5,72.6,71.0,68.2,66.7,64.9,61.9,59.4,56.4,54.9,54.5,54.9,56.1,57.1,57.3
22:35:57.511,109.7,84.8,101.9,98.6,99.1,102.5,104.1,97.7,94.7,92.5,92.5,90.5,93.5,95.4,95.8,86.0,89.0,87.8,87.3,83.1,82.2,80.8,76.9,75.3,74.1,71.7,68.5,65.2,63.0,60.5,57.7,53.2,52.4,53.0,54.0,55.0,56.0,57.1,57.4
22:35:58.511,110.3,83.1,101.0,101.1,100.5,96.4,99.8,98.0,97.9,91.0,88.6,83.0,92.5,91.4,93.3,83.9,87.8,84.3,84.5,78.5,77.4,76.8,74.0,72.1,68.7,66.1,63.4,59.5,58.2,56.0,53.7,52.1,52.3,53.2,54.0,55.0,56.2,57.1,57.4
22:35:59.511,109.5,82.5,101.6,93.8,93.9,94.0,99.4,98.9,94.5,93.4,91.1,88.6,96.8,93.2,92.8,84.4,89.2,85.1,83.3,81.4,78.6,76.2,73.9,71.5,70.0,67.3,65.5,65.4,64.1,62.5,60.2,56.1,54.2,53.9,54.3,55.2,56.0,57.2,57.3
22:36:00.511,109.4,81.6,99.4,100.4,102.3,101.5,97.4,97.4,91.2,91.5,88.1,84.9,93.1,90.3,89.4,82.3,89.5,83.6,85.5,80.2,78.2,74.7,73.6,71.4,68.8,68.2,66.4,64.8,62.5,62.1,60.1,56.8,55.4,54.6,54.3,55.1,55.9,57.1,57.3
22:36:01.511,109.5,79.0,98.3,97.2,100.4,99.2,99.6,94.8,92.7,90.8,82.3,84.1,91.6,89.7,91.5,81.1,86.9,81.5,82.3,76.6,74.4,71.4,68.4,65.5,62.0,59.4,55.4,53.5,52.1,51.5,50.9,51.3,51.9,53.2,53.8,55.2,56.0,57.0,57.3
22:36:02.511,107.8,79.8,99.0,92.4,95.0,96.8,99.3,97.9,95.8,92.7,87.0,88.1,92.5,90.5,90.1,82.3,88.2,83.2,82.5,78.0,76.7,73.5,72.3,67.1,64.8,63.6,61.2,58.8,55.4,53.4,52.1,51.5,52.1,52.8,53.9,54.8,56.2,56.9,57.3
22:36:03.511,107.5,77.3,97.6,94.1,99.6,99.3,97.2,93.2,89.7,88.0,84.9,87.0,92.5,91.5,87.7,80.3,83.3,78.6,80.8,77.4,73.8,70.1,67.7,62.4,59.5,56.9,52.7,51.7,51.0,51.0,51.0,51.3,52.0,53.0,54.0,54.8,55.9,57.0,57.4
22:36:04.511,104.9,76.0,96.2,91.4,96.4,98.6,99.1,92.8,90.6,88.5,81.3,83.5,86.8,86.9,86.3,79.2,84.1,77.1,79.4,74.9,72.0,69.1,64.9,61.4,57.0,55.0,53.0,52.0,51.0,51.4,51.1,51.2,52.2,53.1,54.0,54.9,56.0,57.0,57.2
22:36:05.511,106.0,76.6,96.4,95.4,96.8,96.8,96.7,94.1,92.1,90.1,82.1,87.4,89.4,90.6,86.4,79.0,83.5,77.8,78.5,77.3,74.0,72.0,68.7,65.8,61.1,60.0,56.9,55.2,52.7,51.7,51.0,51.6,51.9,52.8,53.9,54.9,55.8,57.0,57.3
22:36:06.511,107.1,75.1,94.7,100.6,101.1,95.0,91.9,91.6,92.4,89.4,80.9,82.0,86.7,88.6,85.6,77.0,82.2,77.1,75.1,73.8,72.8,71.1,68.4,64.0,58.8,54.8,53.1,52.1,51.2,51.3,51.1,51.6,52.0,52.9,53.8,55.0,56.1,57.1,57.3
22:36:07.511,105.2,74.3,94.1,97.7,97.9,92.9,93.0,93.0,92.1,88.7,78.6,86.2,88.8,87.4,81.6,76.1,80.8,74.9,78.4,74.4,72.2,70.6,66.6,64.9,60.7,56.8,55.0,52.7,51.0,51.2,50.9,51.1,52.1,53.2,53.7,54.9,56.1,57.2,57.3
22:36:08.511,101.4,72.6,92.7,89.5,88.9,87.8,86.9,91.9,85.6,84.0,77.8,83.1,85.6,86.0,82.1,77.8,82.3,76.0,75.4,71.7,67.2,64.4,60.7,58.6,55.0,53.0,51.0,51.0,50.9,50.8,51.0,51.2,51.9,53.0,54.0,55.0,56.0,57.1,57.4
22:36:09.511,102.6,72.6,92.3,82.4,90.7,92.1,91.1,88.3,87.5,82.0,74.7,84.2,85.9,84.9,80.7,75.2,81.1,75.0,75.4,72.4,67.0,66.4,61.5,58.7,55.7,53.1,52.0,51.3,50.7,50.6,50.9,51.4,52.1,52.9,53.9,54.9,56.1,57.2,57.2
22:36:10.511,103.2,72.3,92.3,92.1,96.4,97.1,91.6,86.1,87.2,84.5,73.9,83.8,83.9,86.8,83.3,75.7,82.0,74.5,75.9,72.1,69.1,64.2,61.0,56.5,53.0,50.9,50.7,50.9,50.2,50.7,50.7,51.0,51.9,53.0,54.0,54.8,56.0,57.0,57.3
22:36:11.511,102.6,71.4,91.6,83.6,91.7,93.0,86.8,88.8,87.9,84.7,75.8,80.5,81.0,85.1,81.0,75.4,80.9,72.5,73.1,70.0,65.8,63.0,58.2,56.3,53.9,52.1,52.0,51.2,50.3,50.7,51.2,51.4,51.9,53.0,54.0,55.1,56.0,57.3,57.4
22:36:12.511,103.3,71.1,91.2,96.0,89.5,86.1,90.5,89.3,85.4,84.3,75.0,79.0,84.2,85.0,79.6,74.5,79.5,72.9,74.2,69.8,66.4,65.5,60.1,58.2,54.4,53.9,52.0,50.8,50.9,51.0,50.6,51.0,52.3,53.0,54.1,54.7,55.8,57.1,57.3
22:36:13.511,102.9,70.6,89.9,93.3,91.4,94.1,89.7,84.4,84.9,82.5,78.0,79.8,82.3,83.6,79.4,73.4,77.9,71.8,73.0,71.6,65.6,63.8,59.5,56.3,53.2,51.1,50.3,49.9,50.0,50.8,50.7,51.1,52.1,52.9,54.0,55.2,55.9,57.2,57.2
22:36:14.511,101.1,70.5,89.5,87.9,87.4,87.8,90.0,89.3,85.4,82.1,75.5,76.6,80.4,82.8,79.5,74.6,77.2,70.8,72.4,71.6,66.4,64.9,62.4,55.7,52.9,53.8,52.0,52.0,50.9,50.5,51.1,51.2,51.9,53.0,53.9,55.0,56.0,57.2,57.3
22:36:15.511,100.7,70.5,89.2,88.4,91.9,92.9,90.8,88.2,82.2,75.5,78.2,81.9,83.0,82.5,76.8,72.8,76.2,71.5,73.4,69.6,68.5,65.0,60.9,57.2,57.0,52.4,51.3,51.7,50.2,51.0,50.8,51.2,52.0,53.0,53.7,54.8,55.8,56.9,57.4
22:36:16.511,102.0,69.5,89.7,90.3,90.6,94.9,92.2,88.6,86.4,83.4,78.4,79.6,83.5,82.0,76.4,73.6,74.1,69.5,71.1,70.3,66.5,63.6,59.3,56.8,53.1,52.0,51.1,51.1,50.4,51.0,51.0,51.0,52.0,52.8,53.9,55.0,56.0,57.1,57.3
22:36:17.511,101.8,68.7,88.4,89.1,88.9,89.2,94.2,90.0,84.0,81.0,74.9,78.5,79.6,80.7,75.1,74.0,74.5,69.5,70.2,69.9,63.4,63.3,58.0,55.9,53.7,52.5,51.5,51.1,50.5,51.1,51.1,51.2,51.9,52.7,54.0,55.0,56.0,57.0,57.3
22:36:18.511,100.3,67.8,87.8,86.7,89.8,92.6,90.0,86.0,85.1,78.2,75.7,80.4,79.4,80.3,73.9,70.3,72.9,68.5,69.0,63.7,62.6,61.0,59.4,55.2,55.8,56.4,52.4,50.9,51.0,50.7,51.2,51.3,52.1,53.1,54.0,54.9,55.9,57.1,57.3
22:36:19.511,99.5,66.7,86.8,90.4,90.1,87.9,89.8,86.3,86.5,80.5,73.6,77.2,78.1,81.2,73.1,71.1,70.4,64.8,66.2,64.6,61.2,61.3,57.6,52.5,51.2,50.7,51.2,52.0,53.0,51.2,51.5,51.4,52.2,53.1,53.8,55.0,56.2,57.1,57.4
22:36:20.511,98.7,67.6,86.2,88.5,89.0,89.9,87.5,84.5,83.9,81.8,73.7,76.3,80.1,79.1,72.0,68.7,71.0,65.0,65.2,64.5,62.3,60.6,54.7,50.9,52.9,50.0,51.7,51.2,51.1,55.2,56.3,53.2,52.4,52.9,54.0,55.0,56.1,57.2,57.2
22:36:21.511,101.4,70.2,85.2,88.5,88.4,85.8,86.5,85.8,78.9,76.5,70.7,74.1,76.3,79.5,69.9,67.8,71.3,66.8,66.5,65.7,59.5,60.9,56.0,59.2,57.2,59.8,67.8,60.2,57.2,56.3,55.2,53.1,52.1,53.0,54.0,55.0,55.9,57.2,57.4
22:36:22.511,100.0,67.9,86.2,90.4,94.7,90.9,85.9,81.6,80.7,79.2,71.3,76.7,78.7,78.1,72.3,67.7,69.7,62.8,62.7,63.7,59.7,63.7,55.2,54.6,57.4,51.9,52.4,56.0,53.2,51.8,52.5,52.4,52.2,53.0,54.1,55.0,56.0,57.0,57.1
22:36:23.511,98.3,68.7,85.1,87.0,91.5,89.2,87.2,80.7,81.0,77.2,76.2,79.1,77.4,76.7,72.7,69.3,71.1,63.6,63.0,63.9,61.4,60.0,55.3,60.9,61.4,57.4,54.0,53.8,55.4,54.7,54.0,52.2,52.0,52.9,53.9,55.1,56.2,57.2,57.3
22:36:24.511,99.4,70.9,85.1,91.5,90.4,88.6,88.8,86.7,79.0,76.3,73.7,74.0,78.5,77.0,69.0,68.0,68.4,64.6,61.5,62.9,60.8,60.1,54.5,66.4,64.7,62.7,55.7,60.3,54.4,54.3,54.9,52.5,52.1,53.0,53.9,54.8,56.0,57.0,57.2
22:36:25.511,94.5,74.7,82.6,83.8,83.2,84.5,80.7,79.0,79.4,74.8,71.4,73.8,76.3,75.3,67.5,64.6,66.5,63.7,62.3,63.4,61.4,60.3,62.3,52.9,71.8,61.2,66.9,57.6,54.1,57.2,59.3,56.0,52.7,53.5,53.9,54.9,56.2,57.0,57.4
22:36:26.511,95.5,72.3,82.2,83.8,86.1,84.2,81.2,78.1,78.3,74.0,71.0,72.9,75.3,75.8,68.7,65.4,66.0,62.8,62.2,62.1,58.9,60.7,58.6,59.5,58.4,59.9,56.3,56.2,57.2,66.9,67.0,59.6,52.5,53.2,54.2,55.0,56.0,57.2,57.3
22:36:27.511,97.1,65.1,80.8,89.7,89.7,85.2,80.8,81.5,78.1,71.9,67.5,70.8,72.4,73.1,65.8,62.9,66.1,60.8,62.1,62.1,59.5,59.5,52.9,49.9,50.0,50.1,50.0,50.4,50.6,51.2,50.9,51.4,52.0,53.0,53.9,55.0,55.9,57.0,57.4
22:36:28.511,98.1,65.3,80.5,85.0,86.8,84.7,76.8,76.6,79.0,70.5,66.9,69.9,71.8,73.5,65.2,65.3,65.8,62.2,61.4,62.6,59.7,60.7,53.9,50.4,50.0,50.2,50.8,50.7,51.0,51.0,50.8,51.3,51.9,53.0,53.7,54.7,56.0,57.1,57.1
22:36:29.511,95.5,65.5,80.5,86.4,86.7,84.8,83.9,78.5,72.7,71.3,67.4,69.7,73.3,72.8,65.7,63.2,66.3,62.6,62.5,62.0,59.6,60.2,54.7,51.7,51.3,50.2,51.3,52.3,51.4,51.0,51.8,51.4,52.1,52.9,54.0,54.9,56.0,57.1,57.2
22:36:30.511,97.9,65.0,79.7,86.3,83.4,81.8,80.0,73.9,74.0,66.8,67.1,70.5,72.4,68.5,67.2,65.2,65.7,61.4,62.7,62.7,58.8,59.2,54.1,50.2,50.1,49.0,50.0,50.7,50.1,51.1,50.7,51.4,52.2,53.0,54.0,54.9,56.0,57.0,57.4
22:36:31.511,95.4,64.8,79.5,80.0,84.6,84.1,82.3,78.3,77.6,69.8,66.8,67.5,72.1,69.1,64.3,63.7,62.1,60.3,60.9,61.0,58.9,59.8,53.8,49.3,49.7,49.7,49.8,50.4,50.1,50.8,50.6,51.3,52.2,53.0,53.9,55.1,56.0,56.9,57.2
22:36:32.511,93.1,64.5,77.3,76.4,75.5,78.1,74.5,73.3,74.1,73.2,66.5,67.6,70.0,66.2,61.8,60.9,62.8,59.5,59.8,60.6,58.5,58.7,54.3,50.4,48.7,49.8,50.6,50.7,50.3,50.7,51.0,51.3,52.0,53.0,54.1,55.1,55.9,57.0,57.4
22:36:33.511,94.0,64.4,78.0,83.8,85.5,83.5,76.6,75.7,71.6,66.8,64.0,70.1,69.4,70.4,63.0,60.3,64.5,60.5,59.5,61.7,58.0,58.2,52.3,49.0,49.3,50.4,51.0,50.7,50.3,50.6,50.8,51.1,52.1,52.8,53.9,54.9,56.0,57.0,57.4
22:36:34.511,94.0,64.4,76.7,87.3,83.1,80.0,74.3,75.5,74.5,70.5,63.3,67.8,65.6,67.4,62.7,61.4,60.1,59.9,59.1,59.9,57.7,59.3,52.8,48.4,49.4,49.8,50.2,50.5,50.9,50.8,50.8,51.4,52.1,53.0,53.9,55.0,56.0,57.0,57.2
22:36:35.511,96.8,64.3,76.6,85.7,84.1,81.0,76.8,75.9,71.2,66.9,61.8,63.5,67.3,65.6,59.8,58.6,59.8,58.8,59.8,60.8,57.4,59.9,53.6,48.9,49.4,49.3,50.2,50.5,50.5,50.9,51.0,51.1,51.8,52.7,53.9,54.8,56.1,57.1,57.2
22:36:36.511,95.7,64.4,75.6,78.9,74.1,75.6,75.6,69.5,70.2,65.4,66.5,62.6,64.6,65.1,58.6,59.0,61.1,59.3,59.7,61.0,57.4,59.8,53.4,48.6,49.3,50.3,50.0,49.9,50.0,50.7,50.6,51.3,52.1,52.9,54.1,54.8,55.9,57.1,57.3
22:36:37.511,92.8,64.3,75.5,86.0,84.8,81.8,78.0,72.4,69.6,66.8,64.0,61.6,64.0,64.7,59.9,59.3,57.3,59.5,57.2,60.2,57.7,59.5,53.2,48.7,49.3,49.9,50.5,50.9,50.3,50.6,50.6,51.3,52.0,53.0,53.9,55.1,56.1,56.9,57.3
22:36:38.511,97.8,64.3,76.5,82.9,83.8,80.9,76.2,73.9,68.7,66.2,64.5,64.6,65.1,63.1,61.3,58.9,60.5,59.2,58.7,62.3,58.4,59.5,53.4,48.9,49.8,50.5,50.2,50.6,50.3,50.7,50.8,50.9,51.9,52.8,53.9,55.0,56.0,57.0,57.3
22:36:39.511,89.2,64.3,74.6,76.3,77.3,76.2,72.2,74.1,72.9,63.4,62.3,61.7,61.8,62.3,61.7,58.2,59.6,60.1,58.0,61.6,57.7,59.9,52.1,48.1,48.7,49.8,50.1,50.6,50.5,50.8,50.9,51.4,52.1,53.0,54.1,55.1,56.0,57.2,57.3
22:36:40.511,91.2,64.4,73.6,84.6,83.1,80.5,73.1,69.0,67.9,61.2,58.8,62.0,63.7,61.6,58.0,58.1,59.5,58.1,58.3,59.1,57.0,59.3,53.3,50.0,52.6,50.5,50.9,50.9,51.2,51.1,51.3,51.7,52.0,53.0,54.0,54.8,56.1,57.1,57.2
22:36:41.511,89.6,64.4,73.2,73.2,68.8,71.1,73.0,73.6,65.8,62.9,63.9,61.8,62.0,60.0,59.0,57.3,58.6,59.1,59.3,60.3,58.3,59.4,53.2,49.3,49.8,49.8,50.2,50.6,50.6,51.1,50.9,51.5,52.0,52.9,54.1,55.0,56.0,56.9,57.3
22:36:42.511,92.1,64.3,73.2,80.9,76.7,72.4,71.0,66.0,70.5,63.5,65.0,61.2,63.1,56.7,60.0,56.6,59.3,59.2,58.3,59.4,57.7,59.5,52.8,48.6,49.6,50.1,50.4,50.5,50.8,50.7,50.8,51.4,51.8,52.9,54.0,54.9,56.0,57.1,57.3
22:36:43.511,95.6,64.3,72.9,76.3,78.2,77.2,71.0,70.4,70.3,64.9,61.4,60.0,62.8,60.5,60.5,57.8,58.0,58.8,58.2,60.3,56.8,59.4,52.9,50.6,51.2,49.9,50.0,50.8,50.3,50.7,50.9,51.3,52.0,53.0,54.0,54.9,56.0,57.0,57.3
22:36:44.511,93.4,64.2,72.3,77.2,73.9,76.8,72.6,68.5,67.1,62.5,59.9,58.2,61.7,57.3,57.6,57.4,59.8,59.6,59.1,59.8,55.7,58.7,53.0,49.3,49.5,49.9,50.4,50.5,50.2,50.7,51.0,51.2,51.9,53.0,54.0,54.9,56.0,57.2,57.3
22:36:45.511,92.8,64.2,73.1,78.6,77.2,75.1,67.0,61.9,62.8,65.1,62.8,59.3,62.1,58.0,58.7,57.2,60.2,59.3,56.2,60.0,57.3,58.6,52.6,48.2,50.1,49.7,51.0,50.7,50.4,50.7,50.9,51.6,52.1,52.8,53.9,55.0,56.0,57.2,57.3
22:36:46.511,91.1,64.4,72.2,77.6,75.7,75.4,70.4,69.1,66.2,63.7,60.1,60.2,62.9,56.7,57.9,58.7,59.0,59.7,58.0,60.1,56.9,59.4,56.9,49.4,49.9,49.7,50.6,51.0,50.8,50.9,51.0,51.6,52.1,52.9,53.7,54.8,56.0,57.1,57.4
22:36:47.511,90.7,64.6,72.1,80.3,77.5,70.4,71.2,69.4,68.3,58.6,59.1,60.2,63.0,58.4,56.9,56.9,59.8,58.9,58.6,61.0,58.5,58.7,54.2,51.9,50.0,53.3,50.1,50.7,50.6,50.9,51.0,51.1,52.0,52.8,54.0,54.8,56.0,57.0,57.2
22:36:48.511,91.7,64.7,71.9,74.6,75.4,75.8,70.0,70.0,64.1,61.2,61.9,61.8,62.8,56.1,59.4,57.7,55.9,57.8,57.9,59.9,56.9,60.0,55.2,50.6,55.2,50.5,50.3,51.0,50.6,51.1,51.3,51.4,52.0,53.2,53.9,54.8,56.1,57.1,57.3
22:36:49.511,95.3,64.9,71.9,74.4,73.4,72.7,69.5,69.0,62.5,63.6,59.2,59.5,62.4,59.7,58.8,58.4,58.7,57.3,58.5,60.8,58.5,59.5,55.3,52.9,52.7,49.9,50.7,52.2,51.2,50.8,51.4,51.4,51.7,53.0,53.9,55.0,55.9,57.2,57.2
22:36:50.511,98.1,64.6,72.1,77.5,77.9,73.3,68.8,67.2,67.2,64.1,60.9,60.8,63.0,58.6,59.7,58.5,59.0,59.7,58.7,58.4,58.1,59.5,54.5,49.4,50.1,51.3,51.6,51.4,50.2,50.9,52.1,51.1,52.1,52.9,53.8,54.8,56.1,57.1,57.3
22:36:51.511,94.5,64.3,71.6,80.2,73.5,71.9,67.8,63.8,63.1,63.9,61.6,61.0,61.8,58.0,58.5,58.4,57.8,60.3,58.9,60.1,56.9,61.0,53.1,48.8,49.7,49.9,50.2,50.6,50.4,51.0,50.6,51.5,52.1,53.0,54.0,55.1,56.0,57.1,57.3
22:36:52.511,89.0,64.5,71.7,78.3,74.9,70.7,67.7,69.1,64.2,59.5,60.0,60.0,62.1,58.2,58.4,59.0,61.0,59.1,57.8,59.7,57.4,59.7,54.3,50.5,51.3,51.6,50.7,51.7,50.7,51.1,50.9,51.2,52.1,52.9,53.8,54.9,55.9,57.2,57.3
22:36:53.511,91.6,64.3,72.0,76.1,73.0,61.6,66.3,69.8,63.4,63.0,61.4,61.4,61.6,59.9,61.5,58.5,59.3,58.9,58.5,58.9,56.7,59.7,53.5,48.6,49.6,49.6,49.5,50.7,50.4,50.7,51.0,51.4,52.1,53.0,54.0,54.9,56.0,57.1,57.2
22:36:54.511,90.7,66.7,72.5,72.7,73.8,72.0,66.2,67.3,66.0,63.8,57.5,62.3,63.6,56.9,59.0,57.7,58.3,59.8,59.3,61.4,58.7,59.8,57.9,58.5,54.9,56.0,53.7,55.9,54.0,51.5,53.2,53.7,52.0,53.0,53.9,55.1,55.8,57.1,57.3
22:36:55.511,92.1,66.1,71.3,74.2,68.6,62.6,63.5,65.7,63.5,60.1,56.5,59.2,60.9,58.6,57.3,57.3,58.7,59.1,58.6,59.5,56.7,59.2,57.8,53.7,55.5,55.6,52.0,53.7,52.5,51.5,51.8,51.5,52.0,52.9,53.9,54.9,56.1,57.1,57.4
22:36:56.511,91.6,65.1,71.2,70.0,68.7,71.6,65.9,61.4,64.3,61.1,58.0,60.9,61.8,59.1,56.4,57.4,59.3,58.4,59.0,59.8,56.9,59.2,54.9,53.9,52.6,50.1,50.5,51.0,50.5,50.8,51.2,51.4,52.3,53.1,53.7,55.0,56.0,57.1,57.3
22:36:57.511,90.1,65.7,71.9,76.7,74.3,69.2,67.8,68.6,63.8,60.9,61.3,61.4,63.5,58.1,59.3,57.4,59.8,58.5,60.2,60.3,57.0,58.5,54.2,54.0,58.1,57.8,51.3,53.7,51.8,52.3,51.8,51.2,51.9,53.0,53.8,54.9,55.8,57.0,57.3
22:36:58.511,94.8,65.7,71.3,70.5,65.5,66.8,66.8,59.7,60.6,61.5,58.1,59.8,62.2,58.1,58.5,57.5,59.2,58.8,58.8,61.3,57.3,60.0,57.6,57.1,51.9,51.2,51.6,52.6,52.6,52.3,51.9,51.8,51.9,53.0,53.8,54.9,56.0,57.0,57.3
22:36:59.511,94.9,66.7,71.8,72.4,64.9,66.3,68.2,63.6,61.5,61.7,56.3,58.4,61.5,56.6,58.1,56.6,58.9,60.1,58.6,58.4,58.2,60.2,56.5,57.5,60.6,52.7,52.7,56.4,54.2,52.8,51.9,52.3,52.1,52.9,54.1,55.1,56.0,57.0,57.2
22:37:00.511,88.2,65.4,71.7,72.9,69.0,65.9,64.4,66.1,65.8,61.5,57.6,59.4,62.9,61.4,59.7,58.8,57.5,58.6,60.2,60.8,58.3,59.8,55.8,56.9,53.5,52.1,51.6,51.5,51.0,51.3,51.1,51.6,52.2,53.1,53.9,55.1,55.9,57.1,57.3
22:37:01.511,88.6,65.8,71.6,75.5,70.7,62.5,65.2,62.7,59.4,58.2,61.6,59.2,62.2,57.4,60.0,56.8,57.9,58.1,58.6,61.4,57.9,58.4,58.6,59.3,55.1,51.6,52.8,56.3,53.3,53.5,53.4,51.6,52.1,53.2,54.2,55.0,56.0,57.1,57.2
22:37:02.511,91.0,65.4,71.7,76.4,69.6,65.9,66.3,64.2,60.9,61.6,58.5,58.6,62.0,56.5,60.0,58.6,59.4,59.6,59.4,59.1,57.6,59.9,55.0,56.0,51.4,50.4,50.2,51.1,50.9,51.1,51.0,51.2,52.1,53.2,53.9,55.0,55.7,57.2,57.4
22:37:03.511,90.4,71.2,74.0,72.3,68.4,68.6,67.9,65.4,61.5,63.0,62.4,62.7,62.6,58.4,59.3,57.4,57.8,58.3,58.5,59.4,61.0,61.2,61.9,60.5,66.2,61.0,59.8,60.5,59.2,56.9,58.3,60.0,53.2,53.4,54.2,54.8,55.9,56.9,57.2
22:37:04.511,94.3,67.0,71.7,76.0,66.3,58.5,59.4,66.3,58.3,57.6,58.1,59.8,61.8,58.8,59.8,58.3,59.5,59.0,57.9,59.8,58.0,59.4,54.8,53.6,58.9,55.7,56.0,58.8,51.4,51.6,52.9,53.1,52.0,53.4,53.8,54.9,55.9,57.0,57.3
22:37:05.511,94.2,69.6,73.2,75.6,70.7,68.3,66.3,63.7,59.3,57.8,58.5,60.3,62.1,57.4,57.8,57.1,57.8,58.5,60.6,59.9,59.7,61.6,57.6,63.2,63.7,54.9,61.2,57.5,53.2,54.4,56.1,55.7,53.2,53.3,54.1,55.1,56.0,57.1,57.2
22:37:06.511,91.9,68.1,72.2,78.1,71.8,63.8,64.8,62.4,63.3,58.2,59.1,60.4,61.7,57.7,56.9,57.8,58.5,60.4,57.9,60.0,58.6,60.4,54.1,49.3,54.8,50.8,52.8,55.1,53.0,54.3,54.3,53.2,52.3,53.1,54.0,55.0,55.9,57.0,57.2
22:37:07.511,89.9,66.9,71.7,73.7,67.7,67.6,65.9,62.1,64.7,59.2,58.6,59.5,61.8,57.1,55.7,57.6,58.7,58.6,57.5,60.3,59.5,59.9,53.6,59.8,55.4,52.6,52.3,53.0,53.7,55.4,57.1,58.2,52.4,53.1,53.9,54.7,55.9,57.0,57.2
22:37:08.511,90.0,65.5,71.6,76.2,73.9,69.7,64.8,64.1,65.7,58.7,58.4,62.0,63.2,57.2,60.2,57.8,56.9,59.6,59.1,60.9,57.9,59.6,54.8,54.9,54.3,50.7,51.5,52.3,55.6,53.1,54.2,52.7,51.9,52.9,54.2,54.8,55.7,57.0,57.2
22:37:09.511,94.6,68.5,72.4,76.3,74.7,66.0,63.6,64.4,63.0,61.0,60.7,60.5,61.7,56.9,58.1,57.3,59.5,60.1,59.4,60.4,57.1,59.4,53.9,53.2,51.8,51.7,52.0,52.1,50.5,51.2,51.2,51.3,52.1,53.1,54.1,54.8,56.0,57.1,57.2
22:37:10.511,93.4,67.5,72.0,76.8,72.1,68.1,63.6,62.3,65.0,59.1,59.6,61.4,61.8,57.6,59.2,59.3,58.2,59.4,58.6,60.8,59.0,59.4,54.1,52.0,53.4,54.6,56.7,51.4,52.9,55.0,57.3,52.6,52.2,53.0,53.9,54.8,55.9,57.0,57.2
22:37:11.511,88.2,70.2,73.3,70.4,66.9,63.9,62.9,62.4,63.1,63.1,60.1,62.1,62.3,58.2,58.6,58.1,57.5,60.4,58.4,59.9,60.2,59.5,55.3,59.1,57.8,62.4,67.2,56.6,50.7,52.2,57.4,52.1,52.0,53.1,53.9,55.0,56.0,57.2,57.3
22:37:12.511,88.2,66.8,72.0,74.0,68.8,59.9,61.4,64.8,59.9,63.2,61.1,61.1,62.9,58.1,58.9,57.5,59.8,59.5,58.6,60.6,59.3,61.0,53.5,52.9,55.4,50.3,50.4,51.2,53.3,54.7,55.3,53.8,52.2,53.0,53.9,55.0,56.0,57.1,57.2
22:37:13.511,90.6,65.6,71.6,73.8,69.3,70.5,69.5,64.0,63.7,62.6,58.7,60.8,62.6,58.7,60.4,58.8,57.3,58.7,58.2,60.8,57.5,62.7,59.5,49.5,52.9,50.3,50.5,52.3,52.8,52.1,53.0,52.5,52.2,53.2,53.9,54.9,55.9,57.2,57.3
22:37:14.511,91.3,66.5,71.7,73.0,66.9,60.8,57.3,61.3,65.2,60.6,59.3,60.4,62.7,57.3,57.3,57.8,57.4,59.1,58.7,61.1,59.8,60.5,52.9,55.6,59.7,53.4,54.0,55.2,53.8,51.4,51.8,51.6,52.0,52.7,53.7,55.0,56.0,57.0,57.4
22:37:15.511,88.3,65.8,71.7,76.0,74.8,70.8,66.5,65.0,65.5,60.1,58.0,60.4,62.2,55.2,59.3,57.5,58.2,57.9,58.0,60.9,58.8,59.3,54.5,58.6,51.9,51.6,52.9,52.5,52.1,51.1,51.3,51.7,51.8,52.9,53.9,55.0,55.9,57.0,57.2
22:37:16.511,88.5,64.8,71.6,74.7,68.4,63.1,64.1,66.9,63.6,61.3,57.0,58.8,61.9,57.8,59.9,58.4,59.5,60.1,59.4,61.3,58.1,59.5,54.3,52.4,52.2,50.3,51.3,52.3,51.8,50.8,51.1,51.7,51.8,52.9,53.9,54.8,56.0,57.0,57.2
22:37:17.511,86.7,71.2,73.7,69.3,70.1,71.1,67.1,65.3,66.2,63.7,59.8,60.6,62.6,60.6,61.0,56.7,60.1,59.5,58.4,59.6,57.6,59.6,53.0,51.4,59.3,58.5,65.9,64.5,62.3,52.4,58.3,55.4,52.7,52.9,54.1,55.0,55.9,57.2,57.3
22:37:18.511,90.2,73.3,75.1,70.0,67.3,65.0,65.0,67.2,63.0,63.6,58.5,62.4,62.5,60.1,59.1,57.5,60.7,58.3,58.1,59.9,59.5,62.5,56.5,62.4,67.1,62.8,57.1,62.6,65.9,61.0,62.5,58.9,52.3,53.0,54.0,54.9,56.0,57.2,57.3
22:37:19.511,87.2,67.0,72.1,68.0,68.3,66.4,64.4,65.1,65.6,60.2,58.7,60.9,63.3,61.9,59.1,56.8,59.7,59.9,58.6,59.7,56.3,59.4,53.3,49.2,57.8,51.5,51.4,52.6,50.8,50.8,51.1,51.7,52.2,52.9,53.9,55.1,55.9,57.1,57.3
22:37:20.511,92.5,73.7,75.8,70.7,72.2,72.2,71.0,67.0,61.2,60.4,55.5,60.0,61.2,59.3,57.4,56.4,58.2,59.6,57.9,61.5,57.3,59.4,55.2,66.6,72.5,62.0,53.3,52.9,52.2,51.6,59.5,53.2,52.2,53.1,53.9,54.7,55.9,57.1,57.3
22:37:21.511,91.0,68.1,72.7,65.7,72.1,70.4,60.3,58.0,61.7,57.9,55.8,59.2,62.5,60.9,59.1,58.3,60.8,58.8,58.0,60.7,58.6,60.9,54.8,57.8,58.6,55.9,55.0,58.7,58.4,52.6,54.8,52.2,51.6,52.8,54.1,54.8,55.9,57.1,57.2
22:37:22.511,88.6,65.0,71.8,72.7,66.2,64.4,61.4,63.4,63.0,62.8,60.5,62.3,63.1,58.4,60.0,58.1,59.3,59.1,58.9,60.2,57.2,58.3,54.9,52.6,57.3,52.1,52.0,51.7,50.7,51.3,50.9,51.1,51.8,52.8,53.9,55.0,55.9,57.1,57.2
22:37:23.511,83.7,66.1,71.5,68.2,66.2,61.4,58.1,61.2,64.1,58.9,57.5,59.7,63.0,61.0,59.7,58.0,57.9,59.9,58.0,60.3,59.4,60.0,53.4,53.3,59.1,54.4,56.5,56.8,51.3,51.9,51.9,52.1,52.1,52.7,53.9,55.0,56.0,57.0,57.2
22:37:24.511,91.5,65.4,71.8,75.7,69.1,64.6,66.7,68.4,65.7,62.9,59.0,61.3,64.1,59.9,60.0,56.3,58.0,58.3,58.9,59.7,57.9,59.5,55.8,54.7,51.0,51.2,50.4,51.9,53.3,52.4,51.6,51.9,52.1,53.0,53.9,54.9,56.0,57.1,57.3
22:37:25.511,89.7,65.7,72.4,71.6,70.4,68.3,65.3,65.0,62.2,62.3,61.0,62.3,64.5,60.1,60.3,59.0,59.7,59.2,59.9,60.8,57.9,60.2,55.1,56.4,52.0,52.4,53.6,50.8,51.1,50.7,51.2,51.3,52.1,52.9,54.0,55.0,56.1,57.0,57.3
22:37:26.511,89.4,66.0,72.2,72.7,68.1,68.3,66.7,67.2,66.7,61.4,56.6,59.9,63.5,60.1,59.5,58.0,58.4,58.9,59.3,60.3,57.7,61.2,56.9,58.2,53.1,51.0,51.7,52.3,50.7,51.8,50.9,51.6,52.0,53.0,54.0,54.8,56.0,57.0,57.2
22:37:27.511,89.1,64.7,72.4,71.4,69.2,62.5,67.7,73.2,64.4,64.5,61.2,61.7,61.1,60.5,58.7,57.3,59.9,60.7,59.6,60.4,59.2,59.2,53.5,50.2,50.0,50.4,50.7,50.6,50.2,50.7,50.6,51.1,52.3,52.9,54.1,55.0,56.0,57.0,57.2
22:37:28.511,89.1,64.4,71.9,74.1,72.7,72.3,66.8,64.8,63.5,60.2,58.8,64.2,63.5,61.4,59.4,56.7,58.9,57.9,58.6,60.4,58.6,58.7,52.8,49.1,49.9,49.1,50.0,50.3,49.8,50.9,51.2,51.3,52.2,52.8,54.0,55.1,56.0,57.0,57.1
22:37:29.511,86.9,65.1,72.9,76.9,70.3,69.1,71.8,71.6,71.3,63.0,57.7,60.5,63.9,62.9,61.0,57.9,57.1,59.5,59.1,60.1,58.1,59.0,53.9,52.7,53.9,51.5,51.6,52.0,50.8,51.3,51.2,51.6,52.0,53.0,54.0,54.7,56.0,56.9,57.2
22:37:30.511,84.0,65.6,72.6,76.5,67.9,67.0,63.3,64.7,65.2,62.4,60.0,63.6,62.8,61.6,60.5,58.1,58.8,59.1,58.4,59.9,60.5,60.6,57.0,54.1,49.7,50.1,51.5,52.3,51.7,50.8,51.5,51.3,52.2,52.9,53.9,55.0,56.0,56.9,57.4
22:37:31.511,89.1,64.6,72.3,73.6,67.6,69.7,68.0,59.9,65.5,61.9,56.7,63.0,64.2,60.5,59.0,57.3,60.7,59.7,58.2,59.1,58.2,59.7,53.4,50.3,50.3,50.0,50.6,50.9,51.0,50.9,51.0,51.6,52.0,52.9,54.1,54.9,55.8,57.1,57.2
22:37:32.511,88.0,64.6,73.0,73.4,71.1,74.7,74.0,67.2,61.7,58.2,58.4,60.8,65.4,63.6,60.6,58.1,58.6,58.6,59.0,60.8,58.5,59.3,55.4,49.7,50.2,50.0,50.4,50.3,51.4,51.2,51.3,51.7,52.2,52.9,53.9,54.9,56.1,57.1,57.2
22:37:33.511,89.7,65.6,72.3,68.8,65.9,67.4,68.1,63.3,62.3,60.8,58.7,61.7,64.6,62.2,61.2,58.3,59.9,59.7,59.9,60.2,59.3,59.4,57.7,57.1,55.8,53.6,56.6,53.6,51.8,51.6,51.4,51.9,52.4,52.8,53.9,54.9,56.0,57.0,57.2
22:37:34.511,88.2,64.7,73.0,72.9,75.9,77.3,68.6,64.0,60.7,59.9,57.1,62.1,65.7,63.0,60.2,58.6,58.8,59.5,58.0,58.9,58.2,61.2,54.2,50.5,50.0,49.9,51.2,51.3,50.8,50.6,51.0,51.6,51.9,52.7,53.9,55.0,56.0,57.1,57.1
22:37:35.511,86.9,64.6,72.8,70.7,69.2,68.6,69.3,67.4,64.6,60.7,58.5,63.9,64.1,64.4,60.4,58.0,62.4,60.6,59.0,61.4,56.4,60.1,56.3,50.6,49.8,49.5,49.7,51.1,51.2,50.9,51.0,51.2,51.9,52.9,54.0,55.1,55.9,57.0,57.3
22:37:36.511,89.2,64.6,73.1,73.9,74.6,78.2,70.6,62.4,66.4,62.5,57.8,63.1,64.0,62.4,60.1,58.0,60.8,59.9,58.6,60.1,58.7,59.1,53.2,53.8,51.9,50.5,51.0,52.0,50.4,50.7,51.0,51.3,52.0,53.1,54.0,55.0,56.0,57.1,57.3
22:37:37.511,91.2,65.6,74.3,75.8,74.4,73.0,78.5,73.6,70.0,63.6,62.1,66.3,64.5,65.6,59.6,59.1,59.9,58.3,59.1,60.5,59.0,60.0,53.9,55.0,55.9,51.6,51.9,52.9,51.5,50.7,51.4,51.6,52.1,53.0,54.1,55.0,56.1,57.1,57.2
22:37:38.511,86.8,66.4,74.3,75.6,75.1,74.8,70.8,72.5,69.7,63.7,59.3,63.0,64.9,65.5,61.3,56.3,60.8,59.2,60.9,60.5,58.4,61.4,56.3,64.8,56.2,54.5,54.2,51.7,50.7,51.4,51.0,51.3,51.9,53.2,54.0,55.1,55.9,57.2,57.2
22:37:39.511,88.9,65.0,73.2,74.6,73.7,67.2,72.7,73.5,69.0,66.2,57.3,61.7,64.6,61.6,58.7,57.6,60.5,59.1,58.6,60.0,59.1,59.6,53.9,52.7,54.0,50.6,51.3,51.4,50.5,50.9,51.1,51.3,51.9,52.9,53.8,55.0,55.8,57.0,57.2
22:37:40.511,88.6,64.4,73.6,76.9,76.4,75.7,73.4,69.6,65.5,66.8,61.5,63.5,64.8,65.1,59.9,58.4,60.5,58.9,58.4,59.4,58.4,58.7,54.2,50.7,51.3,50.2,50.5,51.3,51.1,51.0,50.8,50.9,51.7,52.8,53.9,54.9,56.0,57.0,57.2
22:37:41.511,87.2,64.7,73.7,69.7,73.4,74.7,72.2,67.5,66.5,62.1,61.3,61.3,63.8,63.6,59.4,56.3,58.8,60.3,59.4,59.2,58.0,58.7,53.5,52.8,57.1,52.5,51.6,50.8,50.8,51.1,51.2,51.5,51.8,53.0,53.7,54.9,56.0,57.0,57.2
22:37:42.511,87.4,64.6,74.1,70.0,72.0,73.7,75.5,73.0,68.7,68.3,60.0,63.7,66.4,63.6,59.7,58.3,60.7,58.7,59.1,58.8,57.9,59.6,53.6,54.4,51.1,50.4,50.6,50.8,50.2,50.8,50.9,51.3,52.0,52.9,54.0,55.1,56.0,57.0,57.2
22:37:43.511,89.0,64.4,73.3,75.0,77.6,74.7,75.6,68.9,63.0,63.5,61.0,65.5,65.1,61.5,59.8,58.5,60.1,61.0,59.4,59.9,56.7,59.5,53.0,50.0,49.3,50.8,51.0,50.7,50.4,50.8,50.7,51.3,51.9,52.9,54.0,54.8,55.9,57.0,57.2
22:37:44.511,86.2,64.7,74.2,72.7,72.7,77.2,73.6,70.5,70.0,66.0,61.0,64.0,65.8,63.7,59.7,58.2,60.9,58.8,59.6,60.7,57.9,60.1,53.8,53.4,51.3,49.4,51.1,51.1,50.2,51.0,50.9,51.7,51.9,52.6,54.0,54.8,55.9,57.0,57.3
22:37:45.511,83.6,65.5,73.8,72.6,75.7,76.7,74.4,67.6,64.3,63.7,59.6,64.2,67.3,63.7,60.4,58.7,59.2,58.5,59.0,59.5,58.9,59.6,52.5,52.3,54.8,55.8,52.2,54.7,57.1,51.7,51.6,51.4,52.0,53.2,54.0,54.6,56.0,57.1,57.3
22:37:46.511,87.5,65.2,73.8,73.5,73.8,75.3,73.2,71.0,65.5,66.2,60.5,63.3,65.1,64.6,59.5,58.2,60.0,59.2,59.4,59.7,58.1,59.4,54.6,51.9,50.5,50.1,52.1,51.2,51.3,51.6,51.0,51.5,52.0,52.9,54.0,54.9,56.0,56.9,57.3
22:37:47.511,88.7,65.6,74.5,76.7,78.1,76.1,75.4,70.9,69.2,68.0,59.5,63.0,65.7,65.2,62.4,59.2,60.9,60.4,58.8,59.5,59.1,59.2,54.7,55.7,54.3,52.0,51.4,53.4,51.1,51.2,51.5,51.0,51.8,52.9,53.9,54.9,56.1,57.1,57.2
22:37:48.511,88.9,73.8,76.3,73.5,76.2,76.1,75.4,68.6,66.5,68.1,60.4,63.1,64.0,61.8,61.0,58.6,61.1,59.6,59.7,60.1,59.4,59.9,57.3,58.7,61.4,70.6,65.4,68.9,62.9,63.4,61.8,53.5,53.2,53.2,53.9,55.1,56.0,57.1,57.2
22:37:49.511,84.8,66.7,74.4,66.9,73.1,75.3,75.4,73.9,65.9,69.6,59.1,63.2,65.9,63.4,59.2,58.5,60.5,60.7,59.6,61.4,58.7,59.3,55.8,52.1,51.5,52.4,52.9,52.1,53.2,52.4,53.7,51.8,52.0,53.1,54.1,55.0,55.9,57.1,57.3
22:37:50.511,86.1,69.3,74.1,76.4,76.4,74.6,71.4,66.4,62.2,64.2,61.2,62.7,63.1,62.1,59.6,56.8,61.5,60.0,59.4,60.7,58.7,61.0,64.7,55.8,53.2,53.3,55.1,57.5,55.5,55.0,55.3,53.0,52.4,53.3,54.0,55.0,56.0,57.0,57.3
22:37:51.511,87.2,69.5,74.8,76.0,74.3,70.3,73.0,73.1,68.7,67.5,58.2,62.4,62.8,62.3,60.1,57.5,59.9,59.2,59.9,60.5,59.1,60.4,59.0,60.8,59.8,53.1,53.8,53.1,54.6,59.5,56.0,54.9,52.8,52.8,54.1,55.1,56.0,57.2,57.2
22:37:52.511,86.2,65.8,74.6,69.7,70.5,73.6,72.3,71.1,71.1,69.4,63.1,63.7,64.6,63.1,60.3,58.0,59.8,59.2,58.6,60.1,57.9,58.7,54.4,61.0,53.7,51.5,52.5,54.4,51.6,51.6,51.3,51.9,51.8,52.9,54.1,54.8,56.1,57.2,57.3
22:37:53.511,85.4,73.3,77.5,68.1,72.8,75.7,74.6,68.0,70.4,69.1,60.5,65.3,66.9,62.9,62.7,59.4,58.8,58.8,59.0,60.7,58.8,62.0,57.0,64.7,66.5,57.6,56.9,56.4,55.9,55.0,55.3,51.9,52.0,53.0,53.9,54.7,56.0,57.1,57.2
22:37:54.511,84.4,69.0,74.7,68.1,71.5,73.4,74.6,64.7,66.4,66.4,59.0,65.1,67.8,63.3,60.9,58.4,60.4,59.8,58.8,61.3,59.1,59.3,55.8,61.2,53.5,53.9,52.5,54.3,55.8,57.1,60.2,57.7,52.6,52.8,54.0,54.8,56.1,57.1,57.3
22:37:55.511,86.9,68.1,75.3,78.1,78.4,74.2,71.0,72.0,68.4,67.0,62.3,65.3,68.2,70.2,60.4,58.4,62.5,59.0,57.0,60.5,58.2,59.8,54.2,50.6,56.0,56.0,63.3,55.7,52.5,54.3,53.6,51.9,52.3,53.2,54.0,54.9,56.1,57.0,57.4
22:37:56.511,86.2,68.5,75.8,76.0,77.9,75.1,73.6,71.8,69.9,64.7,61.4,64.0,67.7,67.2,64.2,59.6,60.8,61.2,59.2,60.0,59.2,59.8,62.1,63.8,56.9,51.4,54.6,55.8,57.9,58.8,56.4,54.4,52.0,53.0,54.0,55.1,56.1,57.1,57.2
22:37:57.511,84.6,65.6,74.6,72.3,77.1,76.1,76.4,70.9,70.4,69.3,63.2,66.7,64.9,63.5,60.8,59.3,60.9,59.2,59.2,60.0,58.4,59.0,53.8,50.4,51.0,53.3,52.4,51.2,50.6,50.7,50.8,51.6,52.2,53.0,54.0,54.8,56.0,57.2,57.2
22:37:58.511,87.2,66.4,74.7,69.9,76.3,78.5,76.1,68.4,66.3,64.0,61.6,65.5,66.2,66.4,61.6,59.2,59.3,59.6,59.9,60.1,57.2,60.4,54.0,56.9,57.3,52.7,52.9,51.7,52.4,51.9,51.6,51.5,52.1,52.9,54.0,55.0,55.9,57.0,57.2
22:37:59.511,86.7,71.9,76.2,75.2,76.3,72.2,68.2,70.9,74.5,68.3,62.6,66.3,67.2,65.5,61.7,57.6,60.6,59.4,59.5,59.7,57.4,59.2,56.4,62.1,62.3,56.5,64.3,62.8,58.1,51.9,51.4,51.5,52.2,53.1,53.9,55.0,56.0,57.0,57.2
22:38:00.511,83.7,67.4,74.8,71.5,66.1,67.2,70.3,67.1,69.8,66.2,61.2,65.4,66.0,65.4,61.5,58.8,62.9,59.9,60.1,59.4,57.3,60.4,53.4,59.4,58.0,58.6,52.1,54.6,56.2,53.1,52.5,51.6,51.8,53.1,54.2,54.9,55.9,57.1,57.4
22:38:01.511,88.4,71.7,76.5,69.0,77.0,74.6,71.7,73.2,70.5,65.8,63.4,68.0,69.0,66.3,62.8,60.0,63.3,58.9,57.7,61.0,58.1,60.6,59.8,54.1,54.7,58.4,56.3,56.5,56.2,55.1,59.4,54.7,52.2,53.0,54.1,55.0,56.1,57.2,57.2
22:38:02.511,83.7,69.2,74.1,71.2,65.4,66.5,72.0,67.7,64.2,68.0,62.3,63.8,65.4,63.8,59.6,57.5,61.0,60.5,58.3,59.9,58.3,59.7,55.9,59.7,56.5,56.9,55.7,57.5,52.4,54.5,53.6,52.1,51.7,52.8,54.0,54.9,55.9,57.1,57.1
22:38:03.511,86.5,65.4,73.9,67.7,72.7,71.4,71.3,67.3,65.8,65.1,63.9,62.4,66.4,65.8,63.7,60.5,60.5,59.4,59.6,60.1,57.5,59.6,53.9,53.9,54.1,51.9,53.3,51.6,51.2,51.5,51.4,51.5,52.3,52.9,53.6,54.9,56.0,57.1,57.2
22:38:04.511,87.0,65.4,75.1,73.8,77.0,72.3,74.3,75.8,70.2,69.4,62.5,65.2,68.2,68.4,62.4,60.3,62.6,60.6,58.8,60.3,57.7,60.8,55.7,51.1,50.9,50.5,50.9,51.1,50.3,50.8,50.9,51.3,52.0,53.0,54.2,54.7,56.0,57.0,57.3
22:38:05.511,85.3,65.1,73.8,75.1,70.6,66.3,73.5,70.6,70.0,66.7,62.3,64.0,66.3,65.6,64.3,60.0,57.9,60.0,59.1,60.8,57.5,59.4,56.2,54.4,53.7,51.3,51.7,51.7,51.4,51.2,51.2,51.4,51.9,53.1,54.0,54.9,56.1,57.0,57.3
22:38:06.511,87.0,64.5,73.9,76.2,72.2,67.6,69.5,70.0,71.2,68.3,62.0,63.7,64.3,66.2,64.1,58.9,60.1,60.0,59.5,60.1,56.8,58.7,55.3,49.1,50.7,50.3,51.3,51.4,50.0,50.8,51.2,51.2,51.8,52.8,54.0,55.0,55.7,57.0,57.3
22:38:07.511,88.1,65.4,72.7,71.4,75.1,73.8,71.9,69.9,65.4,60.6,58.3,61.9,63.9,61.7,61.5,57.6,59.6,58.9,59.9,61.1,56.6,59.4,62.9,51.2,51.5,50.3,50.1,51.0,50.9,51.1,51.3,50.9,52.0,53.2,54.1,55.0,56.1,57.0,57.1
22:38:08.511,86.6,64.9,73.4,72.4,71.7,74.2,71.0,70.5,67.9,66.0,60.7,61.9,64.8,63.0,59.6,58.4,58.8,58.2,57.7,59.5,56.6,59.0,54.5,54.1,51.2,50.3,50.7,50.9,50.8,51.2,51.1,51.1,52.4,53.6,54.2,55.0,56.0,57.0,57.2
22:38:09.511,85.0,64.5,72.8,76.1,76.9,74.6,69.3,69.7,65.0,61.9,59.7,63.0,65.9,63.3,58.6,57.0,61.0,59.8,57.8,59.6,56.1,58.0,53.5,49.2,50.6,50.3,50.1,50.4,49.8,51.4,51.2,51.3,52.2,53.0,53.8,54.9,55.9,57.1,57.4
22:38:10.511,86.2,65.0,73.1,73.3,75.0,75.8,69.9,70.0,67.5,64.7,61.1,60.6,61.0,64.6,60.2,59.8,59.0,60.7,59.4,59.3,57.5,59.3,55.4,57.5,53.2,51.0,52.6,53.4,50.5,51.2,51.3,51.6,51.9,52.9,54.0,55.1,55.9,57.0,57.4
22:38:11.511,88.3,64.1,72.7,78.1,74.2,69.5,66.7,65.8,67.9,64.8,60.5,62.2,65.0,63.1,61.1,57.9,61.8,58.7,56.3,58.2,57.3,58.8,53.7,49.2,50.1,49.6,50.4,50.4,50.6,50.3,50.7,51.3,52.1,53.0,53.7,55.0,55.9,57.1,57.3
22:38:12.511,87.0,64.2,72.8,75.5,76.1,75.9,71.7,66.8,68.4,68.5,58.4,60.9,61.9,62.2,59.2,59.2,60.1,59.6,58.5,58.9,56.0,58.7,52.7,48.4,49.1,49.9,49.7,50.2,50.7,50.7,51.0,51.4,52.4,53.1,53.9,55.0,55.9,57.0,57.3
22:38:13.511,87.0,64.2,72.1,70.7,71.6,71.4,66.8,64.5,65.1,64.3,61.2,62.0,63.7,58.7,59.5,59.2,58.7,59.2,57.9,60.0,57.7,59.4,53.9,48.5,49.1,49.8,49.4,50.2,49.9,50.6,50.9,51.1,52.1,52.8,54.0,55.0,56.0,57.1,57.3
22:38:14.511,89.5,66.0,72.5,76.4,67.9,72.2,73.7,64.3,63.7,62.7,59.5,61.9,62.5,60.9,59.5,58.0,59.9,60.4,58.9,61.7,57.6,61.1,58.4,54.8,56.0,57.0,51.1,50.9,51.1,51.1,54.6,51.5,51.9,52.9,53.7,55.0,56.0,57.0,57.4
22:38:15.511,87.6,65.9,72.9,78.0,76.4,71.9,62.6,61.8,60.8,65.6,60.5,61.9,62.6,62.9,59.4,57.8,60.8,60.3,59.3,60.3,58.6,59.5,56.9,56.3,58.5,54.9,51.9,50.4,50.0,50.6,55.5,51.2,52.0,53.2,53.9,54.9,55.8,56.9,57.3
22:38:16.511,87.2,64.3,73.6,75.2,74.6,74.5,71.0,64.2,67.3,68.4,63.7,66.5,66.7,63.3,60.6,59.5,59.5,59.1,58.4,58.5,56.9,59.5,55.9,49.1,49.2,50.2,50.0,50.2,50.6,50.5,50.6,51.0,51.9,53.1,53.9,54.9,55.9,57.3,57.3
22:38:17.511,86.9,64.1,73.1,75.6,73.4,73.1,68.5,65.0,62.0,63.6,59.2,61.6,65.6,64.7,58.8,58.5,59.8,59.9,58.5,59.4,56.9,59.3,53.6,48.4,50.0,48.5,49.3,49.7,49.9,49.8,50.5,51.1,52.1,52.9,53.7,55.0,56.0,57.1,57.2
22:38:18.511,87.1,64.7,73.3,78.2,74.3,70.3,66.9,66.2,61.6,64.4,60.0,62.7,65.5,65.6,60.8,59.1,60.5,60.2,59.1,60.5,57.0,59.1,55.0,54.3,55.5,50.7,50.8,50.0,50.2,50.6,50.8,50.9,52.0,53.0,54.0,55.0,56.1,57.1,57.3
22:38:19.511,86.8,64.8,73.4,75.3,77.6,79.6,74.9,66.1,66.5,64.5,59.1,61.9,65.4,61.4,60.6,58.7,60.0,59.7,60.2,60.6,58.0,60.5,59.1,50.5,50.9,49.7,50.3,50.5,50.2,50.4,50.3,51.0,52.3,52.8,53.8,55.1,55.9,57.1,57.4
22:38:20.511,89.3,67.8,73.6,78.8,73.6,70.2,65.7,64.0,65.1,62.5,59.6,62.9,63.8,64.1,58.7,55.2,60.1,59.9,59.1,60.4,57.3,60.7,63.2,56.0,60.5,56.0,54.7,56.8,54.2,52.7,52.7,51.8,52.2,52.9,53.9,55.0,56.1,57.1,57.3
22:38:21.511,87.0,69.1,74.0,76.4,74.9,74.1,73.6,67.4,60.2,59.0,59.7,63.7,64.4,61.2,60.5,57.5,58.5,60.7,60.5,60.5,57.0,62.8,67.4,58.1,51.2,58.4,53.3,52.8,50.8,52.5,51.4,51.4,52.1,53.1,54.0,55.1,55.9,57.1,57.2
22:38:22.511,90.8,70.6,74.9,84.6,76.3,74.2,66.6,64.5,62.7,63.2,58.2,61.2,63.1,62.6,59.8,59.0,58.1,60.3,60.0,59.9,58.3,60.4,62.4,56.9,64.3,67.0,63.6,53.6,53.4,51.9,50.8,52.5,52.5,53.0,53.8,55.1,56.1,57.1,57.4
22:38:23.511,88.3,70.9,74.6,79.8,75.3,75.1,72.6,64.2,58.8,62.3,59.3,59.3,63.2,62.1,62.6,58.1,59.6,59.5,58.4,60.9,58.1,62.3,66.3,64.9,60.3,56.5,62.1,62.0,58.3,56.4,55.0,51.7,52.3,53.1,54.0,54.9,56.0,57.2,57.3
22:38:24.511,86.6,70.3,74.5,78.4,72.8,71.6,69.3,66.6,60.5,61.9,59.5,60.8,63.1,62.2,58.8,59.1,59.4,60.1,58.4,61.0,56.9,59.6,63.6,62.5,65.5,62.6,59.9,60.2,57.5,56.8,53.5,52.2,52.2,53.0,53.7,55.1,56.2,57.2,57.1
22:38:25.511,86.9,71.3,74.3,78.1,77.0,73.4,67.3,66.0,61.7,60.3,58.1,61.5,64.3,59.1,57.8,57.8,60.0,60.0,59.2,59.3,57.2,59.3,57.4,64.3,68.9,55.6,62.6,59.7,59.9,58.5,56.9,55.1,55.3,53.7,54.8,55.3,56.1,56.9,57.3
22:38:26.511,89.5,77.1,78.3,79.5,79.6,77.8,72.4,62.2,64.1,61.0,58.8,60.2,63.2,59.9,57.6,55.7,61.4,59.6,58.9,61.8,59.1,60.0,57.5,60.5,75.4,65.7,64.1,69.9,66.9,63.6,57.1,60.0,56.9,53.9,54.3,55.3,56.1,57.0,57.1
22:38:27.511,86.2,73.9,76.0,78.2,75.0,69.9,67.4,68.5,65.5,60.1,58.5,59.6,63.2,61.3,57.6,57.6,60.9,59.1,59.3,61.4,59.4,61.8,61.8,66.4,62.9,62.2,64.0,64.1,56.7,56.5,55.0,53.6,52.3,53.0,54.1,55.1,56.0,56.8,57.2
22:38:28.511,86.2,70.4,74.1,79.5,76.4,73.8,69.9,67.2,64.7,59.5,57.2,59.2,63.4,60.5,58.1,58.4,59.0,59.2,59.3,60.8,59.3,59.3,61.3,64.3,62.4,58.9,59.1,59.2,58.2,58.5,54.1,54.0,53.8,53.6,53.9,55.2,56.0,57.1,57.3
22:38:29.511,89.1,67.2,73.0,76.2,72.3,70.4,66.2,67.1,62.7,57.5,57.1,61.2,64.7,60.5,60.9,57.4,59.4,60.0,59.0,59.7,57.5,58.9,59.4,58.1,59.7,52.2,54.1,52.6,50.2,51.0,51.3,51.7,52.2,52.9,53.9,55.2,56.1,57.1,57.3
22:38:30.511,85.6,67.5,73.4,71.7,72.0,75.4,71.9,66.4,64.9,62.0,58.7,60.5,65.1,59.1,57.6,59.7,60.5,60.6,58.5,60.9,57.6,58.8,62.5,61.1,63.1,54.4,55.7,52.2,50.7,51.3,51.3,51.5,52.0,52.9,54.0,55.0,55.9,57.0,57.2
22:38:31.511,87.7,66.5,73.0,79.0,78.4,75.8,69.0,67.4,65.1,57.6,61.0,60.4,64.7,62.7,58.7,57.7,61.3,58.5,59.5,59.4,58.0,59.4,61.4,63.3,58.4,54.4,53.0,52.6,50.4,50.4,50.7,51.7,52.0,52.8,53.9,54.9,55.9,57.1,57.3
22:38:32.511,87.6,69.3,74.5,77.5,76.4,76.3,72.1,69.6,61.3,58.5,56.1,61.8,66.4,63.8,58.5,57.9,58.6,58.8,58.3,60.0,56.5,58.6,59.4,69.2,60.7,53.5,62.8,59.8,57.4,55.9,51.9,53.1,53.9,52.9,53.7,54.9,56.1,57.0,57.4
22:38:33.511,86.8,75.9,77.5,74.4,75.3,76.1,69.6,67.8,63.8,61.4,59.8,61.8,64.8,61.0,60.2,57.7,58.3,59.0,59.4,59.0,57.0,60.4,55.0,64.6,74.3,60.6,66.4,67.7,60.6,59.5,55.0,53.7,53.2,53.3,54.0,54.9,56.1,57.1,57.2
22:38:34.511,91.0,69.2,75.0,78.8,80.1,79.2,71.9,69.2,66.4,61.8,60.8,64.3,64.5,62.4,59.1,58.3,60.8,60.9,60.1,59.6,58.5,59.9,60.2,67.3,54.6,53.7,55.1,52.6,51.7,53.0,53.7,54.9,53.1,53.8,54.4,55.1,55.9,57.1,57.3
22:38:35.511,87.6,64.2,71.8,76.0,74.8,72.2,65.0,66.6,63.2,56.6,59.2,60.6,63.6,58.5,58.0,57.7,60.0,60.0,58.3,59.8,57.7,59.1,53.1,51.7,50.3,49.3,48.8,49.0,49.1,49.8,50.7,51.0,52.0,53.0,53.8,54.9,55.8,56.9,57.2
22:38:36.511,88.1,66.4,73.3,82.3,79.2,77.8,74.1,69.7,61.9,59.8,60.4,60.5,63.1,60.2,58.1,57.8,61.2,60.5,59.6,59.0,58.6,58.4,60.9,55.9,52.7,49.6,49.6,53.0,51.0,51.8,50.7,51.5,52.2,53.0,53.8,54.8,56.0,57.2,57.3
22:38:37.511,87.2,67.2,73.8,74.9,77.1,75.9,68.4,68.1,65.4,64.1,58.9,60.9,65.2,62.9,61.5,58.9,61.2,59.5,60.0,59.6,57.4,59.2,57.1,61.3,61.6,53.4,56.0,51.2,50.4,50.7,51.0,51.3,52.2,53.0,53.9,54.8,56.0,57.1,57.3
22:38:38.511,87.9,68.0,73.5,76.1,71.4,72.2,71.6,68.7,64.8,61.2,61.4,62.1,64.6,62.5,60.9,57.9,58.9,58.8,58.3,59.5,58.3,58.7,58.9,63.8,55.5,52.8,55.5,50.3,50.3,51.2,51.2,51.1,51.8,53.1,53.9,55.0,56.0,57.1,57.1
22:38:39.511,89.3,65.4,73.6,81.8,78.4,76.3,73.7,68.5,62.2,57.2,60.3,64.7,65.0,61.2,61.3,58.6,60.4,59.9,59.9,59.7,57.3,59.3,56.3,58.0,54.8,50.9,52.4,51.3,50.1,51.0,50.8,51.5,51.8,52.8,53.9,55.1,56.0,57.1,57.3
22:38:40.511,85.4,65.2,72.5,77.7,75.9,71.9,68.5,69.1,62.6,60.1,58.1,60.7,64.1,60.3,59.6,58.1,60.4,59.3,58.3,59.6,57.5,59.2,56.8,58.8,53.4,49.4,50.0,51.6,50.2,50.6,50.8,51.3,52.2,53.0,54.0,55.0,55.9,56.9,57.3
22:38:41.511,89.0,64.1,72.6,80.2,76.9,74.1,70.3,68.7,65.5,60.0,58.6,61.0,64.5,62.2,58.3,56.8,59.3,60.7,58.8,60.5,58.0,59.9,53.1,48.7,49.5,48.7,48.5,49.2,49.4,49.6,50.6,51.2,51.9,53.1,53.8,55.1,55.9,57.1,57.3
22:38:42.511,86.7,64.4,73.0,74.7,76.5,75.1,73.9,66.3,62.9,62.0,62.6,62.4,63.7,60.0,59.2,57.4,61.4,60.3,59.3,60.9,57.9,60.5,54.1,50.6,50.2,49.7,49.3,49.5,49.8,50.2,50.4,51.1,51.7,52.9,53.9,55.0,55.8,57.1,57.2
22:38:43.511,87.2,66.0,73.0,78.8,78.0,72.3,68.4,68.5,63.8,64.6,61.9,62.7,65.9,60.2,58.3,57.0,61.0,60.0,58.5,59.0,55.9,58.5,57.1,56.2,59.5,51.8,54.3,50.8,49.8,50.0,50.6,51.0,52.1,53.1,53.8,55.0,55.8,57.0,57.3
22:38:44.511,89.7,67.9,73.3,74.7,70.7,70.2,65.8,66.0,64.4,61.5,61.9,61.7,65.2,60.0,59.3,57.5,58.3,60.3,58.1,60.1,58.2,59.3,63.8,58.0,57.7,51.4,50.9,51.5,49.6,49.9,50.8,51.1,51.9,52.8,53.7,54.9,55.8,56.9,57.1
22:38:45.511,86.7,69.6,74.1,67.9,68.0,70.0,71.1,66.7,68.2,64.0,62.5,62.6,64.7,62.6,59.1,58.5,61.2,61.1,59.1,60.2,58.9,59.7,58.5,61.1,59.4,58.6,66.0,59.0,53.0,55.3,53.4,53.2,52.4,53.0,53.8,54.9,55.9,57.1,57.3
22:38:46.511,88.6,67.1,73.4,75.8,71.6,67.5,70.1,68.6,65.3,62.3,60.5,61.9,65.2,61.4,60.9,56.6,60.3,60.2,58.4,60.0,58.0,59.8,64.6,58.5,53.9,51.9,51.4,53.4,51.2,50.7,51.0,51.3,51.7,52.8,54.0,55.0,55.9,57.0,57.3
22:38:47.511,88.0,69.3,74.4,78.4,79.1,74.0,70.8,68.5,67.2,60.8,59.1,61.4,64.6,64.3,61.2,57.9,60.3,60.5,59.3,59.7,59.6,59.3,64.3,64.0,61.4,56.6,60.0,60.5,52.1,54.1,53.7,55.8,51.9,53.1,54.1,54.8,55.9,57.1,57.3
22:38:48.511,84.8,64.7,72.1,75.2,70.3,71.6,66.2,63.9,63.6,62.8,57.6,60.8,64.7,62.0,62.8,57.7,60.2,59.3,59.9,59.0,57.0,59.6,55.2,50.7,49.6,50.5,49.8,51.3,50.2,50.3,50.5,51.3,52.2,53.0,53.8,55.0,55.9,57.0,57.3
22:38:49.511,87.6,64.5,72.7,75.0,77.4,76.2,71.4,67.5,65.6,61.5,60.3,59.9,62.5,61.4,59.8,57.8,58.7,60.8,59.2,59.0,57.2,59.3,55.1,53.0,51.1,51.4,50.2,49.7,50.4,50.5,50.8,51.3,51.8,53.0,54.1,54.9,56.1,56.9,57.3
22:38:50.511,87.7,65.3,73.1,78.8,77.2,77.1,70.3,68.6,66.2,58.0,58.2,60.5,63.3,59.7,58.9,57.0,63.2,61.0,60.1,61.0,56.7,59.5,57.7,53.6,52.3,51.4,51.2,50.8,50.3,50.2,50.9,51.5,52.0,52.9,53.7,54.9,55.9,57.0,57.4
22:38:51.511,85.9,65.8,72.7,77.4,70.6,69.5,67.9,66.8,63.9,55.6,58.1,63.5,62.9,59.8,60.8,59.3,60.9,59.3,59.5,60.5,57.8,60.1,61.2,57.9,55.2,50.7,51.1,51.2,50.9,50.2,50.9,51.2,52.0,53.1,53.9,54.9,56.0,57.1,57.3
22:38:52.511,86.1,64.8,72.9,74.9,76.5,74.4,68.5,70.2,66.1,64.6,60.1,63.6,65.9,61.9,61.2,58.3,59.6,58.2,58.4,58.7,56.5,59.3,55.1,52.6,50.5,51.1,49.8,50.1,49.5,49.8,50.4,51.0,52.0,53.0,53.8,55.0,55.9,57.1,57.2
22:38:53.511,86.6,65.5,72.8,77.2,73.1,75.7,70.3,69.3,63.2,62.3,59.3,61.7,65.7,61.4,59.5,58.1,59.7,59.5,58.3,60.4,57.8,60.3,58.4,52.7,53.2,52.6,52.8,53.8,50.5,50.8,51.0,51.5,51.8,52.9,53.9,54.8,56.0,57.1,57.2
22:38:54.511,90.8,65.4,73.3,79.2,76.4,77.6,74.2,69.9,64.0,62.9,62.9,60.8,64.7,62.9,57.8,56.8,57.4,59.4,58.6,60.3,58.5,60.3,55.7,55.3,54.0,49.3,49.9,51.1,50.5,50.2,50.4,51.1,52.0,52.9,54.0,54.9,55.9,57.2,57.3
22:38:55.511,89.7,65.2,73.3,78.4,78.6,79.2,72.9,66.9,63.6,62.9,60.7,63.0,66.3,63.8,59.7,56.9,58.3,60.8,59.7,59.6,57.8,60.7,58.6,53.8,51.9,50.9,50.4,53.9,50.2,50.0,50.8,51.2,51.9,53.1,54.0,54.9,56.0,57.0,57.2
22:38:56.511,87.5,66.1,73.3,78.2,78.4,74.2,66.6,64.9,67.3,65.8,63.1,61.8,65.0,62.0,60.7,57.2,60.3,59.9,59.6,61.2,58.0,60.2,57.3,60.0,54.1,51.3,51.3,53.9,52.4,52.2,52.9,51.8,52.1,52.8,54.0,54.9,55.9,57.1,57.1
22:38:57.511,88.8,65.8,73.0,74.2,71.6,69.6,69.8,69.9,62.7,60.0,59.3,60.2,64.0,61.7,58.9,57.8,60.0,59.8,58.2,60.7,57.0,59.3,54.3,54.8,60.0,50.2,51.5,52.0,50.0,50.7,50.8,51.2,51.9,53.0,54.1,55.0,55.9,57.0,57.4
22:38:58.511,84.7,66.1,73.0,76.5,70.9,69.6,68.5,66.5,62.6,62.8,58.7,60.7,63.7,59.6,58.9,56.1,59.9,60.9,59.4,60.8,57.9,59.9,58.3,58.7,57.5,56.0,54.1,53.9,50.6,50.6,51.0,51.3,52.1,52.9,53.9,54.9,55.9,57.1,57.2
22:38:59.511,87.2,65.1,73.1,77.1,78.1,75.7,70.2,70.0,68.7,61.9,60.4,62.5,64.5,61.1,60.7,58.6,59.7,58.5,58.8,61.5,59.4,61.6,54.0,52.2,53.8,51.3,52.7,50.3,49.7,49.8,50.4,51.2,51.8,53.0,53.7,54.8,55.8,57.0,57.3
22:39:00.511,88.7,65.2,72.7,77.7,77.5,71.7,70.2,68.6,59.4,57.1,59.6,62.0,64.9,58.1,55.8,57.5,59.8,58.5,59.5,60.4,58.2,60.5,55.4,56.2,53.2,49.7,50.9,52.6,51.8,50.8,51.0,51.9,51.9,52.8,53.7,54.8,55.8,56.9,57.3
22:39:01.511,90.4,65.2,72.6,79.5,75.8,72.0,66.8,62.4,67.9,64.6,62.3,60.9,63.2,61.7,61.7,58.8,58.5,59.8,59.0,60.7,58.2,61.4,54.1,52.2,51.7,49.8,49.6,51.7,50.3,50.3,50.6,51.2,51.9,53.1,54.1,55.1,55.9,57.1,57.4
22:39:02.511,87.4,65.4,73.1,73.4,77.3,76.7,70.5,66.5,64.9,65.8,63.6,63.8,66.4,61.6,59.1,57.4,60.9,60.3,58.9,61.2,58.4,60.6,57.1,57.9,55.1,50.4,51.0,53.2,50.8,50.5,51.0,51.8,52.3,53.1,53.9,55.0,55.9,57.0,57.3
22:39:03.511,89.3,66.4,74.2,77.3,76.7,77.1,71.3,68.0,67.7,64.5,62.8,63.7,67.1,65.4,62.1,56.6,60.2,59.5,58.7,60.6,57.4,60.9,61.1,58.3,53.4,51.5,52.9,55.5,53.8,52.7,51.6,52.0,51.8,52.9,54.1,55.0,55.9,57.0,57.4
22:39:04.511,90.3,66.3,73.8,75.4,74.1,72.8,66.6,67.3,65.1,61.7,58.2,64.5,68.1,62.0,63.1,58.3,60.1,60.6,60.4,59.6,57.3,63.6,58.2,60.3,56.9,52.9,51.4,51.7,52.6,52.3,51.2,51.4,52.2,52.9,54.1,54.8,56.1,56.9,57.3
22:39:05.511,87.5,66.2,73.2,74.4,73.5,74.9,70.5,66.5,65.9,63.0,62.5,62.7,66.1,61.0,58.5,55.0,59.4,57.9,58.4,60.4,57.8,60.0,58.3,55.4,54.5,52.7,50.5,50.7,50.0,49.8,50.5,51.3,52.1,52.9,54.0,54.8,56.1,57.2,57.2
22:39:06.511,83.3,66.4,72.9,71.8,69.6,67.5,69.0,65.0,62.8,63.6,59.8,61.9,64.2,61.7,61.1,57.0,59.5,60.3,58.5,60.5,57.9,61.2,56.7,59.2,58.9,53.3,52.4,53.2,50.6,50.6,51.3,51.5,51.9,52.8,53.7,54.9,56.0,57.2,57.2
22:39:07.511,86.3,65.4,72.6,76.7,74.6,70.7,71.8,70.3,66.7,62.4,60.4,62.1,64.4,60.0,59.8,59.0,59.2,61.2,59.2,59.7,56.1,59.3,58.6,53.8,53.6,53.1,52.1,53.7,53.3,50.2,51.0,51.1,51.9,52.9,53.8,54.8,56.0,57.1,57.3
22:39:08.511,87.7,64.2,72.1,72.0,70.6,66.2,71.0,68.9,62.9,61.5,58.8,60.7,63.2,60.9,59.1,58.1,59.7,58.4,57.7,58.9,57.0,60.0,53.2,49.9,50.0,49.6,49.0,49.8,50.6,49.7,50.3,51.2,52.0,52.9,54.0,54.9,55.9,57.1,57.4
22:39:09.511,85.2,64.3,72.4,75.3,72.3,73.2,70.0,67.7,68.4,58.5,61.5,63.6,66.0,61.9,58.3,58.5,60.3,58.7,57.2,59.4,57.4,59.2,52.9,50.8,49.9,48.7,49.3,49.7,49.5,49.9,50.2,51.3,51.8,52.9,53.8,54.9,56.0,57.0,57.2
22:39:10.511,90.0,64.6,73.0,70.1,68.4,73.0,72.1,68.0,67.5,66.2,63.8,62.8,65.0,61.8,61.0,58.6,59.2,59.6,60.0,61.1,59.7,59.6,55.6,51.0,49.9,49.6,49.2,49.7,49.9,50.4,50.5,51.3,51.9,52.7,53.8,54.9,56.1,56.9,57.3
22:39:11.511,89.6,65.0,72.8,77.2,75.8,72.5,72.3,64.7,68.7,64.8,60.8,62.0,65.0,59.2,60.0,57.9,59.2,61.0,59.3,60.1,58.5,60.4,55.5,53.6,52.7,51.5,52.5,52.9,50.5,50.1,51.0,51.5,52.0,52.8,53.9,54.9,55.9,57.0,57.4
22:39:12.511,89.2,64.8,72.6,74.3,70.5,72.0,71.5,69.3,65.5,65.4,61.7,62.7,63.6,59.9,59.4,57.5,58.2,58.9,59.9,60.2,57.3,59.6,55.8,52.6,54.1,52.1,49.4,52.1,50.9,49.9,50.5,50.8,51.6,52.9,54.1,54.9,55.8,57.1,57.4
22:39:13.511,87.6,66.7,73.6,74.5,67.9,70.2,72.2,69.5,66.9,64.1,65.9,65.5,65.0,59.2,59.7,58.6,61.5,59.5,60.1,60.1,57.7,59.4,54.3,60.1,57.0,54.9,57.5,55.1,51.3,50.3,52.1,51.7,52.1,52.9,53.9,55.0,56.0,57.2,57.3
22:39:14.511,89.4,67.2,73.4,78.0,76.3,74.6,70.0,69.4,65.4,64.4,61.8,63.1,66.0,63.4,60.4,59.0,61.3,62.3,59.7,62.4,58.3,59.5,57.5,50.7,52.6,51.0,51.0,50.7,53.4,51.4,52.2,51.7,51.8,52.8,53.9,54.9,56.0,57.1,57.3
22:39:15.511,87.9,68.4,73.9,75.8,72.3,71.6,64.5,65.3,65.5,60.6,59.5,61.7,64.8,60.8,62.7,57.3,61.5,61.6,59.7,60.3,57.6,60.7,53.8,57.4,63.2,63.4,56.5,60.7,54.8,51.5,54.3,53.2,52.1,52.9,54.3,54.9,56.0,57.2,57.3
22:39:16.511,88.0,65.2,72.5,73.0,66.9,65.5,65.7,64.0,61.2,61.3,61.0,61.8,64.0,60.1,59.5,56.7,59.3,60.0,58.7,60.2,56.5,60.5,52.8,50.9,52.8,55.2,54.2,50.6,53.8,51.9,50.9,51.4,52.1,52.6,53.9,54.8,56.0,57.2,57.4
22:39:17.511,87.1,65.7,72.1,76.0,73.5,71.5,70.6,67.1,64.4,60.0,61.1,60.7,63.8,60.8,59.6,55.9,59.6,59.2,59.0,59.9,57.0,59.8,56.2,52.2,53.6,57.1,53.8,56.9,54.1,53.1,51.7,51.8,52.1,53.0,53.7,54.9,55.9,57.2,57.3
22:39:18.511,85.4,64.2,72.0,74.8,74.1,70.6,66.8,65.0,63.3,62.9,57.8,62.3,65.2,61.1,61.7,58.0,60.4,60.2,59.4,60.1,58.0,59.4,53.2,52.3,50.5,49.1,48.9,50.3,50.1,49.5,50.3,51.0,52.0,52.9,54.0,54.8,55.8,56.9,57.4
22:39:19.511,86.5,64.7,72.4,77.6,72.0,64.5,66.9,68.0,63.0,58.0,59.6,63.2,65.7,62.1,60.8,57.6,58.8,59.0,60.4,62.6,57.6,60.8,53.6,50.0,50.8,51.4,51.2,50.7,49.6,50.1,51.0,51.2,52.0,53.1,53.9,55.1,56.0,56.9,57.1
22:39:20.511,85.4,64.9,72.8,76.4,73.0,67.8,65.5,69.2,66.7,60.9,59.8,62.9,64.9,58.8,58.9,58.9,59.8,60.4,60.3,60.5,58.3,61.3,56.1,53.2,52.8,52.1,50.0,51.1,50.2,50.1,51.0,50.9,51.9,53.0,54.1,55.1,55.8,57.0,57.2
22:39:21.511,88.1,65.5,72.1,74.0,71.9,64.6,66.3,65.1,63.3,56.9,60.4,62.3,64.8,58.1,59.9,57.4,59.4,59.5,58.2,59.5,58.3,59.9,54.8,51.7,52.5,50.5,50.1,50.0,50.5,51.3,52.1,51.3,51.8,52.9,54.0,55.0,55.8,57.2,57.3
22:39:22.511,84.4,67.5,72.4,73.4,73.3,69.1,64.3,60.6,61.4,59.4,57.2,60.7,63.4,58.5,59.7,57.7,59.5,59.4,60.6,60.7,58.5,61.9,57.5,59.3,56.0,51.8,52.1,53.0,53.4,52.5,52.6,51.5,51.9,52.9,53.9,55.0,55.8,57.0,57.4
22:39:23.511,83.3,64.5,72.1,72.8,68.9,71.7,72.6,65.8,64.2,60.9,59.1,61.3,64.3,61.0,59.3,58.3,59.5,58.3,59.7,61.9,57.6,59.6,55.5,53.5,52.2,50.7,49.8,50.1,50.1,50.2,50.7,51.2,51.9,52.8,53.9,54.8,55.9,57.2,57.2
22:39:24.511,86.0,67.9,72.9,71.7,72.3,70.4,67.3,63.5,59.9,58.4,56.2,61.2,63.4,56.0,57.7,58.2,59.2,60.1,59.9,60.1,58.6,67.8,61.8,61.0,53.4,54.7,54.0,55.8,56.1,56.1,54.7,53.3,52.3,52.9,53.9,54.9,55.8,57.0,57.2
22:39:25.511,87.9,64.5,72.5,79.7,78.2,71.1,68.8,68.5,66.4,60.9,58.2,62.9,65.4,60.3,60.7,58.8,59.9,59.4,59.2,60.5,56.7,59.2,54.6,53.1,50.8,49.6,49.5,49.8,49.7,49.6,50.4,51.2,52.1,52.9,53.9,55.1,55.9,57.0,57.4
22:39:26.511,87.8,65.6,72.0,75.5,70.1,66.4,65.5,66.8,64.6,57.6,58.6,62.0,64.5,60.0,59.0,56.6,58.8,58.8,59.6,59.4,56.8,60.4,55.1,51.4,51.3,54.1,56.8,57.4,51.9,51.0,53.3,52.1,51.8,52.9,54.1,54.9,55.9,56.9,57.2
22:39:27.511,85.9,65.1,72.2,70.8,74.5,72.7,69.5,64.3,63.2,60.1,59.1,61.9,64.1,60.8,59.9,57.3,59.2,60.2,59.4,60.2,56.8,60.7,57.8,51.8,50.6,50.1,49.9,49.5,50.1,50.2,50.4,51.2,52.3,53.2,53.9,55.1,56.1,57.0,57.3
22:39:28.511,88.7,65.1,71.9,70.7,70.1,65.6,63.2,66.2,63.3,60.1,58.0,61.3,64.1,61.0,59.4,56.9,59.6,59.3,58.8,59.7,58.0,60.9,55.0,53.5,51.4,51.2,53.0,52.7,50.0,51.5,51.0,51.5,52.0,52.8,53.9,54.9,55.9,57.0,57.3
22:39:29.511,85.8,65.2,71.9,73.1,69.4,68.4,67.4,65.3,60.4,57.3,57.1,61.8,64.5,59.7,57.8,57.4,58.9,60.1,59.0,60.9,58.4,59.9,56.2,54.5,53.2,50.7,50.1,51.3,51.5,52.4,50.8,51.3,51.9,52.9,54.0,55.0,56.0,57.1,57.4
22:39:30.511,87.2,65.5,72.4,75.4,71.9,67.7,68.2,65.9,64.9,60.6,60.9,62.6,66.2,60.9,58.6,59.5,60.0,59.5,60.2,61.1,58.7,59.6,55.6,52.3,51.4,53.5,52.5,50.6,50.7,52.4,51.8,52.3,52.3,53.1,54.0,54.9,55.9,57.1,57.4
22:39:31.511,88.6,65.2,71.8,73.3,68.5,67.7,65.1,65.1,58.4,55.9,57.1,62.0,65.1,58.9,58.5,58.2,60.8,59.7,59.2,60.7,57.7,59.5,60.1,53.8,51.4,52.3,53.1,54.1,52.3,51.0,51.3,51.6,52.1,52.7,53.7,55.0,56.1,57.2,57.3
22:39:32.511,86.7,64.1,71.5,71.8,69.2,61.2,63.2,60.2,62.0,60.4,59.5,63.2,64.5,60.3,58.1,57.9,59.1,59.4,59.4,59.8,57.8,60.2,52.8,49.0,49.5,49.2,49.1,49.3,49.6,50.0,50.3,51.2,51.9,52.9,54.0,54.9,56.0,56.8,57.1
22:39:33.511,84.9,66.1,72.4,74.2,75.3,71.7,64.2,60.7,63.7,57.8,55.9,62.3,64.9,58.2,59.2,57.3,59.0,60.4,60.1,60.3,58.3,61.7,53.2,52.2,51.6,50.5,49.8,49.7,50.0,50.0,50.4,51.2,52.1,53.0,53.9,55.0,56.0,57.0,57.2
22:39:34.511,85.6,66.2,72.4,68.0,70.9,72.6,68.1,63.0,62.8,61.4,58.6,62.8,63.0,57.8,58.9,58.6,58.3,60.1,58.8,59.4,57.4,60.5,55.8,62.3,60.5,55.9,50.5,50.1,49.7,50.1,50.9,51.3,52.2,53.2,54.1,54.8,55.9,56.9,57.3
22:39:35.511,82.0,65.9,72.2,70.7,70.8,74.1,70.9,65.7,60.6,57.9,57.3,62.1,63.9,60.3,59.0,57.6,58.0,58.6,59.1,61.2,58.8,61.8,56.8,55.5,54.5,55.8,53.9,54.1,50.5,51.3,51.3,51.8,52.1,53.1,53.9,55.0,56.0,57.1,57.4
22:39:36.511,85.2,65.9,72.2,77.1,76.3,69.2,66.3,61.9,59.4,59.0,59.2,62.9,64.7,57.4,59.3,57.7,58.5,61.0,59.9,60.9,57.0,60.7,55.7,53.4,53.7,49.5,50.7,49.9,50.0,50.3,50.8,51.6,52.0,52.9,54.0,55.0,55.9,57.1,57.4
22:39:37.511,89.3,64.9,71.2,70.0,65.6,66.4,64.9,65.8,58.0,57.3,57.5,60.7,63.1,54.8,58.7,58.0,56.9,59.9,59.9,59.2,58.1,60.5,55.0,50.7,52.7,48.8,49.9,52.8,51.5,51.3,53.3,51.2,52.2,52.7,54.0,55.0,55.9,57.1,57.4
22:39:38.511,86.5,66.5,71.8,68.7,66.0,65.3,64.3,64.4,61.2,55.7,59.3,61.4,64.1,58.0,57.7,56.5,59.4,59.5,59.3,58.0,56.5,60.7,56.0,63.1,61.7,53.6,52.3,51.6,50.5,51.5,50.8,51.3,52.2,53.1,53.9,54.9,56.0,57.1,57.1
22:39:39.511,85.2,64.5,71.7,73.2,73.2,73.2,68.0,63.3,59.7,55.9,57.1,61.8,64.5,58.8,59.0,57.5,60.2,59.9,59.8,60.4,56.5,60.4,54.4,53.9,52.3,49.3,50.3,50.5,50.4,50.3,50.7,51.1,51.7,52.8,53.9,54.7,56.1,57.2,57.2
22:39:40.511,84.9,64.3,71.2,74.0,72.3,69.8,63.9,64.2,62.8,56.2,59.5,61.2,63.6,55.9,58.1,58.1,57.7,58.2,60.1,59.6,57.6,60.6,55.6,48.8,50.0,49.6,49.3,49.7,50.0,50.0,50.6,51.0,51.8,52.8,53.6,54.9,56.0,57.2,57.3
22:39:41.511,81.0,64.3,71.6,76.4,74.9,69.1,69.3,67.1,63.2,60.2,59.1,61.2,64.0,61.1,58.7,58.1,58.3,58.7,59.9,60.1,57.9,60.3,52.8,49.8,50.9,50.4,50.7,49.8,49.4,49.9,50.6,51.0,51.9,53.0,54.1,55.0,56.1,57.1,57.3
22:39:42.511,83.2,64.3,71.5,68.3,67.2,69.7,69.3,65.6,59.8,58.8,60.0,60.5,62.1,58.8,59.9,58.3,60.0,58.5,58.2,60.1,58.2,60.1,55.1,51.8,50.4,49.5,49.1,51.0,49.7,50.1,50.4,50.9,52.1,52.8,53.8,54.8,56.0,57.0,57.2
22:39:43.511,86.0,64.4,71.2,69.6,66.6,62.5,62.7,60.5,57.1,54.9,57.6,60.9,62.5,56.7,57.4,57.4,58.1,58.2,59.3,59.6,58.1,59.3,55.4,51.4,50.8,49.3,49.1,50.5,50.0,49.7,50.5,51.5,52.1,53.2,54.1,54.8,56.1,57.1,57.3
22:39:44.511,79.6,66.1,71.6,65.7,65.2,63.2,61.4,60.6,57.2,54.2,58.2,60.7,63.5,57.5,60.5,57.8,60.5,59.4,59.9,59.7,56.9,62.4,57.0,58.5,54.7,53.1,54.0,51.1,52.4,52.4,51.8,52.4,52.1,53.0,53.9,54.9,55.9,57.1,57.3
22:39:45.511,82.1,66.9,72.2,72.9,66.8,62.8,64.6,62.7,60.7,58.8,57.9,61.5,64.5,59.1,59.5,57.5,58.7,58.9,58.4,61.0,58.5,59.8,58.7,59.0,60.0,53.6,52.6,52.7,52.2,51.0,54.7,52.3,52.0,53.2,53.9,55.0,56.0,57.1,57.2
22:39:46.511,85.2,65.2,71.4,70.3,72.3,69.1,63.6,62.3,57.9,58.7,56.8,61.2,64.1,57.6,59.9,58.7,58.5,60.3,59.0,60.6,59.5,61.0,54.7,55.7,54.3,49.6,50.3,51.7,52.0,50.5,50.8,51.4,52.0,52.7,53.9,54.9,55.8,57.1,57.3
22:39:47.511,83.7,65.5,71.5,69.4,70.5,70.2,66.3,62.6,58.2,54.7,56.5,60.7,63.2,56.8,58.6,57.6,59.6,60.1,58.7,59.3,58.7,59.4,58.2,59.0,56.7,51.8,50.9,51.3,52.9,50.8,50.5,51.2,51.9,53.0,54.0,54.9,56.0,57.1,57.4
22:39:48.511,82.9,65.9,71.5,69.1,68.1,62.7,63.5,65.4,58.2,53.6,57.9,60.8,62.8,57.6,58.2,58.4,59.5,60.9,59.3,60.5,58.2,60.1,55.7,55.0,58.9,53.3,52.0,54.6,51.9,51.3,50.9,51.6,52.1,52.9,53.9,54.9,55.9,56.9,57.2
22:39:49.511,86.0,65.0,72.0,72.5,73.9,70.5,66.6,63.9,62.6,58.0,58.5,62.5,64.2,59.9,61.3,57.5,58.3,59.2,58.0,60.2,57.8,60.2,56.3,53.2,53.7,55.4,50.6,51.3,50.8,50.5,50.4,51.3,51.9,52.8,53.9,55.0,55.9,56.9,57.3
22:39:50.511,81.1,65.5,71.1,66.9,63.3,57.9,62.3,63.3,56.8,56.3,56.4,61.0,63.8,56.6,57.7,58.4,59.7,59.8,58.2,60.6,57.9,58.5,54.1,49.6,50.1,50.7,49.9,56.1,50.4,50.1,51.0,51.2,51.6,52.9,53.9,55.0,56.0,57.0,57.3
22:39:51.511,80.2,64.8,71.1,67.9,70.6,66.1,61.0,61.2,54.8,54.0,57.2,61.8,64.1,59.6,58.2,57.1,59.0,59.8,58.2,60.0,59.0,60.4,55.7,49.0,50.7,50.2,49.3,50.7,50.6,50.4,50.5,51.1,52.2,53.0,53.9,55.0,56.1,57.1,57.3
22:39:52.511,82.3,64.8,71.5,71.0,66.5,60.9,60.2,60.2,62.1,58.5,58.5,60.7,63.2,60.3,57.4,57.1,59.0,59.1,60.0,59.9,58.2,60.8,58.0,53.2,52.7,49.6,50.1,51.0,49.8,49.7,50.3,51.0,52.1,53.0,54.1,55.1,56.0,57.1,57.3
22:39:53.511,84.2,64.2,70.8,75.1,72.1,67.3,65.6,62.1,56.4,54.8,60.4,60.9,63.5,58.9,57.7,57.6,57.9,59.2,60.0,59.8,56.3,58.5,53.1,49.8,50.0,49.2,49.4,50.2,49.9,49.8,50.7,51.1,51.9,52.8,54.0,54.8,55.9,57.0,57.3
22:39:54.511,82.5,65.4,71.3,71.8,73.2,66.3,58.0,53.5,57.3,56.0,57.3,61.6,63.0,55.3,58.0,57.7,57.6,60.3,59.1,62.0,58.0,59.8,59.6,55.3,51.5,49.5,50.6,52.8,52.5,51.0,50.9,51.2,51.7,53.0,53.9,55.1,55.9,57.0,57.3
22:39:55.511,82.6,66.1,71.6,68.6,69.2,67.6,64.8,58.7,61.8,55.8,57.1,61.5,64.2,56.7,58.7,56.8,59.6,60.0,58.9,60.8,56.9,60.2,63.6,53.5,50.9,50.4,50.5,56.5,51.9,50.3,50.6,51.0,51.8,52.9,53.9,54.9,56.1,57.0,57.2
22:39:56.511,80.5,67.4,71.9,64.5,63.3,63.4,59.9,56.2,59.3,55.4,56.8,61.4,63.8,56.2,58.0,58.5,56.8,58.9,59.9,60.4,57.4,60.2,57.9,55.2,57.0,54.9,57.2,58.5,55.0,54.0,54.4,53.8,51.9,53.1,53.8,54.9,55.9,57.3,57.3
22:39:57.511,80.7,64.6,71.0,67.1,65.3,66.5,66.1,63.5,58.1,57.5,57.2,60.7,62.8,58.6,59.8,58.0,58.7,59.3,58.9,59.0,57.5,59.6,53.2,51.6,52.7,50.7,49.9,49.9,49.8,49.6,50.4,51.2,51.9,52.9,54.0,54.8,56.0,56.9,57.2
22:39:58.511,81.3,64.9,71.0,62.3,66.3,65.3,63.4,60.5,59.7,57.5,58.3,61.1,62.5,56.7,56.9,57.2,57.6,59.7,57.5,59.9,59.1,60.0,55.9,52.2,51.3,50.5,50.1,49.4,50.4,50.2,50.6,51.1,52.2,52.9,54.0,55.0,56.1,57.1,57.3
22:39:59.511,77.6,65.0,71.1,67.3,64.1,65.2,62.1,58.7,59.2,55.6,56.6,60.7,62.2,56.6,57.6,58.3,60.2,59.8,59.5,60.4,57.0,61.4,54.6,55.0,56.0,52.1,50.7,50.5,49.9,50.1,50.2,50.9,52.1,52.9,54.0,54.9,56.0,57.1,57.3
22:40:00.511,81.5,64.4,71.3,67.6,67.6,68.9,67.9,64.5,57.5,59.4,60.7,61.7,63.8,59.8,60.4,58.1,59.4,59.1,58.3,60.4,58.7,60.2,53.9,51.6,51.0,49.6,49.5,50.1,50.3,50.1,50.7,51.4,52.0,52.9,53.8,55.0,55.9,57.1,57.3
22:40:01.511,83.8,64.5,71.3,70.4,68.3,68.7,65.5,61.1,57.7,52.5,57.2,61.2,63.1,57.1,57.2,57.2,57.7,59.9,59.7,61.6,58.9,60.5,54.2,50.4,50.7,48.8,49.4,49.7,50.0,50.0,50.7,50.8,51.9,52.7,54.0,55.0,55.8,57.1,57.3
22:40:02.511,87.1,64.3,71.3,70.6,68.9,69.9,66.6,65.5,55.9,56.4,58.8,61.8,64.9,58.4,57.3,56.2,59.8,60.5,58.6,59.5,56.8,60.9,56.3,51.3,51.0,49.2,49.1,50.8,49.7,50.0,50.3,50.8,51.8,52.8,53.8,54.9,56.2,57.1,57.3
22:40:03.511,86.3,64.3,71.2,74.8,73.0,66.5,63.8,63.2,60.7,58.8,60.8,60.7,64.0,59.8,57.9,57.7,57.9,57.9,58.9,60.4,56.3,60.2,54.3,49.0,49.5,48.5,49.3,49.3,49.6,49.8,50.7,51.1,51.8,53.3,53.9,54.7,55.9,57.2,57.3
22:40:04.511,80.5,64.6,71.2,72.3,67.4,64.5,63.1,60.8,60.6,56.1,59.5,61.3,63.8,59.9,59.0,58.5,56.9,58.3,58.2,59.9,56.5,60.2,55.6,52.4,53.0,51.4,49.5,50.2,49.9,49.9,50.5,50.8,52.0,52.8,53.7,55.0,56.0,57.1,57.2
22:40:05.511,79.7,64.4,71.5,72.3,68.6,67.1,64.7,65.8,61.9,56.6,60.1,60.3,64.1,58.8,59.4,57.2,61.5,59.4,58.9,60.8,58.1,60.2,53.9,49.3,50.2,49.4,49.2,49.6,49.8,50.0,50.7,51.2,52.0,53.1,54.0,54.7,56.0,57.1,57.1
22:40:06.511,80.7,64.4,71.1,71.0,72.2,67.0,64.7,63.5,58.4,58.4,58.9,60.6,63.9,58.3,57.2,58.1,58.0,59.2,60.1,60.0,57.0,60.4,54.8,50.2,49.0,49.5,49.5,49.4,50.3,50.3,50.7,51.0,52.0,53.0,53.8,55.0,55.9,57.1,57.2
22:40:07.511,79.2,64.2,71.1,69.1,67.7,66.2,63.1,60.3,59.5,56.8,59.2,61.7,64.8,59.9,59.6,57.7,59.0,58.6,58.0,60.3,57.2,58.9,53.2,49.8,50.6,49.6,49.2,50.1,50.8,50.3,50.4,51.1,51.9,53.1,53.8,55.1,55.9,57.0,57.2
22:40:08.511,82.5,65.1,71.3,65.6,63.0,57.8,60.0,63.4,61.7,58.7,59.9,61.6,63.4,59.6,56.0,55.4,58.2,59.4,58.4,60.0,57.9,60.4,57.7,57.1,53.3,52.5,50.1,53.2,51.1,50.3,50.4,51.0,51.7,52.8,53.8,55.0,56.1,57.0,57.3
22:40:09.511,85.3,64.8,71.5,69.9,67.1,66.9,64.2,65.4,60.0,58.7,58.9,62.3,64.0,56.3,57.5,55.0,59.0,59.9,59.6,61.7,58.0,59.8,59.0,54.5,52.2,50.9,50.2,50.7,50.5,49.9,50.6,51.4,51.9,52.8,53.9,54.7,56.1,57.2,57.2
