AMBIENT,NaN,41.9,NaN,42.4,42.9,41.6,46.5,41.3,45.2,45.8,52.7,46.4,46.6,48.8,51.4,35.5,35.3,40.8,40.3,39.3,38.2,37.0,36.1,35.5,34.4,32.3,30.4,30.4,31.0,31.7,32.1,32.9,33.8,34.8,35.9,37.1,38.1,39.5,40.8
22:35:03.000,NaN,43.0,NaN,44.9,38.5,38.5,44.6,43.1,45.5,42.6,53.6,47.1,45.7,48.1,55.9,35.9,34.6,40.7,40.1,38.3,38.5,37.7,37.9,37.1,35.5,33.2,31.5,30.7,30.7,31.5,32.0,32.7,33.8,34.9,35.9,37.0,38.0,39.4,40.9
22:35:04.000,NaN,42.3,NaN,43.3,43.7,39.3,43.6,42.2,41.1,44.9,51.8,47.3,49.0,47.0,53.8,37.1,34.3,40.1,39.8,38.8,37.9,36.9,36.7,36.6,34.7,32.3,31.1,30.9,31.4,31.7,31.7,32.7,33.7,34.8,35.9,37.0,37.9,39.4,40.8
22:35:05.000,NaN,43.0,NaN,43.7,40.0,41.0,47.0,39.9,43.9,45.3,53.6,44.8,48.4,50.2,54.5,38.4,37.2,41.2,41.7,39.4,38.5,38.1,36.9,36.4,34.5,33.2,31.8,30.8,31.1,31.6,31.8,32.7,33.6,34.8,35.8,37.1,38.1,39.4,40.8
22:35:06.000,NaN,43.0,NaN,38.3,38.3,39.9,45.7,38.2,46.5,45.2,53.8,44.2,49.7,45.3,54.4,37.0,35.3,41.0,40.1,38.3,39.6,38.9,37.1,37.5,36.1,33.4,32.2,31.2,31.4,31.2,31.5,32.7,33.8,34.7,35.8,37.0,38.1,39.4,40.8
22:35:07.000,NaN,43.2,NaN,40.3,42.8,32.5,43.2,39.8,45.9,47.0,51.3,45.8,47.3,50.2,46.2,36.1,35.3,42.4,42.0,40.6,39.9,38.1,37.9,36.7,35.7,33.1,31.5,31.0,31.1,31.3,32.0,32.7,33.8,34.6,35.9,37.0,38.0,39.4,40.8
22:35:08.000,NaN,42.8,NaN,33.7,42.7,38.7,46.6,40.0,44.5,46.4,54.1,46.7,45.9,48.7,46.0,36.0,33.7,41.5,41.3,39.6,39.5,39.3,37.3,36.5,35.7,33.2,30.5,30.8,31.0,31.7,32.1,32.8,34.0,34.7,36.0,37.0,38.0,39.4,40.6
22:35:09.000,NaN,42.8,NaN,43.3,38.2,41.6,45.9,42.6,46.9,48.5,50.7,48.0,46.4,44.6,40.0,34.6,35.6,40.9,41.0,40.3,38.4,37.7,37.3,36.8,35.8,33.4,31.1,30.7,31.3,31.4,31.6,32.6,33.6,34.7,35.9,37.0,38.0,39.4,40.8
22:35:10.000,NaN,42.5,NaN,35.4,33.5,35.8,45.7,41.4,41.7,44.6,49.3,44.4,43.8,48.9,44.0,37.0,33.3,40.8,41.2,39.4,38.4,38.8,36.9,36.4,35.9,33.6,30.7,30.7,30.5,31.5,31.9,32.7,33.7,34.6,36.1,36.9,38.1,39.3,40.8
22:35:11.000,NaN,42.5,NaN,38.8,36.9,45.8,46.6,42.5,44.1,45.9,53.2,46.2,47.2,47.0,42.7,36.4,33.9,38.6,40.5,39.5,38.0,37.3,36.3,36.2,36.0,33.0,31.0,31.2,31.0,31.2,31.7,32.7,33.9,34.8,35.7,36.9,37.9,39.4,40.7
22:35:12.000,NaN,44.1,NaN,38.6,42.7,33.3,41.1,39.8,44.2,44.1,53.2,47.2,45.3,47.7,53.2,35.8,34.5,41.5,39.7,39.3,37.6,36.9,36.2,36.9,39.0,36.3,32.6,31.4,31.1,31.9,32.1,32.7,33.9,34.5,36.0,37.0,38.1,39.3,40.8
22:35:13.000,NaN,43.3,NaN,42.4,40.5,35.0,48.2,39.5,47.1,48.2,52.3,46.5,46.2,47.5,54.2,35.7,34.2,41.3,41.5,40.9,37.2,37.2,36.4,35.5,37.1,34.7,32.5,31.1,30.8,31.9,31.8,32.3,33.8,34.6,35.7,37.1,38.1,39.3,40.7
22:35:14.000,NaN,43.7,NaN,40.9,36.5,45.5,44.8,41.2,46.7,46.2,53.2,44.9,48.0,47.3,51.1,34.7,34.9,42.0,40.1,39.9,37.7,37.5,36.8,36.9,37.4,35.6,33.7,32.3,31.2,32.1,32.5,32.6,33.4,34.6,36.1,37.0,38.0,39.4,40.6
22:35:15.000,NaN,43.5,NaN,36.0,38.6,40.1,45.7,40.5,48.6,45.2,49.8,45.8,47.1,49.2,50.7,34.8,35.2,40.7,40.9,40.8,39.1,37.7,37.4,37.4,37.0,35.0,31.8,30.9,30.8,31.9,31.9,32.9,33.9,34.7,35.9,37.0,38.0,39.3,40.7
22:35:16.000,NaN,42.8,NaN,38.8,38.2,43.1,46.2,42.1,43.7,47.8,50.7,47.7,43.6,48.5,50.0,38.2,32.8,40.1,41.8,40.6,38.8,36.8,37.3,36.0,34.9,34.0,32.1,31.2,31.3,32.0,31.8,32.7,33.8,34.6,35.8,37.2,38.0,39.3,40.8
22:35:17.000,NaN,43.1,NaN,38.4,39.4,39.0,45.4,40.4,47.5,41.1,49.1,42.8,44.4,48.9,52.6,37.8,37.0,41.0,41.8,41.0,39.2,38.7,37.3,36.0,35.6,34.1,31.4,30.7,31.0,31.2,32.0,32.8,33.7,34.6,35.7,37.1,38.1,39.5,40.8
22:35:18.000,NaN,43.3,NaN,46.0,42.7,43.0,45.1,40.8,43.5,44.3,52.7,45.9,45.0,49.5,50.5,39.6,39.7,42.1,42.5,41.6,39.6,38.2,37.0,35.9,35.3,34.2,30.9,31.0,31.4,31.2,31.9,32.8,33.9,34.8,35.9,37.0,38.0,39.3,40.8
22:35:19.000,NaN,46.3,NaN,42.9,41.2,36.2,43.9,40.0,44.8,44.5,49.6,46.8,47.9,46.5,45.4,40.4,37.6,42.1,43.5,42.0,39.6,40.4,37.9,36.8,40.1,41.1,33.8,32.6,32.3,31.2,31.9,32.9,33.8,34.7,35.9,36.9,38.1,39.6,40.8
22:35:20.000,NaN,46.1,NaN,38.2,42.8,41.6,43.3,41.8,46.5,45.1,51.5,47.1,45.0,46.7,53.2,39.9,39.4,42.7,43.6,43.7,40.1,38.3,38.0,38.7,41.3,38.6,33.8,32.8,31.9,31.8,32.8,32.7,33.9,34.5,36.0,37.1,38.2,39.3,40.7
22:35:21.000,NaN,44.8,NaN,44.7,45.2,43.4,46.5,40.0,47.0,47.1,52.0,47.8,47.4,49.6,50.1,39.7,44.0,43.0,44.2,42.8,40.6,38.8,38.4,37.4,37.8,35.5,32.3,31.9,31.5,31.3,31.9,32.9,33.8,34.8,35.8,37.1,38.0,39.5,40.8
22:35:22.000,NaN,44.9,NaN,32.3,42.2,40.3,43.1,41.8,42.2,42.8,52.5,46.2,51.8,52.1,53.7,43.3,43.4,43.1,43.7,43.3,38.9,39.5,38.5,37.9,37.6,36.0,32.0,32.0,31.7,31.3,32.1,32.9,33.8,34.6,35.9,37.0,38.1,39.3,40.9
22:35:23.000,NaN,46.4,NaN,40.1,39.8,46.7,46.5,44.5,47.5,50.5,50.8,45.4,48.2,50.8,55.8,41.4,39.9,43.3,42.0,42.1,40.1,39.5,40.9,41.0,40.6,35.9,32.3,32.1,31.6,31.6,32.2,32.9,33.8,34.8,35.9,37.1,38.0,39.4,40.8
22:35:24.000,NaN,48.3,NaN,38.0,42.6,56.8,54.8,48.3,46.3,47.0,53.9,50.1,48.8,47.9,54.6,42.3,40.1,44.7,43.3,42.2,39.9,41.8,43.1,42.8,43.1,40.8,33.7,32.0,31.7,31.3,32.3,32.6,33.6,34.7,36.0,37.0,38.2,39.2,40.8
22:35:25.000,NaN,48.8,NaN,42.8,47.6,59.0,51.4,48.3,49.7,51.3,51.1,48.9,49.5,48.4,52.3,43.2,42.4,44.6,42.6,43.3,41.1,40.8,42.8,44.1,42.4,41.8,35.9,33.6,31.5,31.6,31.8,32.8,33.6,34.7,36.0,37.0,38.0,39.3,40.8
22:35:26.000,NaN,50.7,NaN,58.7,59.1,55.3,54.1,52.1,52.1,55.1,54.7,49.3,53.9,49.8,50.2,44.9,47.3,46.5,45.5,45.5,42.2,41.9,44.7,45.8,44.8,42.5,37.4,34.9,33.4,33.9,35.5,33.1,33.5,34.8,35.9,37.1,38.2,39.2,40.8
22:35:27.000,NaN,51.2,NaN,70.5,55.3,66.5,54.1,55.2,60.5,52.6,57.4,55.6,52.0,50.4,52.6,46.9,52.4,50.5,49.9,47.0,47.1,45.1,47.2,44.8,43.6,40.0,36.0,33.5,33.3,34.3,33.1,32.9,33.8,34.8,36.0,37.0,38.1,39.2,40.8
22:35:28.000,NaN,52.8,NaN,67.9,60.7,65.5,62.6,56.5,60.8,57.6,59.0,55.1,52.4,52.5,52.0,50.5,53.0,53.4,52.5,52.0,48.8,47.3,48.7,46.4,42.9,37.8,33.0,31.5,31.9,34.4,34.8,33.1,33.9,34.8,36.0,37.0,38.0,39.4,40.8
22:35:29.000,NaN,54.9,NaN,67.1,63.9,71.4,58.4,58.6,63.3,59.1,62.6,57.1,58.8,58.6,57.5,57.1,59.5,57.2,56.6,54.6,52.5,48.8,47.5,43.9,41.2,37.8,33.8,32.7,32.6,35.8,35.5,32.8,33.9,34.8,35.9,36.9,38.1,39.2,40.8
22:35:30.000,NaN,58.0,NaN,68.2,68.2,70.4,62.6,60.3,64.7,68.8,68.5,65.2,64.1,64.4,63.5,63.4,61.7,60.1,59.8,57.6,55.8,54.0,50.3,48.4,45.5,41.7,37.0,35.8,33.7,35.1,35.1,33.0,33.7,34.5,35.8,37.1,38.2,39.1,40.7
22:35:31.000,NaN,60.7,NaN,72.1,72.2,71.9,69.1,65.9,65.4,72.1,73.1,67.0,66.6,64.6,64.9,64.6,65.0,63.3,62.8,60.1,58.5,55.5,53.0,50.3,47.4,44.3,39.6,38.3,35.6,35.9,37.3,33.1,33.5,34.9,35.8,37.1,38.2,39.0,40.8
22:35:32.000,NaN,61.8,NaN,75.8,71.1,81.5,77.7,71.2,74.9,75.1,75.7,72.4,70.5,68.9,66.5,65.5,67.5,65.0,62.3,61.6,59.9,57.2,54.9,51.8,48.7,45.7,41.0,39.1,36.9,34.9,33.0,32.9,33.6,35.1,35.7,37.1,38.2,39.1,40.8
22:35:33.000,NaN,62.9,NaN,79.5,78.9,83.8,84.0,79.3,75.2,77.2,77.7,75.1,72.9,70.5,68.0,67.1,66.5,65.9,65.3,61.9,59.8,58.1,55.7,52.9,50.5,47.2,43.0,41.0,38.5,35.9,33.5,33.2,33.8,34.7,35.9,37.2,38.2,39.2,40.8
22:35:34.000,NaN,63.9,NaN,81.5,85.7,87.9,83.7,82.9,78.6,78.9,80.6,79.8,73.9,72.0,68.6,67.7,67.3,66.8,65.9,62.7,61.3,59.4,57.2,55.0,51.8,48.8,44.3,42.3,39.8,37.0,36.0,33.4,33.9,34.5,35.9,37.0,38.2,39.2,40.7
22:35:35.000,NaN,65.8,NaN,85.8,87.5,89.1,86.7,82.3,80.4,79.4,81.6,82.5,77.6,71.3,68.7,69.7,66.5,65.2,65.8,64.8,61.4,61.5,59.1,56.6,55.5,51.6,47.1,45.4,43.5,40.3,38.8,34.2,34.1,35.0,35.9,37.0,38.0,39.1,40.9
22:35:36.000,NaN,70.2,NaN,93.5,87.7,86.0,85.7,80.0,89.8,79.3,81.6,82.6,80.6,77.5,72.9,71.2,71.7,70.5,68.6,67.2,68.0,67.1,63.8,61.2,58.4,55.9,52.5,51.2,49.4,46.5,42.0,38.0,37.2,35.9,36.0,37.1,38.1,39.1,40.8
22:35:37.000,NaN,73.5,NaN,90.6,91.4,87.5,90.8,92.3,91.9,86.0,88.6,84.6,79.9,77.5,74.0,71.9,73.8,73.2,72.8,71.1,70.2,69.3,68.5,65.7,64.1,60.6,56.6,55.6,53.9,50.9,46.2,41.7,39.6,38.0,36.4,37.1,38.3,39.0,40.6
22:35:38.000,NaN,76.6,NaN,87.5,95.2,96.8,92.5,92.4,93.1,91.9,94.5,89.1,86.6,80.6,75.8,70.3,76.9,76.4,73.4,72.8,70.2,71.7,70.8,68.7,66.4,63.6,61.4,62.1,59.7,57.2,53.6,47.5,44.1,41.0,37.7,37.2,38.1,39.2,40.8
22:35:39.000,NaN,78.5,NaN,88.0,92.2,96.5,93.2,96.6,95.4,95.5,95.1,93.8,91.2,89.3,85.6,75.3,79.9,81.2,77.3,74.9,74.7,73.5,71.1,69.6,67.9,65.4,62.4,62.8,60.7,57.7,54.6,48.0,43.6,39.8,37.3,37.3,38.2,39.3,40.9
22:35:40.000,NaN,84.5,NaN,88.8,94.2,92.9,99.7,99.3,98.5,99.5,98.7,97.2,93.5,92.7,89.6,84.6,81.9,82.1,84.5,81.0,78.5,78.6,75.7,75.2,73.4,72.5,68.0,70.6,69.3,65.1,61.8,57.5,52.1,46.8,43.7,39.4,38.4,39.2,40.9
22:35:41.000,NaN,87.3,NaN,89.6,95.0,95.1,94.8,102.2,103.3,98.6,100.5,101.3,97.2,96.2,92.1,92.2,92.2,88.5,87.8,83.5,83.7,81.4,76.1,76.7,76.0,72.7,71.8,72.7,72.2,67.7,64.7,60.7,55.3,50.5,47.4,41.8,38.8,39.2,40.9
22:35:42.000,NaN,89.4,NaN,89.6,93.7,102.5,98.7,101.4,102.9,100.7,102.4,103.3,99.6,97.7,94.9,94.3,94.8,94.7,92.2,87.8,84.5,80.7,79.6,79.8,77.0,74.4,71.2,70.8,71.2,67.5,65.2,60.6,55.3,50.5,46.6,41.2,38.9,39.2,41.0
22:35:43.000,NaN,91.9,NaN,91.8,97.6,97.7,102.4,100.6,102.7,104.2,104.1,103.3,100.5,98.7,96.2,92.1,89.6,92.7,91.8,91.5,89.4,86.7,82.2,81.5,79.3,76.2,75.0,77.7,74.4,69.4,67.1,62.4,56.9,49.5,46.5,42.5,39.1,39.4,40.9
22:35:44.000,NaN,93.6,NaN,92.7,99.6,102.7,100.0,102.7,104.5,101.0,104.0,103.3,100.8,101.2,100.1,95.1,93.9,90.2,91.1,91.8,92.5,90.7,86.9,84.9,86.1,80.6,76.3,78.0,75.4,71.9,69.2,66.2,60.2,54.6,51.3,46.8,41.9,40.3,41.2
22:35:45.000,NaN,98.7,NaN,93.2,99.7,103.4,100.8,103.6,100.1,104.4,106.3,103.3,104.7,102.4,99.3,101.2,99.7,99.4,98.7,95.7,93.0,91.3,90.2,90.0,88.5,85.4,81.2,81.1,78.4,74.6,70.9,69.0,64.3,60.1,58.6,53.9,47.3,41.7,41.5
22:35:46.000,NaN,106.5,NaN,90.9,96.8,102.0,101.4,101.8,100.9,104.3,103.8,106.2,108.0,105.2,104.7,102.9,101.2,102.4,102.9,102.6,102.5,100.0,99.5,99.6,98.4,96.8,92.9,93.4,93.1,91.6,87.5,84.7,81.8,78.4,77.4,75.0,72.5,65.6,59.1
22:35:47.000,NaN,100.3,NaN,92.1,102.3,99.6,104.9,101.6,104.9,108.1,110.4,105.4,107.5,105.3,105.4,101.9,101.6,102.7,102.3,100.8,98.6,96.4,93.5,91.1,90.5,85.7,84.0,87.2,81.9,78.1,75.4,71.8,70.3,63.2,62.8,60.0,53.9,47.9,44.1
22:35:48.000,NaN,100.0,NaN,90.9,96.5,99.3,101.1,104.2,106.8,109.4,107.1,108.7,107.3,107.0,106.3,104.2,104.9,106.1,104.3,99.3,95.3,91.7,87.5,87.9,87.1,85.5,83.9,84.6,81.2,81.9,80.3,74.0,75.0,71.8,70.6,66.4,61.4,54.5,47.6
22:35:49.000,NaN,97.9,NaN,96.9,92.6,98.7,99.8,103.8,107.2,112.2,106.7,109.2,108.5,107.3,103.5,104.8,105.0,102.0,99.1,96.4,94.5,90.8,90.0,87.4,88.3,84.9,82.2,81.6,77.2,74.5,74.1,68.3,67.3,64.7,62.8,56.9,50.0,41.8,41.9
22:35:50.000,NaN,100.8,NaN,95.8,99.8,103.2,102.9,102.0,108.6,109.7,109.6,107.6,106.9,103.1,102.2,103.6,104.1,101.8,99.5,98.8,97.2,95.2,93.0,91.7,91.2,89.1,87.3,86.0,83.3,79.8,75.9,73.5,73.2,69.2,68.3,65.0,59.9,48.9,43.1
22:35:51.000,NaN,99.3,NaN,97.2,98.1,102.4,101.3,110.8,104.6,108.6,111.3,108.9,108.3,101.6,106.3,105.5,104.1,102.0,100.1,97.7,96.0,94.7,92.1,90.0,88.3,86.2,82.7,81.4,77.5,75.7,70.5,67.9,69.5,71.6,66.8,64.5,60.9,52.2,44.3
22:35:52.000,NaN,99.4,NaN,93.4,101.3,104.3,106.6,106.8,109.0,104.7,109.2,106.8,105.7,105.4,105.3,105.6,102.1,100.7,101.0,98.1,95.2,94.0,90.0,90.8,89.4,86.8,82.4,80.6,77.6,73.1,70.4,68.8,68.9,69.2,61.7,56.5,52.2,44.9,42.3
22:35:53.000,NaN,102.3,NaN,96.4,104.4,104.5,107.9,106.9,111.8,108.8,110.7,106.3,105.8,105.8,108.9,104.8,103.0,102.1,99.8,98.9,98.1,96.1,94.9,95.6,93.6,92.5,89.2,88.8,86.0,83.3,81.3,76.3,76.3,74.9,71.4,66.3,60.2,47.1,43.3
22:35:54.000,NaN,99.4,NaN,100.4,100.8,107.2,103.8,109.5,108.6,110.0,108.4,107.6,107.7,107.5,107.5,105.7,102.0,100.8,101.4,99.7,96.6,94.5,92.1,91.9,88.2,85.9,83.3,83.4,80.3,79.3,75.1,71.2,72.3,70.9,67.1,61.7,53.8,46.3,42.6
22:35:55.000,NaN,97.5,NaN,99.4,103.0,104.0,109.5,110.0,106.4,104.8,108.8,104.4,107.3,103.5,104.3,101.5,100.9,100.4,98.9,96.0,94.8,92.2,89.8,87.6,86.1,86.1,81.7,78.5,77.3,77.2,72.1,71.9,70.0,67.4,61.6,56.8,48.4,41.8,41.8
22:35:56.000,NaN,97.5,NaN,96.4,104.9,108.5,109.6,110.2,104.1,110.0,106.2,106.4,104.8,106.3,104.2,101.0,101.3,100.1,97.8,94.9,93.8,91.5,88.9,88.4,87.9,85.7,82.4,82.6,80.3,80.6,74.1,71.3,71.8,70.9,67.8,59.3,51.6,44.3,42.1
22:35:57.000,NaN,94.2,NaN,97.5,105.2,109.6,107.1,108.5,103.9,106.3,103.5,107.8,105.9,104.8,103.3,102.4,100.4,98.3,96.0,92.5,89.9,86.0,85.3,85.3,84.5,81.1,75.5,73.2,69.3,71.4,68.8,64.9,63.5,62.5,57.6,49.2,42.6,40.2,41.8
22:35:58.000,NaN,95.5,NaN,97.8,106.0,107.7,107.1,110.4,105.6,104.0,107.4,105.2,106.6,104.5,104.0,100.9,100.0,98.6,96.4,94.0,91.2,88.0,85.7,83.3,82.2,82.8,78.9,79.3,77.0,76.6,72.2,71.1,73.8,72.5,67.2,59.9,52.5,44.8,42.2
22:35:59.000,NaN,97.3,NaN,100.8,102.2,101.2,109.9,107.2,108.6,106.6,106.4,105.5,107.3,105.9,102.0,101.2,100.0,99.4,97.6,95.0,94.0,92.7,89.7,89.2,87.8,85.1,80.4,79.7,76.7,77.5,70.7,69.7,71.6,69.6,62.6,55.6,47.6,43.3,41.9
22:36:00.000,NaN,97.7,NaN,104.0,100.1,107.7,109.6,107.5,106.8,106.7,109.2,103.3,105.8,104.1,101.8,103.2,100.7,99.6,98.8,95.8,94.6,93.2,89.8,89.7,88.5,85.7,81.8,80.8,79.0,79.6,77.0,73.7,74.9,71.0,64.4,57.8,51.7,44.3,41.8
22:36:01.000,NaN,94.3,NaN,104.7,101.6,104.7,107.8,103.5,106.3,105.7,106.2,103.4,106.0,104.3,101.7,100.9,99.9,98.7,96.0,92.8,91.1,89.5,86.4,85.3,83.4,80.2,76.5,73.4,70.5,71.4,69.2,64.0,62.9,59.5,51.6,44.5,40.5,39.8,41.4
22:36:02.000,NaN,94.7,NaN,107.0,102.2,102.4,103.4,105.4,103.9,108.1,104.5,106.1,103.7,103.0,101.8,101.4,98.2,98.2,95.5,93.5,92.1,89.7,86.2,85.3,83.9,80.9,76.9,74.3,72.6,73.7,71.4,68.0,65.1,59.7,53.9,48.5,41.4,39.8,41.4
22:36:03.000,NaN,97.0,NaN,101.6,105.7,101.4,108.9,106.0,100.6,108.1,104.1,103.4,104.0,102.9,101.6,100.9,98.1,99.1,96.7,94.9,92.9,92.6,89.9,89.4,87.4,84.7,81.3,80.1,78.7,80.2,78.8,74.9,73.9,69.3,62.7,60.2,51.3,44.4,42.5
22:36:04.000,NaN,94.7,NaN,107.7,106.8,104.2,103.6,107.8,106.0,106.2,104.1,105.5,103.5,100.8,100.5,98.3,97.2,95.5,95.4,92.1,92.0,91.0,87.7,87.5,85.0,82.4,80.6,77.9,75.4,77.3,74.8,73.1,70.7,66.2,60.5,56.1,47.9,41.1,41.4
22:36:05.000,NaN,92.7,NaN,103.8,104.5,102.1,106.8,104.8,108.1,102.0,104.3,103.3,103.8,102.2,99.7,99.1,96.4,95.8,93.8,90.4,88.9,86.8,83.2,80.9,78.7,77.9,73.1,71.2,71.3,71.5,71.7,68.4,66.1,61.7,56.6,51.3,43.3,40.0,41.1
22:36:06.000,NaN,92.9,NaN,106.4,101.7,106.3,105.9,107.1,107.5,102.6,103.4,100.4,101.6,100.4,99.0,98.8,97.9,95.2,93.4,90.3,90.7,88.9,86.0,85.2,83.0,81.1,76.4,73.5,71.9,71.2,68.6,65.0,60.2,53.7,50.2,44.0,39.5,39.5,41.2
22:36:07.000,NaN,91.5,NaN,100.0,106.7,103.6,107.5,104.6,106.0,104.8,105.4,102.2,101.1,101.5,99.4,98.0,95.6,94.2,93.3,90.4,87.8,85.6,82.8,81.9,80.8,78.2,73.5,71.7,69.3,71.6,67.5,64.2,58.3,53.7,51.7,46.0,39.2,39.5,41.2
22:36:08.000,NaN,92.4,NaN,106.6,100.5,104.4,102.0,105.1,108.2,105.0,103.4,103.7,100.5,101.2,98.5,98.4,96.8,96.2,94.8,89.9,89.6,87.4,84.8,83.8,81.5,78.6,75.5,71.7,68.9,69.9,67.4,64.9,60.3,50.2,45.1,40.4,38.5,39.6,41.4
22:36:09.000,NaN,90.6,NaN,103.0,102.7,102.3,102.0,104.4,107.3,106.1,104.7,102.8,100.5,96.7,100.5,97.9,96.6,94.4,91.9,87.5,87.5,85.1,83.6,81.3,79.2,76.3,73.2,70.4,66.9,69.0,66.4,61.9,57.7,52.8,46.8,39.8,38.3,39.3,41.2
22:36:10.000,NaN,91.8,NaN,103.8,102.8,102.0,106.7,107.1,97.0,104.7,103.3,100.9,102.5,99.8,100.8,97.4,95.7,95.2,93.0,89.3,88.4,86.5,82.7,82.0,79.5,76.7,75.7,74.0,71.7,72.7,70.4,68.2,66.4,61.0,56.1,53.0,40.8,39.5,41.1
22:36:11.000,NaN,90.3,NaN,103.6,103.9,103.9,105.6,106.9,100.8,105.1,102.7,102.3,100.9,99.2,98.1,97.5,95.0,95.1,92.1,88.5,87.8,86.9,83.7,82.2,79.1,74.3,72.6,69.1,69.3,67.8,67.4,61.9,55.8,52.7,49.0,41.4,38.4,39.3,41.0
22:36:12.000,NaN,86.3,NaN,99.0,106.2,104.0,102.8,106.9,102.8,101.2,102.1,102.7,99.5,96.8,96.0,94.0,92.8,90.7,89.0,84.6,83.3,82.2,76.4,75.3,71.8,68.8,68.3,64.8,63.8,61.4,60.3,51.7,46.4,39.4,36.8,37.2,38.2,39.3,41.0
22:36:13.000,NaN,85.5,NaN,106.0,108.3,103.5,103.1,97.9,103.2,105.0,101.9,99.6,100.3,95.1,95.9,94.4,91.1,89.8,87.5,82.8,81.7,79.0,75.4,72.9,70.4,69.3,66.8,62.3,62.7,59.9,55.5,45.6,41.2,36.8,36.4,37.1,38.2,39.3,41.0
22:36:14.000,NaN,91.0,NaN,101.8,104.5,102.0,103.3,103.1,102.2,104.7,100.8,97.5,98.5,94.8,94.3,95.9,94.3,93.5,92.0,89.8,87.9,84.9,80.9,80.8,79.3,76.7,72.9,70.4,71.4,71.2,66.7,59.4,57.2,51.2,46.2,44.9,40.0,39.3,41.1
22:36:15.000,NaN,86.6,NaN,92.5,107.6,101.2,103.5,96.9,102.2,102.1,99.2,101.9,101.8,100.2,98.5,97.8,96.1,92.8,89.2,85.7,85.1,83.3,77.8,76.1,72.6,68.0,65.8,62.5,61.3,59.8,57.5,48.7,46.1,39.9,36.9,37.2,38.2,39.2,40.8
22:36:16.000,NaN,85.5,NaN,98.9,101.9,100.2,105.4,103.7,103.6,103.9,101.6,100.1,97.9,96.2,97.6,94.8,89.9,91.1,87.2,85.2,82.2,79.5,75.1,73.4,69.4,69.0,65.4,58.4,56.7,57.0,49.6,44.1,41.6,36.2,36.6,37.2,38.2,39.3,41.0
22:36:17.000,NaN,85.1,NaN,101.1,100.8,99.0,101.5,101.8,102.3,99.6,99.7,99.6,97.4,93.8,94.8,91.4,91.3,89.7,87.1,84.3,82.9,80.3,76.0,75.1,73.9,70.9,68.8,62.9,62.4,59.3,53.4,46.8,41.3,36.5,36.1,37.2,38.3,39.2,41.0
22:36:18.000,NaN,84.6,NaN,103.5,102.2,104.0,100.2,101.3,104.3,101.1,99.8,100.2,95.2,95.3,93.2,93.2,90.5,88.7,86.4,82.5,80.9,77.5,74.3,73.5,70.2,66.1,62.3,58.0,55.6,51.6,44.6,37.9,35.2,35.3,36.5,37.0,38.1,39.3,40.9
22:36:19.000,NaN,86.5,NaN,98.6,100.7,99.8,102.2,102.6,96.5,99.2,100.6,97.8,95.5,96.0,92.4,90.8,92.3,90.2,87.5,85.4,83.0,81.9,76.9,77.6,74.5,72.3,70.2,67.2,67.4,63.7,56.5,54.4,50.2,43.7,39.7,37.9,38.3,39.2,40.9
22:36:20.000,NaN,82.7,NaN,99.2,99.0,104.6,101.3,103.5,101.4,99.4,99.9,98.1,96.8,93.1,94.4,90.4,89.6,87.9,85.1,82.4,79.0,76.8,72.5,68.4,65.0,63.9,60.4,55.5,51.9,48.3,44.9,36.9,36.2,35.0,36.2,37.1,38.1,39.3,40.9
22:36:21.000,NaN,81.5,NaN,99.9,98.2,99.9,103.1,101.3,100.3,101.3,95.7,96.1,94.6,93.5,91.0,91.3,88.7,86.2,82.7,79.3,78.3,76.4,73.1,69.4,67.0,65.0,60.2,53.0,49.7,46.3,38.0,34.4,34.1,34.9,36.1,37.2,38.2,39.2,40.9
22:36:22.000,NaN,82.8,NaN,95.9,100.3,103.2,104.0,98.8,99.5,101.0,101.4,95.2,95.5,92.5,93.0,90.2,89.2,86.3,84.1,80.9,80.3,77.9,73.4,70.9,69.3,68.5,66.0,61.3,57.9,52.7,43.1,38.4,34.7,35.1,36.5,37.1,38.2,39.1,40.8
22:36:23.000,NaN,79.9,NaN,92.2,96.6,100.5,99.5,102.8,101.5,96.3,97.6,94.7,92.5,93.4,92.2,90.2,86.5,84.9,81.8,80.1,77.8,75.6,70.6,67.6,64.6,61.4,59.5,53.1,48.6,42.8,35.9,33.6,33.8,34.9,36.2,37.1,38.3,39.1,40.8
22:36:24.000,NaN,77.9,NaN,99.0,98.7,101.5,99.9,101.1,99.6,98.8,97.8,93.4,90.5,91.5,90.2,87.3,85.4,83.2,78.6,76.0,71.7,68.8,63.9,62.1,58.7,55.5,49.9,41.6,36.8,33.6,32.1,32.9,34.0,34.7,36.3,37.1,38.2,39.2,40.8
22:36:25.000,NaN,78.4,NaN,91.3,96.0,95.4,101.1,95.8,98.8,98.4,95.1,94.2,91.4,92.2,89.9,87.0,86.3,84.3,79.3,78.7,75.3,71.8,67.8,65.7,62.2,59.6,51.8,48.1,43.0,37.8,32.2,32.7,33.9,35.0,36.4,36.8,38.3,39.2,40.8
22:36:26.000,NaN,78.2,NaN,97.6,96.2,101.0,99.9,98.3,97.3,100.9,96.0,93.7,94.0,91.8,89.3,87.4,85.1,83.4,80.8,77.2,73.7,71.0,66.5,62.5,59.5,56.8,54.2,47.5,39.7,39.6,35.7,35.0,34.0,35.0,36.3,37.2,38.1,39.2,40.8
22:36:27.000,NaN,77.9,NaN,95.1,93.9,100.1,95.5,100.8,100.2,97.3,96.6,95.4,91.1,91.7,89.0,88.2,85.1,83.2,78.7,77.2,75.0,71.7,64.6,58.9,55.4,52.5,51.8,43.3,37.5,34.7,32.3,33.1,33.8,35.0,36.1,37.0,38.2,39.1,40.9
22:36:28.000,NaN,76.9,NaN,95.7,95.3,101.2,98.4,95.0,93.7,96.4,97.0,94.4,91.7,90.0,89.1,86.4,84.5,81.0,78.1,73.6,72.8,70.5,65.6,62.2,61.5,58.0,58.3,49.2,47.2,39.1,33.1,32.9,33.7,34.6,35.6,37.0,38.0,39.1,40.7
22:36:29.000,NaN,77.5,NaN,93.1,100.1,97.7,101.0,97.8,100.3,96.1,95.5,91.5,91.4,90.3,87.1,86.2,83.8,82.2,80.1,76.8,74.7,71.8,66.5,62.7,60.8,58.0,55.6,51.8,48.4,41.2,33.6,33.1,33.9,34.9,36.0,37.2,38.2,39.2,40.8
22:36:30.000,NaN,76.0,NaN,91.2,101.8,95.3,97.6,93.2,97.2,97.0,92.2,90.5,90.0,90.0,89.5,85.6,81.8,80.8,76.6,72.6,69.0,67.1,65.3,64.3,62.4,62.3,57.8,52.7,48.6,44.5,35.1,33.8,33.9,34.9,36.0,37.3,38.0,39.0,40.7
22:36:31.000,NaN,76.8,NaN,97.5,100.1,95.4,97.5,100.4,97.6,95.8,93.7,92.4,93.0,89.9,87.9,84.5,83.9,81.0,78.5,75.8,75.1,71.3,64.5,62.7,59.0,55.8,50.1,41.4,36.0,32.1,32.1,33.0,33.8,35.0,36.0,36.9,38.2,39.2,40.9
22:36:32.000,NaN,74.7,NaN,92.1,101.3,94.6,95.3,99.6,95.1,96.1,96.0,92.7,92.9,89.1,88.4,86.2,83.3,79.9,75.9,72.3,69.3,64.3,60.5,58.0,55.1,48.9,43.4,35.0,32.5,31.9,32.8,32.8,33.8,34.8,36.0,37.1,38.3,39.1,40.8
22:36:33.000,NaN,73.8,NaN,96.6,99.6,98.9,98.9,91.5,99.6,93.6,92.9,89.0,89.4,87.4,88.2,85.0,80.9,77.8,75.2,72.2,69.7,65.2,61.0,57.7,53.2,48.8,44.5,38.9,32.6,32.1,32.1,32.7,34.0,34.8,36.3,37.2,38.2,39.2,40.8
22:36:34.000,NaN,72.6,NaN,97.1,96.0,98.5,94.9,96.5,95.5,94.1,92.6,89.3,89.5,84.2,84.7,83.9,81.6,78.7,75.7,70.1,68.2,64.0,56.6,52.2,47.2,43.1,39.6,32.9,31.1,31.7,32.4,33.0,33.9,35.0,36.1,37.2,38.2,39.0,40.8
22:36:35.000,NaN,71.0,NaN,98.9,94.4,96.4,99.6,94.5,93.7,94.3,95.0,91.0,88.0,86.6,86.3,82.7,78.2,73.8,70.7,67.6,68.2,63.7,57.1,51.8,47.8,44.4,37.3,32.0,30.9,31.3,31.9,32.8,33.9,34.8,36.1,37.1,38.1,39.1,40.8
22:36:36.000,NaN,73.3,NaN,99.2,90.9,102.0,94.4,94.4,95.8,95.2,90.9,91.2,87.7,84.5,84.9,82.5,81.1,77.9,75.9,70.7,65.8,62.6,59.3,56.9,54.2,50.6,45.1,36.2,31.4,31.2,31.9,33.0,33.7,34.6,35.8,37.0,38.0,39.0,40.8
22:36:37.000,NaN,75.0,NaN,93.4,91.5,90.8,91.9,96.5,92.2,94.8,89.5,87.3,90.3,89.0,85.3,85.2,82.0,79.9,76.6,73.8,72.1,67.7,61.3,56.5,53.9,50.1,45.1,39.3,32.0,31.8,32.2,32.8,33.5,34.8,36.0,37.0,38.1,39.1,40.7
22:36:38.000,NaN,75.3,NaN,93.2,96.8,92.0,97.5,91.0,95.2,95.6,90.5,90.9,89.6,89.0,87.2,85.2,84.0,80.5,77.1,74.5,70.9,64.2,56.6,52.2,49.7,47.8,40.4,32.2,31.1,31.2,31.6,32.9,33.6,34.9,36.1,37.2,38.1,39.1,40.8
22:36:39.000,NaN,75.1,NaN,92.3,98.0,94.2,94.7,93.1,91.7,96.4,90.8,92.0,88.3,88.3,87.4,85.1,83.2,79.5,77.9,74.0,72.4,69.1,63.9,59.4,56.9,53.6,49.0,41.4,34.8,31.6,32.4,32.8,33.9,34.9,36.0,37.1,38.2,39.0,40.7
22:36:40.000,NaN,72.7,NaN,97.5,96.0,93.9,98.0,93.9,94.6,94.7,94.9,89.8,89.1,85.9,85.0,83.0,80.2,77.1,73.8,70.8,68.6,65.4,60.0,56.9,54.2,50.4,45.6,35.9,32.0,31.5,32.1,32.7,33.8,34.8,36.1,37.0,38.2,39.2,40.7
22:36:41.000,NaN,72.6,NaN,92.2,98.5,93.9,93.7,93.7,96.0,93.7,90.2,89.5,88.8,85.1,85.0,82.9,81.3,75.9,72.5,68.8,68.0,66.0,63.0,59.5,55.8,52.6,47.7,40.9,32.6,31.6,32.1,32.8,33.6,34.8,35.8,37.0,38.1,39.2,40.9
22:36:42.000,NaN,72.8,NaN,93.4,93.9,96.2,98.9,93.6,97.3,96.4,90.8,88.7,87.9,83.9,83.7,82.3,79.9,76.5,75.1,70.6,70.9,65.8,58.9,51.2,50.0,46.7,45.3,35.8,31.2,31.1,31.8,33.0,33.7,34.8,36.0,37.2,38.2,39.1,40.7
22:36:43.000,NaN,73.7,NaN,95.6,97.2,94.6,97.1,91.7,93.3,96.4,89.1,90.0,87.9,87.0,82.3,83.0,80.1,77.9,74.7,73.1,68.9,65.4,60.1,54.0,49.8,47.2,41.0,34.3,30.8,31.5,31.5,33.0,33.7,34.7,36.1,37.1,38.2,39.0,40.8
22:36:44.000,NaN,74.3,NaN,89.9,98.6,97.1,96.8,94.5,95.4,93.2,91.1,89.4,87.5,87.3,85.0,83.1,80.8,78.8,76.1,75.2,72.2,67.9,64.0,59.0,55.8,51.7,45.3,38.7,31.5,31.9,32.4,33.3,34.0,34.9,36.0,37.2,38.1,39.2,40.7
22:36:45.000,NaN,70.6,NaN,93.5,92.1,95.9,96.0,94.5,93.1,95.7,91.6,88.8,84.8,85.1,83.5,82.6,80.3,77.8,74.6,69.8,64.9,61.1,57.2,51.8,48.4,41.6,35.9,31.0,30.8,31.6,32.2,32.9,33.6,35.0,36.2,37.1,38.1,39.0,40.7
22:36:46.000,NaN,69.7,NaN,95.0,98.0,97.0,93.1,91.2,96.6,91.4,90.9,91.2,85.0,86.5,84.4,80.4,76.1,73.2,69.6,66.6,62.0,57.7,53.0,49.9,46.4,44.5,39.6,32.4,31.6,32.3,32.9,32.8,33.8,34.6,36.1,37.1,38.2,39.0,40.7
22:36:47.000,NaN,69.2,NaN,94.1,95.2,97.8,94.9,94.9,95.1,93.2,90.5,88.1,87.5,85.0,84.6,80.4,78.1,73.1,69.6,65.5,65.0,63.7,57.4,52.8,51.1,46.0,40.0,32.4,31.6,33.1,33.0,33.0,33.6,34.9,36.0,37.3,38.0,39.0,40.8
22:36:48.000,NaN,70.5,NaN,86.8,97.8,95.9,99.5,95.6,94.5,88.7,91.7,87.8,86.2,83.0,81.5,77.8,79.3,74.5,71.5,68.8,63.9,59.6,56.6,52.2,49.9,44.2,41.4,35.4,31.4,32.5,32.6,32.6,33.6,35.0,36.1,37.0,38.2,39.0,40.8
22:36:49.000,NaN,71.2,NaN,96.1,93.6,94.6,93.0,93.8,90.7,90.7,86.9,87.3,86.0,84.3,82.4,80.7,78.0,74.9,72.1,69.8,69.1,66.1,62.7,59.0,56.2,52.8,48.4,41.2,33.1,32.0,32.2,32.8,33.8,34.9,36.2,37.0,38.1,39.1,40.8
22:36:50.000,NaN,68.3,NaN,96.2,97.9,92.9,96.9,97.0,94.2,93.7,89.1,87.4,83.5,82.0,79.6,77.0,76.0,74.3,69.7,67.5,63.9,60.3,56.8,51.8,47.3,43.0,36.1,31.6,31.0,32.0,32.0,32.7,34.0,34.7,35.9,36.9,38.2,39.2,40.7
22:36:51.000,NaN,69.7,NaN,99.9,91.3,93.1,97.1,95.5,93.5,87.6,89.5,86.8,82.9,78.8,83.0,79.5,77.7,73.7,70.6,68.9,64.4,60.9,58.4,54.8,52.2,46.9,40.4,32.4,31.1,31.7,32.2,32.8,33.8,34.9,35.9,37.1,38.2,39.1,40.8
22:36:52.000,NaN,71.4,NaN,94.0,95.8,93.8,90.2,89.7,92.7,86.6,87.6,88.0,84.3,83.1,81.4,80.5,77.6,74.9,73.3,71.8,68.0,62.7,58.7,52.2,48.6,45.6,40.8,34.2,31.6,32.3,32.2,33.1,33.7,35.0,35.8,37.0,38.0,39.0,40.8
22:36:53.000,NaN,72.9,NaN,94.2,93.3,88.6,91.4,92.1,92.6,86.8,89.1,88.2,84.4,85.3,82.0,80.3,79.4,76.2,73.6,71.8,70.0,67.3,64.0,59.4,57.7,52.0,49.5,39.2,35.8,32.6,32.0,32.9,33.6,35.0,36.0,37.0,38.1,39.2,40.8
22:36:54.000,NaN,70.2,NaN,90.4,95.9,93.6,95.5,91.6,95.5,90.9,89.1,88.1,83.3,83.8,82.3,80.7,79.0,75.8,73.8,69.6,67.0,63.2,58.9,52.5,50.5,45.4,39.2,32.7,31.0,31.7,32.4,33.1,33.6,34.8,36.0,37.1,38.0,39.1,40.6
22:36:55.000,NaN,70.1,NaN,88.5,94.2,91.3,92.7,93.4,92.2,91.8,89.4,87.1,86.3,82.5,80.8,79.7,79.3,75.4,72.0,69.4,66.5,60.8,57.6,51.4,47.8,43.4,39.1,33.4,31.4,32.0,32.1,33.0,33.8,34.9,36.0,37.3,38.3,39.1,40.7
22:36:56.000,NaN,70.2,NaN,92.8,92.0,93.0,89.2,93.3,95.3,89.7,89.4,87.3,85.6,82.4,81.0,79.7,78.6,75.1,71.4,69.1,65.9,61.8,58.9,53.5,51.0,47.4,40.6,33.0,31.4,32.1,32.3,33.2,33.5,35.0,36.1,37.1,38.1,39.1,40.7
22:36:57.000,NaN,70.3,NaN,94.0,89.7,91.5,95.5,90.8,93.2,91.7,87.2,88.9,84.7,82.6,81.9,80.2,77.6,75.4,71.6,68.9,64.5,58.3,54.7,50.3,47.2,46.2,39.6,31.9,30.8,31.4,31.9,32.9,33.4,34.7,36.0,37.0,38.0,39.0,40.7
22:36:58.000,NaN,69.9,NaN,88.0,88.8,93.6,92.1,93.9,91.6,90.6,88.2,85.4,83.7,85.2,80.9,80.0,78.1,76.0,71.7,70.0,66.9,61.7,55.6,50.4,47.6,45.4,39.0,32.4,31.1,31.6,32.1,32.9,33.9,35.1,35.8,36.9,38.1,39.0,40.8
22:36:59.000,NaN,68.2,NaN,94.7,96.2,91.4,89.4,90.0,91.5,90.6,89.7,85.2,83.4,82.8,80.5,79.5,77.0,73.5,71.2,67.5,62.8,58.0,55.5,48.7,47.0,44.0,37.0,30.6,31.0,31.6,32.0,32.9,33.7,34.8,35.9,37.0,38.1,39.0,40.8
22:37:00.000,NaN,68.0,NaN,93.8,92.2,92.7,92.7,91.5,89.4,91.3,86.1,84.7,81.1,81.1,79.4,76.6,76.2,71.8,70.1,67.6,63.5,58.3,53.5,48.7,46.1,41.8,35.4,31.5,31.4,31.5,32.1,32.9,33.9,34.8,35.9,36.9,38.2,39.2,40.8
22:37:01.000,NaN,70.4,NaN,93.3,94.2,91.8,85.9,90.3,88.3,86.8,87.0,84.8,83.2,81.4,80.6,77.9,76.8,75.6,72.0,70.1,66.9,62.3,58.3,50.2,48.9,45.4,41.7,32.9,31.1,31.3,32.2,32.8,33.8,34.7,35.9,37.1,38.2,39.1,40.7
22:37:02.000,NaN,66.4,NaN,93.3,91.3,90.0,91.9,89.8,89.8,86.9,87.2,87.4,83.4,83.6,80.1,79.1,76.1,74.0,68.1,66.4,63.3,56.2,48.2,42.1,40.3,38.4,33.9,30.7,31.3,31.3,31.9,33.0,33.8,34.7,36.0,37.0,38.3,39.1,40.7
22:37:03.000,NaN,67.4,NaN,95.5,91.4,91.0,91.8,91.2,88.3,88.5,87.3,82.5,83.6,81.5,79.4,78.3,72.8,70.8,69.1,66.5,62.4,58.8,52.7,46.4,44.1,39.5,34.1,31.1,31.2,31.5,32.2,32.9,33.9,34.9,35.9,37.0,38.2,39.0,40.8
22:37:04.000,NaN,67.1,NaN,96.2,92.3,89.3,90.2,90.8,85.7,86.8,85.6,85.9,84.4,81.8,79.3,77.8,75.1,73.8,69.4,66.2,62.9,56.5,54.0,50.3,47.1,43.7,34.7,30.9,31.3,31.8,32.5,32.9,33.8,34.8,36.1,37.2,38.1,39.1,40.7
22:37:05.000,NaN,66.4,NaN,93.0,88.0,90.2,89.2,91.4,89.2,85.2,85.7,86.7,80.7,79.3,77.8,75.9,75.5,72.2,67.5,65.9,60.1,53.4,48.5,45.9,44.0,39.9,34.4,31.5,31.2,31.5,32.2,32.8,34.0,34.8,36.0,37.1,38.1,39.1,40.8
22:37:06.000,NaN,64.7,NaN,92.6,96.6,88.3,93.6,90.7,86.9,86.0,81.8,84.6,80.9,81.2,79.2,76.9,73.2,70.2,67.0,62.5,58.8,54.4,50.5,43.0,39.7,38.6,34.5,30.7,31.5,31.8,32.0,32.7,33.4,34.9,35.9,37.1,38.2,39.0,40.8
22:37:07.000,NaN,64.3,NaN,93.0,91.5,85.8,92.6,90.3,88.5,82.1,83.0,81.5,80.8,77.7,77.9,75.1,71.1,68.8,66.5,64.8,59.2,53.2,48.6,43.9,40.2,38.2,32.7,31.6,32.1,31.5,32.0,32.6,33.8,34.8,36.0,37.0,38.1,39.2,40.7
22:37:08.000,NaN,65.0,NaN,94.7,96.2,90.8,88.2,89.9,86.5,85.8,82.2,79.2,80.2,79.3,77.6,74.6,72.1,69.7,65.6,65.9,61.6,56.2,52.0,47.0,45.6,39.9,34.6,31.0,31.2,31.5,32.3,32.7,33.7,34.8,35.9,37.1,38.1,39.0,40.8
22:37:09.000,NaN,65.0,NaN,93.3,89.9,78.6,88.6,86.9,87.2,85.7,85.1,82.3,81.8,81.4,75.2,74.0,72.5,68.1,66.3,64.0,59.8,55.8,52.7,49.0,47.6,43.3,38.1,32.5,31.1,31.7,32.3,33.8,33.5,34.7,36.3,37.0,38.3,39.3,40.9
22:37:10.000,NaN,64.7,NaN,84.1,89.8,83.6,90.1,86.2,88.7,85.3,83.1,83.8,79.9,79.5,75.5,74.3,72.1,68.4,66.4,64.5,60.8,54.7,51.8,47.8,45.6,42.3,36.2,30.7,31.3,31.2,32.0,33.5,33.9,34.7,35.9,37.1,38.0,39.0,40.7
22:37:11.000,NaN,63.5,NaN,91.3,89.0,87.2,88.9,86.0,84.7,84.0,87.1,82.7,81.2,80.4,77.8,74.8,70.6,67.9,64.9,62.3,59.4,54.0,49.8,44.1,41.0,36.0,32.1,30.7,30.8,31.0,32.1,32.7,33.9,34.8,36.0,37.0,38.1,39.1,40.7
22:37:12.000,NaN,65.0,NaN,89.4,87.8,90.4,93.8,89.0,87.0,87.5,82.8,84.3,80.9,78.5,74.7,73.8,70.8,68.8,65.3,65.5,62.1,56.8,55.6,50.9,48.0,43.6,37.7,31.8,30.9,31.7,32.8,32.7,33.8,34.9,36.0,37.1,38.1,39.0,40.9
22:37:13.000,NaN,64.7,NaN,82.4,89.3,89.6,87.9,90.2,90.3,84.6,83.9,83.0,81.3,78.1,76.3,74.8,71.0,69.3,65.2,63.3,61.8,56.7,54.6,50.8,47.9,44.5,37.5,31.6,31.6,32.0,32.7,33.7,33.7,34.7,36.0,37.1,38.2,39.1,40.8
22:37:14.000,NaN,65.8,NaN,93.2,87.8,92.8,90.3,91.0,83.4,85.4,83.0,79.9,82.7,79.0,77.0,76.1,74.0,70.8,67.0,64.0,59.1,56.2,51.0,45.3,43.7,40.9,35.3,31.1,31.9,32.0,32.8,34.2,33.6,34.5,36.0,37.2,38.2,39.1,40.7
22:37:15.000,NaN,65.2,NaN,93.9,88.2,93.2,87.4,86.8,87.0,87.9,85.1,84.7,79.1,80.2,78.8,75.7,73.2,70.6,68.4,65.1,61.5,54.5,50.6,47.1,43.5,39.7,33.2,30.1,30.5,31.7,31.9,33.0,33.6,34.9,36.0,37.0,38.1,39.0,40.7
22:37:16.000,NaN,64.8,NaN,94.8,84.9,85.9,86.7,86.8,84.3,86.1,81.3,80.8,81.1,78.7,76.2,74.6,71.1,69.4,65.9,64.0,61.5,56.2,52.3,46.3,40.8,37.3,32.7,30.2,31.0,31.4,32.1,32.5,33.7,34.8,36.1,37.0,38.1,39.0,40.8
22:37:17.000,NaN,63.7,NaN,88.3,89.1,87.2,89.1,88.8,84.3,81.7,80.3,80.5,78.8,77.7,75.1,73.0,70.5,69.3,66.2,64.0,59.1,54.9,50.5,43.8,40.3,36.3,31.6,30.2,30.8,31.6,32.1,32.6,33.8,35.0,35.9,37.0,38.1,39.1,40.9
22:37:18.000,NaN,63.3,NaN,89.2,88.7,90.0,84.8,87.7,87.7,82.1,80.7,78.7,79.6,76.7,76.0,73.4,71.5,69.8,66.0,63.0,59.4,54.9,51.2,45.3,41.8,38.4,33.3,31.0,30.9,31.3,32.0,32.7,33.8,34.9,35.9,37.0,38.1,39.1,40.8
22:37:19.000,NaN,61.9,NaN,89.4,86.8,80.9,91.3,85.4,84.6,85.5,82.9,80.2,78.5,76.1,75.4,69.6,68.5,65.4,63.5,62.6,58.1,52.5,51.4,45.1,40.5,34.5,30.8,30.4,31.0,31.3,32.0,32.7,33.5,34.8,35.7,37.1,38.2,39.2,40.7
22:37:20.000,NaN,64.2,NaN,90.5,81.8,82.9,88.1,90.8,85.0,84.5,80.9,79.4,79.5,76.6,75.1,72.7,71.8,67.4,66.1,63.3,59.7,56.0,52.4,46.7,39.2,36.4,33.9,31.5,32.6,32.6,33.2,34.3,33.6,34.7,35.9,37.1,38.0,39.1,40.9
22:37:21.000,NaN,64.7,NaN,88.9,85.2,82.1,86.7,88.2,84.6,82.8,82.0,81.4,80.0,77.9,76.4,74.7,74.7,68.8,66.3,62.7,59.3,55.6,52.7,46.5,45.5,42.9,35.7,31.1,33.0,33.2,34.4,36.5,33.8,34.9,36.2,37.1,38.2,39.1,40.7
22:37:22.000,NaN,63.8,NaN,88.0,82.3,83.9,84.7,82.3,85.1,83.6,83.0,81.3,79.9,79.0,76.5,73.6,72.3,67.8,65.7,63.1,57.6,52.0,50.7,44.4,41.9,39.6,34.4,31.6,32.9,33.0,33.6,35.1,33.7,34.7,36.0,37.0,38.1,39.2,40.8
22:37:23.000,NaN,63.8,NaN,86.3,82.1,86.9,88.4,87.7,85.1,87.1,81.4,81.9,78.1,77.3,75.5,70.9,70.8,69.4,67.5,64.8,59.7,53.1,49.9,43.0,40.3,37.2,32.2,30.3,30.8,31.3,31.9,32.8,33.6,34.9,36.1,37.1,38.1,39.2,40.7
22:37:24.000,NaN,62.3,NaN,88.5,84.5,86.0,88.3,82.7,84.3,81.2,82.9,81.6,78.5,78.0,74.4,72.1,69.0,66.2,63.2,58.8,57.0,51.3,44.9,41.3,38.0,34.3,31.4,30.6,30.8,31.9,32.1,32.9,33.6,34.9,36.2,37.2,38.1,39.1,40.7
22:37:25.000,NaN,60.5,NaN,90.1,89.8,86.1,87.2,84.1,84.7,85.3,82.6,82.3,78.9,78.5,73.7,73.2,69.8,64.8,62.8,59.9,55.4,48.6,45.5,38.6,36.8,32.6,30.2,31.0,30.7,31.4,31.8,32.8,33.6,34.7,35.9,37.1,38.2,39.2,40.8
22:37:26.000,NaN,60.5,NaN,91.5,87.2,88.3,86.1,86.2,83.4,84.3,82.1,81.3,77.5,75.3,73.0,71.0,68.9,61.9,60.3,58.4,56.9,51.2,48.2,43.6,41.9,37.8,32.6,30.2,31.0,31.4,32.1,32.8,33.7,34.7,36.1,37.2,38.1,39.1,40.7
22:37:27.000,NaN,63.2,NaN,85.8,88.3,85.3,83.0,85.8,85.5,81.1,83.1,79.7,79.0,74.4,73.3,70.9,69.2,67.5,63.6,61.4,59.3,54.3,52.5,47.0,43.6,40.6,33.1,31.7,32.4,31.8,32.7,33.8,33.6,34.8,35.9,37.0,38.1,39.0,40.8
22:37:28.000,NaN,62.0,NaN,81.3,86.8,85.4,83.6,86.2,84.2,82.9,81.8,82.0,77.2,75.6,72.9,71.2,71.4,67.2,65.6,63.3,58.9,52.5,46.6,40.9,36.9,36.5,32.4,31.4,33.8,33.1,33.8,36.7,33.9,34.9,36.1,37.0,38.1,39.2,40.8
22:37:29.000,NaN,62.9,NaN,83.3,85.5,85.7,84.1,86.2,84.5,77.7,81.0,79.5,77.1,76.7,74.2,73.4,71.4,68.4,64.3,61.7,58.5,54.2,50.6,44.8,41.7,38.2,32.8,31.7,33.6,33.4,33.8,36.3,33.7,34.7,36.0,37.1,38.2,39.1,40.7
22:37:30.000,NaN,61.1,NaN,87.7,84.3,87.1,84.7,83.1,84.9,81.5,80.0,80.8,76.6,75.6,73.8,72.2,68.6,65.2,61.9,59.4,56.9,49.9,48.0,43.0,40.9,37.5,33.4,31.9,31.9,31.8,32.2,33.2,33.9,34.8,36.0,37.2,38.1,39.1,40.7
22:37:31.000,NaN,62.1,NaN,72.3,84.3,86.9,84.8,85.7,84.3,80.6,79.3,79.1,74.2,75.0,73.1,69.4,69.8,65.8,64.5,62.1,58.5,52.7,47.8,41.8,37.4,35.9,33.3,31.9,31.5,31.6,31.9,32.8,33.7,34.9,35.9,37.1,38.0,39.2,40.7
22:37:32.000,NaN,63.2,NaN,85.1,88.9,84.4,81.5,82.7,80.6,80.5,78.6,75.4,76.8,75.4,74.5,70.3,71.7,69.8,65.7,63.3,60.5,52.7,48.2,43.9,42.7,39.0,34.2,33.0,31.6,31.2,31.8,32.8,33.7,34.8,35.9,36.7,38.1,39.0,40.7
22:37:33.000,NaN,62.4,NaN,85.1,88.1,82.1,87.1,83.1,82.6,81.3,82.4,77.1,74.7,75.6,73.0,70.6,69.7,66.2,64.6,62.9,58.3,53.3,50.3,42.8,37.7,34.4,32.7,34.5,33.0,32.1,31.9,32.9,33.9,34.8,35.7,37.2,38.1,39.2,40.9
22:37:34.000,NaN,62.1,NaN,87.6,85.6,82.0,83.7,85.8,83.4,78.8,77.5,80.4,78.1,76.0,76.4,71.7,69.1,65.7,64.1,63.0,59.0,54.6,49.9,44.9,40.9,38.0,33.8,31.8,31.4,31.6,32.0,32.8,33.7,35.0,35.9,37.0,38.0,39.1,40.8
22:37:35.000,NaN,62.0,NaN,80.4,81.7,83.7,86.0,84.1,84.3,82.5,83.3,80.7,78.6,74.5,73.4,71.7,67.5,65.7,62.4,60.4,56.2,51.3,49.8,45.7,42.4,37.9,32.7,31.5,31.9,32.3,32.6,34.1,33.8,34.5,36.0,37.2,38.0,39.2,40.7
22:37:36.000,NaN,62.1,NaN,89.4,83.8,84.0,85.7,83.3,80.0,82.3,79.2,81.3,78.0,76.3,74.9,71.7,71.4,68.3,63.9,60.2,54.8,48.2,47.4,41.9,36.5,35.0,33.0,33.0,33.6,33.4,34.0,35.8,33.6,34.7,35.9,37.1,38.0,39.2,40.7
22:37:37.000,NaN,64.0,NaN,94.0,87.1,85.2,83.7,85.9,81.3,81.3,79.4,80.7,76.9,74.8,73.8,71.8,69.9,68.4,65.9,65.0,59.8,56.7,53.3,48.1,43.6,37.9,32.5,32.2,34.3,33.8,34.5,35.9,33.9,34.7,36.2,37.1,38.1,39.2,40.8
22:37:38.000,NaN,66.0,NaN,84.7,85.8,85.8,86.0,80.2,81.5,80.8,83.5,79.3,78.5,77.2,76.5,75.8,70.8,69.0,68.0,65.5,63.0,58.3,57.5,52.1,47.2,42.2,37.0,32.3,32.4,32.2,32.8,33.7,33.7,34.9,35.7,37.1,38.2,39.1,40.8
22:37:39.000,NaN,64.3,NaN,85.8,89.6,82.3,86.6,85.9,84.9,82.1,78.6,80.9,78.8,77.1,77.0,72.4,70.0,69.1,67.9,65.1,60.1,56.7,52.3,45.5,41.7,40.1,33.7,30.8,31.1,30.9,32.2,32.9,33.6,34.8,35.8,37.1,38.1,39.2,40.8
22:37:40.000,NaN,64.3,NaN,83.9,75.6,88.2,81.1,83.3,84.7,79.9,82.2,78.7,77.1,76.8,73.0,71.7,71.8,70.9,66.7,65.1,62.3,56.1,52.2,46.3,40.0,38.6,34.7,31.9,31.2,31.4,31.9,32.7,33.6,34.8,35.9,37.0,38.1,39.1,40.8
22:37:41.000,NaN,62.9,NaN,81.5,84.2,87.6,88.1,83.3,83.7,80.3,79.4,79.3,77.6,76.0,74.0,73.1,70.8,67.9,64.4,62.6,58.7,53.9,50.2,45.0,39.0,34.1,31.7,31.5,31.1,31.6,32.0,32.6,33.7,34.8,36.1,36.8,38.1,39.1,40.8
22:37:42.000,NaN,60.1,NaN,90.0,84.7,86.0,85.1,89.3,84.0,84.2,80.7,80.7,78.3,74.8,72.5,71.1,67.7,66.8,63.7,61.4,55.6,50.7,47.7,41.4,37.6,33.6,30.9,30.6,31.2,31.2,32.1,32.9,33.6,34.8,35.9,37.1,38.2,39.1,40.7
22:37:43.000,NaN,61.7,NaN,88.9,87.3,82.8,85.0,81.2,80.7,80.0,79.7,78.9,77.9,73.9,72.5,72.4,69.6,65.4,61.8,57.7,58.3,54.9,50.7,44.9,40.5,35.6,33.3,30.9,31.3,32.4,33.8,34.0,33.7,34.9,35.8,36.8,38.0,39.3,40.8
22:37:44.000,NaN,58.9,NaN,88.2,86.5,87.3,83.8,84.3,85.1,84.1,80.4,79.2,78.0,77.5,74.5,69.2,66.2,64.2,61.0,57.8,52.3,48.9,46.2,41.4,37.2,33.5,30.5,30.9,33.0,32.5,34.4,35.8,33.6,34.7,36.0,37.2,38.1,39.1,40.8
22:37:45.000,NaN,60.0,NaN,86.5,85.8,84.3,86.5,85.2,83.0,79.3,74.6,78.5,75.8,74.1,71.7,69.7,66.3,64.6,59.9,56.9,55.3,48.7,44.1,38.3,38.0,33.9,31.1,32.4,33.6,33.9,35.2,36.2,33.9,35.0,36.0,37.0,38.2,39.2,40.7
22:37:46.000,NaN,60.5,NaN,84.8,86.1,88.1,84.1,83.5,84.3,79.7,80.1,79.9,76.0,76.4,71.4,70.0,66.1,64.8,62.0,59.6,56.1,52.5,50.1,44.1,38.7,34.4,31.0,30.9,31.7,31.8,32.7,33.6,34.0,35.0,36.0,36.8,38.1,39.2,40.9
22:37:47.000,NaN,61.5,NaN,85.6,85.7,86.2,81.9,83.9,82.8,80.9,80.6,77.2,77.0,74.9,73.1,72.2,68.5,67.6,64.0,60.3,57.8,52.1,48.5,42.2,39.0,36.0,32.1,30.8,31.0,31.6,31.8,32.6,33.7,34.7,35.8,36.8,38.3,39.1,40.7
22:37:48.000,NaN,60.6,NaN,81.2,85.8,79.5,80.2,80.3,81.0,81.6,80.8,77.1,77.3,74.8,72.7,72.7,67.5,66.1,62.6,60.0,53.1,47.4,44.0,39.0,38.1,34.9,31.2,30.4,30.9,31.2,32.0,32.6,33.7,34.9,36.0,36.9,38.1,39.1,40.7
22:37:49.000,NaN,59.3,NaN,85.1,83.2,79.1,86.9,86.8,81.8,81.9,79.9,80.0,76.9,73.8,72.9,71.5,66.1,63.1,59.6,54.6,50.8,47.7,43.2,37.9,36.2,34.7,31.4,30.7,31.3,31.9,32.3,32.7,33.9,34.7,35.9,37.0,38.1,39.1,40.8
22:37:50.000,NaN,59.4,NaN,81.0,81.2,83.4,87.1,85.9,83.0,80.1,78.6,78.2,76.6,75.4,71.1,69.0,67.8,65.7,61.6,57.9,54.7,50.6,45.1,41.5,41.1,35.6,33.9,35.1,33.0,33.2,32.3,33.0,33.6,34.8,35.8,37.0,38.1,39.0,40.7
22:37:51.000,NaN,60.4,NaN,87.1,84.4,83.2,83.7,83.4,79.9,83.0,79.0,77.9,75.8,74.0,71.2,68.7,68.2,65.3,61.9,60.4,55.0,50.3,48.1,43.0,37.3,34.1,30.8,30.9,30.8,31.5,32.5,32.9,33.8,35.0,36.0,37.0,38.1,39.2,40.7
22:37:52.000,NaN,59.6,NaN,86.7,84.0,87.8,85.2,86.0,84.0,80.7,77.2,77.8,75.8,73.7,72.9,70.1,70.1,65.6,60.1,57.4,53.6,47.9,46.1,40.4,36.9,32.8,31.4,30.8,31.1,31.4,31.9,32.7,33.8,34.7,36.1,37.1,38.2,39.2,40.7
22:37:53.000,NaN,60.4,NaN,86.1,86.6,87.9,88.9,84.0,81.2,82.5,78.9,74.8,74.4,72.9,70.5,70.7,68.3,66.7,60.1,58.1,54.0,50.5,48.4,40.5,36.8,33.2,31.1,31.0,30.8,31.4,32.0,32.7,33.6,34.9,36.0,37.1,38.3,39.1,40.7
22:37:54.000,NaN,57.8,NaN,87.0,85.0,80.0,83.4,83.4,82.2,81.4,78.5,77.9,75.6,74.0,69.8,66.6,65.0,62.1,61.5,57.2,51.7,46.2,43.0,39.1,36.3,33.3,30.6,30.4,31.2,31.5,32.5,34.3,33.7,34.7,35.9,37.3,38.0,39.1,40.7
22:37:55.000,NaN,60.5,NaN,82.1,88.1,79.7,85.2,85.5,82.3,81.5,79.0,78.1,75.5,71.6,69.1,67.2,64.4,64.3,61.7,62.1,59.0,54.1,51.9,46.7,41.2,36.5,31.9,31.2,32.1,32.8,33.3,36.6,33.9,34.7,35.8,37.1,38.2,39.1,40.9
22:37:56.000,NaN,59.7,NaN,79.4,83.0,83.1,84.0,81.6,84.2,80.4,80.3,78.5,75.7,72.8,71.7,67.1,64.3,61.8,61.4,58.6,56.4,53.1,50.1,43.9,40.4,35.7,31.3,30.6,31.7,32.7,33.3,35.1,33.7,35.0,36.0,36.9,38.1,39.2,40.9
22:37:57.000,NaN,59.1,NaN,88.2,85.5,79.7,85.3,82.9,82.6,79.8,78.6,73.6,77.0,73.7,70.7,68.9,65.8,64.5,60.8,56.4,51.9,47.7,43.3,39.1,35.7,32.4,30.8,31.0,30.9,31.7,32.1,32.8,33.7,34.9,36.0,37.1,38.1,39.2,40.8
22:37:58.000,NaN,61.5,NaN,85.6,82.0,85.9,80.9,79.9,78.2,80.6,76.7,78.9,78.6,74.9,70.8,71.3,69.5,67.1,64.5,60.7,54.0,47.6,43.0,39.1,36.5,33.4,31.7,31.2,31.8,32.5,31.9,32.5,33.5,34.7,35.9,37.0,37.9,39.1,40.8
22:37:59.000,NaN,61.1,NaN,85.5,86.1,80.7,88.4,81.6,82.8,82.8,80.7,78.4,79.3,74.4,72.9,70.7,68.9,66.0,64.0,61.3,55.9,50.0,45.0,41.2,46.1,42.7,37.2,33.0,31.4,31.7,31.8,32.9,33.7,34.9,36.0,37.1,38.3,39.1,40.8
22:38:00.000,NaN,61.7,NaN,86.2,80.9,83.1,87.5,80.9,81.0,81.2,78.6,78.5,76.3,73.0,72.4,70.0,70.5,66.9,64.4,61.4,54.5,50.6,47.9,43.0,48.4,44.3,39.7,32.9,32.3,31.3,32.2,32.6,33.9,34.9,35.9,37.0,38.2,39.1,40.7
22:38:01.000,NaN,65.4,NaN,85.3,85.3,86.9,87.2,80.9,81.3,78.8,75.8,72.4,75.7,73.7,73.8,73.1,71.0,69.9,68.3,67.0,61.6,57.3,53.3,48.2,43.5,38.0,32.6,31.3,31.1,31.7,32.0,32.6,33.8,34.8,35.7,36.9,38.0,39.1,40.7
22:38:02.000,NaN,62.5,NaN,77.9,82.7,80.2,83.2,82.3,79.3,81.3,80.1,77.0,77.9,75.4,75.0,72.6,70.6,68.4,66.0,64.1,57.7,52.9,47.5,41.4,39.6,35.3,31.4,31.0,31.2,31.7,31.9,33.0,33.8,34.8,36.0,37.1,38.1,39.2,40.8
22:38:03.000,NaN,57.8,NaN,82.4,86.4,80.9,78.7,84.6,76.9,79.0,80.1,75.6,76.2,74.4,72.2,70.2,69.8,65.4,59.1,56.2,52.9,48.3,43.8,40.1,36.6,32.5,31.6,31.4,31.9,32.2,32.8,35.0,33.8,34.9,35.9,36.9,38.2,39.2,40.8
22:38:04.000,NaN,56.7,NaN,82.7,85.4,81.8,83.7,82.6,79.9,79.6,77.9,75.1,74.1,73.0,72.7,68.6,63.9,57.9,54.8,54.9,54.1,49.4,45.8,39.9,36.6,33.8,30.7,30.8,31.2,32.3,33.1,34.5,34.0,35.0,35.9,37.0,38.2,39.2,41.0
22:38:05.000,NaN,56.8,NaN,79.5,83.9,82.2,84.7,79.6,79.4,79.0,78.5,75.1,73.2,73.7,69.7,65.9,61.5,60.5,58.7,58.1,50.4,45.4,43.6,40.1,38.9,38.6,34.0,31.6,33.8,32.0,32.0,32.9,33.9,35.0,36.1,37.1,38.2,39.2,40.7
22:38:06.000,NaN,56.4,NaN,82.8,87.3,80.3,79.5,80.1,80.0,80.0,78.1,76.1,75.5,73.4,70.8,64.4,60.3,61.0,58.7,57.0,50.1,45.7,44.4,41.1,37.3,34.3,31.1,30.9,31.2,31.6,31.8,32.7,33.7,34.9,35.8,37.0,38.2,39.1,40.9
22:38:07.000,NaN,56.4,NaN,79.3,85.6,81.2,81.1,75.8,79.4,81.6,78.1,78.2,74.8,71.2,69.9,63.9,63.3,60.0,55.6,54.2,49.6,48.2,44.6,40.8,36.0,32.9,30.3,30.8,30.9,31.3,31.7,32.8,33.6,34.9,35.9,37.0,38.1,39.2,40.8
22:38:08.000,NaN,55.6,NaN,80.6,78.1,78.2,80.4,81.0,83.0,78.0,79.0,77.6,74.3,70.4,70.9,64.5,61.2,60.3,57.5,55.0,49.2,44.0,40.7,38.4,35.3,32.1,30.6,30.4,30.9,31.3,31.6,32.6,33.8,34.6,35.9,37.0,38.0,39.0,40.8
22:38:09.000,NaN,56.5,NaN,79.2,73.3,79.3,79.4,83.3,83.3,77.2,76.3,76.1,72.1,72.9,69.9,65.7,62.9,60.9,57.4,55.5,48.5,45.5,40.4,38.4,35.3,32.2,30.6,30.7,30.7,31.1,31.9,32.7,33.5,34.9,36.0,36.9,38.1,39.1,41.0
22:38:10.000,NaN,55.7,NaN,76.2,79.6,86.6,82.0,80.2,77.0,76.7,77.2,74.3,73.5,71.5,69.2,66.6,64.6,60.5,56.6,54.6,47.7,42.8,39.2,37.7,35.3,32.1,31.2,31.6,31.2,31.2,31.7,32.7,33.6,34.9,35.9,37.2,38.2,39.1,40.9
22:38:11.000,NaN,56.9,NaN,79.1,86.5,78.7,79.4,80.7,79.2,79.6,77.5,73.2,72.4,73.1,69.6,65.8,61.9,61.1,58.9,57.0,48.6,44.4,42.2,38.8,36.3,31.6,30.7,31.1,31.3,31.1,32.0,32.8,33.8,35.0,35.9,37.0,38.0,39.0,40.9
22:38:12.000,NaN,59.2,NaN,81.3,80.9,83.2,84.3,79.4,81.1,77.0,76.0,74.2,73.6,74.3,71.3,69.1,66.6,63.9,60.0,58.5,54.5,51.3,48.9,43.2,36.2,33.4,31.3,31.5,31.2,30.9,31.6,32.8,33.7,34.9,35.8,37.1,38.1,39.2,40.8
22:38:13.000,NaN,58.4,NaN,83.2,83.3,82.1,80.6,81.1,80.2,77.5,77.4,76.4,72.3,68.5,69.4,69.1,66.6,66.0,61.0,54.3,48.8,44.7,42.2,37.8,34.7,32.4,30.5,30.8,30.9,31.5,32.2,32.8,33.7,34.9,36.0,37.1,38.1,39.2,40.7
22:38:14.000,NaN,60.6,NaN,85.6,82.2,81.1,84.6,81.0,79.7,73.6,73.0,72.3,73.1,70.6,70.2,68.6,67.0,66.7,64.7,60.6,56.7,51.7,48.1,41.4,37.0,33.8,30.7,30.5,30.5,31.3,31.9,32.8,33.6,35.5,36.7,36.8,38.2,39.2,40.9
22:38:15.000,NaN,58.9,NaN,85.6,84.8,80.9,83.3,80.6,77.2,75.6,75.8,74.1,72.4,70.6,69.9,68.6,66.2,64.5,61.2,60.7,55.6,51.5,45.7,38.9,35.4,32.5,30.0,30.1,30.8,31.1,31.6,32.7,33.5,34.7,35.7,36.9,38.2,39.0,40.8
22:38:16.000,NaN,59.7,NaN,79.2,80.2,80.8,80.8,83.3,75.6,75.9,75.9,73.8,72.6,70.2,71.1,69.6,67.2,65.6,61.8,59.9,54.4,47.5,43.5,40.0,36.2,32.6,30.3,29.7,30.5,31.2,31.7,32.7,33.7,35.2,36.2,37.1,38.1,39.2,40.8
22:38:17.000,NaN,58.0,NaN,78.0,81.1,82.3,80.2,77.7,78.3,78.3,77.8,74.3,73.5,71.8,70.6,67.8,67.1,64.6,60.5,59.8,52.1,46.6,41.8,36.4,34.9,32.6,31.2,30.9,31.2,31.6,32.0,32.7,33.7,34.8,35.8,37.1,38.0,39.1,40.7
22:38:18.000,NaN,58.4,NaN,77.8,80.7,84.4,80.0,78.2,76.7,76.5,76.8,71.8,72.4,71.3,68.2,67.7,64.1,63.2,62.9,59.9,52.8,48.6,44.3,39.2,37.1,32.8,31.2,31.0,31.4,31.4,31.7,32.7,33.8,35.6,36.6,37.0,38.0,39.1,40.9
22:38:19.000,NaN,56.5,NaN,83.9,78.8,82.5,80.7,78.4,77.1,74.3,75.2,76.1,73.2,68.9,68.0,64.8,64.5,60.5,58.9,54.4,48.2,43.9,40.3,36.6,34.0,32.8,30.7,30.6,30.7,31.4,32.1,32.7,33.7,34.7,35.8,37.0,38.0,39.0,40.7
22:38:20.000,NaN,58.2,NaN,79.1,83.8,80.7,79.4,76.9,76.6,73.6,73.9,72.2,71.2,70.0,69.8,69.5,65.9,63.1,58.7,56.7,52.4,47.6,44.6,41.0,40.4,36.1,31.3,30.1,30.7,31.4,32.1,33.0,33.7,35.3,36.2,37.0,38.1,39.1,40.6
22:38:21.000,NaN,57.5,NaN,78.3,82.8,82.1,77.0,76.8,78.7,73.8,76.4,75.4,71.9,71.4,68.6,68.5,65.5,62.0,58.4,58.5,55.2,50.9,44.3,39.6,36.8,33.2,31.1,30.9,31.3,31.3,31.9,32.7,33.7,34.6,36.1,37.1,38.1,39.1,40.9
22:38:22.000,NaN,55.6,NaN,85.7,78.8,82.7,82.4,82.9,81.1,77.2,76.4,74.6,71.1,71.4,68.1,64.7,63.7,62.4,58.6,57.3,49.4,43.3,38.9,35.9,34.5,31.8,30.5,31.2,31.2,31.3,32.0,32.8,33.8,35.3,36.1,36.9,38.0,39.1,40.9
22:38:23.000,NaN,55.5,NaN,82.0,84.0,82.7,79.4,80.9,78.5,73.1,76.7,70.6,71.1,70.5,67.7,65.1,63.4,58.7,56.7,51.9,46.5,42.4,39.6,35.7,34.8,31.5,30.0,30.5,30.9,31.0,32.0,32.6,33.5,34.8,36.0,37.1,38.1,39.0,40.8
22:38:24.000,NaN,56.1,NaN,82.4,83.4,83.4,78.9,80.2,76.5,74.3,74.3,74.8,73.6,70.1,68.9,66.5,63.2,60.2,58.2,55.5,49.6,46.5,43.2,37.6,35.0,32.2,30.8,30.7,30.7,31.4,32.1,32.8,33.8,35.2,36.8,37.0,38.2,39.3,40.8
22:38:25.000,NaN,57.6,NaN,81.4,82.1,78.2,83.2,80.8,76.6,78.1,77.7,73.6,74.2,71.6,67.3,66.6,62.7,61.1,56.3,55.4,51.2,50.4,48.5,43.2,38.5,34.0,31.0,30.6,30.9,31.1,31.6,32.9,33.7,34.7,36.0,37.0,38.1,39.1,40.8
22:38:26.000,NaN,55.3,NaN,86.5,82.8,75.3,81.1,75.3,77.4,77.1,76.9,75.2,74.1,70.6,70.3,68.3,63.0,61.1,58.2,53.9,51.1,49.2,45.7,41.7,38.0,33.9,31.3,31.0,30.6,31.4,31.9,32.7,33.9,35.1,36.7,37.0,38.3,39.1,40.9
22:38:27.000,NaN,58.7,NaN,81.1,81.9,80.0,80.7,80.9,80.9,77.0,78.4,69.2,72.4,71.1,68.0,68.5,65.6,64.4,61.3,60.3,53.0,44.6,42.5,38.8,36.9,33.3,31.1,30.7,31.0,31.2,32.0,32.6,33.7,34.8,35.9,36.9,38.0,39.1,40.7
22:38:28.000,NaN,56.7,NaN,84.0,81.6,79.1,82.7,80.3,77.1,77.8,76.7,75.0,70.6,71.5,67.9,66.6,63.9,60.4,58.0,55.6,50.2,47.0,42.2,37.0,35.8,32.5,30.8,30.3,30.6,30.9,32.0,32.7,33.7,34.7,35.9,37.0,38.0,39.3,40.8
22:38:29.000,NaN,55.2,NaN,84.0,81.7,77.2,76.2,78.4,77.5,75.5,75.8,73.3,72.6,71.9,69.8,63.7,61.0,59.0,56.2,56.1,52.3,46.9,46.8,39.8,37.5,34.1,30.9,31.1,30.8,31.1,31.9,32.6,33.8,35.5,36.2,37.0,38.2,39.2,40.8
22:38:30.000,NaN,55.5,NaN,83.7,76.5,83.8,79.0,79.7,76.1,76.2,78.3,72.1,70.6,68.4,67.7,65.7,62.3,61.5,58.6,56.2,50.4,46.8,42.0,39.4,37.3,33.4,30.6,30.7,30.9,31.4,31.8,32.5,33.8,34.8,36.0,36.9,38.1,39.2,40.8
22:38:31.000,NaN,54.2,NaN,84.1,81.6,79.8,76.8,79.2,78.7,75.1,75.3,71.1,70.2,69.3,65.6,61.0,59.9,59.3,58.6,56.4,47.7,44.7,40.7,36.4,34.4,31.8,29.9,30.0,31.3,32.4,33.2,32.9,33.8,34.7,35.8,37.2,38.1,39.1,40.7
22:38:32.000,NaN,53.9,NaN,85.1,80.5,81.8,81.3,77.3,78.4,76.5,71.6,71.7,70.1,67.6,64.8,60.6,61.6,59.6,56.1,52.3,47.3,41.4,39.0,36.1,34.2,31.5,29.3,29.8,31.5,35.9,37.1,33.1,33.7,34.7,36.1,37.0,37.9,39.0,40.8
22:38:33.000,NaN,52.9,NaN,79.7,79.7,85.1,79.2,77.2,76.5,75.3,75.0,72.3,70.7,68.0,65.1,61.9,62.9,57.3,53.5,50.3,46.4,41.8,39.3,37.4,34.9,31.6,30.3,30.3,31.5,33.9,34.5,32.9,33.7,34.8,35.9,37.0,38.1,39.3,40.8
22:38:34.000,NaN,52.8,NaN,77.5,84.3,81.2,78.3,78.0,76.3,73.6,76.5,72.6,70.3,65.9,65.2,63.5,59.5,56.0,55.9,50.8,47.3,41.8,39.9,37.1,34.2,32.0,30.2,30.2,31.1,32.7,32.4,32.8,33.7,34.8,35.9,36.9,38.0,39.1,40.8
22:38:35.000,NaN,51.9,NaN,81.3,76.1,82.5,79.9,76.7,76.8,78.2,73.1,74.7,71.0,65.9,64.9,60.1,57.8,55.0,53.9,50.5,46.5,42.4,39.1,36.7,34.5,32.6,30.3,30.8,31.9,33.1,32.1,32.7,33.6,34.8,35.9,36.9,38.0,39.3,40.7
22:38:36.000,NaN,51.8,NaN,83.7,83.0,78.3,79.0,79.4,76.6,73.9,73.2,71.8,69.8,67.5,63.0,62.2,56.5,57.1,52.6,50.5,46.0,42.2,39.7,36.7,35.0,32.7,30.6,30.7,31.4,31.6,31.8,32.7,33.7,34.6,35.8,37.0,38.0,39.2,40.8
22:38:37.000,NaN,52.2,NaN,84.8,84.4,79.9,78.0,73.3,74.9,73.0,72.0,71.5,69.0,69.7,65.1,62.8,58.8,55.2,51.5,45.7,42.1,41.2,40.9,37.7,34.7,32.2,30.3,30.9,31.4,33.7,32.7,33.0,33.9,34.9,35.9,37.0,37.9,39.1,40.8
22:38:38.000,NaN,50.3,NaN,83.4,85.9,77.9,73.9,76.6,73.2,74.9,73.4,70.1,72.0,69.3,67.4,59.2,56.9,52.0,48.5,46.0,43.5,41.2,39.0,36.9,35.1,31.8,30.5,30.2,31.4,32.9,32.8,32.9,33.6,34.5,36.1,37.1,38.2,39.1,40.9
22:38:39.000,NaN,52.6,NaN,81.3,78.6,77.7,74.0,75.4,76.6,71.6,71.6,68.1,69.3,65.0,66.0,63.9,61.2,55.8,50.1,49.0,45.2,42.8,40.0,38.0,35.7,33.0,30.2,30.8,31.2,33.4,32.0,32.9,33.6,34.8,36.1,37.0,38.1,39.0,40.7
22:38:40.000,NaN,52.7,NaN,76.2,80.3,76.4,80.9,74.9,77.5,74.2,74.6,70.7,72.0,68.9,65.5,61.7,59.5,56.5,53.9,53.3,46.9,41.8,40.5,37.8,36.2,32.6,30.7,31.0,31.3,34.2,33.0,32.8,33.4,34.6,35.8,37.1,37.9,39.2,40.8
22:38:41.000,NaN,54.7,NaN,78.1,79.9,80.3,71.3,78.6,76.8,74.2,72.7,69.8,67.3,65.4,64.5,62.5,61.0,59.4,57.8,54.6,49.3,47.5,41.9,37.9,36.8,33.6,30.9,30.7,31.3,32.5,32.1,32.6,33.8,34.8,36.1,37.1,38.1,39.2,40.8
22:38:42.000,NaN,54.1,NaN,83.8,81.9,78.9,80.0,74.8,78.6,74.0,71.0,72.5,68.2,67.4,65.0,60.7,62.6,60.6,57.0,53.0,48.3,44.3,40.7,38.0,36.2,32.7,30.9,31.2,31.6,33.1,32.3,32.9,33.6,34.6,36.0,37.0,38.1,39.1,40.8
22:38:43.000,NaN,53.9,NaN,83.3,79.1,83.1,77.5,73.4,75.8,73.2,70.5,71.8,67.5,67.0,65.2,64.9,59.4,58.9,56.1,52.9,49.8,45.6,40.0,39.1,36.2,32.9,30.9,31.4,31.2,34.2,33.3,33.1,33.6,34.6,35.8,37.0,38.0,39.2,40.8
22:38:44.000,NaN,51.6,NaN,72.7,84.9,79.4,76.7,77.7,73.8,72.8,74.1,69.3,70.8,66.7,65.3,62.5,59.5,55.8,52.4,49.7,44.3,41.7,38.4,37.4,36.5,33.3,30.7,30.3,31.3,33.0,33.5,32.7,33.7,34.7,35.9,37.0,38.2,39.3,40.7
22:38:45.000,NaN,54.4,NaN,68.8,80.1,78.2,76.0,79.2,73.4,72.1,73.1,70.3,69.2,67.2,64.7,64.3,63.0,59.0,53.3,53.4,47.5,44.2,39.6,36.6,35.1,32.7,30.7,30.2,31.3,32.5,32.7,32.9,33.5,34.9,35.9,37.0,38.1,39.2,40.9
22:38:46.000,NaN,56.2,NaN,76.1,81.8,74.6,76.0,76.8,74.1,75.3,71.8,72.9,70.5,69.3,66.1,63.1,60.0,59.8,55.5,57.0,54.1,48.3,45.0,38.4,35.3,31.6,29.8,30.8,31.5,32.5,32.3,32.8,33.7,34.8,36.0,37.0,38.2,39.1,40.8
22:38:47.000,NaN,54.4,NaN,79.2,79.6,79.5,78.6,76.2,75.3,76.2,74.1,72.5,70.8,68.2,67.8,65.2,58.8,60.2,57.1,58.5,51.2,47.1,41.9,37.6,35.0,32.4,30.2,30.6,31.2,32.1,32.1,32.6,33.6,34.7,35.9,36.9,38.1,39.1,40.7
22:38:48.000,NaN,52.8,NaN,70.3,80.1,77.6,75.0,78.5,75.9,73.9,72.8,72.0,69.9,69.1,66.2,62.5,58.3,54.5,55.2,53.9,48.7,44.2,39.7,37.4,35.2,33.1,31.0,31.0,31.4,31.8,32.0,32.8,33.7,34.7,36.0,37.1,38.2,39.2,40.7
22:38:49.000,NaN,51.6,NaN,77.9,76.0,79.2,77.6,79.5,74.3,75.3,74.3,74.3,69.2,69.0,67.0,60.1,55.5,53.2,52.2,51.1,45.5,42.4,39.7,37.5,35.5,33.0,31.1,31.2,31.3,32.6,32.4,32.9,33.8,34.8,36.0,37.1,38.1,39.2,40.8
22:38:50.000,NaN,50.8,NaN,79.3,73.6,80.6,78.3,78.7,77.7,74.2,75.2,73.1,70.7,65.4,63.2,59.8,56.4,53.2,50.3,48.6,45.3,42.9,40.8,37.1,36.1,33.5,31.7,31.4,32.0,34.2,33.7,32.6,33.7,34.8,36.0,37.0,38.1,39.1,40.9
22:38:51.000,NaN,53.0,NaN,80.2,77.5,78.6,79.3,74.1,75.4,74.9,74.6,71.3,71.7,69.9,64.9,62.2,59.2,55.5,52.0,49.3,46.3,45.2,40.5,38.0,35.6,32.9,31.6,31.0,31.8,33.6,32.5,32.8,33.7,34.8,35.9,37.1,38.2,39.2,40.8
22:38:52.000,NaN,52.4,NaN,80.3,74.8,80.3,77.3,78.0,75.5,75.1,71.0,75.3,69.4,66.0,65.1,56.5,58.6,56.1,55.4,51.4,46.8,44.3,39.6,37.3,35.3,32.9,31.1,31.0,31.2,33.6,32.6,32.8,33.5,34.6,35.9,37.0,38.2,39.3,40.7
22:38:53.000,NaN,54.2,NaN,78.7,77.5,79.1,76.7,75.9,72.4,72.0,71.8,73.3,72.5,70.4,67.3,64.1,60.7,59.7,56.2,51.8,46.1,44.4,40.6,39.0,36.5,32.6,31.1,30.6,31.2,31.8,32.1,32.7,33.6,34.7,35.8,37.0,38.2,39.2,40.8
22:38:54.000,NaN,53.7,NaN,78.7,81.8,83.5,76.9,78.7,76.2,77.0,73.2,71.6,69.0,68.6,67.7,63.4,60.3,57.3,54.7,50.8,47.2,45.9,41.1,38.1,35.2,32.6,30.7,31.0,31.1,31.2,31.9,32.7,33.7,34.7,35.9,36.9,38.2,39.2,40.8
22:38:55.000,NaN,55.8,NaN,79.9,79.6,80.2,78.5,77.2,76.4,75.2,72.6,71.8,68.1,69.5,67.0,64.9,63.1,58.2,58.7,53.7,50.8,47.3,44.6,41.9,37.9,34.1,31.2,31.2,30.9,33.6,32.6,32.9,33.9,34.6,35.8,37.1,38.1,39.2,41.0
22:38:56.000,NaN,55.1,NaN,78.0,76.8,76.4,76.6,74.9,74.4,76.8,73.6,71.6,68.7,68.8,67.4,64.0,63.6,60.8,57.4,53.4,50.6,47.8,43.6,41.0,37.0,32.7,30.8,30.4,31.3,33.3,32.4,32.3,33.8,34.6,36.0,37.1,38.1,39.1,40.7
22:38:57.000,NaN,53.9,NaN,80.5,78.7,76.7,76.7,74.8,76.0,74.2,72.9,72.4,69.0,67.5,65.7,63.2,62.2,59.5,58.0,55.8,48.0,43.9,42.7,38.4,34.4,32.2,30.4,30.4,31.2,32.8,32.2,32.8,33.8,34.7,35.9,37.0,38.1,39.2,40.7
22:38:58.000,NaN,52.0,NaN,76.4,78.7,78.4,76.7,76.2,74.6,75.4,74.2,70.4,69.2,67.3,62.8,62.7,60.5,57.7,55.6,50.8,42.8,40.8,38.2,36.3,34.8,32.5,30.8,31.3,31.4,32.7,32.0,32.9,33.7,34.9,35.9,37.0,38.0,39.2,40.8
22:38:59.000,NaN,50.1,NaN,79.8,79.6,77.7,76.2,79.8,75.9,71.9,72.9,69.9,68.8,64.1,63.7,58.5,57.0,55.3,52.0,46.5,41.2,41.4,38.6,36.1,34.8,32.8,30.9,30.8,31.6,32.9,32.2,32.6,33.8,34.9,35.8,37.1,38.1,39.2,40.8
22:39:00.000,NaN,49.2,NaN,83.0,74.4,78.6,78.0,75.3,75.5,72.9,74.9,70.6,68.8,66.8,61.2,58.5,56.3,50.5,46.7,45.3,42.9,39.1,37.4,36.3,35.6,32.1,31.5,31.0,31.8,34.4,33.1,32.8,33.7,34.7,35.8,37.0,38.1,39.1,40.7
22:39:01.000,NaN,50.6,NaN,81.6,74.9,78.3,78.0,76.5,72.5,71.8,71.0,71.5,68.7,65.2,60.5,59.7,55.7,51.2,48.9,48.1,42.4,40.3,37.7,36.1,34.8,32.3,30.9,30.7,31.0,33.2,32.5,32.4,33.8,34.7,36.0,36.7,38.2,39.2,40.9
22:39:02.000,NaN,50.5,NaN,75.6,81.0,78.9,76.9,76.6,74.9,75.2,71.8,72.1,70.1,65.2,63.4,57.3,55.9,53.1,50.5,51.3,45.9,43.1,40.0,37.1,35.2,31.7,30.5,30.8,30.7,31.7,32.0,32.8,33.7,34.7,35.8,37.1,38.2,39.2,40.6
22:39:03.000,NaN,51.2,NaN,81.6,78.1,74.2,78.8,72.2,75.0,74.0,73.1,70.3,69.6,67.2,62.7,58.5,55.8,57.4,54.3,52.3,46.5,43.1,39.8,37.4,35.0,31.9,31.0,30.4,31.0,32.1,32.2,32.9,33.7,34.8,35.9,37.0,38.1,39.1,40.9
22:39:04.000,NaN,51.1,NaN,77.6,71.0,74.1,77.5,75.2,76.0,74.1,72.1,69.5,67.3,63.2,63.8,60.6,54.6,53.5,52.0,50.7,47.8,42.7,38.4,37.2,34.6,32.3,30.4,30.1,30.7,31.6,32.1,32.8,33.5,34.9,35.9,37.1,38.1,39.1,40.9
22:39:05.000,NaN,49.6,NaN,79.3,69.0,77.2,77.4,75.6,71.3,73.3,74.4,72.2,68.1,63.9,62.6,58.2,56.0,51.5,51.7,48.3,44.0,41.4,39.3,37.1,35.4,32.7,30.7,31.5,31.2,33.4,32.7,32.7,33.6,34.9,35.8,36.9,38.1,39.1,40.9
22:39:06.000,NaN,52.1,NaN,82.5,74.8,76.7,79.5,75.0,71.5,73.2,69.6,70.9,68.1,65.2,63.7,61.1,58.1,53.1,50.7,47.7,44.7,43.4,40.1,37.3,35.8,32.3,30.5,30.7,31.4,32.6,32.3,32.7,33.7,34.8,35.9,37.0,38.1,39.2,40.8
22:39:07.000,NaN,51.0,NaN,80.0,80.6,78.5,78.2,73.0,73.2,71.9,69.4,69.8,67.7,65.7,63.7,61.0,58.8,56.9,53.7,51.3,46.0,43.1,39.8,37.4,35.7,32.0,30.7,30.7,31.4,32.3,31.9,32.9,33.5,34.5,35.9,36.9,38.0,39.2,40.8
22:39:08.000,NaN,54.5,NaN,83.7,78.3,76.4,76.5,73.0,72.7,73.0,70.4,67.9,65.1,65.9,64.3,62.0,62.9,60.1,57.8,52.5,49.2,48.6,42.3,38.1,35.7,32.4,30.7,30.6,30.6,32.5,32.0,32.8,33.6,34.7,35.9,36.9,38.1,39.1,40.9
22:39:09.000,NaN,52.0,NaN,79.3,73.2,74.6,80.4,76.5,76.0,72.4,71.3,71.2,68.6,65.1,62.9,61.9,59.9,56.8,53.7,50.8,44.1,39.8,39.6,37.9,35.2,31.9,30.3,30.5,31.1,31.9,31.8,32.7,33.7,34.7,36.0,37.1,38.2,39.3,40.8
22:39:10.000,NaN,51.0,NaN,76.3,77.1,76.8,80.2,72.9,70.7,72.9,70.4,69.9,67.2,65.0,61.5,61.0,58.3,55.2,52.1,47.7,42.2,40.4,37.5,36.7,34.4,32.2,30.4,30.8,31.3,33.0,32.4,33.1,33.8,34.7,35.9,37.0,38.2,39.2,40.9
22:39:11.000,NaN,50.0,NaN,78.6,74.4,69.5,78.4,77.3,75.7,70.6,68.6,68.9,65.8,67.8,65.5,62.2,58.0,54.7,52.1,49.7,43.8,41.7,37.5,36.9,35.0,32.0,31.0,30.4,31.1,33.3,32.1,32.9,33.7,34.9,35.9,37.1,38.1,39.2,40.8
22:39:12.000,NaN,51.1,NaN,80.4,76.6,75.9,72.7,72.5,74.9,70.1,72.0,68.3,66.9,64.4,64.6,62.3,55.5,51.5,48.5,47.5,43.3,42.6,40.0,36.6,34.6,32.6,30.5,30.4,30.8,31.3,32.0,32.9,33.7,34.6,35.7,36.9,38.0,39.2,40.8
22:39:13.000,NaN,48.6,NaN,86.2,79.7,80.1,75.6,75.3,74.6,75.2,72.9,68.9,66.9,67.7,65.5,58.0,53.8,49.3,47.2,46.8,42.8,40.1,37.2,36.6,33.9,32.5,30.9,30.4,30.7,31.6,32.2,33.0,33.8,34.8,35.7,36.9,38.3,39.2,40.8
22:39:14.000,NaN,49.8,NaN,76.6,78.9,80.1,70.4,72.8,74.7,69.3,67.8,66.6,68.8,66.3,64.5,59.4,54.9,50.5,51.8,47.7,45.5,41.5,39.6,36.1,34.0,31.6,31.0,30.2,30.6,30.9,31.8,32.8,33.7,34.8,36.0,37.0,38.0,39.1,40.8
22:39:15.000,NaN,47.2,NaN,79.2,77.0,79.7,75.4,73.5,74.5,73.8,73.0,69.7,63.8,63.7,61.0,54.6,51.9,51.6,48.1,45.4,42.6,39.1,39.1,35.7,34.4,32.1,31.2,30.5,31.1,31.1,31.9,32.7,33.5,34.7,35.9,37.0,38.3,39.1,40.8
22:39:16.000,NaN,50.7,NaN,80.0,76.2,76.0,75.8,71.8,71.8,69.9,68.5,66.8,66.5,62.1,59.8,57.3,55.3,50.5,51.3,50.7,46.0,40.7,38.9,35.9,34.2,32.0,30.2,30.3,31.0,31.5,31.6,32.7,33.7,34.8,35.9,36.8,38.3,39.1,40.9
22:39:17.000,NaN,48.0,NaN,82.4,75.8,78.3,72.5,72.5,70.5,72.8,68.3,69.1,66.4,65.0,61.3,54.8,54.1,51.6,51.0,47.3,43.0,39.9,38.5,35.6,33.5,31.5,30.7,30.2,30.8,31.2,31.8,32.7,33.6,34.6,36.0,37.1,38.0,39.1,40.7
22:39:18.000,NaN,47.2,NaN,79.9,75.0,77.8,72.2,72.3,73.3,73.4,70.7,68.1,64.6,63.1,60.5,58.2,54.2,50.3,49.6,42.7,41.1,39.7,38.2,36.6,34.9,31.8,30.2,30.5,30.9,30.9,31.9,32.7,33.6,34.6,36.0,36.9,38.1,39.3,40.8
22:39:19.000,NaN,48.7,NaN,76.2,75.3,74.7,71.9,74.6,75.2,67.0,68.3,66.4,66.0,65.7,62.3,58.7,54.0,51.7,49.9,46.7,43.0,39.9,39.0,36.4,34.2,31.9,30.2,30.6,30.4,31.3,32.1,32.9,33.5,34.8,35.9,37.0,38.2,39.3,40.8
22:39:20.000,NaN,49.5,NaN,71.3,69.4,78.2,70.2,67.5,71.0,68.7,67.9,66.6,64.0,60.8,60.1,58.3,56.4,52.3,50.4,48.1,45.2,40.9,37.9,36.2,34.5,31.5,29.7,29.9,30.8,30.7,31.8,32.8,33.4,34.9,35.7,37.1,38.1,39.1,40.8
22:39:21.000,NaN,49.1,NaN,77.1,80.4,76.8,75.3,71.4,68.2,71.3,69.5,65.9,66.9,62.9,63.1,58.5,56.8,51.5,51.1,48.4,45.6,41.0,37.9,36.0,33.9,31.4,30.1,29.9,31.7,32.1,32.0,32.9,33.7,34.9,35.9,36.9,38.0,39.2,40.9
22:39:22.000,NaN,50.1,NaN,80.4,79.9,73.9,66.3,72.9,72.5,70.8,67.9,66.8,67.1,63.4,61.8,59.2,57.3,52.8,51.4,47.2,44.0,40.6,38.1,34.7,34.1,31.2,30.2,30.8,31.4,33.3,32.3,32.7,33.6,34.8,35.9,37.0,38.1,39.4,41.0
22:39:23.000,NaN,47.7,NaN,77.2,73.6,73.0,71.8,74.6,68.6,68.1,68.4,68.5,66.0,61.7,62.2,57.4,54.7,55.4,51.6,47.6,41.4,39.1,37.6,35.4,34.3,31.6,30.7,30.3,30.5,31.2,32.0,32.5,33.7,34.9,35.9,37.1,38.1,39.3,40.8
22:39:24.000,NaN,50.2,NaN,78.4,75.5,70.1,75.1,73.0,69.2,71.0,70.0,68.1,65.9,60.6,64.7,58.9,55.8,56.0,53.7,49.2,43.0,40.5,39.6,36.4,34.9,32.0,31.2,30.4,30.8,31.5,32.0,32.9,33.3,34.6,35.9,37.0,38.1,39.1,40.8
22:39:25.000,NaN,48.9,NaN,75.7,74.1,77.8,74.3,72.3,71.5,71.2,72.0,70.3,65.6,64.0,63.2,56.3,53.9,52.8,49.3,47.3,40.6,39.4,37.3,36.9,34.6,31.6,30.4,30.5,30.7,31.0,31.7,32.7,33.7,34.7,35.9,37.0,38.2,39.3,40.8
22:39:26.000,NaN,49.3,NaN,74.3,78.0,77.3,75.9,74.1,70.1,70.9,68.6,65.7,63.9,62.2,60.9,57.5,54.1,50.5,51.0,47.8,44.3,40.0,38.3,35.9,34.6,31.4,30.4,30.5,30.7,31.4,32.0,32.7,33.7,34.6,35.9,37.0,38.2,39.1,40.9
22:39:27.000,NaN,50.1,NaN,79.9,77.6,77.1,75.2,72.9,70.2,66.9,69.0,67.0,65.6,65.2,61.6,59.9,56.5,55.6,53.2,47.7,43.0,40.9,36.9,35.9,34.2,31.7,30.1,30.4,30.8,31.4,31.7,32.7,33.5,34.9,35.9,36.9,38.0,39.1,40.8
22:39:28.000,NaN,49.7,NaN,78.0,81.7,73.8,75.6,75.0,68.1,70.4,69.2,65.9,66.6,66.8,63.0,57.1,54.5,52.2,49.5,44.0,39.9,38.1,36.2,35.8,33.3,31.5,29.9,30.2,31.0,31.1,31.6,32.8,33.6,34.7,35.6,36.8,38.1,39.1,40.9
22:39:29.000,NaN,48.5,NaN,74.8,74.5,72.0,76.9,70.0,71.8,65.9,65.8,66.3,66.4,65.0,62.0,59.1,55.2,54.3,54.3,51.7,43.4,40.1,38.6,36.9,34.5,31.1,30.0,30.1,30.9,31.8,32.0,32.5,33.6,34.6,35.9,37.1,38.2,39.2,41.0
22:39:30.000,NaN,51.4,NaN,80.1,76.5,75.3,78.5,72.7,69.0,69.1,67.3,67.8,67.7,66.2,66.2,57.9,56.2,53.8,53.9,50.2,45.9,43.7,40.9,36.3,34.5,32.0,30.2,30.3,30.8,32.8,31.8,32.8,33.5,34.7,36.1,37.1,38.1,39.1,40.9
22:39:31.000,NaN,50.2,NaN,77.8,76.5,75.2,72.9,74.6,69.2,69.3,64.4,69.4,63.2,63.9,62.6,61.0,57.0,52.7,50.5,46.4,42.9,40.9,36.9,34.7,33.5,31.3,30.2,30.1,31.1,32.6,32.1,32.8,33.6,34.8,35.8,37.2,38.1,39.1,40.7
22:39:32.000,NaN,49.5,NaN,79.5,76.4,75.1,76.9,71.3,71.2,66.1,67.5,69.5,67.3,64.2,63.4,62.1,57.2,51.8,49.5,50.7,42.5,39.1,37.4,34.9,33.6,30.9,30.4,30.3,30.5,31.0,32.0,32.7,33.7,34.8,35.9,37.0,38.1,39.2,40.8
22:39:33.000,NaN,48.2,NaN,78.5,78.3,77.7,75.7,73.9,66.9,66.3,67.2,67.8,62.6,62.5,60.4,59.1,57.0,53.5,50.8,44.6,40.8,38.1,36.5,34.5,34.1,31.1,30.1,30.3,31.0,31.5,31.6,32.8,33.6,34.8,36.0,37.0,38.2,39.2,40.8
22:39:34.000,NaN,47.5,NaN,75.6,78.1,75.1,74.9,74.2,70.3,66.1,67.5,65.5,64.4,64.2,59.4,57.1,56.2,53.9,46.7,43.4,40.5,38.1,36.9,34.7,34.3,31.2,29.8,29.9,30.5,31.3,31.6,32.7,33.7,34.7,35.9,37.0,38.1,39.2,40.8
22:39:35.000,NaN,46.8,NaN,78.1,74.7,71.4,74.7,72.1,71.8,67.7,68.0,65.1,65.1,64.7,60.0,53.5,53.0,48.0,46.9,46.1,41.4,39.0,36.3,35.6,34.5,31.9,30.1,30.6,30.8,30.8,31.8,32.7,33.7,34.8,35.8,37.0,38.2,39.1,40.9
22:39:36.000,NaN,45.4,NaN,76.2,81.7,74.3,73.1,73.7,67.4,69.2,70.8,67.0,65.5,63.1,59.2,50.2,46.1,46.9,45.8,41.8,40.2,38.3,36.8,34.4,34.1,31.9,30.1,30.4,30.6,31.2,31.9,32.8,33.6,34.6,35.8,37.1,38.0,39.2,40.8
22:39:37.000,NaN,45.2,NaN,77.7,78.9,72.5,76.5,74.8,70.4,66.3,65.3,64.9,62.8,61.8,58.6,54.0,47.0,47.0,43.6,41.7,40.4,39.3,37.9,36.4,35.1,32.2,30.4,31.2,31.0,31.9,32.0,32.7,33.6,34.8,35.8,37.1,38.1,39.3,40.8
22:39:38.000,NaN,46.4,NaN,72.9,75.2,79.3,75.7,72.0,69.0,68.4,65.8,62.6,62.1,59.2,53.0,49.9,48.7,49.3,47.7,43.2,40.5,39.2,37.8,36.1,35.7,32.5,31.3,31.1,31.1,31.3,31.9,32.6,33.7,34.8,35.8,36.9,38.2,39.2,40.9
22:39:39.000,NaN,45.6,NaN,75.5,71.4,71.9,72.5,71.7,67.6,65.4,64.6,66.2,62.6,61.2,54.5,55.1,50.9,51.2,45.3,41.7,38.9,38.4,37.3,36.5,35.4,32.4,30.1,30.4,31.2,31.5,32.1,32.6,33.8,35.0,36.0,37.0,38.0,39.2,40.9
22:39:40.000,NaN,44.7,NaN,74.6,70.5,68.5,72.7,70.8,67.4,71.4,65.0,64.1,61.4,59.4,56.6,52.5,51.7,49.5,47.0,43.1,38.2,38.5,36.5,35.9,34.6,31.8,30.1,30.6,30.6,31.4,31.9,32.5,33.7,34.7,35.9,37.0,38.0,39.2,40.8
22:39:41.000,NaN,45.1,NaN,72.4,76.7,76.0,75.3,73.6,67.8,64.2,66.7,64.3,62.9,58.6,56.4,52.1,49.8,48.0,46.2,42.8,39.5,36.6,35.9,35.0,33.8,31.1,30.5,30.6,30.8,31.4,31.9,32.7,33.7,35.0,35.6,37.0,37.9,39.3,40.8
22:39:42.000,NaN,44.5,NaN,75.5,76.0,77.1,73.2,72.6,66.2,58.8,66.0,64.4,60.5,55.0,56.2,51.7,49.9,47.1,44.3,44.2,40.8,37.8,36.1,35.5,33.7,31.8,30.3,30.2,31.1,31.3,31.7,32.6,33.7,34.9,35.9,36.9,38.0,39.3,40.8
22:39:43.000,NaN,46.1,NaN,65.9,73.1,70.8,72.2,74.4,65.1,63.6,67.2,62.2,60.6,58.6,58.6,54.8,51.8,47.9,45.8,41.5,40.7,37.4,36.4,35.5,34.0,31.8,30.4,30.1,30.9,31.4,32.0,32.6,33.6,34.9,35.9,37.0,38.1,39.2,40.8
22:39:44.000,NaN,45.2,NaN,68.7,73.4,71.7,68.6,69.1,67.0,66.8,63.8,64.9,61.0,58.8,59.9,53.4,51.7,50.0,43.5,39.8,38.2,38.6,36.4,35.4,34.2,32.3,29.9,30.3,30.8,31.5,31.7,32.9,33.8,34.8,36.0,37.1,38.2,39.3,40.8
22:39:45.000,NaN,45.4,NaN,65.1,67.4,70.9,71.6,70.0,65.4,67.0,62.9,61.7,60.9,61.2,59.2,55.3,51.5,51.0,44.2,40.7,38.6,38.0,35.9,35.4,34.1,32.5,30.3,30.2,30.8,31.5,31.8,32.8,33.7,34.6,35.8,36.9,38.2,39.3,40.9
22:39:46.000,NaN,44.2,NaN,68.9,72.2,68.7,71.4,70.1,67.2,66.0,65.1,62.1,59.5,59.8,58.1,51.8,47.1,44.3,42.9,41.4,39.8,36.7,35.7,34.9,34.7,32.1,30.5,30.5,30.9,31.0,31.8,32.7,33.6,34.6,35.9,37.0,38.1,39.3,40.7
22:39:47.000,NaN,43.5,NaN,73.3,73.7,69.9,74.7,70.3,68.5,64.1,64.6,61.3,58.9,58.2,55.4,51.6,45.8,41.9,42.2,40.7,38.1,37.2,36.7,34.8,33.7,32.3,30.2,30.2,30.5,31.4,31.8,32.6,34.0,34.7,36.0,37.0,38.2,39.1,40.9
22:39:48.000,NaN,43.6,NaN,70.9,73.8,74.1,74.1,70.9,72.3,62.3,60.8,61.7,58.9,57.1,55.9,51.7,46.4,44.6,42.8,41.3,39.5,37.4,36.4,34.8,33.7,31.4,29.4,29.9,30.1,31.3,32.0,32.7,33.8,34.6,35.9,37.0,38.1,39.2,40.9
22:39:49.000,NaN,44.6,NaN,70.5,73.8,70.7,67.5,70.3,67.7,64.3,64.5,63.3,60.4,57.4,57.5,52.1,47.7,46.5,43.4,40.7,38.9,36.8,36.6,35.2,33.1,31.0,30.3,30.0,30.8,31.0,31.7,32.5,33.5,34.8,35.9,37.0,38.1,39.2,40.8
22:39:50.000,NaN,43.9,NaN,65.3,69.9,71.7,67.6,70.5,68.2,65.1,64.6,63.3,59.5,54.5,55.3,50.1,49.3,46.8,43.4,40.4,39.3,37.9,37.3,35.8,34.7,31.7,30.2,30.2,31.1,31.0,32.0,32.8,33.8,34.8,35.9,37.0,38.0,39.2,40.7
22:39:51.000,NaN,44.1,NaN,70.8,74.9,69.4,67.2,66.4,65.3,64.2,65.2,62.2,61.0,57.8,54.3,50.4,50.4,47.1,46.1,41.0,39.4,36.6,36.7,37.0,34.6,32.0,30.9,30.6,30.9,31.1,31.7,32.9,33.8,34.7,36.0,37.0,37.9,39.2,40.8
22:39:52.000,NaN,44.3,NaN,72.3,76.6,73.8,69.9,69.4,69.5,66.7,64.0,61.6,59.4,57.1,55.4,47.5,46.9,45.5,44.5,39.7,39.1,38.4,37.9,36.2,34.9,31.9,31.2,29.9,30.7,31.0,31.9,32.7,33.5,34.7,36.0,36.8,38.1,39.2,40.8
22:39:53.000,NaN,43.8,NaN,77.9,73.1,67.1,69.1,70.7,67.4,65.6,62.1,62.9,61.0,57.7,56.8,49.7,46.0,43.1,39.9,38.7,38.6,37.3,36.9,36.1,33.4,31.8,30.9,30.5,30.4,31.1,32.0,32.9,33.7,34.6,36.0,37.1,38.1,39.2,40.8
22:39:54.000,NaN,43.3,NaN,76.7,67.7,68.0,66.6,64.1,67.5,64.8,63.4,61.7,60.0,60.4,55.6,46.1,42.6,42.1,40.1,38.6,37.2,36.2,36.1,35.5,33.6,31.8,30.3,30.3,30.6,31.0,32.0,32.7,33.6,34.9,35.9,37.1,38.1,39.3,40.8
22:39:55.000,NaN,44.8,NaN,70.5,74.0,68.5,68.8,67.9,68.5,62.6,57.9,58.8,59.7,58.1,57.9,53.9,52.1,48.3,45.3,42.1,39.1,37.4,35.9,35.3,34.2,31.8,29.8,30.7,30.9,30.7,32.0,32.7,33.9,34.8,35.9,37.0,38.1,39.1,40.9
22:39:56.000,NaN,44.0,NaN,67.8,74.7,66.2,68.3,65.9,67.3,66.1,61.4,61.2,59.8,59.2,58.2,52.1,45.7,45.2,42.6,40.2,37.5,37.5,36.9,35.4,34.8,32.4,30.2,30.5,30.6,31.1,31.9,32.6,33.8,34.6,36.0,36.9,38.1,39.4,40.9
22:39:57.000,NaN,43.7,NaN,66.6,74.2,66.9,62.9,71.4,68.9,63.5,58.7,60.4,59.2,52.8,56.5,52.0,48.0,45.2,42.1,40.1,37.5,36.6,36.7,34.9,34.0,31.0,30.3,30.5,30.5,30.8,31.9,32.7,33.6,34.9,35.8,37.1,38.1,39.1,40.9
22:39:58.000,NaN,44.2,NaN,72.5,71.4,72.9,68.7,70.5,65.7,65.3,62.5,62.9,61.5,56.3,54.3,52.3,49.8,45.6,42.8,42.3,36.7,36.1,36.6,36.2,34.2,31.4,30.1,29.9,30.4,30.7,32.0,32.6,33.8,34.6,35.9,37.0,38.1,39.1,40.9
22:39:59.000,NaN,43.4,NaN,70.7,70.7,69.1,67.1,68.7,66.6,66.8,65.0,63.1,58.9,53.8,52.4,47.6,46.8,46.4,46.6,41.7,38.7,36.9,36.0,34.4,34.1,31.6,30.4,30.3,30.7,31.3,32.0,32.4,33.9,34.9,35.8,37.1,38.0,39.2,40.8
22:40:00.000,NaN,42.4,NaN,70.7,75.1,70.8,70.2,71.6,66.3,65.3,63.1,59.9,56.6,57.2,53.3,45.4,46.2,46.2,42.0,39.0,39.2,35.8,36.1,34.2,33.8,31.3,29.9,29.8,31.0,31.2,31.6,32.6,33.5,34.7,36.0,36.9,38.1,39.3,40.8
22:40:01.000,NaN,42.6,NaN,75.5,74.3,74.2,71.5,70.2,67.8,63.3,60.3,58.0,51.8,55.0,56.9,44.9,42.2,42.0,41.4,39.3,38.1,36.8,36.2,35.2,34.3,31.5,30.1,30.3,30.7,31.2,31.8,32.9,33.7,34.7,35.9,37.0,38.0,39.3,40.9
22:40:02.000,NaN,42.1,NaN,71.6,74.2,72.8,70.9,64.4,65.4,60.8,61.6,58.4,54.0,54.1,54.8,45.3,42.5,40.0,40.4,39.3,37.8,36.2,34.9,34.8,34.1,32.2,30.2,30.1,29.9,31.4,32.1,32.8,33.5,34.8,35.8,37.0,38.2,39.2,40.8
22:40:03.000,NaN,42.1,NaN,71.2,71.6,67.7,65.6,65.3,63.3,61.1,62.1,59.1,51.7,53.4,52.6,44.0,42.4,41.3,40.9,38.0,37.9,37.4,35.9,35.3,34.0,31.9,30.6,30.3,30.4,31.1,31.9,32.6,33.7,34.8,36.1,36.9,38.0,39.3,40.8
22:40:04.000,NaN,42.4,NaN,76.6,72.2,72.2,68.6,62.5,61.8,62.0,59.3,56.4,53.3,51.9,51.6,47.2,43.0,42.9,42.2,40.9,38.4,35.8,35.5,35.0,33.7,31.1,30.6,30.1,30.6,31.0,32.1,32.9,33.6,34.7,35.9,36.8,38.1,39.1,40.8
22:40:05.000,NaN,43.4,NaN,74.1,72.1,69.5,63.5,63.2,65.2,60.6,58.9,57.7,54.4,55.3,51.1,47.9,44.7,44.3,42.3,40.7,38.1,36.9,36.6,34.9,34.0,31.9,30.4,30.8,30.5,31.0,31.8,32.6,33.5,34.9,35.8,37.0,38.0,39.4,40.8
22:40:06.000,NaN,44.3,NaN,68.5,73.8,67.3,66.2,64.7,67.1,63.9,60.4,58.4,55.1,58.8,52.8,48.0,47.8,48.1,46.2,42.6,40.2,37.6,36.8,35.4,33.8,32.0,30.1,30.3,30.3,30.9,32.0,32.8,33.6,34.8,35.8,37.1,38.1,39.2,40.8
22:40:07.000,NaN,43.9,NaN,76.4,71.5,68.5,70.4,70.6,66.3,65.3,59.3,59.5,59.7,58.9,57.4,48.1,44.3,44.8,43.4,40.3,37.9,36.2,36.4,35.9,34.4,32.1,30.0,30.2,30.7,31.1,31.9,32.7,33.9,34.6,36.0,37.0,38.1,39.3,40.9
22:40:08.000,NaN,43.3,NaN,70.9,70.3,74.1,69.1,71.1,65.7,64.5,59.3,60.0,61.2,58.2,56.2,51.6,46.4,43.5,44.3,40.2,38.1,37.3,36.8,36.0,34.3,32.1,30.5,30.5,30.4,31.0,31.8,33.0,33.7,34.8,35.9,37.1,38.1,39.2,40.8
22:40:09.000,NaN,45.9,NaN,66.7,70.0,73.5,68.7,68.9,65.5,62.6,60.4,58.9,61.6,58.9,55.8,52.6,49.4,47.0,44.1,41.9,38.2,36.7,36.6,36.3,34.7,31.9,30.3,30.5,30.5,31.3,32.0,32.4,33.6,34.7,36.0,36.9,38.0,39.3,40.8
22:40:10.000,NaN,45.0,NaN,72.7,69.9,71.6,63.4,65.4,62.3,63.3,63.7,64.0,64.6,59.7,58.4,56.3,51.0,49.8,45.9,42.6,38.3,36.9,37.1,35.9,33.9,32.2,30.5,30.4,30.8,31.2,31.8,32.9,33.8,35.0,36.0,36.9,37.9,39.3,40.8
22:40:11.000,NaN,43.3,NaN,73.1,74.0,68.5,70.1,68.6,65.9,60.5,60.7,59.2,60.0,57.3,56.3,48.7,47.9,48.2,44.0,40.5,36.8,36.6,36.6,35.8,34.0,32.2,30.6,30.4,30.5,31.1,32.0,32.8,33.5,34.9,36.0,37.1,38.1,39.2,40.8
22:40:12.000,NaN,45.3,NaN,71.2,73.5,71.5,64.1,69.1,61.6,59.5,59.6,59.1,54.6,56.0,57.7,51.4,50.2,48.9,46.7,44.3,40.0,37.9,36.6,35.7,34.5,32.4,30.5,30.6,30.6,31.2,32.2,32.7,33.5,34.7,36.0,37.2,38.2,39.2,40.8
22:40:13.000,NaN,43.2,NaN,72.0,69.0,70.3,64.8,66.9,62.3,64.2,62.8,62.9,60.8,57.5,55.0,48.0,45.6,44.4,43.0,40.3,38.3,38.1,36.4,35.0,34.6,31.8,31.1,30.6,30.7,31.2,32.0,32.5,33.7,34.9,35.9,36.9,38.0,39.1,40.7
22:40:14.000,NaN,43.6,NaN,76.4,72.7,64.3,67.8,68.0,64.0,62.4,61.1,62.5,55.3,54.8,51.0,44.8,41.7,42.4,43.2,39.7,39.0,37.8,36.1,35.6,34.5,32.9,30.7,31.2,31.1,31.4,31.9,32.8,33.7,34.8,35.9,37.1,38.0,39.1,40.9
22:40:15.000,NaN,43.1,NaN,72.2,70.1,71.5,68.6,70.4,65.1,60.2,64.0,62.2,61.4,56.6,50.4,47.6,44.8,43.0,41.7,40.0,38.1,37.4,36.1,36.8,34.7,33.4,30.8,31.2,31.4,31.3,32.0,32.3,33.5,34.8,35.9,36.9,38.0,39.2,41.0
22:40:16.000,NaN,44.4,NaN,67.9,70.8,66.1,67.2,66.4,66.8,66.2,62.4,61.4,61.1,56.7,54.5,47.1,42.4,45.4,43.0,41.3,38.4,36.6,36.7,36.2,35.5,32.5,30.7,31.2,31.1,31.3,31.7,32.7,33.8,34.8,35.8,37.0,38.1,39.2,40.7
22:40:17.000,NaN,43.3,NaN,66.7,73.6,68.5,66.9,67.5,65.9,64.2,65.3,65.5,58.4,57.6,56.3,48.2,44.5,45.1,42.5,39.6,38.8,37.5,36.4,35.9,34.4,32.8,30.5,30.9,31.0,31.4,32.2,32.8,33.7,34.7,36.0,37.0,38.0,39.0,40.8
