AMBIENT,48.2,32.9,42.3,29.4,29.3,29.8,32.1,33.8,31.3,30.9,30.0,30.8,31.3,31.9,32.4,33.5,36.0,32.2,25.5,27.6,24.6,24.9,20.4,21.3,28.1,20.0,15.6,15.9,16.1,16.4,16.6,17.4,18.3,19.2,19.8,20.1,20.8,21.5,21.6
22:35:27.455,50.1,32.5,42.1,25.1,27.5,30.9,32.0,35.4,29.7,31.1,29.9,31.5,28.4,30.6,32.2,32.6,34.4,34.1,25.8,26.5,23.4,24.2,20.1,21.1,28.2,19.5,14.8,15.6,15.3,16.5,16.9,16.9,18.2,19.1,19.9,20.0,20.8,21.6,21.8
22:35:28.455,47.8,32.7,41.8,28.2,21.5,28.0,32.1,32.8,34.3,31.6,30.0,30.5,30.0,30.3,32.4,33.1,35.0,32.5,25.6,27.8,24.1,24.5,20.9,20.6,27.9,19.6,15.3,15.9,15.6,16.3,16.4,17.2,18.1,19.1,19.5,19.9,20.7,21.6,21.6
22:35:29.455,47.7,32.5,41.5,29.7,27.1,27.4,30.5,33.8,29.2,29.2,27.5,32.3,30.6,31.5,30.7,31.6,35.3,30.0,25.5,28.3,24.5,25.7,19.9,20.6,28.0,19.7,15.3,16.0,15.2,15.7,16.3,17.4,18.1,18.9,19.7,19.9,20.9,21.5,21.8
22:35:30.455,47.8,32.6,41.1,31.2,29.3,31.6,35.3,35.7,26.6,29.4,29.4,28.0,31.3,27.3,29.3,30.8,34.6,30.1,25.3,27.9,24.6,24.2,21.4,22.1,27.9,19.4,15.4,16.0,15.5,15.8,16.4,17.6,18.3,19.8,19.9,20.1,20.8,21.5,21.6
22:35:31.455,48.2,32.6,41.8,30.6,29.4,29.6,32.8,35.9,27.2,31.9,26.5,30.4,30.1,34.5,31.6,30.6,34.9,31.1,24.1,28.4,24.4,24.6,20.9,20.7,28.0,20.4,15.5,15.7,16.0,16.6,16.4,17.2,18.2,19.5,19.5,19.9,20.7,21.5,21.7
22:35:32.455,50.4,32.6,41.9,26.6,28.8,31.3,31.2,32.1,29.6,30.7,33.0,28.9,32.9,32.7,30.5,31.5,36.1,30.5,24.9,27.8,23.7,24.6,20.0,21.9,28.1,19.8,14.9,14.9,15.6,16.5,16.1,17.3,18.1,19.5,20.4,19.8,20.8,21.5,21.5
22:35:33.455,47.8,32.3,41.9,32.1,30.1,27.5,30.1,32.1,28.0,30.9,32.2,32.2,32.9,33.4,30.5,31.2,35.0,31.0,26.1,27.6,24.0,25.1,20.1,20.6,27.4,19.2,14.6,15.5,15.1,15.3,15.9,17.2,18.2,19.6,20.0,19.9,20.7,21.5,21.6
22:35:34.455,45.4,32.2,41.6,27.2,29.4,30.6,30.7,32.8,29.6,33.8,32.6,31.0,32.1,31.5,29.5,31.6,35.8,32.3,25.7,27.3,23.6,24.2,19.4,21.0,27.5,20.0,14.9,15.4,14.8,15.1,15.8,16.9,17.7,18.5,19.2,19.8,20.8,21.5,21.6
22:35:35.455,46.4,32.3,42.1,31.0,31.0,28.6,30.1,32.9,29.7,29.6,29.1,32.4,29.3,31.8,32.5,33.0,36.0,31.8,24.4,27.1,25.5,25.1,19.5,20.9,27.4,20.1,15.0,15.0,15.0,15.0,15.7,16.5,18.0,18.7,19.5,20.0,20.5,21.5,21.6
22:35:36.455,46.5,32.5,42.0,29.1,28.7,28.4,33.5,33.8,31.6,34.5,30.0,29.5,31.6,31.9,30.9,32.1,35.2,30.6,26.8,27.8,25.8,24.7,19.7,20.8,28.1,19.1,15.1,15.3,15.6,15.9,16.5,16.4,17.3,18.6,19.3,20.0,20.8,21.4,21.6
22:35:37.455,45.0,32.5,42.4,26.3,27.5,29.1,33.6,32.9,28.6,30.1,32.1,29.2,32.7,33.6,32.4,32.9,36.7,30.7,24.6,26.4,24.4,24.7,20.7,20.8,27.3,19.3,14.6,15.4,15.5,16.3,16.5,16.7,17.6,18.5,19.5,19.9,20.9,21.4,21.6
22:35:38.455,44.8,32.6,42.2,32.7,28.3,25.9,27.9,30.0,30.5,33.7,28.8,29.4,30.5,31.3,33.0,35.2,35.9,31.8,24.0,26.5,24.9,25.2,20.0,21.2,28.3,19.6,14.5,15.2,15.2,16.1,16.6,17.0,17.5,18.9,19.5,19.9,20.6,21.6,21.5
22:35:39.455,45.7,32.6,42.9,30.7,32.5,29.3,33.9,34.4,33.4,32.2,30.2,31.4,31.4,30.8,33.2,35.0,37.2,33.5,24.9,27.0,24.3,24.8,19.9,20.9,28.2,19.8,14.8,15.7,15.3,15.3,16.0,16.8,17.6,18.7,19.4,19.9,20.6,21.5,21.6
22:35:40.455,45.7,32.9,43.2,30.8,29.3,29.2,33.9,37.5,33.7,31.3,27.0,30.7,30.4,32.5,32.7,35.9,38.3,33.4,24.6,27.7,23.8,24.5,19.5,20.6,28.0,20.0,15.5,15.1,15.4,15.8,16.5,16.9,17.7,18.9,19.8,20.0,20.6,21.6,21.8
22:35:41.455,45.7,32.5,43.0,21.6,22.6,25.1,33.6,36.3,32.1,31.3,30.5,30.6,29.7,31.8,31.5,34.9,37.3,33.2,25.4,26.5,24.6,24.4,19.6,20.4,27.1,20.2,15.1,15.8,14.9,15.5,16.2,16.7,17.4,18.6,19.5,19.9,20.7,21.6,21.7
22:35:42.455,45.9,33.3,43.2,30.7,31.3,32.9,32.9,31.2,31.0,31.0,29.0,31.3,28.8,31.1,33.7,36.3,38.4,33.0,24.9,27.6,24.6,24.4,20.4,21.0,30.1,21.0,16.0,15.8,15.1,15.4,16.6,16.9,17.9,18.7,19.8,20.0,20.8,21.5,21.6
22:35:43.455,48.2,32.7,43.8,28.2,34.8,35.5,36.8,36.4,34.2,32.7,31.4,33.2,33.1,30.4,33.0,35.9,37.1,33.0,25.6,26.5,24.4,25.5,20.9,20.7,27.3,19.6,14.7,16.0,15.6,15.6,16.1,17.2,17.7,18.8,19.6,19.8,20.6,21.6,21.8
22:35:44.455,50.1,32.9,43.2,38.1,38.1,35.8,35.3,34.8,32.2,32.3,33.0,30.3,31.3,31.1,34.4,34.4,37.1,33.4,24.2,27.5,25.5,25.5,20.7,21.7,28.2,19.9,15.5,16.2,15.9,15.8,16.7,17.3,18.0,19.0,19.7,19.9,20.8,21.6,21.6
22:35:45.455,66.4,33.1,44.6,47.5,41.9,40.1,40.0,39.6,37.4,38.6,32.7,31.0,31.1,32.7,33.7,33.5,38.3,34.7,26.2,26.4,25.2,25.7,21.4,21.6,27.8,19.8,15.1,15.6,15.4,16.0,17.9,16.9,17.7,18.5,19.4,20.0,20.9,21.3,21.5
22:35:46.455,66.3,33.1,44.8,50.2,48.2,44.6,38.5,36.7,34.2,36.6,35.7,33.5,31.2,30.7,31.6,32.2,38.4,34.1,25.7,27.9,25.0,25.1,21.4,21.5,27.6,19.9,17.6,17.7,17.9,17.6,17.2,16.9,17.8,19.1,19.6,20.2,20.7,21.5,21.7
22:35:47.455,67.9,32.8,44.2,50.3,45.6,46.0,42.2,40.6,37.7,36.5,35.2,32.2,33.4,31.1,34.5,33.0,36.8,33.2,24.6,27.2,24.4,25.4,20.3,21.9,28.0,20.2,14.8,15.9,16.3,17.3,17.6,16.4,17.1,18.9,19.5,19.9,20.7,21.4,21.6
22:35:48.455,67.2,32.7,47.0,58.0,53.5,47.7,44.0,40.8,43.6,37.9,41.4,35.2,35.4,31.7,32.5,32.6,38.6,32.8,25.6,27.2,24.2,24.7,20.9,20.8,27.5,20.1,14.4,15.3,15.2,16.5,17.9,16.9,17.8,18.8,19.2,20.1,20.8,21.6,21.7
22:35:49.455,66.0,32.6,49.2,56.7,53.0,47.9,47.5,49.3,48.0,47.8,37.6,35.4,36.2,34.2,32.5,33.1,38.1,34.2,26.1,26.6,25.7,24.8,20.7,21.3,26.9,19.5,14.5,14.9,14.8,15.5,15.9,16.9,17.3,18.3,19.4,19.8,20.5,21.5,21.7
22:35:50.455,69.0,32.9,51.6,56.1,54.1,51.4,50.6,53.4,51.8,46.9,42.1,41.1,37.8,33.6,37.1,33.3,36.9,33.6,27.8,27.3,25.8,24.7,20.1,21.2,28.3,19.9,14.5,15.5,15.0,15.0,16.1,16.9,17.5,18.6,19.4,20.1,20.7,21.4,21.6
22:35:51.455,69.1,34.1,53.1,54.9,51.9,48.7,47.5,53.2,54.5,48.5,44.4,42.2,41.6,37.8,39.0,39.7,39.9,38.3,32.5,29.6,25.7,25.3,19.8,20.1,27.7,19.5,15.0,15.5,14.9,15.0,15.7,16.9,17.7,18.6,19.6,19.8,20.6,21.5,21.7
22:35:52.455,70.2,36.4,57.5,60.6,60.9,60.9,60.3,56.6,52.2,48.0,53.8,48.2,46.2,44.8,46.0,45.5,44.9,41.7,37.1,32.4,26.9,25.3,20.3,21.1,27.8,19.4,14.4,15.1,14.9,15.0,15.9,16.9,17.7,18.8,19.6,19.9,20.6,21.6,21.7
22:35:53.455,75.3,40.1,62.7,60.7,62.1,62.3,61.8,58.9,55.6,57.7,53.2,51.0,50.3,52.1,51.8,51.2,50.6,45.8,40.7,36.7,29.8,27.0,21.2,21.9,28.1,19.8,14.8,15.3,15.2,15.2,16.0,16.9,17.6,18.7,19.4,20.0,20.6,21.5,21.8
22:35:54.455,81.3,42.4,67.4,75.5,73.9,69.9,68.6,65.1,64.8,63.3,60.9,56.5,55.5,55.3,55.6,52.9,52.4,48.3,45.1,40.4,35.2,29.4,23.3,21.6,27.7,19.4,15.4,15.7,14.6,15.4,16.6,16.8,17.9,19.1,19.5,20.2,20.9,21.5,21.6
22:35:55.455,79.5,44.6,69.4,68.2,69.5,72.9,70.9,68.8,68.2,67.0,60.0,58.9,59.3,57.6,56.9,56.4,51.8,50.8,47.9,43.0,37.8,31.4,26.6,24.0,27.9,20.1,15.5,15.7,15.4,15.6,16.4,17.0,18.2,19.3,19.4,20.0,20.9,21.5,21.7
22:35:56.455,82.8,45.8,72.5,67.5,70.4,73.4,73.4,71.0,70.4,68.2,67.2,65.1,60.1,57.4,57.3,55.5,55.1,50.6,48.9,44.1,39.5,33.9,29.1,25.9,27.5,20.1,15.5,15.5,14.9,15.7,15.8,16.9,18.1,18.9,19.4,20.1,20.7,21.2,21.5
22:35:57.455,83.1,46.8,71.4,75.3,76.5,72.8,74.8,69.0,68.0,67.7,63.4,64.6,63.6,60.5,58.5,57.5,54.7,52.3,49.0,45.7,39.8,34.4,29.7,26.7,28.8,20.4,16.2,15.2,14.7,15.4,15.6,16.7,17.4,18.6,19.3,20.0,20.7,21.5,21.6
22:35:58.455,82.3,47.3,71.7,72.2,71.9,75.8,75.4,70.7,67.2,66.3,60.4,61.6,64.3,62.1,60.4,58.1,56.7,53.7,50.0,46.5,40.3,34.5,30.1,27.5,28.7,21.0,16.0,15.3,15.1,15.0,15.8,16.5,17.6,18.7,19.4,19.8,20.8,21.6,21.6
22:35:59.455,79.8,48.0,72.0,67.7,69.7,72.1,73.3,71.1,67.4,66.5,65.4,66.3,63.4,61.9,61.4,58.5,55.9,53.6,49.7,47.3,41.4,35.0,31.6,28.4,28.5,20.9,15.9,15.9,15.1,14.7,15.5,16.7,17.6,18.6,19.3,20.0,20.6,21.4,21.4
22:36:00.455,80.5,48.3,72.0,68.0,73.1,73.4,72.3,72.4,70.8,67.4,65.4,61.6,62.2,61.8,60.2,58.2,57.7,54.6,51.3,47.0,41.0,35.3,32.2,28.6,29.1,21.4,16.7,15.9,15.0,15.1,15.7,16.6,17.2,18.8,19.3,20.0,20.8,21.6,21.6
22:36:01.455,82.7,48.8,74.0,70.5,70.3,71.1,74.8,76.3,70.5,71.8,66.7,62.9,62.3,63.6,61.2,57.4,56.9,55.6,51.9,47.1,42.0,37.4,31.3,28.8,29.5,21.8,17.0,15.7,15.4,15.3,15.8,16.8,17.6,19.1,19.3,19.9,20.7,21.3,21.6
22:36:02.455,83.9,52.6,75.5,71.3,74.6,75.4,74.0,77.2,72.8,72.9,66.4,66.6,65.4,64.1,65.6,64.0,61.1,58.0,55.4,50.2,45.6,41.4,35.9,32.1,30.5,23.2,17.7,15.8,15.0,15.4,15.9,16.9,17.4,19.0,19.6,20.2,20.6,21.5,21.6
22:36:03.455,83.7,54.6,76.8,71.2,71.9,75.5,75.2,71.3,72.7,69.6,66.9,70.3,67.3,65.3,65.5,65.7,62.7,60.3,57.1,54.4,50.0,44.3,41.0,37.0,33.4,27.4,22.3,18.8,16.2,15.9,15.9,16.5,17.4,18.9,19.3,19.7,20.6,21.5,21.7
22:36:04.455,87.6,54.8,78.4,73.5,75.1,78.1,77.5,78.5,74.7,70.7,70.7,68.6,65.1,69.2,65.9,63.5,63.0,60.4,57.9,53.0,48.0,43.4,39.1,35.8,33.1,26.6,22.2,19.4,16.5,15.6,15.4,16.6,17.5,18.7,19.3,19.8,20.6,21.7,21.8
22:36:05.455,87.6,55.1,79.6,72.7,77.1,81.0,82.7,80.9,78.0,74.0,68.2,70.4,67.5,67.7,66.7,65.8,62.9,60.9,57.3,53.4,47.6,42.6,39.0,35.7,32.0,25.4,21.5,18.1,15.9,15.5,15.8,16.4,17.4,18.6,19.5,19.9,20.6,21.5,21.6
22:36:06.455,87.2,54.2,79.6,70.7,74.3,78.5,82.5,81.3,78.2,77.8,68.2,65.3,69.9,68.6,66.1,62.8,62.2,60.7,56.9,53.5,48.9,43.8,38.3,34.1,30.9,24.9,20.4,17.9,15.8,15.4,15.9,16.6,17.8,18.6,19.2,20.0,20.7,21.5,21.7
22:36:07.455,89.9,54.1,81.3,80.0,76.1,75.8,82.1,82.0,81.7,77.6,71.1,69.7,68.3,66.3,66.2,62.6,60.6,60.1,57.0,54.0,49.9,43.7,39.3,35.5,31.8,26.0,21.1,18.3,16.2,15.4,15.7,16.1,17.2,18.4,19.1,19.8,20.7,21.6,21.7
22:36:08.455,89.9,54.0,82.2,73.5,76.9,78.1,77.2,83.4,85.0,75.4,72.2,69.1,66.4,60.3,63.0,60.7,62.1,60.6,58.1,54.0,48.9,42.6,38.6,34.1,31.9,24.9,19.4,16.9,15.9,15.1,15.6,16.4,17.5,18.4,19.1,19.7,20.6,21.6,21.7
22:36:09.455,90.8,55.8,83.2,77.6,77.4,81.3,81.6,81.9,85.4,81.3,76.8,67.7,66.8,62.5,61.5,64.3,64.1,62.6,59.6,55.1,52.5,46.6,41.4,37.7,34.4,27.0,21.6,18.7,16.2,16.0,16.7,17.3,18.3,19.0,19.5,20.2,20.9,21.6,21.7
22:36:10.455,91.9,58.4,83.3,81.1,83.0,85.2,86.2,85.0,85.6,82.1,72.9,70.8,66.9,66.9,66.7,63.2,66.4,63.5,63.2,59.0,55.6,51.3,46.1,43.2,38.4,32.2,27.0,22.9,18.5,18.1,17.2,18.3,18.5,19.4,19.9,20.2,21.0,21.6,21.6
22:36:11.455,94.6,61.8,85.2,85.5,87.7,86.9,85.7,85.8,88.5,82.3,73.1,73.3,69.2,67.3,68.0,68.4,68.7,66.8,65.3,64.0,60.1,55.4,50.5,47.0,41.5,36.6,31.9,26.4,23.1,21.2,18.2,18.2,18.6,19.1,20.0,20.0,20.8,21.7,21.6
22:36:12.455,95.3,61.3,86.0,77.8,81.0,84.9,89.0,91.9,84.6,81.2,78.1,71.9,67.5,68.9,66.4,67.4,66.5,65.4,65.0,61.1,59.2,52.4,45.8,40.5,36.0,30.0,23.9,20.6,18.2,17.5,16.7,17.6,18.3,19.2,19.4,20.1,20.7,21.6,21.8
22:36:13.455,96.6,63.0,87.1,76.9,84.6,90.8,90.9,89.9,85.8,85.6,80.7,72.9,69.2,68.4,71.8,70.3,67.8,67.6,67.4,64.1,61.3,55.0,50.5,47.3,43.6,38.6,33.1,28.1,24.5,21.9,18.9,18.3,18.6,18.9,19.6,20.1,20.9,21.6,21.7
22:36:14.455,99.0,67.5,90.4,82.4,87.0,91.8,88.7,90.7,89.2,89.0,80.5,74.8,77.6,74.1,73.2,73.0,74.2,72.2,70.1,69.4,66.4,60.2,54.7,50.1,46.2,42.4,36.6,31.2,27.3,24.6,20.2,19.2,19.3,19.3,19.9,20.3,20.7,21.5,21.7
22:36:15.455,98.4,68.4,91.2,86.3,89.5,87.9,89.4,91.0,89.6,87.8,83.2,76.4,74.9,79.8,77.8,80.3,74.9,75.9,71.3,68.3,62.9,62.0,55.5,51.9,47.4,41.4,37.5,30.9,25.5,22.9,18.8,18.2,18.7,18.9,19.9,20.2,20.8,21.5,21.6
22:36:16.455,101.3,70.6,93.5,83.1,85.1,91.8,93.8,99.3,93.7,89.3,86.0,78.6,79.3,77.7,82.4,81.2,81.4,72.9,72.0,70.1,68.1,60.9,57.5,54.8,49.2,43.5,39.8,34.1,30.6,27.9,21.2,19.4,18.7,18.6,19.5,20.1,20.6,21.6,21.7
22:36:17.455,101.2,70.9,92.2,88.7,89.1,94.2,94.2,90.6,86.2,89.9,82.4,79.7,78.9,77.5,79.4,77.3,77.0,73.9,74.3,69.8,64.7,59.6,54.5,48.6,42.8,38.5,35.3,30.4,25.5,21.9,18.1,17.7,18.0,18.4,19.3,19.8,20.7,21.4,21.7
22:36:18.455,102.9,71.8,94.5,94.6,92.9,97.2,94.0,95.8,93.9,90.8,88.3,85.4,78.6,79.5,80.7,79.8,76.9,76.5,76.6,73.2,69.2,66.4,59.0,53.6,49.0,43.5,37.4,31.7,25.6,22.0,17.2,17.2,18.0,18.9,19.5,20.1,20.9,21.6,21.6
22:36:19.455,104.5,78.1,98.3,91.8,92.5,92.9,94.4,95.7,97.1,97.8,93.0,88.6,89.2,87.7,84.3,78.4,75.0,80.6,85.2,81.7,74.9,70.9,65.6,61.1,61.3,59.3,57.0,54.2,51.6,46.7,38.9,37.1,32.8,27.4,21.2,20.4,20.8,21.3,21.5
22:36:20.455,103.9,76.2,98.2,91.0,90.6,93.6,96.5,98.7,96.3,93.0,94.4,88.4,90.1,89.1,87.6,84.2,79.3,77.7,78.8,75.9,71.5,68.9,65.1,64.0,62.2,56.2,54.5,47.8,48.8,45.8,39.0,36.2,30.9,25.6,21.0,20.1,20.7,21.6,21.7
22:36:21.455,103.8,77.6,98.8,90.2,89.7,88.2,94.2,96.3,97.0,92.4,92.7,91.3,89.8,87.0,88.6,86.7,86.4,83.8,79.3,76.2,70.7,63.2,61.0,58.1,51.9,47.6,40.1,34.7,29.6,24.9,20.0,18.3,18.2,18.4,19.2,19.8,20.5,21.5,21.6
22:36:22.455,106.1,83.0,101.8,94.4,95.2,94.8,95.1,99.5,97.8,93.1,94.1,95.0,91.6,92.7,91.1,92.5,91.1,88.8,87.8,84.7,79.3,71.2,68.9,68.2,63.9,61.1,55.0,50.6,47.0,42.7,35.6,32.1,29.5,21.6,19.5,20.0,20.6,21.5,21.7
22:36:23.455,106.6,88.6,103.6,93.6,91.1,88.2,94.1,96.6,96.6,92.2,97.5,95.1,95.6,93.8,91.8,94.9,94.4,93.9,91.3,88.7,88.4,84.7,81.4,79.6,74.4,69.2,64.4,58.0,51.7,48.9,43.9,39.0,33.2,24.6,20.2,19.8,20.6,21.3,21.6
22:36:24.455,105.4,83.7,101.2,92.9,92.9,92.3,94.0,95.0,94.1,95.7,96.3,92.8,91.4,90.8,91.9,91.6,91.5,88.4,85.3,83.0,82.6,76.3,66.6,65.6,63.4,57.8,50.8,48.2,42.0,39.6,32.6,27.1,20.0,18.8,19.2,20.0,20.7,21.3,21.6
22:36:25.455,107.5,81.3,101.5,93.5,99.0,100.3,99.3,97.4,96.1,93.5,92.5,93.9,91.4,92.7,91.1,93.2,92.9,86.5,80.8,78.0,73.2,70.0,69.9,62.8,61.1,58.9,50.9,45.3,39.1,37.5,29.5,26.3,22.5,19.5,19.1,20.1,20.7,21.4,21.6
22:36:26.455,106.6,81.5,101.7,90.5,91.7,93.8,96.8,98.5,97.7,97.9,94.9,92.7,92.1,91.9,90.8,92.4,91.4,86.2,78.6,82.0,81.3,72.2,67.5,70.1,65.8,58.7,50.7,41.9,37.4,33.7,26.7,22.6,19.3,18.6,19.2,19.9,20.7,21.4,21.5
22:36:27.455,106.7,75.2,100.5,88.8,92.2,97.3,98.1,98.9,98.6,98.5,95.2,92.9,85.0,86.6,85.9,84.4,81.9,76.7,74.9,75.4,70.4,58.9,56.3,54.6,48.0,45.1,35.5,29.8,24.3,20.5,16.7,16.9,17.8,18.6,19.3,19.9,20.8,21.4,21.6
22:36:28.455,110.4,83.0,106.0,96.0,93.6,94.6,95.5,101.3,102.9,103.3,102.0,98.6,97.9,94.2,93.8,94.2,91.5,85.1,82.8,82.9,77.6,70.5,70.4,66.4,60.6,56.2,54.5,54.0,49.6,47.5,43.1,40.7,36.1,30.4,23.8,21.6,20.8,21.5,21.8
22:36:29.455,109.5,83.5,104.7,96.9,99.2,96.9,96.8,99.0,98.0,97.2,100.0,96.0,98.1,95.5,93.1,91.2,87.8,86.9,85.9,86.0,78.2,67.5,69.9,70.4,66.2,61.6,57.5,51.2,51.9,46.3,43.6,41.6,36.7,30.9,23.3,20.8,20.6,21.5,21.7
22:36:30.455,109.0,80.7,103.8,91.3,98.9,97.7,101.3,98.7,100.7,99.0,98.1,96.8,96.5,94.5,90.0,89.3,87.8,83.7,84.6,84.0,74.9,68.3,67.7,64.4,58.4,51.1,46.6,44.5,45.1,40.0,33.3,32.5,26.5,22.2,19.7,20.3,20.7,21.5,21.7
22:36:31.455,109.1,82.1,104.2,90.5,96.1,96.4,95.9,96.8,101.2,100.1,101.3,96.6,94.7,94.9,94.0,89.6,86.1,87.0,85.6,82.3,76.7,74.0,74.1,72.6,64.1,53.6,54.2,49.6,45.5,43.1,35.5,30.6,26.1,21.8,20.3,20.6,20.7,21.5,21.6
22:36:32.455,107.9,78.4,101.0,99.7,94.9,93.6,96.8,94.7,96.3,97.6,97.0,94.7,89.3,91.1,88.5,87.4,86.4,84.2,80.3,75.7,69.4,67.1,67.2,65.1,61.4,51.6,43.4,37.2,33.9,31.3,23.2,19.5,18.3,19.2,19.6,20.3,20.6,21.6,21.6
22:36:33.455,106.6,79.4,99.7,96.9,100.3,95.5,94.5,92.8,96.1,96.8,90.8,90.6,91.0,88.1,85.2,83.5,85.3,86.8,82.7,74.9,74.3,70.1,68.2,62.6,55.0,50.9,49.6,47.1,47.0,40.9,35.2,29.1,24.2,19.5,19.5,20.1,20.4,21.6,21.6
22:36:34.455,106.5,73.8,100.5,86.9,88.7,97.9,101.1,98.2,93.9,95.5,96.7,94.8,93.9,92.5,90.1,81.9,80.3,79.1,72.3,68.0,67.9,64.8,58.9,58.0,51.3,46.8,39.2,32.7,30.5,27.2,23.4,20.1,18.3,18.7,19.2,19.9,20.6,21.5,21.6
22:36:35.455,107.0,77.0,101.4,95.6,96.4,92.1,95.8,95.6,96.4,96.4,96.6,96.3,92.7,90.6,86.7,87.5,86.2,83.6,73.8,75.3,69.2,61.0,59.3,54.2,49.5,47.2,40.4,37.1,30.5,30.0,22.8,18.6,17.8,18.4,19.3,19.9,20.7,21.3,21.5
22:36:36.455,106.0,72.4,97.9,93.1,94.8,94.4,92.0,94.5,97.8,96.8,89.8,91.3,87.8,87.2,81.6,84.2,83.4,80.2,69.2,68.1,61.9,59.9,54.5,52.6,44.4,37.0,29.2,22.6,19.3,16.6,16.2,16.7,17.6,18.3,19.2,19.8,20.8,21.5,21.6
22:36:37.455,106.3,75.6,99.6,94.4,94.1,95.6,100.4,97.1,97.0,98.7,94.6,94.7,89.4,87.5,86.3,85.7,86.6,81.6,79.6,75.9,71.9,67.7,65.7,64.1,56.0,54.2,49.7,44.6,36.5,31.2,22.3,18.0,17.5,18.5,19.1,19.9,20.7,21.5,21.6
22:36:38.455,106.3,76.8,100.2,93.9,96.0,99.1,99.0,97.9,95.6,99.9,96.4,91.4,92.1,89.0,88.2,86.6,86.7,81.8,80.2,76.1,74.4,72.4,71.0,66.6,57.1,53.3,45.2,37.5,34.6,31.5,22.5,19.8,18.0,18.5,19.4,20.1,20.8,21.4,21.5
22:36:39.455,107.7,76.0,101.3,93.5,96.1,94.0,99.3,101.7,97.3,100.7,96.0,94.2,89.3,87.9,88.7,90.0,86.9,80.1,76.3,71.6,69.3,67.6,62.8,55.3,51.2,47.4,40.4,36.2,30.3,26.4,18.7,17.3,17.4,18.1,19.0,19.8,20.6,21.5,21.5
22:36:40.455,106.7,74.1,99.5,95.1,95.2,99.3,98.5,91.4,94.6,98.3,93.8,92.6,90.2,86.2,86.8,87.4,81.6,78.9,75.4,70.2,65.9,60.1,56.2,48.6,43.7,36.3,30.4,25.1,19.1,16.2,16.2,16.7,17.7,18.4,19.2,20.0,20.7,21.3,21.6
22:36:41.455,106.1,74.8,98.7,91.6,91.7,91.2,94.4,93.2,97.9,94.2,96.3,91.6,89.4,87.6,88.0,88.2,84.7,78.1,74.2,74.0,73.2,70.7,67.3,62.7,57.4,50.0,42.4,37.2,31.6,22.3,18.2,17.4,17.6,18.5,19.4,20.0,20.6,21.4,21.6
22:36:42.455,105.5,71.8,98.3,96.0,92.7,92.1,96.4,96.6,93.5,91.9,92.4,92.5,88.4,86.9,88.3,86.0,75.2,72.9,70.3,65.3,60.5,60.1,56.4,45.1,39.3,34.7,24.5,20.4,17.6,15.5,16.4,17.5,18.2,18.7,19.4,20.0,20.7,21.4,21.5
22:36:43.455,105.8,70.5,98.2,95.3,94.7,97.5,96.3,96.3,90.7,94.6,94.8,90.4,89.5,86.3,87.1,83.0,77.8,73.5,68.7,65.9,60.2,51.0,48.7,46.2,39.1,31.8,24.1,19.0,18.0,16.8,17.4,17.6,18.5,19.7,20.1,20.6,20.9,21.5,21.6
22:36:44.455,106.4,75.0,99.1,98.1,99.3,96.1,97.1,96.1,97.6,98.1,93.1,89.7,90.5,88.8,87.8,85.0,82.0,78.0,76.0,74.5,73.0,69.8,67.5,62.9,59.5,55.7,50.8,43.5,35.8,35.6,31.4,24.6,20.3,19.6,20.0,20.7,20.8,21.5,21.7
22:36:45.455,107.1,77.6,99.6,97.8,97.1,97.6,97.0,98.9,93.4,94.2,94.5,91.3,90.3,90.1,91.8,87.7,84.1,81.9,80.0,77.3,73.2,71.1,67.6,61.0,57.6,49.4,45.3,39.6,35.9,33.6,24.3,18.4,18.6,19.4,19.7,20.6,20.9,21.4,21.7
22:36:46.455,104.7,72.4,98.0,92.7,93.4,93.7,95.8,95.5,92.4,94.6,92.0,90.7,89.4,87.7,89.0,84.7,80.7,77.8,72.1,66.6,59.6,59.3,55.2,49.9,48.7,38.6,30.2,21.5,18.1,16.7,16.3,17.0,18.4,19.3,19.5,20.4,20.7,21.5,21.7
22:36:47.455,104.7,69.8,97.0,92.2,95.9,95.0,93.4,97.9,92.3,95.7,93.3,90.2,87.4,88.1,87.3,82.8,78.5,73.2,69.0,67.9,64.2,56.0,48.9,45.4,42.5,32.2,25.9,19.7,17.7,15.9,16.7,18.1,18.8,19.6,19.9,20.5,20.9,21.4,21.7
22:36:48.455,104.7,69.8,96.2,95.4,98.4,95.1,95.9,96.2,92.1,90.5,87.7,88.5,88.0,84.3,85.1,78.0,75.8,71.9,69.5,67.1,62.2,56.3,50.0,44.6,39.5,27.9,19.0,16.3,16.3,15.9,17.0,17.6,18.6,19.3,19.8,20.5,20.7,21.5,21.6
22:36:49.455,105.5,75.0,98.4,86.8,88.2,90.4,95.9,99.4,96.8,94.7,92.5,91.9,89.3,89.0,88.2,85.7,83.3,80.7,77.7,75.0,71.9,68.0,64.1,61.1,62.1,55.7,48.5,43.1,33.3,28.8,22.5,18.4,18.6,19.2,19.6,20.4,20.6,21.4,21.5
22:36:50.455,103.7,70.7,95.5,96.2,92.7,87.5,93.5,93.6,89.7,92.6,92.1,88.1,86.0,85.4,85.1,81.1,79.3,77.2,74.1,70.9,65.6,56.3,45.4,38.2,33.9,26.5,18.2,16.3,16.0,16.0,17.1,17.4,18.2,18.7,19.3,20.0,20.6,21.5,21.6
22:36:51.455,105.1,71.8,96.8,96.1,97.1,97.7,93.8,89.8,90.7,94.8,89.7,90.0,87.6,90.2,86.9,83.2,80.0,76.4,73.8,71.4,69.0,62.6,55.3,52.3,45.8,35.9,23.8,17.3,16.0,16.2,16.5,17.3,17.8,18.5,19.6,20.2,20.7,21.4,21.7
22:36:52.455,105.2,70.3,96.6,95.0,97.6,93.6,90.6,95.4,95.7,94.5,91.4,89.1,87.6,88.9,87.2,83.5,79.6,75.7,72.4,67.8,64.5,53.9,52.4,49.4,43.0,38.8,28.9,20.0,16.8,16.0,16.7,17.4,18.5,19.1,19.6,20.0,20.8,21.6,21.6
22:36:53.455,104.1,68.7,95.6,91.6,94.9,95.5,95.3,94.4,90.6,86.7,90.3,86.7,86.2,89.0,84.8,78.4,77.2,69.9,62.2,59.2,56.2,49.2,42.1,39.4,32.1,23.9,15.8,15.3,15.8,15.5,16.1,17.1,17.7,18.7,19.5,19.9,20.7,21.5,21.6
22:36:54.455,102.5,66.6,94.1,93.6,96.0,97.2,92.3,91.4,92.6,91.3,87.7,88.7,86.8,85.7,78.7,78.0,74.7,70.7,66.0,61.4,58.1,53.1,46.3,40.0,32.0,23.0,15.5,15.5,15.9,15.6,16.2,16.8,18.0,18.8,19.3,20.0,20.8,21.6,21.6
22:36:55.455,105.3,68.8,96.5,97.2,98.7,96.9,92.9,95.8,93.6,94.3,88.9,88.4,87.3,87.2,81.1,78.8,77.2,72.0,68.9,63.1,58.7,53.2,47.7,37.5,32.6,25.6,17.0,16.0,16.1,15.8,16.3,17.1,18.3,19.0,19.6,20.0,20.7,21.5,21.7
22:36:56.455,103.4,67.8,94.6,87.5,94.0,93.3,93.1,93.6,93.4,88.8,91.0,85.1,86.9,83.9,81.8,80.1,75.0,71.6,67.7,64.0,60.7,54.7,47.0,42.1,35.6,26.0,15.7,14.8,15.5,15.1,16.1,16.8,17.5,18.6,19.3,20.0,20.8,21.5,21.5
22:36:57.455,104.4,68.6,96.0,93.0,94.3,93.0,89.5,95.1,96.7,88.8,87.2,87.4,87.6,84.3,81.5,78.9,75.2,71.8,67.8,65.4,63.2,56.6,51.4,47.9,40.0,29.2,17.8,16.1,15.7,15.2,16.1,16.7,17.8,18.4,19.2,20.0,20.5,21.5,21.7
22:36:58.455,104.3,69.0,95.6,90.4,95.5,96.5,94.3,96.8,96.4,90.9,89.8,84.7,88.8,85.3,81.9,78.6,76.7,75.1,73.7,70.4,63.0,57.8,51.0,45.3,37.2,27.8,21.9,19.0,15.5,15.2,15.6,17.1,17.7,18.9,19.1,20.0,20.6,21.5,21.5
22:36:59.455,104.8,68.3,95.0,94.7,92.1,93.3,88.6,90.0,91.7,90.6,88.9,85.8,86.7,83.9,78.0,75.5,74.3,72.6,69.4,66.8,62.4,56.7,51.6,47.5,39.3,31.1,20.5,15.6,15.1,15.4,15.7,17.0,18.0,18.6,19.3,20.0,20.7,21.4,21.6
22:37:00.455,103.5,68.9,95.3,92.1,89.0,96.7,95.0,92.6,93.2,86.3,86.7,87.1,87.0,81.9,81.7,77.2,76.0,70.9,68.4,66.6,61.8,56.1,49.9,44.8,35.7,25.3,17.4,16.2,14.9,15.4,15.9,16.6,17.5,18.4,19.0,20.0,20.7,21.5,21.6
22:37:01.455,104.1,68.3,94.9,94.9,94.2,93.9,96.7,92.7,93.7,89.8,87.9,85.9,84.6,83.2,79.9,79.3,76.8,71.1,70.0,66.6,58.9,51.2,47.0,40.6,34.1,28.0,18.0,15.3,15.2,15.5,16.2,16.9,17.8,18.8,19.1,20.1,20.7,21.6,21.6
22:37:02.455,104.3,67.5,95.8,96.1,92.9,88.8,93.6,90.7,92.6,93.0,89.3,88.7,88.2,83.5,80.1,77.7,76.1,72.8,67.5,64.2,59.2,54.6,49.6,45.8,38.2,30.8,22.1,17.3,15.6,15.3,16.1,16.7,17.9,18.7,19.7,20.2,20.7,21.6,21.7
22:37:03.455,104.7,66.6,94.4,98.2,96.1,96.3,97.3,95.9,92.8,88.4,89.1,88.5,87.4,81.5,80.4,78.6,74.7,72.6,70.7,65.5,61.0,53.2,47.0,45.1,38.4,29.1,21.9,18.2,15.5,15.5,16.0,17.3,18.0,18.6,19.4,20.1,20.8,21.4,21.6
22:37:04.455,103.9,66.4,93.9,94.2,94.5,97.6,95.3,89.8,89.2,90.5,87.7,86.2,84.8,80.8,79.3,74.4,72.8,69.9,68.1,65.1,57.0,52.8,49.8,43.4,37.4,28.6,19.4,15.8,15.0,15.3,16.2,16.9,17.8,18.7,19.3,20.1,20.9,21.6,21.7
22:37:05.455,104.1,67.4,94.0,88.7,93.1,93.6,92.6,94.9,92.7,84.9,88.0,86.9,85.5,82.7,80.2,78.8,75.9,72.8,67.4,65.7,61.7,56.7,47.6,40.6,35.0,28.0,17.6,16.4,15.4,15.3,16.1,17.0,17.7,18.7,19.2,19.8,20.7,21.3,21.7
22:37:06.455,102.8,69.1,94.9,91.9,89.0,92.7,94.6,90.9,89.3,91.5,88.5,87.9,87.7,82.7,82.8,77.9,75.4,73.6,71.8,68.7,64.2,56.7,54.1,50.9,39.9,30.5,23.6,19.0,15.6,15.4,16.2,16.9,17.9,18.4,19.4,20.0,20.6,21.6,21.7
22:37:07.455,102.7,67.7,94.7,90.4,91.8,95.9,93.9,96.8,92.7,91.4,87.7,87.0,87.5,82.2,80.3,77.8,76.0,73.2,70.9,67.7,63.0,55.4,51.1,48.6,42.3,34.9,26.3,20.1,16.7,15.4,16.6,17.2,17.9,19.0,19.6,20.1,20.9,21.7,21.6
22:37:08.455,102.7,65.4,93.3,88.8,89.4,93.6,95.0,93.9,93.9,87.4,86.3,87.0,85.7,82.7,80.1,75.1,72.7,70.2,67.8,64.8,58.7,52.9,46.5,44.0,37.1,30.6,22.8,17.3,16.0,16.4,17.1,17.4,18.1,18.9,19.5,20.3,20.8,21.5,21.6
22:37:09.455,102.5,65.3,92.2,94.1,89.7,92.3,92.9,88.8,87.4,86.8,89.1,86.2,84.5,80.8,81.1,75.2,74.1,70.7,67.8,63.5,57.2,50.1,46.6,40.4,33.9,25.5,18.2,16.3,15.5,16.2,17.0,17.4,18.2,19.0,19.6,20.1,20.7,21.5,21.6
22:37:10.455,105.3,65.9,93.5,91.5,94.6,94.2,94.3,91.1,89.3,89.9,87.5,89.4,84.1,79.2,78.1,76.4,72.6,69.9,67.1,65.0,62.7,56.4,50.9,45.0,39.6,32.7,24.8,18.5,16.6,16.4,17.1,17.7,18.2,19.3,19.4,20.0,20.7,21.4,21.6
22:37:11.455,103.6,65.6,93.9,95.2,86.7,93.6,95.6,92.5,92.7,90.2,88.2,90.8,86.6,82.3,79.1,76.0,73.1,70.1,67.2,64.7,62.6,54.9,52.7,51.0,44.6,34.3,27.7,21.0,16.9,16.4,16.6,17.3,18.3,18.7,19.6,20.1,20.6,21.4,21.6
22:37:12.455,104.1,66.9,94.8,93.1,90.2,96.0,96.3,94.1,92.0,88.9,89.4,87.9,85.4,82.5,80.3,77.4,74.1,71.4,67.4,62.6,55.2,47.7,46.0,40.0,35.7,26.2,20.8,16.6,15.7,15.9,16.4,17.2,18.2,18.9,19.7,20.1,20.7,21.6,21.6
22:37:13.455,103.9,66.0,93.2,97.2,96.8,90.6,90.8,89.0,90.3,88.5,89.6,83.6,85.1,81.3,79.4,76.9,73.9,70.1,68.2,63.7,58.1,51.6,46.8,40.4,36.0,27.2,17.9,16.3,15.6,15.9,16.3,17.0,17.9,18.9,19.4,20.0,20.7,21.5,21.7
22:37:14.455,104.0,69.0,93.5,95.7,96.0,91.5,93.6,92.6,89.5,88.6,88.0,85.9,83.3,80.8,80.2,75.8,73.5,71.9,70.0,68.7,64.2,55.9,51.7,45.3,40.0,34.5,26.3,22.7,16.8,15.7,16.5,16.8,18.1,18.8,19.4,20.0,20.7,21.6,21.6
22:37:15.455,102.2,66.6,92.9,95.8,95.3,96.1,95.8,90.2,86.8,86.6,89.5,86.7,83.1,79.9,78.3,75.7,72.8,70.6,71.2,67.0,61.5,54.6,52.0,46.6,39.2,35.5,26.3,19.0,15.3,15.6,16.3,17.4,18.0,18.7,19.5,20.1,20.8,21.5,21.8
22:37:16.455,104.2,66.2,93.7,97.3,93.8,93.7,92.5,87.6,92.7,90.6,89.2,85.8,85.1,83.3,79.5,77.0,73.7,68.8,68.3,66.5,63.0,56.1,49.4,42.7,37.3,27.4,21.5,16.5,15.1,15.4,16.2,16.9,18.0,18.9,19.4,19.9,20.7,21.5,21.5
22:37:17.455,104.2,66.4,92.9,94.0,98.8,95.9,91.8,92.6,89.5,87.6,87.1,85.3,81.8,80.0,78.0,77.1,73.4,70.6,70.5,64.6,59.8,54.7,50.9,45.3,38.3,30.2,20.1,17.0,16.7,16.3,16.6,16.8,17.7,18.8,19.6,20.1,20.6,21.6,21.6
22:37:18.455,101.5,66.9,93.0,93.8,92.2,89.7,92.0,91.1,91.6,89.6,88.6,88.9,85.7,82.8,80.8,77.1,75.1,72.4,69.9,68.2,62.7,57.4,53.6,50.7,44.6,38.4,32.6,28.6,18.9,15.6,16.4,16.8,18.1,19.0,19.7,20.0,20.8,21.5,21.8
22:37:19.455,102.7,64.5,91.5,91.8,94.5,93.3,93.7,89.5,85.7,85.7,86.8,85.6,82.3,79.8,77.7,75.5,71.4,69.2,67.8,62.9,55.4,49.7,47.2,42.3,34.9,25.8,18.9,16.0,15.6,15.4,15.9,16.6,18.0,18.6,19.4,20.0,20.8,21.4,21.6
22:37:20.455,103.3,62.8,90.4,96.9,95.9,93.7,90.0,92.8,81.3,79.4,85.6,84.5,80.5,76.5,74.3,72.1,71.1,68.7,62.7,58.6,55.5,50.4,44.8,40.2,35.5,28.0,17.0,16.0,15.6,15.6,16.2,16.9,17.8,18.6,19.3,20.0,20.6,21.5,21.6
22:37:21.455,100.7,63.6,90.7,88.8,88.9,91.4,93.2,91.9,85.0,87.1,85.9,84.6,81.6,80.9,76.4,73.4,72.0,69.3,65.9,62.3,57.6,48.9,46.9,43.5,39.1,32.4,23.0,16.8,15.7,15.8,16.0,17.0,17.9,19.0,19.4,19.8,20.6,21.4,21.5
22:37:22.455,103.0,61.4,90.0,92.9,86.7,88.4,92.3,89.3,88.4,84.9,86.8,82.5,81.0,78.6,74.0,70.5,68.6,66.5,63.7,59.4,52.1,46.2,40.7,35.4,31.2,22.5,16.3,15.9,15.3,15.8,16.4,16.9,17.7,18.5,19.3,19.9,20.6,21.4,21.6
22:37:23.455,101.0,61.2,89.3,90.2,95.1,92.5,88.0,88.1,82.0,81.8,84.1,84.1,80.5,75.5,71.5,69.5,65.7,63.4,60.5,58.1,58.1,53.2,47.4,40.1,35.2,27.7,19.3,15.6,15.3,15.2,16.0,16.8,17.5,18.5,19.3,19.9,20.6,21.3,21.7
22:37:24.455,99.4,61.9,90.1,86.2,85.0,86.3,90.8,92.8,84.3,87.3,82.6,82.6,80.3,77.7,74.3,72.2,69.4,68.0,64.0,59.1,54.4,49.6,46.2,42.0,33.7,23.6,17.0,15.5,15.2,14.9,15.9,16.4,17.5,18.4,19.4,20.0,20.6,21.3,21.5
22:37:25.455,102.0,61.2,89.7,95.9,92.7,85.1,88.2,88.9,86.4,85.5,86.6,82.0,78.8,76.9,75.5,72.1,68.2,65.8,59.9,58.3,54.6,47.5,41.4,39.5,32.8,26.0,16.9,15.3,14.9,15.6,16.3,16.7,17.7,18.6,19.3,20.0,20.6,21.4,21.6
22:37:26.455,99.6,60.0,86.9,88.8,89.7,89.4,89.9,88.5,80.0,82.5,80.4,80.7,77.8,74.9,71.1,70.9,66.3,65.4,62.1,58.3,53.3,45.0,40.8,37.7,31.9,23.1,16.7,15.9,14.8,15.3,16.0,16.5,17.7,18.4,19.2,19.8,20.7,21.4,21.5
22:37:27.455,99.2,61.7,87.7,90.2,91.1,93.2,86.6,84.8,85.1,83.7,80.8,78.3,75.4,73.9,72.7,68.1,65.9,67.2,64.3,61.6,57.5,51.9,42.3,37.0,34.4,26.9,17.3,15.8,15.2,15.2,16.1,17.0,17.6,18.5,19.4,19.9,20.7,21.4,21.6
22:37:28.455,98.7,64.0,89.3,82.5,83.4,84.9,87.8,87.0,89.2,83.3,83.7,82.5,81.5,77.6,75.5,74.3,70.8,69.2,67.7,65.3,58.3,52.9,48.4,42.4,35.1,29.5,22.7,16.9,15.3,15.6,16.1,16.9,17.8,18.6,19.5,19.8,20.5,21.6,21.8
22:37:29.455,101.2,63.8,88.6,94.2,91.2,88.0,88.1,85.1,86.1,84.3,83.3,84.7,80.8,79.5,78.3,76.5,72.2,69.8,67.2,61.1,58.6,56.1,52.2,45.5,40.8,35.3,26.8,19.4,15.4,15.2,16.2,16.9,17.8,18.4,19.2,19.9,20.7,21.3,21.6
22:37:30.455,98.9,62.0,88.3,88.7,86.2,84.0,87.4,88.7,86.1,81.2,85.4,80.9,78.0,75.2,73.0,69.7,70.1,66.9,64.2,61.5,56.1,48.1,39.5,35.2,31.9,24.9,16.4,15.7,15.1,15.0,16.2,16.8,18.1,18.6,19.4,19.9,20.5,21.3,21.5
22:37:31.455,99.6,61.2,88.3,91.9,85.9,87.7,88.0,87.0,80.9,82.8,83.6,80.2,79.0,75.7,74.4,69.5,67.9,66.8,62.0,59.2,53.6,43.9,39.6,36.7,33.5,26.5,18.6,16.1,15.2,15.5,16.1,17.1,18.1,18.8,19.4,20.0,20.9,21.5,21.6
22:37:32.455,99.3,61.5,88.0,82.7,84.6,89.3,89.8,85.6,84.7,83.5,80.7,82.6,77.7,74.7,72.5,70.1,68.9,67.1,62.5,60.1,55.2,49.4,45.1,38.5,35.2,28.1,17.9,15.7,15.2,15.2,16.0,16.7,17.9,18.5,19.5,20.0,20.6,21.5,21.6
22:37:33.455,98.3,62.0,88.6,81.5,86.2,87.1,88.4,90.6,87.3,85.7,82.9,81.9,79.7,78.0,74.2,72.5,70.0,67.7,65.9,60.3,54.7,48.7,44.7,42.9,35.4,27.1,18.8,16.7,14.9,15.2,16.2,16.9,17.8,18.5,19.2,20.0,20.6,21.4,21.5
22:37:34.455,100.4,60.9,88.5,87.9,88.1,90.5,87.2,86.9,84.7,83.8,83.3,80.0,79.0,76.9,75.8,69.9,69.3,66.4,63.2,58.2,52.0,47.1,43.2,36.4,31.3,26.7,18.7,15.9,14.8,14.8,16.0,16.5,17.4,18.5,19.1,20.0,20.7,21.5,21.7
22:37:35.455,99.3,63.3,89.3,84.3,83.9,83.8,85.8,84.7,83.6,84.2,80.4,79.3,78.4,78.7,74.8,71.3,68.9,66.4,63.4,60.9,55.4,49.6,45.5,42.3,40.1,31.1,21.7,17.7,14.7,14.9,15.6,16.8,17.9,18.5,19.3,20.0,20.8,21.5,21.6
22:37:36.455,100.0,63.0,89.6,91.3,88.7,89.7,88.3,88.5,88.9,85.6,84.7,83.7,80.9,78.7,74.5,71.9,70.6,69.6,66.6,61.2,57.5,51.3,47.9,47.3,42.4,31.4,21.6,16.9,14.7,15.2,16.0,16.7,17.6,18.2,18.9,19.7,20.8,21.5,21.7
22:37:37.455,97.5,59.5,87.8,87.1,88.0,91.5,86.7,85.7,83.9,85.7,84.7,82.7,78.0,75.3,73.0,70.3,67.9,65.1,64.0,57.9,52.6,48.3,46.2,40.6,36.4,29.7,21.8,17.1,14.5,15.1,15.6,16.7,17.6,18.5,19.2,19.7,20.8,21.5,21.5
22:37:38.455,99.8,59.3,88.0,90.1,86.5,89.9,87.4,83.3,85.4,83.7,82.8,80.2,78.3,73.7,72.0,69.6,66.4,61.5,57.9,58.5,53.8,45.2,38.6,35.5,31.1,23.7,16.5,15.6,14.1,15.2,15.9,16.9,17.8,18.5,19.2,19.9,20.8,21.5,21.5
22:37:39.455,98.9,61.0,88.2,83.6,88.4,90.1,87.3,86.4,86.5,81.8,81.0,80.7,78.5,76.5,74.3,70.4,69.4,65.8,62.1,56.7,50.5,43.9,40.7,38.2,32.3,26.3,19.4,15.3,14.3,14.8,15.7,16.5,17.4,18.2,19.2,19.8,20.6,21.4,21.5
22:37:40.455,99.0,62.1,88.3,82.6,86.0,88.4,90.7,86.4,83.4,85.3,80.6,78.9,80.9,79.1,74.8,72.2,71.5,68.5,63.9,58.2,52.9,49.0,43.8,38.7,36.2,27.4,19.0,15.4,14.3,14.9,15.5,16.6,17.6,18.2,19.2,19.9,20.6,21.4,21.7
22:37:41.455,97.6,61.9,88.7,89.8,89.9,88.8,89.2,85.9,87.7,86.6,84.8,83.1,77.9,76.1,70.8,71.2,70.3,68.2,63.8,61.8,58.5,54.2,51.2,46.1,40.3,32.1,22.2,16.1,14.5,14.8,15.5,16.4,17.0,18.0,19.1,19.9,20.6,21.5,21.6
22:37:42.455,99.5,63.0,88.9,90.7,85.9,86.4,88.8,87.2,86.2,85.3,81.0,80.2,80.4,79.0,72.3,69.5,67.1,67.4,64.4,61.4,58.3,54.9,47.0,43.9,41.3,33.4,24.2,15.9,14.4,14.8,15.8,16.3,17.1,18.1,19.1,19.8,20.7,21.6,21.7
22:37:43.455,98.0,63.5,87.7,84.4,90.0,92.6,88.7,84.3,84.0,84.5,83.7,82.2,80.5,76.8,75.4,73.0,71.5,69.6,67.1,61.3,60.4,58.8,53.4,49.2,42.4,37.4,29.1,19.8,14.6,14.8,15.7,16.5,17.0,18.5,19.1,19.9,20.6,21.5,21.6
22:37:44.455,98.5,61.2,86.1,87.9,84.1,86.3,86.5,86.5,85.0,82.1,82.3,78.4,77.7,75.8,74.1,72.4,70.4,66.6,63.2,60.8,57.8,53.4,46.3,38.9,33.9,28.4,20.8,16.1,14.4,14.7,15.3,16.4,17.4,18.2,18.9,20.0,20.6,21.5,21.5
22:37:45.455,98.3,62.9,87.8,88.5,86.5,84.9,88.4,87.9,84.1,80.1,82.1,78.3,78.4,77.3,75.2,70.8,71.6,66.8,65.3,60.3,55.0,49.8,43.2,40.1,34.3,24.9,18.6,16.1,14.5,15.2,15.4,16.5,17.5,18.3,19.0,19.8,20.8,21.5,21.6
22:37:46.455,98.1,61.9,87.8,85.1,83.5,86.0,86.2,85.5,86.9,83.3,84.2,78.5,78.4,76.2,76.6,73.1,69.8,68.1,62.9,58.0,54.2,51.9,47.5,45.1,40.2,34.2,23.6,17.2,14.3,14.6,15.7,16.7,17.6,18.3,18.9,20.0,20.7,21.4,21.6
22:37:47.455,96.9,59.0,86.4,88.3,86.1,84.8,87.0,85.0,85.5,83.1,82.7,81.7,75.3,73.8,71.4,69.6,66.9,64.9,60.3,56.7,52.6,47.0,40.7,37.3,33.1,25.9,17.7,15.6,14.1,15.0,15.5,16.5,17.6,18.4,19.3,20.0,20.6,21.5,21.6
22:37:48.455,97.8,57.1,86.3,86.7,84.7,86.2,86.8,83.3,84.9,79.0,80.2,77.7,77.3,73.7,69.1,65.0,60.9,59.5,56.1,52.4,47.2,44.1,39.4,35.8,33.8,27.3,19.1,15.5,14.5,15.3,15.7,16.4,17.5,18.3,19.0,19.7,20.7,21.5,21.7
22:37:49.455,98.1,60.4,87.4,91.8,86.2,85.2,87.7,87.7,85.7,84.2,82.6,79.4,78.5,73.1,72.7,70.1,66.6,64.8,63.9,59.9,58.0,53.7,46.2,41.4,36.8,28.2,19.4,17.2,14.9,15.5,15.5,16.5,17.3,18.4,19.3,20.0,20.9,21.6,21.5
22:37:50.455,95.9,61.6,86.1,85.6,86.8,80.6,81.4,84.9,86.7,81.3,81.2,81.9,78.5,77.0,72.4,71.0,69.3,68.1,66.5,62.8,58.6,54.5,48.9,44.7,40.8,32.4,24.4,17.5,14.9,14.8,15.3,16.5,17.3,18.3,19.1,19.7,20.6,21.4,21.5
22:37:51.455,97.7,60.2,88.4,89.7,87.5,89.4,89.5,86.3,82.7,83.9,82.3,81.4,81.3,79.2,74.0,70.8,68.5,62.7,53.4,54.4,50.1,46.4,43.3,39.0,34.2,25.7,19.7,16.1,14.5,14.9,15.4,16.6,17.4,18.3,19.1,19.8,20.6,21.3,21.6
22:37:52.455,99.2,56.8,85.8,93.1,92.6,87.4,81.2,81.6,81.5,80.4,80.7,78.1,78.7,77.3,72.7,66.1,62.1,59.5,55.3,53.6,48.7,43.8,39.2,33.5,31.4,23.6,15.3,14.8,14.8,14.8,15.6,16.3,17.3,18.3,19.1,19.8,20.6,21.5,21.8
22:37:53.455,97.1,56.6,84.8,85.2,82.2,87.6,86.2,84.6,79.2,79.4,79.3,78.4,74.9,73.9,69.8,66.7,62.9,62.7,58.9,55.9,48.7,44.7,39.1,33.6,31.0,24.1,16.0,14.8,14.1,14.8,15.8,16.6,17.2,18.3,19.1,19.7,20.7,21.6,21.6
22:37:54.455,95.7,56.7,85.0,84.1,88.1,89.8,82.3,85.0,81.7,82.0,81.1,80.0,75.0,74.0,70.3,67.9,66.8,63.1,56.7,51.5,48.4,44.2,38.3,34.1,31.3,24.8,16.4,15.6,14.5,14.5,15.6,16.6,17.4,18.2,19.0,19.9,20.6,21.6,21.6
22:37:55.455,97.3,57.7,85.9,90.1,91.0,87.3,84.1,85.4,84.9,83.4,80.8,80.5,76.7,75.8,73.1,69.0,65.9,62.6,59.0,56.2,51.7,47.6,42.2,36.9,32.9,25.8,17.8,15.7,14.7,15.0,15.7,16.7,17.5,18.5,19.0,19.8,20.8,21.5,21.7
22:37:56.455,98.1,58.7,84.2,92.7,87.4,83.1,81.5,78.9,79.8,78.8,79.1,77.9,75.9,73.1,71.2,68.0,68.1,64.8,61.7,55.9,52.8,49.3,41.5,37.5,33.0,25.4,20.7,15.6,14.6,14.8,15.6,16.3,17.5,18.2,19.0,19.9,20.7,21.7,21.7
22:37:57.455,95.5,61.1,85.1,82.5,83.7,82.3,77.9,76.8,81.8,81.0,78.8,76.2,78.0,72.8,71.9,69.1,69.3,66.5,63.7,59.2,54.7,48.9,43.9,41.4,36.6,28.7,20.8,16.3,14.3,14.8,15.6,16.6,17.5,18.4,19.0,19.8,20.8,21.4,21.5
22:37:58.455,96.6,62.9,85.5,91.7,86.6,84.3,82.2,82.0,80.2,83.1,81.4,79.5,78.0,76.0,75.7,73.7,73.4,70.1,66.7,63.4,58.9,57.0,52.1,48.5,43.9,35.2,29.9,25.1,18.6,15.3,15.4,16.8,17.5,18.4,19.0,19.9,20.7,21.5,21.7
22:37:59.455,96.3,59.7,85.3,88.7,83.3,81.0,84.3,83.3,81.3,81.6,83.2,75.5,77.0,73.1,71.7,69.3,67.0,64.5,60.9,57.3,53.8,48.5,43.4,38.3,33.1,25.0,17.8,15.5,14.7,14.6,15.6,16.7,17.6,18.4,19.1,19.7,20.7,21.5,21.6
22:38:00.455,95.5,57.2,85.4,81.8,78.5,84.7,82.3,85.4,86.9,81.6,79.4,79.3,75.5,72.4,69.4,68.9,65.6,63.8,57.3,53.2,48.9,44.4,40.1,36.4,33.2,24.0,16.2,15.0,15.0,15.2,15.5,16.8,17.4,18.4,19.0,20.0,20.7,21.5,21.6
22:38:01.455,97.2,58.9,84.8,91.8,92.4,87.0,83.7,86.9,81.5,80.3,79.7,74.4,76.5,73.1,71.4,68.9,67.4,65.3,60.6,59.2,57.2,51.9,44.2,41.9,38.8,30.6,22.2,17.4,15.1,15.2,15.8,16.8,17.8,18.6,19.2,19.7,20.7,21.4,21.6
22:38:02.455,97.4,61.0,85.7,91.2,88.3,85.1,80.2,84.0,81.7,80.5,79.2,75.6,75.7,75.1,70.8,67.8,66.2,66.4,63.3,60.2,55.5,48.9,42.2,41.3,38.2,30.5,22.8,16.7,14.1,15.3,15.5,16.6,17.5,18.3,19.2,19.8,20.5,21.5,21.7
22:38:03.455,94.3,61.7,85.7,83.9,86.3,83.1,80.0,84.4,79.8,80.9,80.7,80.4,76.4,77.0,72.1,68.9,68.7,67.2,65.0,60.7,58.4,52.8,44.8,41.2,34.8,28.6,19.2,16.1,14.9,15.3,15.6,16.8,17.5,18.4,19.2,20.0,20.6,21.4,21.7
22:38:04.455,95.6,58.9,84.7,89.0,86.4,84.7,85.7,85.0,80.3,82.2,79.6,79.0,76.0,75.6,70.3,69.7,67.5,64.7,63.3,57.2,53.2,45.5,41.6,35.7,32.7,26.2,19.1,16.2,15.2,15.1,15.9,16.8,18.0,18.3,19.3,20.1,20.6,21.5,21.6
22:38:05.455,95.1,54.1,83.4,88.7,85.7,84.4,85.9,82.8,82.4,79.2,79.1,76.7,73.5,71.1,67.6,67.1,63.0,59.7,54.0,49.3,46.6,43.2,39.0,33.5,30.8,23.9,16.2,15.2,14.6,15.3,16.1,16.6,17.7,18.4,19.1,20.1,20.5,21.4,21.6
22:38:06.455,96.3,56.9,85.2,80.2,87.3,88.5,84.3,83.4,81.7,79.4,81.5,76.9,73.9,70.8,67.1,66.4,64.3,60.8,57.5,55.4,52.3,45.8,38.0,31.3,30.8,24.3,16.3,15.7,14.6,14.9,15.6,17.1,17.9,18.5,19.4,19.8,20.7,21.5,21.6
22:38:07.455,98.1,55.7,83.0,85.1,87.6,86.0,81.8,75.7,81.7,76.7,78.1,77.1,76.8,69.3,68.0,66.0,62.2,61.2,57.6,52.0,47.7,44.5,38.6,33.3,30.1,22.3,16.3,15.8,15.0,15.0,15.9,16.8,17.7,18.7,19.2,20.1,20.7,21.5,21.5
22:38:08.455,94.1,55.5,83.2,83.1,85.9,86.4,81.6,84.6,78.9,78.0,77.4,75.6,74.1,71.0,67.6,64.5,61.8,57.2,56.4,54.2,51.2,46.3,42.0,38.3,32.3,22.6,16.6,15.5,15.1,15.4,16.2,16.8,17.7,18.5,19.1,20.0,20.6,21.5,21.4
22:38:09.455,95.5,60.5,84.6,84.5,86.7,83.8,83.7,84.2,80.5,78.1,79.9,75.3,71.0,70.2,69.8,69.2,67.1,64.8,62.6,58.4,55.8,51.3,46.3,42.9,39.0,31.6,21.5,16.3,15.3,15.1,15.9,17.0,17.7,18.4,19.3,19.9,20.6,21.5,21.7
22:38:10.455,96.9,63.6,85.7,89.3,85.6,86.5,83.2,83.3,83.4,82.8,80.3,75.4,75.4,76.5,73.5,72.5,71.2,70.1,69.2,65.4,60.5,52.7,45.4,40.0,33.5,26.9,18.6,15.7,15.3,15.3,15.8,16.8,17.6,18.1,19.3,20.0,20.7,21.6,21.7
22:38:11.455,95.2,57.8,83.5,88.5,82.6,84.5,81.6,80.7,78.4,75.9,79.7,76.2,75.6,73.4,70.7,67.2,63.5,62.4,60.0,56.4,52.1,47.7,42.6,38.6,34.4,26.8,17.9,15.9,14.8,15.4,15.8,17.1,17.6,18.3,19.0,19.9,20.7,21.4,21.5
22:38:12.455,96.0,59.4,84.6,85.8,86.1,85.6,83.9,84.2,79.5,81.7,77.4,77.3,76.4,76.0,71.4,72.1,68.0,65.5,61.8,56.5,54.7,50.5,44.6,37.8,35.8,28.0,20.7,16.7,14.9,15.4,15.9,16.8,17.8,18.3,19.1,19.9,20.7,21.5,21.5
22:38:13.455,93.9,57.7,82.8,79.5,78.2,77.0,80.5,81.4,81.4,77.3,74.0,72.2,73.1,70.2,67.1,64.5,64.2,62.8,59.9,53.9,49.8,44.4,39.1,32.1,32.4,25.2,16.0,15.4,14.7,15.4,15.9,16.4,17.6,18.5,19.2,19.8,20.7,21.6,21.6
22:38:14.455,95.4,56.8,83.0,83.2,84.3,87.5,85.9,80.3,76.7,77.4,75.3,77.9,74.4,70.6,68.5,67.0,63.6,63.2,61.6,57.6,50.7,44.3,40.0,36.0,32.0,24.3,17.0,15.8,15.4,15.7,16.1,16.8,17.9,18.5,19.4,20.0,20.8,21.3,21.6
22:38:15.455,94.4,56.1,83.2,82.9,85.4,84.4,80.8,83.0,78.8,77.7,75.5,76.5,74.6,71.1,68.6,65.8,62.3,60.6,56.8,51.3,49.8,44.0,39.2,34.4,32.1,23.9,18.0,16.5,16.7,16.3,16.4,17.9,18.9,19.0,19.6,20.2,20.8,21.6,21.8
22:38:16.455,92.2,58.8,83.5,82.2,83.6,82.4,80.1,84.7,82.8,79.0,75.9,76.0,75.7,76.1,71.7,70.4,67.1,64.3,61.1,57.8,55.2,47.6,42.5,41.4,38.1,31.9,22.3,18.2,15.4,15.9,16.5,17.4,18.3,19.5,20.4,20.2,20.7,21.4,21.7
22:38:17.455,94.3,59.3,81.9,87.7,84.7,85.3,82.5,80.6,77.2,74.5,75.4,73.5,73.4,74.9,69.9,70.1,68.2,67.7,64.5,59.4,54.3,45.3,38.9,38.7,35.4,30.0,20.8,16.3,14.8,15.0,15.9,17.0,18.1,18.9,19.2,19.9,20.7,21.6,21.8
22:38:18.455,95.9,57.2,82.7,84.6,82.2,80.1,83.2,81.6,80.3,76.8,74.6,75.1,73.7,73.8,71.6,66.8,63.3,61.5,57.9,53.2,47.7,43.2,37.8,33.0,30.3,23.2,15.8,15.7,15.0,15.3,15.6,16.7,17.9,18.4,19.3,20.0,20.8,21.5,21.7
22:38:19.455,91.9,55.6,82.3,82.3,83.1,82.2,79.8,76.8,77.5,78.1,76.7,75.9,72.1,70.6,63.7,60.8,61.2,58.7,56.7,52.0,46.7,43.0,38.0,33.9,30.5,22.4,16.1,15.4,15.2,15.6,16.0,17.1,17.9,19.3,20.1,20.1,20.9,21.5,21.7
22:38:20.455,93.0,52.3,80.2,82.9,83.3,79.6,79.8,79.6,75.8,74.8,77.3,74.3,69.2,65.4,61.3,60.8,59.9,56.4,53.5,50.5,47.9,43.3,38.5,35.3,31.8,22.0,15.6,16.2,15.4,15.7,16.0,17.0,17.9,18.9,19.2,20.0,20.8,21.4,21.7
22:38:21.455,94.7,54.2,80.7,82.0,84.0,83.6,82.2,79.0,77.2,75.2,77.8,73.9,70.3,67.9,64.5,62.0,59.8,59.5,58.3,54.8,52.4,47.4,42.3,37.7,31.7,23.1,17.0,15.7,15.0,15.6,16.6,16.8,17.9,18.6,19.2,20.1,20.7,21.6,21.6
22:38:22.455,93.3,56.2,81.3,83.4,86.3,84.3,82.5,81.9,78.4,77.6,75.7,74.7,70.9,70.0,66.9,64.8,64.5,63.2,59.9,57.5,53.8,48.7,41.5,37.1,33.7,26.6,17.5,16.2,15.4,16.2,16.3,17.0,17.9,18.7,19.3,20.1,20.7,21.7,21.7
22:38:23.455,95.9,57.7,82.4,86.5,85.8,82.0,80.9,79.1,79.4,72.4,73.5,69.5,68.3,68.8,67.0,64.5,63.3,62.7,56.7,55.4,49.1,44.4,39.3,34.2,31.8,26.3,19.8,16.7,15.2,15.5,16.3,17.4,18.2,18.7,19.5,20.1,20.8,21.5,21.5
22:38:24.455,94.8,55.4,81.9,82.6,83.1,83.4,80.6,80.4,79.6,74.0,73.8,74.3,72.3,71.8,69.1,65.9,63.1,58.5,53.9,52.1,47.9,39.8,36.7,35.0,31.7,25.5,17.9,15.7,15.1,15.3,16.3,17.0,17.9,18.8,19.2,20.0,20.8,21.5,21.5
22:38:25.455,93.4,53.6,81.7,86.7,85.0,81.1,83.6,80.9,77.8,76.8,74.7,75.1,72.6,71.9,65.5,64.5,62.5,57.5,52.4,51.1,49.5,40.8,36.9,33.0,31.4,23.5,16.3,15.4,15.4,15.8,16.4,17.4,18.5,19.2,20.0,20.1,20.7,21.6,21.7
22:38:26.455,96.3,53.8,81.8,87.6,81.9,82.8,83.6,82.3,79.7,75.8,78.1,75.4,73.6,68.8,66.4,65.8,63.5,60.8,54.2,50.8,47.9,42.6,38.3,36.7,34.0,24.8,17.1,16.2,15.3,16.1,16.1,17.4,18.5,18.8,19.6,20.2,20.8,21.5,21.6
22:38:27.455,95.6,53.5,82.2,85.5,81.2,81.4,83.7,84.2,79.3,77.3,74.9,73.6,69.9,68.6,66.9,64.2,59.2,57.0,54.6,51.6,45.6,43.1,38.1,35.0,31.0,23.0,17.6,16.4,16.0,16.2,16.4,17.8,18.6,19.2,19.6,20.4,20.7,21.6,21.6
22:38:28.455,94.2,53.9,81.3,81.3,81.6,80.4,80.0,81.5,80.0,73.8,76.9,74.0,69.9,68.2,66.7,66.0,63.5,58.9,54.6,51.1,45.9,40.3,36.0,34.6,30.5,24.0,16.4,16.5,16.0,16.2,16.6,17.9,18.9,19.2,19.6,20.3,20.7,21.7,21.6
22:38:29.455,93.3,55.2,82.3,85.4,81.9,81.6,80.7,82.0,73.5,76.0,78.8,72.9,71.6,68.1,68.5,64.7,64.9,60.9,55.6,50.3,46.2,40.7,37.4,33.2,31.3,24.8,18.7,17.2,16.8,17.1,17.4,18.6,20.0,19.9,20.3,20.8,21.0,21.6,21.6
22:38:30.455,93.8,52.7,80.1,83.2,84.6,84.6,80.3,79.4,73.0,74.1,74.6,73.4,71.3,66.7,62.3,64.4,60.8,59.6,54.6,48.0,44.1,40.1,33.7,32.1,31.3,23.5,17.8,16.8,17.0,16.6,17.2,18.8,19.7,20.0,20.3,20.9,21.1,21.7,21.6
22:38:31.455,94.4,53.4,82.9,85.5,86.3,85.2,80.1,81.9,77.5,77.0,79.2,78.3,72.9,70.4,65.1,61.5,61.5,56.6,54.4,49.1,45.0,40.3,36.4,32.4,30.7,23.1,16.8,16.5,16.4,16.4,17.0,18.6,19.6,20.0,20.7,21.4,21.1,21.6,21.7
22:38:32.455,94.1,54.9,83.6,86.4,85.6,83.1,85.6,82.3,81.3,81.6,80.1,79.2,76.8,73.6,71.0,65.5,59.1,57.3,53.8,50.9,52.3,46.7,42.6,37.4,31.7,25.9,20.0,16.8,16.6,16.5,17.3,18.6,19.3,19.7,20.0,20.7,20.9,21.5,21.7
22:38:33.455,93.5,57.8,83.6,78.5,75.5,80.9,81.0,82.3,78.6,77.7,80.7,73.4,78.1,74.2,71.4,69.1,65.3,61.9,58.9,55.5,49.1,45.7,42.9,38.9,33.8,28.6,19.2,16.3,16.0,16.6,17.2,18.7,19.6,19.9,19.9,20.9,21.0,21.7,21.8
22:38:34.455,94.8,60.0,84.5,84.1,78.9,82.9,81.6,84.2,80.7,78.7,81.9,78.6,77.4,75.5,74.3,70.7,69.2,66.3,64.0,59.3,55.7,50.5,47.0,41.7,37.7,29.9,20.6,17.7,16.5,16.3,16.9,18.2,19.0,19.7,20.0,20.5,20.9,21.7,21.7
22:38:35.455,91.4,54.8,81.8,79.2,79.2,80.6,77.6,75.1,78.2,79.3,75.2,76.5,73.4,69.4,66.4,61.0,59.7,59.4,56.8,53.8,51.2,44.9,39.9,37.0,32.4,24.3,17.2,16.5,16.2,16.5,17.1,18.1,19.5,20.2,20.5,20.9,20.9,21.5,21.7
22:38:36.455,92.7,55.0,83.0,81.8,81.8,81.0,79.3,82.7,78.9,77.2,79.9,74.2,71.2,70.9,65.3,62.2,58.8,59.3,57.3,52.5,47.0,42.1,38.7,35.6,31.1,24.1,17.0,17.0,16.5,16.7,17.5,18.2,19.5,20.0,19.9,20.6,20.8,21.5,21.7
22:38:37.455,93.6,54.2,81.6,81.3,82.1,84.8,80.2,78.1,78.9,78.1,75.0,70.8,71.5,67.5,65.9,63.3,60.9,58.2,55.4,51.3,45.4,43.3,36.9,31.3,31.4,23.6,17.6,16.0,16.2,15.9,16.6,17.7,18.6,19.2,19.7,20.5,20.9,21.6,21.5
22:38:38.455,93.2,55.2,80.8,83.7,84.2,79.4,80.2,80.6,76.9,75.2,75.1,71.6,72.4,66.8,67.6,65.9,62.9,62.0,58.0,54.3,50.5,43.9,40.3,36.3,35.2,29.7,18.4,16.4,16.3,16.1,16.8,17.4,18.5,19.0,19.6,20.2,20.8,21.6,21.7
22:38:39.455,93.4,54.8,80.0,81.7,83.6,83.3,80.0,77.8,74.5,72.4,73.9,71.3,71.0,70.2,65.4,64.4,63.4,60.3,56.4,51.3,48.5,41.1,34.9,33.0,28.8,21.6,16.9,16.2,16.0,15.6,16.4,17.4,18.7,19.2,19.5,20.2,20.9,21.5,21.6
22:38:40.455,94.4,57.8,82.8,84.8,85.2,80.5,76.6,74.8,78.4,75.2,75.6,73.3,71.8,70.4,67.7,65.5,62.8,58.4,55.1,49.7,42.8,39.1,35.4,29.7,30.1,21.6,15.2,15.7,15.6,15.6,16.1,16.9,18.1,18.8,19.2,20.3,20.7,21.4,21.5
22:38:41.455,92.4,55.6,81.9,80.1,83.1,82.4,81.7,77.2,75.0,76.4,75.9,73.7,73.9,72.2,69.0,67.3,63.6,59.1,56.0,50.3,45.4,41.2,37.7,34.6,31.5,22.6,16.0,15.6,15.3,15.3,16.2,17.2,17.9,18.8,19.5,20.2,20.8,21.5,21.7
22:38:42.455,93.3,55.1,81.3,80.9,81.3,83.5,82.4,76.5,79.6,77.0,78.9,74.3,71.8,68.3,67.7,64.8,64.4,62.2,58.6,53.4,45.0,41.5,34.7,32.3,33.4,26.7,17.4,15.8,15.3,15.6,16.0,17.3,18.4,19.0,19.5,20.2,20.8,21.7,21.6
22:38:43.455,94.7,54.5,82.4,87.3,87.7,86.9,79.4,83.3,82.1,78.7,77.9,74.8,73.5,69.3,68.0,66.8,62.6,60.8,56.8,50.6,47.0,43.6,37.7,33.8,31.7,23.6,18.8,15.9,16.0,15.8,16.3,17.2,18.3,18.9,19.3,20.0,20.8,21.6,21.7
22:38:44.455,95.4,52.4,81.1,84.6,81.1,76.3,76.8,77.3,74.4,72.9,76.3,71.5,67.1,69.8,63.4,60.5,57.0,55.5,50.7,50.7,45.4,41.1,35.6,30.7,28.8,21.4,16.2,16.1,15.8,15.7,16.3,17.7,18.5,19.1,19.5,20.1,20.8,21.5,21.7
22:38:45.455,93.3,51.6,79.7,84.1,83.3,84.8,79.1,76.5,77.2,76.8,76.5,73.6,70.7,68.6,63.2,58.5,57.5,57.0,54.9,50.5,48.7,43.3,40.5,35.4,31.0,24.2,18.1,16.6,16.1,16.3,16.8,17.9,19.1,19.3,19.7,20.3,21.0,21.7,21.6
22:38:46.455,93.0,52.4,80.5,84.3,81.1,80.4,83.0,79.5,78.2,74.4,73.9,72.5,69.4,69.1,63.7,59.0,57.0,55.2,52.9,50.3,47.3,45.2,39.4,33.7,30.5,22.0,17.6,17.5,16.7,16.9,17.3,18.5,19.2,19.7,20.1,20.7,20.8,21.6,21.7
22:38:47.455,92.7,54.3,81.0,82.7,83.8,85.1,81.8,78.1,75.9,77.2,74.1,73.0,71.7,69.3,67.6,64.1,62.2,58.8,56.6,50.4,47.7,44.2,39.4,34.2,30.3,22.9,16.8,16.6,16.0,16.4,16.7,17.7,19.1,19.5,19.8,20.5,20.8,21.6,21.7
22:38:48.455,92.1,55.9,80.2,81.0,80.2,83.6,81.4,80.4,76.2,76.3,76.6,73.1,73.5,71.1,70.3,67.8,66.1,63.2,60.4,57.4,51.3,44.0,38.9,35.4,31.3,28.3,19.1,16.8,16.5,16.5,16.8,18.1,19.0,19.5,19.9,20.5,20.8,21.4,21.5
22:38:49.455,91.5,55.5,79.7,78.9,79.6,80.1,77.7,79.6,73.8,73.8,76.6,73.4,70.5,67.9,67.7,66.2,63.8,61.6,57.2,51.7,46.2,41.7,34.2,30.0,29.0,21.1,17.0,17.1,17.1,16.7,17.3,18.6,20.2,20.0,20.3,20.8,21.0,21.4,21.5
22:38:50.455,91.3,53.9,79.6,84.3,78.5,74.5,79.9,80.9,77.1,70.5,74.9,72.6,72.3,70.3,67.3,64.0,62.5,58.8,56.3,54.1,47.0,42.3,36.0,33.1,30.0,21.6,17.6,17.2,17.3,17.5,17.1,18.7,20.3,20.3,20.3,20.7,20.9,21.5,21.6
22:38:51.455,92.8,54.4,81.9,86.1,83.4,81.0,83.6,80.1,77.8,77.8,77.0,74.6,72.6,69.2,67.7,63.3,60.9,58.3,56.0,53.8,49.4,44.5,40.5,37.5,32.8,24.2,18.1,16.9,16.6,16.8,17.5,18.4,19.9,20.9,20.7,20.8,20.9,21.6,21.8
22:38:52.455,92.4,53.3,80.8,80.7,82.5,82.5,81.1,79.8,76.3,75.1,74.4,71.9,69.8,67.8,66.8,61.2,57.5,56.6,53.0,49.2,48.0,43.7,39.0,32.5,29.7,22.2,17.5,17.1,16.7,16.9,17.4,18.7,20.0,20.2,20.3,21.0,21.1,21.4,21.5
22:38:53.455,90.0,50.5,78.5,76.0,78.8,80.9,80.3,79.7,79.4,72.2,72.1,69.7,69.6,66.9,64.5,62.5,58.2,55.5,52.7,48.9,43.6,40.7,33.3,27.7,28.4,20.8,17.2,17.1,17.1,16.8,17.6,18.7,19.8,20.1,20.5,21.1,21.1,21.6,21.7
22:38:54.455,92.7,53.8,81.0,86.0,85.6,84.0,79.5,77.4,78.6,77.4,78.0,72.2,69.8,68.2,65.8,61.2,59.7,58.2,55.4,53.0,47.2,41.9,37.2,31.9,30.0,21.9,18.3,17.2,17.5,17.7,17.8,19.3,20.5,20.4,20.6,21.3,21.1,21.6,21.7
22:38:55.455,93.3,54.5,80.1,81.7,80.5,82.8,80.4,81.8,76.5,78.3,77.1,73.2,71.0,68.7,67.6,64.2,62.6,59.9,56.4,55.9,53.3,50.1,45.4,42.6,38.0,32.7,24.3,18.0,17.9,17.6,18.1,19.1,20.4,21.2,20.8,21.5,21.1,21.6,21.8
22:38:56.455,94.1,54.5,81.1,84.2,82.9,82.6,81.0,80.2,77.8,72.0,73.5,74.6,72.1,69.9,66.5,61.9,59.7,56.0,54.7,53.8,50.6,43.7,36.6,30.2,30.1,23.2,17.7,17.1,16.6,16.9,17.7,18.5,19.5,19.9,20.2,20.9,21.0,21.7,21.6
22:38:57.455,94.4,52.3,80.2,80.4,80.8,76.5,74.9,72.8,73.3,73.3,73.0,73.0,70.4,65.7,62.6,61.0,58.3,53.5,51.8,46.1,38.5,33.9,32.7,27.9,28.8,21.9,17.2,16.4,16.5,16.5,16.8,17.9,18.8,19.7,19.9,20.5,21.0,21.5,21.7
22:38:58.455,93.0,51.7,78.6,80.7,77.8,77.9,79.6,77.0,73.3,70.9,73.5,73.6,71.7,67.2,64.5,64.0,60.6,56.8,52.9,49.3,40.7,38.2,34.5,31.8,30.2,23.3,17.7,16.7,16.7,16.7,16.8,18.0,18.9,19.6,20.0,20.7,21.0,21.7,21.6
22:38:59.455,90.0,53.0,77.7,79.5,78.2,77.5,79.6,76.2,70.6,70.7,74.3,69.1,68.3,66.8,64.9,62.1,61.6,57.1,55.0,51.7,46.6,40.7,35.0,29.4,29.2,21.6,16.6,16.6,16.4,15.9,16.4,17.8,18.5,18.9,19.7,20.4,20.8,21.5,21.6
22:39:00.455,88.8,50.5,74.7,79.4,74.8,74.7,74.7,71.5,71.5,71.7,68.6,64.9,66.2,62.7,59.6,61.3,58.5,56.4,50.7,48.4,44.2,41.0,36.8,30.8,29.8,21.0,16.6,16.8,16.2,16.2,16.6,17.5,18.6,19.6,19.9,20.0,20.7,21.5,21.7
22:39:01.455,90.0,50.8,75.3,82.1,79.9,78.3,77.3,75.3,73.9,72.2,70.6,68.3,67.3,62.9,62.7,62.0,61.4,56.9,52.4,49.3,46.7,45.2,38.0,31.3,29.3,20.4,16.6,15.8,15.6,15.4,16.3,17.3,18.1,19.0,19.5,20.0,20.9,21.6,21.7
22:39:02.455,91.1,50.3,76.8,77.7,79.3,81.0,80.8,76.6,72.6,74.0,69.1,68.3,67.0,65.3,62.9,59.4,57.0,56.1,53.3,51.8,46.4,41.8,36.3,29.3,28.3,21.1,15.9,15.4,15.4,15.6,15.8,16.9,17.8,18.6,19.6,20.0,20.7,21.4,21.6
22:39:03.455,90.5,49.1,76.5,81.4,79.0,81.9,76.5,76.6,74.8,71.7,71.6,68.4,69.6,65.6,62.7,57.9,57.4,53.7,51.7,49.9,43.5,38.9,34.6,31.0,30.3,22.5,16.6,15.4,14.7,15.2,16.2,16.9,18.0,19.7,20.0,20.1,20.9,21.5,21.6
22:39:04.455,91.3,49.3,76.7,78.2,78.0,79.1,78.6,78.7,73.6,72.8,72.1,69.6,69.9,66.6,64.0,61.1,57.7,53.2,51.0,46.3,43.4,37.7,31.7,26.6,28.8,19.3,14.5,15.6,15.0,15.1,15.6,16.9,17.8,18.6,19.4,19.9,20.5,21.4,21.8
22:39:05.455,91.9,52.9,78.3,83.4,79.4,78.4,78.3,74.1,73.1,71.4,73.0,71.8,68.9,65.3,65.7,62.1,59.7,57.4,54.3,50.7,44.0,38.3,29.2,24.6,27.9,19.6,14.4,15.2,14.9,14.9,15.9,16.7,17.7,18.6,19.5,20.3,20.8,21.7,21.7
22:39:06.455,90.5,53.4,78.3,82.1,76.5,79.5,81.2,76.4,72.2,74.0,71.2,72.6,71.3,67.7,65.2,64.1,60.2,57.7,57.1,54.2,48.3,43.0,37.3,29.7,30.2,22.3,15.5,15.0,14.8,15.0,15.5,16.7,17.7,20.1,20.0,19.9,20.7,21.5,21.7
22:39:07.455,92.5,54.6,80.1,84.2,84.0,82.4,82.9,74.8,77.3,75.9,74.9,73.8,74.6,72.5,67.8,65.5,64.3,60.9,57.4,53.0,46.4,40.6,32.8,32.7,29.6,22.3,15.1,15.3,14.7,15.2,15.6,16.8,17.8,18.4,19.1,19.9,20.5,21.5,21.7
22:39:08.455,90.9,52.8,79.5,83.2,82.8,80.6,80.2,76.1,75.9,75.6,75.1,74.1,73.9,70.2,66.6,64.5,62.9,60.2,54.4,47.0,41.4,42.0,35.7,33.4,29.8,23.8,15.5,15.3,15.1,15.3,15.8,16.4,17.4,18.3,19.1,20.0,20.8,21.6,21.6
22:39:09.455,90.1,49.0,76.1,80.7,79.0,75.8,74.9,74.3,72.0,71.9,71.0,68.4,69.1,65.6,61.6,57.8,57.8,51.3,48.7,47.1,44.6,39.8,37.8,33.0,31.3,24.6,15.7,14.9,14.8,14.8,15.9,16.6,17.5,18.4,19.0,20.0,20.7,21.5,21.6
22:39:10.455,90.7,50.2,77.7,82.0,78.4,79.7,76.4,79.7,73.6,73.6,75.6,70.8,68.9,66.9,63.1,61.3,58.2,54.8,51.4,51.0,45.8,41.6,37.2,34.6,31.0,21.9,16.1,15.4,15.0,15.4,16.1,16.9,17.9,18.6,19.0,20.0,20.7,21.5,21.7
22:39:11.455,88.0,47.3,76.4,75.1,72.7,77.0,77.5,77.5,72.2,71.2,70.6,67.6,66.2,63.7,60.7,57.1,55.2,50.5,47.8,43.9,38.3,34.7,31.7,28.2,29.3,20.7,14.7,14.8,15.0,15.2,15.4,16.7,17.9,18.3,19.2,19.9,20.7,21.6,21.8
22:39:12.455,90.9,47.0,76.4,84.8,82.7,78.4,77.3,76.7,73.8,71.3,69.8,67.6,64.7,62.1,60.4,56.8,54.9,49.1,47.1,44.8,37.9,32.5,30.6,26.7,28.5,19.4,14.1,15.3,14.4,14.9,15.7,16.3,17.6,18.5,19.3,19.9,20.7,21.4,21.5
22:39:13.455,88.8,45.9,75.7,77.9,75.1,78.9,80.1,76.1,73.4,75.1,71.1,68.1,66.6,64.1,60.4,58.9,54.7,49.8,46.7,41.5,38.4,32.0,28.1,25.5,27.8,19.9,14.5,15.0,14.7,14.8,15.8,16.9,17.6,18.3,18.8,19.8,20.7,21.6,21.6
22:39:14.455,89.0,46.7,75.3,77.9,79.4,75.7,76.6,76.3,72.6,70.4,71.1,68.6,65.6,64.7,61.8,57.7,55.5,53.3,47.3,42.3,38.1,36.0,29.1,26.2,27.9,20.0,14.6,15.0,14.7,14.4,16.0,16.6,17.6,18.1,19.0,19.8,20.6,21.5,21.5
22:39:15.455,89.8,47.2,75.2,76.3,73.1,76.9,78.3,76.7,69.9,70.1,70.1,66.2,66.0,64.2,60.7,58.7,54.6,52.4,47.4,43.6,40.9,34.8,29.7,25.0,27.3,19.8,15.1,15.5,15.2,14.9,16.1,16.7,17.9,18.5,19.1,19.9,20.5,21.5,21.7
22:39:16.455,90.6,48.9,77.2,83.2,81.7,78.1,78.0,74.4,77.0,74.4,71.5,70.1,67.5,66.6,63.0,61.1,56.8,54.0,48.6,43.1,42.8,40.4,35.7,31.3,29.6,20.1,15.0,15.1,15.2,15.0,15.8,16.8,17.7,18.4,19.3,19.8,20.7,21.5,21.6
22:39:17.455,90.0,48.0,76.5,78.7,79.4,77.1,75.1,75.4,72.5,72.1,69.3,68.2,66.3,62.7,59.7,56.6,56.1,51.7,45.5,44.0,37.6,35.3,27.7,25.1,28.7,20.2,15.1,15.7,15.0,14.8,15.9,16.4,17.4,18.3,19.1,19.9,20.6,21.5,21.6
22:39:18.455,90.8,48.4,75.9,82.0,80.3,77.9,73.1,71.6,70.9,68.0,68.0,67.4,65.5,63.2,59.5,57.9,54.4,53.7,50.3,44.9,39.7,37.1,30.6,25.2,27.8,20.1,14.9,15.3,14.8,15.5,16.1,16.7,17.6,18.5,19.1,20.0,20.6,21.5,21.6
22:39:19.455,87.7,46.8,73.5,79.9,76.8,76.4,73.0,72.6,72.0,69.5,69.3,63.4,64.6,61.8,58.0,56.2,54.2,52.9,52.3,47.0,39.3,35.3,29.8,23.8,28.0,19.5,14.0,14.9,14.1,15.3,15.7,16.3,17.2,18.2,19.0,20.0,20.8,21.4,21.5
22:39:20.455,90.7,50.3,75.5,82.4,80.4,76.3,77.4,74.4,73.5,70.9,70.8,67.4,65.5,63.7,58.4,57.1,56.6,55.4,52.1,51.5,46.5,42.5,36.7,32.3,28.8,20.1,14.0,15.5,14.7,15.0,16.1,16.7,17.2,18.3,19.0,19.9,20.8,21.4,21.5
22:39:21.455,86.7,50.2,75.5,74.6,76.2,75.2,76.2,72.7,70.3,71.7,66.7,68.6,66.1,63.3,59.6,56.9,55.8,54.5,52.5,48.4,44.1,40.6,36.0,31.8,30.2,22.0,15.4,14.7,15.0,15.0,15.5,16.5,17.6,18.4,19.2,19.9,20.5,21.4,21.5
22:39:22.455,88.0,50.5,75.5,79.7,77.9,73.0,73.7,72.3,70.3,67.8,68.3,64.2,64.2,62.6,60.5,56.1,55.1,52.7,52.2,48.6,41.2,37.1,31.5,25.7,28.7,20.1,13.9,14.9,14.4,14.7,15.3,16.8,17.8,18.3,19.1,19.8,20.5,21.5,21.4
22:39:23.455,90.4,51.6,76.6,79.9,80.5,77.7,78.9,73.6,70.5,70.7,71.7,70.0,68.1,64.8,63.7,61.4,58.5,57.3,56.3,51.7,45.1,37.4,31.3,27.8,28.3,20.3,14.5,15.4,14.5,14.8,15.9,16.3,17.4,18.1,18.8,19.9,20.6,21.5,21.6
22:39:24.455,86.0,49.1,75.7,75.2,74.9,74.4,78.6,75.1,72.5,71.9,71.5,69.9,67.3,65.8,64.0,60.8,58.1,55.2,53.6,45.1,40.6,33.0,29.4,25.2,28.9,20.5,14.5,14.8,14.2,14.7,15.8,16.7,17.6,18.0,19.0,19.9,20.5,21.6,21.7
22:39:25.455,87.6,49.3,77.3,78.5,80.0,75.7,73.6,74.5,75.3,72.5,71.5,68.9,69.9,67.1,63.3,61.1,56.9,51.2,48.7,46.3,38.3,34.7,29.8,28.0,28.1,20.3,15.2,15.6,15.0,15.2,16.3,17.1,17.6,18.5,19.0,20.0,20.7,21.7,21.6
22:39:26.455,87.4,48.7,76.2,78.8,80.3,76.3,73.1,71.2,72.1,68.4,69.2,70.2,68.8,66.2,62.5,59.0,57.0,49.9,46.9,39.9,38.0,33.7,28.0,23.7,28.7,19.9,14.8,15.5,14.8,15.2,15.8,16.5,17.7,18.4,19.1,19.9,20.6,21.5,21.6
22:39:27.455,88.0,51.6,77.3,79.8,80.3,76.9,75.7,73.5,72.4,70.7,70.4,69.7,71.5,68.8,64.9,62.9,60.5,55.5,51.2,45.6,44.2,40.8,33.6,30.5,28.8,20.4,14.8,15.6,15.3,15.1,16.2,17.1,17.9,18.2,19.0,20.0,20.7,21.5,21.7
22:39:28.455,89.8,51.2,77.1,80.5,79.4,76.2,75.7,72.9,71.9,72.4,70.3,69.1,67.9,68.1,64.4,60.7,58.7,55.4,51.2,46.9,40.4,36.3,33.3,28.2,29.4,19.8,15.4,15.2,15.1,16.0,15.9,16.4,17.3,18.5,19.1,19.8,20.6,21.5,21.7
22:39:29.455,86.9,47.7,75.0,71.4,78.0,79.7,73.2,72.3,70.5,67.7,68.2,67.1,65.4,62.3,60.8,59.4,54.4,47.7,45.3,41.5,34.0,30.2,25.0,21.8,28.0,19.5,14.9,15.1,14.9,15.2,16.0,16.6,17.8,18.7,19.4,20.0,20.7,21.3,21.6
22:39:30.455,86.5,48.3,75.6,82.3,77.7,73.9,76.3,70.2,69.1,71.8,71.3,68.0,67.6,65.6,62.8,62.0,55.9,49.8,48.3,42.7,37.5,36.2,30.0,23.4,27.4,19.5,15.2,15.1,14.7,14.7,15.5,16.5,17.5,18.4,18.9,20.0,20.7,21.6,21.7
22:39:31.455,89.8,51.2,78.5,81.3,81.1,76.9,77.6,77.1,77.1,75.5,72.8,71.6,68.2,66.6,67.3,64.9,60.2,54.1,51.9,46.5,40.9,36.8,34.6,27.2,29.0,20.5,14.8,15.2,14.9,14.9,15.4,16.6,17.3,18.0,18.9,19.7,20.5,21.5,21.6
22:39:32.455,88.3,45.7,75.6,80.1,76.5,78.4,76.4,72.6,73.0,72.5,72.9,69.4,65.7,62.9,61.6,55.0,54.7,50.4,45.3,41.3,35.3,30.4,24.2,22.1,28.7,19.9,13.9,15.0,14.5,15.0,15.6,16.3,17.4,18.2,19.0,19.7,20.7,21.5,21.5
22:39:33.455,86.4,44.2,74.7,71.7,70.9,74.7,76.8,69.0,70.9,71.1,68.3,66.0,62.5,57.2,53.7,52.7,51.9,48.5,45.6,41.0,35.2,30.2,24.9,22.1,28.4,19.1,14.0,15.3,14.8,15.4,15.7,16.5,17.2,17.9,18.9,19.9,20.6,21.5,21.5
22:39:34.455,88.6,43.1,72.3,79.5,78.7,74.0,73.6,70.0,69.4,70.2,69.3,67.1,62.4,58.2,55.3,53.5,51.4,49.7,46.3,40.0,37.2,32.8,26.5,21.7,28.0,19.5,14.2,15.0,14.7,14.5,15.5,16.2,17.0,18.2,19.0,19.8,20.6,21.5,21.6
22:39:35.455,87.9,42.9,72.7,77.9,78.5,71.9,74.1,73.2,72.8,70.3,65.7,64.6,64.1,58.7,55.4,51.8,51.7,47.6,44.4,44.0,36.0,31.3,28.7,24.4,27.9,19.5,14.5,14.4,14.5,14.7,15.5,16.3,17.3,18.4,18.7,19.7,20.6,21.4,21.6
22:39:36.455,86.6,44.6,73.8,77.1,77.7,73.2,75.8,73.7,69.8,69.3,67.5,62.2,59.1,58.9,55.8,52.9,50.3,48.0,42.8,40.8,36.8,30.3,24.2,22.2,27.7,19.5,14.6,15.2,13.9,14.7,16.0,16.4,17.4,18.1,19.0,19.8,20.7,21.3,21.6
22:39:37.455,87.4,46.5,73.8,71.0,71.7,72.2,72.3,71.9,70.7,68.0,68.3,64.7,63.0,58.6,58.0,55.6,54.2,52.9,47.4,41.3,38.2,33.5,28.4,23.2,28.4,19.6,14.1,15.2,14.1,14.5,15.6,16.3,17.2,17.9,19.0,19.7,20.8,21.5,21.6
22:39:38.455,85.3,45.1,71.5,73.2,73.6,70.0,68.3,64.8,70.0,66.9,63.4,64.0,61.8,57.9,57.1,56.1,53.3,48.9,45.6,39.3,33.6,27.6,22.1,20.8,27.4,19.2,13.6,14.7,14.5,14.6,15.8,16.3,17.4,18.1,19.1,19.9,20.6,21.4,21.6
22:39:39.455,85.2,46.4,71.7,73.7,72.5,75.6,73.3,65.1,67.3,67.4,68.1,64.2,60.7,59.2,57.4,57.2,54.6,51.3,47.6,41.9,32.8,28.2,25.0,21.0,28.5,19.7,14.5,15.3,15.5,16.5,15.6,16.5,17.4,17.9,18.8,19.8,20.8,21.4,21.7
22:39:40.455,84.0,46.9,72.0,74.8,73.1,67.5,72.7,73.6,68.5,65.9,65.0,62.6,62.6,60.5,57.8,57.0,54.9,51.8,48.1,44.0,39.4,33.0,25.7,20.8,28.1,18.7,14.0,14.6,13.9,14.7,15.8,16.6,17.4,18.2,19.0,19.9,20.6,21.5,21.7
22:39:41.455,86.5,47.3,72.7,75.7,74.1,69.5,70.4,65.3,67.7,69.4,67.5,65.1,63.6,61.4,59.2,55.8,54.7,52.3,49.0,46.3,41.4,35.2,28.4,22.3,28.2,19.5,13.5,15.0,14.4,14.7,15.9,16.8,17.5,18.1,19.1,19.8,20.6,21.5,21.6
22:39:42.455,86.1,45.1,71.9,70.9,72.7,74.2,73.2,67.4,69.1,68.1,66.4,62.7,62.7,60.5,56.5,54.0,54.0,51.0,46.8,40.4,36.7,29.2,23.3,21.6,27.4,19.4,14.1,14.9,13.6,14.7,15.7,16.9,17.7,18.3,19.0,19.8,20.5,21.4,21.6
22:39:43.455,83.0,44.5,70.7,70.1,73.5,70.0,68.2,69.1,67.8,63.5,64.3,64.4,62.9,59.1,58.1,55.9,52.4,50.4,47.0,38.7,34.3,27.8,23.0,20.3,27.7,19.5,14.7,15.7,14.1,14.8,15.4,16.8,17.6,18.3,19.0,19.8,20.5,21.6,21.6
22:39:44.455,84.7,46.4,72.5,77.4,74.0,72.7,71.6,72.5,71.4,67.4,66.0,67.0,64.6,62.3,61.3,58.9,55.9,54.4,49.5,44.1,36.9,31.5,27.0,23.2,27.7,19.9,14.5,15.2,14.2,14.5,15.5,16.4,17.4,18.2,18.9,19.8,20.7,21.6,21.6
22:39:45.455,84.7,45.3,72.7,74.7,74.8,74.1,70.9,71.3,68.4,68.2,69.1,65.3,64.0,60.5,60.7,57.3,54.7,49.5,41.5,37.6,35.7,31.6,27.9,22.5,28.2,19.3,14.1,14.7,14.3,14.9,15.8,16.5,17.4,18.2,19.0,19.9,20.7,21.6,21.6
22:39:46.455,84.4,43.0,70.7,75.0,74.1,71.9,70.5,68.2,64.9,66.2,66.0,64.2,62.8,61.3,57.9,53.8,51.0,43.2,39.9,41.5,37.1,30.8,22.6,21.8,28.0,19.2,14.3,14.7,14.6,15.3,16.2,16.9,17.7,18.4,19.2,19.9,20.6,21.5,21.7
22:39:47.455,83.5,41.7,70.0,67.3,70.6,73.1,73.2,70.3,67.9,64.6,64.1,61.3,58.5,58.5,58.1,52.5,45.2,46.4,42.3,38.8,31.3,26.4,20.9,20.2,28.1,19.3,15.3,15.1,15.1,15.5,16.5,17.1,17.7,18.6,19.3,20.0,20.7,21.5,21.6
22:39:48.455,85.3,43.8,71.1,76.4,70.0,70.4,69.8,68.6,66.5,65.2,66.5,64.5,64.1,61.9,57.2,54.5,49.7,48.2,45.4,42.0,35.3,29.2,25.4,21.5,27.9,19.9,14.9,15.6,14.8,15.3,16.3,16.8,17.4,18.2,19.0,20.0,20.5,21.3,21.6
22:39:49.455,83.8,44.5,71.8,76.8,76.8,73.4,72.1,70.2,67.4,67.1,67.0,66.6,63.1,61.1,57.5,57.0,51.6,47.4,47.7,43.0,35.0,29.1,26.4,24.1,28.6,19.6,14.9,15.5,15.0,15.0,16.0,16.9,17.8,18.5,19.0,19.9,20.7,21.4,21.7
22:39:50.455,81.7,41.3,70.1,67.6,67.3,67.4,68.0,66.8,68.7,65.2,64.3,62.9,59.5,59.5,53.5,51.6,48.1,41.7,37.3,34.1,28.3,25.5,21.1,20.5,29.0,19.7,14.6,15.4,15.0,15.0,15.9,17.0,17.4,18.5,18.9,20.0,20.5,21.6,21.7
22:39:51.455,84.0,41.7,69.3,69.9,72.6,73.8,68.4,66.8,63.4,64.5,62.6,62.8,60.6,60.6,57.7,52.6,48.9,43.8,39.8,34.9,27.5,25.9,20.1,20.1,27.8,19.6,14.4,15.2,14.8,15.3,16.5,16.8,17.6,18.5,19.2,19.7,20.5,21.6,21.5
22:39:52.455,84.0,44.6,70.5,72.2,72.8,73.2,68.4,67.7,64.6,62.1,65.4,64.7,61.8,60.8,57.7,53.8,52.0,49.2,46.5,40.8,31.2,26.0,21.5,21.0,27.5,19.7,14.8,15.3,15.0,15.0,15.7,16.7,17.5,18.4,19.2,19.9,20.8,21.4,21.5
22:39:53.455,85.6,43.6,69.4,73.7,73.1,70.3,71.7,65.9,64.6,65.9,63.5,63.6,61.5,59.1,58.2,55.2,52.8,49.3,47.9,44.1,33.7,26.2,22.6,21.8,27.4,19.0,14.5,14.8,14.8,14.9,15.8,16.4,17.8,18.4,19.1,19.7,20.6,21.5,21.7
22:39:54.455,83.1,45.3,71.1,71.5,65.1,66.9,67.8,68.1,66.0,66.8,60.7,63.9,60.6,58.1,56.9,55.1,52.4,48.4,44.8,38.4,30.4,27.4,21.9,20.7,28.2,19.7,14.5,14.6,14.3,15.1,15.9,16.6,17.5,18.5,19.1,19.8,20.6,21.4,21.5
22:39:55.455,81.9,43.6,69.9,72.1,70.3,67.1,72.6,68.9,66.5,65.8,64.4,63.6,59.5,60.2,56.6,53.9,51.7,47.8,46.1,40.6,32.0,26.4,22.2,20.8,27.7,19.1,14.2,15.0,14.3,15.0,15.7,16.4,17.2,18.2,19.1,19.9,20.8,21.6,21.7
22:39:56.455,83.7,44.4,70.2,70.5,70.1,73.5,70.7,68.1,68.0,65.3,63.9,63.2,59.5,59.5,56.5,51.8,49.1,47.7,47.1,43.0,38.1,31.5,28.1,22.6,28.3,19.3,14.0,15.5,14.8,14.8,15.6,16.3,17.4,18.2,19.0,19.7,20.7,21.5,21.7
22:39:57.455,83.9,43.1,70.6,71.8,73.1,71.3,68.5,70.6,66.7,64.3,64.6,60.4,59.3,57.4,55.3,52.7,47.9,45.2,45.6,40.1,36.9,29.9,24.1,21.2,28.2,19.2,14.6,14.8,13.9,14.5,15.4,16.4,17.4,18.2,18.9,19.8,20.7,21.5,21.7
22:39:58.455,87.0,43.1,71.1,70.1,71.3,70.7,73.2,72.1,66.9,65.6,66.4,63.9,62.7,60.4,57.7,54.5,48.9,47.6,45.5,39.4,38.1,32.4,27.0,22.6,27.5,19.7,14.5,15.2,14.4,14.6,15.6,16.4,17.3,18.4,19.0,19.8,20.7,21.5,21.7
22:39:59.455,83.7,41.7,70.0,73.2,70.8,73.2,68.0,67.2,70.3,63.9,64.6,64.1,61.4,59.1,57.0,54.2,49.5,46.1,42.8,35.5,29.2,26.7,21.5,21.1,28.0,19.5,14.3,15.2,14.3,14.8,15.6,16.7,17.3,18.2,19.3,19.9,20.6,21.5,21.6
22:40:00.455,84.7,43.0,72.1,70.5,74.7,76.2,69.0,71.8,69.9,67.5,65.8,64.3,62.6,60.7,57.9,55.6,49.6,45.5,41.0,36.2,32.6,27.7,24.7,22.9,28.5,19.7,14.1,14.8,14.2,15.0,15.6,16.6,17.4,18.1,19.0,20.0,20.8,21.5,21.6
22:40:01.455,84.4,42.9,71.1,77.2,75.7,72.0,68.4,71.1,68.2,68.5,66.5,64.6,62.5,60.3,56.1,54.8,50.6,46.8,41.7,39.7,34.3,32.5,27.3,23.0,28.4,19.6,14.4,15.3,14.7,15.1,15.5,16.5,17.7,18.5,19.0,19.9,20.7,21.6,21.8
22:40:02.455,83.5,43.1,71.5,71.9,68.7,69.8,73.1,72.9,70.0,66.6,67.2,65.2,63.2,59.0,55.4,52.8,51.8,48.6,46.0,41.0,33.6,28.6,23.2,21.0,27.6,19.6,14.4,15.4,14.2,14.7,15.5,16.8,17.6,18.5,19.1,19.8,20.7,21.6,21.7
22:40:03.455,81.6,43.2,69.9,66.7,68.4,73.5,72.9,65.1,67.6,66.2,65.6,61.9,59.6,55.8,54.2,52.3,51.3,49.4,46.2,41.1,35.4,30.0,25.3,21.5,28.1,20.6,14.7,15.6,14.6,14.7,15.8,16.3,17.8,18.5,19.3,19.9,20.7,21.6,21.8
22:40:04.455,84.9,46.7,71.5,71.6,72.5,72.6,71.9,69.3,65.8,67.6,65.1,64.7,59.0,56.3,56.0,54.0,52.6,51.2,50.2,45.8,40.6,34.6,29.7,24.2,27.6,19.7,15.7,15.9,14.8,15.5,16.4,16.8,18.1,18.7,19.3,20.2,20.8,21.7,21.8
22:40:05.455,84.4,43.8,70.1,72.2,73.7,71.4,68.9,69.9,65.6,67.7,65.1,65.5,60.7,55.8,56.4,54.3,53.9,50.5,47.7,42.8,36.6,31.7,26.0,23.1,27.8,20.0,15.6,15.5,15.5,15.7,16.1,17.2,18.8,19.2,19.6,20.3,20.7,21.6,21.8
22:40:06.455,83.2,42.1,69.6,73.5,72.3,74.2,71.2,68.0,68.4,62.0,63.2,61.8,60.6,57.9,56.0,52.5,47.7,46.1,43.3,41.4,33.4,28.7,26.1,23.2,27.6,20.3,16.3,16.0,15.8,16.0,16.8,17.6,18.6,18.9,19.7,20.3,20.8,21.6,21.6
22:40:07.455,83.1,43.2,70.9,73.3,74.5,71.0,70.8,71.3,66.5,64.5,66.8,65.4,63.6,61.2,59.3,54.6,49.4,45.2,46.1,42.4,35.4,30.9,26.2,23.2,28.2,20.7,16.0,16.2,16.0,16.2,16.7,17.8,18.8,18.8,19.5,20.1,20.7,21.4,21.7
22:40:08.455,84.3,42.3,70.8,73.7,75.1,75.2,68.9,68.2,68.6,66.4,67.5,62.3,58.5,58.5,56.1,51.9,49.4,44.7,41.8,38.3,32.7,29.2,24.6,22.3,27.8,20.0,15.9,15.7,15.6,15.9,16.3,17.7,18.6,19.0,19.3,20.1,20.8,21.6,21.8
22:40:09.455,84.3,42.2,70.4,70.6,74.1,72.2,72.2,68.1,66.4,65.9,65.2,61.4,59.7,59.7,55.5,53.0,48.9,44.4,37.6,35.0,32.2,27.7,22.9,22.0,28.0,20.0,15.8,15.6,15.6,15.8,16.3,17.4,18.5,19.0,19.3,19.9,20.7,21.6,21.7
22:40:10.455,84.8,41.8,69.9,75.0,72.4,72.5,68.1,67.4,68.5,67.6,63.9,62.1,60.0,58.0,54.3,54.3,49.8,44.8,42.1,34.6,31.6,27.4,21.1,21.5,28.3,19.8,15.4,15.9,15.3,15.9,16.1,17.3,18.7,18.5,19.4,19.8,20.7,21.4,21.5
22:40:11.455,83.7,39.8,68.9,74.8,77.2,71.6,71.4,67.5,67.3,66.3,64.3,57.3,57.1,56.8,54.6,51.6,47.0,45.2,40.8,34.9,28.4,25.9,20.9,21.7,28.2,19.7,15.2,15.7,15.2,15.8,16.5,17.3,18.1,18.8,19.4,19.9,20.7,21.5,21.5
22:40:12.455,86.1,43.7,71.8,74.5,70.5,69.7,72.0,68.3,65.9,65.4,64.1,59.6,57.7,57.5,55.5,50.8,47.2,44.4,40.4,34.7,30.6,26.7,22.9,21.3,27.7,19.5,15.2,15.3,15.2,15.8,16.0,17.2,18.1,19.3,19.5,20.0,20.7,21.5,21.7
22:40:13.455,84.1,41.6,69.9,76.5,77.0,75.0,71.8,69.9,68.9,65.6,63.4,59.4,59.5,60.7,58.7,52.6,50.1,43.2,42.3,38.8,33.2,28.2,21.3,21.4,28.5,19.9,15.3,16.1,15.1,15.2,16.0,16.9,17.9,18.3,19.2,19.9,20.6,21.6,21.6
22:40:14.455,84.4,40.8,69.3,77.9,72.9,72.1,70.9,66.9,62.4,62.5,64.2,62.4,60.2,58.6,54.9,49.1,44.5,41.4,43.1,38.3,30.8,26.9,21.1,20.9,28.2,19.4,15.1,15.6,14.4,15.2,15.7,16.8,18.0,18.6,19.0,19.9,20.7,21.5,21.8
22:40:15.455,82.2,41.0,69.7,72.5,72.3,74.4,71.6,68.3,66.9,64.2,65.4,64.3,61.6,59.5,55.8,50.1,44.3,42.1,41.9,37.9,30.4,27.0,22.8,21.1,28.5,19.4,15.0,15.4,15.0,15.1,15.9,16.8,17.7,18.5,19.0,20.1,20.8,21.5,21.6
22:40:16.455,85.3,39.6,69.1,73.7,73.3,73.3,71.1,67.7,67.5,65.6,65.4,63.5,61.7,58.5,53.7,50.4,48.6,42.1,37.6,33.5,31.7,27.9,21.2,21.9,27.9,19.6,14.8,15.3,14.6,15.1,15.7,16.9,17.6,18.4,19.2,19.9,20.7,21.5,21.6
22:40:17.455,86.5,42.4,71.4,76.0,74.3,72.0,71.7,68.4,66.6,64.4,64.4,63.9,60.7,57.6,53.2,50.3,50.6,45.7,37.1,33.7,33.0,29.4,23.7,21.4,28.6,20.2,15.2,15.8,14.8,15.4,15.9,17.2,17.9,18.6,19.2,19.9,20.7,21.5,21.7
22:40:18.455,83.9,41.9,70.2,76.6,76.1,73.9,72.8,71.7,67.8,66.2,65.3,65.1,63.4,59.5,54.8,53.1,52.3,47.7,42.5,38.0,36.0,30.8,27.0,25.4,27.5,20.1,14.5,15.5,14.7,15.0,16.0,17.3,18.2,18.5,19.1,20.0,20.6,21.5,21.8
22:40:19.455,86.9,42.3,70.5,71.8,73.8,71.7,66.3,67.6,65.1,69.2,61.7,58.8,60.4,54.2,53.1,52.1,49.9,46.7,41.5,39.4,33.3,27.9,22.5,21.5,28.1,19.3,14.4,15.5,14.6,15.0,15.7,16.5,17.5,18.5,19.1,19.9,20.7,21.5,21.6
22:40:20.455,85.1,43.8,70.7,75.1,74.6,74.9,72.6,68.4,68.2,68.9,66.6,61.7,62.4,60.8,56.5,54.5,52.6,49.9,47.9,43.6,38.3,30.9,26.6,23.1,27.8,20.2,14.5,15.4,14.6,15.0,15.9,16.7,17.4,18.5,19.0,19.8,20.6,21.5,21.7
22:40:21.455,83.7,42.2,70.5,73.9,73.9,75.5,73.2,73.7,67.1,66.2,65.5,62.9,60.0,59.0,54.7,52.3,48.8,47.4,46.4,44.9,34.0,29.1,23.4,21.5,27.8,19.2,14.2,15.2,14.3,14.7,15.9,16.8,17.8,18.3,19.0,19.8,20.5,21.5,21.7
22:40:22.455,84.2,40.5,70.1,75.6,77.7,73.5,71.8,68.8,68.7,66.6,66.7,62.9,58.0,53.9,56.1,52.2,48.5,42.5,40.9,35.9,32.6,26.9,22.3,21.7,27.9,19.1,14.8,15.7,14.6,15.3,15.8,16.9,18.0,18.4,19.3,19.9,20.5,21.3,21.7
22:40:23.455,85.1,42.2,71.6,72.6,74.1,75.5,73.0,70.7,69.7,66.7,65.7,63.3,58.7,56.7,58.1,53.9,50.9,44.8,40.2,36.5,33.9,27.7,23.2,22.0,28.3,21.6,16.1,15.1,14.9,15.4,16.0,16.7,18.2,18.6,19.1,19.8,20.7,21.6,21.7
22:40:24.455,87.1,46.8,74.1,80.4,76.8,75.1,76.0,73.7,71.6,69.4,69.8,68.8,65.5,62.4,58.1,56.2,54.8,51.3,51.8,46.9,39.4,32.6,29.7,26.3,28.6,21.1,16.9,16.8,16.4,16.2,17.0,17.8,19.3,19.3,19.5,20.4,20.7,21.6,21.8
22:40:25.455,84.7,41.0,70.0,73.9,72.2,71.2,66.0,63.8,67.0,66.1,66.0,65.8,58.0,57.6,50.7,50.0,45.4,45.5,44.5,37.1,30.6,26.4,20.6,21.6,28.8,20.9,16.7,16.9,16.6,16.6,17.1,18.3,18.9,19.6,19.6,20.5,21.0,21.7,21.7
22:40:26.455,83.4,41.8,70.5,72.9,77.4,74.3,71.5,72.0,67.9,65.7,65.2,65.1,63.8,60.8,54.1,48.7,47.8,43.5,46.0,43.3,38.4,30.2,25.0,22.6,28.3,20.1,15.1,15.4,15.5,15.7,16.4,17.5,18.6,19.1,19.6,20.2,20.9,21.4,21.6
22:40:27.455,84.7,40.8,71.1,69.7,66.4,65.5,65.8,66.6,65.1,61.2,61.9,61.9,57.4,54.1,50.6,45.6,41.3,38.7,38.3,33.4,28.5,25.6,20.2,22.0,27.6,19.6,15.1,15.5,15.0,15.6,15.9,17.1,18.2,18.7,19.3,20.1,20.8,21.5,21.6
22:40:28.455,86.4,41.9,71.6,75.0,76.2,74.2,71.3,70.6,68.8,66.9,66.2,64.8,60.9,58.6,53.5,49.9,42.8,44.3,41.1,34.4,31.7,27.4,20.9,20.9,28.1,20.5,14.7,15.4,15.1,15.5,16.3,17.0,18.0,18.5,19.3,20.0,20.5,21.5,21.7
22:40:29.455,84.2,42.6,69.9,71.2,72.0,68.8,70.2,69.6,68.8,66.7,63.3,64.6,58.3,58.9,57.6,53.0,50.5,43.8,45.2,41.5,36.1,32.3,27.2,25.1,28.2,20.7,15.4,16.3,15.3,15.9,15.8,17.2,18.2,18.8,19.4,20.2,20.7,21.4,21.7
22:40:30.455,83.4,39.6,68.6,71.6,70.1,72.8,73.1,68.7,63.4,63.8,62.3,62.3,58.9,56.8,54.1,49.6,48.1,43.0,40.6,33.6,31.6,27.6,23.2,21.3,28.1,19.9,15.6,15.8,15.6,15.6,16.4,17.2,18.1,18.9,19.3,20.0,20.8,21.6,21.6
22:40:31.455,84.9,42.2,69.3,76.1,72.0,68.5,66.3,65.6,65.5,65.3,66.3,63.2,58.2,58.2,56.2,52.8,49.5,44.7,42.8,39.6,34.0,31.1,24.0,22.5,27.8,20.3,15.3,16.0,15.6,15.6,16.8,17.3,18.5,19.0,19.4,20.3,20.8,21.6,21.8
22:40:32.455,86.8,43.0,69.7,75.9,73.5,72.4,71.4,67.5,65.5,67.0,64.0,64.9,59.7,58.8,56.4,54.1,50.4,46.7,44.9,41.3,38.0,34.2,26.7,21.9,27.7,19.8,15.5,15.7,15.5,15.5,16.3,17.4,18.2,19.1,19.7,20.2,20.5,21.6,21.7
22:40:33.455,84.4,43.0,70.1,76.0,74.8,74.3,73.3,69.6,66.2,66.7,65.0,63.0,61.2,59.2,56.3,52.3,50.4,47.4,45.7,44.2,41.3,34.0,29.3,24.2,27.6,20.2,15.3,16.1,15.6,15.7,16.7,17.7,18.4,18.9,19.5,20.2,21.0,21.6,21.8
22:40:34.455,83.4,41.6,69.7,66.0,71.3,75.6,70.7,65.5,67.0,63.0,65.6,61.3,59.1,57.3,53.3,48.5,47.2,46.5,44.5,41.1,33.8,28.3,24.2,22.8,27.7,20.4,16.6,16.5,16.3,16.4,17.1,17.5,18.7,18.9,19.4,20.2,20.8,21.6,21.9
22:40:35.455,82.7,39.8,68.2,72.8,74.4,72.9,72.1,64.4,65.4,63.4,64.7,61.3,57.8,55.8,51.9,47.5,47.4,46.5,42.2,37.4,32.1,27.0,21.4,21.6,27.9,20.3,15.6,16.1,19.6,21.9,18.8,17.5,18.3,18.9,19.4,20.2,20.9,21.5,21.8
22:40:36.455,81.9,36.8,66.5,72.0,69.0,70.0,70.7,65.8,63.8,60.0,64.3,58.0,54.7,53.9,49.8,41.7,42.8,38.8,34.2,30.2,26.7,24.6,20.6,22.0,28.9,20.3,15.8,17.0,21.3,21.5,17.8,17.4,18.3,18.8,19.5,20.2,20.8,21.6,21.8
22:40:37.455,82.9,38.2,68.4,70.0,72.0,71.5,70.7,65.2,64.5,60.8,60.4,57.9,56.3,55.4,49.8,43.1,42.4,37.8,32.7,30.1,26.5,25.0,20.7,20.9,28.2,19.6,16.1,17.2,20.3,22.1,19.6,17.1,18.3,19.0,19.6,20.1,20.8,21.6,21.8
22:40:38.455,84.3,39.6,69.2,74.5,75.1,72.4,72.5,70.3,66.7,63.9,65.1,63.2,59.1,57.3,54.5,51.1,46.3,40.9,38.2,36.1,27.8,25.3,22.1,22.0,27.6,20.2,16.3,17.2,20.8,24.4,19.6,18.0,19.7,20.2,19.8,20.5,21.0,21.6,21.7
22:40:39.455,85.5,41.6,70.6,77.9,76.2,74.2,73.0,72.8,69.0,67.0,66.8,65.1,61.7,59.7,57.5,56.0,50.1,48.3,42.1,35.9,33.5,27.1,24.2,22.2,27.7,20.1,15.8,16.3,18.1,18.2,17.4,17.4,18.8,19.3,19.5,20.3,20.8,21.6,21.8
22:40:40.455,79.3,37.0,65.1,69.0,69.8,69.4,69.2,67.6,59.1,60.5,58.8,59.0,55.4,53.3,51.0,48.8,44.4,40.2,34.5,31.4,25.6,24.2,20.3,21.7,28.3,19.9,16.5,16.8,20.5,19.4,19.0,17.5,18.8,18.9,19.5,20.2,20.9,21.6,21.7
